#1:time #2:r #3.binary? #4:ID #5:zams_m #6:m_progenitor #7:bh mass #8:bh_spin #9:birth-kick(km/s) #10-25:vsarray
0.00944564339000623227 0.107865 0 226205 0.153313 11.9872 8.06025 0 129.5181 128.768 10.7648 8.82886 0 0 0 0 0 0 0 0 3.62275 6.50727 4867.45 8406.72 
0.00948592542204784381 1.35067 0 232866 0.100622 16.4438 14.6576 0 01 0 0 -0 0 0 0 -0 0 0 0 -0 1.35067 1.35067 0 0 
0.00948952431237433738 0.411545 1 48795 0 11.623 7.59643 0 0 1 -38.8037 -7.63962 -16.206 0 0 0 -0 0 0 0 -0 0 2.12799 0 0 
0.00964630353765420431 0.393895 1 34504 0 11.7784 7.78843 0 0 1 44.0632 85.4539 1.29935 0 0 0 0 0 0 0 0 0.389184 2.35401 0 0 
0.00976322922559759096 1.88026 0 369395 0.412783 15.7233 13.9716 0 01 0 0 0 0 0 0 0 0 0 0 0 0 0 0 0 
0.00978701411865237104 0.265578 0 228060 0.729122 12.4849 8.7708 0 135.6311 -104.306 86.4832 -6.06164 0 0 0 0 0 0 0 0 0.253139 1.57919 0 0 
0.00998165503491347215 0.221684 0 10657 0.609384 11.4923 7.44155 0 131.4371 101.727 -82.9917 6.3033 0 0 0 0 0 0 0 0 1.97169 3.50663 0 0 
0.010079327716810459 1.41058 0 51333 1.09634 11.1196 7.03337 0 128.6291 79.5781 -83.6546 56.697 0 0 0 0 0 0 0 0 1.40607 1.40607 0 0 
0.0101594072420395538 0.589224 0 369815 0.381588 14.1827 11.8724 0 28.95131 22.7178 7.29051 16.3989 0 0 0 0 0 0 0 0 0 1.16353 0 0 
0.0103120717338244568 0.327795 1 167048 0 11.0683 6.98103 0 0 1 100.187 21.8541 99.2836 0 0 0 0 0 0 0 0 0.342359 0.342359 0 0 
0.0104345744413297456 0.0770655 0 16523 0.119938 10.8497 6.76862 0 175.4561 162.65 -1.13514 -65.7893 0 0 0 0 0 0 0 0 2.2861 5.37484 1642.12 4836.71 
0.0106321536318285063 0.107563 0 152617 73.6069 12.9445 9.50669 0 52.42711 49.1017 -18.1834 -2.64356 0 0 0 -0 0 0 0 -0 4.16854 7.42389 419.931 4247.41 
0.0106449330632259632 0.398148 1 42429 0 10.6082 6.55364 0 0 2 -68.9502 80.6625 13.9471 0 0 0 0 0 0 0 0 0 1.96558 0 0 
0.0106687442330629691 0.349029 1 102311 0 11.2614 7.18297 0 0 1 -43.1678 72.8217 -123.016 0 0 0 0 0 0 0 0 1.03182 2.78192 0 0 
0.0107300999278358601 0.884038 0 153939 71.4512 12.7106 9.12262 0 128.5751 -42.2376 1.30943 121.432 0 -0 0 0 0 -0 0 0 0 0 0 0 
0.0108245902545919398 0.14833 0 174664 0.0961663 12.5029 8.79836 0 93.67571 -93.5896 -3.71748 -1.51735 0 -0 0 0 0 -0 0 0 3.41393 6.05767 683.803 3729.88 
0.0109321944504105796 0.256961 0 196871 0.0810026 12.2705 8.45373 0 46.23151 33.4412 14.1746 28.6028 0 0 0 0 0 0 0 0 1.18768 3.33889 0 564.431 
0.0110518935893804127 0.154733 0 150382 65.3114 12.0299 8.11768 0 122.5231 -29.3825 -57.9742 103.863 0 0 -0 0 0 0 -0 0 1.41974 4.05696 0 610.351 
0.0111889845691050122 0.0994225 0 25684 0.163517 11.7732 7.78188 0 71.9391 -33.1539 28.3785 -57.1901 0 -0 0 0 0 -0 0 0 3.84561 6.49967 3899.68 6602.69 
0.011214233182588634 0.209653 1 12700 0 10.4137 6.3967 0 0 1 150.456 -132.946 70.8035 0 0 -0 0 0 0 -0 0 1.34504 3.13932 629.47 923.917 
0.0112270638978059969 0.304789 0 252560 0.49131 11.6856 7.67285 0 31.13331 -6.0404 21.5304 -21.6619 0 0 0 -0 0 0 0 -0 0 0.944498 0 0 
0.0112717471146657807 0.459605 1 0 0 10.4834 6.45154 0 0 1 -100.077 125.255 3.93921 1 -79.9376 141.615 -8.8833 0 0 0 0 1.37183 2.28456 0 0 
0.0112912599379714484 0.352783 1 11010 0 9.66412 5.90958 0 0 1 -50.2566 -16.3166 69.9264 0 0 0 0 0 0 0 0 0 1.06508 0 0 
0.0113112587291406483 0.160368 0 25991 1.03933 11.4819 7.42956 0 62.84471 -56.2108 -18.0264 21.5606 0 0 0 0 0 0 0 0 1.76657 4.51075 0 135.09 
0.0113178553443477343 1.26062 0 164435 61.1483 11.5451 7.50345 0 273.2271 40.8681 201.804 -179.605 0 0 0 0 0 0 0 0 0 0 0 0 
0.0113581031923578202 0.0431023 0 95702 0 11.4725 7.41879 0 170.4181 -147.679 84.9897 3.16758 0 0 0 0 0 0 0 0 3.5833 6.73946 1340.79 3065.05 
0.0114342719555569489 0.108345 0 184514 0.76457 11.306 7.23156 0 267.281 -264.472 -1.29705 -38.6226 0 -0 0 0 0 -0 0 0 3.50518 6.93008 1218.26 6576.23 
0.0115445371253772838 0.227072 1 211309 0 9.5989 5.87611 0 0 1 -30.4625 -5.19264 -25.6877 0 -0 0 0 0 -0 0 0 1.46059 4.61311 0 0 
0.011583398221976975 0.13226 1 156600 0 9.36587 8.15127 0 0 1 0.0123603 1.48206 0.547562 0 0 0 0 0 0 0 0 4.29504 8.1177 1920.88 7492.81 
0.0116707843911455899 0.066945 0 252474 0.317889 9.46377 8.23624 0 01 0 0 -0 0 0 0 -0 0 0 0 -0 3.85812 7.3685 1232.06 5194.81 
0.0117494805481218791 0.110619 0 13642 0.0999481 10.7865 6.71046 0 170.8131 -47.7047 -85.5103 139.962 0 -0 0 0 0 -0 0 0 4.32949 8.5366 3835.6 7190.24 
0.0117763305800174609 0.201412 0 58352 0.21559 10.8133 6.73494 0 153.2781 149.229 28.8407 -19.8245 0 0 0 -0 0 0 0 -0 1.49437 2.76349 22.7777 125.013 
0.0118647892693419972 0.0432958 1 344142 0 9.08489 7.90614 0 0 1 -0.0729431 -1.75116 -0.514719 0 0 -0 0 0 0 -0 0 3.14739 6.73699 339.02 3281.87 
0.0118978263444555182 0.207422 1 128897 0 9.31081 8.10296 0 0 1 -0.349721 1.08943 0.529693 0 0 0 0 0 0 0 0 0.713725 3.93041 216.666 216.666 
0.0120307799520820626 0.566381 0 111644 0.498575 10.605 6.55095 0 147.7771 141.736 -15.1378 38.9869 0 0 0 0 0 0 0 0 0 0 0 0 
0.0120389487650148681 0.496403 0 77606 3.3556 10.6006 6.54732 0 160.8461 -123.778 102.551 -5.81947 0 -0 0 0 0 -0 0 0 0.500502 1.52719 0 0 
0.0120465842765557028 0.0881498 0 247483 0.39955 10.5847 6.53404 0 96.23181 -81.8613 -47.7157 -16.808 0 0 0 0 0 0 0 0 2.05297 4.57655 787.657 3926.6 
0.0120816423092778378 0.522179 0 44453 0.0946436 10.6341 6.57557 0 124.0961 38.374 -0.00477328 118.014 0 0 0 0 0 0 0 0 0 1.01579 0 0 
0.0120866080349363633 0.349053 1 216409 0 8.98957 7.82257 0 0 1 0.916084 1.72588 -0.436892 0 0 0 0 0 0 0 0 0.977517 3.37217 0 0 
0.0121407578497732208 0.176874 0 262544 0.211177 9.31485 8.10639 0 01 0 0 0 0 0 0 0 0 0 0 0 0.976936 2.50039 0 650.136 
0.0121824088340779027 0.269237 0 43106 0.106915 10.711 6.64262 0 111.651 -0.79941 34.0182 106.339 0 0 0 0 0 0 0 0 0.766302 1.0073 0 199.317 
0.0122033421779627615 0.274087 1 223465 0 9.44144 8.21652 0 0 1 -1.40963 0.749849 0.571607 0 0 0 0 0 0 0 0 0.74691 2.97415 0 141.721 
0.012266877337737429 0.127081 0 57888 0.164748 10.6955 6.62896 0 211.7141 -211.562 7.84963 -1.60601 0 0 0 -0 0 0 0 -0 3.51248 6.54551 4079.35 6242.27 
0.0122697423007051831 0.477252 0 227320 0.346123 10.6998 6.63281 0 205.9631 202.47 -25.5982 27.7753 0 0 0 0 0 0 0 0 0.471337 1.93416 0 0 
0.0123146128705599964 0.361062 0 234523 0.432055 10.7197 6.65041 0 222.391 -212.011 -16.106 -65.1841 0 -0 0 0 0 -0 0 0 1.35213 4.10893 0 155.471 
0.0123476669406566014 0.472756 0 183715 0.0861461 10.6924 6.62641 0 191.2921 -5.83618 -114.624 153.035 0 0 0 0 0 0 0 0 0.465365 2.3454 42.6004 42.6004 
0.0123629417861222685 0.602356 0 54190 0.134287 10.4589 6.43219 0 198.0061 -143.152 -97.0174 -96.4434 0 0 0 0 0 0 0 0 0 0.606992 0 0 
0.01240212238346243 0.419191 0 309128 0.347114 10.8928 6.80949 0 150.0561 150.03 2.62214 0.886426 0 0 0 0 0 0 0 0 0 1.70107 0 0 
0.01240212238346243 0.453406 0 284788 0.505524 10.6412 6.58188 0 184.5391 131.272 89.526 93.847 0 0 0 0 0 0 0 0 0.906879 1.37247 0 0 
0.0124160917738755875 0.3485 0 157557 0.138457 10.6826 6.61781 0 87.32591 -72.5677 -27.2412 40.2202 0 0 -0 0 0 0 -0 0 0.353487 0.353487 0 70.2472 
0.0124870973567624693 1.06898 0 27316 0.673849 10.6372 6.57838 0 94.44111 37.9345 4.325 -86.3793 0 0 0 0 0 0 0 0 0 1.07159 0 0 
0.0124948515728145731 0.552938 0 272226 0.111321 10.5449 6.50126 0 105.0881 -68.9789 -69.9186 37.3744 0 -0 0 0 0 -0 0 0 0 2.19755 0 0 
0.0125638878356844393 0.278667 0 45741 0.334081 10.558 6.51202 0 108.4951 51.8893 -91.984 -24.8539 0 0 0 0 0 0 0 0 0.497519 1.86241 0 0 
0.0126321235555060668 0.141799 0 55710 0.301392 10.5714 6.52306 0 207.2651 154.119 -14.6414 -137.811 0 0 -0 0 0 0 -0 0 2.78142 5.60128 2340.49 4737.92 
0.0126465901331697592 1.42835 0 177060 46.786 10.6193 6.56303 0 113.9541 108.557 -11.7852 -32.589 0 0 0 0 0 0 0 0 0 0 0 0 
0.0126512909356472046 0.142091 0 953 0.63257 10.6163 6.5605 0 208.8711 -207.931 5.08846 -19.1233 0 -0 0 0 0 -0 0 0 3.41344 5.95551 3425.28 5107.73 
0.012774186180164673 0.456625 0 212089 0.260866 10.3901 6.37852 0 207.9531 107.068 172.653 44.4057 0 0 0 0 0 0 0 0 0.911234 2.26804 0 321.745 
0.0127912186453316735 2.3557 0 194155 45.6927 10.5464 6.50252 0 154.4771 -22.4173 -68.5902 136.588 0 0 0 0 0 0 0 0 0 0 0 0 
0.012807914677311856 0.126681 0 63181 0.341676 10.5405 6.49763 0 166.9661 10.9282 -132.345 -101.207 0 0 -0 0 0 0 -0 0 3.30068 6.54711 1073.93 4305.3 
0.0128132944387129039 0.908013 0 37829 0 10.4275 6.40745 0 79.99461 57.5259 53.7439 14.1955 0 0 0 0 0 0 0 0 0 0 0 0 
0.0128786148733424193 0.421356 0 222725 0.603149 10.3095 6.31775 0 54.97891 54.8208 -3.66696 -1.97739 0 0 0 -0 0 0 0 -0 1.70252 2.98325 52.3135 75.5971 
0.0129071970727868343 0.260971 1 248945 0 8.3321 7.24834 0 0 1 -0.851057 0.595675 -0.975955 0 0 0 0 0 0 0 0 0.511526 2.61351 0 0 
0.0130054780820352094 0.421395 0 120626 0.717763 10.4446 6.42065 0 112.5171 98.9099 -7.76425 53.0723 0 0 -0 0 0 0 -0 0 0.428393 0.862594 0 50.9882 
0.0130492374286444966 0.859581 0 25648 0.114622 10.3678 6.36139 0 183.4111 -152.982 -100.983 6.21336 0 0 0 0 0 0 0 0 0 0.84639 0 0 
0.0130830452200275012 0.152208 0 35366 0.0849541 10.405 6.38996 0 261.9911 -208.262 140.643 -74.0678 0 -0 0 0 0 -0 0 0 1.26232 3.7726 361.775 1575.53 
0.0131031694440059548 0.498062 0 351955 0.244234 10.1997 6.23849 0 179.5011 164.912 -69.3624 -14.6138 0 0 -0 0 0 0 -0 0 0 0.487242 0 0 
0.013107862080423742 0.346884 0 68583 0.282531 10.349 6.34726 0 89.90371 -83.0894 -19.3925 28.3333 0 0 0 0 0 0 0 0 0.703378 2.79769 0 170.985 
0.0131226236864295225 0.434478 0 85753 43.43 10.389 6.37762 0 115.4281 -83.2549 -40.8017 68.7566 0 0 0 0 0 0 0 0 0.414723 0.852436 0 0 
0.0131418009275394883 0.250704 0 214375 0.0935261 9.95441 6.07593 0 140.2881 139.544 14.1716 -2.71625 0 0 0 0 0 0 0 0 0.497208 2.27499 0 42.4839 
0.0131659462119708866 0.341853 0 304719 0 10.2823 6.29774 0 123.2111 13.8233 51.7511 110.958 0 0 0 0 0 0 0 0 1.02292 2.07528 0 13.2652 
0.0132346026177532043 0.307653 0 334076 0.112199 10.3003 6.31093 0 157.7731 156.616 13.077 -13.8892 0 0 0 0 0 0 0 0 0.596248 1.53853 0 194.999 
0.0133092639531004996 0.547274 1 146828 0.080822 8.55411 7.44238 0 0 2 0.12827 -0.599771 0.125065 0 0 -0 0 0 0 -0 0 0.543169 1.09458 0 22.4111 
0.0133179000272142193 2.21179 0 197910 42.2259 10.3008 6.31131 0 70.29651 3.49252 67.6993 -18.6066 0 0 0 0 0 0 0 0 0 0 0 0 
0.0133699129409278802 0.339261 1 0 0 7.97241 2.27558 0 0 1 -331.413 154.763 54.4123 1 -489.311 -212.325 84.9123 0 0 0 0 0.331754 2.09702 0 0 
0.0134275421213217536 0.571138 0 111014 0.10783 10.1121 6.1782 0 318.6121 -45.2084 83.772 304.059 0 0 0 0 0 0 0 0 0.556926 3.3581 0 0 
0.0134849775463829012 0.304832 0 266263 0.227733 10.1088 6.17592 0 83.32511 79.509 -11.2467 22.2467 0 0 0 0 0 0 0 0 0.322177 1.23542 0 0 
0.0135093245752972921 0.302695 0 170070 0.0866857 7.91743 2.26464 0 247.6521 247.257 -11.5546 7.87231 0 0 -0 0 0 0 -0 0 0.310943 0.961572 0 0 
0.0135389202294253774 0.833877 0 82477 40.9632 10.2041 6.24162 0 69.79961 -56.5349 -40.8984 1.76344 0 0 0 0 0 0 0 0 0 0 0 0 
0.0135643544693860394 0.40667 0 51605 0.157715 10.1944 6.23479 0 154.9051 -79.7587 -87.0959 -100.242 0 0 0 -0 0 0 0 -0 0 1.97614 0 0 
0.0136351752015118188 0.684299 0 22499 0.086506 10.1642 6.21368 0 78.47721 78.1101 5.81497 -4.86411 0 0 0 0 0 0 0 0 0 2.72555 0 0 
0.0136368749317308802 0.243099 0 189256 0.100164 10.108 6.17534 0 100.9221 -100.062 12.9105 2.49939 0 -0 0 0 0 -0 0 0 0.531768 1.58132 0 0 
0.0136646596431603158 0.104445 0 264266 0.081573 10.1469 6.20181 0 260.471 -223.061 -87.723 -101.947 0 0 -0 0 0 0 -0 0 3.225 7.55918 987.561 3290.67 
0.0137411094023307742 0.131264 0 347036 0.385134 10.1467 6.20167 0 23.92111 6.05501 21.6053 -8.29274 0 0 0 0 0 0 0 0 3.95277 8.38437 2539.27 6028.36 
0.0137927891309655871 0.749029 0 185827 39.6373 10.0979 6.16863 0 99.21951 55.6348 -70.1375 -42.7786 0 0 -0 0 0 0 -0 0 0 0.736368 0 0 
0.0138175343359218834 0.465813 0 191234 0.287374 10.0654 6.14703 0 92.63671 -70.3755 23.4007 55.5091 0 0 0 0 0 0 0 0 0.472099 1.42479 1.85223 1.85223 
0.0138595286795811651 0.3506 0 219738 2.05073 9.91691 6.05288 0 187.8191 180.052 39.0869 36.4604 0 0 0 0 0 0 0 0 0 0 0 0 
0.0139077557773174473 0.301182 0 36465 0.367101 9.96967 6.08548 0 207.3211 -173.785 111.736 -17.1942 0 0 0 0 0 0 0 0 0.641481 2.82158 0 0 
0.0139732895527735854 0.490808 1 0 0 10.0541 6.13957 0 0 1 35.0938 16.9944 -0.930095 1 36.0945 -7.17478 2.66667 0 0 0 0 0 0.995 0 0 
0.0140112568292942198 1.38335 0 167586 38.5806 10.0089 6.1103 0 58.30831 6.99924 38.6177 -43.1224 0 0 0 -0 0 0 0 -0 0 0 0 0 
0.0140710855587358758 0.375147 0 159247 38.304 9.98435 6.09467 0 188.7551 -37.8984 29.0115 182.621 0 -0 0 0 0 -0 0 0 1.78129 3.24259 0 0 
0.0141901151836372648 0.23219 0 36799 0.095407 9.9373 6.06532 0 19.86211 18.9883 -0.968584 5.74523 0 0 0 0 0 0 0 0 0.784038 1.97093 0 292.361 
0.0142094849678591796 0.367587 0 159486 37.6837 9.92999 6.06082 0 156.6531 58.6334 137.589 46.5982 0 0 0 0 0 0 0 0 1.8103 2.87742 3.61654 52.8029 
0.0142168786268616672 0.32069 0 297721 0.11069 9.91912 6.05417 0 186.6811 182.808 19.0539 -32.6793 0 0 0 0 0 0 0 0 0 0.310319 0 0 
0.0143595021065594623 1.17572 0 32995 0.14759 9.87235 6.02603 0 50.28761 -49.7958 -6.7691 1.84504 0 0 0 0 0 0 0 0 0 0 0 0 
0.014386527821681816 0.367194 0 24007 0.305451 9.86286 6.0204 0 123.3991 -20.3457 -89.7002 82.2638 0 0 0 0 0 0 0 0 1.43205 3.2442 0 89.9236 
0.0143930727577606977 0.839456 0 226119 0.141496 9.85462 6.01554 0 164.8391 -163.279 -19.3193 11.7735 0 0 -0 0 0 0 -0 0 0.848863 1.68778 0 0 
0.0144193260557491151 0.351981 0 223101 0.439367 9.74297 5.95196 0 104.5521 -82.4822 50.1721 40.1309 0 -0 0 0 0 -0 0 0 0.687522 1.79302 0 0 
0.014429222070208329 0.694638 0 149543 36.7563 9.84616 6.01058 0 140.6791 -123.585 -30.2908 -59.9972 0 0 0 -0 0 0 0 -0 0 0 0 0 
0.0144318080401126311 0.507605 1 252828 0 10.842 6.76145 0 0 1 101.203 17.4286 123.314 0 0 0 0 0 0 0 0 0 2.02883 0 0 
0.0144557775018423484 0.770687 0 306474 0.396545 9.7468 5.95408 0 151.3031 -108.795 63.8379 -83.5524 0 0 0 0 0 0 0 0 0.777722 2.37105 0 0 
0.0144979167730227496 0.229364 0 143944 36.4785 9.81954 5.99512 0 179.5541 -163.26 48.5649 56.8094 0 0 0 0 0 0 0 0 1.00466 3.36535 0 101.276 
0.014639123130343188 0.0682235 0 333069 0.199442 9.73637 5.94836 0 142.7681 -109.05 -66.4781 -63.808 0 -0 0 0 0 -0 0 0 2.54463 6.56266 718.49 3398.62 
0.0146465717490862866 0.254677 0 128347 0.102854 9.76658 5.96509 0 64.97541 63.4823 -13.4297 -3.38157 0 0 -0 0 0 0 -0 0 1.09064 3.20717 73.0988 73.0988 
0.0146748433342109817 0.310893 0 232106 0.652711 9.72435 5.94179 0 60.35021 59.2953 10.946 2.52937 0 0 0 0 0 0 0 0 0.325654 1.56801 0 306.706 
0.0146977578740100732 0.0899206 0 90793 0.0912609 9.68485 5.92053 0 305.7721 304.776 19.8984 -14.5596 0 0 0 -0 0 0 0 -0 2.62774 7.12181 345.849 2701.82 
0.0147028217263748939 0.602962 0 102873 0.700427 9.74667 5.95403 0 192.0451 -172.096 20.8066 82.6518 0 -0 0 0 0 -0 0 0 0 1.21329 0 0 
0.014725439527999316 0.206851 0 234853 0.146903 10.9651 6.87889 0 2271 -174.122 -145.561 4.78176 0 0 0 0 0 0 0 0 1.08751 2.96842 0 10.3981 
0.014812734965802184 0.305382 0 191220 35.2742 9.70772 5.93277 0 90.31721 57.2503 -59.6473 36.3566 0 0 0 0 0 0 0 0 0.309444 1.89118 0 0 
0.0149601400488489893 0.338082 0 337889 0.0831558 9.62243 5.88802 0 167.521 -61.811 -152.019 33.6531 0 -0 0 0 0 -0 0 0 1.60036 4.17519 0 0 
0.0149856597925817278 0.276598 0 246357 0.648403 9.56425 5.85889 0 241.3161 201.477 -123.57 -48.6905 0 0 -0 0 0 0 -0 0 2.2257 5.83836 0 0 
0.0151809118307750842 0.361239 1 0 0 8.08557 2.2981 0 0 1 -72.4237 -163.814 -199.157 1 218.873 -179.674 -287.614 0 0 0 0 1.0831 2.55961 0 89.5503 
0.0152551534920382717 0.0377994 1 211269 0 43.7805 196.302 0 0 2 -0.0078299 0.00311781 0.00633683 0 0 0 0 0 0 0 0 4.07343 5.97946 1421.56 4536.56 
0.0153774643844185738 0.742444 0 195542 33.3682 9.51384 5.83457 0 142.9861 -142.501 11.0957 3.9234 0 0 0 0 0 0 0 0 0 1.50532 0 0 
0.0154400104970614377 0.902805 0 149405 33.1739 9.49191 8.26107 0 01 0 0 0 0 0 0 0 0 0 0 0 0.901914 0.901914 0 0 
0.015477862224610256 0.165544 0 138555 0.272518 9.48125 8.25185 0 01 0 -0 0 0 0 -0 0 0 0 -0 0 3.4705 8.50521 1302.89 2543.19 
0.0156250395565438183 0.654734 0 242906 0.309954 10.7431 6.67126 0 96.80481 65.3359 47.9433 -52.9513 0 0 0 0 0 0 0 0 0 0 0 0 
0.0157408934162710581 1.22767 0 176355 32.2815 9.39746 8.17827 0 01 0 0 0 0 0 0 0 0 0 0 0 0 1.20697 0 0 
0.0157985069516478026 2.11164 0 121925 0.477396 9.37836 8.16138 0 01 0 -0 0 0 0 -0 0 0 0 -0 0 0 0 0 0 
0.0159058690513377288 0.984483 0 237076 0.267313 9.15051 7.96292 0 01 0 0 -0 0 0 0 -0 0 0 0 -0 0 0.970255 0 0 
0.015981654161839623 0.611786 0 386470 0.580881 9.99513 6.10157 0 174.7291 -74.9237 148.395 -53.8104 0 -0 0 0 0 -0 0 0 0 2.48865 0 0 
0.0159910831963356384 2.89172 0 194863 31.5906 9.3202 8.11127 0 01 0 0 0 0 0 0 0 0 0 0 0 0 0 0 0 
0.0160115331065511859 0.349313 0 109173 0.234079 9.17405 7.98381 0 01 0 0 0 0 0 0 0 0 0 0 0 1.32895 3.71176 0 59.5642 
0.0160365641730153136 0.252001 0 55686 0.0877848 9.30636 8.09902 0 01 0 0 0 0 0 0 0 0 0 0 0 1.60106 3.80281 62.7906 432.422 
0.0160803798615931602 0.436698 0 225422 4.86599 10.0189 6.11673 0 250.9631 21.6509 -27.3862 -248.523 0 0 0 -0 0 0 0 -0 0 0.851009 0 0 
0.0161167757446755572 4.57966 0 154920 45.571 9.28393 8.07964 0 01 0 0 0 0 0 0 0 0 0 0 0 0 0 0 0 
0.0161253187969512962 0.31836 0 67849 0.106604 9.18972 7.9975 0 01 0 0 0 0 0 0 0 0 0 0 0 0.317491 2.03641 0 94.5673 
0.0161262279475984649 0.429253 0 66897 31.2341 9.28204 8.07795 0 01 0 -0 0 0 0 -0 0 0 0 -0 0 1.69957 4.71414 149.677 393.713 
0.0161262279475984649 0.620156 0 184947 31.2345 9.28173 8.07768 0 01 -0 0 0 0 -0 0 0 0 -0 0 0 0 0.626934 0 0 
0.0162108272972601407 1.04526 0 34930 0.349862 9.25716 8.05624 0 01 0 0 -0 0 0 0 -0 0 0 0 -0 1.04353 4.22231 0 0 
0.0162680096299252612 0.215841 0 30458 0.110091 9.21852 8.02274 0 01 0 0 0 0 0 0 0 0 0 0 0 0.652939 2.31492 0 0 
0.0162982894896063039 1.03521 0 79775 0.79893 9.23099 8.03348 0 01 0 0 0 0 0 0 0 0 0 0 0 0 3.13364 0 0 
0.0163025831932532977 0.20696 0 52314 0.0938841 9.10428 7.92302 0 01 0 0 0 0 0 0 0 0 0 0 0 2.27387 5.12314 0 683.175 
0.0163063554218183353 0.25723 0 69754 0.421087 9.22907 8.03182 0 01 0 0 0 0 0 0 0 0 0 0 0 1.87575 4.77314 0 606.719 
0.0163122495471157841 1.38665 0 177987 30.7625 9.22778 8.03066 0 01 0 0 0 0 0 0 0 0 0 0 0 0 0 0 0 
0.0163441694848967464 2.61249 0 194475 30.6804 9.219 8.02308 0 01 0 0 0 0 0 0 0 0 0 0 0 0 0 0 0 
0.0163530320453099259 0.187389 0 26774 0.782873 9.21537 8.01995 0 01 0 -0 0 0 0 -0 0 0 0 -0 0 5.46426 8.22229 3245.12 6097.77 
0.0163638196444527602 0.505533 0 169885 30.6318 9.2125 8.0175 0 01 0 0 0 0 0 0 0 0 0 0 0 0.483797 2.48972 0 0 
0.0163978055313340164 0.280247 0 132704 0 9.03187 7.86017 0 01 -0 0 0 0 -0 0 0 0 -0 0 0 1.20217 4.15385 28.4659 70.9546 
0.0164102636672469847 0.309033 0 19678 0.122137 9.19854 8.00558 0 01 -0 0 0 0 -0 0 0 0 -0 0 0 0.593808 3.52044 0 0 
0.016510016137915081 0.451324 0 236106 0.298928 9.2564 8.05553 0 01 0 0 0 0 0 0 0 0 0 0 0 0 1.89894 0 0 
0.0165685594452888579 0.101647 0 378635 1.3894 10.804 6.72654 0 106.7261 -101.4 -0.191071 33.2913 0 -0 0 0 0 -0 0 0 2.22529 6.12827 947.331 1797.55 
0.0165768671066423047 0.629385 0 183892 30.1223 9.15247 7.96498 0 01 0 0 0 0 0 0 0 0 0 0 0 0 1.27037 0 0 
0.0166110471830858558 0.242561 0 43108 0.52151 9.14325 7.95682 0 01 0 -0 0 0 0 -0 0 0 0 -0 0 2.24823 5.34892 0 159.865 
0.0166165682202917726 1.90741 0 27397 30.0313 9.14171 7.95545 0 01 0 -0 0 0 0 -0 0 0 0 -0 0 0 0 0 0 
0.0166938144278136295 0.230296 0 129259 29.8493 9.11907 7.93586 0 01 0 0 0 0 0 0 0 0 0 0 0 0.484924 1.64689 0 0 
0.0167380192692947113 0.445377 0 86949 0.716378 9.10973 7.92793 0 01 0 0 0 0 0 0 0 0 0 0 0 2.16034 3.48644 0 1.46914 
0.0167706711746632396 0.527703 1 48688 0 9.10128 7.92072 0 0 2 -0.00117816 -0.0158684 -0.0161757 0 0 0 0 0 0 0 0 0.524376 2.14137 0 1.99445 
0.0168732327656448307 0.391384 0 153147 0.235436 9.08346 7.90489 0 01 0 0 0 0 0 0 0 0 0 0 0 0.397926 2.33995 226.235 226.235 
0.0169487091287099309 0.466676 0 152125 0.172083 9.05595 7.88095 0 01 0 0 0 0 0 0 0 0 0 0 0 0.478344 1.43779 0 0 
0.016964982622313312 0.222612 0 225252 0.197807 11.0294 6.94232 0 165.7451 -126.401 -101.907 33.3038 0 -0 0 0 0 -0 0 0 0.950794 3.6286 0 0 
0.0170232042750971986 0.571984 0 95010 0.263325 9.03704 7.86436 0 01 0 0 0 0 0 0 0 0 0 0 0 0 1.73647 0 0 
0.0170318595834340857 0.247527 0 6292 29.1038 9.03414 7.86189 0 01 0 0 0 0 0 0 0 0 0 0 0 1.20831 2.84232 0 518.972 
0.0170560754731395418 0.322889 1 257196 0 9.68788 5.92214 0 0 1 33.2222 -125.453 8.68298 0 0 0 0 0 0 0 0 1.47114 4.1639 230.878 266.515 
0.0170711714354147247 1.24733 0 185079 29.0216 9.02491 7.85385 0 01 0 0 0 0 0 0 0 0 0 0 0 0 0 0 0 
0.0171022042175639384 0.390457 0 54359 0.159905 9.01814 7.848 0 01 0 0 0 0 0 0 0 0 0 0 0 0.794005 1.95607 0 0 
0.0171433222219669092 0.575725 0 216862 0.957609 9.07143 7.89457 0 01 0 0 0 0 0 0 0 0 0 0 0 0.584135 2.31772 52.429 52.429 
0.0171756949671705607 0.51135 0 29137 0.125727 8.99912 7.83161 0 01 0 0 0 0 0 0 0 0 0 0 0 0.505401 2.53814 0 0 
0.0171867616098339039 0.177084 0 126118 0.080775 8.99653 7.82925 0 01 0 0 0 0 0 0 0 0 0 0 0 3.44234 7.32647 991.2 3664.34 
0.0173054823237223376 0.542599 0 61856 0.188868 8.96765 7.80418 0 01 0 0 0 0 0 0 0 0 0 0 0 0 1.07386 0 0 
0.0173484108587388004 0.713661 0 162556 28.4539 8.95868 7.79629 0 01 0 -0 0 0 0 -0 0 0 0 -0 0 0 1.43838 0 0 
0.0173544843300478258 0.223517 1 37014 0 8.92965 7.77091 0 0 1 -0.0744328 0.508748 -0.466483 0 -0 0 0 0 -0 0 0 3.10672 6.57205 206.54 671.658 
0.0173811591849400288 1.62541 0 193763 28.3885 8.9511 7.78947 0 01 0 0 0 0 0 0 0 0 0 0 0 0 0 0 0 
0.0173983525252398401 0.197162 1 99537 0 8.94771 7.78646 0 0 2 0.0119673 0.00993659 -0.0383672 0 0 0 0 0 0 0 0 1.31113 4.47786 559.062 1155.42 
0.0174069602077654324 0.373309 0 185355 28.3386 8.9472 7.78596 0 01 0 -0 0 0 0 -0 0 0 0 -0 0 1.74296 4.52651 0 0 
0.0174225318030985649 0.316198 0 106288 0.485143 8.94317 7.78241 0 01 0 -0 0 0 0 -0 0 0 0 -0 0 0.306225 0.895961 0 0 
0.0174346730369022776 0.447457 0 67839 28.2831 8.93839 7.77822 0 01 0 0 0 0 0 0 0 0 0 0 0 0.873453 2.19914 0 0 
0.0174426368460650315 0.209277 0 238748 0.405494 10.5926 6.54068 0 131.3921 131.009 -8.61653 5.12394 0 0 0 0 0 0 0 0 3.491 8.21729 97.9606 652.684 
0.017530090617457899 0.127884 0 249238 0.187765 8.58058 7.46618 0 01 0 0 0 0 0 0 0 0 0 0 0 3.70422 7.62055 1223.99 3079.34 
0.0175485681472636219 0.237946 0 216219 0.0969882 8.75287 7.61672 0 01 0 0 0 0 0 0 0 0 0 0 0 2.82861 6.56717 82.095 495.041 
0.0175739740922410057 0.197554 0 41160 0.553804 8.90816 7.75227 0 01 0 0 0 0 0 0 0 0 0 0 0 4.65007 8.64782 616.722 3223.42 
0.0175799098607701161 0.780655 0 129944 28.0037 8.9082 7.75233 0 01 0 0 0 0 0 0 0 0 0 0 0 0 0.771088 0 0 
0.0175832962832235783 0.17356 0 171631 0.294976 8.59822 7.48159 0 01 0 0 -0 0 0 0 -0 0 0 0 -0 4.17038 8.72199 1563.51 3271.81 
0.0175847363493837269 0.268921 1 73589 0 8.90613 7.75053 0 0 2 0.00168554 -0.00790865 -0.0083242 0 0 -0 0 0 0 -0 0 1.84387 5.03521 25.5596 96.1165 
0.0176001345873662354 0.388564 0 185527 27.9668 8.90297 7.7478 0 01 -0 0 0 0 -0 0 0 0 -0 0 0 0 1.61249 0 0 
0.0176476386307414489 0.596083 1 0 0 8.00604 2.28227 0 0 1 -19.7506 24.7508 -118.219 1 -219.994 -249.655 -139.361 0 -0 0 0 0 1.7382 0 0 
0.017648748290855814 0.520557 0 86890 0.358569 8.89183 7.73788 0 01 -0 0 0 0 -0 0 0 0 -0 0 0 0 1.0054 0 0 
0.0177187724219820299 8.85753 0 132710 27.7405 8.87858 7.72612 0 01 0 0 -0 0 0 0 -0 0 0 0 -0 0 0 0 0 
0.0177883571427367194 1.61548 0 166801 27.6131 8.86161 7.71154 0 01 0 0 0 0 0 0 0 0 0 0 0 0 0 0 0 
0.0178457504813833191 0.316262 0 223962 0.138833 8.84072 7.69323 0 01 0 -0 0 0 0 -0 0 0 0 -0 0 1.53154 2.78164 0 318.438 
0.0178799387097311364 0.743984 0 18064 0.189149 8.74825 7.61234 0 01 0 -0 0 0 0 -0 0 0 0 -0 0 0 0 0 0 
0.0178901947362033326 0.630606 0 129927 27.4288 8.84235 7.6945 0 01 0 -0 0 0 0 -0 0 0 0 -0 0 0 0.628467 0 0 
0.0179663274469235995 0.426388 0 261130 0.317677 8.70483 7.5743 0 01 0 0 0 0 0 0 0 0 0 0 0 0.412595 2.05341 0 0 
0.0179956793745451142 0.317745 0 81542 1.68423 8.82184 7.67666 0 01 -0 0 0 0 -0 0 0 0 -0 0 0 0.288562 2.21098 349.484 349.484 
0.0180083883048381271 0.163884 0 181037 0.153489 8.81842 7.67374 0 01 0 0 0 0 0 0 0 0 0 0 0 2.02246 6.34169 538.348 1262.17 
0.0180546176327838065 0.558255 0 229650 0.164621 9.03983 7.86709 0 01 0 0 0 0 0 0 0 0 0 0 0 0.554748 1.10178 0 0 
0.0180953791982458451 1.18412 0 187038 27.069 8.80149 7.65905 0 01 -0 0 0 0 -0 0 0 0 -0 0 0 0 1.18748 0 0 
0.0182999374115252189 0.194252 0 27716 0.258303 10.6483 6.588 0 133.2111 48.763 -101.549 -71.0998 0 0 0 0 0 0 0 0 3.5477 7.40107 150.202 886.993 
0.0183768182086164675 0.213791 0 49516 26.5959 8.74889 7.61299 0 01 0 0 0 0 0 0 0 0 0 0 0 3.59915 7.8944 2136.94 4521.52 
0.0184499691359827217 0.85887 0 131361 26.4753 8.73353 7.59974 0 01 -0 0 0 0 -0 0 0 0 -0 0 0 0 1.70621 0 0 
0.0185037405546197228 0.117616 0 217775 3.93101 11.9595 8.02366 0 136.0881 24.086 -129.549 -34.0144 0 0 0 -0 0 0 0 -0 2.29268 5.8633 772 1238.49 
0.0185260736516930577 0.284071 0 85265 0.632184 10.6966 6.63013 0 151.2081 -17.2406 -141.369 -50.8078 0 0 0 0 0 0 0 0 2.05849 5.21196 0 184.752 
0.018528014699555579 0.235197 0 317151 0.0978379 9.39325 8.17529 0 01 0 0 0 0 0 0 0 0 0 0 0 1.75651 5.38206 319.526 324.133 
0.0185450952048711835 0.575636 0 125335 0.131679 8.71956 7.58773 0 01 0 -0 0 0 0 -0 0 0 0 -0 0 1.70641 6.79968 0 101.308 
0.0185459234095485988 0.242248 0 18681 0.499038 8.71835 7.58672 0 01 0 0 0 0 0 0 0 0 0 0 0 1.03262 2.65555 0 0 
0.0185846232154063262 0.211927 0 225536 0.248586 10.6691 6.60607 0 263.2071 -117.211 -227.311 -62.1995 0 0 0 -0 0 0 0 -0 2.75438 6.9829 810.208 3714.01 
0.0185938277058927265 1.94071 0 195209 26.2463 8.71109 7.58025 0 01 -0 0 0 0 -0 0 0 0 -0 0 0 0 0 0 0 
0.018605096001041932 1.15927 0 145174 0.232939 8.7095 7.57886 0 01 0 0 0 0 0 0 0 0 0 0 0 0 0 0 0 
0.018617492098022586 0.937431 0 8327 0.268723 8.70697 7.57662 0 01 0 0 0 0 0 0 0 0 0 0 0 0.936927 2.79668 0 0 
0.0186256603180784477 1.19976 0 170681 26.196 8.70672 7.57632 0 01 0 0 0 0 0 0 0 0 0 0 0 0 0 0 0 
0.0186355239168671076 0.544204 0 89672 26.1819 8.70283 7.57285 0 01 0 -0 0 0 0 -0 0 0 0 -0 0 1.57449 2.63898 0 0 
0.0186694972580735037 0.184696 1 211943 0 10.696 6.62946 0 0 1 108.368 -26.6685 15.3448 0 0 -0 0 0 0 -0 0 3.09023 7.59932 3104.77 3685.02 
0.018704180486216887 1.43622 0 171637 26.0749 8.69239 7.56347 0 01 0 0 -0 0 0 0 -0 0 0 0 -0 0 1.40744 0 0 
0.0187066261134726727 1.64485 0 158284 26.0693 8.69269 7.56376 0 01 0 0 0 0 0 0 0 0 0 0 0 0 1.6517 0 0 
0.0187318332789219132 0.218011 1 131510 0 8.68577 7.55767 0 0 2 -0.0133327 0.016475 0.0177098 0 0 0 0 0 0 0 0 2.46289 4.90159 733.466 2720.69 
0.018771783789373702 0.306992 0 273624 18.8709 11.7619 7.76794 0 75.90381 18.1323 -65.1529 -34.4631 0 0 0 0 0 0 0 0 1.32736 3.26199 0 3.95597 
0.0188058265398945122 0.267049 0 216919 0.671833 10.6151 6.55957 0 256.2181 157.193 79.2281 186.174 0 0 0 0 0 0 0 0 1.30385 7.04234 0 31.4356 
0.0188254159881673655 0.391698 0 75139 0.0816023 8.56668 7.45373 0 01 0 0 0 0 0 0 0 0 0 0 0 0.745353 4.12621 0 0 
0.0188730019414792248 0.35726 0 149828 0.751124 8.6658 7.54046 0 01 0 0 -0 0 0 0 -0 0 0 0 -0 1.85129 4.09881 102.001 640.93 
0.0189908985198909488 0.36784 1 248005 0 8.56036 7.44832 0 0 2 0.00578652 0.00683723 -0.0156134 0 0 0 -0 0 0 0 -0 1.11228 2.26139 0 82.7147 
0.0189925566367141439 0.460466 0 64738 25.6395 8.64669 7.52375 0 01 0 0 -0 0 0 0 -0 0 0 0 -0 0.944842 3.25861 0 168.159 
0.0190000384923985216 0.459968 0 166175 25.6275 8.64571 7.52288 0 01 -0 0 0 0 -0 0 0 0 -0 0 0 0.464804 1.84995 0 168.167 
0.0190559433298332914 0.124008 0 234013 0 9.28499 8.08055 0 01 0 0 0 0 0 0 0 0 0 0 0 1.76807 4.32018 0 1195.6 
0.0190581931376665528 1.12306 0 105386 25.5418 8.63617 7.51443 0 01 0 0 0 0 0 0 0 0 0 0 0 0 0 0 0 
0.019122694408418274 0.0448153 0 218809 0.408694 11.5997 7.56881 0 116.1961 115.573 -6.08989 -10.352 0 0 0 0 0 0 0 0 3.39918 7.23464 1662.57 3038.21 
0.0191240190999855918 1.0817 0 126498 25.4469 8.62674 7.5065 0 01 0 0 0 0 0 0 0 0 0 0 0 0 1.10946 0 0 
0.0192130379484418239 0.370553 0 251825 0.167316 8.57854 7.46443 0 01 0 0 0 0 0 0 0 0 0 0 0 1.4924 2.60328 0 0 
0.0192968547442123294 0.689554 1 100809 0 9.45192 8.2262 0 0 1 -1.07477 -1.09789 -0.284184 0 -0 0 0 0 -0 0 0 0 1.34009 0 0 
0.0193237052156953679 0.253649 1 281530 0 8.96585 7.80265 0 0 2 1.16389 1.03085 -0.208868 0 0 0 0 0 0 0 0 2.52707 4.79127 580.187 708.772 
0.0193333921476411159 1.36105 0 190546 25.1519 8.59605 7.47973 0 01 0 0 0 0 0 0 0 0 0 0 0 0 1.39619 0 0 
0.0194130564288527291 0.576358 0 324706 0.365136 10.9012 6.81747 0 99.93871 -99.1411 11.9996 -3.8447 0 0 0 0 0 0 0 0 0.567103 3.45725 0 0 
0.019482907962136288 0.44763 0 331897 0.384653 8.70063 7.57121 0 01 0 0 0 0 0 0 0 0 0 0 0 0.906875 4.68966 0 258.851 
0.0194976204759396039 0.251037 0 81629 24.9271 8.57328 7.45999 0 01 0 0 0 0 0 0 0 0 0 0 0 2.97792 6.29942 0 19.4213 
0.0195145301578021658 0.675014 0 185177 24.903 8.56956 7.45681 0 01 0 0 -0 0 0 0 -0 0 0 0 -0 0 4.09072 0 0 
0.019541960564310585 0.477334 0 249479 0.110305 10.5471 6.50319 0 186.6941 151.666 2.7703 -108.832 0 0 0 0 0 0 0 0 1.4047 5.59421 0 0 
0.0195480472180598989 0.875174 0 163317 24.8582 8.56613 7.45374 0 01 0 0 0 0 0 0 0 0 0 0 0 0 0.866417 0 0 
0.0195558522115865316 0.502169 0 197303 24.8468 8.56622 7.45378 0 01 -0 0 0 0 -0 0 0 0 -0 0 0 0 2.54283 0 0 
0.0195578348172509055 0.316453 0 140637 0.101095 8.56646 7.45396 0 01 -0 0 0 0 -0 0 0 0 -0 0 0 0.310908 1.67014 0 1.7375 
0.0195947001234441746 0.110616 0 248389 0.147508 8.47805 7.37652 0 01 -0 0 0 0 -0 0 0 0 -0 0 0 2.27729 5.14041 723.506 1318.34 
0.0197217673164530351 0.622815 0 87460 0.532923 8.54469 7.43477 0 01 0 0 0 0 0 0 0 0 0 0 0 1.23997 4.91026 18.9487 18.9487 
0.0197227434982607808 0.299743 0 63470 16.1343 8.54431 7.43445 0 01 0 0 0 0 0 0 0 0 0 0 0 0.745249 2.07871 0 106.876 
0.0197919980356967527 0.461353 0 77879 0.115916 8.53581 7.42683 0 01 0 -0 0 0 0 -0 0 0 0 -0 0 1.43493 2.36013 0 11.9756 
0.0198608108814614936 0.338054 0 73656 0.387233 8.52881 7.42086 0 01 0 -0 0 0 0 -0 0 0 0 -0 0 0.707606 3.38327 0 0 
0.0199482151394308471 0.577779 0 144498 0 8.51685 7.41066 0 01 0 0 0 0 0 0 0 0 0 0 0 0.581819 2.90035 0 0 
0.019959691749798756 0.539175 0 187804 24.3237 8.5166 7.41035 0 01 0 0 0 0 0 0 0 0 0 0 0 0 1.10013 0 0 
0.0199633626908377049 0.428125 0 118226 24.3179 8.51689 7.41056 0 01 0 0 0 0 0 0 0 0 0 0 0 0.841309 2.13143 0 0 
0.0200380667463029259 0.946927 0 165677 24.2251 8.50842 7.40315 0 01 -0 0 0 0 -0 0 0 0 -0 0 0 0 0 0 0 
0.0201936844274963334 0.332118 0 203034 0.0961549 9.25356 8.05341 0 01 0 0 0 0 0 0 0 0 0 0 0 1.01849 3.69948 146.193 506.676 
0.0203453263177555098 0.601096 0 98258 0.224529 8.40048 7.56043 0 01 0 0 0 0 0 0 0 0 0 0 0 0 2.33378 0 0 
0.0203987632146986758 0.901688 0 83813 23.7236 8.37682 7.53914 0 01 0 0 0 0 0 0 0 0 0 0 0 0 0 0 0 
0.0204376781150044165 0.681922 0 109592 0.280206 8.3607 7.52463 0 01 0 0 0 0 0 0 0 0 0 0 0 0.70012 4.15667 0 0 
0.0205345868783985488 0.228832 0 96095 0.147706 8.27768 7.20158 0 01 0 0 0 0 0 0 0 0 0 0 0 1.07539 3.2168 108.545 171.659 
0.0205923675123507628 0.183611 1 77061 0 8.28397 7.45557 0 0 2 0.000486787 -0.0167018 -0.00343983 0 0 0 0 0 0 0 0 2.65141 5.72898 178.065 2266.63 
0.0206310705202442518 0.426969 0 215708 0.288409 8.32319 7.49087 0 01 0 0 0 0 0 0 0 0 0 0 0 1.73199 3.04363 0 0 
0.0206778449637838209 0.147623 1 74516 0 8.24383 7.41945 0 0 1 0.00532415 0.00298879 0.0227175 0 0 0 0 0 0 0 0 3.78822 7.41836 92.3612 1037.97 
0.0208300563549288463 0.333867 0 255825 0.195423 10.6885 6.62311 0 234.6631 81.4788 216.702 -38.3167 0 0 0 0 0 0 0 0 0.691246 2.36185 0 0 
0.0208577740839928846 0.27758 0 239650 0.330372 10.548 6.504 0 125.4161 108.305 -2.15622 -63.2036 0 0 0 -0 0 0 0 -0 0.247936 2.58444 0 0 
0.0208639521963641418 0.226758 1 213158 0 9.53845 5.84634 0 0 2 39.5631 53.002 43.3523 0 0 0 0 0 0 0 0 2.61041 5.63368 624.361 1368.58 
0.0208931638995771655 0.250506 0 227334 0.122265 10.5869 6.5361 0 64.8631 -10.5842 -1.34253 63.9795 0 0 0 0 0 0 0 0 1.08602 3.36423 54.9131 491.542 
0.0209328092696516761 0.664437 0 232260 0.445959 8.24823 7.4234 0 01 0 0 0 0 0 0 0 0 0 0 0 0.657179 1.97997 20.9363 20.9363 
0.0218985174067162745 0.248049 0 212133 0.163952 11.5472 7.50624 0 144.2371 -5.08815 144.144 -1.02731 0 0 0 -0 0 0 0 -0 3.05511 6.15081 0 270.546 
0.0219943359877468186 0.396413 0 211661 0.0810844 9.49948 8.26762 0 01 0 -0 0 0 0 -0 0 0 0 -0 0 1.6466 4.02133 0 173.84 
0.0227412307979088062 0.481338 0 218274 0.498991 9.80415 5.98637 0 151.9791 -7.98415 143.171 -50.3584 0 0 0 -0 0 0 0 -0 1.37322 4.20814 0 122.852 
0.0227770635508077503 0.253411 0 289628 0.111227 10.6685 6.60563 0 172.7921 106.289 -33.9807 -131.928 0 0 -0 0 0 0 -0 0 0.390522 2.66388 1963.35 2093 
0.0229189756463457038 0.324003 0 214733 0.528371 11.4277 7.36774 0 215.811 152.546 139.828 61.2539 0 0 0 0 0 0 0 0 1.0969 4.65726 89.1634 127.072 
0.0230352590022012416 0.447227 1 218460 0 9.89504 6.03969 0 0 2 -1.26949 133.432 -134.396 0 0 0 0 0 0 0 0 0.937565 3.2643 0 0 
0.0230680203757195369 0.354062 0 252438 3.74758 11.0805 6.99398 0 89.68861 81.5425 5.95923 -36.8694 0 0 0 0 0 0 0 0 3.57486 9.38778 14.0922 134.756 
0.0231369337403616003 0.254783 1 0 0 10.8412 6.76113 0 0 1 -57.1797 224.785 91.3406 1 -100.678 236.961 33.518 0 0 0 0 1.70108 5.73735 1410.48 1966.58 
0.0233109279611203382 0.594092 0 162029 0.323035 10.0704 6.15038 0 192.8711 115.623 126.332 -88.7172 0 0 0 0 0 0 0 0 0.594836 5.32085 0 0 
0.0237136394005643923 0.237884 0 132679 0.339277 9.86284 6.02048 0 181.4871 162.822 -78.6685 15.4193 0 0 0 0 0 0 0 0 1.79488 5.17783 1892.09 2176.98 
0.0237674226163760681 0.495266 1 0 0 7.92053 2.26526 0 0 1 152.125 -203.314 -63.1746 1 461.042 -25.0921 122.487 0 0 0 0 0.93338 2.77598 0 0 
0.0239602385416070873 3.95531 0 196880 0.268895 8.49672 7.39299 0 01 0 0 0 0 0 0 0 0 0 0 0 0 0 0 0 
0.024212643436508946 0.344255 0 249671 0.0850393 9.75241 5.95721 0 228.0541 -209.905 -84.0442 29.7502 0 0 0 0 0 0 0 0 0.373929 2.26151 0 0 
0.0242207872039035196 0.466923 0 272469 0.219016 8.76843 7.63005 0 01 0 0 0 0 0 0 0 0 0 0 0 0.46738 1.90535 0 0 
0.0246417487542512186 0.427578 1 214175 0 9.42342 8.20157 0 0 1 0.399623 0.428622 0.253547 0 0 0 0 0 0 0 0 3.87164 7.36672 0 271.842 
0.024750547213140555 0.423684 0 227800 0.100703 10.5176 6.47916 0 193.6691 -189.527 -21.3892 -33.6075 0 0 0 0 0 0 0 0 0.459411 3.92354 0 0 
0.0250543047154473605 0.145211 1 297194 0 8.68116 7.55432 0 0 2 0.531763 0.421761 0.540021 0 0 0 0 0 0 0 0 2.97028 7.31839 268.108 2226.3 
0.0260960346072977821 0.201941 0 234088 0.153435 10.8879 6.80509 0 99.05881 -5.80953 91.3207 37.9399 0 0 0 0 0 0 0 0 2.10086 6.90496 129.675 2215.19 
0.0263877464209670322 0.360082 0 251308 0.161554 9.26605 8.06486 0 01 0 0 -0 0 0 0 -0 0 0 0 -0 1.99139 6.99569 0 0 
0.0265628977743192426 0.249577 0 214348 0.136988 9.42842 8.20617 0 01 0 0 0 0 0 0 0 0 0 0 0 1.09993 3.27718 1530.98 1535.86 
0.0271426880111993868 0.203001 0 268041 5.91459 8.93542 7.7762 0 01 0 0 0 0 0 0 0 0 0 0 0 1.48231 4.37012 138.491 1104.15 
0.0273284469257449245 0.233492 1 227323 0 8.82549 7.68039 0 0 1 1.00597 -0.531787 0.101143 0 0 0 0 0 0 0 0 1.49711 3.18419 0 485.8 
0.0273885840751616864 0.329056 0 237364 0.120757 8.76134 7.62441 0 01 0 0 -0 0 0 0 -0 0 0 0 -0 2.21523 7.61005 163.448 163.448 
0.0276110553110348322 0.457783 1 39421 0 8.73793 7.60395 0 0 1 0.0041358 0.0233039 -0.0013636 0 0 0 0 0 0 0 0 0.469345 1.79365 0 150.454 
0.0277066603385803627 0.383224 0 281365 0.189958 9.45221 8.22686 0 01 0 0 0 0 0 0 0 0 0 0 0 1.58414 4.02954 15.9113 72.3345 
0.0279635058261834268 0.527629 0 255073 0.902037 8.77948 7.63981 0 01 0 -0 0 0 0 -0 0 0 0 -0 0 0.505811 3.02318 0 83.5965 
0.0288426480499415355 2.46445 0 185677 0.342516 8.57795 7.46399 0 01 0 0 0 0 0 0 0 0 0 0 0 0 0 0 0 
0.0298176868927637513 0.376726 0 216484 0.0972732 13.2744 10.0826 0 57.92641 -54.5284 -0.0150189 19.5482 0 0 0 0 0 0 0 0 0.316949 2.68359 0 0 
0.0299612053402410795 0.351697 0 230203 0.309286 10.4544 6.42864 0 128.7951 119.733 -42.4466 21.2225 0 0 0 0 0 0 0 0 0.690436 2.34547 0 11.8557 
0.0371986755859715565 1.19751 0 139643 0.0944048 8.59326 7.4777 0 01 0 0 0 0 0 0 0 0 0 0 0 0 4.79921 0 0 
