#1:time #2:r #3.binary? #4:ID #5:zams_m #6:m_progenitor #7:bh mass #8:bh_spin #9:birth-kick(km/s) #10-25:vsarray
0.00983526249213247279 1.17645 0 178115 0 15.9899 14.2248 0 01 0 0 0 0 0 0 0 0 0 0 0 0 0 0 0 
0.0100415053153979448 0.18752 0 222154 0.528184 15.0461 13.3302 0 01 -0 0 0 0 -0 0 0 0 -0 0 0 0.156457 0.299225 0 0 
0.0101114400769082829 0.765687 1 221145 0 12.1807 8.32548 0 0 1 24.3229 55.3861 11.8534 0 0 0 0 0 0 0 0 0 0 0 0 
0.010154614162607295 0.759859 1 9424 0 11.5317 7.48729 0 0 1 -107.008 0.73882 4.10819 0 -0 0 0 0 -0 0 0 0 0 0 0 
0.0104395597333332979 0.480054 1 176205 0 11.4029 7.3393 0 0 1 95.2577 7.48759 -5.97325 0 0 0 0 0 0 0 0 0.480016 0.961267 0 0 
0.0105399217123110199 0.149586 0 221236 0.871419 11.2433 7.16352 0 157.971 115.751 -29.7975 103.288 0 0 -0 0 0 0 -0 0 1.5223 3.23885 318.023 318.023 
0.0106173444111788435 0.848787 0 176470 0.181083 12.8584 9.36282 0 109.7121 -92.0764 17.3001 -57.0904 0 0 0 0 0 0 0 0 1.68808 4.21596 0 0 
0.0106869922401216198 0.168696 0 59411 0.0960982 10.5472 6.50309 0 127.5461 17.19 -112.687 57.2184 0 0 0 0 0 0 0 0 0.791506 1.59739 229.173 252.281 
0.0106930767584537661 0.657261 0 100809 0.814752 12.9687 9.54748 0 63.75071 -29.9339 -47.0301 -30.9239 0 0 0 0 0 0 0 0 0 0.651767 0 0 
0.0107804461287430518 0.826817 0 152617 73.6069 12.9462 9.50928 0 81.07491 -78.5117 16.2814 11.999 0 0 0 0 0 0 0 0 0 0 0 0 
0.010879116151890007 1.46209 0 153939 71.4512 12.7162 9.13135 0 49.00331 -38.2309 -30.2663 4.86532 0 0 -0 0 0 0 -0 0 0 0 0 0 
0.0110846174686344903 1.07238 0 196871 67.4387 12.2741 8.45886 0 178.0321 -172.773 40.0433 -15.5365 0 0 0 0 0 0 0 0 0 2.14102 0 0 
0.01109054175965026 0.652332 0 121014 67.3249 12.2578 8.43539 0 117.0491 43.2133 12.0504 -108.11 0 0 0 0 0 0 0 0 0.677539 2.02747 0 0 
0.0111688356086864921 0.584262 0 263207 0.380957 12.0878 8.19652 0 133.4381 -44.0332 -95.3689 -82.2901 0 -0 0 0 0 -0 0 0 1.73815 1.73815 0 27.1449 
0.0112095693488173647 0.43229 0 150382 0.22659 11.9553 8.01747 0 131.7481 123.423 39.9331 23.0134 0 0 0 0 0 0 0 0 0.411835 0.411835 0 63.7834 
0.0112482453910775892 0.201524 0 161709 0.106532 13.8244 11.1297 0 21.0821 -6.5384 10.8495 16.852 0 0 0 0 0 0 0 0 1.17511 4.01087 512.574 727.919 
0.011356725683330746 0.266307 0 166865 62.8942 11.7484 7.75064 0 58.19191 -52.6808 24.2883 -4.59489 0 0 0 0 0 0 0 0 0 1.74577 0 0 
0.0113763855810813368 0.253552 0 397308 0.689562 11.5157 7.46887 0 100.541 77.7134 -60.1693 21.1817 0 0 0 0 0 0 0 0 1.35204 1.81866 0 449.068 
0.0114157987179166615 0.109307 1 11010 0 9.86457 6.02141 0 0 1 31.5462 -20.701 -78.7727 0 0 0 -0 0 0 0 -0 2.99486 6.30946 3217.81 5351.87 
0.0114355181884165501 0.257744 1 232700 0 9.77065 5.96733 0 0 1 102.665 48.421 -150.907 0 0 0 0 0 0 0 0 0.592272 2.25171 0 0 
0.0114563029055249396 0.194461 1 222064 0 10.1231 6.18559 0 0 2 123.006 -17.4671 -12.8436 0 0 0 -0 0 0 0 -0 1.64595 4.51901 249.03 249.03 
0.0114750633285643344 0.23967 0 164435 61.1483 11.5457 7.50422 0 85.8391 -61.9535 37.5133 46.0743 0 0 0 0 0 0 0 0 0.884136 2.98053 205.333 1067.63 
0.0115800564587424069 0.469609 1 110778 0 9.87534 6.0278 0 0 1 -151.981 125.383 -3.20902 0 0 0 0 0 0 0 0 0 0.457255 0 0 
0.0115817216370129351 0.468691 1 25684 0 9.66837 5.9118 0 0 1 57.8114 -123.758 -18.7116 0 0 -0 0 0 0 -0 0 0.474829 1.83342 0 0 
0.0116161076840700251 0.984035 0 334066 0.212799 9.77162 5.96788 0 76.07961 -69.4834 -5.15449 30.5546 0 0 0 0 0 0 0 0 0 0 0 0 
0.0117338100391216268 0.494438 0 331997 0.0918823 9.63824 5.89611 0 156.9141 122.148 80.1043 -57.3158 0 0 0 -0 0 0 0 -0 0 1.9732 0 0 
0.011741225942078333 0.54118 0 156600 0.152988 9.3969 8.17745 0 01 0 0 0 0 0 0 0 0 0 0 0 1.11847 2.75964 0 319.356 
0.0117699591612515087 2.27153 0 184514 0.164519 9.37215 8.15596 0 01 0 0 0 0 0 0 0 0 0 0 0 0 0 0 0 
0.0118634337873465574 0.550827 0 134142 0.241077 10.8481 6.76712 0 214.1641 -212.83 23.0401 6.22109 0 -0 0 0 0 -0 0 0 0 1.67358 0 0 
0.0119074640529522151 0.381357 0 13642 0.75924 10.8641 6.78206 0 19.56321 -5.66832 -17.9498 -5.32872 0 -0 0 0 0 -0 0 0 0 2.73252 0 0 
0.0119161844097646092 0.287086 0 248262 0.301683 10.4837 6.45172 0 180.8371 65.2696 -127.626 -110.243 0 0 0 -0 0 0 0 -0 0.856804 4.19902 457.35 457.35 
0.0119546786365740069 0.218765 0 222323 0.283936 10.7099 6.6415 0 201.7781 71.2822 170.433 81.1518 0 0 0 0 0 0 0 0 0.479298 1.44912 0 71.0228 
0.0120187199255959252 0.430466 0 10715 0.249873 10.6937 6.62732 0 119.6351 -28.4838 -115.754 10.1122 0 0 0 0 0 0 0 0 0 1.27576 0 0 
0.0122772609201169773 0.160201 1 0 0 10.6921 6.62605 0 0 1 38.8634 50.6977 -19.301 1 32.7297 69.5517 20.1366 0 0 0 0 1.51341 5.323 0 1215.21 
0.0123242794776045536 1.02563 0 74245 0.214955 10.6732 6.60945 0 167.6811 148.182 76.3944 17.9703 0 0 0 0 0 0 0 0 0 1.00783 0 0 
0.0123366103270461987 0.688653 1 0 0 9.75731 5.9599 0 0 1 -83.3556 225.182 -105.157 1 -65.4665 304.644 57.1431 0 0 0 0 0 0 0 0 
0.0123795963708913086 0.337861 0 75494 0.309203 8.88804 7.73412 0 01 0 0 0 0 0 0 0 0 0 0 0 2.59258 5.21368 0 284.391 
0.0124354563577590473 0.0622371 0 185627 0.160881 10.7418 6.67008 0 95.3971 -75.6164 -46.9316 34.3536 0 0 -0 0 0 0 -0 0 2.26505 5.46532 1377.8 6155.32 
0.0124364383709615525 0.215815 1 268257 0 8.88484 7.73143 0 0 2 1.53356 -1.15859 -2.47993 0 0 0 0 0 0 0 0 1.20376 3.34939 14.2804 17.5185 
0.0125671465588908238 0.240544 0 336262 0.085108 10.6478 6.58749 0 179.7791 -26.7087 167.708 -59.0027 0 -0 0 0 0 -0 0 0 1.38646 3.81971 401.156 511.26 
0.0125862717093435487 0.142257 0 157557 0.118099 10.7398 6.66833 0 82.00421 30.0836 22.4213 72.9175 0 0 0 0 0 0 0 0 4.13834 7.26382 2659.72 9440.63 
0.0125970752827079917 0.371906 0 297886 0.428973 10.542 6.49889 0 102.2561 -70.436 53.5389 51.2713 0 0 0 0 0 0 0 0 1.09851 5.18328 0 0 
0.0126069200683428719 0.396533 1 161343 0 9.16907 7.97956 0 0 1 0.0548767 -0.775678 0.0189029 0 0 0 0 0 0 0 0 0.826511 3.21673 0 50.9179 
0.0127073653822306881 0.0905879 1 54190 0 8.68052 7.55348 0 0 1 -0.558205 -0.568938 0.976639 0 -0 0 0 0 -0 0 0 4.99856 7.77789 4081.55 7178.14 
0.0128082686803518021 0.325814 0 55710 0.0811607 10.5666 6.51908 0 99.33521 85.1207 50.7465 6.8378 0 0 0 0 0 0 0 0 0.65617 1.62613 0 198.006 
0.0128224780797121171 0.307593 0 177060 46.786 10.62 6.56361 0 124.6431 -75.7132 96.8018 20.8017 0 0 0 0 0 0 0 0 0.591285 2.62454 0 1.35984 
0.0128375973733698065 0.292763 1 99846 0 8.53404 7.42493 0 0 2 0.388733 1.34118 -0.62482 0 0 0 -0 0 0 0 -0 1.14619 2.3173 57.2339 57.2339 
0.0128704583068888229 0.433278 0 260191 0.217993 10.5987 6.54577 0 177.2591 149.836 -40.5161 -85.6075 0 0 -0 0 0 0 -0 0 0.457376 1.79827 0 0 
0.0128974021033089054 0.307909 0 144755 0.161769 10.5761 6.527 0 70.27521 -69.1592 -12.1198 -2.95273 0 0 -0 0 0 0 -0 0 0.893994 2.36018 0 239.352 
0.0129043274237580444 0.413654 0 227511 2.53419 8.48586 7.38295 0 01 0 0 0 0 0 0 0 0 0 0 0 0.400303 2.90885 0 0 
0.0129702441412203901 4.32137 0 194155 45.6927 10.5453 6.50155 0 116.1161 114.144 -20.2751 6.56206 0 0 -0 0 0 0 -0 0 0 0 0 0 
0.0129950875406382137 0.287475 0 257829 0.168557 10.5552 6.50968 0 197.7941 -170.639 99.8394 -6.05353 0 0 0 -0 0 0 0 -0 0.297002 3.56858 0 0 
0.0130134354255447681 0.171761 1 220953 0 11.6933 7.6825 0 0 1 -34.0194 -29.733 -131.712 0 0 0 -0 0 0 0 -0 1.86449 5.36441 3.16207 208.727 
0.0130252817059265825 0.171031 0 232704 0.0907402 10.3724 6.36502 0 126.8311 -49.0472 116.846 5.24865 0 0 0 0 0 0 0 0 0.751833 3.08515 556.821 556.821 
0.013028287919682021 0.158412 0 223945 0.179056 10.4901 6.45692 0 159.4581 144.199 -60.9708 30.2655 0 0 0 0 0 0 0 0 3.23082 7.0304 3526.29 6924.13 
0.0131162638740903725 0.260422 0 183290 0.101734 10.7 6.63299 0 105.1091 -19.1423 93.7232 -43.5584 0 0 0 -0 0 0 0 -0 0.235196 1.97661 0 0 
0.0131416007507388945 0.222929 0 276096 0.126673 10.3556 6.35225 0 144.0631 144.056 -1.28098 0.642165 0 0 0 0 0 0 0 0 0.741193 3.68074 0 153.914 
0.0131882939907024786 0.873258 0 120626 0.25423 10.4007 6.3867 0 135.5181 20.5459 -132.91 -16.6711 0 0 0 0 0 0 0 0 0 0.891732 0 0 
0.0132344980662131451 0.491036 1 58596 0 8.301 7.22132 0 0 1 0.103195 1.2049 0.36135 0 0 0 0 0 0 0 0 0 1.46024 0 0 
0.0133132614017178273 0.850995 0 85753 0.333086 10.2199 6.25287 0 237.3131 -38.3528 233.464 18.4614 0 0 0 0 0 0 0 0 0.860029 1.69879 0 0 
0.0133982843045118566 0.523264 0 141955 0.101945 8.56057 7.44841 0 01 0 0 0 0 0 0 0 0 0 0 0 0 1.55098 0 0 
0.0134381941013166934 0.134995 0 170070 0.156427 10.1823 6.22629 0 211.1321 19.1341 132.63 163.156 0 0 0 0 0 0 0 0 3.7885 7.97817 1010.97 7345.77 
0.0135034323346828935 2.13792 0 197910 42.2259 10.3005 6.3112 0 122.3041 122.259 3.30431 0.326519 0 0 0 0 0 0 0 0 0 0 0 0 
0.0135687715165816666 0.693315 0 52040 0.914174 7.97369 2.27584 0 446.2971 -442.556 -43.2545 38.126 0 0 -0 0 0 0 -0 0 0 0 0 0 
0.0136729788012781139 0.141241 0 298974 0.0957351 10.2385 6.26605 0 163.5121 101.283 21.1838 126.606 0 0 0 0 0 0 0 0 3.34835 5.45003 4543.29 7877.51 
0.0137249592655883951 0.181224 1 20900 0 8.38139 7.29144 0 0 1 -0.165255 0.00864891 0.653379 0 0 0 0 0 0 0 0 1.40179 2.97485 0 421.948 
0.0137280487667192797 0.492681 0 82477 40.9632 10.2026 6.24053 0 83.88311 53.177 32.2629 -56.2823 0 0 0 -0 0 0 0 -0 0 0.505846 0 0 
0.01373095336673371 1.27941 1 111014 0 8.65266 7.52851 0 0 1 -0.374883 0.543555 0.6614 0 0 0 0 0 0 0 0 0 0 0 0 
0.0137880894817742246 0.155781 0 122995 0.240633 10.0782 6.15545 0 74.70341 -73.8977 -6.9748 8.43099 0 0 -0 0 0 0 -0 0 2.30513 5.62188 2478.82 3435.9 
0.013808358478718797 0.456582 0 5284 0.276983 10.1694 6.21729 0 242.6771 -38.9629 101.777 -216.83 0 0 0 -0 0 0 0 -0 0 1.85778 0 0 
0.0138245136153139526 0.800829 0 189256 0.1064 10.1631 6.21295 0 158.8411 157.545 15.1489 13.4425 0 0 0 0 0 0 0 0 0.798762 0.798762 0 0 
0.0138555603924932699 0.646301 0 224347 0.112682 7.96587 2.27428 0 364.6951 -207.844 -134.927 -267.578 0 0 -0 0 0 0 -0 0 0.634118 0.634118 0 182.819 
0.0139598846111197404 0.482817 0 255091 0.279129 10.0549 6.14011 0 374.7361 290.782 -229.704 55.7574 0 0 0 0 0 0 0 0 0.486366 0.976307 0 0 
0.0139842652605383696 1.20062 0 185827 39.6373 10.0958 6.16714 0 269.3491 10.6662 -113.471 244.049 0 0 -0 0 0 0 -0 0 1.21371 1.21371 0 0 
0.01407512231482606 0.962063 0 255805 0.101598 10.0046 6.10752 0 145.6881 -145.466 7.65539 2.46476 0 0 0 0 0 0 0 0 0 0 0 0 
0.0141026822582122034 0.300109 0 36465 0.177228 9.93789 6.0657 0 168.6091 -166.447 -26.611 -4.01766 0 0 0 -0 0 0 0 -0 0 2.5205 0 0 
0.0141594635592934819 1.42086 0 170525 38.7956 10.0272 6.12209 0 139.9821 25.3669 -137.56 5.34361 0 0 0 0 0 0 0 0 1.42435 1.42435 0 0 
0.0141684292401891999 0.34089 1 0 0 10.0588 6.14263 0 0 1 17.4947 -6.36221 35.8721 1 30.2847 -18.4939 12.4302 0 0 0 0 0 0 0 0 
0.0141821901494961732 0.684664 0 70798 0 10.0176 6.11587 0 90.75471 87.039 24.5513 -7.60652 0 0 0 0 0 0 0 0 0 1.36901 0 0 
0.0142059364641396804 1.6654 0 167586 38.5806 10.0068 6.10893 0 236.7011 65.062 207.905 92.5741 0 0 0 0 0 0 0 0 0 0 0 0 
0.0142491356365775888 0.31351 1 234386 0 10.7592 6.68555 0 0 1 54.0104 132.318 -48.0479 0 0 0 0 0 0 0 0 0.326959 1.2467 116.355 116.355 
0.0142668839242022071 1.06827 0 159247 0 9.98564 6.09548 0 98.87071 -81.9946 -27.0477 -48.174 0 -0 0 0 0 -0 0 0 0 0 0 0 
0.0143945529670609449 0.193587 0 256799 0.310185 9.95193 6.07438 0 62.38211 39 44.7879 -19.094 0 0 0 0 0 0 0 0 1.64387 3.68556 422.547 760.14 
0.0144072145174599046 0.166055 0 159486 37.6837 9.93005 6.06088 0 112.0921 101.091 -40.9531 25.846 0 0 0 0 0 0 0 0 2.42432 5.00663 1558.26 4483.3 
0.0145654350310862914 0.172601 0 259423 0.3802 13.5991 10.8644 0 26.33471 -25.4626 5.15422 -4.31377 0 0 0 0 0 0 0 0 2.62809 6.14986 50.4071 1204.29 
0.01460381686134536 0.114987 0 24007 0.0915878 9.50461 8.27159 0 01 -0 0 0 0 -0 0 0 0 -0 0 0 4.43616 6.62534 2148.93 11469.8 
0.0146111300201699733 0.425965 0 230888 0.104402 9.8009 5.98446 0 211.931 188.774 90.1606 33.9108 0 0 0 0 0 0 0 0 0.416596 2.16779 0 0 
0.0146179503404327473 0.955139 0 62469 36.8054 9.85153 6.01376 0 183.8631 108.137 20.4569 147.287 0 0 0 0 0 0 0 0 0 0 0 0 
0.0147170619421430546 0.218756 0 143944 0 9.43074 8.20764 0 01 0 0 0 0 0 0 0 0 0 0 0 3.13905 7.03077 493.688 1342.38 
0.014833497731642907 0.833503 0 198841 1.55295 9.6124 5.88292 0 172.8841 -172.405 12.5229 -2.94863 0 0 0 0 0 0 0 0 0.850131 5.91014 0 0 
0.0148479111306261801 0.343279 0 8274 1.65729 9.76759 5.96566 0 115.0881 -114.929 -5.45336 -2.58367 0 0 -0 0 0 0 -0 0 1.0249 2.82668 86.4152 436.599 
0.0148585493110854078 0.310374 0 220431 0 13.2781 10.0893 0 74.60981 6.01224 -71.2425 -21.3302 0 0 0 0 0 0 0 0 1.5335 3.70565 0 51.1029 
0.0148594902967473276 0.757231 0 52396 0 9.64323 5.89871 0 76.69651 -3.69825 67.2624 -36.6667 0 0 0 -0 0 0 0 -0 0.754229 0.754229 0 0 
0.0148821104904057026 1.99351 0 186579 0.157778 9.5198 5.8374 0 176.6711 -52.5194 132.31 -104.634 0 0 0 0 0 0 0 0 0 0 0 0 
0.0149029233075920406 0.344178 0 90793 0.191618 9.65704 5.90589 0 104.6751 7.60099 -43.1318 -95.0727 0 0 0 -0 0 0 0 -0 0.375805 1.40353 0 287.841 
0.0150205341216755762 0.384514 0 87366 0.0937973 9.70713 5.93244 0 306.9711 191.465 -133.477 -199.389 0 0 0 0 0 0 0 0 0 3.18774 0 0 
0.0150205341216755762 0.79943 0 191220 35.2742 9.7065 5.93211 0 242.3131 -192.611 53.1769 137.073 0 0 0 0 0 0 0 0 0.79867 2.38155 0 0 
0.0150429697679629899 0.782334 0 196116 35.192 9.69804 5.92757 0 123.9821 -1.78261 -19.2429 -122.467 0 -0 0 0 0 -0 0 0 0.776897 2.35317 0 0 
0.015048391407649157 0.285294 0 226163 0.18157 10.0327 6.12567 0 140.6231 122.759 67.9386 -9.45847 0 0 0 0 0 0 0 0 1.38556 3.50822 0 6.37851 
0.0151284774395598325 0.166048 0 165929 0.219116 9.66848 5.91189 0 188.811 160.447 60.0636 79.3623 0 0 0 0 0 0 0 0 4.95597 8.46933 5914.42 8695.8 
0.0151564859119585841 0.0849435 1 226028 0 8.60648 7.48855 0 0 2 -0.039267 0.259329 -0.449588 0 0 0 0 0 0 0 0 3.22329 5.59211 1704.78 7531.49 
0.0151772135696178982 0.188346 0 357507 0 9.26454 8.06281 0 01 0 0 0 0 0 0 0 0 0 0 0 1.72596 4.12551 0 555.862 
0.0152713704641066067 0.193441 0 38744 0 9.45602 8.22938 0 01 0 -0 0 0 0 -0 0 0 0 -0 0 1.38172 3.49033 0 329.991 
0.01529179584787097 0.457053 0 71669 0.126293 9.47792 8.24849 0 01 -0 0 0 0 -0 0 0 0 -0 0 0 0 0 0 0 
0.0155464960532197116 0.335227 0 223241 0.253121 32.11 18.9744 0 131.8051 -38.6565 123.056 27.1208 0 -0 0 0 0 -0 0 0 0.971555 2.57234 98.5563 271.341 
0.0155916561811673109 0.41953 0 195542 33.3682 9.51251 5.83394 0 234.431 -34.9944 199.201 -118.542 0 0 0 -0 0 0 0 -0 0.819591 2.42664 0 12.4143 
0.0156937438983609165 0.751257 0 138555 33.057 9.4796 8.2501 0 01 0 0 -0 0 0 0 -0 0 0 0 -0 0.760129 3.07536 0 1.5038 
0.0157248715018177658 0.608842 0 352499 0 9.32856 8.11869 0 01 0 0 -0 0 0 0 -0 0 0 0 -0 0 1.81321 0 0 
0.0158087947965610404 0.338379 0 261308 0.537724 9.41486 8.19376 0 01 0 0 0 0 0 0 0 0 0 0 0 0.643907 2.54751 495.015 495.015 
0.0159036452887297598 0.188477 0 250052 0.114918 9.33373 8.1227 0 01 0 0 0 0 0 0 0 0 0 0 0 0.485954 2.2601 306.612 306.612 
0.0159377634010057743 0.219039 1 251529 0 9.50208 8.26908 0 0 1 -0.0059719 0.0905816 0.965171 0 0 -0 0 0 0 -0 0 0 1.42055 0 0 
0.0159411163418217219 0.400659 1 0 0 8.18032 2.31695 0 0 1 353.028 -188.243 -18.0032 1 269.678 -297.707 -429.195 0 0 0 -0 0.411186 2.45958 0 182.11 
0.0159522141178001092 2.03261 0 107151 0.123662 9.39919 8.17957 0 01 0 0 -0 0 0 0 -0 0 0 0 -0 0 0 0 0 
0.015960053394141728 0.841467 0 176355 32.2815 9.39626 8.17703 0 01 0 0 0 0 0 0 0 0 0 0 0 0 0 0 0 
0.016018238188385929 0.731027 0 121925 32.1195 9.37967 8.16266 0 01 0 -0 0 0 0 -0 0 0 0 -0 0 0.736158 2.92464 0 0 
0.0160699871639615258 0.412882 0 139792 0.091036 9.23506 8.03675 0 01 0 0 -0 0 0 0 -0 0 0 0 -0 1.23009 2.44755 0 2.90283 
0.0162138896950973117 0.81158 0 194863 31.5906 9.32083 8.1115 0 01 0 0 0 0 0 0 0 0 0 0 0 0 0 0 0 
0.0162489691599560573 0.272048 0 15422 0.405662 9.30937 8.10158 0 01 0 0 0 0 0 0 0 0 0 0 0 1.63421 3.01016 120.446 120.446 
0.0162666090367047447 0.102377 0 294121 0.131305 9.23449 8.0365 0 01 0 0 0 0 0 0 0 0 0 0 0 4.09486 6.70962 3101.56 8015.82 
0.0162666090367047447 0.310064 0 275686 0.313278 9.33161 8.12111 0 01 0 0 0 0 0 0 0 0 0 0 0 1.61516 3.2527 0 207.735 
0.016350036340242801 1.43529 0 66897 0.104049 9.28152 8.0775 0 01 -0 0 0 0 -0 0 0 0 -0 0 0 0 1.43558 0 0 
0.0163631833873693171 0.238518 1 275504 0 9.28303 8.07877 0 0 2 0.00548518 -0.179957 0.7283 0 0 -0 0 0 0 -0 0 2.03889 4.69658 494.959 494.959 
0.0163854881670989008 0.346348 0 327380 0.0924974 9.18744 7.99552 0 01 0 0 0 0 0 0 0 0 0 0 0 0 0.664896 0 0 
0.0164374185414452381 0.624446 0 34930 0.0865432 9.21247 8.01754 0 01 0 -0 0 0 0 -0 0 0 0 -0 0 0 1.23308 0 0 
0.0164851515996541423 0.41515 0 30458 0.321306 9.24168 8.04286 0 01 0 0 0 0 0 0 0 0 0 0 0 0 2.88279 0 0 
0.0165131498369723989 0.242444 0 86848 0 9.2345 8.03651 0 01 0 0 0 0 0 0 0 0 0 0 0 0.669672 3.3498 0 0 
0.016529130432756365 0.441272 0 52314 0.56475 9.11827 7.93516 0 01 0 0 0 0 0 0 0 0 0 0 0 0.453576 0.905332 0 34.3664 
0.0165380973070907121 0.484945 0 177987 30.7625 9.22772 8.03063 0 01 0 0 0 0 0 0 0 0 0 0 0 1.98119 4.46964 0 39.6762 
0.0165724839087713072 1.6115 0 194475 30.6804 9.21815 8.02236 0 01 0 0 0 0 0 0 0 0 0 0 0 0 1.64779 0 0 
0.0165800282734387197 0.0966095 0 26774 0.129987 9.21602 8.02049 0 01 -0 0 0 0 -0 0 0 0 -0 0 0 1.96615 4.22257 2511.14 5412.46 
0.0165919267328122622 0.546543 0 169885 30.6318 9.21247 8.0175 0 01 0 0 0 0 0 0 0 0 0 0 0 0 0.560552 0 0 
0.0166202385371979691 0.817664 0 132704 30.5626 9.20348 8.00976 0 01 0 0 0 0 0 0 0 0 0 0 0 0.80389 0.80389 0 0 
0.0166357706831510646 0.35726 0 279481 0.0855602 9.05911 7.88395 0 01 0 0 -0 0 0 0 -0 0 0 0 -0 1.82346 4.47682 0 0 
0.0166382101217049556 2.85352 0 19678 30.5204 9.1997 8.0066 0 01 0 0 0 0 0 0 0 0 0 0 0 0 0 0 0 
0.0166598292177750976 0.316178 0 353257 0.47716 9.91331 6.05073 0 271.3931 264.155 -51.1482 35.4931 0 0 0 0 0 0 0 0 0.962695 2.98595 0 336.559 
0.0166938856254646995 2.42247 0 89901 0.490522 9.18361 7.99266 0 01 0 0 0 0 0 0 0 0 0 0 0 2.38593 2.38593 0 59.5425 
0.0167721544187800428 0.490102 0 356651 0.121706 12.5591 8.88509 0 94.48141 83.1052 -6.66116 44.4508 0 0 0 0 0 0 0 0 0 3.87276 0 0 
0.0167887693258824515 0.368232 0 204329 0.312142 9.27678 8.07399 0 01 0 0 -0 0 0 0 -0 0 0 0 -0 0.731582 2.22385 0 0 
0.0168067115314153893 0.718288 0 183892 30.1223 9.15325 7.96635 0 01 0 0 0 0 0 0 0 0 0 0 0 0 0.726206 0 0 
0.0168473371509352647 1.0664 0 27397 30.0313 9.14155 7.95581 0 01 0 0 0 0 0 0 0 0 0 0 0 0 0 0 0 
0.0168494148178237844 1.16797 0 154589 30.0242 9.14168 7.95593 0 01 0 0 -0 0 0 0 -0 0 0 0 -0 0 0 0 0 
0.0169391694100781733 0.290858 0 129259 0.500741 9.09467 7.91504 0 01 0 0 0 0 0 0 0 0 0 0 0 1.38165 3.64608 0 269.716 
0.0169473233538175103 0.0618666 0 222212 0.120349 29.689 19.9127 0 107.6591 -36.428 -75.0348 68.0687 0 0 -0 0 0 0 -0 0 3.46144 6.07881 3283.37 4405.84 
0.0169707713597608105 0.493251 0 86949 0.131663 9.11023 7.9286 0 01 0 0 0 0 0 0 0 0 0 0 0 1.00954 2.50205 0 0 
0.0171105857318914201 0.465486 0 153147 29.442 9.07283 7.89628 0 01 0 0 -0 0 0 0 -0 0 0 0 -0 0.915778 1.82531 0 17.1211 
0.0171931477482749687 0.295924 0 152125 0.502997 8.77356 7.63516 0 01 0 0 0 0 0 0 0 0 0 0 0 2.29229 6.18187 0 446.882 
0.017251151679829043 0.212238 0 71688 0.0980499 7.94619 2.27037 0 386.1611 27.5642 -373.282 94.977 0 0 0 0 0 0 0 0 2.87924 6.53401 536.804 1118.82 
0.0172617285875210566 0.258087 0 95010 0.400629 9.03581 7.86403 0 01 0 0 0 0 0 0 0 0 0 0 0 1.79363 6.35797 0 735.191 
0.0172694777076399519 0.563569 0 6292 0.0887382 9.03269 7.86129 0 01 -0 0 0 0 -0 0 0 0 -0 0 0 0 2.25885 0 0 
0.0173095628096335344 1.84934 0 185079 29.0216 9.02352 7.8533 0 01 0 0 0 0 0 0 0 0 0 0 0 0 0 0 0 
0.0173396612420559787 0.559889 0 239650 0.655034 8.8597 7.71039 0 01 0 -0 0 0 0 -0 0 0 0 -0 0 0 1.70487 0 0 
0.0173396612420559787 0.702721 0 54359 28.9575 9.01443 7.84543 0 01 0 0 0 0 0 0 0 0 0 0 0 0.710679 2.11552 0 0 
0.017346284297180499 0.378289 0 37483 0.11362 10.6579 6.5964 0 100.2381 -14.2508 98.3807 -12.8778 0 0 0 0 0 0 0 0 0.386369 3.07832 0 130.047 
0.0173509681545685364 0.471568 0 179360 28.9337 9.01429 7.84539 0 01 0 0 0 0 0 0 0 0 0 0 0 0 1.90239 0 0 
0.0173592580686586229 0.37271 0 263107 0.280229 10.6472 6.58722 0 202.0621 153.241 -101.122 -84.3821 0 0 0 0 0 0 0 0 2.70397 5.04965 0 91.9252 
0.0173992586579401164 0.132907 1 222638 0 38.2797 109.522 0 0 2 0.00306454 -0.024801 -0.00102692 0 0 -0 0 0 0 -0 0 6.33036 9.29838 1058.05 6008.09 
0.0174152556683098876 0.573646 1 29137 0 8.99836 7.83135 0 0 1 -0.00865158 -0.00118773 -0.00708947 0 0 -0 0 0 0 -0 0 1.1525 2.27335 0 46.0829 
0.0174257339477579438 0.39617 0 126118 0.158836 8.99477 7.82824 0 01 0 0 0 0 0 0 0 0 0 0 0 0.755098 3.50665 0 28.5408 
0.0174745219194374773 0.618959 0 23097 0.365774 8.80694 7.6644 0 01 0 0 0 0 0 0 0 0 0 0 0 0.603038 4.22931 0 0 
0.0175494434388493541 0.367206 0 61856 0.313512 8.96766 7.80469 0 01 0 0 0 0 0 0 0 0 0 0 0 1.69452 4.87153 0 174.038 
0.017580582268352081 1.36474 0 55732 0.13719 8.95811 7.79637 0 01 0 0 0 0 0 0 0 0 0 0 0 0 4.05071 0 0 
0.0175902416340800519 0.541335 0 162556 28.4539 8.95479 7.79344 0 01 -0 0 0 0 -0 0 0 0 -0 0 0 0.541334 1.65615 0 0 
0.0176253181656920964 2.12009 0 193763 28.3885 8.95041 7.78962 0 01 0 -0 0 0 0 -0 0 0 0 -0 0 0 2.12522 0 0 
0.0176497168564012132 0.07078 0 185355 28.3386 8.94502 7.78479 0 01 0 0 0 0 0 0 0 0 0 0 0 3.95415 8.78309 3140.76 7509.61 
0.0176652625415045922 0.720344 0 106288 28.3056 8.93875 7.77933 0 01 0 0 0 0 0 0 0 0 0 0 0 0.720144 1.44062 0 0 
0.0176786731436797302 8.10219 0 67839 28.2831 8.93655 7.77742 0 01 -0 0 0 0 -0 0 0 0 -0 0 0 0 0 0 0 
0.0177196794700438948 0.0837207 0 39238 0.385159 8.92895 7.77068 0 01 0 0 0 0 0 0 0 0 0 0 0 4.02887 7.8851 762.648 4752.46 
0.01772260739892869 0.169749 1 107024 0 9.75405 5.95814 0 0 1 96.8934 66.0344 51.2221 0 0 0 0 0 0 0 0 2.56436 6.57706 1236.52 3933.3 
0.0177993872141864809 0.0453758 0 6219 0.139688 8.89656 7.74243 0 01 0 0 0 0 0 0 0 0 0 0 0 5.02472 8.16603 3120.26 5220.61 
0.0177993872141864809 0.22597 1 229114 0.0833153 9.73194 5.94597 0 0 2 -78.8124 -92.3047 -21.4573 0 0 0 0 0 0 0 0 3.12082 5.30186 207.45 526.557 
0.017808567361480912 0.195967 0 58537 0.118885 9.84503 6.01001 0 54.91011 -15.3139 -50.8074 14.1139 0 0 0 0 0 0 0 0 4.63362 8.99001 1292.31 4357.12 
0.0178232631678765553 0.59138 0 171631 28.0086 8.90622 7.75092 0 01 0 0 0 0 0 0 0 0 0 0 0 1.17142 1.17142 0 23.1695 
0.0178244208710024062 0.138756 0 129944 0.453087 8.83231 7.68639 0 01 0 0 0 0 0 0 0 0 0 0 0 2.83274 6.11041 628.289 3469.9 
0.0178298125445422867 0.448909 0 73589 0.539983 8.90811 7.75255 0 01 0 0 0 0 0 0 0 0 0 0 0 0.426691 3.89627 0 0 
0.017844154988013939 1.11687 0 185527 27.9668 8.90209 7.74731 0 01 0 0 0 0 0 0 0 0 0 0 0 0 1.1033 0 0 
0.0178947040405848558 0.10297 0 86890 0 8.89016 7.73701 0 01 -0 0 0 0 -0 0 0 0 -0 0 0 5.51333 8.78394 1615.08 5132.02 
0.0179668977893775485 1.76303 0 132710 27.7405 8.87527 7.72398 0 01 0 0 -0 0 0 0 -0 0 0 0 -0 1.77047 1.77047 0 0 
0.0180358214497077125 1.69103 0 166801 27.6131 8.86094 7.71143 0 01 0 -0 0 0 0 -0 0 0 0 -0 0 0 1.63689 0 0 
0.0180769675779561059 0.291412 0 89495 0.10103 8.85435 7.70564 0 01 0 0 -0 0 0 0 -0 0 0 0 -0 1.20524 3.31113 0 142.655 
0.0181401418877427598 1.89689 0 129927 27.4288 8.84058 7.69341 0 01 0 0 0 0 0 0 0 0 0 0 0 0 0 0 0 
0.0181671094298368092 0.286024 0 238064 0.132204 8.76544 7.62786 0 01 -0 0 0 0 -0 0 0 0 -0 0 0 2.07734 4.80355 0 770.467 
0.0182067304040464222 1.00287 0 149264 27.311 8.82576 7.68064 0 01 0 0 0 0 0 0 0 0 0 0 0 0 0 0 0 
0.018241686247640207 0.0813515 0 141353 0.0985976 8.81747 7.67334 0 01 0 0 0 0 0 0 0 0 0 0 0 3.74031 6.74353 1081.64 4209.73 
0.0182458439645800212 0.172457 0 81542 0.294573 8.81898 7.67465 0 01 0 -0 0 0 0 -0 0 0 0 -0 0 2.7022 5.86754 957.9 5286.7 
0.0182602133753521599 0.214944 0 181037 27.2189 8.81648 7.67235 0 01 -0 0 0 0 -0 0 0 0 -0 0 0 0.902998 4.23048 0 0 
0.0183024227608875635 0.388753 0 225363 0.0838666 12.2389 8.40898 0 149.0531 -146.496 -14.675 -23.2451 0 0 0 0 0 0 0 0 0.386848 1.16615 0 0 
0.0183468784009324752 0.295957 0 187038 27.069 8.80153 7.65904 0 01 0 0 -0 0 0 0 -0 0 0 0 -0 1.27125 4.01842 0 71.1637 
0.0186318832426821922 0.14744 0 49516 0.39246 8.74955 7.61362 0 01 -0 0 0 0 -0 0 0 0 -0 0 0 4.77241 8.68362 2011.98 5810.92 
0.018708455573513829 1.12283 0 131361 26.4753 8.73581 7.60189 0 01 -0 0 0 0 -0 0 0 0 -0 0 0 1.1393 2.27212 0 0 
0.0187903472973375181 0.191197 1 245992 0 9.55289 5.85334 0 0 1 -104.33 -82.0063 -19.9543 0 -0 0 0 0 -0 0 0 5.67794 9.94007 3131.2 5163.82 
0.0188047085372655513 0.183644 0 18681 0.116747 8.72004 7.58846 0 01 -0 0 0 0 -0 0 0 0 -0 0 0 4.32649 8.59034 1315.13 5270.65 
0.0188656175493997283 0.741307 1 145174 0 8.70947 7.57928 0 0 1 -0.00172656 -0.0039176 0.00650811 0 0 0 0 0 0 0 0 1.47818 2.19687 0 0 
0.0188804007384114764 0.401951 0 8327 26.2079 8.70699 7.57711 0 01 0 0 0 0 0 0 0 0 0 0 0 2.48068 7.01173 59.128 158.45 
0.0189271709311396655 0.101999 1 270455 0 8.57619 7.46279 0 0 2 0.624025 -0.189275 0.380593 0 0 0 0 0 0 0 0 4.9376 9.25686 2102.15 7579.38 
0.0189636998544952078 1.36319 0 171637 26.0749 8.69235 7.56436 0 01 0 0 -0 0 0 0 -0 0 0 0 -0 0 0 0 0 
0.0189671006108381897 1.10616 0 158284 26.0693 8.69238 7.56441 0 01 0 -0 0 0 0 -0 0 0 0 -0 0 1.12241 2.21478 0 0 
0.0189926183904637856 0.333693 0 131510 26.0311 8.68625 7.55904 0 01 0 -0 0 0 0 -0 0 0 0 -0 0 2.77231 6.87759 3.54147 157.478 
0.0190891574553513424 0.751284 0 75139 0.0817824 8.67058 7.54528 0 01 0 0 0 0 0 0 0 0 0 0 0 0 0.76869 0 0 
0.0191326793642793806 0.26313 0 60209 0.155008 8.66293 7.5385 0 01 0 0 0 0 0 0 0 0 0 0 0 2.72974 9.13018 402.644 961.572 
0.0191373246074565927 0.289087 0 149828 0.129625 8.66471 7.54008 0 01 0 0 0 0 0 0 0 0 0 0 0 2.72256 6.27332 108.312 180.124 
0.0192038621197288921 0.1062 0 77143 25.7174 8.65344 7.53032 0 01 0 0 -0 0 0 0 -0 0 0 0 -0 3.9983 8.85182 4024.54 8121.94 
0.0192563390770545927 0.159897 0 64738 1.19133 8.64299 7.52106 0 01 0 0 0 0 0 0 0 0 0 0 0 3.03214 6.34429 471.805 2873.88 
0.0192640694578061454 0.262111 0 166175 25.6275 8.64408 7.52202 0 01 0 0 0 0 0 0 0 0 0 0 0 2.73296 5.80241 66.8868 1165.85 
0.0193295013681231559 0.259834 0 325386 0.145797 8.66641 7.54125 0 01 0 0 0 0 0 0 0 0 0 0 0 1.37801 3.13851 0 109.386 
0.019414595506781613 0.0497048 0 112460 0.100765 8.37885 7.28995 0 01 -0 0 0 0 -0 0 0 0 -0 0 0 2.68597 5.22884 1192.3 1722.18 
0.0194387137325839551 0.156918 0 245134 0.175889 8.58525 7.47029 0 01 0 0 0 0 0 0 0 0 0 0 0 3.75147 6.67915 2834.84 4165.99 
0.0196021880085163365 1.28249 0 190546 25.1519 8.5975 7.48092 0 01 0 0 0 0 0 0 0 0 0 0 0 0 2.5625 0 0 
0.0197251578200797785 0.188028 0 165019 0.184579 8.44805 7.3501 0 01 0 0 -0 0 0 0 -0 0 0 0 -0 2.48271 5.58534 1634 3938.76 
0.0197685006521699409 0.334018 0 81629 24.9271 8.57306 7.45934 0 01 0 0 0 0 0 0 0 0 0 0 0 0.961605 5.40968 0 0 
0.0197863006497334543 0.518692 0 185177 0.200648 8.5725 7.45896 0 01 -0 0 0 0 -0 0 0 0 -0 0 0 1.00179 1.99648 0 15.6927 
0.0198161998305386028 0.274388 0 186121 24.8636 8.56845 7.45557 0 01 0 0 0 0 0 0 0 0 0 0 0 1.42122 2.67383 0 0 
0.0198176885682670792 0.0720256 0 230269 0.336451 8.06522 2.29405 0 379.9781 171.449 -210.988 265.467 0 0 0 0 0 0 0 0 3.36782 6.08379 611.989 1861.33 
0.0198195571571320589 0.732735 0 163317 24.8582 8.56713 7.45443 0 01 -0 0 0 0 -0 0 0 0 -0 0 0 0.731176 3.66544 0 0 
0.0198295719556375524 1.05051 0 197303 24.8468 8.56672 7.45412 0 01 0 0 0 0 0 0 0 0 0 0 0 0 1.02973 0 0 
0.0199596138332889077 0.0684618 1 232824 0 9.6625 5.90876 0 0 1 -113.679 75.2554 53.703 0 -0 0 0 0 -0 0 0 3.49108 8.33772 892.743 5420.46 
0.0199972782996376969 1.38941 0 63470 24.6264 8.54541 7.4356 0 01 0 0 0 0 0 0 0 0 0 0 0 0 4.18355 0 0 
0.0200079961830013676 0.334627 0 35298 0.240649 8.515 7.40906 0 01 0 0 0 0 0 0 0 0 0 0 0 1.22403 5.05157 0 85.5005 
0.0200686494374345721 1.75206 0 77879 24.5368 8.53739 7.42881 0 01 0 0 0 0 0 0 0 0 0 0 0 0 0 0 0 
0.0201396000173052828 0.959182 0 73656 1.26536 8.52962 7.42206 0 01 0 -0 0 0 0 -0 0 0 0 -0 0 0 0.983117 0 0 
0.0202268112303539832 0.928957 0 144498 24.3374 8.51631 7.41047 0 01 0 0 0 0 0 0 0 0 0 0 0 0 3.73363 0 0 
0.0202370353313850795 0.654002 0 187804 24.3237 8.51688 7.41096 0 01 0 0 0 0 0 0 0 0 0 0 0 0 0.640429 0 0 
0.0202415627438128909 0.858655 0 118226 24.3179 8.51582 7.41004 0 01 0 0 0 0 0 0 0 0 0 0 0 1.69946 2.55562 0 4.78193 
0.0203176662801374079 1.90894 0 165677 24.2251 8.50586 7.40127 0 01 0 0 0 0 0 0 0 0 0 0 0 0 0 0 0 
0.0205308200880456801 0.191982 0 230659 0.0865108 12.6451 9.01945 0 70.63371 -53.5888 -20.975 -40.9562 0 0 0 0 0 0 0 0 4.36498 8.32791 1089.51 4462.95 
0.0205453205355343449 0.442004 0 314049 0.127864 10.5968 6.54441 0 110.5331 -2.52894 101.79 43.0106 0 -0 0 0 0 -0 0 0 3.01115 4.30594 0 0 
0.0205647398687883974 12.3418 0 228909 0.112292 10.7027 6.63562 0 146.6941 -135.931 31.6157 -45.193 0 0 0 0 0 0 0 0 0 0 0 0 
0.0205668749929605738 0.0769067 1 236023 0 8.24681 7.17491 0 0 2 -1.22322 -0.963961 -0.0910883 0 0 -0 0 0 0 -0 0 3.43019 7.56401 2402.88 2916.84 
0.0206290286797742757 1.35818 0 98258 23.7794 8.40069 7.56062 0 01 0 0 -0 0 0 0 -0 0 0 0 -0 1.38802 2.75769 0 0 
0.0206822766781947706 0.702581 0 83813 23.7236 8.37722 7.5395 0 01 0 0 0 0 0 0 0 0 0 0 0 0 1.41291 0 0 
0.0207188857134774258 1.36288 0 109592 0.383339 8.36114 7.52503 0 01 0 0 0 0 0 0 0 0 0 0 0 0 0 0 0 
0.0207660698921986846 1.19049 0 96095 23.6268 8.33697 7.50327 0 01 0 0 -0 0 0 0 -0 0 0 0 -0 0 1.20493 0 0 
0.0208817090510849332 0.580733 0 77061 0.476305 8.2841 7.45569 0 01 0 0 0 0 0 0 0 0 0 0 0 0.578416 3.46987 0 3.78051 
0.0209666145184128974 0.280054 0 74516 0.100157 8.24398 7.41959 0 01 0 0 0 0 0 0 0 0 0 0 0 0.50346 2.30115 0 0 
0.0214041622031656935 0.0467034 0 229932 0.533208 10.9558 6.87002 0 220.8731 -216.565 5.76894 -43.0257 0 0 0 -0 0 0 0 -0 3.15111 5.23339 2052.5 3724.58 
0.0214347101876788057 0.277102 0 399833 0 14.7381 13.0411 0 01 0 0 0 0 0 0 0 0 0 0 0 0.560066 2.97283 61.9898 623.114 
0.0214883922776032722 0.0812359 0 341263 4.79006 21.7401 7.24953 0 01 0 0 0 0 0 0 0 0 0 0 0 3.38777 6.78345 995.97 3624.13 
0.0220067959506221704 0.341288 0 264453 0.490433 10.4686 6.44002 0 124.9661 -1.49031 49.9764 -114.528 0 -0 0 0 0 -0 0 0 0.344643 1.00159 0 0 
0.0222605782649159638 0.101716 0 259894 1.14343 37.5288 30.2137 0 01 0 -0 0 0 0 -0 0 0 0 -0 0 3.80912 7.4591 745.873 2925.78 
0.0228801319052822569 0.119255 0 243007 0.298746 10.0054 6.1082 0 211.1391 118.392 -174.806 2.48041 0 0 0 0 0 0 0 0 4.3673 8.24001 1634.27 5507 
0.022996137693062569 0.480494 0 248748 0.314356 10.5529 6.50807 0 78.01241 14.658 44.2759 62.5357 0 0 0 0 0 0 0 0 0.986501 3.89855 0 45.9795 
0.0235522818343453927 0.348289 1 60170 0 8.27443 7.19907 0 0 1 0.450192 -0.342052 0.487572 0 0 0 0 0 0 0 0 5.81861 17.5203 59.2791 85.4897 
0.0236695871660383313 0.300384 0 229699 0.136787 9.99552 6.10191 0 144.2031 -69.2999 -12.4158 -125.849 0 0 0 -0 0 0 0 -0 2.36552 5.39269 0 301.352 
0.0237116117243786409 0.084168 0 254173 0.214779 9.83363 6.00338 0 78.8721 77.4969 -8.71272 -11.7945 0 0 -0 0 0 0 -0 0 3.5594 8.51393 663.847 1868.32 
0.023877951826409876 0.438815 0 233255 0.180184 10.2954 6.30752 0 133.4591 -84.2719 91.6909 -47.9826 0 -0 0 0 0 -0 0 0 1.87997 2.79318 0 61.9522 
0.0243714974581842325 0.178306 0 293527 0.11234 10.1072 6.1749 0 223.2871 152.385 -23.8569 161.452 0 0 0 0 0 0 0 0 3.42801 7.47865 270.101 1344.06 
0.0247726477795673534 0.300764 1 220307 0 11.5743 7.53864 0 0 1 21.6005 77.8691 53.3695 0 0 0 0 0 0 0 0 2.45088 6.34697 0 686.733 
0.0251321474306020233 0.197501 0 271605 0.11432 9.81376 5.99189 0 134.6871 121.389 -39.7237 42.7478 0 0 0 0 0 0 0 0 4.83347 11.3893 1313.17 2093.68 
0.0254725797593553134 0.263753 0 228519 0.365832 10.1844 6.22794 0 182.5341 -109.942 139.295 -42.7594 0 0 0 -0 0 0 0 -0 3.24258 10.064 35.302 369.544 
0.0255307407154738049 0.0600383 0 225098 0.121795 12.2802 8.46849 0 49.5951 39.9448 2.3351 -29.3022 0 0 0 -0 0 0 0 -0 5.27041 9.99804 890.996 3186.6 
0.0259851541959235342 0.306325 1 248256 0 8.55333 7.44282 0 0 1 -1.4432 0.309346 -0.247307 0 0 0 -0 0 0 0 -0 1.20585 4.38867 128.582 128.582 
0.0260767935794749481 0.308319 0 225709 0.14864 8.30484 7.47435 0 01 -0 0 0 0 -0 0 0 0 -0 0 0 2.03912 6.40876 18.7795 18.7795 
0.0263423720249299741 0.325613 0 166065 0.16102 7.93151 2.26744 0 336.1151 12.1281 -35.8138 -333.982 0 0 0 -0 0 0 0 -0 1.13861 7.8232 0 10.0071 
0.0263802594291711427 0.081335 1 248679 0 9.55848 5.85607 0 0 1 122.996 6.82015 14.8677 0 0 0 0 0 0 0 0 3.99794 11.3818 171.09 2120.34 
0.0271088519674008745 0.0908138 0 268797 0 11.9676 8.03475 0 84.63411 -64.0297 -38.6537 -39.6109 0 -0 0 0 0 -0 0 0 4.59888 9.41205 1769.77 2629.56 
0.0275423864906218091 0.257935 0 242199 0.703734 11.5779 7.54304 0 73.87771 -72.9905 -11.0176 2.98526 0 0 0 0 0 0 0 0 5.02787 12.1724 1442.42 3460.12 
0.0283378497021661915 0.60311 0 330965 136.028 8.78847 7.64826 0 01 0 0 -0 0 0 0 -0 0 0 0 -0 1.17155 5.33995 60.5202 60.5202 
0.028614673774947183 0.094516 1 9348 0 8.9694 7.80627 0 0 1 -0.00356864 0.00473792 0.00510639 0 -0 0 0 0 -0 0 0 1.10157 4.88424 0 1975.49 
0.0287548398855788402 0.273453 1 255802 0 8.94882 7.7882 0 0 2 -0.00633667 0.847082 -0.74962 0 0 0 0 0 0 0 0 2.48354 6.89544 564.466 1129.31 
0.0296547985711822816 0.27609 0 221507 0.331544 10.8936 6.81044 0 88.77461 79.4009 10.5316 -38.2821 0 0 0 0 0 0 0 0 4.67808 9.97625 676.047 2636.42 
0.0296776777918316137 0.213703 0 228794 0.117994 10.5887 6.53771 0 170.6871 -164.633 -36.331 -26.6492 0 0 0 -0 0 0 0 -0 4.72858 11.6224 408.8 1714.47 
0.0298563007737000577 0.743837 0 223352 0.278755 11.0471 6.96022 0 174.0081 -28.6782 14.4643 171.018 0 -0 0 0 0 -0 0 0 0 2.18953 0 0 
0.0298693344864227363 0.182378 0 222331 0.199099 10.4876 6.45511 0 125.1791 34.6545 85.75 -84.3544 0 0 0 0 0 0 0 0 3.40063 9.78424 217.304 2074.15 
0.0312131596746739945 0.129207 0 87460 0.706832 8.59834 7.4823 0 01 0 0 0 0 0 0 0 0 0 0 0 2.45667 7.02692 886.583 1823.74 
0.0351427315657392159 0.0969242 1 276401 0 8.63401 7.51356 0 0 2 -3.70862 -0.714802 1.26869 0 0 0 0 0 0 0 0 8.59418 21.6473 472.996 2039.14 
0.0354055986417597807 0.251455 0 223614 0.0894103 10.618 6.56226 0 90.79671 62.95 -33.4918 -56.2107 0 0 -0 0 0 0 -0 0 0 0 0 0 
0.0363925229698625202 0.395153 0 139643 1.03625 8.59218 7.47708 0 01 0 -0 0 0 0 -0 0 0 0 -0 0 4.34041 11.8269 28.4132 176.413 
0.0368755008525759875 0.0177674 1 232028 0 9.48432 8.25526 0 0 2 -0.306936 0.800463 1.14753 0 0 0 0 0 0 0 0 7.716 15.4285 133.257 926.519 
0.0372718243885866579 0.0711863 0 230644 0.11418 15.7147 13.9643 0 01 0 -0 0 0 0 -0 0 0 0 -0 0 0 0 0 0 
0.0385404103099880671 0.299328 0 196880 0.620025 8.35899 7.52309 0 01 0 0 0 0 0 0 0 0 0 0 0 0 0 0 0 
0.0406693232618206904 0.192348 0 185677 0.15463 8.30137 7.22281 0 01 0 0 0 0 0 0 0 0 0 0 0 0 0 0 0 
