#1:time #2:r #3.binary? #4:ID #5:zams_m #6:m_progenitor #7:bh mass #8:bh_spin #9:birth-kick(km/s) #10-25:vsarray
0.00113175931557555026 0.269372 0 62090 0.229115 36.5235 32.8711 0 01 0 0 0 0 0 0 0 0 0 0 0 4.7233 8.50987 816.878 1401.65 
0.00113175931557555026 0.565922 0 61743 148.621 45.906 41.3154 0 01 -0 0 0 0 -0 0 0 0 -0 0 0 3.39197 9.62663 0 620.349 
0.00113936867236238276 0.488543 0 220365 0.270443 45.5942 41.0348 0 01 0 0 -0 0 0 0 -0 0 0 0 -0 3.9629 7.94762 0 436.562 
0.00115103986343915608 0.232916 0 73525 0 46.4824 41.8342 0 01 0 0 0 0 0 0 0 0 0 0 0 7.02026 13.6997 1881.21 2584.67 
0.00115103986343915608 0.244075 0 40380 0.0975135 43.8688 39.482 0 01 0 0 0 0 0 0 0 0 0 0 0 7.02026 13.6997 1881.21 2584.67 
0.00115103986343915608 0.646266 0 100504 136.028 46.2076 41.5869 0 01 0 0 0 0 0 0 0 0 0 0 0 6.50902 11.7403 249.759 439.935 
0.00116738868104885631 0.219948 0 34504 0.694864 46.0201 41.4181 0 01 0 0 0 0 0 0 0 0 0 0 0 6.63995 13.1715 1465.87 3023.23 
0.00116738868104885631 0.206234 1 1230 0 46.334 41.7006 0 0 1 0.00626962 0.00498535 -0.00301603 0 0 0 0 0 0 0 0 6.63995 13.1715 1465.87 3023.23 
0.00116738868104885631 0.726282 0 115717 0 45.9119 41.3207 0 01 0 0 0 0 0 0 0 0 0 0 0 9.42454 15.9133 0 403.509 
0.00116738868104885631 1.29234 0 174558 126.594 45.8928 41.3035 0 01 0 0 0 0 0 0 0 0 0 0 0 0 7.77262 0 0 
0.00118177155717342575 0.361254 0 175727 0.323141 46.2272 41.6045 0 01 0 -0 0 0 0 -0 0 0 0 -0 0 9.40968 18.7802 536.362 1975.28 
0.00118177155717342575 0.539543 0 119279 118.641 46.0893 41.4804 0 01 0 0 0 0 0 0 0 0 0 0 0 3.85573 14.191 10.7971 912.508 
0.00118946052935742859 1.02283 0 188351 0.213817 46.3159 41.6843 0 01 0 -0 0 0 0 -0 0 0 0 -0 0 4.13314 12.3406 56.2353 147.453 
0.0011937531702092192 0.214669 0 220657 0.438047 44.4915 40.0424 0 01 -0 0 0 0 -0 0 0 0 -0 0 0 4.37705 7.65445 175.124 1885.48 
0.0011937531702092192 0.452073 0 92882 0.0832034 45.9205 41.3284 0 01 0 0 0 0 0 0 0 0 0 0 0 2.73445 6.42068 0 171.024 
0.00119920020366127695 0.635386 0 64926 104.991 45.5187 40.9668 0 01 0 0 0 0 0 0 0 0 0 0 0 2.55213 5.74537 0 618.137 
0.00119920020366127695 1.94833 0 178115 104.318 45.1542 40.6387 0 01 -0 0 0 0 -0 0 0 0 -0 0 0 0 0 0 0 
0.0012162951236565796 0.0805389 1 34242 0 42.047 37.8423 0 0 1 -0.207678 0.0967172 0.0760521 0 0 0 0 0 0 0 0 3.60876 9.49539 1365.3 2023.84 
0.0012162951236565796 0.321701 0 48757 103.84 44.8908 40.4017 0 01 0 0 0 0 0 0 0 0 0 0 0 7.24679 15.4341 640.337 2283.34 
0.0012162951236565796 0.3911 0 51333 1.18687 40.5486 36.4937 0 01 0 0 0 0 0 0 0 0 0 0 0 6.6507 14.4982 74.9887 301.063 
0.0012162951236565796 0.605189 0 111187 103.99 45.0022 40.502 0 01 0 0 0 0 0 0 0 0 0 0 0 4.31671 11.6978 0 191.745 
0.0012162951236565796 0.981268 0 149723 103.931 44.9734 40.4761 0 01 0 0 0 0 0 0 0 0 0 0 0 3.87087 20.3371 0 484.563 
0.0012162951236565796 1.21352 1 9424 0 42.3891 38.1502 0 0 1 0.000491334 -0.00321505 0.00592338 0 0 0 0 0 0 0 0 6.12559 18.3257 15.2044 901.633 
0.00123524541167324264 0.117926 0 61874 1.34636 38.4585 34.6127 0 01 0 0 0 0 0 0 0 0 0 0 0 4.33835 8.69237 1153.58 2594.27 
0.00123524541167324264 1.20584 0 168168 93.8479 39.5964 35.6368 0 01 0 -0 0 0 0 -0 0 0 0 -0 0 3.65882 10.9474 0 265.116 
0.00124125982435455227 0.499829 0 150155 90.7141 37.8974 34.1077 0 01 0 0 0 0 0 0 0 0 0 0 0 5.08046 10.6204 586.618 586.618 
0.00124125982435455227 0.753716 1 136651 0 37.9372 34.1435 0 0 1 0.00543586 0.00637239 -0.00365973 0 0 0 0 0 0 0 0 3.8158 12.1657 0 36.8216 
0.00124125982435455227 1.60802 0 167048 92.1791 38.6622 34.796 0 01 0 0 0 0 0 0 0 0 0 0 0 0 0 0 0 
0.00127071160575095211 0.179994 0 24087 0.742577 35.6995 32.1295 0 01 0 0 -0 0 0 0 -0 0 0 0 -0 9.16022 16.1368 1354.4 2816.52 
0.00127071160575095211 0.47021 0 176205 86.732 35.8553 32.2698 0 01 0 0 0 0 0 0 0 0 0 0 0 6.55973 14.9157 88.4222 623.117 
0.00127071160575095211 0.562169 1 147898 0 35.5817 32.0235 0 0 2 -0.00382599 -0.00185949 0.00194374 0 0 -0 0 0 0 -0 0 7.80515 21.0759 655.551 1240.82 
0.00127071160575095211 2.15468 0 159815 87.188 36.0644 32.458 0 01 0 0 0 0 0 0 0 0 0 0 0 4.29088 12.775 0 0 
0.00129833714984404114 0.0838795 1 78203 0 29.9674 26.9706 0 0 2 0.379896 -0.0539056 -0.165118 0 0 -0 0 0 0 -0 0 5.9616 12.9864 1095.94 2099.15 
0.00129833714984404114 0.18179 0 59411 0.8799 32.3993 29.1593 0 01 0 0 0 0 0 0 0 0 0 0 0 10.2188 19.3561 1545.87 3342.64 
0.00129833714984404114 0.393511 0 122627 80.8837 32.849 29.5641 0 01 0 -0 0 0 0 -0 0 0 0 -0 0 10.2931 23.7676 236.034 813.75 
0.00129833714984404114 0.712801 0 161709 0 33.8779 30.4901 0 01 -0 0 0 0 -0 0 0 0 -0 0 0 12.1026 27.0562 12.0594 287.921 
0.00129833714984404114 0.918315 1 115918 0 31.798 28.6182 0 0 1 0.000672445 0.00401752 -0.0055542 0 0 0 0 0 0 0 0 5.49469 18.3264 518.241 518.241 
0.00130824178406042219 0.795229 0 42429 77.2398 30.998 27.8982 0 01 0 0 -0 0 0 0 -0 0 0 0 -0 4.71857 8.65339 106.328 146.166 
0.00130824178406042219 1.30231 0 176470 78.0612 31.4176 28.2759 0 01 0 0 0 0 0 0 0 0 0 0 0 5.28593 10.5248 2.31452 2.31452 
0.00133194859420466757 0.141233 1 4485 0 29.4943 26.5449 0 0 1 0.00124711 -0.00171367 0.00767771 0 0 0 0 0 0 0 0 6.99611 12.7503 1488.58 3420.78 
0.00133194859420466757 0.309565 0 9114 0.0829376 30.1662 27.1496 0 01 0 0 0 0 0 0 0 0 0 0 0 13.0336 21.9528 982.576 2883.54 
0.00133194859420466757 0.836893 0 102311 75.0149 29.9328 26.9396 0 01 -0 0 0 0 -0 0 0 0 -0 0 0 10.0559 15.9214 189.767 197.984 
0.00133194859420466757 1.38289 0 152617 73.6069 29.1897 26.2707 0 01 0 -0 0 0 0 -0 0 0 0 -0 0 2.7553 10.9134 0 0 
0.00133194859420466757 1.45574 0 100809 75.8412 30.2987 27.2688 0 01 0 -0 0 0 0 -0 0 0 0 -0 0 10.2243 20.5711 0 29.9028 
0.00134414366858034507 1.18279 0 153939 71.4512 28.1306 25.3176 0 01 0 0 0 0 0 0 0 0 0 0 0 0 8.36254 0 0 
0.00135218467754305593 1.22845 0 114706 70.8061 27.872 25.0848 0 01 -0 0 0 0 -0 0 0 0 -0 0 0 3.69823 7.40693 0 0 
0.00137619906492841035 0.244738 0 24013 1.82921 26.8218 24.1396 0 01 0 0 0 0 0 0 0 0 0 0 0 9.54954 18.0622 1655.37 2483.88 
0.00137619906492841035 0.590784 0 121014 67.3249 26.1292 23.5162 0 01 -0 0 0 0 -0 0 0 0 -0 0 0 13.821 27.6044 776.671 1322.76 
0.00137619906492841035 0.662158 0 111328 67.4826 26.2488 23.624 0 01 0 0 0 0 0 0 0 0 0 0 0 9.31128 24.6863 41.5266 163.184 
0.00137619906492841035 1.02179 0 51259 69.5325 27.2221 24.4999 0 01 0 0 0 0 0 0 0 0 0 0 0 9.0887 16.1914 0 330.537 
0.00137619906492841035 2.12753 0 196871 67.4387 26.1854 23.5669 0 01 0 0 -0 0 0 0 -0 0 0 0 -0 0 0 0 0 
0.00137619906492841035 2.28096 0 174664 69.4959 27.2385 24.5146 0 01 0 0 -0 0 0 0 -0 0 0 0 -0 2.36976 9.37221 0 195.589 
0.00140292502047646532 0.241628 0 12700 0.317022 24.6412 22.1771 0 01 0 0 0 0 0 0 0 0 0 0 0 7.0564 15.643 534.342 951.149 
0.00140292502047646532 0.598196 0 71530 66.0952 25.5411 22.987 0 01 0 0 0 0 0 0 0 0 0 0 0 9.08193 17.5717 62.6981 570.445 
0.00140292502047646532 0.639905 0 11010 64.4191 24.7754 22.2979 0 01 -0 0 0 0 -0 0 0 0 -0 0 0 8.16412 19.5318 515.979 893.942 
0.00140292502047646532 0.775888 0 150382 65.3114 25.1849 22.6664 0 01 0 -0 0 0 0 -0 0 0 0 -0 0 3.85733 21.6183 2.99005 8.934 
0.00142139933988714279 0.121076 1 88100 0 22.0568 19.8511 0 0 1 -0.107531 0.753244 -0.370841 0 0 0 0 0 0 0 0 5.15298 10.3825 1614.02 2878.62 
0.00142139933988714279 0.180173 1 37142 0 24.117 21.7053 0 0 1 -0.00296123 -0.00225655 -0.000402923 0 0 0 0 0 0 0 0 7.68114 18.7623 484.263 1383.52 
0.00142139933988714279 0.547306 1 25684 0 24.1164 21.7047 0 0 1 -0.00335221 0.00303157 -0.00210363 0 -0 0 0 0 -0 0 0 8.1513 18.4091 406.465 464.727 
0.00142139933988714279 0.552047 0 177308 63.2174 24.1847 21.7662 0 01 0 0 -0 0 0 0 -0 0 0 0 -0 7.27724 16.8546 0 638.786 
0.00142139933988714279 1.50883 0 166865 62.8942 24.0212 21.6191 0 01 0 0 0 0 0 0 0 0 0 0 0 5.95078 13.3385 0 0 
0.00144825535594956764 0.432581 0 156600 59.8262 22.5835 20.3252 0 01 0 0 0 0 0 0 0 0 0 0 0 11.5977 23.1172 642.048 1467.61 
0.00144825535594956764 0.675056 0 110778 61.5212 23.3739 21.0365 0 01 0 0 0 0 0 0 0 0 0 0 0 11.4992 25.0256 1041.49 1586.86 
0.00144825535594956764 0.690364 0 25991 61.3019 23.3025 20.9723 0 01 0 0 0 0 0 0 0 0 0 0 0 9.76206 18.8818 0 324.152 
0.00144825535594956764 0.705277 0 95702 60.5667 22.9618 20.6656 0 01 0 0 0 0 0 0 0 0 0 0 0 9.76206 18.8818 0 324.152 
0.00144825535594956764 0.742271 0 107024 60.5044 22.9404 20.6463 0 01 0 0 0 0 0 0 0 0 0 0 0 10.43 32.8946 1.46288 217.868 
0.00144825535594956764 0.755444 0 176147 59.5084 22.4616 20.2155 0 01 -0 0 0 0 -0 0 0 0 -0 0 0 10.43 32.8946 1.46288 217.868 
0.00144825535594956764 1.31789 0 164435 61.1483 23.2264 20.9037 0 01 0 0 0 0 0 0 0 0 0 0 0 5.29787 14.6242 0 0 
0.00144825535594956764 1.63912 0 184514 59.5604 22.5017 20.2515 0 01 -0 0 0 0 -0 0 0 0 -0 0 0 6.47336 22.5869 0 0 
0.00144825535594956764 2.11136 0 197790 61.1754 23.2089 20.888 0 01 0 0 0 0 0 0 0 0 0 0 0 2.23588 6.56862 0 368.488 
0.00144825535594956764 2.12904 0 181303 61.4273 23.3281 20.9953 0 01 0 0 0 0 0 0 0 0 0 0 0 2.23588 6.56862 0 368.488 
0.00147768121427074546 0.562625 0 52253 57.7001 21.5951 19.4356 0 01 0 -0 0 0 0 -0 0 0 0 -0 0 7.8854 21.4229 0 894.731 
0.00147768121427074546 0.595758 0 85265 58.7173 22.0651 19.8586 0 01 0 0 0 0 0 0 0 0 0 0 0 9.33721 22.7886 11.6851 380.122 
0.00147768121427074546 0.696012 0 147276 58.7407 22.1269 19.9142 0 01 0 0 0 0 0 0 0 0 0 0 0 7.66435 23.0679 0 336.672 
0.00150373360835225111 0.180684 0 58352 55.3119 20.5032 18.4529 0 01 -0 0 0 0 -0 0 0 0 -0 0 0 5.38222 14.0929 834.917 2234.39 
0.00150373360835225111 0.294094 0 13642 55.6771 20.6796 18.6116 0 01 -0 0 0 0 -0 0 0 0 -0 0 0 8.73924 20.0882 200.344 1211.33 
0.00150373360835225111 0.838273 0 134142 56.2477 20.9297 18.8368 0 01 0 0 0 0 0 0 0 0 0 0 0 8.29397 23.2416 89.601 94.7134 
0.00150373360835225111 0.908562 0 128897 55.4251 20.6029 18.5426 0 01 0 0 0 0 0 0 0 0 0 0 0 5.46238 12.7123 0 199.339 
0.00150373360835225111 1.50667 0 179664 56.8427 21.2239 19.1015 0 01 0 0 -0 0 0 0 -0 0 0 0 -0 0 10.4555 0 0 
0.00152617487161389167 0.0917389 1 6409 0 18.2393 16.4111 0 0 1 -1.23666 0.0217298 0.116686 0 0 0 0 0 0 0 0 5.33256 11.4481 1500.26 2127.46 
0.00152617487161389167 0.135758 1 28748 0 20.0587 18.0528 0 0 1 -0.000847245 0.00552301 -0.0104598 0 0 0 0 0 0 0 0 5.33256 11.4481 1500.26 2127.46 
0.00152617487161389167 0.201158 1 10715 0 18.4506 16.6033 0 0 1 0.0227572 0.00977278 0.594758 0 0 0 0 0 0 0 0 8.84066 20.3784 448.069 1666.07 
0.00154998784319938256 0.0970235 1 165646 52.3922 17.4842 15.7247 0 0 1 1.57547 -4.52412 -1.38002 0 0 0 0 0 0 0 0 6.51887 11.9469 1882.87 3112.05 
0.00154998784319938256 0.292985 0 44453 51.9633 19.0276 17.1248 0 01 0 0 -0 0 0 0 -0 0 0 0 -0 7.7137 20.2245 178.688 798.366 
0.00154998784319938256 0.346338 1 77606 0 19.2284 17.3056 0 0 2 -0.0194564 0.066126 0.0312644 0 0 0 0 0 0 0 0 7.86274 19.6966 334.922 827.394 
0.00154998784319938256 0.356435 1 75494 0 19.32 17.388 0 0 1 0.0157235 0.0109858 0.00581186 0 0 0 0 0 0 0 0 7.86274 19.6966 334.922 827.394 
0.00154998784319938256 0.361345 0 111644 0.0899192 19.2097 17.2887 0 01 0 0 0 0 0 0 0 0 0 0 0 7.86274 19.6966 334.922 827.394 
0.00154998784319938256 2.57381 0 194166 51.865 18.9891 17.0902 0 01 -0 0 0 0 -0 0 0 0 -0 0 0 0 0 0 0 
0.00155128873738358893 0.163665 0 154047 51.7776 18.9321 17.0389 0 01 0 0 0 0 0 0 0 0 0 0 0 0.871963 4.06364 251.056 292.205 
0.00156625888737731188 0.235011 1 43106 0 18.5141 16.661 0 0 2 -0.00596066 -0.00834663 0.00372944 0 0 0 0 0 0 0 0 5.71412 12.6573 711.547 1699.05 
0.00156625888737731188 0.298074 1 37483 0 17.8579 16.0643 0 0 1 0.152312 -0.561846 0.00193373 0 0 0 0 0 0 0 0 7.45526 16.3291 944.26 1723.14 
0.00156625888737731188 0.314016 0 27716 0.665266 18.7974 16.9177 0 01 0 0 0 0 0 0 0 0 0 0 0 7.45526 16.3291 944.26 1723.14 
0.00156625888737731188 0.514337 1 56191 51.4257 17.2948 15.5526 0 0 1 -0.862893 -0.718708 -2.31258 0 -0 0 0 0 -0 0 0 5.53194 16.6473 245.21 859.971 
0.00156625888737731188 0.630487 0 74245 51.1709 18.6731 16.8057 0 01 0 0 0 0 0 0 0 0 0 0 0 5.59511 15.5396 53.5349 544.551 
0.0016016701751533453 0.554493 0 89578 49.7995 18.0367 16.2269 0 01 0 0 0 0 0 0 0 0 0 0 0 7.72477 24.8783 310.416 468.816 
0.0016016701751533453 0.637063 0 54190 49.2892 17.8203 16.0301 0 01 0 0 -0 0 0 0 -0 0 0 0 -0 8.34928 27.6834 473.845 833.826 
0.0016016701751533453 0.739088 0 116262 49.0266 17.6654 15.8894 0 01 0 0 -0 0 0 0 -0 0 0 0 -0 5.91833 19.948 118.584 437.486 
0.0016016701751533453 0.832699 0 162029 49.042 17.6663 15.8901 0 01 0 0 -0 0 0 0 -0 0 0 0 -0 6.67767 20.1447 24.349 379.877 
0.0016016701751533453 1.02461 0 185627 50.0487 18.1385 16.3195 0 01 -0 0 0 0 -0 0 0 0 -0 0 0 8.3336 23.9232 0 6.39643 
0.0016016701751533453 1.33794 0 161343 0.37733 17.9275 16.1276 0 01 0 0 0 0 0 0 0 0 0 0 0 6.73726 24.3556 0 0 
0.0016016701751533453 1.64153 0 183715 49.3078 17.7848 15.9979 0 01 0 0 0 0 0 0 0 0 0 0 0 4.86006 22.7658 9.43685 9.43685 
0.00163055810750427918 0.326051 0 27316 48.1001 17.268 15.5283 0 01 0 0 0 0 0 0 0 0 0 0 0 11.2262 23.8427 816.957 1961.04 
0.00163055810750427918 0.706818 0 62226 0.112098 17.3508 15.6035 0 01 0 0 0 0 0 0 0 0 0 0 0 12.1159 23.5901 123.537 266.132 
0.00163055810750427918 1.06299 0 45741 47.4805 16.9609 15.2494 0 01 0 0 0 0 0 0 0 0 0 0 0 8.61381 20.4827 1.62675 304.214 
0.00163055810750427918 1.07401 0 99846 48.7235 17.5633 15.7965 0 01 -0 0 0 0 -0 0 0 0 -0 0 0 8.61381 20.4827 1.62675 304.214 
0.00163055810750427918 1.09588 0 164882 0.540809 19.0202 17.1182 0 01 0 0 0 0 0 0 0 0 0 0 0 6.65372 21.0492 0 0 
0.00163055810750427918 1.7759 0 157557 48.6908 17.5454 15.7803 0 01 0 0 0 0 0 0 0 0 0 0 0 5.2805 15.9421 0 0 
0.00163055810750427918 2.30638 0 183290 48.3797 17.4031 15.651 0 01 0 0 -0 0 0 0 -0 0 0 0 -0 2.34245 11.7901 0 0 
0.00166304472831233408 0.166501 0 953 0.234121 16.653 14.9699 0 01 0 0 0 0 0 0 0 0 0 0 0 7.42595 14.7037 1084.65 2587.8 
0.00166304472831233408 0.235217 0 55710 46.9203 16.7126 15.0239 0 01 0 0 0 0 0 0 0 0 0 0 0 6.35099 16.2287 469.736 716.207 
0.00166304472831233408 0.875572 0 57888 0.162566 18.1695 16.3476 0 01 0 -0 0 0 0 -0 0 0 0 -0 0 6.94483 21.762 9.597 521.229 
0.00166304472831233408 1.56181 0 177060 46.786 16.7064 15.0183 0 01 0 0 0 0 0 0 0 0 0 0 0 0 9.52122 0 0 
0.00166304472831233408 1.7367 0 139943 46.444 16.5231 14.8519 0 01 0 0 0 0 0 0 0 0 0 0 0 3.36446 8.4986 0 51.6501 
0.00166304472831233408 1.90734 0 144755 46.2284 16.4013 14.7414 0 01 0 0 0 0 0 0 0 0 0 0 0 0 1.88587 0 0 
0.00168873063280624799 0.346992 0 60170 45.2368 15.9617 14.3425 0 01 0 0 0 0 0 0 0 0 0 0 0 6.02769 17.1917 495.142 981.071 
0.00168873063280624799 0.48174 0 85683 44.9658 15.8407 14.2328 0 01 0 0 0 0 0 0 0 0 0 0 0 8.84518 23.1021 18.8729 423.501 
0.00168873063280624799 0.548501 0 58596 45.3218 16.0333 14.4075 0 01 0 0 -0 0 0 0 -0 0 0 0 -0 6.18235 19.0675 442.945 467.692 
0.00168873063280624799 0.923665 0 65477 45.4948 16.1108 14.4778 0 01 -0 0 0 0 -0 0 0 0 -0 0 0 8.35209 18.5791 371.002 592.97 
0.00168873063280624799 1.0998 0 37829 45.571 16.1279 14.4933 0 01 -0 0 0 0 -0 0 0 0 -0 0 0 8.64187 20.5743 0 402.771 
0.00168873063280624799 1.60697 0 63181 45.5723 16.1267 14.4922 0 01 0 0 0 0 0 0 0 0 0 0 0 3.16777 20.5605 20.0214 20.0214 
0.00168873063280624799 2.63779 0 146828 45.4911 16.1271 14.4926 0 01 0 0 0 0 0 0 0 0 0 0 0 2.4626 10.1169 0 0 
0.00168873063280624799 3.24114 0 194155 45.6927 16.1631 14.5252 0 01 0 0 0 0 0 0 0 0 0 0 0 0 0 0 0 
0.00171881755510172531 0.280884 0 25648 43.9216 15.3802 13.8153 0 01 0 0 0 0 0 0 0 0 0 0 0 9.89699 26.565 522.984 996.2 
0.00171881755510172531 0.460865 0 35366 43.6827 15.2768 13.7216 0 01 0 -0 0 0 0 -0 0 0 0 -0 0 11.1765 31.1691 181.001 709.058 
0.00171881755510172531 0.827568 0 141955 43.841 15.3487 13.7867 0 01 0 0 0 0 0 0 0 0 0 0 0 14.707 27.8394 0 216.965 
0.00171881755510172531 1.18941 0 120626 44.1948 15.503 13.9266 0 01 0 0 0 0 0 0 0 0 0 0 0 2.39539 14.3198 61.8148 61.8148 
0.00175913530970520115 0.192015 1 20900 43.6574 14.3363 12.3982 0 0 1 -4.27279 -1.86963 -4.26461 0 -0 0 0 0 -0 0 0 9.17118 21.6095 621.771 1857.38 
0.00175913530970520115 0.42278 0 83883 43.4998 15.2048 13.6564 0 01 0 0 -0 0 0 0 -0 0 0 0 -0 17.6122 35.9832 463.88 909.21 
0.00175913530970520115 0.496495 0 68583 43.541 15.2333 13.6822 0 01 0 -0 0 0 0 -0 0 0 0 -0 0 8.80277 21.6203 11.6069 663.511 
0.00175913530970520115 0.549014 0 68259 42.4999 14.7601 13.2535 0 01 0 0 0 0 0 0 0 0 0 0 0 15.1126 33.5686 1051.46 1425.41 
0.00175913530970520115 0.621351 0 150523 43.4831 15.1888 13.6419 0 01 0 0 0 0 0 0 0 0 0 0 0 8.15126 33.1262 187.274 398.834 
0.00175913530970520115 0.802759 0 131772 42.8596 14.9503 13.4258 0 01 0 -0 0 0 0 -0 0 0 0 -0 0 11.1133 25.4049 0 470.737 
0.00175913530970520115 0.853603 0 85753 43.43 15.1828 13.6364 0 01 0 0 0 0 0 0 0 0 0 0 0 10.1888 22.8671 0 118.621 
0.00175913530970520115 1.19379 0 170070 42.6563 14.8558 13.3402 0 01 0 0 0 0 0 0 0 0 0 0 0 10.82 33.4782 0 0 
0.00175913530970520115 2.03909 0 94719 43.369 15.1388 13.5965 0 01 0 0 0 0 0 0 0 0 0 0 0 2.06914 6.27027 0 0 
0.00175913530970520115 3.05083 0 197910 42.2259 14.6397 13.0832 0 1.582211 -1.25571 0.769146 0.578795 0 0 0 0 0 0 0 0 2.95106 11.3195 0 0 
0.00182329821754563244 0.180752 0 4347 0.289325 14.344 12.4151 0 20.49571 -17.3599 1.79762 -10.7461 0 0 0 0 0 0 0 0 10.099 21.269 2736.28 3977.68 
0.00182329821754563244 0.132925 1 0 0 14.0627 11.808 0 0 1 25.5321 -26.6766 0.76734 1 26.7064 -25.6044 -2.15764 0 0 0 0 10.099 21.269 2736.28 3977.68 
0.00182329821754563244 0.356723 0 22499 40.4457 14.1422 11.9768 0 29.02111 -29.0202 0.0917355 -0.213949 0 0 0 0 0 0 0 0 19.1769 43.952 173.062 1017.56 
0.00182329821754563244 0.542153 0 51605 40.827 14.0459 11.7727 0 44.02031 -37.9963 -18.8986 11.701 0 0 -0 0 0 0 -0 0 15.6359 40.4472 692.355 1426.96 
0.00182329821754563244 0.610362 1 0 0 14.1483 11.99 0 0 1 -48.591 -13.2048 -2.43075 1 -49.5084 -10.4206 0.875464 0 -0 0 0 25.6045 51.8611 727.068 1751.24 
0.00182329821754563244 0.64912 0 78974 41.3222 14.2925 12.302 0 45.97231 -35.8562 12.9088 25.7128 0 0 0 0 0 0 0 0 13.0755 36.6232 87.2119 457.843 
0.00182329821754563244 0.791346 0 189256 40.4504 14.1455 11.9839 0 41.12731 41.0084 3.11155 -0.285785 0 0 0 0 0 0 0 0 12.8403 30.3812 242.962 874.369 
0.00182329821754563244 0.804494 0 111014 41.6225 14.3979 12.5347 0 12.35571 -11.5724 4.28844 -0.595064 0 -0 0 0 0 -0 0 0 12.8403 30.3812 242.962 874.369 
0.00182329821754563244 0.923247 0 122995 40.6661 14.1029 11.8931 0 42.43081 21.9883 13.3835 33.7308 0 0 0 0 0 0 0 0 18.6553 37.291 1.39376 333.114 
0.00182329821754563244 2.33712 0 195207 39.8973 14.4191 12.5819 0 7.293161 0.138471 0.00277454 7.29184 0 0 0 0 0 0 0 0 2.46002 9.68361 81.4 81.4 
0.00182329821754563244 2.99756 0 82477 40.9632 14.1034 11.8943 0 15.11551 13.0364 5.4337 5.38586 0 0 0 0 0 0 0 0 2.80241 14.309 0 0 
0.00182329821754563244 3.49992 0 121054 41.5427 14.3804 12.4956 0 7.119311 1.90905 6.08342 3.16733 0 0 0 0 0 0 0 0 0 6.96743 0 0 
0.0018507998140080504 0.136264 0 50618 39.3718 14.641 13.0861 0 2.42011 2.29394 0.449946 0.626305 0 0 0 0 0 0 0 0 8.4528 16.661 1370.93 3716.86 
0.0018507998140080504 0.481618 0 7823 0.474897 14.5264 12.8236 0 9.71081 9.64439 1.03771 -0.456523 0 0 0 -0 0 0 0 -0 7.37556 22.5705 117.257 878.152 
0.0018507998140080504 0.554666 0 36465 39.0862 14.6781 13.1722 0 0.3663511 -0.0990244 0.332937 0.116448 0 0 0 0 0 0 0 0 7.82396 25.296 54.8069 504.778 
0.0018507998140080504 0.92652 0 185827 39.6373 14.5145 12.7966 0 9.217281 9.21241 0.263627 0.142498 0 0 0 0 0 0 0 0 13.9453 29.7627 148.908 697.774 
0.0018507998140080504 2.03775 0 191234 39.5368 14.5767 12.9384 0 3.055281 0.116123 -2.95012 -0.786168 0 0 -0 0 0 0 -0 0 2.12399 8.33619 0 1.93483 
0.00189004526458454256 0.369614 0 70798 38.6921 14.8028 13.2922 0 01 0 0 -0 0 0 0 -0 0 0 0 -0 11.8032 26.1882 445.636 1110.8 
0.00189004526458454256 0.386538 1 23355 38.7463 12.77 9.37521 0 0 1 -22.8191 17.5359 6.31155 0 0 0 0 0 0 0 0 13.8605 34.8995 410.501 1304.38 
0.00189004526458454256 0.561299 0 79197 38.3837 14.9662 13.4402 0 01 0 -0 0 0 0 -0 0 0 0 -0 0 12.9869 29.905 195.66 478.988 
0.00189004526458454256 1.30798 0 159247 38.304 14.9983 13.4693 0 01 0 0 0 0 0 0 0 0 0 0 0 10.5412 26.4142 90.8916 90.8916 
0.00189004526458454256 2.09614 0 170525 38.7956 14.7678 13.2605 0 01 0 -0 0 0 0 -0 0 0 0 -0 0 6.3198 8.418 0 692.18 
0.00189004526458454256 2.23597 0 167586 38.5806 14.854 13.3385 0 01 0 0 -0 0 0 0 -0 0 0 0 -0 4.47029 9.02314 0 0 
0.00194118954544301439 0.202964 0 32995 37.0429 15.2621 13.7359 0 01 0 0 0 0 0 0 0 0 0 0 0 13.738 27.6874 535.115 1100.31 
0.00194118954544301439 0.37013 0 87721 37.6852 15.1977 13.6499 0 01 0 0 -0 0 0 0 -0 0 0 0 -0 13.776 31.6598 800.806 1553.55 
0.00194118954544301439 0.410534 1 58537 0 15.1753 13.6577 0 0 1 0.000733895 0.000210427 0.00632588 0 0 0 0 0 0 0 0 17.6329 40.4413 228.706 722.14 
0.00194118954544301439 0.413733 0 36799 37.7695 15.1498 13.6065 0 01 0 0 -0 0 0 0 -0 0 0 0 -0 12.7712 34.8566 105.554 1043.68 
0.00194118954544301439 0.572369 0 159486 37.6837 15.202 13.6538 0 01 0 -0 0 0 0 -0 0 0 0 -0 0 15.325 39.211 305.059 507.231 
0.00194118954544301439 0.676344 0 162583 37.01 36.2581 13.7334 0 01 -0 0 0 0 -0 0 0 0 -0 0 0 14.272 30.6746 181.99 587.983 
0.00194118954544301439 0.69206 1 24007 0 12.5956 9.09176 0 0 1 -29.851 -43.8188 106.817 0 0 0 0 0 0 0 0 14.272 30.6746 181.99 587.983 
0.00194118954544301439 0.962499 0 62469 36.8054 15.1508 13.6357 0 01 0 0 0 0 0 0 0 0 0 0 0 7.72855 41.617 17.8447 380.124 
0.00194118954544301439 1.14528 0 144496 36.8656 36.1214 13.7058 0 01 0 0 0 0 0 0 0 0 0 0 0 6.81605 32.8576 109.34 113.986 
0.00194118954544301439 1.38069 0 169315 36.9321 15.2101 13.6891 0 01 0 0 0 0 0 0 0 0 0 0 0 8.23717 20.6002 311.872 388.892 
0.00194118954544301439 2.60224 0 149543 36.7563 36.0179 13.6549 0 01 0 0 -0 0 0 0 -0 0 0 0 -0 2.51374 10.3989 0 4.15035 
0.00197910187721510354 0.280609 1 209141 0 16.5888 14.9116 0 0 2 0.00992147 -0.00323868 -0.000505025 0 0 0 0 0 0 0 0 10.8277 28.8782 418.374 887.432 
0.00197910187721510354 0.384869 0 8274 35.9089 35.2161 14.2797 0 01 0 0 0 0 0 0 0 0 0 0 0 13.0986 28.7072 125.258 322.261 
0.00197910187721510354 0.421361 0 90793 35.7125 35.0299 14.5186 0 01 0 0 -0 0 0 0 -0 0 0 0 -0 13.5565 29.315 4.80968 502.049 
0.00197910187721510354 0.474751 0 52396 35.881 35.1896 14.2998 0 01 0 0 0 0 0 0 0 0 0 0 0 11.3375 33.1428 205.783 818.819 
0.00197910187721510354 0.559492 0 128347 35.8955 35.2034 14.2858 0 01 -0 0 0 0 -0 0 0 0 -0 0 0 10.7356 30.0134 222.727 224.921 
0.00197910187721510354 1.02145 0 143944 36.4785 35.7544 13.7054 0 01 0 0 -0 0 0 0 -0 0 0 0 -0 5.15303 31.9003 0 0 
0.00197910187721510354 1.85688 0 186579 35.8192 35.1311 14.3429 0 01 0 0 0 0 0 0 0 0 0 0 0 1.89278 13.2944 0 0 
0.00197910187721510354 2.52482 0 198841 35.9894 35.2924 14.2203 0 01 0 0 0 0 0 0 0 0 0 0 0 2.57717 15.1473 0 0 
0.00198268143671078345 0.459662 0 102873 35.6821 35.0011 14.5379 0 01 -0 0 0 0 -0 0 0 0 -0 0 0 3.6347 5.42056 0 365.104 
0.00201714260550479602 0.878578 0 57393 35.2741 34.6137 14.816 0 01 0 -0 0 0 0 -0 0 0 0 -0 0 10.6355 22.2363 0 117.064 
0.00201714260550479602 1.2762 0 165929 34.8882 34.2465 15.1643 0 01 0 0 0 0 0 0 0 0 0 0 0 9.05408 19.3444 0 412.199 
0.00201714260550479602 1.37617 0 87366 35.2759 34.6155 14.814 0 01 0 0 0 0 0 0 0 0 0 0 0 5.52432 17.9168 47.2689 62.0365 
0.00201714260550479602 1.4367 0 191220 35.2742 34.6138 14.8159 0 01 -0 0 0 0 -0 0 0 0 -0 0 0 1.417 17.1701 0 0 
0.00201714260550479602 2.22545 0 196116 35.192 34.5358 14.9677 0 01 0 0 0 0 0 0 0 0 0 0 0 4.39603 6.66499 76.8948 121.144 
0.00205064209668463825 0.158491 0 38744 34.4193 33.8026 15.5515 0 01 0 -0 0 0 0 -0 0 0 0 -0 0 9.73981 16.2284 1354.67 2732.87 
0.00205064209668463825 0.200389 1 134648 34.8295 11.1244 7.1238 0 0 1 13.4516 -3.4541 13.8952 0 0 0 0 0 0 0 0 9.73981 16.2284 1354.67 2732.87 
0.00205064209668463825 0.322761 0 212463 0.544277 34.0019 15.2748 0 01 0 0 0 0 0 0 0 0 0 0 0 10.366 24.7233 477.536 851.073 
0.00205064209668463825 0.940276 0 71669 34.3464 33.7333 15.5963 0 01 0 0 0 0 0 0 0 0 0 0 0 6.62592 33.9884 116.082 251.834 
0.00205064209668463825 1.90974 0 137507 34.7929 34.1563 15.247 0 01 0 0 0 0 0 0 0 0 0 0 0 5.70567 13.3018 0 47.072 
0.00210789000250158473 0.579752 0 138555 33.057 32.5072 15.397 0 26.38471 -17.7402 9.19462 17.2307 0 0 0 0 0 0 0 0 6.89169 23.0022 0 170.295 
0.00210789000250158473 0.68026 0 17420 33.4215 32.854 15.5969 0 22.17941 -10.9541 4.28144 18.8044 0 0 0 0 0 0 0 0 8.26007 20.6748 265.571 300.439 
0.00210789000250158473 1.1404 0 140577 33.135 32.5813 15.4485 0 18.58191 15.5592 -0.944129 10.1147 0 0 0 0 0 0 0 0 10.2526 21.6465 0 410.592 
0.00210789000250158473 1.23293 0 149405 33.1739 32.6181 15.4733 0 29.79151 -22.7697 -15.3727 11.5219 0 0 -0 0 0 0 -0 0 2.46367 14.6446 124.4 124.4 
0.00210789000250158473 1.82666 0 195542 33.3682 32.8027 15.5557 0 41.88621 -27.2797 31.4765 4.41558 0 0 0 0 0 0 0 0 1.78418 10.8998 0 0 
0.00211826446522651347 0.549473 0 41308 32.768 32.2318 15.2506 0 24.92231 -24.8722 -1.57863 0.0330766 0 0 0 0 0 0 0 0 3.86042 13.7625 233.307 233.307 
0.00216040235725799799 0.535759 0 30052 32.4488 31.9273 15.0149 0 17.12641 10.0327 -8.42702 11.0293 0 0 -0 0 0 0 -0 0 9.50922 29.0461 49.4533 84.5874 
0.00216040235725799799 0.54856 0 107151 32.3059 31.7905 14.9051 0 53.29061 44.4063 -17.346 -23.8135 0 0 -0 0 0 0 -0 0 10.4827 27.5995 0 349.221 
0.00216040235725799799 0.566369 0 139792 31.9889 31.4886 14.6552 0 23.87171 -19.3366 13.7584 2.58066 0 0 0 0 0 0 0 0 5.71322 26.8829 0 334.414 
0.00216040235725799799 0.897006 0 121925 32.1195 31.6129 14.7607 0 55.12621 -40.16 7.8519 -36.9381 0 -0 0 0 0 -0 0 0 7.18991 22.3345 0 122.465 
0.00216040235725799799 1.77561 1 175769 32.2172 10.561 6.57026 0 0 1 -17.1526 -3.04287 -5.6391 0 0 0 0 0 0 0 0 8.79182 15.7631 18.1223 18.1223 
0.00216040235725799799 2.08232 0 176355 32.2815 31.7671 14.8874 0 39.80261 5.17478 34.8388 18.54 0 0 0 0 0 0 0 0 4.28751 19.222 0 0 
0.00220864931777592323 0.291361 0 66897 31.2341 30.7677 14.0067 0 86.50311 -80.273 17.2966 -27.2002 0 0 0 0 0 0 0 0 15.9697 37.1138 692.555 1518.81 
0.00220864931777592323 0.411801 0 67849 31.2414 30.7746 14.0118 0 42.47971 -9.55045 -38.4126 15.4203 0 0 0 0 0 0 0 0 11.3917 34.9352 536.151 850.537 
0.00220864931777592323 0.469371 0 109173 31.5459 31.0649 14.2822 0 47.37241 -15.4565 -25.0101 37.1447 0 0 -0 0 0 0 -0 0 14.3796 34.1741 71.8884 849.907 
0.00220864931777592323 0.598256 0 184947 31.2345 30.768 14.007 0 63.27541 13.5131 -45.1261 -42.2469 0 0 0 0 0 0 0 0 14.9715 35.2467 193.01 880.866 
0.00220864931777592323 0.887084 0 15422 31.4974 31.0183 14.2396 0 90.27391 0.479111 -89.0308 14.922 0 0 -0 0 0 0 -0 0 14.2606 26.7621 0 88.2033 
0.00220864931777592323 1.02827 0 55686 31.4713 30.9934 14.2175 0 50.39231 -37.8893 30.8236 -12.3974 0 -0 0 0 0 -0 0 0 11.4239 31.1879 0 100.912 
0.00220864931777592323 1.37699 0 154920 31.2574 30.7899 14.028 0 121.3711 108.251 -43.8079 33.0695 0 0 0 0 0 0 0 0 9.78895 41.7721 0 19.5519 
0.00220864931777592323 1.65298 0 194863 31.5906 31.1081 14.3199 0 56.19671 -42.8445 -35.2828 -8.80569 0 0 0 0 0 0 0 0 5.0821 20.0889 0 0 
0.00226490646448927399 0.395508 0 52314 30.7935 30.3457 13.598 0 183.6391 -97.047 -52.1797 146.91 0 0 0 0 0 0 0 0 13.0512 38.3498 262.631 584.254 
0.00226490646448927399 0.449716 1 86848 30.8252 10.6073 6.61147 0 0 1 3.65331 2.27355 -9.68608 0 0 0 -0 0 0 0 -0 17.3738 39.4089 875.071 1541.91 
0.00226490646448927399 0.474828 0 30458 30.8936 30.442 13.6955 0 55.35231 13.166 -52.5994 11.1279 0 0 0 0 0 0 0 0 13.9736 42.0346 46.2795 564.067 
0.00226490646448927399 0.52117 0 26774 30.6602 30.2186 13.4729 0 130.0491 -66.1372 111.553 -9.72215 0 -0 0 0 0 -0 0 0 15.4309 47.821 546.076 612.894 
0.00226490646448927399 0.622354 0 71493 30.2655 29.8403 13.1476 0 199.7331 -2.59153 165.036 112.47 0 0 0 0 0 0 0 0 12.454 36.1898 91.6134 316.114 
0.00226490646448927399 0.676521 0 19678 30.5204 30.085 13.3418 0 110.0741 -104.184 -32.5593 14.2056 0 0 0 0 0 0 0 0 11.3904 35.5462 0 260.299 
0.00226490646448927399 0.786895 0 34930 31.0161 30.5592 13.8077 0 98.7731 -83.0925 -36.9867 -38.5192 0 0 0 -0 0 0 0 -0 15.0384 37.1963 0 183.687 
0.00226490646448927399 0.833666 0 132704 30.5626 30.1253 13.3811 0 99.63061 7.40427 -71.1631 -69.3343 0 0 0 0 0 0 0 0 10.1061 35.4189 24.0522 355.064 
0.00226490646448927399 1.03174 0 89901 30.3874 29.9576 13.2576 0 84.62271 0.110462 -84.466 5.14488 0 0 -0 0 0 0 -0 0 9.37362 36.5271 26.1528 137.318 
0.00226490646448927399 1.11816 0 59481 30.6952 30.2519 13.5062 0 143.8721 113.043 -88.772 6.32868 0 0 0 0 0 0 0 0 11.1409 40.1191 1.7191 367.939 
0.00226490646448927399 1.34501 0 177987 30.7625 30.3161 13.5695 0 158.9631 112.456 -110.025 -22.7464 0 0 0 0 0 0 0 0 10.7203 28.1408 1.00236 59.6678 
0.00226490646448927399 1.39512 0 169885 30.6318 30.1914 13.4467 0 193.3161 138.85 11.9603 133.973 0 0 0 0 0 0 0 0 9.76678 25.1124 0 54.5752 
0.00226490646448927399 2.08776 0 79775 30.7969 30.3489 13.6017 0 130.5591 94.0204 -19.853 -88.3831 0 0 0 -0 0 0 0 -0 2.11394 12.7595 0 0 
0.00226490646448927399 2.73151 0 194475 30.6804 30.2378 13.4931 0 40.02741 -16.374 -36.4146 -2.83946 0 0 0 0 0 0 0 0 2.61084 13.1381 36.8979 36.8979 
0.00226490646448927399 5.34729 0 69754 30.7762 30.3292 13.5835 0 105.4961 99.977 -1.01065 33.6605 0 0 0 0 0 0 0 0 3.4029 6.71455 0 0 
0.00229407109723224435 0.62467 0 43108 30.0418 29.6265 12.9367 0 170.7761 42.9231 -26.9374 -163.084 0 0 0 0 0 0 0 0 11.8119 29.292 0 314.822 
0.00229407109723224435 0.648437 0 154589 30.0242 29.6096 12.9165 0 168.3541 -9.68199 42.7122 162.558 0 -0 0 0 0 -0 0 0 9.02942 23.8754 79.9748 92.2968 
0.00229407109723224435 1.0526 0 129259 29.8493 29.4419 12.7458 0 155.9431 59.7611 92.3409 -110.545 0 0 0 0 0 0 0 0 9.41619 29.2585 0 382.96 
0.00229407109723224435 1.05615 0 27397 30.0313 29.6163 12.9251 0 135.6941 57.6553 64.59 -104.484 0 0 0 -0 0 0 0 -0 9.41619 29.2585 0 382.96 
0.00229407109723224435 1.56333 0 183892 30.1223 29.7033 13.0154 0 67.25481 -32.3651 -58.0497 -10.2932 0 0 -0 0 0 0 -0 0 6.2358 17.1021 0 198.014 
0.00233735940589256111 0.199511 0 48688 29.678 29.2771 12.5738 0 155.6191 148.931 40.7138 -19.478 0 0 0 0 0 0 0 0 10.9506 20.3136 1933.36 3934.97 
0.00233735940589256111 0.788919 0 86949 29.7502 29.3467 12.6475 0 146.6721 -71.9164 -21.7076 125.974 0 0 0 0 0 0 0 0 7.88468 27.6466 214.074 232.774 
0.00233735940589256111 1.14708 0 153147 29.442 29.0512 12.3301 0 124.5241 63.1546 74.8889 76.873 0 0 0 0 0 0 0 0 10.3657 25.3015 41.0351 469.642 
0.00233735940589256111 1.20762 0 152125 29.2841 28.8992 12.168 0 134.5261 -133.925 -5.44333 -11.4778 0 0 -0 0 0 0 -0 0 6.07844 28.0813 0 16.8382 
0.00238250922430698368 0.254474 0 6292 29.1038 28.7259 11.9779 0 304.0061 149.782 -71.0621 254.824 0 0 -0 0 0 0 -0 0 12.2614 26.1182 650.343 1197.72 
0.00238250922430698368 0.261453 0 19650 29.1244 28.7457 11.9977 0 85.91481 25.0716 -45.2859 68.5708 0 0 0 0 0 0 0 0 12.3188 30.8517 426.44 1182.54 
0.00238250922430698368 0.392882 0 23097 28.6906 28.3296 11.5389 0 72.1121 -66.7735 14.1295 -23.2765 0 -0 0 0 0 -0 0 0 14.4497 34.2515 101.571 890.35 
0.00238250922430698368 0.508037 0 29137 28.8047 28.4394 11.6614 0 142.8111 -136.566 -29.416 29.6508 0 -0 0 0 0 -0 0 0 18.9416 34.1995 153.992 380.976 
0.00238250922430698368 0.726221 0 179360 28.9337 28.5629 11.7979 0 70.21371 11.9961 66.4811 -19.1395 0 0 0 0 0 0 0 0 15.9002 34.6428 79.7099 496.429 
0.00238250922430698368 0.891771 0 95010 29.1241 28.7454 11.9972 0 158.8981 -136.159 81.8017 -4.22312 0 0 0 -0 0 0 0 -0 7.20779 34.2513 0 26.8103 
0.00238250922430698368 0.976752 0 54359 28.9575 28.5856 11.8222 0 85.55661 -66.0911 35.1039 -41.4683 0 0 0 -0 0 0 0 -0 8.90601 23.6968 106.568 106.568 
0.00238250922430698368 1.01836 0 126118 28.7826 28.4181 11.6391 0 184.1351 182.049 -5.01159 27.1788 0 0 0 0 0 0 0 0 4.05933 25.4418 0 4.78456 
0.00238250922430698368 2.08912 0 185079 29.0216 28.6469 11.8913 0 111.1081 -50.7357 -98.4216 -9.17066 0 -0 0 0 0 -0 0 0 8.39829 18.9957 0 33.7849 
0.00240896627628576663 0.168991 0 55732 28.4725 28.1194 11.306 0 155.2881 118.908 -22.7863 97.2412 0 0 0 0 0 0 0 0 6.91882 15.2298 1995.83 2443.48 
0.00240896627628576663 0.399178 1 37014 28.4169 9.59302 5.87717 0 0 1 -11.2522 -0.0490278 0.0463712 0 -0 0 0 0 -0 0 0 9.05015 22.6483 269.828 621.069 
0.00240896627628576663 0.687934 0 99537 28.3536 28.0055 11.1759 0 174.9321 -165.35 10.8884 -56.054 0 0 0 0 0 0 0 0 8.13228 20.9995 118.08 125.286 
0.00240896627628576663 0.773259 0 61856 28.5407 28.1851 11.3775 0 59.10581 -35.0053 -34.3316 33.0071 0 -0 0 0 0 -0 0 0 7.72624 18.5426 0 183.413 
0.00240896627628576663 1.13718 0 162556 28.4539 28.1016 11.2835 0 113.5941 -109.795 28.8247 -4.21123 0 -0 0 0 0 -0 0 0 7.85633 23.5364 143.477 143.477 
0.00240896627628576663 1.38839 0 106288 28.3056 27.9593 11.1245 0 70.73141 64.2957 -29.3077 -3.17212 0 0 0 0 0 0 0 0 1.40078 9.85292 0 0 
0.00240896627628576663 1.80483 0 185355 28.3386 27.9911 11.1605 0 157.4671 -34.3442 -153.613 4.41522 0 0 -0 0 0 0 -0 0 11.0296 18.3796 0 94.8195 
0.00240896627628576663 2.30489 0 193763 28.3885 28.0389 11.2152 0 241.6861 -241.358 9.17045 8.62481 0 0 0 0 0 0 0 0 4.54856 4.54856 0 84.423 
0.00240896627628576663 3.30973 0 67839 28.2831 27.9377 11.1002 0 183.1151 183.11 -1.0776 -0.903813 0 0 0 0 0 0 0 0 0 3.77051 0 0 
0.00244727933647379253 0.196915 0 6219 28.0697 27.7323 10.866 0 115.0831 111.355 -22.5049 18.3791 0 0 0 0 0 0 0 0 10.4097 19.9407 1080.25 2690.54 
0.00244727933647379253 0.468859 0 41160 28.0132 27.6778 10.804 0 150.0241 149.737 8.24355 -4.24954 0 0 0 0 0 0 0 0 10.2461 30.314 488.896 1025.33 
0.00244727933647379253 0.508976 0 171631 28.0086 27.6734 10.8016 0 201.4361 -196.841 40.0863 -14.9454 0 0 0 -0 0 0 0 -0 11.33 32.3934 151.562 167.468 
0.00244727933647379253 0.612055 0 73589 27.9947 27.66 10.7853 0 165.5631 143.382 65.4181 -50.727 0 0 0 0 0 0 0 0 14.0005 37.8086 148.695 571.26 
0.00244727933647379253 0.694696 1 206604 28.5508 20.0148 18.0133 0 0 2 2.49267 16.7624 0.209925 0 0 0 0 0 0 0 0 6.35633 22.5098 318.477 438.993 
0.00244727933647379253 1.1739 0 129944 28.0037 27.6686 10.796 0 180.0431 120.125 -102.44 86.5539 0 0 0 0 0 0 0 0 4.6421 23.2152 0 9.72148 
0.00244727933647379253 1.2352 0 86890 27.8716 27.5411 10.6502 0 112.861 112.346 10.5028 2.3159 0 0 0 0 0 0 0 0 7.37044 23.3645 40.0579 59.1882 
0.00244727933647379253 1.62998 0 185527 27.9668 27.6331 10.7547 0 52.03431 -48.7998 -6.09184 -17.0012 0 -0 0 0 0 -0 0 0 13.1203 26.1516 6.01721 87.016 
0.00244727933647379253 1.69873 0 39238 28.202 27.8597 11.0124 0 292.4911 136.55 246.849 -77.27 0 0 0 0 0 0 0 0 3.36493 10.1741 0 31.0342 
0.00246585158387943853 0.47425 0 89495 27.5396 27.2216 10.288 0 130.131 17.1916 36.6054 123.686 0 0 0 0 0 0 0 0 6.98003 20.4625 7.6838 298.262 
0.00246585158387943853 1.19123 0 166801 27.6131 27.2925 10.3684 0 145.9921 -37.354 -20.4772 139.639 0 0 0 0 0 0 0 0 3.62344 15.6461 0 81.9074 
0.00246585158387943853 1.31887 0 132710 27.7405 27.4148 10.507 0 101.1651 -85.9499 -53.3 2.4852 0 0 0 0 0 0 0 0 0 5.28572 0 0 
0.00251090962378110009 0.205314 0 81542 27.2419 26.9343 9.9606 0 42.6861 -27.4425 -26.4472 19.2237 0 -0 0 0 0 -0 0 0 11.5628 20.1715 865.462 2550.65 
0.00251090962378110009 0.400342 0 141353 27.2499 26.9421 9.9697 0 252.2421 18.9342 231.414 -98.5669 0 0 0 0 0 0 0 0 17.1058 38.1449 182.273 1642.01 
0.00251090962378110009 0.468747 0 61838 27.3392 27.0283 10.0668 0 351.7151 -243.246 -143.933 -209.327 0 0 -0 0 0 0 -0 0 17.9013 36.7703 303.858 818.053 
0.00251090962378110009 0.522003 0 18064 27.4481 27.1333 10.1869 0 65.66881 51.1209 30.8773 -27.3064 0 0 0 0 0 0 0 0 12.4555 32.6524 8.174 957.368 
0.00251090962378110009 1.04477 0 187038 27.069 26.7671 9.77098 0 208.2141 205.791 -1.41496 -31.6422 0 0 0 0 0 0 0 0 8.29753 28.9848 15.4864 259.583 
0.00251090962378110009 1.48959 0 149264 27.311 27.0011 10.0356 0 161.861 -145.331 -10.9182 70.4154 0 0 -0 0 0 0 -0 0 8.82715 24.9972 0 117.676 
0.00251090962378110009 1.5529 0 129927 27.4288 27.1147 10.1664 0 262.831 88.8121 237.48 69.2456 0 0 0 0 0 0 0 0 4.75675 17.3977 0 27.6417 
0.00251090962378110009 1.96638 0 181037 27.2189 26.9122 9.93564 0 245.6091 -147.66 -118.932 156.127 0 0 0 0 0 0 0 0 0 15.5354 0 0 
0.00255857248658711116 1.21621 0 131361 26.4753 26.1946 9.12249 0 205.0321 -152.924 -90.546 102.244 0 0 0 0 0 0 0 0 10.8541 30.234 0 70.7661 
0.00255857248658711116 1.28682 0 49516 26.5959 26.3109 9.2522 0 278.8671 116.019 107.526 229.661 0 0 0 0 0 0 0 0 3.82409 12.8162 16.9519 18.4783 
0.00264235778466128919 0.240769 0 9348 3.20887 25.8797 9.09264 0 329.9961 305.382 83.7704 92.8541 0 0 0 0 0 0 0 0 16.9604 40.638 1332.19 2029.19 
0.00264235778466128919 0.390805 0 18681 26.3216 26.046 8.95446 0 216.5371 205.774 43.7281 -51.3159 0 0 0 0 0 0 0 0 24.5838 54.2509 469.225 792.238 
0.00264235778466128919 0.397018 0 39421 0.585671 26.2549 9.19143 0 242.4811 -213.553 -112.362 -23.813 0 0 -0 0 0 0 -0 0 24.5838 54.2509 469.225 792.238 
0.00264235778466128919 0.501627 0 149828 25.8174 25.5585 8.40933 0 349.9241 -326.452 -109.881 61.6645 0 -0 0 0 0 -0 0 0 19.2894 49.4603 123.063 453.149 
0.00264235778466128919 0.580907 0 64738 25.6395 25.3861 8.21912 0 229.0921 -77.6464 80.2119 200.051 0 -0 0 0 0 -0 0 0 14.8068 46.1393 168.394 228.768 
0.00264235778466128919 0.660556 0 131510 26.0311 25.7653 8.63898 0 223.0561 -19.3023 137.943 -174.221 0 0 0 -0 0 0 0 -0 15.2277 42.4021 70.6038 324.059 
0.00264235778466128919 0.675067 0 77143 25.7174 25.4614 8.3017 0 226.8961 -201.888 10.1661 -103.053 0 -0 0 0 0 -0 0 0 13.7346 48.6771 553.911 588.19 
0.00264235778466128919 0.684053 0 145174 26.2275 25.9547 8.85127 0 162.541 123.444 -99.231 -36.5241 0 0 0 0 0 0 0 0 13.7346 48.6771 553.911 588.19 
0.00264235778466128919 0.764391 0 60209 0.234121 25.5649 8.41706 0 275.641 -75.2444 -256.25 -68.2026 0 0 0 0 0 0 0 0 17.4309 45.4731 6.49497 261.576 
0.00264235778466128919 0.909503 0 89672 26.1819 25.9106 8.80207 0 192.5821 -182.577 58.471 18.2956 0 0 0 0 0 0 0 0 11.9025 44.9185 160.721 180.089 
0.00264235778466128919 0.97888 0 8327 26.2079 25.9357 8.83041 0 321.7571 -307.898 47.7703 -80.2741 0 0 0 0 0 0 0 0 14.6342 35.0829 183.728 260.876 
0.00264235778466128919 1.08264 0 125335 26.327 26.0513 8.96102 0 105.2651 -87.6801 -10.6362 57.2695 0 0 -0 0 0 0 -0 0 17.1209 36.3329 19.4259 259.198 
0.00264235778466128919 1.10748 0 75139 25.8884 25.6272 8.48526 0 161.2231 155.175 41.131 14.8943 0 0 0 0 0 0 0 0 15.4415 43.9755 158.822 519.339 
0.00264235778466128919 1.11555 0 170681 26.196 25.9242 8.81822 0 144.1461 -140.899 30.3943 1.25397 0 0 0 0 0 0 0 0 15.4415 43.9755 158.822 519.339 
0.00264235778466128919 1.22201 0 166175 25.6275 25.3746 8.20558 0 154.0541 148.179 -21.3758 36.3173 0 0 0 0 0 0 0 0 10.8221 33.757 73.7132 126.922 
0.00264235778466128919 1.45618 0 158284 26.0693 25.8021 8.68134 0 283.3941 -233.709 49.0407 152.601 0 0 0 0 0 0 0 0 2.92174 30.9867 0 0 
0.00264235778466128919 1.74959 0 171637 26.0749 25.8075 8.68767 0 280.9941 -181.662 -61.2112 205.45 0 0 0 0 0 0 0 0 7.11026 35.4978 43.2053 43.2053 
0.00264235778466128919 1.83459 0 195209 26.2463 25.973 8.87133 0 490.7791 295.405 -271.763 282.392 0 0 -0 0 0 0 -0 0 14.9863 33.4722 41.5121 67.1768 
0.00268602132147642341 0.815 0 112460 25.4119 25.1657 7.97573 0 331.2031 -288.009 76.3315 144.637 0 0 0 0 0 0 0 0 13.8299 29.2648 0 156.445 
0.00268602132147642341 1.29205 0 105386 25.5418 25.2918 8.11493 0 250.1191 110.569 5.05724 224.295 0 0 0 0 0 0 0 0 7.75008 23.1295 19.3823 347.2 
0.00268602132147642341 1.62148 0 126498 25.4469 25.1998 8.0136 0 128.3571 95.6035 84.7395 -12.4341 0 0 0 0 0 0 0 0 4.9522 16.4769 2.25025 2.25025 
0.00274323125601274014 0.10517 0 140637 24.8446 24.6163 7.38223 0 245.8221 -226.267 -85.7135 43.4156 0 0 0 0 0 0 0 0 11.268 24.1794 2373.38 3523.15 
0.00274323125601274014 0.674314 0 81629 24.9271 24.6963 7.46773 0 283.5691 180.958 116.562 -184.605 0 0 0 -0 0 0 0 -0 19.2786 41.1373 135.302 749.16 
0.00274323125601274014 1.31191 0 185177 24.903 24.673 7.4427 0 481.371 -79.8725 474.697 -0.82951 0 0 0 -0 0 0 0 -0 10.3255 36.2672 0 302.824 
0.00274323125601274014 1.38234 0 163317 24.8582 24.6295 7.39617 0 288.0381 -146.115 -62.8152 -240.146 0 0 0 -0 0 0 0 -0 1.364 16.5094 0 0 
0.00274323125601274014 2.10976 0 165019 24.9833 24.7506 7.52554 0 294.8071 -263.131 89.1241 98.6412 0 -0 0 0 0 -0 0 0 10.2977 30.8199 330.445 342.293 
0.00274323125601274014 2.54364 0 190546 25.1519 24.9144 7.70263 0 296.5741 -33.2445 193.751 222.062 0 0 0 0 0 0 0 0 0 0 0 0 
0.00274323125601274014 3.1693 0 186121 24.8636 24.6348 7.40189 0 333.2141 196.176 -255.948 -83.8862 0 0 0 0 0 0 0 0 3.18851 15.3908 0 0 
0.00274323125601274014 3.5081 0 197303 24.8468 24.6184 7.38385 0 342.3421 -269.526 65.0051 -200.819 0 0 0 0 0 0 0 0 0 10.7918 0 0 
0.00276867239751011837 0.489503 0 63470 24.6264 24.405 7.15724 0 211.5581 -176.634 42.385 108.446 0 0 0 0 0 0 0 0 6.01257 23.0824 613.133 652.086 
0.00276867239751011837 0.549962 0 77879 24.5368 24.3181 7.06552 0 389.4651 373.935 43.9758 -99.608 0 0 0 -0 0 0 0 -0 10.4344 30.2602 408.118 720.007 
0.00276867239751011837 0.686005 0 73656 24.4481 24.2319 6.97499 0 207.6071 187.397 -55.784 -69.7943 0 0 -0 0 0 0 -0 0 4.81511 18.6139 0 0 
0.00276867239751011837 1.5719 0 87460 24.6284 24.4069 7.15939 0 357.6261 -353.482 53.874 -6.68631 0 0 0 -0 0 0 0 -0 6.38207 17.461 3.01789 3.01789 
0.00284827697297818441 0.668175 0 118226 24.3179 24.1053 6.84302 0 143.9881 48.2389 -13.3626 -135.007 0 0 -0 0 0 0 -0 0 15.4492 49.6712 52.0825 247.809 
0.00284827697297818441 1.18912 0 144498 24.3374 24.1242 6.86252 0 144.3081 -107.206 41.5099 87.2281 0 -0 0 0 0 -0 0 0 0 0 0 0 
0.00284827697297818441 1.47901 0 165677 24.2251 24.0156 6.74983 0 466.4711 -443.75 -135.817 47.2683 0 -0 0 0 0 -0 0 0 5.9523 23.7615 0 0 
0.00284827697297818441 2.4206 0 98258 23.7794 23.5826 6.30837 0 189.3861 160.568 78.3945 62.762 0 0 0 0 0 0 0 0 2.5711 15.086 1.3444 1.3444 
0.00284827697297818441 2.45793 0 187804 24.3237 24.111 6.84901 0 293.7051 267.546 -72.0494 -97.4188 0 0 0 0 0 0 0 0 2.5711 15.086 1.3444 1.3444 
0.00287339879277276767 0.0707358 0 109592 0.301201 23.4899 6.21525 0 521.9661 10.6061 -520.849 -32.4523 0 0 -0 0 0 0 -0 0 8.31687 17.9231 455.685 1472.19 
0.00287339879277276767 0.878829 0 83813 23.7236 23.5284 6.25378 0 99.44481 93.9382 22.8206 -23.326 0 0 0 0 0 0 0 0 6.13272 17.4611 0 0 
0.00287339879277276767 1.60188 0 96095 23.6268 23.4343 6.15985 0 397.1231 189.725 118.513 328.125 0 0 0 0 0 0 0 0 6.39098 16.0172 0 46.3154 
0.00293112248867037021 0.158627 0 74516 23.4024 23.216 5.94427 0 463.8731 -461.883 -22.0938 -36.8033 0 0 -0 0 0 0 -0 0 12.0706 22.8465 1651.41 4060.08 
0.00293112248867037021 0.218448 0 5708 23.4869 23.2981 6.02505 0 383.1721 -86.443 286.534 239.262 0 -0 0 0 0 -0 0 0 12.0657 31.625 391.279 1332.09 
0.00293112248867037021 0.314294 0 77061 23.5 23.311 6.03758 0 238.5691 66.2794 164.369 -159.703 0 0 0 0 0 0 0 0 16.7652 43.5745 426.497 1014.15 
0.00293112248867037021 0.735622 0 190351 23.2074 23.0259 5.75943 0 311.1651 -270.787 11.7227 -152.843 0 0 0 0 0 0 0 0 8.14666 34.8682 12.9114 76.0502 
0.00293112248867037021 3.05818 0 199257 23.1499 22.97 5.70562 0 218.2861 196.352 -92.6851 -22.4487 0 0 0 0 0 0 0 0 0 6.08062 0 0 
0.002982413989501209 0.765079 0 78975 22.9598 22.7852 5.52923 0 267.8871 -175.778 128.77 155.832 0 -0 0 0 0 -0 0 0 17.688 36.9251 13.7584 273.853 
0.002982413989501209 0.901058 0 159018 22.8485 22.6766 17.2263 0 01 0 -0 0 0 0 -0 0 0 0 -0 0 13.4715 28.719 6.48886 317.538 
0.002982413989501209 0.901344 0 106367 22.8454 22.6735 17.224 0 01 -0 0 0 0 -0 0 0 0 -0 0 0 13.4715 28.719 6.48886 317.538 
0.002982413989501209 1.10914 0 31525 22.9882 22.8129 5.55544 0 438.2551 348.48 -45.2018 -261.889 0 0 0 -0 0 0 0 -0 5.56209 28.9475 0 203.656 
0.002982413989501209 1.21508 0 175854 22.8738 22.7014 17.2367 0 01 0 0 0 0 0 0 0 0 0 0 0 13.4365 31.7672 175.414 286.534 
0.002982413989501209 1.92743 0 153408 22.7891 22.6188 17.2055 0 01 0 -0 0 0 0 -0 0 0 0 -0 0 5.71215 24.734 0 2.96728 
0.00301215215869816933 1.39478 0 148434 22.568 22.4036 17.1267 0 01 0 -0 0 0 0 -0 0 0 0 -0 0 4.15065 12.4725 0 0 
0.00306048836013044986 0.373223 0 13000 22.4451 22.2838 17.0834 0 01 0 0 0 0 0 0 0 0 0 0 0 15.4138 35.9161 286.526 971.764 
0.00306048836013044986 0.468592 1 233917 0 23.666 21.2994 0 0 1 -9.72614 14.3111 -23.4344 0 -0 0 0 0 -0 0 0 13.9068 37.3833 116.936 903.667 
0.00306048836013044986 0.669628 0 5085 22.277 22.12 17.0177 0 01 0 0 0 0 0 0 0 0 0 0 0 12.8168 36.3894 0 414.024 
0.00306048836013044986 0.824857 0 45426 22.4067 22.2462 17.0694 0 01 0 -0 0 0 0 -0 0 0 0 -0 0 13.9985 39.6068 79.3927 406.352 
0.00312359679663051174 0.239641 0 24795 21.8114 21.6659 16.8356 0 01 -0 0 0 0 -0 0 0 0 -0 0 0 14.1058 35.4104 732.328 1525.41 
0.00312359679663051174 0.319767 0 1919 22.1494 21.9953 16.9687 0 01 0 0 0 0 0 0 0 0 0 0 0 19.5862 44.8563 180.625 665.747 
0.00312359679663051174 1.20202 0 153745 22.0528 21.9015 16.9303 0 01 0 0 -0 0 0 0 -0 0 0 0 -0 9.49926 28.5803 112.066 119.503 
0.00312359679663051174 1.23812 0 150319 21.8709 21.724 16.8571 0 01 0 0 0 0 0 0 0 0 0 0 0 14.7727 31.9436 0 692.335 
0.00312359679663051174 1.30623 0 161955 22.1664 22.0119 16.9754 0 01 0 0 0 0 0 0 0 0 0 0 0 10.4909 23.6074 0 31.4537 
0.00312359679663051174 1.60554 0 143717 21.9963 21.8464 16.9078 0 01 0 0 0 0 0 0 0 0 0 0 0 9.70656 20.9906 0 309.906 
0.00312359679663051174 1.77031 0 189779 22.0877 21.9354 16.943 0 01 -0 0 0 0 -0 0 0 0 -0 0 0 10.4936 27.9604 112.738 112.738 
0.00312359679663051174 1.7705 0 163978 22.052 21.9006 16.9296 0 01 0 0 0 0 0 0 0 0 0 0 0 10.4936 27.9604 112.738 112.738 
0.0031753289007331654 0.15242 0 18397 21.7831 21.6382 16.8222 0 01 0 0 0 0 0 0 0 0 0 0 0 11.5866 24.9457 1381.75 2101.68 
0.0031753289007331654 0.269774 0 62404 21.7151 21.5718 16.795 0 01 0 0 0 0 0 0 0 0 0 0 0 15.6428 31.3764 774.5 1905.42 
0.0031753289007331654 0.282821 0 5802 21.7804 21.6356 16.8206 0 01 0 0 0 0 0 0 0 0 0 0 0 15.18 35.7723 353.084 1080.08 
0.0031753289007331654 0.400763 0 34929 21.5077 21.3693 16.7054 0 01 0 0 0 0 0 0 0 0 0 0 0 18.3253 48.6895 30.7035 900.262 
0.0031753289007331654 0.872479 0 63111 21.6082 21.4672 16.7508 0 01 0 0 0 0 0 0 0 0 0 0 0 8.81416 24.6821 0 289.359 
0.0031753289007331654 1.76936 0 147298 21.7574 21.6131 16.8097 0 01 -0 0 0 0 -0 0 0 0 -0 0 0 3.51739 20.9108 0 110.603 
0.0031753289007331654 1.82818 0 150526 21.52 21.3813 16.7138 0 01 0 0 0 0 0 0 0 0 0 0 0 9.0836 18.1286 100.945 117.011 
0.0031753289007331654 1.94421 0 190379 21.548 21.4087 16.7239 0 01 0 0 0 0 0 0 0 0 0 0 0 7.9307 21.7329 5.73242 22.8188 
0.0031753289007331654 2.44483 0 172139 21.7289 21.5853 16.8 0 01 0 0 0 0 0 0 0 0 0 0 0 0 5.0868 0 0 
0.00323992204416736346 0.217224 0 2133 0.280552 21.2817 16.2748 0 01 0 0 0 0 0 0 0 0 0 0 0 15.6964 31.1579 1447.21 2236.19 
0.00323992204416736346 0.62789 1 203034 0 13.9402 11.5524 0 0 2 -29.0407 6.08421 13.352 0 0 0 0 0 0 0 0 14.5342 38.372 106.444 423.483 
0.00323992204416736346 0.766153 0 74169 21.2241 21.0923 16.583 0 01 0 -0 0 0 0 -0 0 0 0 -0 0 14.7254 38.7877 44.4928 133.723 
0.00323992204416736346 1.01562 0 125439 21.3014 21.1679 16.6148 0 01 -0 0 0 0 -0 0 0 0 -0 0 0 12.2965 31.69 29.9287 70.7494 
0.00323992204416736346 1.18449 0 139643 0 21.403 18.7963 0 01 0 0 0 0 0 0 0 0 0 0 0 10.6745 27.3403 0 214.705 
0.00323992204416736346 1.48821 0 161127 21.1922 21.0611 16.5698 0 01 0 0 0 0 0 0 0 0 0 0 0 1.50461 27.0463 0 0 
0.00323992204416736346 1.61901 0 74810 21.3199 21.1859 16.6233 0 01 0 0 0 0 0 0 0 0 0 0 0 4.85904 22.578 0 0 
0.00332658438052428574 0.338723 0 52009 20.6358 20.517 16.3128 0 01 0 0 0 0 0 0 0 0 0 0 0 20.0622 49.9277 881.097 1366.89 
0.00332658438052428574 0.481521 0 61834 21.0137 20.8865 16.487 0 01 0 0 0 0 0 0 0 0 0 0 0 15.5017 47.8708 492.054 550.724 
0.00332658438052428574 0.514625 0 13778 21.0531 20.9249 16.5054 0 01 0 0 0 0 0 0 0 0 0 0 0 25.4066 54.9902 208.888 893.252 
0.00332658438052428574 0.908629 0 164300 20.9292 20.804 16.4467 0 01 0 -0 0 0 0 -0 0 0 0 -0 0 10.9165 28.2046 0 133.364 
0.00332658438052428574 1.78357 0 171741 20.7738 20.6518 16.3765 0 01 0 0 -0 0 0 0 -0 0 0 0 -0 8.74974 36.7015 0 4.22105 
0.00332658438052428574 3.79698 0 199578 20.9148 20.7899 16.4411 0 01 0 0 0 0 0 0 0 0 0 0 0 0 3.3187 0 0 
0.00334749571478502352 0.392529 0 33876 20.5916 20.4737 16.2926 0 01 0 0 0 0 0 0 0 0 0 0 0 12.1218 24.9914 246.761 817.229 
0.00334749571478502352 0.457052 0 23718 20.5115 20.3953 16.2557 0 01 0 0 0 0 0 0 0 0 0 0 0 6.79003 16.8741 28.5566 72.7186 
0.00334749571478502352 0.878312 0 98571 20.554 20.4368 16.274 0 01 0 -0 0 0 0 -0 0 0 0 -0 0 4.41969 17.6384 0 6.63996 
0.00334749571478502352 0.907178 0 163707 20.5744 20.4567 16.2842 0 01 0 0 0 0 0 0 0 0 0 0 0 3.64772 15.4379 0 134.646 
0.00336168499765558118 1.21197 0 82874 20.4299 20.3155 16.2154 0 01 0 0 0 0 0 0 0 0 0 0 0 3.60448 10.8209 97.0216 105.757 
0.00336168499765558118 1.37214 0 143635 20.4154 20.3013 16.2072 0 01 0 0 0 0 0 0 0 0 0 0 0 0 4.08285 0 0 
0.00343267803159317576 0.150934 0 29294 20.3085 20.1965 16.1571 0 01 0 0 0 0 0 0 0 0 0 0 0 15.5304 32.6185 2141.74 3552.98 
0.00343267803159317576 0.307091 0 44830 20.2644 20.1532 16.1362 0 01 0 -0 0 0 0 -0 0 0 0 -0 0 12.7917 33.9328 282.841 584.376 
0.00343267803159317576 0.396448 0 17368 20.3403 20.2278 16.1724 0 01 0 0 0 0 0 0 0 0 0 0 0 17.2086 47.3697 219.6 943.967 
0.00343267803159317576 1.18131 0 151331 20.3561 20.2432 16.1799 0 01 -0 0 0 0 -0 0 0 0 -0 0 0 11.9442 39.4926 0 0 
0.00343267803159317576 1.18941 0 144527 0.19477 33.1661 18.0276 0 8.022661 6.15361 -3.63563 3.64394 0 0 -0 0 0 0 -0 0 11.9442 39.4926 0 0 
0.00343267803159317576 1.54765 0 148444 20.3789 20.2656 16.1915 0 01 0 0 0 0 0 0 0 0 0 0 0 18.716 46.7609 9.73769 120.371 
