#1:time #2:r #3.binary? #4:ID #5:zams_m #6:m_progenitor #7:bh mass #8:bh_spin #9:birth-kick(km/s) #10-25:vsarray
0.00943716687223148699 0.370101 1 258757 0 42.8464 38.5618 0 0 1 0.241307 -1.33927 0.234042 0 0 0 0 0 0 0 0 0 1.11484 0 0 
0.00947577282066739378 1.37058 0 178115 104.318 101.111 40.5 0 01 0 0 0 0 0 0 0 0 0 0 0 0 1.39949 0 0 
0.00971747776129949781 0.180661 1 269088 0 38.1206 34.3086 0 0 1 0.0232987 -0.122529 0.403369 0 0 -0 0 0 0 -0 0 1.48085 2.79041 1057.21 1057.21 
0.0100316167196898981 0.357083 1 218874 0 36.7297 33.0567 0 0 2 -0.0127731 0.00574047 -0.020795 0 0 0 -0 0 0 0 -0 0 0.343275 0 0 
0.0101126485419639513 0.145641 1 159815 0 36.2852 32.6567 0 0 2 0.134866 0.177031 -0.655387 0 0 0 -0 0 0 0 -0 1.03111 1.31615 0 1800.1 
0.0101851712607560069 0.161552 0 246653 0.0880113 34.2604 30.8343 0 01 0 0 0 0 0 0 0 0 0 0 0 1.32919 2.53976 1169.39 2324.25 
0.010267172678968612 0.189905 0 258778 0.970285 32.5756 29.318 0 01 0 0 0 0 0 0 0 0 0 0 0 0.564781 2.06975 450.015 450.015 
0.0104320519172248476 0.511365 0 4485 0.713149 30.818 27.7362 0 01 0 0 0 0 0 0 0 0 0 0 0 0 0 0 0 
0.0105947511753538368 0.0865323 1 240914 0 30.5639 27.5075 0 0 2 -0.00124121 0.000109849 -0.00758669 0 0 0 0 0 0 0 0 1.30107 2.39116 6115.89 10532.4 
0.0107017873180079662 0.319864 0 261259 0.156462 29.6226 26.6603 0 01 0 0 0 0 0 0 0 0 0 0 0 1.31605 2.31056 81.5402 1103.7 
0.0107135430080097151 0.469687 0 317288 0.265359 28.9729 26.0756 0 01 0 0 0 0 0 0 0 0 0 0 0 0 0.480493 0 0 
0.0108157853198756568 0.190774 1 111328 0 27.9794 25.1815 0 0 1 0.109417 -0.950912 -0.174131 0 0 0 0 0 0 0 0 1.96231 2.95799 701.899 3609.28 
0.0108357244660046027 0.321687 1 227801 0 28.5891 25.7302 0 0 1 0.00821076 -0.0211643 0.00222361 0 0 0 0 0 0 0 0 0.326022 0.326022 0 0 
0.0110332217180207186 0.541103 1 11010 0 27.1452 24.4307 0 0 1 0.0173502 -0.00401998 0.00744994 0 0 0 0 0 0 0 0 0 0 0 0 
0.0111097669777247589 0.114843 0 316394 0.186145 26.4202 23.7782 0 01 0 0 0 0 0 0 0 0 0 0 0 1.68895 2.55579 1593.1 3824.54 
0.0111468435861550013 0.470012 0 166865 62.8942 26.4055 23.7649 0 01 0 0 0 0 0 0 0 0 0 0 0 0 0 0 0 
0.0112231660066181398 0.201855 0 220522 0.217581 25.6333 23.07 0 01 0 0 0 0 0 0 0 0 0 0 0 0.772813 1.33962 239.797 239.797 
0.0112317050188172757 0.169369 1 71530 0 27.1025 24.3923 0 0 2 0.307222 0.165006 0.585448 0 0 0 0 0 0 0 0 0.341703 0.692642 0 867.792 
0.0112441738449009752 0.42387 0 110778 0.472337 25.7005 23.1304 0 01 0 0 0 0 0 0 0 0 0 0 0 0.831157 1.24687 0 0 
0.011273505563327171 0.22249 1 25991 0 25.6309 23.0678 0 0 1 -0.000643604 0.00641388 -0.0113625 0 0 0 0 0 0 0 0 0.205115 2.09464 0 0 
0.0112837350457161197 0.130964 1 197790 0 25.5638 23.0074 0 0 2 -0.000952106 -0.015205 -0.00481371 0 0 0 0 0 0 0 0 0 0.357425 0 0 
0.0113856441816381129 0.312313 0 12700 0.0900466 26.4529 23.8076 0 01 -0 0 0 0 -0 0 0 0 -0 0 0 0 0.934528 0 0 
0.0114142203575413187 0.489021 0 176147 0.157297 24.6976 22.2278 0 01 0 0 0 0 0 0 0 0 0 0 0 0.497449 0.497449 0 0 
0.011485874329386336 1.40003 0 85265 0.119653 24.2666 21.8399 0 01 0 0 -0 0 0 0 -0 0 0 0 -0 1.3744 1.3744 0 0 
0.0116734363639798486 0.637953 0 179664 0.138512 23.321 20.9889 0 01 0 0 0 0 0 0 0 0 0 0 0 0 0 0 0 
0.011688032331767826 0.0634479 1 278587 0 60.0601 23.9665 0 0 2 -0.00661771 -0.00806805 0.00118098 0 0 0 -0 0 0 0 -0 0.384638 0.71027 2446.95 3060.08 
0.0117387866226508104 0.300014 0 134142 0.130825 23.0572 20.7514 0 01 0 -0 0 0 0 -0 0 0 0 -0 0 0.311819 0.311819 0 0 
0.0117983052254514026 0.189788 1 13642 0 22.7588 20.4829 0 0 1 -0.0209537 -0.00980608 -0.0329388 0 0 0 -0 0 0 0 -0 1.37039 2.73347 0 1481.45 
0.0118249746366162947 0.288904 0 128897 0.206469 22.637 20.3733 0 01 -0 0 0 0 -0 0 0 0 -0 0 0 1.14964 2.2991 0 194.829 
0.011837091574197673 0.250891 1 58352 0 22.582 20.3238 0 0 2 0.165443 0.152806 -0.0327952 0 0 0 -0 0 0 0 -0 0.499132 1.51722 0 582.69 
0.011946382474063863 0.598795 1 28748 0 22.0411 19.837 0 0 1 -0.00675209 -0.00955188 0.00562601 0 0 0 0 0 0 0 0 0 0.581401 0 0 
0.0122266644559327325 0.154829 1 44453 0 20.8918 18.8026 0 0 1 0.0126886 0.0129385 -0.00522154 0 0 0 0 0 0 0 0 1.07141 2.01669 785.538 785.538 
0.0122390269679362364 0.176223 0 194166 0.131463 20.8394 18.7555 0 01 0 0 -0 0 0 0 -0 0 0 0 -0 0.358775 1.24772 390.558 515.328 
0.0122500942357988626 0.40019 1 154047 0 20.8048 18.7243 0 0 2 -0.00178728 -0.0154466 -0.0109161 0 0 -0 0 0 0 -0 0 0 0.405019 0 0 
0.0123677008096305108 0.644162 1 43106 0 20.3476 18.3129 0 0 1 -0.0112618 0.0102296 0.0128847 0 -0 0 0 0 -0 0 0 0.651712 1.94807 0 0 
0.0124797654848590074 1.32286 0 185627 0.116248 19.9233 17.9309 0 01 0 -0 0 0 0 -0 0 0 0 -0 0 0 0 0 0 
0.0125142868299225711 0.140219 1 89578 0 19.8182 17.8364 0 0 2 0.00107987 -0.00427322 -0.0162611 0 0 0 0 0 0 0 0 0.614641 1.22706 0 813.789 
0.0125397143457463677 0.169757 0 161343 0.465264 19.7268 17.7541 0 01 0 0 0 0 0 0 0 0 0 0 0 0.504049 1.88789 419.492 419.492 
0.0125843686479154872 0.263348 0 183715 0.183502 19.567 17.6103 0 01 0 -0 0 0 0 -0 0 0 0 -0 0 0.271307 0.794633 0 0 
0.0126315233022081582 0.225703 0 116262 0.0818155 19.4232 17.4809 0 01 0 0 0 0 0 0 0 0 0 0 0 0 0.224937 0 0 
0.0126392724910752083 0.213182 0 217269 0.0823065 19.4142 17.4728 0 01 0 0 0 0 0 0 0 0 0 0 0 0.859382 1.4978 0 2305.49 
0.0126696396776219827 0.243243 1 99846 0 19.2655 17.3389 0 0 1 0.000831412 -0.0131597 -0.00771281 0 0 0 -0 0 0 0 -0 0.977391 1.73624 0 66.0856 
0.0126744169746036885 15.4275 1 157557 0 19.2619 17.3357 0 0 2 -0.0048249 -0.00937801 -0.0234639 0 0 0 0 0 0 0 0 0 0 0 0 
0.0127211899116457337 0.458569 1 183290 0 19.1096 17.1986 0 0 2 -0.00241309 -0.00885068 -0.00378601 0 0 0 0 0 0 0 0 0.92593 0.92593 0 0 
0.0127315252849436299 0.303624 1 164882 0 22.3818 20.1436 0 0 2 0.00608663 0.0168786 0.0180903 0 0 0 0 0 0 0 0 0 1.20039 0 0 
0.0127326338819820188 0.31555 0 62226 0.142418 19.075 17.1675 0 01 0 0 -0 0 0 0 -0 0 0 0 -0 0.311547 0.311547 0 0 
0.0128198318017324082 0.222958 1 272090 0 58.9062 53.0156 0 0 2 0.00034571 -0.0020327 -0.0108931 0 0 0 -0 0 0 0 -0 0.431071 1.30424 0 0 
0.0128598648487571552 0.433211 1 45741 0 18.6795 16.8116 0 0 2 -0.00467684 -0.00776907 -0.00194049 0 0 -0 0 0 0 -0 0 0 0.430452 0 0 
0.0129704700361577014 0.441004 0 177060 0.110153 18.5401 16.6859 0 01 0 0 0 0 0 0 0 0 0 0 0 0.446246 0.446246 0 0 
0.0129757586269956884 0.378937 0 953 0.0973297 18.5223 16.6699 0 01 -0 0 0 0 -0 0 0 0 -0 0 0 0 0 0 0 
0.0130261778369762573 0.280558 0 139943 0.149861 18.4749 16.6272 0 01 0 0 0 0 0 0 0 0 0 0 0 0.827004 1.38599 763.004 970.36 
0.0130619001696783352 0.0795099 1 144755 0 18.4169 16.5748 0 0 2 -0.00780591 0.000292678 0.011221 0 0 0 0 0 0 0 0 0.402902 0.727569 0 4849.8 
0.0131539780802734877 1.17552 0 194155 45.6927 18.2471 16.4218 0 01 0 0 0 0 0 0 0 0 0 0 0 0 0 0 0 
0.0131750186966114475 0.256227 1 63181 0 18.1993 16.3787 0 0 1 0.00138716 0.0125481 0.00317618 0 0 0 0 0 0 0 0 0.256428 0.765487 0 0 
0.0131753146940386378 0.179402 0 37829 0.157644 18.203 16.3821 0 01 -0 0 0 0 -0 0 0 0 -0 0 0 0.185795 1.5764 0 7.82156 
0.0131893292323584307 0.213186 0 146828 0.0831756 18.1705 16.3528 0 01 0 0 0 0 0 0 0 0 0 0 0 0.226358 1.30549 0 59.2201 
0.0132192588311500579 0.409067 1 58596 0 18.1136 16.3015 0 0 1 0.00613287 -0.038999 0.0129484 0 0 -0 0 0 0 -0 0 0 0 0 0 
0.013243631785448037 0.514612 0 270170 0.0930264 18.0908 16.2809 0 01 0 0 0 0 0 0 0 0 0 0 0 0 0.517799 0 0 
0.0132845044092580137 0.530733 0 85683 2.89427 17.9614 16.1643 0 01 0 0 0 0 0 0 0 0 0 0 0 1.06663 2.14365 0 0 
0.0133443644075413054 0.130469 1 247093 0 52.2213 46.9991 0 0 2 0.312253 -0.645077 -0.478258 0 0 0 0 0 0 0 0 0.36209 0.758568 0 1136.32 
0.0135258328847084677 0.608021 0 35366 0.154267 17.4873 15.7371 0 01 0 0 0 0 0 0 0 0 0 0 0 0.618012 2.46204 0 0 
0.0135621362563904738 0.108219 0 83883 0.238606 17.4138 15.6708 0 01 0 0 0 0 0 0 0 0 0 0 0 0.366677 0.730221 0 0 
0.0135653659141973457 0.330409 1 150523 0 17.407 15.6646 0 0 2 -0.0240711 -0.00264164 -0.0165608 0 -0 0 0 0 -0 0 0 0.673541 1.01616 258.316 258.316 
0.0136205785109770935 0.287704 0 304719 0.821201 17.3252 15.5909 0 01 0 0 0 0 0 0 0 0 0 0 0 0.28717 0.566682 133.711 133.711 
0.0136274000699569912 0.411299 0 25684 0.0987938 26.1306 23.5175 0 01 -0 0 0 0 -0 0 0 0 -0 0 0 0 1.21979 0 0 
0.0136916435568028658 0.586279 0 131772 0.266575 17.1539 15.4366 0 01 0 0 0 0 0 0 0 0 0 0 0 0 0 0 0 
0.0137337118301355376 0.619248 0 170070 0.384034 17.0768 15.3671 0 01 0 0 0 0 0 0 0 0 0 0 0 0 0 0 0 
0.0137667516023329776 0.291781 0 68259 0.0831527 17.015 15.3114 0 01 0 0 0 0 0 0 0 0 0 0 0 0.599061 1.19267 0 0 
0.0138246239466655926 0.535525 0 197910 42.2259 16.8909 15.1996 0 01 0 0 0 0 0 0 0 0 0 0 0 0 0 0 0 
0.0139561298168712905 0.219749 1 111014 0 16.6576 14.9894 0 0 2 -0.0122875 0.0201918 -0.0237625 0 0 0 0 0 0 0 0 0.850822 1.93724 435.964 1372.16 
0.0139738742818745192 0.138455 0 121054 41.5427 16.6171 14.9529 0 01 0 0 0 0 0 0 0 0 0 0 0 1.72875 2.66098 2216.73 4109.06 
0.0139750242328535237 0.514655 0 4347 0.328692 16.6253 14.9603 0 01 0 0 0 0 0 0 0 0 0 0 0 0 0 0 0 
0.0140569521181334051 0.0911338 0 78974 0.503228 16.5271 14.8718 0 01 0 0 0 0 0 0 0 0 0 0 0 0.506171 0.918646 2103.36 4499.5 
0.0140828736070795959 0.248411 1 271874 0 38.6347 34.7712 0 0 2 0.00372305 -0.00901324 -0.00544786 0 0 -0 0 0 0 -0 0 1.99372 4.50149 149.037 1578.3 
0.0141052939013222006 0.158227 0 82477 40.9632 16.3956 14.7533 0 01 0 0 0 0 0 0 0 0 0 0 0 0.624158 1.52514 0 190.635 
0.0141368944449887998 0.053705 0 51605 0.143245 16.3405 14.7037 0 01 0 0 0 0 0 0 0 0 0 0 0 0.856151 1.17187 1711.75 8182.28 
0.0141485405186213293 0.301167 1 6025 0 16.3204 14.6855 0 0 1 0.00383251 -0.00440752 0.005628 0 0 0 0 0 0 0 0 0.604323 1.21626 0 0 
0.0141744691072835556 0.2934 0 122995 0.179742 16.2671 14.6375 0 01 0 0 0 0 0 0 0 0 0 0 0 0.289123 0.859933 0 0 
0.014206226307784944 0.291701 1 5284 0 16.22 14.5951 0 0 1 -0.00255565 -0.00503219 -0.0017779 0 0 -0 0 0 0 -0 0 0.290316 0.863884 0 41.0937 
0.0142270265122010596 0.136712 0 22499 0.158032 16.1658 14.5462 0 01 -0 0 0 0 -0 0 0 0 -0 0 0 1.0222 2.07448 0 2369.87 
0.0142710774870778243 0.212105 0 189256 0.120522 16.1298 14.5138 0 01 0 0 0 0 0 0 0 0 0 0 0 0.219945 0.438159 0 36.6705 
0.0143609354310608468 0.0914955 1 195207 0 15.7882 14.206 0 0 2 0.519101 1.75007 -0.954569 0 0 0 -0 0 0 0 -0 0.461782 1.01591 445.886 2330.39 
0.014424533375888492 1.22764 1 185827 0 15.8602 14.2709 0 0 1 -0.00493694 0.0196494 -0.00228796 0 0 0 0 0 0 0 0 0 0 0 0 
0.0144916565954565663 0.419361 0 50618 0.170594 15.7511 14.1726 0 01 0 0 0 0 0 0 0 0 0 0 0 0 0.424664 0 0 
0.0145062915172898162 0.268701 0 7823 0.0843255 15.7204 14.1449 0 01 0 0 0 0 0 0 0 0 0 0 0 0.786616 1.05699 0 273.966 
0.0146092186264839465 0.088849 0 246465 0.109437 15.6705 14.0999 0 01 0 -0 0 0 0 -0 0 0 0 -0 0 0.183835 0.57069 1201.03 1201.03 
0.0146417983353780579 0.41121 0 170525 0.187509 15.5114 13.9566 0 01 0 0 0 0 0 0 0 0 0 0 0 0.798603 1.19317 0 0 
0.0146546420954506759 0.723634 1 23355 0 15.4845 13.9324 0 0 1 0.18845 -1.70569 0.183363 0 0 0 0 0 0 0 0 0.723634 0.723634 0 141.583 
0.0146685424637732018 0.175128 1 70798 0 15.481 13.9292 0 0 1 0.0190886 0.0268037 0.0239071 0 0 0 0 0 0 0 0 0.533103 1.40562 0 1142.08 
0.0146991001574475078 2.20811 0 167586 38.5806 15.4306 13.8839 0 01 0 0 0 0 0 0 0 0 0 0 0 0 0 0 0 
0.0147524517639626915 0.752948 0 79197 0.522382 15.3436 13.8055 0 01 0 0 0 0 0 0 0 0 0 0 0 0 0 0 0 
0.0147744490135337282 0.352531 1 159247 0 15.2897 13.7569 0 0 2 -0.00189446 -0.0209513 0.0111792 0 0 0 0 0 0 0 0 0 0.703468 0 0 
0.014925285657359056 0.949941 1 36799 0 15.0947 13.5812 0 0 2 -5.83923e-05 -0.0146879 0.00719493 0 0 0 0 0 0 0 0 0 0.939242 0 0 
0.0149494121881710972 0.18063 0 87721 0.670627 15.0477 13.5389 0 01 0 0 0 0 0 0 0 0 0 0 0 0.174011 0.510844 0 0 
0.0149498758837552925 0.1229 0 159486 0.18454 15.0614 13.5512 0 01 -0 0 0 0 -0 0 0 0 -0 0 0 0.606252 1.10579 2004.2 3066.18 
0.0150270572947355709 0.211606 1 170062 0 33.9278 30.535 0 0 1 0.000965257 -0.00155617 0.00252851 0 -0 0 0 0 -0 0 0 1.08677 1.30664 1011.31 1011.31 
0.0150935773626537095 0.162357 1 220715 0 22.2647 20.0383 0 0 2 0.0679699 0.00715949 0.068621 0 0 0 0 0 0 0 0 0.483276 0.961084 708.926 708.926 
0.0151405654406971419 0.548821 1 32995 0 14.9836 13.4811 0 0 1 -0.00137719 -0.00727513 -0.0185893 0 -0 0 0 0 -0 0 0 0.555662 1.63023 0 0 
0.0151750826579456766 0.333153 0 169315 0.221822 15.0126 13.5073 0 01 0 0 0 0 0 0 0 0 0 0 0 0.324434 1.31437 0 0 
0.015197893089538228 0.544573 0 162583 1.64393 14.9752 13.4736 0 01 0 0 0 0 0 0 0 0 0 0 0 0.536724 1.62794 0 0 
0.0152232325457607263 0.120684 1 62469 0 36.6883 13.5379 0 0 1 -0.00239617 -0.00792568 0.0669846 0 0 0 0 0 0 0 0 1.32736 1.46967 5.97716 478.453 
0.0152304482211765412 0.441442 0 144496 0.357902 14.9764 13.4747 0 01 0 0 0 0 0 0 0 0 0 0 0 0 0 0 0 
0.0152374199219564316 0.303474 0 24007 0.149494 14.9484 13.4495 0 01 0 0 0 0 0 0 0 0 0 0 0 0.305663 0.305663 0 0 
0.0152771104216429914 0.0921863 0 149543 0.386565 14.9938 13.4904 0 01 0 0 0 0 0 0 0 0 0 0 0 1.18748 1.61823 342.731 6019.99 
0.0153239623661830509 0.238283 0 143944 0.169585 36.3642 17.1011 0 01 0 0 0 0 0 0 0 0 0 0 0 0.476525 1.18097 0 0 
0.0154793001192082263 0.204207 0 198841 0.135278 35.8791 27.5336 0 01 0 0 0 0 0 0 0 0 0 0 0 0.196841 0.196841 0 514.093 
0.0155053320553807834 0.1079 1 8274 0 35.7993 29.2758 0 0 1 -0.000549089 -0.0156656 0.00231005 0 0 0 0 0 0 0 0 0.476492 0.708991 0 695.181 
0.0155144492189442582 0.750642 0 52396 0.170743 35.7716 29.886 0 01 0 0 0 0 0 0 0 0 0 0 0 0 0 0 0 
0.0155345858953798814 1.98218 0 186579 35.8192 35.7103 29.8712 0 01 -0 0 0 0 -0 0 0 0 -0 0 0 0 0 0 0 
0.0155739186044997428 0.588884 0 128347 0.348204 36.0378 23.1127 0 01 0 0 0 0 0 0 0 0 0 0 0 0 0 0 0 
0.0156287990004659524 0.476831 0 223854 0.127925 35.8368 28.3975 0 01 0 0 0 0 0 0 0 0 0 0 0 0 0 0 0 
0.0156310101297863074 0.131371 0 102873 0.417797 35.7782 29.3789 0 01 0 0 -0 0 0 0 -0 0 0 0 -0 0.647168 1.1592 0 4582.44 
0.0157446532519918483 0.957296 0 196116 35.192 35.0882 29.5781 0 01 -0 0 0 0 -0 0 0 0 -0 0 0 0 0 0 0 
0.0157890036129125222 0.172686 0 57393 0.124529 35.4494 27.0792 0 01 0 0 -0 0 0 0 -0 0 0 0 -0 0.172964 0.717638 0 0 
0.0158500132520869828 0.292032 1 165929 0 34.7868 29.4406 0 0 2 -0.00640173 0.0329161 -0.000564546 0 0 0 0 0 0 0 0 0.297936 0.592237 0 0 
0.0160172368770233817 0.233357 1 38744 0 34.3216 29.2361 0 0 1 0.00248723 -0.0181199 0.00338713 0 0 -0 0 0 0 -0 0 0.931143 1.39015 0 2215.48 
0.0160436610843593397 11.4887 0 71669 0.0990231 34.2492 29.2006 0 01 0 0 0 0 0 0 0 0 0 0 0 0 0 0 0 
0.0162867638659777055 0.32478 0 261334 0.725863 40.7994 36.7194 0 01 0 0 0 0 0 0 0 0 0 0 0 0 0.323704 0 0 
0.0163934908272210869 0.0205942 1 17420 0 33.3313 28.7808 0 0 1 -0.00151704 -0.00634275 -0.0093432 0 0 0 -0 0 0 0 -0 0.345512 0.712257 0 0 
0.016414435332904001 0.136611 1 195542 0 33.2784 28.7599 0 0 2 0.00306539 -0.0013766 -0.0145494 0 0 0 0 0 0 0 0 0 0.253006 0 0 
0.0164916010723381405 0.479121 0 149405 33.1739 33.0855 28.6735 0 01 0 0 0 0 0 0 0 0 0 0 0 0.482265 0.482265 0 0 
0.0165383947435482626 0.794877 1 138555 0 32.9696 28.6154 0 0 1 0.00555711 -0.0122348 -0.00740023 0 0 0 0 0 0 0 0 0 0.774966 0 0 
0.0165734586097674372 0.27431 1 140577 0 33.2982 28.2569 0 0 2 -0.0139215 -0.00228858 0.00789408 0 0 0 0 0 0 0 0 1.05624 2.67086 94.7518 835.863 
0.0166566101105989524 0.242058 1 41308 0 32.6826 28.4896 0 0 1 -0.00571724 0.0206067 -0.0128635 0 0 0 -0 0 0 0 -0 0.235288 0.718374 0 442.42 
0.0166606994388382931 0.2616 1 216409 0 21.9356 19.7421 0 0 2 0.00164771 0.00367167 0.0068359 0 0 0 0 0 0 0 0 1.08052 1.89364 0 889.518 
0.0167108847991519101 0.322559 0 216933 0.292962 17.5453 15.7893 0 01 0 -0 0 0 0 -0 0 0 0 -0 0 0 0.63545 0 0 
0.0167898896258846693 3.62984 0 30052 32.4488 32.3658 27.8462 0 5.23911 -5.02893 -1.20392 -0.841785 0 0 -0 0 0 0 -0 0 0 0 0 0 
0.0168380921371834268 0.393165 0 36717 0.472492 14.234 12.2008 0 37.70251 -20.6362 -18.8742 25.2861 0 -0 0 0 0 -0 0 0 0.778853 2.32681 0 0 
0.0168506485823732913 0.380297 0 107151 0.0983711 32.2239 27.4308 0 11.81581 11.2747 -2.12395 -2.82522 0 0 0 0 0 0 0 0 0 0.391459 0 0 
0.0168610995963908196 0.508687 0 176355 32.2815 32.1997 27.3619 0 7.172091 -6.8768 1.92881 0.654344 0 -0 0 0 0 -0 0 0 0 0.994657 0 0 
0.0168681236853615614 0.317498 1 264716 0 39.4241 35.4817 0 0 2 0.0257146 0.000267761 0.00366611 0 0 -0 0 0 0 -0 0 0 0 0 0 
0.0169065255753561537 0.167685 1 284118 0 37.1681 33.4513 0 0 1 1.25714 0.720011 0.622302 0 0 0 0 0 0 0 0 0.974505 1.13564 0 0 
0.0169777967417686255 0.036687 0 137507 0.0905699 13.9591 11.6173 0 42.35431 38.5032 13.6215 11.2181 0 0 0 0 0 0 0 0 0.659496 1.20431 2183.86 3697.42 
0.0169883412350007035 0.367251 1 139792 0 31.9091 26.544 0 0 2 -7.80925 -17.0854 0.802766 0 0 -0 0 0 0 -0 0 0 1.87916 0 0 
0.0170050666505088613 0.185531 1 211698 0 18.2388 16.4143 0 0 2 0.00643719 -0.0165231 0.00111268 0 0 0 0 0 0 0 0 1.26729 2.92866 722.099 1129.71 
0.0170429250459589593 0.137477 1 215575 0 61.5114 55.3603 0 0 1 0.608519 -0.347043 0.416548 0 0 0 0 0 0 0 0 1.04023 2.25487 0 1544.11 
0.0171034840795496849 0.284038 0 239686 0.137155 32.6677 26.0061 0 01 0 0 -0 0 0 0 -0 0 0 0 -0 0 0.296265 0 0 
0.0171376119303627283 0.119996 1 235031 0 33.0654 19.108 0 0 1 -0.251994 0.664627 1.16336 0 -0 0 0 0 -0 0 0 1.39559 2.41617 1813.49 2119.46 
0.0171661568616599848 0.965628 0 194863 31.5906 31.5136 25.3627 0 25.90071 10.0683 22.0772 -9.05925 0 0 0 0 0 0 0 0 0 0 0 0 
0.0172129731132529377 0.240749 1 325918 0 32.4896 29.2407 0 0 2 -0.125185 -0.361617 -0.790293 0 -0 0 0 0 -0 0 0 0 0.716282 0 0 
0.0172271823704774896 0.220591 1 30651 0 43.9894 39.5905 0 0 1 -0.0158757 0.00287069 0.00583535 0 0 0 -0 0 0 0 -0 0.222072 1.32999 0 0 
0.0172279092928178702 0.309403 1 201391 0 31.3939 25.3123 0 0 1 -15.6443 6.56318 17.9645 0 0 0 0 0 0 0 0 1.21867 2.45842 0 0 
0.0172717679399451221 0.316269 0 109173 0.0857308 31.7748 25.3528 0 33.02121 -31.2791 -8.39022 6.45156 0 0 -0 0 0 0 -0 0 0 0.326466 0 0 
0.0172899795873221462 0.346582 0 222268 5.51872 31.7132 25.8206 0 68.59341 49.8485 24.7781 40.0778 0 0 0 0 0 0 0 0 0.332715 1.01184 0 0 
0.0172992275745356382 0.360537 1 215459 0 36.5058 32.8552 0 0 1 -0.0436393 0.83732 -0.241081 0 0 0 0 0 0 0 0 1.07138 1.43338 0 0 
0.0173272606736769308 0.165616 1 0 0 31.1667 24.2948 0 0 1 -21.8349 54.8106 -13.6389 1 -43.8996 43.3298 -24.1889 0 -0 0 0 0.500445 1.66008 82.8795 82.8795 
0.0173305725363174339 0.513419 1 0 0 31.1595 24.2726 0 0 1 -7.86678 70.4964 79.2315 1 15.5984 88.9861 65.0535 0 0 0 0 0 1.00811 0 0 
0.0173795535266474815 0.242617 0 251971 0.399492 31.9703 25.1435 0 20.62231 -18.7773 -1.41045 -8.40864 0 0 0 0 0 0 0 0 0 0.234484 0 0 
0.017397305603093844 0.285777 1 248833 0 55.3353 49.8018 0 0 1 -1.35593 1.27439 0.674911 0 0 0 0 0 0 0 0 0.574874 1.44481 0 258.42 
0.017421006526656832 0.207913 0 184947 0.0842524 31.4796 24.3682 0 28.58471 28.5365 -1.2956 -1.03662 0 0 0 0 0 0 0 0 0.801724 1.4251 0 0 
0.0174921260561908057 0.16525 1 0 0 30.8213 23.2507 0 0 1 -30.0419 42.9052 -54.382 1 -46.6715 26.7058 -57.8725 0 -0 0 0 0.636243 1.08269 306.016 525.35 
0.0174947858398743945 0.359943 1 86848 0 12.3378 8.55956 0 0 1 9.25782 57.5681 8.50223 0 0 0 0 0 0 0 0 0 0 0 0 
0.0175389572147606476 0.449477 1 0 0 30.7252 22.9656 0 0 1 70.0669 5.93534 -17.5003 1 80.1181 -22.9043 13.6692 0 0 0 0 0 0 0 0 
0.0175405962093599342 0.452557 1 52314 0 30.7219 22.9556 0 0 1 -20.1854 3.0286 10.4807 0 0 0 0 0 0 0 0 0.435919 0.435919 0 86.0747 
0.017548997137395602 0.365901 0 69754 0.926925 30.7047 22.9048 0 40.79381 38.9849 10.1835 6.37266 0 0 0 0 0 0 0 0 0 0.730943 0 0 
0.0175887242875577728 0.35395 1 0 0 30.6242 22.668 0 0 1 -84.4946 17.2343 14.8185 1 -88.875 -6.83466 17.6428 0 0 0 0 0 1.74075 0 0 
0.0175958023557387239 0.580368 0 194475 30.6804 30.6095 22.6248 0 66.25261 24.9257 -28.213 54.5174 0 0 0 0 0 0 0 0 0.582125 1.1644 0 0 
0.017605718600258273 0.135721 1 0 0 30.5895 22.5662 0 0 1 -34.5782 1.12983 9.8646 1 -30.3981 17.0082 21.9006 0 0 0 0 0.495284 1.15173 4073.52 5156.33 
0.0176197875982949878 0.467016 0 169885 0.207143 30.5612 22.4836 0 109.411 -56.0867 42.2941 83.8809 0 0 0 0 0 0 0 0 0 0.925443 0 0 
0.0176255570321980984 0.247396 1 248104 0 58.9237 53.0313 0 0 2 -0.00920729 0.000710718 0.00506904 0 0 0 0 0 0 0 0 0.247396 1.0188 0 0 
0.0176469231207408012 0.797546 0 177987 0.0856293 31.0097 23.1788 0 49.03731 48.3067 4.15367 -7.33925 0 0 0 0 0 0 0 0 0 0.805548 0 0 
0.017653951498593886 0.439646 0 132704 0.0864435 30.4925 22.2837 0 57.50121 56.9314 -6.84724 4.28015 0 0 0 0 0 0 0 0 0 0 0 0 
0.0176738028050904203 0.114685 1 257171 0 23.5316 21.1784 0 0 2 -0.426224 -0.0400897 -0.294951 0 0 -0 0 0 0 -0 0 1.13988 1.26445 365.319 2023.6 
0.0176748672465781645 0.602627 0 19678 0.0925775 30.4506 22.1624 0 106.491 4.86333 -88.4364 59.1219 0 0 0 0 0 0 0 0 0 0 0 0 
0.0177414432842312071 0.237009 0 89901 0.323968 30.3184 21.7826 0 39.92671 21.6856 17.1646 28.7967 0 0 0 0 0 0 0 0 0 1.44123 0 0 
0.0178029519134513987 0.379309 0 71493 0.434193 30.1973 21.438 0 56.71111 45.3052 -31.6025 -12.8403 0 0 -0 0 0 0 -0 0 0 1.13268 0 0 
0.0178761598875522287 0.277741 0 183892 0.294195 30.055 21.0379 0 46.47591 -8.63382 34.6652 29.7287 0 -0 0 0 0 -0 0 0 0.822351 2.48097 0 192.194 
0.0179178102472397488 0.280321 1 0 0 29.9751 20.8151 0 0 1 -73.5747 -71.8943 29.1664 1 -82.6942 -63.6917 26.354 0 -0 0 0 0.824359 1.10352 1685.94 1685.94 
0.0179504699553520407 0.0981122 0 249969 0.196099 32.2628 29.0365 0 01 0 0 0 0 0 0 0 0 0 0 0 0.542254 0.886962 0 0 
0.0180175512130939276 0.290988 0 289344 0.539335 30.2693 20.7678 0 57.89551 15.3736 55.0928 8.96222 0 0 0 0 0 0 0 0 0.9001 1.80055 0 153.209 
0.018020758891449197 0.250552 1 219114 0 30.836 27.7524 0 0 2 1.13039 0.184219 -0.234532 0 0 0 -0 0 0 0 -0 1.22359 1.96456 177.361 178.441 
0.0180460837076833885 0.0533657 0 298100 0.975183 26.894 24.2046 0 01 0 0 -0 0 0 0 -0 0 0 0 -0 0.389099 0.952112 1094.68 4623.4 
0.0180710836330426478 0.48275 0 86949 0.0927603 29.6853 20.0201 0 116.5851 116.137 -10.0542 1.79767 0 0 0 0 0 0 0 0 0.98664 1.46939 0 0 
0.0180714800582083245 0.105266 1 226141 0 35.515 31.9635 0 0 2 0.919429 -0.259763 0.104418 0 0 -0 0 0 0 -0 0 0.349596 0.917237 3734.03 4388.28 
0.0181010876075122298 0.335131 0 129259 0.346394 30.0701 20.5091 0 96.51371 15.538 50.0874 -81.0229 0 0 0 0 0 0 0 0 0 1.98069 0 0 
0.0181093355278281187 0.22682 0 48688 0.154944 29.6136 19.8263 0 78.15731 -77.6396 -2.90393 -8.49788 0 -0 0 0 0 -0 0 0 0 0.68348 0 0 
0.018332199805675093 0.777739 0 153147 0.0883844 29.6996 19.4909 0 55.15291 -32.0196 34.8794 -28.2845 0 0 0 -0 0 0 0 -0 0 0 0 0 
0.0184234953634178182 0.345666 1 234445 0 45.0179 40.5161 0 0 2 0.00220735 -0.00648871 0.00332164 0 0 0 0 0 0 0 0 0.345666 1.72474 0 0 
0.0184246174474141308 0.31918 1 0 0 29.043 18.3274 0 0 1 -48.4881 100.47 76.0445 1 -35.6826 109.369 72.4328 0 0 0 0 0 0.330151 0 0 
0.0184436183187789218 0.235717 1 243389 0 25.008 22.5072 0 0 2 0.00566985 -0.0068947 -0.00414966 0 0 0 0 0 0 0 0 0 0 0 0 
0.0184506620201245614 0.239761 1 220059 0 52.4074 47.1666 0 0 2 0.00926541 0.0195742 0.00331897 0 0 0 -0 0 0 0 -0 0.24389 0.737104 0 0 
0.0184712595176720305 0.982635 0 185079 0.26904 28.9612 18.1187 0 274.9711 9.8317 -273.291 -28.7135 0 0 0 0 0 0 0 0 0 0 0 0 
0.0185074493483762849 0.664278 0 19650 0.317754 29.3787 18.7647 0 95.09181 30.1274 -89.2822 -12.7863 0 0 0 0 0 0 0 0 0 0 0 0 
0.0185078067256690369 0.378777 0 54359 0.385539 28.8975 17.9571 0 140.8871 -139.017 21.1886 -8.62996 0 0 0 0 0 0 0 0 0.38234 0.761118 0 0 
0.0185217883930789834 0.402456 1 0 0 28.8739 17.8975 0 0 1 -39.0776 -18.0951 -15.1251 1 -43.4063 2.51038 -28.4713 0 0 0 -0 0.386384 2.77654 0 0 
0.0186634359529438097 0.524763 0 23097 0.37246 28.6322 17.2942 0 125.4621 -120.401 4.82323 -34.9419 0 0 0 0 0 0 0 0 1.0581 6.32605 0 248.37 
0.0186924454968560166 0.383547 0 29137 0.0944129 29.0653 17.7655 0 46.37581 -46.13 4.55071 1.42226 0 0 0 0 0 0 0 0 0 0.752155 0 0 
0.0187504167285663416 0.551025 0 61856 0.0856756 28.4832 16.9289 0 178.1011 5.02272 168.402 -57.7517 0 0 0 0 0 0 0 0 0 0 0 0 
0.0187921599628641627 0.0291537 1 0 0 11.2684 7.07208 0 0 1 22.3401 -44.1934 -40.8795 1 66.7713 54.9499 -23.1299 0 0 0 0 0.410069 0.648446 396.5 855.665 
0.0188412619123542457 0.378382 0 193763 0.220162 28.3319 16.5629 0 155.8851 71.7896 -34.3499 134.039 0 0 -0 0 0 0 -0 0 0.372033 2.29138 0 0 
0.0188626009435029947 0.330239 0 99537 0.0988906 28.2973 16.4798 0 235.4071 -91.1879 16.397 -216.408 0 0 0 -0 0 0 0 -0 1.3085 2.62167 0 278.643 
0.0188831416773292855 0.16147 0 162556 0.125163 28.6644 17.0527 0 131.5211 -105.643 -53.5693 57.1653 0 0 -0 0 0 0 -0 0 2.04537 4.18045 851.313 2605.06 
0.0188909188546890136 0.296263 0 55732 0.119632 28.7411 16.9896 0 126.6481 61.3268 -81.4486 75.1323 0 0 0 0 0 0 0 0 0.601762 1.50935 0 201.322 
0.0188984103373132338 0.388284 0 284960 0.201761 29.6877 18.7617 0 81.41761 0.512116 75.984 29.2401 0 0 0 0 0 0 0 0 1.9101 2.68212 132.747 132.747 
0.0189054891212394258 0.24357 1 0 0 28.2271 16.3124 0 0 1 -108.288 5.6613 2.4981 1 -107.546 2.6546 37.1339 0 0 0 0 1.46234 2.44915 314.292 921.329 
0.0189542981514492261 0.466923 0 39238 28.202 28.1466 16.1215 0 135.8921 -66.9943 -103.814 56.5787 0 0 0 0 0 0 0 0 0.466922 0.939399 0 0 
0.0189884465244750701 0.473882 1 19811 0 25.0192 22.5173 0 0 1 -0.0134832 0.000158937 0.00783312 0 0 0 0 0 0 0 0 0.949068 0.949068 0 0 
0.0190358410271336681 0.154816 0 6219 0.756436 28.015 15.8127 0 182.7021 -116.095 137.505 31.5332 0 0 0 0 0 0 0 0 0.501666 0.832976 184.705 1233.49 
0.0190390602929614884 0.327373 1 236282 0 21.1398 19.0258 0 0 2 0.00327992 -0.0150838 -0.00645954 0 0 -0 0 0 0 -0 0 0.330811 0.986675 0 0 
0.01904723592388936 0.404828 1 222774 0 21.1972 19.0775 0 0 2 -0.00204898 0.00387427 -0.00224905 0 0 0 0 0 0 0 0 0 0 0 0 
0.0190710133625621864 0.11799 1 0 0 27.9588 15.682 0 0 1 114.958 -5.78226 -7.31375 1 112.652 -30.3654 -23.3514 0 0 0 -0 0.105781 0.381846 70.2096 70.2096 
0.0191471574603256194 0.144607 0 171631 0.150969 28.2011 16.0618 0 170.1271 -126.041 90.5238 -69.731 0 0 0 -0 0 0 0 -0 0.531923 0.93464 0 253.139 
0.0191546608539060609 0.28837 0 73589 0.23159 28.184 16.023 0 235.261 -222.351 76.8495 1.19936 0 0 0 0 0 0 0 0 0.563926 1.40588 0 393.707 
0.0191597923295648565 0.357404 0 86890 27.8716 27.818 15.3574 0 138.5761 64.9247 -56.8391 -108.431 0 0 0 -0 0 0 0 -0 0.354164 1.05327 0 0 
0.0192744483036763406 0.252432 0 253177 0.717209 28.5874 15.1282 0 178.8411 23.0788 176.888 12.7335 0 0 0 0 0 0 0 0 0.247623 0.993975 0 0 
0.0193251917875653656 1.01947 0 166801 27.6131 27.5611 14.7763 0 155.7141 -34.9804 109.081 -105.473 0 0 0 -0 0 0 0 -0 1.00345 1.00345 0 0 
0.0193728532042476871 0.148515 1 0 0 27.4879 14.6134 0 0 1 183.83 -109.645 332.037 1 193.722 -83.8842 335.049 0 0 0 0 0 0.513247 0 0 
0.0194076435323956263 0.270215 1 234566 0 48.1097 43.2988 0 0 1 0.68077 0.427892 -0.802815 0 0 0 0 0 0 0 0 0.529001 0.529001 0 0 
0.0194327638458628091 0.619795 0 18064 0.0855563 27.3969 14.4124 0 242.3561 175.865 134.816 -98.1436 0 0 0 0 0 0 0 0 0 0 0 0 
0.0194454560275296104 0.590686 0 129927 27.4288 27.3778 14.3703 0 188.1191 -12.8434 -166.102 -87.3714 0 -0 0 0 0 -0 0 0 0 0 0 0 
0.0195046879677352528 0.262132 1 0 0 27.2887 14.1756 0 0 1 156.314 4.0288 -1.25551 1 157.216 -24.6565 25.6487 0 0 0 0 0 0 0 0 
0.019585333303707448 0.240072 0 181037 0.187962 27.1691 13.9168 0 108.7241 81.8773 67.3649 24.0624 0 0 0 0 0 0 0 0 0.240231 1.85484 0 658.439 
0.0196233256383577942 0.350916 0 149264 0.296305 27.5747 14.468 0 110.6971 -110.249 5.36779 -8.3681 0 -0 0 0 0 -0 0 0 0 0.347898 0 0 
0.0196463723124842317 0.340387 1 305703 0 25.1826 22.6643 0 0 2 0.0153838 0.000228302 -0.0153838 0 0 0 0 0 0 0 0 0 0.665887 0 0 
0.0196613329027058546 0.258698 0 126115 0.11404 24.2939 21.8645 0 01 0 0 0 0 0 0 0 0 0 0 0 0 0.790002 0 0 
0.0196766794587184823 2.06657 0 264190 1.32391 19.5373 17.5836 0 01 0 0 0 0 0 0 0 0 0 0 0 0 0 0 0 
0.0196866960150910569 0.500693 0 187038 0.0971311 27.0199 13.5984 0 99.26521 -98.2172 -1.83294 -14.2688 0 -0 0 0 0 -0 0 0 0 0 0 0 
0.0197341600962531727 0.186572 1 227986 0 27.4301 24.6871 0 0 2 -0.0103135 0.00532525 0.0010564 0 0 0 -0 0 0 0 -0 0.195604 0.587603 0 0 
0.0201041363717509511 0.730222 0 131361 26.4753 26.4295 12.3836 0 113.8341 -107.737 31.5814 -18.8017 0 0 0 0 0 0 0 0 0.734139 1.46132 0 0 
0.0201275582679635232 0.391426 0 259516 0.0840446 26.8823 11.1013 0 190.9781 -171.38 47.2818 69.7544 0 -0 0 0 0 -0 0 0 0 0 0 0 
0.0201842425886745551 0.0418652 0 253247 0.178194 34.9926 14.1719 0 01 0 0 0 0 0 0 0 0 0 0 0 0.0726871 0.478431 0 2911.77 
0.0201932483759526167 0.209377 1 277982 0 14.5331 12.8598 0 0 2 -10.2117 36.3103 -30.2819 0 -0 0 0 0 -0 0 0 0.410403 1.25972 3.80208 3.80208 
0.020211980681311182 1.20855 0 125335 0.130717 26.282 12.0913 0 286.6041 -267.591 30.1064 -98.1359 0 0 0 0 0 0 0 0 0 0 0 0 
0.0202159946228590258 0.323405 1 0 0 26.2766 12.0807 0 0 1 -104.634 -49.5712 44.261 1 -119.093 -17.1694 46.0785 0 -0 0 0 0 0 0 0 
0.0202715348389044397 2.50454 0 195209 26.2463 26.2017 11.9341 0 311.4071 -164.351 51.1193 259.519 0 -0 0 0 0 -0 0 0 0 0 0 0 
0.0202854809819476463 0.361012 0 145174 0.179678 26.183 11.8977 0 229.6481 217.526 70.1656 -22.3048 0 0 0 0 0 0 0 0 0 0.36736 0 0 
0.0203000836369503293 0.358184 0 8327 2.99614 26.1634 11.8596 0 257.9191 15.2386 254.066 41.7221 0 0 0 0 0 0 0 0 0 0.347661 0 0 
0.0203090054175219768 0.590201 0 170681 26.196 26.1516 11.8366 0 234.3581 220.683 76.3188 -19.951 0 0 0 0 0 0 0 0 0 0 0 0 
0.0203194113306561161 0.490539 0 89672 0.282304 26.1376 11.8095 0 213.7111 117.087 -175.757 -32.7457 0 0 0 0 0 0 0 0 0 0 0 0 
0.0203995336096178814 1.52933 0 171637 26.0749 26.0312 11.6046 0 261.7471 -102.813 200.19 133.659 0 -0 0 0 0 -0 0 0 0 1.50116 0 0 
0.02040378489635691 1.11086 0 158284 26.0693 26.0256 11.5938 0 171.7611 -98.6808 -124.935 64.4618 0 -0 0 0 0 -0 0 0 0 0 0 0 
0.0205324075153059601 0.109925 0 131510 0 26.2882 11.8645 0 105.1861 60.7408 -19.0618 -83.7329 0 0 -0 0 0 0 -0 0 0.317702 0.678455 773.258 4262.84 
0.0205416144609000713 0.955673 0 75139 0.582154 25.8456 11.2526 0 170.5021 159.339 30.6316 -52.3809 0 0 0 0 0 0 0 0 0 0 0 0 
0.0205963177828565359 1.55186 0 149828 4.90068 25.775 11.1205 0 211.6081 209.937 -1.52889 -26.4951 0 0 0 0 0 0 0 0 0 0 0 0 
0.0206406392532932498 0.314137 1 132710 0 10.8436 6.84377 0 0 2 37.1942 -104.205 -157.309 0 0 0 0 0 0 0 0 0.950891 2.21643 0 35.3041 
0.0207446835560095022 0.495037 0 166175 0.180191 25.5861 10.772 0 273.4651 -273.46 1.47454 -0.701473 0 0 0 0 0 0 0 0 0.496993 1.48474 0 36.9393 
0.0208069888109603043 0.277676 0 274738 0.245728 25.8242 11.1241 0 174.4981 5.12268 -173.435 18.5367 0 0 -0 0 0 0 -0 0 0.532562 1.87966 0 0 
0.0208125786334733935 2.32199 0 105386 25.5418 25.5008 10.6169 0 223.5331 90.1525 189.262 -77.5851 0 0 0 0 0 0 0 0 0 0 0 0 
0.0208507053319191005 0.429104 0 287143 0.20452 26.2165 11.8065 0 164.7711 -57.0849 142.086 60.8467 0 0 0 0 0 0 0 0 0.434448 1.28724 0 0 
0.0208885141449542261 0.300435 0 126498 0.22224 25.4064 10.447 0 467.7331 -116.284 133.063 433.066 0 -0 0 0 0 -0 0 0 0.297756 1.82303 0 0 
0.0211292904213247756 0.550426 0 190546 25.1519 25.1128 9.9299 0 328.9831 267.856 172.129 82.7919 0 0 0 0 0 0 0 0 0 0 0 0 
0.0212704764271651262 2.71341 0 165019 24.9833 24.945 9.6418 0 283.5081 -271.404 72.2963 -38.6018 0 0 0 -0 0 0 0 -0 0 0 0 0 
0.0213187961468777366 0.439229 0 81629 0.462824 24.8891 9.54711 0 126.5771 125.909 -12.9872 -0.0180118 0 0 -0 0 0 0 -0 0 1.771 2.21463 0 58.0882 
0.0213385372097831573 0.163735 0 185177 0.143998 24.8651 9.50656 0 278.2231 149.293 233.939 19.8106 0 0 0 0 0 0 0 0 0.185616 0.546172 0 394.035 
0.0213724637994729856 0.236271 0 186121 24.8636 24.8259 9.44068 0 170.6811 -159.364 60.2668 -10.1446 0 0 0 0 0 0 0 0 0.232074 1.4106 164.763 164.763 
0.0213769983299269099 1.28571 0 163317 24.8582 24.8205 9.43164 0 371.2721 -154.612 -4.78279 -337.513 0 0 0 0 0 0 0 0 0 0 0 0 
0.0213885188121846689 0.931813 0 140637 1.87402 24.807 9.409 0 134.5841 -134.492 -4.96932 0.294317 0 -0 0 0 0 -0 0 0 0 0 0 0 
0.0215777190888439968 1.51334 0 63470 0.0878075 24.5898 9.05005 0 275.1991 64.6366 4.88304 267.456 0 0 0 0 0 0 0 0 0 0 0 0 
0.021650219604988287 0.0949441 1 210916 0 60.8576 54.7718 0 0 2 0.020357 -0.000915043 0.00120434 0 0 0 0 0 0 0 0 0.221341 0.53933 0 4444.58 
0.0216566513957359742 5.3383 0 77879 24.5368 24.5007 8.90539 0 267.8041 258.262 59.0406 39.1616 0 0 0 0 0 0 0 0 5.02129 5.02129 0 0 
0.0217357423579896784 0.131914 0 73656 0.115604 24.4123 8.76343 0 186.4461 -54.7218 -109.657 -140.509 0 0 -0 0 0 0 -0 0 0 0.692575 0 0 
0.0217902690451499577 0.232544 1 229432 0 21.2041 19.0837 0 0 2 0.0078206 0.0230466 0.00347263 0 -0 0 0 0 -0 0 0 0.220556 0.878978 0 0 
0.0218477056565997349 0.406036 0 187804 24.3237 24.2885 8.56702 0 219.4821 -93.4549 155.455 -123.582 0 0 0 0 0 0 0 0 0 0.797955 0 0 
0.021853011555673315 0.651505 0 118226 0.148309 24.2827 8.55794 0 253.5331 -251.78 23.4096 18.3815 0 -0 0 0 0 -0 0 0 0 0 0 0 
0.0219226828719465 2.93216 0 144498 0.101466 24.5551 8.91464 0 402.8971 182.828 -359.026 0.384213 0 0 0 0 0 0 0 0 0 0 0 0 
0.0219390580393683775 1.31766 0 165677 24.2251 24.1904 8.41352 0 314.2711 -33.9423 -312.121 13.9431 0 0 0 0 0 0 0 0 2.62669 2.62669 0 10.0486 
0.0220059263154901534 0.138611 1 220665 0 46.4035 41.7632 0 0 2 -0.011911 -0.000171038 0.000417982 0 0 0 0 0 0 0 0 0 0.137898 0 0 
0.0221608895799310576 0.189878 1 338104 0 34.6813 31.2131 0 0 2 0.0115714 -0.0106679 -0.00190616 0 0 0 -0 0 0 0 -0 0 0.368636 0 0 
0.0224105243669098023 0.465668 1 0 0 23.6912 7.65997 0 0 1 -49.0634 9.62181 -26.4265 1 -39.265 -0.906566 -48.355 0 0 0 0 0.950829 1.4165 0 0 
0.0224412555846870351 0.372994 1 0 0 40.4477 36.4029 0 0 1 0.0684719 -0.00550112 -0.106363 1 -7.73461 0.482779 8.40795 0 0 0 0 0 0.738255 0 0 
0.0224490665015243743 13.6626 0 109592 23.684 23.6517 7.60239 0 232.5851 34.9909 199.208 -114.838 0 0 0 0 0 0 0 0 0 0 0 0 
0.0224591012903600611 0.166097 0 284248 0 20.3091 18.2782 0 01 0 0 0 0 0 0 0 0 0 0 0 0 0.674158 0 0 
0.0225048316547240522 0.540826 0 96095 0.137703 23.5948 7.51982 0 485.9821 436.703 -121.98 174.899 0 0 0 0 0 0 0 0 0 0 0 0 
0.0225773185764462335 0.179523 1 272667 0 41.189 37.0701 0 0 1 -0.00753874 -0.0743611 -0.421232 0 0 0 -0 0 0 0 -0 0.369614 0.731635 18.6983 18.6983 
0.022629983730062541 2.32422 0 77061 23.5 23.4686 7.33886 0 688.4731 -302.703 -341.041 515.808 0 -0 0 0 0 -0 0 0 0 2.46652 0 0 
0.0226431283334937658 0.174492 0 5708 23.4869 23.4555 7.32021 0 233.9911 81.879 89.2084 -200.223 0 0 0 0 0 0 0 0 0.173722 1.37935 0 478.669 
0.0227246400282407023 0.152456 1 393378 0 15.7838 14.2021 0 0 2 0.00172476 -0.0172253 0.00934208 0 0 -0 0 0 0 -0 0 0.459408 0.617438 0 783.095 
0.022727804020063639 0.100674 0 74516 0.18171 23.3714 7.20153 0 264.2491 -202.909 -6.5902 169.151 0 0 -0 0 0 0 -0 0 0.111552 0.492537 0 0 
0.0229259686133004986 0.120047 0 190351 0.273762 23.1773 6.93233 0 300.6731 109.024 -120.658 -252.903 0 0 0 0 0 0 0 0 0.295727 0.573213 2300.08 2300.08 
0.0229853372081984739 2.19643 0 199257 23.1499 23.12 6.85423 0 232.3381 151.049 -176.5 -3.61368 0 0 0 -0 0 0 0 -0 0 0 0 0 
0.0231543926069031382 0.99734 0 31525 0.529858 22.9589 6.63775 0 141.0121 90.7671 -106.275 -18.7416 0 0 0 -0 0 0 0 -0 0 0.99734 0 0 
0.0231843403761725561 0.220363 0 78975 0.49105 22.9306 6.6002 0 314.1061 -129.052 124.367 257.956 0 0 0 0 0 0 0 0 0 0.438009 0 0 
0.023275766130487454 1.34401 0 175854 22.8738 22.8451 6.4875 0 334.6931 -292.327 155.04 -50.2681 0 0 0 0 0 0 0 0 0 0 0 0 
0.0233063227141769788 4.1761 0 106367 22.8454 22.8167 6.45044 0 247.3391 -247.192 1.96407 8.2851 0 0 0 0 0 0 0 0 0 0 0 0 
0.023366957831333874 0.670884 0 153408 0.0816259 22.7607 6.37766 0 417.2391 94.7113 389.112 -117.09 0 0 0 0 0 0 0 0 0 0.670995 0 0 
0.0234136227786378472 0.107145 0 330626 0.354105 17.6442 15.8784 0 01 0 0 0 0 0 0 0 0 0 0 0 0.108637 0.37877 0 0 
0.0234366572839536033 0.243686 0 289426 0.0835569 24.0041 21.6037 0 01 0 0 0 0 0 0 0 0 0 0 0 0 0.968413 0 0 
0.0236088409037559614 0.208012 0 148434 22.568 22.5404 6.09695 0 366.9211 -191.919 277.119 -144.926 0 -0 0 0 0 -0 0 0 0.410234 1.42289 0 0 
0.0237894956983317335 0.265536 0 45426 0.232428 22.3799 5.89767 0 334.8021 334.737 -1.71688 -6.36701 0 0 0 -0 0 0 0 -0 0.532595 0.785093 0 70.7429 
0.0237948524730454102 0.193841 1 257556 0 17.5213 15.7677 0 0 2 -0.00724639 0.0124646 -0.00118467 0 0 0 0 0 0 0 0 0.198986 0.603811 0 0 
0.0238460466896075127 0.296312 0 13000 0.143917 22.678 6.24816 0 160.6431 159.75 7.61031 -15.1096 0 0 0 -0 0 0 0 -0 0 0.903093 0 0 
0.0240584893856709593 0.511326 0 5085 0.223766 22.5498 6.07893 0 355.7561 344.211 -68.8193 -57.8342 0 0 0 -0 0 0 0 -0 0 0.51867 0 0 
0.0240595922469361116 0.15015 1 219035 0 42.6729 38.4056 0 0 2 0.00796194 0.0148127 0.00538102 0 0 0 0 0 0 0 0 0.154233 0.443275 0 0 
0.0240649300416414941 0.207097 0 161955 0.785654 22.1405 5.60907 0 386.3531 -212.462 300.654 117.199 0 -0 0 0 0 -0 0 0 0.198441 0.198441 0 489.979 
0.0241570560439601789 0.620347 0 189779 0.467853 22.0621 5.51665 0 289.3461 282.026 -62.4565 -16.7856 0 0 0 0 0 0 0 0 0 0 0 0 
0.0241981829659446111 0.132295 0 153745 0.714789 22.0274 19.6456 0 01 0 0 0 0 0 0 0 0 0 0 0 0.414761 0.577002 28.5691 28.5691 
0.0241990623454490725 1.65957 0 163978 22.052 22.0265 19.6449 0 01 0 0 0 0 0 0 0 0 0 0 0 0 0 0 0 
0.0242032335507872259 0.132643 1 244343 0 40.2633 36.237 0 0 2 0.0153017 -0.00793733 -0.000512137 0 0 0 0 0 0 0 0 0 0.711838 0 0 
0.0242649629425707551 0.984657 0 143717 21.9963 21.9711 19.5959 0 01 0 0 -0 0 0 0 -0 0 0 0 -0 0 0 0 0 
0.0243997031885655434 0.165175 1 202377 0 21.9424 19.7482 0 0 2 0.0018809 0.0148087 0.00364024 0 0 0 0 0 0 0 0 0.35326 1.42254 0 1653.59 
0.024415126877793708 0.0889831 0 150319 0.658852 21.8462 19.4856 0 01 0 0 0 0 0 0 0 0 0 0 0 0.370076 0.667676 124.131 2975.94 
0.0244871523138403546 0.271141 0 24795 21.8114 21.7868 19.4332 0 01 -0 0 0 0 -0 0 0 0 -0 0 0 0 0 0 0 
0.0245216848985077389 0.223059 0 18397 0 21.7586 19.4082 0 01 0 0 0 0 0 0 0 0 0 0 0 0.226337 0.676742 402.706 402.706 
0.0245249233402053124 0.454379 1 5802 0 21.756 19.4059 0 0 1 -0.0150514 -0.0210689 -0.000378229 0 0 -0 0 0 0 -0 0 0 0 0 0 
0.0245531436642237762 2.05661 0 147298 21.7574 21.733 19.3856 0 01 0 0 0 0 0 0 0 0 0 0 0 0 0 0 0 
0.024564315657938391 0.361091 1 57626 0 8.34626 7.51163 0 0 1 4.49081 42.2937 -21.2099 0 0 0 0 0 0 0 0 0.358043 0.358043 0 0 
0.0245880218640572926 0.870506 0 172139 21.7289 21.7047 19.3605 0 01 0 0 0 0 0 0 0 0 0 0 0 0 0 0 0 
0.024604938532264968 0.138947 0 62404 21.7151 21.6909 19.3484 0 01 0 0 -0 0 0 0 -0 0 0 0 -0 0 0.682254 0 0 
0.024805894431175167 0.383821 0 273111 0.13778 21.7703 8.18638 0 01 0 -0 0 0 0 -0 0 0 0 -0 0 0 0 0 0 
0.0248507663934523677 0.169864 0 150526 0.250396 21.4966 19.1765 0 01 0 0 0 0 0 0 0 0 0 0 0 2.36306 5.05268 501.809 626.677 
0.0248636524504745084 0.246008 0 34929 0.627736 21.4843 9.19377 0 01 0 0 -0 0 0 0 -0 0 0 0 -0 0.734525 1.48591 0 680.958 
0.0249357099289312448 0.698808 0 190379 0 21.815 18.8331 0 01 0 0 -0 0 0 0 -0 0 0 0 -0 0 0.712533 0 0 
0.0249784347327609256 0.294509 1 297366 0 35.6312 29.8285 0 0 2 0.00354126 -0.00831975 -0.0104197 0 -0 0 0 0 -0 0 0 0.292161 0.884859 0 0 
0.0251033377799714484 0.342028 1 74810 0 21.2972 19.0001 0 0 2 -0.00797008 -0.0134221 -0.0069553 0 0 0 0 0 0 0 0 0 0.336049 0 0 
0.0251272477019570256 0.471199 1 125439 0 21.2788 18.9838 0 0 2 -0.0042334 -0.00936247 -0.009679 0 -0 0 0 0 -0 0 0 0.453752 0.453752 0 0 
0.025146437005538369 0.344923 0 70773 0.145587 28.7185 25.8467 0 01 0 0 0 0 0 0 0 0 0 0 0 0 0 0 0 
0.0251948867310475555 0.408842 0 2133 0.198648 21.2269 18.9379 0 01 0 0 0 0 0 0 0 0 0 0 0 0 0.815882 0 0 
0.0252697986720945671 0.218613 0 161127 21.1922 21.1699 18.8874 0 01 0 0 0 0 0 0 0 0 0 0 0 0.449964 1.12216 0 226.044 
0.0253775893045333836 0.198393 1 211235 0 51.5899 46.4309 0 0 2 0.0128818 -0.0128883 0.00491242 0 0 0 0 0 0 0 0 0.193065 1.21885 0 0 
0.0255069151460168148 0.33158 0 61834 0 20.9921 18.7299 0 01 0 0 0 0 0 0 0 0 0 0 0 0 0.666711 0 0 
0.0255606958578922169 1.16476 1 223778 0 21.2856 18.9145 0 0 2 -0.0116045 -0.0109585 0.0252609 0 -0 0 0 0 -0 0 0 0 0 0 0 
0.0256210999354318097 0.214426 0 164300 0.105503 20.9079 18.6553 0 01 0 0 -0 0 0 0 -0 0 0 0 -0 0.407267 0.407267 0 112.183 
0.0258348150263871743 0.438763 0 171741 0.140242 20.753 18.518 0 01 0 0 0 0 0 0 0 0 0 0 0 0 0.444998 0 0 
0.0258754996492241846 0.358487 0 260817 0.305796 15.3251 13.7888 0 01 0 0 0 0 0 0 0 0 0 0 0 1.06105 1.78099 0 0 
0.0260276774976061151 0.600237 0 52009 0.100509 20.6155 18.3962 0 01 0 0 -0 0 0 0 -0 0 0 0 -0 1.21862 1.21862 0 73.2852 
0.0260474344502058842 0.462897 0 237717 0.0968355 20.7394 18.6655 0 01 0 0 0 0 0 0 0 0 0 0 0 0.463351 1.41378 0 0 
0.0260901919166098527 0.905027 0 33876 20.5916 20.5715 18.3572 0 01 -0 0 0 0 -0 0 0 0 -0 0 0 0 0 0 0 
0.0261437974753302854 0.309971 0 98571 1.87957 20.534 18.3239 0 01 0 0 0 0 0 0 0 0 0 0 0 0.300373 0.597098 0 0 
0.026204616694709356 0.366596 0 23718 0.257737 20.4916 18.2863 0 01 0 -0 0 0 0 -0 0 0 0 -0 0 0 0.352237 0 0 
0.0262263657862768333 0.147884 1 109500 0 26.1223 23.5101 0 0 2 0.00614129 0.00779936 0.00628361 0 0 0 0 0 0 0 0 0.128105 0.416566 2709.8 2709.8 
0.0262513213490135483 0.135216 0 373707 0.110689 20.8515 17.0848 0 01 0 -0 0 0 0 -0 0 0 0 -0 0 0.143368 0.420793 0 239.686 
0.0263222907817555057 0.364872 0 82874 20.4299 20.4103 18.2141 0 01 0 0 0 0 0 0 0 0 0 0 0 0 0.353978 0 0 
0.026343463269176623 0.273652 0 143635 0.235428 20.3958 18.2013 0 01 0 0 0 0 0 0 0 0 0 0 0 0.271421 0.271421 0 0 
0.0263759740675431967 0.0988893 1 219197 0 59.1482 53.2334 0 0 2 0.00333378 -0.00809984 0.000246563 0 0 -0 0 0 0 -0 0 0.703141 1.67111 1773.41 3643.56 
0.0263966132109958278 6.7572 0 148444 20.3789 20.3595 18.169 0 01 0 0 0 0 0 0 0 0 0 0 0 0 6.04437 0 0 
0.0264299826525474062 0.307013 0 151331 0.279413 20.3367 18.1488 0 01 0 0 0 0 0 0 0 0 0 0 0 0.301432 0.61031 0 0 
0.0264531720779660438 0.4633 0 17368 0.39637 20.321 18.1349 0 01 0 0 0 0 0 0 0 0 0 0 0 0 0 0 0 
0.0264834084096735763 0.387078 0 196880 0.852225 23.2728 7.06393 0 327.2291 63.9215 -14.3802 -320.603 0 0 0 -0 0 0 0 -0 0 0 0 0 
0.0265013935198851747 0.169979 0 29294 20.3085 20.2894 18.1068 0 01 0 -0 0 0 0 -0 0 0 0 -0 0 0.691978 2.28267 347.743 930.376 
0.0265456315016291029 0.323489 1 252430 0 31.3104 28.1794 0 0 2 0.00217672 -0.000639993 0.0152768 0 0 0 0 0 0 0 0 0 0 0 0 
0.0265651881140230271 0.217718 0 44830 0.326907 20.2453 18.0677 0 01 0 0 -0 0 0 0 -0 0 0 0 -0 0.207942 0.41625 0 0 
0.0266161983886491239 0.277789 0 167944 0.136071 20.2116 18.0378 0 01 0 0 0 0 0 0 0 0 0 0 0 1.3603 2.16406 0 0 
0.0266305636777831763 0.230319 1 88115 0 20.2017 18.029 0 0 2 0.00837959 -0.0291047 0.0296217 0 0 0 0 0 0 0 0 0 1.14831 0 0 
0.0267394585986854214 0.242405 0 148344 20.1477 20.1291 17.9646 0 01 0 0 0 0 0 0 0 0 0 0 0 0.248201 1.48086 0 1384.57 
0.0267490126523785531 0.228904 0 59383 20.1415 20.1228 17.959 0 01 0 0 0 0 0 0 0 0 0 0 0 0.447202 1.59661 0 0 
0.0267781480533666461 0.484975 0 171146 0 20.1035 17.9419 0 01 0 -0 0 0 0 -0 0 0 0 -0 0 0 0 0 0 
0.0271344632108374839 0.988365 0 173828 0.18395 19.872 17.7366 0 01 0 -0 0 0 0 -0 0 0 0 -0 0 0 1.01103 0 0 
0.0272391326310299636 6.60672 0 1612 19.8229 19.8054 17.6775 0 01 0 0 0 0 0 0 0 0 0 0 0 0 5.57025 0 0 
0.0272444882408450911 0.258291 1 331015 0 27.8203 25.0383 0 0 2 0.000771001 -0.000845081 -0.00778146 0 0 -0 0 0 0 -0 0 0 0.802768 0 0 
0.0273183353148237287 9.29299 0 73017 19.7728 19.7553 17.6331 0 01 0 0 0 0 0 0 0 0 0 0 0 0 0 0 0 
0.0273241191653652814 0.308743 0 144527 0.3423 35.9152 18.7058 0 01 0 0 0 0 0 0 0 0 0 0 0 0 0.304249 0 0 
0.0273681360464385591 0.214785 0 53826 0.129527 19.724 17.6053 0 01 0 0 0 0 0 0 0 0 0 0 0 0.607788 1.01254 0 0 
0.027421052330101052 1.7626 0 29937 19.7082 19.6909 17.5759 0 01 0 0 0 0 0 0 0 0 0 0 0 0 0 0 0 
0.0274614808325018139 0.323013 0 175405 0.290838 19.6658 17.5535 0 01 0 0 0 0 0 0 0 0 0 0 0 0.329189 0.658083 0 0 
0.0275218979683151677 0.823632 0 184723 19.6454 19.6284 17.5203 0 01 0 0 -0 0 0 0 -0 0 0 0 -0 0 0 0 0 
0.0275273965878421248 0.181039 0 225890 0.486723 19.625 17.9063 0 01 0 0 0 0 0 0 0 0 0 0 0 0.539091 1.05817 0 899.889 
0.0275817493552152765 0.512888 0 179770 19.6083 19.5914 17.4875 0 01 0 0 0 0 0 0 0 0 0 0 0 0 0 0 0 
0.0282044162075865308 0.280181 0 281322 0.0986276 19.6085 16.1397 0 01 -0 0 0 0 -0 0 0 0 -0 0 0 0 0 0 0 
0.0284136691047473869 0.149975 0 291542 0.326458 27.2677 14.1303 0 150.3941 143.091 28.3648 -36.5885 0 0 0 0 0 0 0 0 0.139053 0.139053 0 0 
0.0290831584225050045 0.202452 1 228102 0 60.603 54.5427 0 0 2 -0.0094561 -0.00107152 -0.00185595 0 0 -0 0 0 0 -0 0 0 0.211817 0 0 
0.0295446052226608531 2.53218 0 9348 1.53214 29.2179 18.7791 0 114.0881 55.1687 99.3458 10.1455 0 0 0 0 0 0 0 0 0 0 0 0 
0.0335563125861390935 0.155353 1 211217 0 53.2638 47.9374 0 0 1 -0.671953 -0.723011 -1.26329 0 0 -0 0 0 0 -0 0 0.155353 0.310555 0 247.991 
0.0347342140733591653 0.475644 1 237318 0 19.1986 17.2788 0 0 2 0.0128985 -0.0713548 0.0265668 0 0 0 0 0 0 0 0 3.83358 9.0733 0 149.709 
0.0357514581211205232 0.333345 0 39421 0.202497 26.9549 13.4619 0 155.4331 -41.7148 141.71 -48.3492 0 0 0 0 0 0 0 0 0 3.93716 0 0 
0.0372929610943010595 0.0954725 1 227718 0 49.2467 44.322 0 0 1 0.154269 -0.212685 -0.180422 0 0 0 0 0 0 0 0 2.27662 4.65238 377.409 3307.9 
0.0382892679841190381 0.0996275 0 221101 0.0940664 35.0077 28.8633 0 01 0 -0 0 0 0 -0 0 0 0 -0 0 3.52356 6.78863 373.854 2101.97 
0.0397676329221370028 0.101206 0 214264 0.0892735 24.1786 8.33015 0 108.5051 -23.2584 58.0187 88.6919 0 0 0 0 0 0 0 0 4.83532 8.56671 1295.07 2797.7 
0.041012213724867623 0.226149 0 185677 0.641213 25.3567 10.189 0 367.4821 367.271 12.2897 2.09105 0 0 0 0 0 0 0 0 0.891341 2.51817 25.4904 25.4904 
0.0443479583867163879 0.0911135 0 284169 0.360907 21.5901 11.9945 0 01 0 0 0 0 0 0 0 0 0 0 0 0.102558 0.45202 0 0 
0.236827925763761327 0.0402407 1 211172 0 21.4071 49.1776 0 0 2 0.00784721 -0.013495 -0.0105631 0 0 0 0 0 0 0 0 5.96218 15.2013 60.8429 126.99 
