#1:time #2:r #3.binary? #4:ID #5:zams_m #6:m_progenitor #7:bh mass #8:bh_spin #9:birth-kick(km/s) #10-25:vsarray
0.00315936219659187145 0.383588 1 61743 0 36.0848 32.4763 0 0 1 0.336127 -0.105335 0.483578 0 0 0 0 0 0 0 0 1.16215 4.17324 0 0 
0.00319268831398064395 0.12856 1 48795 0 36.4747 32.8272 0 0 1 -0.118869 0.375945 -0.569793 0 0 0 0 0 0 0 0 3.84992 6.17339 2587.57 5005.28 
0.00319456746301460381 0.242116 0 100504 0.164664 36.2629 32.6366 0 01 0 0 0 0 0 0 0 0 0 0 0 2.02613 6.56741 0 821.76 
0.0032105164367111803 0.241414 1 40380 0 36.5629 32.9066 0 0 2 0.0237558 -0.00452258 -0.00563475 0 0 -0 0 0 0 -0 0 2.83568 6.70004 183.212 524.996 
0.00322732779298764288 0.139215 0 1230 0.0813085 36.422 32.7798 0 01 0 0 0 0 0 0 0 0 0 0 0 5.57126 9.45452 3873.6 8875.26 
0.00323127042418092135 0.205307 1 174558 0 36.1318 32.5186 0 0 1 -0.0973801 -0.082276 0.656201 0 0 -0 0 0 0 -0 0 3.85664 7.2796 370.728 2033.83 
0.00324118445697410421 0.104933 1 34504 0 36.6631 32.9968 0 0 1 -0.34684 0.251181 -0.780905 0 0 0 0 0 0 0 0 3.84224 7.75007 306.176 3005.31 
0.00325611534737273644 0.218935 1 73525 0 36.7155 33.0439 0 0 1 0.540158 -0.0633273 0.2388 0 0 -0 0 0 0 -0 0 4.43911 8.02597 233.046 1255.79 
0.00332731451806621758 0.436543 0 223162 0.146642 44.8479 40.3631 0 01 0 0 0 0 0 0 0 0 0 0 0 0.899052 2.23627 0 70.5082 
0.00333686017580511318 0.210256 1 10657 0 36.2472 32.6225 0 0 1 -0.335559 -0.197492 -0.499774 0 0 0 0 0 0 0 0 4.21374 9.64459 279.335 2371.95 
0.0033404652054284268 0.188257 1 227499 0.172016 45.9993 41.3994 0 0 2 -0.00033863 -0.00210183 -0.00365286 0 0 0 -0 0 0 0 -0 5.36257 7.78746 911.485 2590.81 
0.00334730337019032397 0.17444 1 252109 0 37.1841 33.4657 0 0 1 -0.131848 -0.136213 0.213958 0 -0 0 0 0 -0 0 0 5.55434 8.22724 1956.48 4380.86 
0.00337332639904670481 0.170604 0 232872 0.183724 44.4545 40.0091 0 01 -0 0 0 0 -0 0 0 0 -0 0 0 3.47256 7.33297 1410.78 2756.11 
0.0033824061052598795 0.244044 1 64926 0 44.5025 40.0522 0 0 2 0.00620346 0.0226674 -0.00216941 0 0 0 0 0 0 0 0 3.40628 8.26996 189.349 708.519 
0.00338437087773202838 0.221279 1 261582 0 36.6224 32.9601 0 0 1 0.151088 0.00942912 0.318783 0 0 0 0 0 0 0 0 2.9301 8.05892 1104.89 1494.71 
0.00338735087090233236 0.252319 1 48757 0 35.7148 32.1434 0 0 1 0.582837 1.33159 -0.593692 0 0 0 0 0 0 0 0 2.27871 6.49849 0 860.889 
0.00339056711404044954 1.90666 0 178115 104.318 45.1528 40.6375 0 01 -0 0 0 0 -0 0 0 0 -0 0 0 0 3.77694 0 0 
0.00339652127354978439 0.25789 0 111187 103.99 44.9656 40.4691 0 01 0 0 -0 0 0 0 -0 0 0 0 -0 2.10378 6.29403 0 419.948 
0.00340950269835054191 0.362756 0 236014 0.609771 44.4412 39.9971 0 01 0 0 0 0 0 0 0 0 0 0 0 2.95798 9.53607 106.489 235.182 
0.00341471819752866505 0.241009 1 244242 0 42.9503 38.6553 0 0 2 0.24418 0.471872 -0.549562 0 0 0 -0 0 0 0 -0 4.93894 10.68 982.769 1174.81 
0.00342170990132004312 0.489077 1 9424 0 34.2307 30.8077 0 0 1 0.0401466 0.565545 -0.0169459 0 0 0 -0 0 0 0 -0 3.38522 6.75412 0 50.1176 
0.00343118046706494817 0.0706023 1 51333 0 33.701 30.3309 0 0 2 -0.0512215 0.981688 0.0199825 0 -0 0 0 0 -0 0 0 7.34828 10.2443 3173.76 7116.94 
0.00347614107991750477 0.129665 0 168168 0.117738 39.0088 35.1079 0 01 0 0 0 0 0 0 0 0 0 0 0 6.06831 9.67277 1742.45 7062.97 
0.00348226091569858211 0.230165 1 61874 0 32.097 28.8873 0 0 1 -0.318231 0.403273 -0.149042 0 0 0 -0 0 0 0 -0 5.05895 7.24967 441.556 1642.82 
0.00348226091569858211 0.339241 1 136651 0 31.4769 28.3292 0 0 1 -0.36346 0.0544341 -0.431574 0 -0 0 0 0 -0 0 0 1.71372 6.40301 0 0 
0.00349585689352969499 1.03378 0 167048 92.1791 38.7164 34.8448 0 01 -0 0 0 0 -0 0 0 0 -0 0 0 0 2.06842 0 0 
0.0035098672719497551 0.147317 0 150155 0.104291 37.7915 34.0124 0 01 0 0 0 0 0 0 0 0 0 0 0 3.72338 7.19967 1050.39 3062.22 
0.00352930782818215716 0.10133 1 24087 0 30.0681 27.0613 0 0 1 -0.445724 0.120019 -0.460617 0 0 0 0 0 0 0 0 4.80511 8.75031 811.402 2126.86 
0.00355177856545542446 0.889522 0 159815 87.188 36.0584 32.4525 0 01 0 0 0 0 0 0 0 0 0 0 0 0 1.74854 0 0 
0.0035574942118121811 1.38184 0 293047 0.266952 35.8775 32.2897 0 01 -0 0 0 0 -0 0 0 0 -0 0 0 1.38671 2.76855 0 0 
0.00356605536711786806 0.208207 1 231982 0 35.5769 32.0192 0 0 2 0.000458288 0.00557629 -0.00149877 0 0 0 0 0 0 0 0 3.48045 7.38025 722.2 896.249 
0.00357962023595103469 0.108769 0 78203 0 35.0381 31.5343 0 01 0 0 0 0 0 0 0 0 0 0 0 5.92318 9.28997 1680.9 4513.7 
0.0036380804290054628 0.250968 1 236726 0 32.6824 29.4141 0 0 2 -0.000886255 0.00137497 0.00598767 0 0 0 0 0 0 0 0 6.49395 11.7182 502.617 757.253 
0.00366575301652087224 0.90884 0 115918 78.7712 31.7949 28.6154 0 01 0 0 0 0 0 0 0 0 0 0 0 0 3.64276 0 0 
0.00367899246813461903 0.630125 0 176470 78.0612 31.4044 28.2639 0 01 0 0 0 0 0 0 0 0 0 0 0 1.89044 7.57597 0 97.6105 
0.0036886184762150837 0.923779 0 42429 77.2398 31.0212 27.9191 0 01 0 0 0 0 0 0 0 0 0 0 0 0.923779 3.72975 0 0 
0.00370183909742226661 0.0739094 1 9114 0 25.981 23.3829 0 0 1 0.646201 0.396942 0.314325 0 0 0 0 0 0 0 0 5.26419 8.57833 1411.7 3026.33 
0.00371948662170554657 0.356277 0 223567 0.137997 30.2639 27.2375 0 01 0 0 -0 0 0 0 -0 0 0 0 -0 2.06167 5.53622 34.5499 361.058 
0.00372694901399189728 0.33744 0 102311 75.0149 29.9439 26.9495 0 01 0 -0 0 0 0 -0 0 0 0 -0 0 3.78009 9.72111 74.9777 76.7417 
0.0037449770110523058 0.11712 0 212366 0 29.3446 26.4101 0 01 0 0 -0 0 0 0 -0 0 0 0 -0 6.8928 11.6947 2684.49 5266.05 
0.0037537644299372834 1.2539 0 152617 73.6069 29.1919 26.2727 0 01 0 -0 0 0 0 -0 0 0 0 -0 0 2.48297 6.21714 0 2.1863 
0.00379234861671354185 1.62616 0 153939 71.4512 28.1329 25.3196 0 01 0 0 0 0 0 0 0 0 0 0 0 6.56608 13.1173 0 27.8168 
0.00380572251143023593 1.03617 0 114706 70.8061 27.8165 25.0348 0 01 0 0 0 0 0 0 0 0 0 0 0 0 2.07375 0 0 
0.0038344275045443096 1.10784 0 51259 69.5325 27.1974 24.4776 0 01 0 0 0 0 0 0 0 0 0 0 0 1.09822 4.4032 0 0 
0.0038344275045443096 1.63926 0 174664 69.4959 27.2083 24.4875 0 01 0 0 0 0 0 0 0 0 0 0 0 0 4.92671 0 0 
0.00385836310170415168 0.21526 1 24013 0 23.5016 21.1514 0 0 1 0.0464105 0.803109 -0.182456 0 0 0 -0 0 0 0 -0 4.89777 9.60848 198.905 676.701 
0.00388038602515373889 0.0572385 0 111328 0.121111 26.0201 23.4181 0 01 0 0 0 0 0 0 0 0 0 0 0 5.59016 8.68483 1791.43 3032.18 
0.00388038602515373889 0.798587 0 196871 67.4387 26.2329 23.6096 0 01 0 0 0 0 0 0 0 0 0 0 0 2.36104 6.24957 0 122.352 
0.00388184883570289341 0.659821 0 121014 67.3249 26.1635 23.5472 0 01 0 -0 0 0 0 -0 0 0 0 -0 0 0 1.32625 0 0 
0.0039120873502478809 0.526186 0 71530 66.0952 25.5803 23.0222 0 01 0 0 0 0 0 0 0 0 0 0 0 4.15328 7.2564 0 0 
0.00393284382773286586 0.846268 0 150382 65.3114 25.1672 22.6505 0 01 0 0 0 0 0 0 0 0 0 0 0 0.838439 3.37059 0 0 
0.00394381707917710288 0.0795504 1 88100 0 21.9232 19.7309 0 0 2 0.999553 0.224366 0.415848 0 0 0 0 0 0 0 0 4.16639 7.57706 1462.52 4141.88 
0.00395031842530322273 0.222872 1 11010 0 21.8222 19.6399 0 0 1 0.146864 0.0808433 0.697464 0 0 0 0 0 0 0 0 1.88451 5.1226 51.2318 1050.59 
0.00395808235595538054 0.152395 1 12700 0 24.5303 22.0773 0 0 1 0.023745 0.00296213 -0.00692046 0 0 0 -0 0 0 0 -0 6.18061 10.0325 1099.04 3563.53 
0.00398437739847499073 0.593751 0 177308 63.2174 24.1708 21.7537 0 01 0 -0 0 0 0 -0 0 0 0 -0 0 0.594225 2.38048 0 0 
0.00398907717233071279 0.0885152 0 25684 0.104291 24.1015 21.6914 0 01 0 0 0 0 0 0 0 0 0 0 0 3.87046 9.37619 1924.75 2428.2 
0.00398907717233071279 0.293572 0 37142 0.232841 24.1228 21.7105 0 01 0 0 0 0 0 0 0 0 0 0 0 2.8147 6.67295 1.33619 141.674 
0.0039931229288153432 0.892813 0 166865 62.8942 24.0692 21.6623 0 01 0 0 0 0 0 0 0 0 0 0 0 0.900675 9.02802 0 0 
0.00403403757072878615 0.0809969 1 110778 0 23.3882 21.0494 0 0 2 -0.00607729 0.00546194 -0.0129991 0 0 0 0 0 0 0 0 5.8876 10.5949 1359.15 1838.75 
0.00403559230099736002 0.591541 0 181303 0.111889 23.3876 21.0489 0 01 0 0 -0 0 0 0 -0 0 0 0 -0 0.606045 2.39114 0 0 
0.0040419064944621913 0.339591 1 235991 0 23.2978 20.968 0 0 2 -0.000358748 -0.00998035 0.00473957 0 0 0 0 0 0 0 0 1.95077 7.14932 0 955.742 
0.00404589661400410125 1.11854 0 164435 61.1483 23.1973 20.8775 0 01 0 0 0 0 0 0 0 0 0 0 0 2.24752 4.4708 0 0 
0.00404589661400410125 1.99326 0 197790 61.1754 23.2443 20.9199 0 01 0 0 0 0 0 0 0 0 0 0 0 1.94912 3.90558 0 0 
0.00406344607005003182 0.51663 0 107024 60.5044 22.8939 20.6045 0 01 0 0 0 0 0 0 0 0 0 0 0 1.47977 5.57769 0 0 
0.00406344607005003182 0.743262 0 95702 60.5667 22.9405 20.6464 0 01 0 -0 0 0 0 -0 0 0 0 -0 0 3.00669 6.75412 0 13.4254 
0.00408392267486774613 1.31715 0 156600 59.8262 22.6199 20.3579 0 01 0 0 -0 0 0 0 -0 0 0 0 -0 0 1.32569 0 0 
0.00409212343962731331 0.895352 0 184514 59.5604 22.5162 20.2646 0 01 0 0 0 0 0 0 0 0 0 0 0 3.62691 6.32926 8.95051 8.95051 
0.00409504485030834624 1.32162 0 176147 59.5084 22.4328 20.1895 0 01 0 -0 0 0 0 -0 0 0 0 -0 0 0 0 0 0 
0.00412199276139521044 0.169145 0 85265 0.562911 22.0649 19.8584 0 01 0 0 0 0 0 0 0 0 0 0 0 4.33429 8.08175 1661.2 3439.87 
0.00412199276139521044 0.388232 1 147276 0.172759 19.8112 17.8301 0 0 2 -0.235401 0.00590641 0.751956 0 0 0 0 0 0 0 0 1.93961 7.85834 0 501.728 
0.00418276329270752742 0.344165 1 52253 0 19.4526 17.5073 0 0 1 -0.765781 0.530524 -0.0214266 0 0 0 0 0 0 0 0 1.65979 6.16828 0 413.286 
0.0041841609999087228 0.956852 0 179664 56.8427 21.2224 19.1002 0 01 0 0 -0 0 0 0 -0 0 0 0 -0 0 0.96488 0 0 
0.00420508947375742518 0.503891 0 134142 5.60708 20.9521 18.8569 0 01 0 0 0 0 0 0 0 0 0 0 0 2.03731 4.07435 21.7168 21.7168 
0.00422909930954737823 0.131543 1 13642 0 20.4504 18.4054 0 0 1 0.0141349 0.0267382 -0.00854876 0 0 0 0 0 0 0 0 7.56044 11.5166 1312.51 4842.29 
0.004239723118587016 0.340961 0 58352 0.134862 20.4746 18.4271 0 01 0 -0 0 0 0 -0 0 0 0 -0 0 3.63686 11.4881 0 504.428 
0.004239723118587016 0.949612 0 128897 55.4251 20.5865 18.5278 0 01 0 -0 0 0 0 -0 0 0 0 -0 0 0.935654 8.46639 0 0 
0.00428161209610389715 0.321189 0 28748 0.214503 19.9337 17.9403 0 01 0 0 0 0 0 0 0 0 0 0 0 2.36969 6.63926 0 1.34489 
0.00429188042285642748 0.22991 0 6409 0.23282 20.0045 18.0041 0 01 0 0 0 0 0 0 0 0 0 0 0 5.84229 12.4784 728.249 1083.53 
0.00430607726469872752 0.0903095 1 10715 0 18.4221 16.5774 0 0 1 0.375899 0.106659 0.947536 0 0 0 0 0 0 0 0 6.51499 12.5394 1558.17 5612.69 
0.00435291608127667991 0.418028 0 75494 52.6861 19.3165 17.3848 0 01 0 0 -0 0 0 0 -0 0 0 0 -0 6.42218 17.1638 2.2546 83.4633 
0.00435523408531744531 0.232616 0 111644 0.87125 18.9702 17.0732 0 01 0 0 0 0 0 0 0 0 0 0 0 3.80389 8.39711 148.008 535.477 
0.0043574389847709661 0.130922 1 77606 0 19.2526 17.3274 0 0 2 0.00641973 0.000216173 0.00275994 0 0 0 0 0 0 0 0 3.37283 8.33768 981.53 2385.74 
0.00436097431909718627 0.20513 1 165646 52.3922 18.3462 16.5083 0 0 1 -0.910972 0.0828965 0.184601 0 0 0 0 0 0 0 0 4.49591 10.8853 360.049 3092.12 
0.00438004244444087972 0.351036 0 44453 0.11605 18.9911 17.092 0 01 -0 0 0 0 -0 0 0 0 -0 0 0 2.67096 6.7057 0 0 
0.0043829689773958562 0.699527 0 194166 51.865 18.9496 17.0546 0 01 0 0 0 0 0 0 0 0 0 0 0 0.685872 6.20832 18.4891 18.4891 
0.00438593933160878312 0.343958 0 154047 0.462154 18.9254 17.0328 0 01 0 0 0 0 0 0 0 0 0 0 0 2.34564 8.73047 0 11.9419 
0.00439572400771542394 0.140002 0 27716 0.172879 18.6776 16.8098 0 01 0 0 0 0 0 0 0 0 0 0 0 9.88239 15.1722 2157 6523.09 
0.00441015387964785628 0.145735 1 56191 0 17.3075 15.5642 0 0 1 1.91502 -0.907529 -1.17184 0 0 -0 0 0 0 -0 0 4.08907 8.87022 3363.86 4060.21 
0.00441548165103068744 0.432417 0 74245 51.1709 18.632 16.7683 0 01 0 0 0 0 0 0 0 0 0 0 0 4.8042 8.65721 264.347 777.196 
0.0044285200270910343 0.156084 0 43106 0.0943338 18.5109 16.6582 0 01 0 -0 0 0 0 -0 0 0 0 -0 0 10.048 16.1768 3726.88 6957.35 
0.00446969019125813011 0.940715 0 185627 50.0487 18.1191 16.3018 0 01 0 0 0 0 0 0 0 0 0 0 0 1.85481 9.30086 0 0 
0.00448962643909264769 0.0803682 0 89578 0.0855181 18.0054 16.1984 0 01 0 0 -0 0 0 0 -0 0 0 0 -0 8.186 13.5424 387.36 3961.98 
0.00449337563292949264 0.132835 0 161343 0.464995 17.9586 16.1559 0 01 0 0 0 0 0 0 0 0 0 0 0 5.12992 11.9434 627.043 1959.16 
0.00451092401351193672 0.464828 0 54190 49.2892 17.7984 16.0102 0 01 -0 0 0 0 -0 0 0 0 -0 0 0 5.18773 8.93142 0 1.66227 
0.00451092401351193672 0.750059 0 183715 0.640116 17.7107 15.9305 0 01 0 -0 0 0 0 -0 0 0 0 -0 0 0.754523 4.49297 0 0 
0.0045220638947497914 0.652201 0 162029 49.042 17.7198 15.9388 0 01 0 0 -0 0 0 0 -0 0 0 0 -0 0.642477 2.57949 0 0 
0.00452974602698811429 0.513902 0 248450 0 17.668 15.8917 0 01 0 -0 0 0 0 -0 0 0 0 -0 0 1.57719 4.70292 10.8969 10.8969 
0.00454254201344415302 0.904505 0 99846 48.7235 17.5525 15.7867 0 01 0 0 -0 0 0 0 -0 0 0 0 -0 0.902548 7.24836 0 0 
0.00454254201344415302 1.58881 0 157557 48.6908 17.5339 15.7699 0 01 0 0 0 0 0 0 0 0 0 0 0 0 4.72402 0 0 
0.00455965284355851121 1.36624 0 183290 0.249963 17.418 15.6645 0 01 0 0 0 0 0 0 0 0 0 0 0 2.75385 4.13786 0 0 
0.00456693760560388917 0.132262 0 164882 0 19.8131 17.8318 0 01 0 0 0 0 0 0 0 0 0 0 0 5.26968 11.0481 738.852 2015.81 
0.00456693760560388917 0.379332 0 62226 0.681621 17.216 15.481 0 01 0 -0 0 0 0 -0 0 0 0 -0 0 1.85852 7.11415 0 124.866 
0.00457627138243494463 0.134548 1 27316 0 17.2376 15.5006 0 0 1 -0.00963456 -0.000621937 0.00699667 0 0 -0 0 0 0 -0 0 3.60509 9.19388 1914.84 4258.77 
0.00461614632585107161 0.150275 0 226537 0.148165 16.7444 15.0528 0 01 -0 0 0 0 -0 0 0 0 -0 0 0 6.10107 10.7289 2747.9 4099.4 
0.00464188675418789401 0.266006 1 55710 0 16.7086 15.0203 0 0 1 -0.00499467 0.000187042 -0.00662044 0 0 0 0 0 0 0 0 0.458659 3.27916 0 0 
0.0046503101801700494 1.25511 0 177060 46.786 16.6474 14.9647 0 01 0 0 0 0 0 0 0 0 0 0 0 1.23977 1.23977 0 0 
0.00466083532691180438 0.315001 1 953 0 15.7894 14.1863 0 0 1 0.527842 0.032446 0.244664 0 0 0 0 0 0 0 0 2.09897 4.81768 148.909 148.909 
0.00467137954158654972 0.421085 0 139943 46.444 16.5077 14.8379 0 01 0 0 -0 0 0 0 -0 0 0 0 -0 3.25292 7.3716 64.706 418.665 
0.00468500366796198615 0.694139 0 144755 46.2284 16.4462 14.7821 0 01 0 0 0 0 0 0 0 0 0 0 0 1.39648 4.19251 0 0 
0.00472065909029772707 1.95851 0 194155 45.6927 16.1834 14.5436 0 01 0 0 0 0 0 0 0 0 0 0 0 1.96821 3.90645 0 0 
0.0047308287241038709 0.391332 0 37829 45.571 16.1068 14.4741 0 01 0 0 0 0 0 0 0 0 0 0 0 4.87493 11.304 109.599 142.259 
0.0047308287241038709 0.526642 0 65477 45.4948 16.0736 14.4441 0 01 0 0 0 0 0 0 0 0 0 0 0 3.70555 10.4881 0 11.0028 
0.0047308287241038709 0.840617 0 63181 45.5723 16.1077 14.475 0 01 0 0 0 0 0 0 0 0 0 0 0 2.50256 5.81833 33.5539 33.5539 
0.0047308287241038709 2.04044 0 146828 45.4911 16.0709 14.4416 0 01 0 0 0 0 0 0 0 0 0 0 0 0 6.12778 0 0 
0.00474767809102319242 0.270677 0 60170 0.430157 15.9676 14.3479 0 01 0 0 -0 0 0 0 -0 0 0 0 -0 0.992947 4.47827 0 0 
0.00475389519322241307 0.345207 0 58596 0.101914 15.6241 14.0363 0 01 0 0 0 0 0 0 0 0 0 0 0 3.44709 9.54775 83.4234 156.269 
0.00476552289786461285 0.142758 0 85683 0.125046 15.8675 14.2571 0 01 -0 0 0 0 -0 0 0 0 -0 0 0 2.17193 6.11464 0 1196.41 
0.00481775216220673309 0.255417 0 120626 0.102199 15.5194 13.9415 0 01 0 0 0 0 0 0 0 0 0 0 0 2.67464 7.31518 76.7682 811.778 
0.00484378966685919399 0.351295 1 235648 0 15.3812 13.8162 0 0 2 -0.000376541 -0.0131985 -0.00337611 0 0 0 0 0 0 0 0 3.07841 8.93541 0 31.7671 
0.00484378966685919399 0.715229 0 141955 43.841 15.3731 13.8089 0 01 0 0 0 0 0 0 0 0 0 0 0 1.40476 5.60599 0 0 
0.00485572145309898836 0.235854 0 35366 0.1241 15.2917 13.7351 0 01 0 0 0 0 0 0 0 0 0 0 0 2.59277 6.72166 141.331 522.615 
0.00486673969393972526 0.353713 0 68583 43.541 15.2115 13.6624 0 01 0 0 0 0 0 0 0 0 0 0 0 4.81216 13.3676 541.774 594.111 
0.00486926658523578575 0.0778557 0 83883 43.4998 15.2116 13.6625 0 01 0 0 0 0 0 0 0 0 0 0 0 4.52724 9.28749 309.192 2180.04 
0.00486926658523578575 0.121563 1 20900 0 14.186 12.0708 0 0 1 -3.4266 -6.8837 6.31671 0 0 -0 0 0 0 -0 0 4.52724 9.28749 309.192 2180.04 
0.00486926658523578575 0.844952 0 150523 43.4831 15.2094 13.6605 0 01 -0 0 0 0 -0 0 0 0 -0 0 0 0.848332 2.54895 0 0 
0.0048723567230401308 1.07998 0 85753 43.43 15.21 13.6611 0 01 0 0 0 0 0 0 0 0 0 0 0 0 1.07126 0 0 
0.00487741382914788028 1.13187 0 94719 43.369 15.1637 13.6191 0 01 0 0 0 0 0 0 0 0 0 0 0 1.12595 2.25859 0 24.0462 
0.00491539638196387355 1.38456 1 131772 0 14.9397 13.4162 0 0 1 -0.00371693 -0.0080929 0.0053602 0 0 0 0 0 0 0 0 0 2.79479 0 0 
0.0049319362602109236 0.570629 0 170070 42.6563 14.8225 13.31 0 01 0 0 0 0 0 0 0 0 0 0 0 1.17148 6.45603 0 0 
0.00494359510677014335 0.139398 1 68259 0 14.755 13.2489 0 0 2 0.00497979 -0.0010399 -0.0121123 0 0 0 0 0 0 0 0 1.54094 4.56961 67.2308 893.004 
0.00496421634818670649 3.17401 0 197910 42.2259 14.6677 13.148 0 1.318571 -1.19719 0.55241 -0.0137211 0 0 0 0 0 0 0 0 0 0 0 0 
0.00501306047576188449 0.525884 0 111014 41.6225 14.376 12.4858 0 11.78341 -0.491506 0.909055 11.7379 0 0 0 0 0 0 0 0 0.533293 1.59635 0 0 
0.00501901101609165869 0.0259377 1 0 0 14.3604 12.4513 0 0 1 -12.1636 -0.334727 0.0425182 1 -12.2547 5.39372 -5.0817 0 0 0 -0 2.65431 8.28157 413.045 1587.88 
0.00501901101609165869 2.22295 0 121054 41.5427 14.3417 12.4102 0 12.00651 11.5998 -1.70836 -2.58491 0 0 0 0 0 0 0 0 0 2.22057 0 0 
0.00503684011050286283 0.0476936 0 78974 0.109546 14.2854 12.2863 0 26.9271 -10.7087 -24.706 -0.0156715 0 0 -0 0 0 0 -0 0 2.39078 6.11692 0 787.48 
0.00506713427571828072 2.64946 0 82477 40.9632 14.0981 11.883 0 26.76681 23.6384 7.60073 -9.99585 0 0 0 0 0 0 0 0 0 2.71769 0 0 
0.00509750193577560365 0.356786 0 6025 0.335679 13.9957 11.6677 0 36.94531 33.3019 14.1361 -7.49041 0 0 0 -0 0 0 0 -0 10.8803 19.9363 89.5766 494.546 
0.00509750193577560365 0.674096 0 122995 40.6661 14.077 11.8383 0 39.16281 7.9739 -38.3061 1.66931 0 0 0 0 0 0 0 0 5.48726 15.0356 0 176.883 
0.00509750193577560365 1.62126 0 51605 40.827 14.0708 11.8252 0 36.03961 -12.6896 30.6332 -14.1222 0 0 0 0 0 0 0 0 1.60086 12.8487 0 0 
0.00510636598304959992 0.415015 0 5284 0.317034 14.1094 11.907 0 16.07731 5.94141 -14.4562 3.76805 0 0 -0 0 0 0 -0 0 6.3174 12.63 0 551.343 
0.00510935409496415631 0.213643 0 22499 0.518357 14.1871 12.0732 0 36.00721 35.9938 0.197277 -0.960505 0 0 0 0 0 0 0 0 3.8703 8.45798 659.29 1111.11 
0.00510935409496415631 1.92459 0 189256 40.4504 14.1897 12.0788 0 13.66691 1.12355 -13.5696 -1.17775 0 0 -0 0 0 0 -0 0 0 0 0 0 
0.0051557262918024583 1.12844 0 195207 0.61667 14.4335 12.614 0 7.498761 -7.45056 -0.309239 0.790523 0 0 -0 0 0 0 -0 0 1.12586 2.25786 0 0 
0.0051801884566782877 1.562 0 185827 39.6373 14.5384 12.8508 0 8.927321 -6.88996 3.17694 -4.70453 0 0 0 0 0 0 0 0 0 3.08064 0 0 
0.00518722074592806604 0.980468 0 191234 39.5368 14.5475 12.8715 0 9.047531 -8.96392 0.66774 -1.02963 0 0 0 0 0 0 0 0 1.93962 7.82861 0 0 
0.00520423454674546256 0.991282 0 50618 39.3718 14.595 12.9802 0 4.704041 -3.19941 3.43855 -0.261138 0 0 0 0 0 0 0 0 0 3.00505 0 0 
0.0052158065755113156 0.167853 0 7823 0.234165 14.4995 12.7626 0 3.560571 -3.3441 1.21155 -0.163689 0 0 0 0 0 0 0 0 7.28183 12.861 841.124 3180.91 
0.00522829014725884663 0.95709 0 36465 39.0862 14.6726 13.1595 0 0.4836491 0.28468 0.288483 -0.263916 0 0 0 0 0 0 0 0 0 1.90874 0 0 
0.00526205735700567383 0.107488 1 23355 0 14.6354 13.0734 0 0 1 -0.638713 -0.435452 -0.964391 0 -0 0 0 0 -0 0 0 10.6765 15.7585 1512.68 5737.59 
0.00526205735700567383 0.239676 1 209141 0 16.3558 14.7001 0 0 1 0.0334807 -0.353376 0.0724572 0 0 0 0 0 0 0 0 7.99829 14.9775 1482.51 2121.4 
0.00526205735700567383 1.27339 0 170525 38.7956 14.7713 13.2637 0 01 0 0 0 0 0 0 0 0 0 0 0 3.81538 8.92152 0 35.9043 
0.00526670234756490118 0.262003 1 70798 0 14.8031 13.2924 0 0 1 0.00721606 0.00404613 0.00927635 0 0 0 0 0 0 0 0 3.74805 7.26876 64.6149 534.982 
0.00528666778181900634 2.01388 0 167586 38.5806 14.8498 13.3347 0 01 0 0 0 0 0 0 0 0 0 0 0 2.02934 6.09706 0 0 
0.00529911783005870135 0.0745755 1 261064 0 36.4055 32.765 0 0 1 0.600288 -0.3318 0.473506 0 0 -0 0 0 0 -0 0 9.02297 15.2417 1943.46 4163.27 
0.00530885759117185295 0.622692 1 159247 0 14.9586 13.4333 0 0 2 -0.0036504 0.00414265 -0.010729 0 0 -0 0 0 0 -0 0 3.67561 11.0825 0 270.201 
0.00532306480944030186 0.539959 0 228430 0.655894 14.8042 13.2934 0 01 -0 0 0 0 -0 0 0 0 -0 0 0 4.87027 18.772 106.412 148.849 
0.00537553016183127223 0.164664 0 36799 0.218922 14.8696 13.3526 0 01 0 0 0 0 0 0 0 0 0 0 0 7.03659 12.9136 1313.93 3197.85 
0.00537553016183127223 0.527714 0 87721 37.6852 15.1823 13.636 0 01 0 0 0 0 0 0 0 0 0 0 0 1.62508 7.01125 0 0 
0.00537553016183127223 1.72104 0 159486 37.6837 15.2043 13.6559 0 01 -0 0 0 0 -0 0 0 0 -0 0 0 5.25901 10.5167 0 279.528 
0.00546468719525330764 0.261717 1 24007 0 15.2085 13.6877 0 0 1 -0.000922088 -0.000549587 -0.020824 0 0 -0 0 0 0 -0 0 9.97766 18.4943 604.827 1753.24 
0.00546468719525330764 1.28037 0 169315 36.9321 15.2089 13.688 0 01 -0 0 0 0 -0 0 0 0 -0 0 0 3.88948 9.07234 0 0 
0.00546468719525330764 1.88906 0 162583 37.01 15.2455 13.7209 0 01 0 0 0 0 0 0 0 0 0 0 0 3.72223 11.2467 0 176.569 
0.00547113917875634292 0.467027 0 144496 36.8656 36.1192 13.6953 0 01 0 -0 0 0 0 -0 0 0 0 -0 0 3.63558 11.8326 396.213 415.558 
0.00547778159325646146 0.137208 0 242995 0.638819 15.2184 13.6687 0 01 0 0 0 0 0 0 0 0 0 0 0 6.09577 13.124 1998.74 4392.56 
0.00547778159325646146 0.217026 0 62469 36.8054 36.0623 13.6451 0 01 0 0 0 0 0 0 0 0 0 0 0 6.09577 13.124 1998.74 4392.56 
0.00547778159325646146 0.235476 0 58537 0.0805474 15.178 13.6321 0 01 0 0 0 0 0 0 0 0 0 0 0 7.48487 13.9265 735.083 1076.41 
0.00547778159325646146 2.03971 0 149543 36.7563 36.0159 13.6164 0 01 -0 0 0 0 -0 0 0 0 -0 0 0 0 4.17938 0 0 
0.00551389003371859608 0.406541 0 143944 36.4785 35.7532 13.6707 0 01 0 0 0 0 0 0 0 0 0 0 0 13.6589 27.7563 335.09 865.573 
0.00556833219051550577 0.445219 0 198841 35.9894 35.2904 14.2025 0 01 0 -0 0 0 0 -0 0 0 0 -0 0 2.7672 9.18246 0 59.5549 
0.00557787161734361273 0.128456 1 8274 0 12.5463 9.01356 0 0 1 39.434 -81.4645 -53.1058 0 0 -0 0 0 0 -0 0 7.04833 14.7001 954.023 4515.51 
0.00557787161734361273 0.391933 0 128347 35.8955 35.2014 14.2932 0 01 0 0 0 0 0 0 0 0 0 0 0 1.95468 8.64582 0 544.42 
0.00558859702556275314 1.42981 0 186579 35.8192 35.1292 14.4054 0 01 0 0 0 0 0 0 0 0 0 0 0 0 4.23027 0 0 
0.0056036933443042317 0.176625 0 90793 35.7125 35.0283 14.4964 0 01 0 0 0 0 0 0 0 0 0 0 0 7.87165 14.6516 1291.54 3526.52 
0.0056036933443042317 0.524431 0 102873 35.6821 34.9995 14.4699 0 01 0 0 0 0 0 0 0 0 0 0 0 5.71852 14.9829 41.999 317.862 
0.00565620954815062877 0.395166 0 57393 35.2741 34.6129 14.843 0 01 0 0 -0 0 0 0 -0 0 0 0 -0 7.46716 17.8503 8.36845 403.744 
0.00565620954815062877 0.597355 0 191220 35.2742 34.613 14.8441 0 01 0 -0 0 0 0 -0 0 0 0 -0 0 8.40669 19.2614 9.38959 295.425 
0.00565620954815062877 0.941848 0 87366 35.2759 34.6146 14.8622 0 01 0 0 0 0 0 0 0 0 0 0 0 0.950793 6.60128 0 0 
0.00566754723964166089 1.68058 0 196116 35.192 34.5351 14.9509 0 01 -0 0 0 0 -0 0 0 0 -0 0 0 1.67179 4.99643 0 7.4535 
0.00568972854314020275 0.191208 1 204434 0 25.483 22.9347 0 0 2 -21.5744 -5.51116 -18.4433 0 0 -0 0 0 0 -0 0 9.30884 15.4094 996.749 3645.87 
0.00570739191761260138 0.710126 0 165929 34.8882 34.2468 15.1579 0 01 0 0 0 0 0 0 0 0 0 0 0 4.26873 9.90411 0 140.289 
0.00572285844503825185 0.181422 1 134648 0 11.4924 7.5452 0 0 1 -21.1614 8.9343 -4.97211 0 -0 0 0 0 -0 0 0 11.3683 18.7999 3169.44 5260.63 
0.00572285844503825185 1.67363 0 137507 34.7929 34.1561 15.2038 0 01 0 0 0 0 0 0 0 0 0 0 0 3.41302 10.1913 0 0 
0.00576667940879093625 0.121142 0 38744 0.104654 33.8015 15.5434 0 01 0 0 0 0 0 0 0 0 0 0 0 9.78239 18.761 2121.26 4088.45 
0.00576667940879093625 0.226343 0 43247 34.425 33.8069 15.6063 0 01 0 0 -0 0 0 0 -0 0 0 0 -0 7.80869 14.7931 704.732 1294.83 
0.00579411291016489454 0.131948 1 52396 0 12.2903 8.62123 0 0 2 48.6146 3.48252 2.65247 0 0 0 0 0 0 0 0 11.5223 19.1533 2609.24 5157.15 
0.00579411291016489454 0.192265 0 71669 34.3464 33.7322 15.5874 0 01 0 0 0 0 0 0 0 0 0 0 0 11.5223 19.1533 2609.24 5157.15 
0.00590420886434264974 0.527962 0 17420 33.4215 32.8527 15.5477 0 9.951091 -9.1451 0.938988 3.80915 0 0 0 0 0 0 0 0 8.35219 14.5826 18.578 219.105 
0.00590420886434264974 1.64463 0 195542 33.3682 32.8019 15.5793 0 16.35321 -10.5643 -10.7088 -6.41448 0 -0 0 0 0 -0 0 0 4.94342 16.4042 0 40.0553 
0.00593386206371327406 0.999618 0 149405 33.1739 32.6169 15.4782 0 20.82861 -20.11 -4.04399 3.61428 0 -0 0 0 0 -0 0 0 1.99461 6.02038 9.15887 9.15887 
0.00593997680104642062 0.906703 0 140577 33.135 32.5799 15.4296 0 30.66951 -11.3854 25.7782 12.1027 0 0 0 0 0 0 0 0 0.930235 9.20492 0 0 
0.00595155558574088969 0.608137 0 138555 33.057 32.5056 15.378 0 42.07291 41.4161 -7.07402 -2.19029 0 0 0 -0 0 0 0 -0 4.24258 18.0533 315.598 321.309 
0.00599290095466615148 0.12213 0 41308 32.768 32.2307 15.2396 0 50.70971 -36.5184 -10.7662 -33.4958 0 0 0 -0 0 0 0 -0 9.7741 16.3851 1042.29 2589.23 
0.00604054047886966837 0.509798 1 0 0 31.9263 15.0095 0 0 1 50.6208 -4.06184 23.543 1 46.9277 -7.13068 30.9255 0 0 0 0 3.44627 7.96273 0 143.203 
0.00606509407361722694 0.822716 0 107151 32.3059 31.7897 14.8993 0 44.01851 20.4954 -8.62347 37.9895 0 0 0 0 0 0 0 0 5.74211 20.508 0 36.5856 
0.00606509407361722694 1.04855 0 176355 32.2815 31.7665 14.8803 0 106.7871 106.006 -9.90643 8.25059 0 0 -0 0 0 0 -0 0 8.32955 18.6962 4.41737 428.408 
0.00608149639058273243 0.735866 1 0 32.2172 10.4775 6.49765 0 0 1 105.027 47.4033 24.3707 1 -3.25522 -36.0116 14.2948 0 0 -0 0 4.45086 13.3718 136.709 309.265 
0.00610443723899025022 0.562882 0 121925 32.1195 31.6122 14.7532 0 109.2571 99.4051 43.6008 -12.4408 0 0 0 -0 0 0 0 -0 10.5734 17.7853 225.636 391.897 
0.00611204194893652086 0.253077 0 139792 31.9889 31.4871 14.6489 0 82.47051 81.3124 -13.3795 -3.2657 0 0 0 0 0 0 0 0 3.87047 7.79153 187.57 522.313 
0.00617485145856842658 1.11198 0 194863 31.5906 31.1067 14.3162 0 98.14441 74.5165 32.2303 -55.1435 0 0 0 -0 0 0 0 -0 1.0989 8.73864 0 0 
0.00620376601744005753 0.183371 1 0 0 31.0177 14.2344 0 0 1 -128.915 26.7846 -20.0261 1 -130.067 28.0931 -10.7578 0 0 0 0 11.6649 19.3336 2839.44 6874.31 
0.00620376601744005753 0.486222 0 109173 31.5459 31.064 14.2781 0 30.38921 23.4768 -16.2598 10.3904 0 0 0 0 0 0 0 0 9.01049 27.5764 181.221 588.578 
0.00620376601744005753 0.802231 0 55686 31.4713 30.9929 14.213 0 61.17221 60.2095 -6.85017 -8.36265 0 0 0 0 0 0 0 0 8.69875 25.3332 0 255.946 
0.00624280226617572338 0.182417 0 67849 31.2414 30.7732 14.0068 0 97.12911 -95.483 10.0359 -14.708 0 0 0 -0 0 0 0 -0 11.5583 17.5721 952.576 3376.51 
0.00624280226617572338 0.538141 0 154920 31.2574 30.7885 14.0227 0 90.52591 -64.7136 54.7186 31.8272 0 0 0 0 0 0 0 0 8.46451 21.2476 0 170.018 
0.00624280226617572338 0.562303 0 184947 31.2345 30.7666 14.0015 0 57.24971 56.995 -5.00822 2.00231 0 0 0 0 0 0 0 0 7.7973 20.0376 164.136 353.34 
0.00624280226617572338 0.70956 0 66897 31.2341 30.7663 14.0013 0 49.13331 -22.1083 40.1699 -17.6544 0 -0 0 0 0 -0 0 0 7.10556 19.9243 0 7.99666 
0.00627439372099692846 0.359889 0 34930 31.0161 30.5576 13.8039 0 162.7941 -51.5668 52.8355 -145.091 0 0 0 0 0 0 0 0 3.34673 9.59494 2.14702 202.312 
0.00630295839078351232 0.288469 1 0 30.8252 10.5208 6.53504 0 0 1 -33.3196 -79.5093 -20.1165 1 -32.9699 19.0073 8.52061 0 0 0 0 5.80392 12.7118 827.862 1621.44 
0.00630912099638708014 0.287104 0 52314 30.7935 30.3449 13.5938 0 125.7531 118.722 40.1061 -10.5135 0 0 0 -0 0 0 0 -0 3.4393 8.22562 0 798.408 
0.00630912099638708014 0.58049 0 79775 30.7969 30.3481 13.5966 0 67.50421 9.56146 -54.5765 38.5591 0 0 0 0 0 0 0 0 1.75987 2.34003 0 35.4991 
0.00631221654264485076 0.840574 0 69754 30.7762 30.3283 13.5787 0 91.22791 64.6961 -52.6073 37.0058 0 0 0 0 0 0 0 0 1.69105 3.38472 0 75.8098 
0.00631617865658992087 1.98251 0 177987 30.7625 30.3152 13.564 0 171.5211 171.031 -11.1754 -6.54734 0 0 0 0 0 0 0 0 0 0 0 0 
0.00632711814037635774 1.67603 0 59481 30.6952 30.2507 13.5004 0 124.8891 -64.2139 100.157 37.9813 0 0 0 0 0 0 0 0 0 0 0 0 
0.0063306262951997724 1.15273 0 194475 30.6804 30.2365 13.4854 0 158.4441 128.936 -82.5514 -40.8072 0 0 0 0 0 0 0 0 0 1.14216 0 0 
0.0063343676022389224 0.216513 0 26774 30.6602 30.2172 13.4678 0 95.52131 9.44062 -69.7404 64.587 0 0 -0 0 0 0 -0 0 1.71374 7.48644 36.1709 286.735 
0.00633817672769712917 1.02335 0 169885 30.6318 30.1899 13.4411 0 59.98611 59.7218 3.20094 4.6259 0 0 0 0 0 0 0 0 0 1.00972 0 0 
0.00635746277771168447 0.386561 0 19678 30.5204 30.0833 13.3348 0 124.1081 47.5185 -80.903 81.2377 0 0 0 0 0 0 0 0 2.60015 8.21438 0 185.108 
0.0063816692492473584 0.287591 0 89901 30.3874 29.9562 13.2503 0 74.73991 32.3121 39.9413 -54.2833 0 0 0 0 0 0 0 0 0.563013 2.90712 0 0 
0.00638849395058881803 0.238284 1 122627 0 26.1545 23.5391 0 0 2 0.326797 -0.306229 0.472596 0 0 0 0 0 0 0 0 1.16415 4.9177 0 443.229 
0.00641204545031766153 0.20353 0 71493 0.337813 29.8394 13.139 0 51.631 -42.6454 -21.881 -19.1897 0 0 -0 0 0 0 -0 0 7.46648 14.9378 599.782 2433.25 
0.00643384117075039043 1.69812 0 183892 30.1223 29.702 13.0061 0 180.6881 132.851 100.226 -70.3816 0 0 0 0 0 0 0 0 0 1.72973 0 0 
0.00644788424802730364 0.0847436 1 161709 0 28.1798 25.3618 0 0 1 -0.360586 -0.356302 -0.225089 0 0 0 0 0 0 0 0 9.17018 15.3851 2511.68 3797.02 
0.00644788424802730364 0.557132 0 43108 30.0418 29.6248 12.9275 0 122.1661 -116.835 -35.6867 -0.85998 0 0 0 -0 0 0 0 -0 4.54419 14.7512 0 31.5853 
0.00644988157516841569 0.380522 0 154589 30.0242 29.608 12.9121 0 117.451 -56.082 48.6277 -91.0204 0 -0 0 0 0 -0 0 0 0.730475 4.38033 0 0 
0.00648220094238377391 0.359392 0 129259 29.8493 29.4401 12.7367 0 46.0571 -16.7002 -38.3761 19.2257 0 -0 0 0 0 -0 0 0 13.4679 29.8234 311.394 1431.09 
0.00650508721224476397 0.608158 0 86949 29.7502 29.345 12.6416 0 52.20811 -50.2933 -6.00963 -12.6549 0 0 0 -0 0 0 0 -0 0.599356 6.03993 0 0 
0.00652698788453135413 0.29411 0 48688 29.678 29.2759 12.5672 0 135.8421 -50.5221 -123.38 -26.0388 0 0 -0 0 0 0 -0 0 8.9064 16.3309 18.0987 445.877 
0.00654490216010696849 0.146139 1 30458 0 10.4492 6.47365 0 0 2 -8.744 -83.5794 -64.3205 0 0 0 -0 0 0 0 -0 9.36304 17.4175 2061.32 4717.96 
0.00656156492509112153 1.05439 0 153147 29.442 29.0494 12.3248 0 121.5231 107.23 51.9041 -23.9907 0 0 0 -0 0 0 0 -0 1.06617 6.34488 0 0 
0.00659689172243686523 0.166717 0 152125 29.2841 28.8978 12.1522 0 116.691 17.3334 -64.2493 -95.8548 0 0 -0 0 0 0 -0 0 5.37976 12.4739 507.238 1781.19 
0.00662203027781469323 0.213332 0 19650 0.601747 10.1031 6.20196 0 151.8851 43.4404 -54.1769 135.081 0 0 0 0 0 0 0 0 10.2233 18.3994 382.342 3259.78 
0.00662709069761892311 1.21277 0 95010 29.1241 28.7442 11.9819 0 185.9141 -116.578 62.857 -130.471 0 0 0 -0 0 0 0 -0 0 4.92268 0 0 
0.0066286983917298696 0.80082 0 6292 29.1038 28.7247 11.9598 0 190.6421 -126.659 -141.778 -14.1817 0 0 0 0 0 0 0 0 0.810293 1.6273 0 0 
0.00665609474818019357 1.7339 0 185079 29.0216 28.6457 11.8703 0 183.0871 101.117 8.47306 152.395 0 0 0 0 0 0 0 0 1.77395 6.9864 0 0 
0.00665871930926293081 0.725737 0 54359 28.9575 28.5842 11.8038 0 269.3481 105.266 -247.381 16.4394 0 0 0 0 0 0 0 0 0 2.2084 0 0 
0.00666939584586525268 0.810275 0 179360 28.9337 28.5613 11.7777 0 114.0071 94.7958 -36.6069 -51.6841 0 0 0 -0 0 0 0 -0 2.42028 9.71573 26.77 26.77 
0.00669210158855124138 0.297785 0 29137 28.8047 28.4375 11.6406 0 122.7831 121.595 16.1716 -5.3686 0 0 0 -0 0 0 0 -0 6.26761 15.7243 159.224 546.554 
0.00670345750888894781 0.754989 0 126118 28.7826 28.4162 11.6178 0 68.9851 28.6463 -23.4987 58.1904 0 0 0 0 0 0 0 0 3.01063 5.28392 6.46092 30.6754 
0.006717424180632885 0.193602 1 0 0 28.3278 11.526 0 0 1 140.592 -177.606 50.6349 1 142.921 -178.072 42.5189 0 0 0 0 2.92447 8.94231 147.539 549.328 
0.00675006100947146259 0.873988 0 61856 28.5407 28.1836 11.3662 0 137.7221 136.434 -8.598 16.7087 0 0 -0 0 0 0 -0 0 1.74445 9.58451 0 80.3751 
0.00676746522483117913 0.162602 1 37014 28.4169 9.70294 5.93955 0 0 1 -2.65792 -1.24537 9.07232 0 0 0 0 0 0 0 0 6.62397 13.5646 830.899 2167.29 
0.00676746522483117913 0.16636 1 206604 0 16.9126 15.2055 0 0 2 -0.388505 -0.520638 0.414709 0 0 0 0 0 0 0 0 6.62397 13.5646 830.899 2167.29 
0.00676746522483117913 0.369733 0 55732 28.4725 28.1179 11.2932 0 139.9791 -115.578 -31.7377 -72.3085 0 -0 0 0 0 -0 0 0 6.1328 14.3799 62.5803 342.049 
0.00676746522483117913 1.47209 0 162556 28.4539 28.1001 11.276 0 105.9911 57.742 75.2342 -47.3258 0 0 0 0 0 0 0 0 1.49971 4.48686 0 0 
0.0067804258470348577 2.52275 0 193763 28.3885 28.0371 11.206 0 146.1241 -81.7061 117.965 27.5758 0 0 0 0 0 0 0 0 2.48466 2.48466 0 117.004 
0.00679700156189613942 0.497406 0 99537 28.3536 28.0036 11.1662 0 75.42851 74.6661 -3.81234 9.99491 0 0 -0 0 0 0 -0 0 5.92088 17.3179 0 7.15341 
0.00679700156189613942 2.0157 0 185355 28.3386 27.9892 11.151 0 265.0091 -191.708 -53.5032 -174.973 0 0 -0 0 0 0 -0 0 2.07729 4.093 0 0 
0.00679901788780848133 1.41801 0 106288 28.3056 27.9575 11.1134 0 298.7441 262.963 137.725 33.6171 0 0 0 0 0 0 0 0 0 1.44852 0 0 
0.0068132014505579994 2.25918 0 67839 28.2831 27.9358 11.0877 0 141.0981 -113.775 -83.3489 -4.12362 0 -0 0 0 0 -0 0 0 4.4857 6.76328 0 0 
0.0068224885242015804 0.835739 0 39238 28.202 27.8579 11.001 0 129.3821 -35.7448 118.004 39.2069 0 0 0 0 0 0 0 0 0.848962 4.24418 0 0 
0.00685268827244956292 0.203118 0 6219 0.103028 27.7307 10.8593 0 42.09261 -8.29364 -37.7846 -16.593 0 0 0 -0 0 0 0 -0 0 0 0 0 
0.00686884635350926229 0.234844 0 73589 27.9947 27.6584 10.7772 0 320.8221 187.937 209.007 -154.67 0 0 0 -0 0 0 0 -0 0 0 0 0 
0.00686884635350926229 0.235193 0 41160 0.164034 27.6764 10.7956 0 227.231 215.101 -70.331 20.4682 0 0 0 0 0 0 0 0 0 0 0 0 
0.00686884635350926229 0.716345 0 129944 28.0037 27.6671 10.7863 0 223.761 -131.211 -27.0281 179.226 0 0 0 0 0 0 0 0 3.58965 9.35948 0 0 
0.00686884635350926229 1.37426 0 171631 28.0086 27.6719 10.7906 0 121.4391 -45.104 -102.773 -46.3784 0 -0 0 0 0 -0 0 0 4.17975 8.34185 0 0 
0.00687484971469510577 0.795715 0 185527 27.9668 27.6315 10.7442 0 128.5481 -37.2501 16.5277 -121.917 0 0 0 0 0 0 0 0 3.13963 7.84497 0 62.2418 
0.00690008781682030677 0.142791 0 86890 27.8716 27.5397 10.6423 0 221.2911 -195.333 98.3993 33.6491 0 0 0 0 0 0 0 0 0 0 0 0 
0.0069272714959138287 1.15357 0 132710 27.7405 27.4134 10.4979 0 168.4121 164.211 28.1999 -24.5367 0 0 0 0 0 0 0 0 7.95299 17.1042 0 0 
0.00695908309608316358 1.63297 0 166801 27.6131 27.2907 10.361 0 170.5971 144.79 81.0572 39.6093 0 0 0 0 0 0 0 0 3.30662 11.4803 0 0 
0.00698557375761650959 0.963497 0 89495 27.5396 27.2197 10.2807 0 85.40751 -85.394 -1.47763 -0.361146 0 0 0 0 0 0 0 0 6.67335 14.3372 0 2.32595 
0.00699555112244840561 0.495354 0 18064 27.4481 27.1315 10.1782 0 165.4571 -17.4328 164.372 7.33643 0 0 0 0 0 0 0 0 1.95964 3.44725 0 14.2356 
0.00700453396734387456 1.975 0 129927 27.4288 27.1129 10.1584 0 217.4891 -119.863 -178.559 -32.4239 0 -0 0 0 0 -0 0 0 1.975 7.94711 0 0 
0.00702180043214079182 1.35621 0 61838 27.3392 27.0266 10.058 0 451.5321 429.753 -105.833 89.4049 0 0 0 0 0 0 0 0 0 2.70513 0 0 
0.00703079235484249145 1.00241 0 149264 27.311 26.9994 10.0281 0 150.2751 -150.258 2.26947 -0.298909 0 0 0 0 0 0 0 0 2.04361 7.11619 0 0 
0.00704194326926832394 0.603986 0 141353 27.2499 26.9404 9.96178 0 224.9521 -109.353 -160.533 -113.465 0 -0 0 0 0 -0 0 0 7.98 14.7598 0 139.652 
0.00704879868950583459 0.161509 0 81542 27.2419 26.9327 9.95193 0 152.5751 150.687 -23.4971 -4.50809 0 0 0 0 0 0 0 0 0 0 0 0 
0.00704879868950583459 1.42746 0 181037 27.2189 26.9106 9.92663 0 181.2751 -92.3151 -153.194 29.4974 0 -0 0 0 0 -0 0 0 0 4.33303 0 0 
0.00709147493572716628 0.869952 0 187038 27.069 26.7661 9.76461 0 313.8991 252.285 -167.614 -82.4064 0 0 -0 0 0 0 -0 0 1.74537 10.4748 21.1523 31.7638 
0.00720813891090678425 1.06142 0 49516 26.5959 26.3096 9.24747 0 206.3791 -178.851 99.2781 27.3606 0 0 0 0 0 0 0 0 3.23769 6.45269 0 0 
0.00723700913207174588 1.49953 0 131361 26.4753 26.1931 9.11672 0 134.2861 134.286 -0.116366 -0.146429 0 0 0 -0 0 0 0 -0 0 1.49409 0 0 
0.00730493589489356835 0.216157 0 18681 26.3216 26.0446 8.94917 0 333.441 108.941 -270.755 -161.263 0 0 0 -0 0 0 0 -0 13.4437 25.8551 1418.02 5127.89 
0.00730493589489356835 0.218831 0 9348 0.224573 27.8734 11.0202 0 58.82841 56.6982 -6.91474 14.0811 0 0 0 0 0 0 0 0 13.4437 25.8551 1418.02 5127.89 
0.00730493589489356835 0.274029 0 145174 26.2275 25.9538 8.84601 0 374.2631 146.024 71.7862 337.041 0 0 0 0 0 0 0 0 11.4081 24.5609 803.002 1432.15 
0.00730493589489356835 1.06032 0 195209 26.2463 25.9718 8.86732 0 149.521 149.386 -3.94271 4.94794 0 0 0 0 0 0 0 0 7.36294 25.2116 9.49306 15.9306 
0.00731420725327906838 0.826064 0 170681 26.196 25.9232 8.8126 0 231.6691 224.209 8.64584 -57.6733 0 0 0 0 0 0 0 0 3.30425 8.29162 0 1.35225 
0.00731420725327906838 1.18858 0 8327 26.2079 25.9347 8.82649 0 211.5831 103.513 81.3361 -165.641 0 0 0 0 0 0 0 0 2.34522 7.03845 23.8512 23.8512 
0.00732561944213822903 0.11884 0 335335 0.370084 26.3771 9.15617 0 70.33691 -50.6141 -3.03486 48.7471 0 0 -0 0 0 0 -0 0 8.11263 16.8152 710.149 2433.26 
0.00732561944213822903 0.478204 0 89672 26.1819 25.9096 8.79725 0 181.8641 -180.577 -21.353 3.2605 0 0 -0 0 0 0 -0 0 0 0 0 0 
0.00734650161432002635 1.12797 0 158284 26.0693 25.8007 8.67608 0 159.1391 -137.565 78.1381 -17.1913 0 -0 0 0 0 -0 0 0 0 2.22082 0 0 
0.00734650161432002635 1.48304 0 171637 26.0749 25.8062 8.68264 0 451.3741 301.118 -252.566 -221.984 0 0 0 -0 0 0 0 -0 3.00037 4.49219 0 0 
0.00737977602680154471 0.400867 0 131510 26.0311 25.7639 8.635 0 267.2371 -81.7905 214.945 136.105 0 0 0 0 0 0 0 0 10.4541 22.6252 239.114 981.485 
0.00741035151703506485 0.61072 0 75139 25.8884 25.6259 8.48127 0 270.6831 -269.008 -17.5052 -24.4421 0 0 0 -0 0 0 0 -0 7.40556 22.7682 156.669 210.952 
0.00741496251681481033 0.125628 0 60209 4.23551 25.5636 8.46321 0 235.3421 155.948 97.4039 146.897 0 0 0 0 0 0 0 0 3.30212 9.81539 245.64 2025.36 
0.00741496251681481033 0.433892 0 149828 25.8174 25.5572 8.40439 0 283.8871 81.283 45.1878 268.222 0 0 0 0 0 0 0 0 2.15554 7.77903 13.3928 116.331 
0.00744925915361988131 0.735486 0 39421 0 26.4599 9.41854 0 286.2151 -220.43 14.773 -181.965 0 -0 0 0 0 -0 0 0 5.79773 18.0774 0 0 
0.00749924561505833226 0.346182 0 64738 25.6395 25.385 8.21379 0 234.0721 -114.713 61.1461 194.658 0 0 0 0 0 0 0 0 12.5718 26.0774 429.005 1668 
0.00749924561505833226 0.599277 0 105386 25.5418 25.2905 8.10919 0 207.7051 -66.1902 -70.2055 183.933 0 0 -0 0 0 0 -0 0 13.073 30.2864 68.9576 122.671 
0.00749924561505833226 0.876428 0 166175 25.6275 25.3735 8.2009 0 227.6571 -128.293 -81.6874 169.398 0 0 0 0 0 0 0 0 7.99584 33.6954 153.345 153.345 
0.00749924561505833226 0.941767 0 287143 0 25.7695 8.62284 0 392.141 245.492 246.364 181.142 0 0 0 0 0 0 0 0 8.52616 28.3033 0 12.4428 
0.00752418020964430116 0.943707 0 126498 25.4469 25.1987 8.00928 0 104.8181 67.5775 -77.1945 -21.4738 0 0 -0 0 0 0 -0 0 7.57463 14.1767 24.4019 28.3885 
0.00753338218237884719 0.533826 0 112460 25.4119 25.1648 7.97176 0 337.4431 -155.27 -292.79 -63.5026 0 0 -0 0 0 0 -0 0 3.68937 10.5778 24.6292 341.83 
0.00761308817213081183 1.88142 0 190546 25.1519 24.913 7.69958 0 185.861 -132.354 99.0195 84.9779 0 0 0 0 0 0 0 0 1.88142 5.63813 0 0 
0.00769843167159270717 0.120173 0 247483 0.109945 20.5472 18.4925 0 01 0 0 0 0 0 0 0 0 0 0 0 14.9322 28.4674 2039.52 6388.66 
0.00769843167159270717 0.534112 0 185177 24.903 24.6719 7.44028 0 200.6411 -25.146 183.511 -77.1255 0 0 0 -0 0 0 0 -0 10.1467 29.3928 4.59768 327.286 
0.00769843167159270717 0.745207 0 186121 24.8636 24.6337 7.39945 0 243.8061 -226.492 -15.6365 -88.871 0 0 0 0 0 0 0 0 14.6363 33.6681 127.156 485.428 
0.00769843167159270717 0.786604 0 165019 24.9833 24.7497 7.52362 0 374.4941 -264.974 -259.022 54.2431 0 0 -0 0 0 0 -0 0 13.3884 39.3933 4.25651 52.237 
0.00769843167159270717 1.35016 0 81629 24.9271 24.6953 7.46532 0 300.3881 -298.447 31.9441 11.9091 0 -0 0 0 0 -0 0 0 5.31949 18.6271 0 0 
0.00769843167159270717 1.40401 0 163317 24.8582 24.6285 7.39416 0 714.1151 702.136 65.9264 -112.331 0 0 0 0 0 0 0 0 5.66608 18.429 0 129.41 
0.00770257244720591594 0.616741 0 140637 24.8446 24.6154 7.38011 0 222.081 -172.585 -110.089 86.1045 0 0 0 0 0 0 0 0 3.14244 6.84769 0 0 
0.00770257244720591594 1.33731 0 197303 24.8468 24.6175 7.3824 0 238.0811 229.413 43.4179 -46.5522 0 0 0 0 0 0 0 0 0 2.67142 0 0 
0.00777566764598926641 0.165514 0 63470 24.6264 24.4036 7.15489 0 195.3471 -126.731 55.6183 137.864 0 -0 0 0 0 -0 0 0 7.46819 15.458 1120.98 2448.76 
0.00777566764598926641 1.30597 0 87460 24.6284 24.4056 7.15708 0 123.0981 -101.019 -58.5353 39.0125 0 0 -0 0 0 0 -0 0 0 1.2956 0 0 
0.00780371197149069742 0.35689 0 77879 24.5368 24.3168 7.06375 0 321.9161 -290.015 -118.381 -74.211 0 0 -0 0 0 0 -0 0 6.29816 14.9344 1.19356 457.334 
0.00784053001601689968 0.253598 0 73656 24.4481 24.2307 6.97297 0 232.7991 -100.737 209.243 -16.2766 0 0 0 0 0 0 0 0 9.40943 20.4711 326.157 1039.57 
0.00786649238852199159 0.784749 0 144498 24.3374 24.1232 6.8609 0 297.9181 222.627 -73.1851 -183.947 0 0 0 -0 0 0 0 -0 2.34691 14.8997 0 9.08606 
0.00787534992888607593 0.576308 0 118226 24.3179 24.1043 6.84136 0 286.1861 223.949 -168.027 59.2992 0 0 0 0 0 0 0 0 3.39711 11.3683 88.1697 104.107 
0.00787534992888607593 0.930721 0 187804 24.3237 24.1099 6.84736 0 371.7371 -186.619 -318.282 -45.3676 0 0 0 -0 0 0 0 -0 2.7752 9.26495 55.2756 62.0885 
0.00792712745279667078 2.52803 0 165677 24.2251 24.0143 6.74804 0 382.9011 351.117 126.315 -85.8726 0 0 0 0 0 0 0 0 7.93203 18.3156 0 155.863 
0.00809733331083623518 0.223399 0 109592 23.684 23.4888 6.21367 0 351.4141 126.036 1.02728 -328.033 0 0 0 -0 0 0 0 -0 0 0 0 0 
0.00809733331083623518 0.445128 0 83813 23.7236 23.5274 6.25257 0 352.4791 -22.9442 191.103 295.288 0 0 0 0 0 0 0 0 17.9845 41.3383 343.292 942.894 
0.00809733331083623518 2.12582 0 98258 23.7794 23.5818 6.30723 0 455.411 -334.871 -215.629 220.824 0 0 -0 0 0 0 -0 0 6.30888 21.1701 0 9.02608 
0.00811265559636326419 2.67595 0 96095 23.6268 23.4331 6.15835 0 176.3231 -166.763 -54.1337 18.6931 0 0 -0 0 0 0 -0 0 0 0 0 0 
0.00817637785250793087 0.166717 0 5708 23.4869 23.2973 6.02404 0 274.8251 -272.466 4.01623 -35.7076 0 0 0 0 0 0 0 0 12.4855 23.2615 1231.4 4319.72 
0.00817637785250793087 0.724023 0 77061 23.5 23.3101 6.03654 0 180.5371 -157.714 -51.3983 71.2608 0 -0 0 0 0 -0 0 0 7.13031 27.7725 0 197.289 
0.00822734540510567866 0.526747 0 230873 0.107826 23.4686 6.16948 0 290.051 279.104 76.2229 20.4933 0 0 0 0 0 0 0 0 4.83365 16.1802 0 175.58 
0.0082885745599094781 1.67018 0 190351 23.2074 23.0255 5.75903 0 254.721 -247.694 -47.813 35.2725 0 0 0 0 0 0 0 0 8.35321 18.3582 0 100.295 
0.0082885745599094781 4.31652 0 199257 23.1499 22.9696 5.70509 0 227.6271 114.266 152.786 -124.154 0 0 0 -0 0 0 0 -0 0 0 0 0 
0.00833140335209759005 0.147755 1 57888 0 17.022 15.3049 0 0 2 -0.2581 0.296166 0.671063 0 -0 0 0 0 -0 0 0 0 0 0 0 
0.00836963804022554554 0.203395 0 31525 22.9882 22.8121 5.55466 0 245.8751 59.3513 -184.972 -150.723 0 0 -0 0 0 0 -0 0 15.646 26.2634 1147.29 4819.98 
0.00836963804022554554 0.790974 0 78975 22.9598 22.7844 5.52845 0 485.841 -250.839 412.094 57.4364 0 0 0 0 0 0 0 0 3.18298 17.5201 0 0 
0.00839945003181624336 0.358718 0 106367 22.8454 22.6729 17.2227 0 01 -0 0 0 0 -0 0 0 0 -0 0 0 11.1142 22.9808 634.087 690.725 
0.00839945003181624336 0.781661 0 159018 22.8485 22.676 17.2246 0 01 0 0 0 0 0 0 0 0 0 0 0 6.89329 23.0439 7.98743 235.475 
0.00839945003181624336 1.77602 0 175854 22.8738 22.7007 17.2356 0 01 0 0 0 0 0 0 0 0 0 0 0 10.8238 19.8643 8.33408 8.33408 
0.00844350128454803527 1.0937 0 153408 22.7891 22.6182 17.205 0 01 0 0 0 0 0 0 0 0 0 0 0 3.30276 16.6477 8.18307 34.6132 
0.00852435495795032978 1.82103 0 148434 22.568 22.4029 17.1237 0 01 0 0 0 0 0 0 0 0 0 0 0 0 10.8024 0 0 
0.00860513000331783115 0.810692 0 45426 22.4067 22.2456 17.0672 0 01 -0 0 0 0 -0 0 0 0 -0 0 0 13.2121 37.0763 0 302 
0.00864730041811126622 0.139388 1 216743 0 22.5792 20.0981 0 0 2 0.00805038 -0.00595713 0.0294581 0 0 0 0 0 0 0 0 0 0 0 0 
0.00864730041811126622 0.253068 0 5085 22.277 22.1192 17.0148 0 01 0 0 0 0 0 0 0 0 0 0 0 14.5359 27.1498 768.573 2682.23 
0.0086971717973439739 0.136477 0 1919 0.139918 21.9948 16.9671 0 01 0 0 0 0 0 0 0 0 0 0 0 13.3954 24.0611 732.794 4331.06 
0.0086971717973439739 1.58336 0 161955 22.1664 22.0114 16.973 0 01 0 0 0 0 0 0 0 0 0 0 0 3.16574 11.0624 0 3.75328 
0.00872658899821927153 1.14449 0 153745 22.0528 21.9006 16.9275 0 01 0 -0 0 0 0 -0 0 0 0 -0 0 3.42724 18.2622 42.345 42.345 
0.00872658899821927153 1.55729 0 163978 22.052 21.8998 16.9271 0 01 -0 0 0 0 -0 0 0 0 -0 0 0 4.7156 22.0281 0 15.3176 
0.00872658899821927153 1.71504 0 189779 22.0877 21.9346 16.9438 0 01 0 0 0 0 0 0 0 0 0 0 0 0 0 0 0 
0.0087527296547191373 0.648351 0 143717 21.9963 21.8457 16.908 0 01 0 0 0 0 0 0 0 0 0 0 0 8.55149 22.4076 60.4458 126.024 
0.00882072748621650499 1.57799 0 150319 21.8709 21.7234 16.8547 0 01 0 0 0 0 0 0 0 0 0 0 0 9.49187 23.8022 24.2301 24.2301 
0.00885222842003910958 0.127655 0 18397 1.06058 21.6375 16.8192 0 01 0 0 0 0 0 0 0 0 0 0 0 15.1222 27.0208 1535.72 3051.19 
0.00885222842003910958 0.197376 0 24795 21.8114 21.6652 16.8324 0 01 0 0 -0 0 0 0 -0 0 0 0 -0 15.1222 27.0208 1535.72 3051.19 
0.00885222842003910958 0.493068 0 5802 21.7804 21.6349 16.8172 0 01 0 0 0 0 0 0 0 0 0 0 0 15.7503 35.2191 537.553 694.246 
0.00885222842003910958 1.72208 0 147298 21.7574 21.6124 16.8106 0 01 0 0 0 0 0 0 0 0 0 0 0 5.23527 13.9756 0 0 
0.00889726812795010001 0.316362 0 62404 21.7151 21.5711 16.7933 0 01 0 -0 0 0 0 -0 0 0 0 -0 0 16.4395 28.4585 1007.98 2493.02 
0.00889726812795010001 1.52171 0 172139 21.7289 21.5845 16.7976 0 01 0 -0 0 0 0 -0 0 0 0 -0 0 3.05391 12.1779 79.1635 79.1635 
0.00889726812795010001 2.04399 0 139643 2.21347 24.403 7.15557 0 263.7141 255.919 -29.8847 -56.1899 0 0 0 0 0 0 0 0 1.99141 7.99788 0 0 
0.00894747327775962699 0.66862 0 190379 21.548 21.4082 16.7228 0 01 0 0 0 0 0 0 0 0 0 0 0 15.2866 35.867 135.434 607.643 
0.00894747327775962699 0.67199 0 63111 21.6082 21.4671 16.7496 0 01 0 0 0 0 0 0 0 0 0 0 0 15.2866 35.867 135.434 607.643 
0.00898231214866797821 0.321887 0 34929 21.5077 21.3686 16.7064 0 01 -0 0 0 0 -0 0 0 0 -0 0 0 13.6983 25.4009 377.312 1244.65 
0.00898231214866797821 0.553435 0 150526 21.52 21.3807 16.7112 0 01 0 0 0 0 0 0 0 0 0 0 0 0 0 0 0 
0.00906102561483033107 0.388455 0 74810 21.3199 21.1852 16.6226 0 01 0 0 0 0 0 0 0 0 0 0 0 7.25282 17.2519 327.786 390.946 
0.00906102561483033107 0.823634 0 125439 21.3014 21.1672 16.6143 0 01 0 0 0 0 0 0 0 0 0 0 0 4.96968 17.4275 43.7334 43.7334 
0.00908664271745111655 0.21881 0 2133 21.2494 21.1163 16.5917 0 01 0 0 -0 0 0 0 -0 0 0 0 -0 3.08185 9.06587 0 667.141 
0.00909801212279993249 0.237167 0 74169 0.333864 21.0916 16.5785 0 01 0 0 0 0 0 0 0 0 0 0 0 8.22001 17.6954 460.014 1735.26 
0.00911595802177726962 1.59516 0 161127 21.1922 21.0604 16.5649 0 01 0 -0 0 0 0 -0 0 0 0 -0 0 0 3.17238 0 0 
0.0091988652795858359 0.224413 0 13778 21.0531 20.9244 16.504 0 01 -0 0 0 0 -0 0 0 0 -0 0 0 12.285 21.4123 997.567 3036.98 
0.0091988652795858359 0.454377 0 61834 21.0137 20.886 16.4832 0 01 0 -0 0 0 0 -0 0 0 0 -0 0 7.52952 18.6667 0 125.12 
0.00925796704076254501 1.28971 0 164300 20.9292 20.8034 16.4453 0 01 0 0 0 0 0 0 0 0 0 0 0 2.58174 6.47658 0 2.03077 
0.00925796704076254501 2.61579 0 199578 20.9148 20.7893 16.437 0 01 0 0 0 0 0 0 0 0 0 0 0 5.24768 7.98218 0 105.538 
0.00927856378135224341 0.129954 1 203219 0 12.6707 9.21254 0 0 2 16.6992 91.1992 11.9006 0 0 0 0 0 0 0 0 13.7128 22.3899 1320.72 4960.33 
0.00932751042987332857 0.586115 0 171741 20.7738 20.6513 16.3721 0 01 0 0 0 0 0 0 0 0 0 0 0 2.90093 9.32614 0 133.68 
0.00932751042987332857 0.813584 0 144527 0.435062 14.8254 13.3127 0 01 -0 0 0 0 -0 0 0 0 -0 0 0 3.21573 7.22821 110.048 287.024 
0.00940037729621754324 0.248115 0 52009 0.467818 20.5165 16.3053 0 01 0 0 0 0 0 0 0 0 0 0 0 13.85 24.5169 2358.24 3780.62 
0.00942050747574832079 0.159568 0 33876 20.5916 20.4733 16.2813 0 01 0 0 -0 0 0 0 -0 0 0 0 -0 11.1865 21.863 1017.19 3373.43 
0.00942050747574832079 0.703763 0 163707 20.5744 20.4563 16.2743 0 01 0 0 0 0 0 0 0 0 0 0 0 4.90303 22.3434 0 0 
0.00944056133451901501 0.176972 0 98571 20.554 20.4363 16.2671 0 01 -0 0 0 0 -0 0 0 0 -0 0 0 11.5058 25.3245 916.452 2964.42 
0.00945889140796272315 0.73329 0 23718 20.5115 20.3947 16.247 0 01 0 0 -0 0 0 0 -0 0 0 0 -0 5.04745 18.1517 0 16.8701 
0.00951456655787144036 0.470432 0 143635 20.4154 20.3007 16.2025 0 01 0 0 0 0 0 0 0 0 0 0 0 11.613 27.9932 0 85.8366 
0.00951456655787144036 1.07076 0 82874 20.4299 20.315 16.2118 0 01 0 -0 0 0 0 -0 0 0 0 -0 0 3.16044 14.8286 0 0 
0.00952648493432842192 1.17899 0 148444 20.3789 20.265 16.187 0 01 0 -0 0 0 0 -0 0 0 0 -0 0 0 7.13195 0 0 
0.00955789069141519364 0.488198 0 17368 20.3403 20.2272 16.1672 0 01 0 -0 0 0 0 -0 0 0 0 -0 0 9.23417 22.3142 166.566 553.881 
0.00955789069141519364 0.854213 0 151331 20.3561 20.2427 16.1743 0 01 0 0 0 0 0 0 0 0 0 0 0 9.48996 24.1877 0 151.352 
0.00963497443352875904 0.149879 0 44830 0.0969029 20.325 15.7749 0 01 0 0 0 0 0 0 0 0 0 0 0 18.4263 31.1907 2916.61 5582.1 
0.00963497443352875904 0.174074 0 239294 0.297222 20.627 15.8223 0 01 0 0 -0 0 0 0 -0 0 0 0 -0 18.4263 31.1907 2916.61 5582.1 
0.00968125261683876887 0.342792 1 208454 21.3968 12.9448 9.66991 0 0 2 -63.7801 -71.4113 14.1746 0 0 0 0 0 0 0 0 20.6003 34.3332 518.676 2556.14 
0.0119713721455186866 0.190432 1 205885 0 21.0104 16.5441 0 0 2 0.50868 0.320082 0.432482 0 0 0 0 0 0 0 0 12.3784 21.7924 990.1 2923.3 
0.0196645039069764313 4.76182 0 204457 0.172201 21.632 16.8179 0 01 0 -0 0 0 0 -0 0 0 0 -0 0 0 0 0 0 
5.66285182916650331 0.0421594 1 0 0 4.6344 14.2705 0 0 0 0 0 0 0 0 0 0 0 0 0 0 22.0296 59.4253 34.4933 99.5916 
7.39465878029034407 0.0556498 1 0 0 16.952 16.8699 0 0 0 0 0 0 0 0 0 0 0 0 0 0 32.6087 82.954 51.5645 124.725 
10.4198313157945037 0.0302025 1 0 0 20.0659 20.0156 0 0 0 0 0 0 0 0 0 0 0 0 0 0 9.99719 29.0151 28.5687 61.2143 
10.9284016769012826 0.0185302 1 0 0 21.1322 21.0865 0 0 0 0 0 0 0 0 0 0 0 0 0 0 11.8519 33.4964 45.7703 76.146 
11.1479838056348814 0.0387839 1 0 0 22.6811 22.6404 0 0 0 0 0 0 0 0 0 0 0 0 0 0 12.6316 35.4899 30.1718 51.3161 
