#1:time #2:r #3.binary? #4:ID #5:zams_m #6:m_progenitor #7:bh mass #8:bh_spin #9:birth-kick(km/s) #10-25:vsarray
0.00329290307028058411 0.0680155 0 48795 0.216791 16.2797 14.5018 0 01 -0 0 0 0 -0 0 0 0 -0 0 0 7.48331 12.2391 2119.47 6074.29 
0.00329290307028058411 0.115646 0 61743 148.621 16.6832 14.887 0 01 0 -0 0 0 0 -0 0 0 0 -0 0 7.48331 12.2391 2119.47 6074.29 
0.00329290307028058411 0.12872 1 62090 0 16.7089 14.9117 0 0 2 0.0235166 -0.00941529 0.032015 0 0 0 0 0 0 0 0 7.48331 12.2391 2119.47 6074.29 
0.00331472183256271329 0.181656 0 73525 0.102138 16.6008 14.8082 0 01 -0 0 0 0 -0 0 0 0 -0 0 0 4.66275 7.96829 477.505 3402.46 
0.00333837501283103634 0.0557382 0 1230 0.1835 16.6931 14.8965 0 01 0 0 0 0 0 0 0 0 0 0 0 8.01081 11.1398 3281.72 6283.75 
0.00333837501283103634 0.110184 0 115717 5.83333 16.7069 14.9097 0 01 0 0 0 0 0 0 0 0 0 0 0 8.01081 11.1398 3281.72 6283.75 
0.00333837501283103634 0.112123 0 250380 0.620219 16.4738 14.6869 0 01 -0 0 0 0 -0 0 0 0 -0 0 0 8.01081 11.1398 3281.72 6283.75 
0.00333837501283103634 0.302803 0 220575 0.282007 16.3224 14.5425 0 01 0 0 0 0 0 0 0 0 0 0 0 7.03647 14.0253 422.996 899.476 
0.00334970420077353647 0.716472 1 174558 0 16.768 14.9682 0 0 2 0.00422304 -0.000826328 -0.00385163 0 0 0 0 0 0 0 0 1.42744 8.57963 0 0 
0.00335381764512437865 0.136349 0 34504 0.138494 16.4611 14.6748 0 01 0 0 0 0 0 0 0 0 0 0 0 4.96884 8.96003 1503.88 6227.12 
0.00337073964715108379 0.263371 1 119279 0 16.7517 14.9526 0 0 2 0.00556446 0.0108515 0.00829308 0 0 0 0 0 0 0 0 2.3208 4.69677 114.779 417.206 
0.00339663863417748787 0.264606 0 175727 0.809922 16.3891 14.6061 0 01 0 -0 0 0 0 -0 0 0 0 -0 0 4.50303 9.77228 180.041 1179.98 
0.00343886402258006436 0.387721 0 188351 0.216709 16.0007 14.236 0 01 0 0 0 0 0 0 0 0 0 0 0 6.81909 16.6231 67.9096 640.924 
0.00343886402258006436 0.392952 0 92882 107.222 15.9328 14.1716 0 01 0 0 0 0 0 0 0 0 0 0 0 6.07718 14.9761 94.4665 211.146 
0.00344779889492388865 0.292298 0 64926 0.0923984 15.7011 13.9516 0 01 0 0 -0 0 0 0 -0 0 0 0 -0 3.07895 9.30423 0 553.906 
0.00345271187098311876 2.30463 0 178115 104.318 15.6735 13.9253 0 01 -0 0 0 0 -0 0 0 0 -0 0 0 0 0 0 0 
0.00345571317510813764 0.358746 0 149723 103.931 15.6209 13.8755 0 01 -0 0 0 0 -0 0 0 0 -0 0 0 2.42845 6.24371 2.82563 352.19 
0.00345571317510813764 0.693651 0 111187 103.99 15.6301 13.8841 0 01 0 -0 0 0 0 -0 0 0 0 -0 0 0 2.80987 0 0 
0.00346255818345109776 0.194728 0 220657 0.413797 15.6058 13.8612 0 01 0 0 -0 0 0 0 -0 0 0 0 -0 4.53829 8.49969 545.765 1292.7 
0.00346255818345109776 0.288609 0 252443 0 15.4879 13.7495 0 01 0 0 0 0 0 0 0 0 0 0 0 3.82578 7.8 33.1076 567.333 
0.00348965364461897723 0.325654 0 9424 0.566516 15.2479 13.5224 0 01 0 0 -0 0 0 0 -0 0 0 0 -0 4.14793 9.54962 26.2881 114.101 
0.0035302417842576761 0.843197 0 168168 93.8479 14.8191 13.1179 0 01 0 0 0 0 0 0 0 0 0 0 0 0.863934 5.11942 0 0 
0.00354609661641067759 0.203344 1 61874 0 14.6757 12.9727 0 0 2 -0.36755 0.0774624 -0.374196 0 0 0 0 0 0 0 0 8.48585 14.3262 722.323 2153.59 
0.00354609661641067759 1.04318 0 167048 92.1791 14.6868 12.9935 0 01 0 0 0 0 0 0 0 0 0 0 0 7.43906 14.8307 20.9504 325.966 
0.00355586205076860841 0.163738 0 150155 90.7141 14.5729 12.7362 0 7.989121 -2.99676 3.34438 6.60762 0 0 0 0 0 0 0 0 4.01809 8.2649 2278.54 3235.31 
0.00359649180299397757 1.1722 0 159815 87.188 14.1903 11.8899 0 30.52241 11.0362 -25.4205 12.7912 0 0 0 0 0 0 0 0 2.3309 6.98263 0 0 
0.00359649180299397757 1.96557 0 176205 86.732 14.1734 11.8539 0 17.57871 -14.6139 -3.79469 -9.00247 0 0 -0 0 0 0 -0 0 1.95507 5.79717 171.573 171.573 
0.00361129266439515163 0.529124 0 147898 0.926307 14.1216 11.7436 0 35.43791 13.6071 -32.7102 0.855094 0 0 0 0 0 0 0 0 6.44462 19.4356 247.739 284.027 
0.0036211783325607416 0.158958 0 78203 0 13.9205 11.3256 0 8.343771 -8.3336 0.408161 -0.0543748 0 0 0 -0 0 0 0 -0 5.69681 10.981 2269.08 5577.41 
0.00367057850729352432 0.185496 1 0 0 10.6984 6.63185 0 0 1 114.371 15.0029 6.28148 1 115.884 -3.35065 16.9133 0 0 0 0 7.67926 12.9413 3439.39 5390.39 
0.00367057850729352432 0.187825 0 59411 0.212696 13.5734 10.6392 0 65.81781 -57.558 5.97668 -31.3582 0 -0 0 0 0 -0 0 0 7.67926 12.9413 3439.39 5390.39 
0.00368837300683680196 1.17532 0 115918 78.7712 13.4159 10.3422 0 63.96541 -47.2847 18.9729 -38.675 0 0 0 -0 0 0 0 -0 3.48307 3.48307 0 0 
0.00369708339921664573 0.667744 0 176470 78.0612 13.331 10.1859 0 18.60661 -15.8111 7.28107 -6.5727 0 0 0 0 0 0 0 0 3.34748 7.36808 0 25.7519 
0.00371514976272064017 1.16868 0 42429 77.2398 13.2505 10.0401 0 50.11611 -48.1282 -4.18426 -13.3339 0 0 -0 0 0 0 -0 0 2.35984 7.07112 0 25.694 
0.00372785400885058829 0.178442 0 9114 0.203862 13.0367 9.66458 0 132.8611 78.9003 25.7883 -103.739 0 0 0 0 0 0 0 0 4.84832 9.34015 1185.75 2373.79 
0.00372785400885058829 0.813931 0 100809 75.8412 13.0913 9.75887 0 65.75061 -43.7528 44.294 -21.1394 0 0 0 -0 0 0 0 -0 0.826155 2.46533 0 3.56294 
0.00374562510125155904 0.573965 0 102311 75.0149 13.0393 9.66891 0 66.02911 -63.0459 13.396 14.3387 0 0 0 0 0 0 0 0 3.45475 7.46031 0 94.8749 
0.0037583848957865474 0.0922026 0 4485 0 12.9138 9.4561 0 81.66341 59.8539 -54.142 -12.4524 0 0 0 0 0 0 0 0 7.92782 13.796 3250.86 6695.77 
0.00376732221912673458 1.18206 0 152617 73.6069 12.8872 9.41185 0 84.26251 -73.3475 -40.8444 -7.21478 0 0 0 0 0 0 0 0 2.35112 7.06827 0 0 
0.00380482250018374449 1.5693 0 153939 71.4512 12.6466 9.02207 0 150.1841 16.1737 -112.366 -98.3226 0 0 0 -0 0 0 0 -0 3.16969 9.49141 0 45.113 
0.00381420888286483498 1.13118 0 114706 70.8061 12.5716 8.90478 0 112.7481 -53.1175 -73.6028 66.8817 0 -0 0 0 0 -0 0 0 2.29467 6.91286 0 1.16609 
0.00383545977316001154 0.29391 0 51259 6.35976 12.445 8.71156 0 87.08581 -62.7737 59.7969 -8.22984 0 0 0 -0 0 0 0 -0 5.70739 15.355 555.694 801.308 
0.00383545977316001154 2.56652 0 174664 69.4959 12.4455 8.71221 0 118.3021 103.475 27.2436 -50.4579 0 0 0 0 0 0 0 0 0 5.02802 0 0 
0.00384224371339651413 0.165444 0 24013 68.8349 12.3509 8.57159 0 116.2661 -44.1383 -89.3368 -59.9039 0 0 0 -0 0 0 0 -0 3.4694 8.73221 895.488 1975.18 
0.00386697014638872358 0.230666 0 111328 0.0942097 12.1972 8.35 0 174.0111 -136.774 -106.928 -11.7958 0 0 0 -0 0 0 0 -0 5.2224 11.7939 628.643 1105.07 
0.00386697014638872358 2.82272 0 196871 67.4387 12.2027 8.35785 0 107.0991 -69.692 -57.4684 57.5386 0 0 0 0 0 0 0 0 0 0 0 0 
0.00387111263755869628 0.742279 0 121014 67.3249 12.1632 8.30215 0 175.4011 9.04483 159.445 -72.5321 0 0 0 0 0 0 0 0 3.7397 10.5184 0 144.727 
0.00390136668609611685 0.19186 0 71530 66.0952 12.0333 8.12312 0 52.8441 8.52971 49.3972 16.7229 0 0 0 0 0 0 0 0 6.02518 11.8817 1547.13 3820.88 
0.0039144704219828564 0.522284 0 150382 65.3114 11.9804 8.05193 0 65.38141 62.8134 17.3185 -5.41067 0 0 0 0 0 0 0 0 7.1358 14.7921 1.14134 488.307 
0.00393458538829428994 0.363787 0 11010 64.4191 11.8791 7.91842 0 196.8881 -175.46 -73.8406 50.2625 0 0 0 0 0 0 0 0 7.76904 16.6164 450.413 988.325 
0.00393458538829428994 0.378667 0 12700 64.3014 11.8446 7.87372 0 57.78771 52.1908 19.8105 14.9361 0 0 0 0 0 0 0 0 7.76904 16.6164 450.413 988.325 
0.00396550766793369192 0.355385 0 37142 0.283684 11.7348 7.7345 0 95.30741 14.1083 -33.6753 88.0365 0 0 0 0 0 0 0 0 7.81608 18.9476 209.373 515.215 
0.00396550766793369192 1.0741 0 177308 63.2174 11.7485 7.75158 0 208.7561 -200.061 -10.2141 58.7382 0 0 -0 0 0 0 -0 0 3.21081 8.52575 0 2.90692 
0.00396550766793369192 1.15802 0 166865 62.8942 11.7214 7.71785 0 126.1481 -122.532 -11.9011 27.5273 0 0 0 0 0 0 0 0 3.45773 9.29214 0 15.8434 
0.00399535292765449725 0.258555 0 110778 0.164473 11.5164 7.47036 0 69.4661 8.27599 64.1977 -25.2129 0 0 0 0 0 0 0 0 3.83739 11.2315 163.912 1110.8 
0.00400572357052874587 0.374318 0 197790 61.1754 11.4909 7.44069 0 84.31711 -76.452 35.3977 3.38598 0 0 0 0 0 0 0 0 3.70515 10.3803 10.6103 10.6103 
0.00400572357052874587 0.646782 0 181303 61.4273 11.504 7.45589 0 78.63841 -69.9071 34.7287 9.53433 0 0 0 0 0 0 0 0 7.0067 16.5423 0 97.9651 
0.00400572357052874587 1.40973 0 164435 61.1483 11.4912 7.44108 0 130.761 -47.5349 -115.342 39.1772 0 -0 0 0 0 -0 0 0 4.20523 11.2119 0 0 
0.00401931054907561734 0.504516 0 107024 60.5044 11.4177 7.35662 0 153.8911 -145.394 49.4718 9.76563 0 0 0 0 0 0 0 0 2.56652 8.1449 210.058 313.373 
0.00401931054907561734 0.583917 0 95702 60.5667 11.4156 7.35429 0 65.42911 52.6626 32.3409 21.487 0 0 0 0 0 0 0 0 4.13415 7.67412 0 73.3615 
0.00403901696173095646 1.45945 0 156600 59.8262 11.3162 7.2432 0 211.0331 72.8325 72.8951 -184.165 0 0 0 0 0 0 0 0 4.38056 7.27316 0 1.18221 
0.00404476061016407606 0.588536 0 184514 59.5604 11.2748 7.19805 0 172.4321 -136.016 104.675 16.6004 0 0 0 0 0 0 0 0 2.93643 7.64956 311.04 311.04 
0.00405517252181105889 1.10647 0 176147 59.5084 11.263 7.18532 0 127.7991 24.387 -118.661 40.7106 0 0 0 0 0 0 0 0 2.19709 5.49391 0 42.7455 
0.00408520038862967248 0.145776 0 283924 0.758831 11.0612 6.9745 0 104.6391 47.7619 4.21466 -93.0075 0 0 0 0 0 0 0 0 8.38302 12.3762 1704.33 5276.22 
0.00409668316369274626 0.605915 0 52253 57.7001 11.0349 6.94812 0 147.7051 -103.37 83.0052 65.1283 0 0 0 0 0 0 0 0 4.94599 9.87326 21.2716 345.792 
0.0041205714491851014 1.43632 0 179664 56.8427 10.9456 6.86032 0 87.94941 87.2046 4.74345 10.3895 0 0 0 0 0 0 0 0 0 4.23869 0 0 
0.00416671767725754032 0.397108 0 58352 0.363085 10.7561 6.68331 0 77.00941 62.662 42.7487 13.2842 0 0 0 0 0 0 0 0 4.92596 11.0799 8.25407 453.392 
0.00416671767725754032 0.832712 0 128897 55.4251 10.7804 6.70528 0 142.021 -125.336 -28.1883 60.547 0 0 0 0 0 0 0 0 2.48075 2.48075 0 0 
0.00419062922798014124 0.136903 0 10715 0.476916 10.6382 6.57949 0 18.33121 -13.8181 10.3998 -6.07777 0 0 0 0 0 0 0 0 6.08953 11.808 2641.4 4317.42 
0.00420282627913542203 0.14711 0 28748 0.132702 10.5709 6.52295 0 205.7391 -191.155 -29.0658 -70.3088 0 0 0 0 0 0 0 0 4.66097 10.819 684.907 3123.89 
0.00420496235353829111 0.310462 1 0 0 10.6251 6.56824 0 0 1 -14.0964 0.980969 -3.7493 1 -14.1295 -8.16936 -5.27685 0 0 0 0 0.879698 3.30992 0 79.138 
0.00421690712114328615 0.398349 1 13642 18.3706 9.06898 7.8933 0 0 1 0.229937 0.0314867 1.30821 0 0 0 0 0 0 0 0 2.89279 10.7159 0 337.972 
0.00424971908212386142 0.126901 0 75494 0.328038 10.6343 6.57617 0 214.6671 99.8096 187.123 33.2431 0 0 0 0 0 0 0 0 3.87988 7.73889 529.139 1714.55 
0.00424971908212386142 0.173536 0 37483 0.162697 10.567 6.51977 0 88.91211 36.9009 77.17 -24.2588 0 0 0 0 0 0 0 0 3.87988 7.73889 529.139 1714.55 
0.00426138778519661969 0.147428 0 111644 0.712803 10.6357 6.5774 0 171.4851 136.743 -17.506 101.989 0 0 0 0 0 0 0 0 6.12482 12.8858 1503.55 3050.62 
0.00426138778519661969 0.789523 0 77606 0.947018 10.5122 6.47497 0 291.5391 268.188 8.37798 -114.02 0 0 0 0 0 0 0 0 4.00085 8.79184 0 11.3882 
0.00427968092102232276 0.082512 0 165646 0.227774 9.79299 5.98003 0 331.5591 -291.302 152.438 -42.8603 0 0 0 0 0 0 0 0 7.29086 13.067 1304.11 2769.98 
0.00427968092102232276 0.111342 0 44453 0.569597 10.5429 6.49993 0 138.1891 -76.3816 -92.9428 -67.997 0 -0 0 0 0 -0 0 0 7.29086 13.067 1304.11 2769.98 
0.00427968092102232276 0.6004 0 154047 51.7776 10.6436 6.58418 0 212.2061 185.105 18.4764 102.108 0 0 0 0 0 0 0 0 9.02833 17.4861 189.526 558.552 
0.00427968092102232276 2.08991 0 194166 51.865 10.6446 6.58508 0 245.2571 -154.091 30.9768 188.274 0 0 0 0 0 0 0 0 2.10047 10.5376 0 73.9965 
0.00429083386940850523 0.22077 0 27716 0.56174 10.6535 6.5927 0 64.8251 -60.5347 -17.3016 -15.4432 0 0 0 -0 0 0 0 -0 6.24134 12.6112 361.861 1248.58 
0.00429919272309751271 0.336171 0 74245 51.1709 10.6734 6.60996 0 85.80681 -28.0598 26.4904 -76.6401 0 -0 0 0 0 -0 0 0 1.33857 3.00769 0 115.287 
0.00433869702561414869 1.06622 0 185627 50.0487 10.6915 6.62579 0 169.8821 167.024 -27.2631 14.8228 0 0 0 0 0 0 0 0 0 1.08044 0 0 
0.00435050210634523992 0.120224 1 56191 0 8.82208 7.67801 0 0 1 -0.0851579 1.45466 1.0171 0 -0 0 0 0 -0 0 0 6.61967 12.5317 1638.7 4152.46 
0.00435650827149230025 0.198618 0 161343 5.26345 10.6355 6.5772 0 165.2391 -118.647 -72.2157 -89.5085 0 0 0 -0 0 0 0 -0 3.40814 7.54468 520.622 674.481 
0.00436803336779568573 2.2104 0 183715 49.3078 10.7316 6.66134 0 223.651 76.8976 2.22337 -210.003 0 0 0 -0 0 0 0 -0 0 2.2341 0 0 
0.0043780818932097126 1.61278 0 162029 49.042 10.7169 6.6482 0 182.0161 -99.8128 -91.5659 -121.585 0 0 0 0 0 0 0 0 0 3.19232 0 0 
0.00439656695813836484 0.209535 1 43106 0 8.66807 7.54341 0 0 1 0.179797 -1.21159 0.404768 0 0 0 0 0 0 0 0 9.11084 14.7058 1650.18 3261.96 
0.00439656695813836484 0.561857 0 99846 48.7235 10.7067 6.63918 0 88.04391 -65.4506 57.8427 11.0529 0 0 0 0 0 0 0 0 8.9077 20.0821 0 509.408 
0.00439656695813836484 0.858945 0 157557 48.6908 10.7012 6.63435 0 55.96671 -46.6285 7.95764 -29.9121 0 0 0 0 0 0 0 0 6.82881 15.3944 0 75.1803 
0.00441034648513185905 0.511054 0 62226 48.302 10.6729 6.6096 0 85.33971 -71.8821 18.5244 -42.1031 0 0 0 -0 0 0 0 -0 6.10896 16.2575 157.969 234.155 
0.00441034648513185905 1.49991 0 369936 0.0887481 11.2253 7.14483 0 129.9791 -105.933 64.1745 39.4262 0 0 0 0 0 0 0 0 0 5.89926 0 0 
0.00441034648513185905 2.46821 0 183290 48.3797 10.6758 6.61209 0 113.1651 77.763 -79.8577 -19.5437 0 0 0 0 0 0 0 0 2.4663 4.81602 34.5898 34.5898 
0.00442104671003921632 0.364736 1 0 0 10.6494 6.58918 0 0 1 -136.478 122.559 -196.283 1 -140.854 117.819 -196.196 0 -0 0 0 4.54908 14.4106 118.717 301.281 
0.00444221963575373857 0.351922 0 45741 0.0878575 10.6252 6.56842 0 147.5551 -16.9714 -98.3439 108.687 0 0 0 0 0 0 0 0 4.62705 11.7039 0 9.93065 
0.00445413742153031363 0.230584 1 54190 0 8.51801 7.41227 0 0 1 -0.4567 -0.913769 -0.882179 0 0 0 -0 0 0 0 -0 4.10008 10.6733 43.6432 148.229 
0.00447211173439120493 0.13236 0 55710 0.434074 10.5803 6.53074 0 115.2691 -115.268 -0.134258 0.571052 0 -0 0 0 0 -0 0 0 4.3613 11.6182 258.49 1040.92 
0.0044807831819629329 0.21463 1 0 0 10.5753 6.52657 0 0 1 23.9781 108.72 82.0723 1 29.6017 109.88 78.8807 0 0 0 0 6.1716 11.9761 945.483 2637.99 
0.0044807831819629329 1.00903 0 177060 46.786 10.5756 6.52684 0 111.7461 -7.03795 65.8829 -89.9834 0 0 0 0 0 0 0 0 4.98005 9.97593 0 5.25337 
0.00448906090650550826 0.826986 0 139943 46.444 10.5502 6.50589 0 219.4031 104.617 -144.738 127.451 0 0 0 0 0 0 0 0 0.846654 2.51099 0 0 
0.00451607432632777136 1.48601 0 144755 46.2284 10.537 6.49507 0 132.2131 86.5022 58.9159 80.7869 0 0 0 0 0 0 0 0 4.48769 16.395 25.7968 25.7968 
0.00453018414685094854 0.630619 0 63181 45.5723 10.5019 6.46666 0 176.9691 154.434 -35.0577 -78.988 0 0 0 0 0 0 0 0 5.12607 13.4699 0 140.795 
0.00453018414685094854 0.735358 0 37829 45.571 10.5023 6.46697 0 150.0461 147.297 -2.51967 -28.4804 0 0 0 0 0 0 0 0 3.69831 11.0915 44.1865 128.364 
0.00453018414685094854 3.33631 0 194155 45.6927 10.5087 6.47216 0 135.1431 134.947 -7.2569 0.428932 0 0 0 0 0 0 0 0 0 3.2353 0 0 
0.00453414038727797519 0.996294 0 65477 45.4948 10.4968 6.46255 0 126.9841 -81.8258 -97.0882 -1.79657 0 0 -0 0 0 0 -0 0 0.993308 1.99891 0 2.92693 
0.00453414038727797519 2.13438 0 146828 45.4911 10.4973 6.46297 0 35.57651 34.331 -8.74469 3.25591 0 0 0 0 0 0 0 0 0 0 0 0 
0.00454785196592384297 0.288991 0 58596 45.3218 10.4857 6.45371 0 124.9721 113.395 18.1705 -49.288 0 0 0 0 0 0 0 0 6.75116 14.9701 1101.46 1384.66 
0.00454785196592384297 0.507732 0 60170 45.2368 10.4709 6.44186 0 225.1191 178.658 127.172 -50.8655 0 0 0 0 0 0 0 0 4.08364 9.27296 0 375.549 
0.00460434019464232066 0.753642 0 120626 44.1948 10.391 6.37945 0 286.8931 -22.1727 -167.595 231.793 0 0 0 0 0 0 0 0 2.97148 14.1253 0 0 
0.00463496863711751386 0.184941 0 68583 0.124743 10.3635 6.35851 0 243.4171 -149.901 109.169 -157.683 0 -0 0 0 0 -0 0 0 11.0615 19.855 2521.19 4487.38 
0.00463496863711751386 0.247374 0 35366 0.478139 10.3727 6.36552 0 135.7561 135.497 -6.84648 -4.817 0 0 0 -0 0 0 0 -0 10.7568 21.2166 1167.75 2391.8 
0.00463496863711751386 0.302018 1 0 0 10.4128 6.39631 0 0 1 -0.196284 29.6375 23.3231 1 5.93567 -10.9815 13.0645 0 0 -0 0 7.84822 21.5566 151.761 1116.66 
0.00463496863711751386 0.308594 0 25648 43.9216 10.3904 6.37904 0 122.0681 -33.3076 82.6757 -83.4026 0 -0 0 0 0 -0 0 0 7.84822 21.5566 151.761 1116.66 
0.00463496863711751386 0.467621 0 141955 43.841 10.3646 6.35932 0 39.65231 -23.8391 18.4463 25.7631 0 -0 0 0 0 -0 0 0 9.19012 23.9021 213.201 493.586 
0.00464866154631918965 0.282625 0 83883 43.4998 10.3589 6.35503 0 52.24091 -38.5828 2.52244 35.13 0 0 0 0 0 0 0 0 7.27419 15.8936 364.225 1215.96 
0.00464866154631918965 0.558911 0 85753 43.43 10.3473 6.34622 0 259.3921 243.534 -79.8632 39.9695 0 0 0 0 0 0 0 0 3.40126 10.8044 24.5481 24.5481 
0.00464866154631918965 0.64634 0 94719 43.369 10.3516 6.34951 0 134.9591 121.357 -8.81137 -58.3842 0 0 0 -0 0 0 0 -0 4.48573 15.3863 0 2.15078 
0.00464866154631918965 0.883809 0 150523 43.4831 10.3581 6.3544 0 148.691 62.6626 -103.514 -86.4114 0 0 0 0 0 0 0 0 2.63565 14.8447 0 8.47399 
0.00468889094571221712 0.402831 0 131772 42.8596 10.3103 6.3186 0 250.5971 112.248 125.255 185.77 0 0 0 0 0 0 0 0 7.09593 18.1529 0 276.103 
0.00468889094571221712 1.70413 0 170070 42.6563 10.2909 6.3043 0 189.9321 -65.6561 130.419 121.467 0 0 0 0 0 0 0 0 0 5.21018 0 0 
0.00470107103901144449 0.429359 0 68259 42.4999 10.2825 6.29812 0 73.97561 3.19522 -67.2379 30.6797 0 0 0 0 0 0 0 0 4.74404 11.9653 0 531.662 
0.00470968837579746266 3.16932 0 197910 42.2259 10.2644 6.28494 0 181.6431 -139.772 -6.89228 115.803 0 -0 0 0 0 -0 0 0 0 0 0 0 
0.00475446999553811016 0.251069 0 4347 0.128627 10.2143 6.24906 0 165.4151 8.39743 -76.4937 -146.425 0 0 0 0 0 0 0 0 7.92106 20.3849 177.094 1858.67 
0.00475446999553811016 1.12393 0 111014 41.6225 10.2142 6.24896 0 80.99651 18.6851 -8.94887 -78.3021 0 0 0 0 0 0 0 0 1.10721 6.66119 0 0 
0.00475446999553811016 3.43156 0 121054 41.5427 10.2017 6.24008 0 175.9771 -154.918 79.5341 -25.3543 0 0 0 0 0 0 0 0 0 0 0 0 
0.00479883976468841594 0.493818 0 51605 40.827 10.1449 6.20066 0 217.7951 206.328 -48.2345 -50.3643 0 0 0 0 0 0 0 0 8.3494 22.1103 79.8714 171.034 
0.00479883976468841594 3.29722 0 82477 40.9632 10.1612 6.21185 0 301.1521 33.9681 -158.222 253.977 0 0 0 0 0 0 0 0 0 0 0 0 
0.0048059403509619911 0.307602 1 0 0 10.1478 6.20264 0 0 1 -1.39906 147.388 72.6426 1 -2.3251 144.355 78.7453 0 0 0 0 4.80412 10.2747 163.395 241.833 
0.00481826424693851136 0.800893 0 122995 40.6661 10.1372 6.19537 0 74.23741 -57.5303 -42.4963 19.8876 0 0 0 0 0 0 0 0 3.18584 12.0109 2.15793 5.76238 
0.00482678318760471244 0.148598 0 22499 0.247135 10.1241 6.18646 0 121.781 119.893 -17.4174 -12.3533 0 0 -0 0 0 0 -0 0 4.66664 10.064 1475.09 2348.44 
0.00482678318760471244 1.05893 0 189256 40.4504 10.1238 6.18626 0 220.8481 145.656 -136.869 93.9411 0 0 0 0 0 0 0 0 2.07588 7.29632 0 0 
0.00488097174371731127 0.453972 0 195207 39.8973 10.0769 6.15475 0 177.31 -138.416 -83.3295 73.0242 0 0 0 0 0 0 0 0 7.99454 20.1319 510.247 770.839 
0.00488097174371731127 1.12265 0 185827 39.6373 10.0512 6.13782 0 148.5891 142.505 -38.8363 -16.2149 0 0 0 -0 0 0 0 -0 4.44799 12.2161 0 0 
0.00489259039055921306 1.93483 0 191234 39.5368 10.0537 6.13951 0 164.2651 0.486056 105.874 125.593 0 0 0 0 0 0 0 0 0 3.99271 0 0 
0.00490555871621185368 0.27446 1 0 0 10.0352 6.12739 0 0 1 100.507 -59.1334 -81.2432 1 100.53 -53.2803 -85.458 0 0 0 0 7.36977 13.6319 363.05 709.749 
0.00490555871621185368 1.04027 0 50618 39.3718 10.0332 6.12614 0 158.0241 -79.7493 -122.13 60.7923 0 0 0 0 0 0 0 0 4.19606 7.35067 147.207 147.207 
0.00492724918675080305 0.300754 0 36465 39.0862 10.0113 6.11202 0 154.7361 -139.226 32.3415 -59.2749 0 0 0 -0 0 0 0 -0 7.32429 16.5669 23.9337 580.621 
0.00495269969866857836 0.520343 0 70798 0.550925 9.98469 6.09506 0 91.62561 79.9555 37.5578 -24.3267 0 0 0 0 0 0 0 0 10.9651 28.3402 51.8272 233.565 
0.00495269969866857836 1.56885 0 170525 38.7956 9.99312 6.10041 0 101.3541 49.4419 11.4487 87.7326 0 0 0 0 0 0 0 0 4.7638 18.8555 0 0 
0.00495876184738828617 1.88802 0 167586 38.5806 9.95898 6.07892 0 91.31061 -61.3748 -15.3102 65.8511 0 0 0 0 0 0 0 0 0 5.71625 0 0 
0.00497835057498232682 0.254384 0 79197 0.307103 9.96021 6.07969 0 144.4371 -55.2751 -76.9884 108.993 0 -0 0 0 0 -0 0 0 8.43958 22.7299 731.601 1023.96 
0.00497835057498232682 1.04867 0 159247 38.304 9.94638 6.07109 0 183.6721 -11.6291 12.9714 182.844 0 -0 0 0 0 -0 0 0 4.23137 13.7293 86.9522 86.9522 
0.00504956835803236671 0.0785183 0 36799 37.7695 9.89092 6.03726 0 137.7031 127.998 -20.1087 -46.6303 0 0 0 0 0 0 0 0 11.1972 19.6117 2725.07 4708.36 
0.00504956835803236671 0.0998773 1 209141 0 8.65289 7.53018 0 0 1 0.177688 -0.495634 -0.114002 0 0 -0 0 0 0 -0 0 11.1972 19.6117 2725.07 4708.36 
0.00504956835803236671 0.815529 0 87721 37.6852 9.89491 6.03966 0 163.4541 -114.735 43.8107 -107.859 0 -0 0 0 0 -0 0 0 9.6729 24.1968 0 130.321 
0.00504956835803236671 0.918384 0 159486 37.6837 9.89474 6.03956 0 171.711 10.5098 -171.387 0.589804 0 0 0 0 0 0 0 0 8.2189 31.0035 12.6807 16.4112 
0.00508163458338117303 0.158902 1 0 0 9.83823 6.00606 0 0 1 -149.545 53.7145 15.5726 1 -149.401 53.4129 17.9889 0 0 0 0 4.99801 9.95395 707.508 1182.31 
0.00508163458338117303 1.14684 0 162583 37.01 9.83469 6.004 0 159.1831 -153.854 -40.1681 7.38776 0 -0 0 0 0 -0 0 0 3.48161 6.92988 174.659 219.914 
0.00509679697848434542 0.0951565 0 58537 0.0992563 9.68779 5.92214 0 192.8471 -100.742 142.2 82.5836 0 0 0 0 0 0 0 0 7.66891 13.8948 1656.23 2931.75 
0.00509679697848434542 0.303432 0 144496 36.8656 9.82072 5.99591 0 82.2531 68.1892 40.4895 21.8264 0 0 0 0 0 0 0 0 7.80211 18.8702 310.92 340.127 
0.00509679697848434542 2.01414 0 169315 36.9321 9.82588 5.99889 0 146.3411 -21.3027 -136.253 48.9602 0 -0 0 0 0 -0 0 0 0 4.05159 0 0 
0.00510004264656530905 0.144211 1 0 0 9.81678 5.99364 0 0 1 -59.1626 74.9015 150.804 1 -62.132 83.0959 145.553 0 -0 0 0 2.83629 7.04905 288.159 977.461 
0.00510866666249219521 1.61149 0 149543 36.7563 9.81645 5.99344 0 161.5961 122.985 9.79284 -104.366 0 0 0 -0 0 0 0 -0 3.24667 4.85918 0 0 
0.00513301772920609668 0.91008 0 143944 36.4785 9.77602 5.97045 0 75.30141 75.3004 -0.396748 -0.0403675 0 0 0 0 0 0 0 0 2.72909 12.8105 0 1.40717 
0.00517402738776021314 2.66343 0 198841 35.9894 9.73591 5.94816 0 116.3171 -51.9147 102.046 20.5188 0 0 0 0 0 0 0 0 2.60917 2.60917 0 0 
0.00518879533862640335 0.260406 0 52396 35.881 9.73755 5.94906 0 95.53791 -83.437 6.71482 -46.0506 0 0 0 0 0 0 0 0 9.36485 18.0982 267.749 830.144 
0.00518879533862640335 0.397469 0 8274 0.36864 9.74199 5.9515 0 95.18621 -15.0665 32.5906 -88.1548 0 0 0 -0 0 0 0 -0 8.15195 20.8207 241.261 1074.79 
0.00518879533862640335 0.409382 0 128347 35.8955 9.7311 5.94552 0 178.7851 -112.304 126.066 -58.8143 0 0 0 0 0 0 0 0 8.15195 20.8207 241.261 1074.79 
0.00518879533862640335 1.63779 0 186579 35.8192 9.7296 5.9447 0 134.171 -38.0694 127.139 19.6954 0 0 0 0 0 0 0 0 3.28432 9.86247 0 42.5819 
0.00521339572969383835 0.507972 0 102873 0.283342 9.71016 5.93414 0 215.8421 -61.7508 -98.6463 -181.778 0 0 0 -0 0 0 0 -0 10.0358 28.6546 46.6993 418.474 
0.00521339572969383835 0.542903 0 90793 0.114547 9.71636 5.9375 0 229.8181 -53.5111 184.044 126.81 0 0 0 0 0 0 0 0 8.0032 22.3179 204.851 553.755 
0.00524486374104803522 0.896614 0 87366 35.2759 9.66554 5.91038 0 245.1991 -245.034 -8.7417 -2.06051 0 0 -0 0 0 0 -0 0 3.57319 9.82296 13.2978 149.043 
0.00524486374104803522 1.08639 0 57393 35.2741 9.66344 5.90927 0 24.0611 -11.97 -0.387992 -20.8686 0 0 0 -0 0 0 0 -0 1.10379 10.9892 0 0 
0.00524486374104803522 2.15532 0 191220 35.2742 9.66356 5.90933 0 162.9311 143.019 63.101 -45.9386 0 0 0 -0 0 0 0 -0 0 0 0 0 
0.00525739589057418709 1.11187 0 196116 35.192 9.66044 5.9077 0 211.1111 191.064 -4.1933 89.6945 0 0 -0 0 0 0 -0 0 3.31737 5.49568 0 0 
0.00528407856639709524 0.551499 0 165929 34.8882 9.6417 5.89795 0 172.4571 -132.519 -107.47 25.113 0 0 -0 0 0 0 -0 0 4.85918 15.6303 0 199.396 
0.00532100846444788587 2.52352 0 137507 34.7929 9.62885 5.89133 0 117.791 108.777 43.9348 -10.5825 0 0 0 0 0 0 0 0 2.41835 9.88435 0 0 
0.0053373630283981878 0.317698 0 43247 0.251363 9.60222 5.87779 0 108.3271 108.267 -0.654913 3.54565 0 0 0 0 0 0 0 0 11.0108 21.649 629.007 835.55 
0.0053373630283981878 0.359732 0 71669 34.3464 9.58136 5.86735 0 175.4341 65.5463 2.02644 162.717 0 0 0 0 0 0 0 0 6.04958 14.6969 0 409.241 
0.00543545796833839849 0.984466 0 17420 33.4215 9.4849 8.25584 0 01 -0 0 0 0 -0 0 0 0 -0 0 0 0.982216 9.92586 0 0 
0.00544970207224278625 1.43229 0 195542 33.3682 9.48789 8.25845 0 01 0 0 0 0 0 0 0 0 0 0 0 0 2.91376 0 0 
0.00546689559217116219 0.160281 0 140577 33.135 9.45601 8.23071 0 01 0 0 0 0 0 0 0 0 0 0 0 7.4562 16.0307 2080.52 3172.08 
0.00546689559217116219 1.20304 0 149405 33.1739 9.46573 8.23915 0 01 0 0 0 0 0 0 0 0 0 0 0 2.41856 7.27312 0 0 
0.00550020017979981068 0.754762 0 138555 33.057 9.45027 8.2257 0 01 0 0 0 0 0 0 0 0 0 0 0 7.48481 28.534 0 0 
0.00551706580954227158 0.312078 1 41308 0 9.43334 8.211 0 0 2 -0.000170037 0.0448134 0.0151664 0 0 0 -0 0 0 0 -0 7.08548 19.3186 142.535 842.912 
0.00555618522309894378 0.242678 0 30052 0.281151 9.38037 8.16487 0 01 0 -0 0 0 0 -0 0 0 0 -0 0 10.0848 17.9508 1848.98 3749.8 
0.00557252892664046422 0.527741 0 107151 32.3059 9.38035 8.16484 0 01 0 0 0 0 0 0 0 0 0 0 0 6.74823 19.1783 41.0996 57.504 
0.00557252892664046422 2.10504 0 176355 32.2815 9.37546 8.16058 0 01 0 -0 0 0 0 -0 0 0 0 -0 0 4.23573 18.977 0 0 
0.00559064685995762627 0.583271 0 121925 32.1195 9.35582 8.14346 0 01 0 0 0 0 0 0 0 0 0 0 0 5.12965 16.5736 0 33.8187 
0.00560612842466838655 0.960548 0 139792 31.9889 9.34266 8.13202 0 01 0 0 0 0 0 0 0 0 0 0 0 0.969585 7.77428 0 0 
0.00567324663708967426 0.358433 0 15422 31.4974 9.28774 8.08416 0 01 0 0 0 0 0 0 0 0 0 0 0 12.9173 29.5642 206.319 592.086 
0.00567324663708967426 0.72127 0 109173 31.5459 9.29145 8.0874 0 01 0 0 -0 0 0 0 -0 0 0 0 -0 13.8339 29.1857 165.445 270.868 
0.00567324663708967426 0.805824 0 55686 31.4713 9.28114 8.07842 0 01 0 -0 0 0 0 -0 0 0 0 -0 0 7.30241 23.4437 4.80439 19.5645 
0.00567324663708967426 3.69107 0 194863 31.5906 9.29417 8.08978 0 01 0 0 0 0 0 0 0 0 0 0 0 0 0 0 0 
0.00571201868066673925 0.170081 1 204434 0 10.3555 6.35246 0 0 2 108.897 -42.455 -82.9466 0 0 -0 0 0 0 -0 0 7.82201 16.646 200.933 1128.67 
0.00571201868066673925 0.340344 1 66897 0 9.25063 8.05183 0 0 1 0.00366244 0.00925849 0.00133328 0 0 0 0 0 0 0 0 10.2912 25.3019 727.551 1195.14 
0.00571201868066673925 0.376496 0 154920 31.2574 9.261 8.06086 0 01 0 0 0 0 0 0 0 0 0 0 0 11.2857 25.9781 177.017 690.778 
0.00571201868066673925 0.564839 0 67849 31.2414 9.25764 8.05793 0 01 0 0 0 0 0 0 0 0 0 0 0 14.4073 31.6905 0 214.434 
0.00571201868066673925 1.45423 0 184947 31.2345 9.25051 8.05172 0 01 0 0 0 0 0 0 0 0 0 0 0 4.42238 26.3537 8.84011 8.84011 
0.00573012507476504829 0.149518 1 0 0 10.5738 6.52539 0 0 1 -95.6836 -42.5769 104.346 1 -19.5739 -118.853 131.703 0 0 -0 0 8.32645 15.0814 1052.59 2823.1 
0.00575598806042308762 0.358196 0 30458 30.8936 9.21087 8.01717 0 01 0 0 0 0 0 0 0 0 0 0 0 8.91124 25.9941 0 1095.99 
0.00575598806042308762 0.599332 0 34930 31.0161 9.22367 8.02831 0 01 0 0 0 0 0 0 0 0 0 0 0 12.7087 30.2452 20.7482 449.832 
0.00576702288298904225 0.255251 0 52314 30.7935 9.21362 8.01957 0 01 0 0 0 0 0 0 0 0 0 0 0 6.8401 17.2589 249.239 534.198 
0.00576702288298904225 0.356589 0 69754 30.7762 9.21326 8.01926 0 01 0 0 0 0 0 0 0 0 0 0 0 7.33105 15.5248 165.621 408.852 
0.00576702288298904225 1.04289 0 79775 30.7969 9.2138 8.01972 0 01 0 0 0 0 0 0 0 0 0 0 0 5.1489 8.22887 0 91.5618 
0.00577987380981952095 0.669909 0 59481 30.6952 9.18405 7.99378 0 01 0 0 -0 0 0 0 -0 0 0 0 -0 2.66004 13.202 0 0 
0.00577987380981952095 2.05994 0 177987 30.7625 9.20864 8.0152 0 01 -0 0 0 0 -0 0 0 0 -0 0 0 4.04313 8.09115 0 0 
0.00577987380981952095 2.62107 0 194475 30.6804 9.20516 8.0122 0 01 0 0 0 0 0 0 0 0 0 0 0 0 2.64994 0 0 
0.00579724434524998226 0.433385 0 132704 30.5626 9.18165 7.9917 0 01 -0 0 0 0 -0 0 0 0 -0 0 0 5.97157 19.2381 21.3516 64.0089 
0.00579724434524998226 0.612055 0 26774 30.6602 9.19742 8.00542 0 01 0 0 0 0 0 0 0 0 0 0 0 9.08085 21.2244 0 36.9412 
0.00579724434524998226 0.718583 0 169885 30.6318 9.19275 8.00137 0 01 0 0 0 0 0 0 0 0 0 0 0 1.41782 15.6296 43.9762 43.9762 
0.00585153837218485833 0.114716 0 71493 0.0968667 9.14202 7.95713 0 01 0 0 -0 0 0 0 -0 0 0 0 -0 11.5061 23.0161 991.711 2288.77 
0.00585153837218485833 0.155727 0 89901 30.3874 9.15943 7.97229 0 01 0 -0 0 0 0 -0 0 0 0 -0 0 11.5061 23.0161 991.711 2288.77 
0.00589883947217806261 0.241056 0 43108 0.0958025 9.10176 7.92201 0 01 0 -0 0 0 0 -0 0 0 0 -0 0 10.7244 21.7424 1192.44 3426.36 
0.00589883947217806261 0.332285 0 27397 30.0313 9.12679 7.94385 0 01 0 0 0 0 0 0 0 0 0 0 0 17.6193 38.5158 385.146 989.567 
0.00589883947217806261 1.45403 0 154589 30.0242 9.12123 7.939 0 01 -0 0 0 0 -0 0 0 0 -0 0 0 10.2653 19.1023 8.1115 72.8717 
0.00589883947217806261 1.49597 0 183892 30.1223 9.1254 7.94265 0 01 0 0 0 0 0 0 0 0 0 0 0 4.53944 16.7514 0 152.587 
0.00593028327382518101 0.258596 0 48688 29.678 9.08978 7.91162 0 01 0 0 0 0 0 0 0 0 0 0 0 11.9527 23.2455 229 582.555 
0.00593028327382518101 0.765351 0 129259 29.8493 9.09927 7.91985 0 01 0 0 0 0 0 0 0 0 0 0 0 6.82677 23.5635 2.64724 245.768 
0.00593028327382518101 0.799854 0 86949 29.7502 9.10667 7.92633 0 01 -0 0 0 0 -0 0 0 0 -0 0 0 12.5867 32.2199 32.7118 234.827 
0.00605138924513755165 0.270539 0 153147 29.442 9.05185 7.87853 0 01 0 0 0 0 0 0 0 0 0 0 0 21.6485 42.8924 827.818 1738.62 
0.00605138924513755165 0.368538 0 95010 29.1241 9.01576 7.84703 0 01 -0 0 0 0 -0 0 0 0 -0 0 0 26.0529 51.7341 856.271 1331.59 
0.00605138924513755165 0.382654 0 19650 0.10818 9.01557 7.84687 0 01 0 0 0 0 0 0 0 0 0 0 0 30.9439 58.3565 377.699 1102.18 
0.00605138924513755165 0.63288 0 6292 29.1038 9.01566 7.84695 0 01 0 0 0 0 0 0 0 0 0 0 0 17.1952 50.874 49.5657 632.688 
0.00605138924513755165 0.671975 0 152125 29.2841 9.03871 7.86706 0 01 -0 0 0 0 -0 0 0 0 -0 0 0 17.9238 48.307 218.77 429.062 
0.00605138924513755165 0.751927 0 54359 28.9575 8.99447 7.82846 0 01 0 0 0 0 0 0 0 0 0 0 0 14.8453 53.315 9.17666 221.485 
0.00605138924513755165 0.772417 0 185079 29.0216 9.00132 7.83443 0 01 0 0 0 0 0 0 0 0 0 0 0 12.9913 47.3673 0 323.082 
0.00605600515140805856 0.623703 0 179360 28.9337 8.9826 7.81809 0 01 0 0 0 0 0 0 0 0 0 0 0 0.634079 1.89333 0 0 
0.00611516302587713622 0.13027 1 23097 0 8.97571 7.81208 0 0 1 -0.00772744 0.0128164 -0.00599152 0 0 0 -0 0 0 0 -0 15.8188 27.7164 1191.21 2613.2 
0.00611516302587713622 0.141929 0 29137 1.03406 8.98324 7.81862 0 01 0 0 0 0 0 0 0 0 0 0 0 15.8188 27.7164 1191.21 2613.2 
0.00611516302587713622 0.651138 0 126118 28.7826 8.97565 7.81201 0 01 -0 0 0 0 -0 0 0 0 -0 0 0 15.3235 42.1927 287.933 719.662 
0.00621980770088260883 0.211607 0 99537 28.3536 8.93085 7.77293 0 01 -0 0 0 0 -0 0 0 0 -0 0 0 18.5627 33.7029 1991.8 3771.69 
0.00621980770088260883 0.240099 0 55732 0.0915603 8.94765 7.78758 0 01 0 0 0 0 0 0 0 0 0 0 0 18.5627 33.7029 1991.8 3771.69 
0.00621980770088260883 0.321789 0 6219 11.6848 8.89439 7.7411 0 01 0 0 -0 0 0 0 -0 0 0 0 -0 23.0635 46.9171 902.6 2051.1 
0.00621980770088260883 0.327183 0 73589 27.9947 8.8887 7.73614 0 01 -0 0 0 0 -0 0 0 0 -0 0 0 27.6626 51.0018 731.027 1880.16 
0.00621980770088260883 0.370767 0 41160 0.0996029 8.88268 7.73088 0 01 0 0 0 0 0 0 0 0 0 0 0 27.6626 51.0018 731.027 1880.16 
0.00621980770088260883 0.64123 0 185355 28.3386 8.92877 7.77111 0 01 -0 0 0 0 -0 0 0 0 -0 0 0 19.7384 57.5448 9.39251 420.448 
0.00621980770088260883 0.667193 0 67839 28.2831 8.92538 7.76815 0 01 0 0 0 0 0 0 0 0 0 0 0 28.5697 65.7902 98.0816 286.76 
0.00621980770088260883 0.758591 0 39238 28.202 8.91317 7.75749 0 01 0 0 0 0 0 0 0 0 0 0 0 22.2214 67.5114 182.344 430.182 
0.00621980770088260883 0.771341 0 171631 28.0086 8.88987 7.73715 0 01 0 -0 0 0 0 -0 0 0 0 -0 0 22.2214 67.5114 182.344 430.182 
0.00621980770088260883 0.998407 0 162556 28.4539 8.94651 7.78659 0 01 0 0 0 0 0 0 0 0 0 0 0 31.24 70.5544 56.3366 220.86 
0.00621980770088260883 1.06935 0 61856 28.5407 8.94525 7.78549 0 01 0 -0 0 0 0 -0 0 0 0 -0 0 21.2959 57.5759 0 0 
0.00621980770088260883 1.53421 0 129944 28.0037 8.88608 7.73385 0 01 -0 0 0 0 -0 0 0 0 -0 0 0 22.9162 48.6922 0 279.079 
0.00621980770088260883 1.69444 0 106288 28.3056 8.9241 7.76703 0 01 0 0 0 0 0 0 0 0 0 0 0 10.1948 28.7096 26.4416 154.974 
0.00621980770088260883 4.21419 0 193763 28.3885 8.93732 7.77858 0 01 0 0 0 0 0 0 0 0 0 0 0 5.76405 5.76405 0 0 
0.00622442689462939566 0.857241 0 185527 27.9668 8.88387 7.73189 0 01 0 0 0 0 0 0 0 0 0 0 0 0 0.85418 0 0 
0.00637087178428908784 0.18679 0 61838 27.3392 8.81541 7.67216 0 01 0 0 -0 0 0 0 -0 0 0 0 -0 21.2049 38.1448 2097.36 3860.57 
0.00637087178428908784 0.268297 0 86890 27.8716 8.8752 7.72433 0 01 0 0 0 0 0 0 0 0 0 0 0 27.9293 54.1308 1101.54 2260.03 
0.00637087178428908784 0.316622 1 18064 0 8.8344 7.68873 0 0 1 -0.00537149 -0.00261011 0.0046674 0 -0 0 0 0 -0 0 0 27.9293 54.1308 1101.54 2260.03 
0.00637087178428908784 0.476195 0 81542 27.2419 8.81186 7.66906 0 01 0 0 0 0 0 0 0 0 0 0 0 24.0792 69.1405 561.015 1009.84 
0.00637087178428908784 0.521463 0 89495 27.5396 8.84393 7.69706 0 01 0 0 -0 0 0 0 -0 0 0 0 -0 36.2107 86.2823 528.075 1014.35 
0.00637087178428908784 0.636365 0 181037 27.2189 8.80444 7.66258 0 01 0 0 0 0 0 0 0 0 0 0 0 33.4828 88.1621 392.158 842.434 
0.00637087178428908784 1.17069 0 166801 27.6131 8.85207 7.70416 0 01 -0 0 0 0 -0 0 0 0 -0 0 0 18.7487 74.0144 0 219.832 
0.00637087178428908784 1.44089 0 132710 27.7405 8.86179 7.71265 0 01 0 0 0 0 0 0 0 0 0 0 0 18.7155 58.9669 0 99.0539 
0.00637087178428908784 1.45269 0 149264 27.311 8.81226 7.6694 0 01 0 0 0 0 0 0 0 0 0 0 0 18.7155 58.9669 0 99.0539 
0.00637087178428908784 1.48376 0 141353 27.2499 8.81313 7.67016 0 01 0 -0 0 0 0 -0 0 0 0 -0 0 14.7688 42.9828 84.6512 218.987 
0.00637087178428908784 1.62067 0 129927 27.4288 8.8317 7.68637 0 01 0 -0 0 0 0 -0 0 0 0 -0 0 19.5164 47.3305 1.65713 105.897 
0.00644635638748329836 0.587251 0 187038 27.069 8.78152 7.64257 0 01 0 -0 0 0 0 -0 0 0 0 -0 0 14.7854 44.8225 15.0637 193.503 
0.00654377823623054564 0.585532 0 49516 26.5959 8.73749 7.60411 0 01 0 0 0 0 0 0 0 0 0 0 0 20.1137 50.9108 191.937 253.851 
0.00654377823623054564 1.335 0 131361 26.4753 8.73101 7.59845 0 01 0 0 0 0 0 0 0 0 0 0 0 13.5042 41.9811 30.6537 66.9053 
0.0066492405289030037 0.126596 0 8327 26.2079 8.69281 7.56507 0 01 0 0 0 0 0 0 0 0 0 0 0 17.6338 33.9542 2341.52 4724.08 
0.0066492405289030037 0.23602 0 9348 0.21022 8.98973 7.82429 0 01 0 0 0 0 0 0 0 0 0 0 0 17.6338 33.9542 2341.52 4724.08 
0.0066492405289030037 0.299992 0 145174 26.2275 8.69088 7.56338 0 01 0 0 0 0 0 0 0 0 0 0 0 24.1741 52.6043 333.647 1258.01 
0.0066492405289030037 0.468251 0 18681 26.3216 8.71806 7.5871 0 01 -0 0 0 0 -0 0 0 0 -0 0 0 25.2529 68.8207 502.876 1034.51 
0.0066492405289030037 0.5013 0 131510 26.0311 8.67518 7.54967 0 01 0 -0 0 0 0 -0 0 0 0 -0 0 28.2333 58.3415 208.801 411.257 
0.0066492405289030037 0.550299 0 89672 26.1819 8.69648 7.56828 0 01 0 0 0 0 0 0 0 0 0 0 0 25.9396 73.3906 8.32133 575.817 
0.0066492405289030037 0.588475 0 125335 26.327 8.71859 7.58757 0 01 0 0 0 0 0 0 0 0 0 0 0 18.5475 50.1659 399.819 572.488 
0.0066492405289030037 1.11714 0 170681 26.196 8.68551 7.55869 0 01 0 0 0 0 0 0 0 0 0 0 0 24.4751 52.3549 0 288.881 
0.0066492405289030037 1.66783 0 158284 26.0693 8.69318 7.56539 0 01 0 0 0 0 0 0 0 0 0 0 0 9.86771 39.5197 0 0 
0.0066492405289030037 2.2165 0 171637 26.0749 8.69096 7.56345 0 01 0 0 0 0 0 0 0 0 0 0 0 2.18932 26.1011 0 0 
0.0066492405289030037 4.65164 0 195209 26.2463 8.71011 7.58019 0 01 0 0 0 0 0 0 0 0 0 0 0 4.39858 8.18093 0 0 
0.00666934462923789769 0.253556 0 235991 0.110044 10.4765 6.44631 0 221.3631 -1.04995 75.0972 -208.233 0 0 0 0 0 0 0 0 6.8419 17.2348 564.676 1378.54 
0.00666934462923789769 1.13713 0 75139 25.8884 8.66646 7.54205 0 01 -0 0 0 0 -0 0 0 0 -0 0 0 3.45118 14.9087 0 64.083 
0.0068366296695516679 0.297253 0 64738 25.6395 8.6364 7.51579 0 01 0 0 -0 0 0 0 -0 0 0 0 -0 38.3728 68.4236 1361.14 3157.77 
0.0068366296695516679 0.561124 0 60209 25.824 8.65961 7.53605 0 01 0 0 0 0 0 0 0 0 0 0 0 28.4179 73.3268 270.079 568.761 
0.0068366296695516679 0.681823 0 149828 25.8174 8.65612 7.53301 0 01 0 0 0 0 0 0 0 0 0 0 0 29.1092 81.869 38.0488 511.091 
0.0068366296695516679 0.740543 0 105386 25.5418 8.63247 7.51235 0 01 0 0 0 0 0 0 0 0 0 0 0 36.4123 83.7356 217.364 766.879 
0.0068366296695516679 0.858286 0 77143 25.7174 8.64402 7.52244 0 01 0 -0 0 0 0 -0 0 0 0 -0 0 27.4447 76.4258 29.3956 195.068 
0.0068366296695516679 0.958808 0 126498 25.4469 8.61736 7.49915 0 01 0 0 0 0 0 0 0 0 0 0 0 27.1274 66.7583 28.0876 241.855 
0.0068366296695516679 1.12542 0 166175 25.6275 8.63828 7.51743 0 01 0 0 0 0 0 0 0 0 0 0 0 27.9084 88.1501 142.596 283.794 
0.0068366296695516679 1.44461 0 112460 25.4119 8.62126 7.50256 0 01 0 -0 0 0 0 -0 0 0 0 -0 0 21.6715 56.3432 0 227.08 
0.0068366296695516679 2.00735 0 190546 25.1519 8.59005 7.47529 0 01 0 0 0 0 0 0 0 0 0 0 0 17.7887 55.6277 28.3044 80.4667 
0.00693224299417083845 0.131323 0 140637 24.8446 8.57531 7.4624 0 01 0 0 0 0 0 0 0 0 0 0 0 19.5453 37.5033 1103.84 2314.25 
0.00693224299417083845 0.956487 0 185177 24.903 8.58216 7.46839 0 01 0 -0 0 0 0 -0 0 0 0 -0 0 20.3702 58.243 0 149.848 
0.00693224299417083845 1.23031 0 81629 24.9271 8.58782 7.47334 0 01 0 0 0 0 0 0 0 0 0 0 0 14.5881 54.7671 1.57322 47.946 
0.00693224299417083845 1.29044 0 165019 24.9833 8.57301 7.4604 0 01 0 0 0 0 0 0 0 0 0 0 0 12.8924 50.2239 0 88.8428 
0.00693224299417083845 1.3934 0 163317 24.8582 8.57528 7.46238 0 01 0 0 0 0 0 0 0 0 0 0 0 15.5088 43.7151 0 281.894 
0.00693224299417083845 2.60635 0 186121 24.8636 8.57892 7.46556 0 01 0 0 0 0 0 0 0 0 0 0 0 2.54619 15.515 0 0 
0.00693224299417083845 3.32926 0 197303 24.8468 8.57351 7.46084 0 01 0 0 0 0 0 0 0 0 0 0 0 0 3.45092 0 0 
0.00705906009553131531 0.22247 1 223514 0 8.33334 7.25088 0 0 2 -1.32252 -0.366561 -0.910203 0 -0 0 0 0 -0 0 0 22.3705 42.1057 823.661 2218.53 
0.00705906009553131531 0.234038 0 73656 24.4481 8.53115 7.42382 0 01 0 0 0 0 0 0 0 0 0 0 0 22.3705 42.1057 823.661 2218.53 
0.00705906009553131531 0.446601 0 77879 24.5368 8.52144 7.41534 0 01 0 0 0 0 0 0 0 0 0 0 0 25.7544 64.6261 159.832 772.694 
0.00705906009553131531 0.468376 0 63470 24.6264 8.5453 7.43618 0 01 -0 0 0 0 -0 0 0 0 -0 0 0 37.2111 71.1681 91.922 551.99 
0.00705906009553131531 0.782235 0 87460 24.6284 8.54393 7.43499 0 01 0 0 0 0 0 0 0 0 0 0 0 21.1751 72.8329 54.2896 433.496 
0.00705906009553131531 0.833363 0 144498 24.3374 8.51644 7.41097 0 01 0 0 0 0 0 0 0 0 0 0 0 22.5799 58.4455 0 321.611 
0.00705906009553131531 1.4643 0 187804 24.3237 8.51436 7.40915 0 01 -0 0 0 0 -0 0 0 0 -0 0 0 4.31747 31.8897 0 0 
0.00719660300800912135 1.22335 0 118226 24.3179 8.50986 7.40518 0 01 0 0 0 0 0 0 0 0 0 0 0 17.1086 57.3917 0 191.917 
0.00719660300800912135 1.82543 0 83813 23.7236 8.48488 7.63639 0 01 0 -0 0 0 0 -0 0 0 0 -0 0 16.4843 45.877 0 83.2338 
0.00719660300800912135 1.9522 0 165677 24.2251 8.51839 7.41267 0 01 0 0 0 0 0 0 0 0 0 0 0 15.1792 40.0997 25.3146 105.51 
0.00734810376674432247 0.283705 0 109592 23.684 8.44348 7.59913 0 01 0 0 0 0 0 0 0 0 0 0 0 26.7343 54.6499 627.795 2251.98 
0.00734810376674432247 0.565488 0 5708 23.4869 8.32205 7.48984 0 01 -0 0 0 0 -0 0 0 0 -0 0 0 29.8715 76.254 260.862 933.349 
0.00734810376674432247 0.632491 0 77061 23.5 8.33034 7.4973 0 01 0 0 0 0 0 0 0 0 0 0 0 30.1462 75.992 85.6917 653.523 
0.00734810376674432247 1.26041 0 74516 23.4024 8.27333 7.44599 0 01 0 0 0 0 0 0 0 0 0 0 0 25.1854 62.9355 0 73.4905 
0.00734810376674432247 1.58917 0 98258 23.7794 8.48965 7.38754 0 01 0 0 0 0 0 0 0 0 0 0 0 8.07567 53.0274 0 0 
0.00734810376674432247 1.92299 0 96095 23.6268 8.40864 7.56777 0 01 0 0 -0 0 0 0 -0 0 0 0 -0 11.5476 32.7142 175.436 237.124 
0.00774407245346238338 0.300158 0 57888 0.172596 10.5085 6.47197 0 114.3441 -25.2383 111.52 -0.88945 0 -0 0 0 0 -0 0 0 39.6055 82.1219 1353.84 2799.77 
0.00774407245346238338 0.597559 0 218734 0.361689 10.4274 6.40766 0 116.6051 -76.9415 25.2773 -83.8917 0 0 0 -0 0 0 0 -0 52.8476 116.056 420.717 1101.48 
0.00800554403013353268 2.23869 0 139643 0.239016 8.61132 7.49387 0 01 0 0 0 0 0 0 0 0 0 0 0 6.49506 46.1058 0 0 
0.00830863465068532904 0.868675 0 203034 0.86073 10.4664 6.43831 0 94.72491 91.9895 3.8584 -22.2674 0 0 0 0 0 0 0 0 28.9576 85.105 133.539 239.791 
0.00830863465068532904 1.07629 0 144527 0.144413 10.4157 6.39855 0 169.7951 139.716 94.6075 -18.9544 0 0 0 0 0 0 0 0 27.895 76.2136 0 87.775 
0.00864064351126025976 0.709511 0 175769 0.384706 11.4877 7.43702 0 160.2071 135.921 -3.02347 -84.7516 0 0 0 0 0 0 0 0 39.1024 103.883 290.051 809.907 
0.00864064351126025976 1.40747 0 208454 0.0900843 10.2323 6.26184 0 141.0571 8.54753 -35.5563 136.235 0 0 -0 0 0 0 -0 0 41.8841 93.5185 57.6835 136.443 
0.00864064351126025976 2.12371 0 196880 0 8.32483 7.49235 0 01 -0 0 0 0 -0 0 0 0 -0 0 0 8.53317 63.5487 0 55.6855 
0.00911543941394083075 0.593557 0 81411 0.64721 8.61205 7.49451 0 01 0 0 0 0 0 0 0 0 0 0 0 33.7545 88.7641 345.333 572.478 
0.012126649075992103 0.401674 0 39421 0.143184 8.65378 7.53096 0 01 0 0 -0 0 0 0 -0 0 0 0 -0 56.544 107.743 993.22 2097.92 
0.0129921039438532643 1.00947 0 217533 0.63257 9.71878 5.93881 0 125.4881 -68.9814 -104.174 -11.689 0 -0 0 0 0 -0 0 0 50.2419 126.369 46.6574 204.001 
0.0140890735256770008 3.94625 0 185677 0.428961 8.56457 7.45302 0 01 0 -0 0 0 0 -0 0 0 0 -0 0 11.7612 44.7366 72.8086 83.9305 
4.7301442647449079 0.0511457 1 0 0 10.6861 9.43791 0 0 0 0 0 0 0 0 0 0 0 0 0 0 79.5844 191.164 102.217 243.896 
10.1993759853181043 0.0558983 1 0 0 15.0587 15.0281 0 0 0 0 0 0 0 0 0 0 0 0 0 0 43.0844 110.322 36.9527 115.535 
