#1:time #2:r #3.binary? #4:ID #5:zams_m #6:m_progenitor #7:bh mass #8:bh_spin #9:birth-kick(km/s) #10-25:vsarray
0.000911596094933504503 0.224379 0 73525 137.077 16.6338 14.8399 0 01 0 0 0 0 0 0 0 0 0 0 0 18.3664 41.5326 2253.63 3400.75 
0.000911596094933504503 0.355523 1 48795 0 16.5799 14.7883 0 0 1 0.00553139 -0.0150557 -0.00818837 0 0 0 0 0 0 0 0 21.5855 47.4916 579.049 2331.63 
0.000911596094933504503 0.367091 0 100504 136.028 16.6527 14.8579 0 01 0 0 0 0 0 0 0 0 0 0 0 21.5855 47.4916 579.049 2331.63 
0.000911596094933504503 0.397426 0 61743 148.621 16.7433 14.9446 0 01 0 0 0 0 0 0 0 0 0 0 0 17.0815 44.2665 440.885 1830.23 
0.000911596094933504503 0.600812 0 220595 136.133 16.6283 14.8345 0 01 0 0 0 0 0 0 0 0 0 0 0 23.6856 54.5712 185.057 627.768 
0.000911596094933504503 0.72734 0 246404 144.084 16.7632 14.9636 0 01 0 0 0 0 0 0 0 0 0 0 0 17.2906 46.8003 1239.55 1680.53 
0.000911596094933504503 0.797845 0 62090 146.507 16.7689 14.969 0 01 0 0 0 0 0 0 0 0 0 0 0 18.1976 39.6219 867.754 904.965 
0.000911596094933504503 0.83607 1 264858 0 16.6798 14.8838 0 0 2 0.00148886 0.0168542 -0.00767835 0 0 0 -0 0 0 0 -0 15.2389 36.3956 136.898 278.381 
0.000911596094933504503 0.86347 0 302244 143.97 16.7456 14.9468 0 01 0 0 0 0 0 0 0 0 0 0 0 16.6528 45.3921 309.813 318.791 
0.000911596094933504503 0.975504 0 307797 137.619 16.6402 14.8459 0 01 -0 0 0 0 -0 0 0 0 -0 0 0 23.0281 47.0614 306.715 1973.99 
0.000911596094933504503 1.53071 0 321417 134.348 16.6994 14.9026 0 01 0 0 0 0 0 0 0 0 0 0 0 6.03027 28.676 0 62.2454 
0.000911596094933504503 2.58199 0 375794 145.132 16.7767 14.9765 0 01 0 0 0 0 0 0 0 0 0 0 0 8.16359 22.0439 0 0 
0.000911596094933504503 2.87065 0 396505 141.989 16.6862 14.8899 0 01 0 -0 0 0 0 -0 0 0 0 -0 0 8.16359 22.0439 0 0 
0.000961407004664430144 0.123968 1 9424 0 15.4117 13.6774 0 0 1 0.025248 0.00508702 0.0060405 0 0 0 0 0 0 0 0 16.6151 35.3454 1346.07 2643.64 
0.000961407004664430144 0.177752 0 34242 0.144378 14.9264 13.219 0 01 0 0 -0 0 0 0 -0 0 0 0 -0 26.0033 54.6094 2026.38 3572.24 
0.000961407004664430144 0.178974 1 10657 0.326135 15.8807 14.122 0 0 1 0.00314251 0.00235552 0.000232257 0 0 0 -0 0 0 0 -0 26.0033 54.6094 2026.38 3572.24 
0.000961407004664430144 0.244136 0 119279 118.641 16.7206 14.9228 0 01 0 -0 0 0 0 -0 0 0 0 -0 0 25.8305 59.8995 1436.63 2343.28 
0.000961407004664430144 0.230403 1 40380 0 16.7658 14.9661 0 0 2 -0.000361253 0.00310898 0.0066031 0 0 0 0 0 0 0 0 25.8305 59.8995 1436.63 2343.28 
0.000961407004664430144 0.287827 0 34504 0.266597 16.6532 14.8584 0 01 0 -0 0 0 0 -0 0 0 0 -0 0 26.0124 67.1623 1179.43 4060.76 
0.000961407004664430144 0.339229 0 265082 106.957 15.838 14.0815 0 01 0 0 0 0 0 0 0 0 0 0 0 23.6826 64.285 1428.84 1818.46 
0.000961407004664430144 0.368554 0 64926 104.991 15.7413 13.9897 0 01 0 0 0 0 0 0 0 0 0 0 0 24.5846 70.1394 1003.7 1781.83 
0.000961407004664430144 0.40016 0 48757 103.84 15.7813 14.0276 0 01 -0 0 0 0 -0 0 0 0 -0 0 0 30.3475 76.1618 289.309 2601.85 
0.000961407004664430144 0.473191 0 51333 0.130152 14.6795 12.9816 0 0.1533651 -0.0910178 -0.115924 -0.0424063 0 0 0 0 0 0 0 0 38.2227 73.5794 1140.2 2818.08 
0.000961407004664430144 0.486299 0 92882 107.222 15.8821 14.1233 0 01 0 0 0 0 0 0 0 0 0 0 0 38.2227 73.5794 1140.2 2818.08 
0.000961407004664430144 0.479902 1 277113 0 16.5438 14.7537 0 0 2 -0.000867286 0.00345314 0.000464023 0 0 0 -0 0 0 0 -0 38.2227 73.5794 1140.2 2818.08 
0.000961407004664430144 0.497781 0 1230 0.118695 16.6966 14.8999 0 01 0 0 0 0 0 0 0 0 0 0 0 27.8513 79.6276 925.674 2035.74 
0.000961407004664430144 0.530879 0 281701 112.129 16.3893 14.6063 0 01 0 0 0 0 0 0 0 0 0 0 0 32.8342 73.4139 759.219 1804.65 
0.000961407004664430144 0.538244 0 149723 103.931 15.7934 14.0391 0 01 0 0 0 0 0 0 0 0 0 0 0 27.5849 68.2903 1291.94 1693.82 
0.000961407004664430144 0.734663 0 188351 108.592 16.0576 14.2902 0 01 0 0 0 0 0 0 0 0 0 0 0 27.6039 67.8135 743.676 1806.1 
0.000961407004664430144 0.813518 0 226076 111.459 16.2742 14.4965 0 01 0 -0 0 0 0 -0 0 0 0 -0 0 21.4226 47.8407 261.057 544.131 
0.000961407004664430144 0.885523 0 174558 126.594 16.7434 14.9446 0 01 0 0 0 0 0 0 0 0 0 0 0 23.7058 66.7437 294.874 997.783 
0.000961407004664430144 0.889538 1 111187 0 15.8052 14.0504 0 0 1 -0.000239423 -0.00690293 0.00219303 0 0 0 0 0 0 0 0 23.7058 66.7437 294.874 997.783 
0.000961407004664430144 0.935645 0 268677 111.171 16.2273 14.4518 0 01 0 0 0 0 0 0 0 0 0 0 0 27.1329 60.8127 76.2616 1213.19 
0.000961407004664430144 1.02843 0 338933 97.2335 15.0465 13.3323 0 01 0 0 0 0 0 0 0 0 0 0 0 34.0479 74.1774 733.466 1000.14 
0.000961407004664430144 1.03613 0 253790 109.514 16.2153 14.4404 0 01 0 0 0 0 0 0 0 0 0 0 0 34.0479 74.1774 733.466 1000.14 
0.000961407004664430144 1.06957 0 306326 96.9957 15.223 13.4989 0 01 -0 0 0 0 -0 0 0 0 -0 0 0 24.4857 62.7151 519.522 798.85 
0.000961407004664430144 1.07417 0 175727 113.949 16.3989 14.6155 0 01 0 0 0 0 0 0 0 0 0 0 0 24.4857 62.7151 519.522 798.85 
0.000961407004664430144 1.14317 0 115717 128.405 16.6952 14.8985 0 01 0 0 0 0 0 0 0 0 0 0 0 19.2415 63.5902 72.6697 81.0562 
0.000961407004664430144 1.21561 0 297104 97.652 15.1168 13.3986 0 01 -0 0 0 0 -0 0 0 0 -0 0 0 15.7961 50.9205 15.5955 473.197 
0.000961407004664430144 1.36927 0 344445 128.127 16.7013 14.9044 0 01 0 0 -0 0 0 0 -0 0 0 0 -0 16.1093 49.776 0 82.1884 
0.000961407004664430144 1.39876 0 362931 125.318 16.7449 14.9461 0 01 -0 0 0 0 -0 0 0 0 -0 0 0 12.6261 48.8791 73.6108 163.771 
0.000961407004664430144 1.5099 0 359428 98.4291 15.2602 13.534 0 01 0 0 0 0 0 0 0 0 0 0 0 18.2487 55.935 0 0 
0.000961407004664430144 1.55704 0 332286 106.732 16.0458 14.2791 0 01 0 -0 0 0 0 -0 0 0 0 -0 0 7.89451 36.1183 0 1.10591 
0.000961407004664430144 1.84841 0 217686 100.932 15.4747 13.7369 0 01 0 0 0 0 0 0 0 0 0 0 0 18.8904 41.5451 0 64.5975 
0.000961407004664430144 4.00183 0 381331 98.9901 15.3668 13.6349 0 01 0 0 0 0 0 0 0 0 0 0 0 9.49402 21.4896 0 38.0032 
0.000990339153089667915 0.176051 0 24087 87.1549 14.3073 12.1429 0 11.44041 3.91944 -3.56654 -10.1391 0 0 0 0 0 0 0 0 17.5543 32.7037 681.327 3134.23 
0.000990339153089667915 0.328084 0 213487 96.2306 15.0695 13.3539 0 01 0 0 0 0 0 0 0 0 0 0 0 19.8316 50.3169 1712.91 2647.91 
0.000990339153089667915 0.464681 0 206906 91.7153 14.6503 12.914 0 2.022941 1.93868 0.00759872 0.577682 0 0 0 0 0 0 0 0 14.1678 53.4836 59.0884 606.957 
0.000990339153089667915 0.480025 0 150155 92.1791 14.5287 12.6357 0 8.591531 -7.14941 3.59407 3.12777 0 -0 0 0 0 -0 0 0 23.5585 51.9233 492.127 1453.38 
0.000990339153089667915 0.482613 0 206747 96.1646 15.0561 13.3413 0 01 -0 0 0 0 -0 0 0 0 -0 0 0 23.5585 51.9233 492.127 1453.38 
0.000990339153089667915 0.486257 0 239750 89.6003 14.4253 12.4033 0 6.713291 -6.58359 1.28837 -0.254295 0 0 0 0 0 0 0 0 23.5585 51.9233 492.127 1453.38 
0.000990339153089667915 0.473966 1 295028 0 15.0498 13.3354 0 0 1 -0.003626 0.0027691 0.021273 0 0 0 0 0 0 0 0 23.5585 51.9233 492.127 1453.38 
0.000990339153089667915 0.580188 0 168168 93.8479 14.8611 13.1575 0 01 0 0 0 0 0 0 0 0 0 0 0 25.3637 51.2644 723.159 2065.23 
0.000990339153089667915 0.594304 0 147898 86.2269 14.1251 11.7512 0 26.14731 20.2717 -16.4324 1.64731 0 0 0 0 0 0 0 0 25.3637 51.2644 723.159 2065.23 
0.000990339153089667915 0.65655 0 241128 90.5167 14.6024 12.8036 0 6.80021 5.13073 0.239493 -4.45657 0 0 0 0 0 0 0 0 15.7922 49.321 353.245 637.48 
0.000990339153089667915 0.660236 0 136651 90.7845 14.6593 12.9349 0 1.612831 1.51559 0.473013 -0.283685 0 0 0 0 0 0 0 0 15.7922 49.321 353.245 637.48 
0.000990339153089667915 0.738309 0 242650 92.7104 14.852 13.1489 0 01 0 0 -0 0 0 0 -0 0 0 0 -0 21.8544 56.0768 174.478 672.72 
0.000990339153089667915 0.745516 1 178115 104.318 11.3288 7.25722 0 0 1 15.7204 2.12167 14.5373 0 0 0 0 0 0 0 0 19.5482 48.091 0 414.691 
0.000990339153089667915 0.78085 0 61874 92.5073 14.8128 13.112 0 01 0 0 -0 0 0 0 -0 0 0 0 -0 17.0594 48.9336 0 1042.31 
0.000990339153089667915 0.887542 0 269660 94.1229 14.9153 13.2085 0 01 -0 0 0 0 -0 0 0 0 -0 0 0 18.5132 44.105 38.1873 635.703 
0.000990339153089667915 0.95265 0 292476 87.8142 14.2621 12.0447 0 16.94521 15.8122 4.90081 -3.6186 0 0 0 0 0 0 0 0 14.1518 53.5754 400.608 468.238 
0.000990339153089667915 0.956798 0 259495 90.0112 14.5119 12.5976 0 6.412491 4.24021 -3.47571 3.32568 0 0 0 0 0 0 0 0 18.4647 44.7097 70.9879 336.928 
0.000990339153089667915 0.978364 0 315059 88.2093 14.3451 12.2258 0 17.83661 16.8217 5.86579 0.876364 0 0 0 0 0 0 0 0 18.4647 44.7097 70.9879 336.928 
0.000990339153089667915 1.31661 0 301990 89.0787 14.5089 12.5909 0 4.144121 0.856514 3.61929 1.82779 0 0 0 0 0 0 0 0 13.0123 37.8797 0 159.678 
0.000990339153089667915 1.31715 0 301737 91.1998 14.5444 12.6713 0 7.106891 6.42073 1.13853 -2.82593 0 0 0 0 0 0 0 0 13.0123 37.8797 0 159.678 
0.000990339153089667915 1.32888 0 159815 87.188 14.3147 12.1591 0 12.94961 -11.8726 5.09319 -0.890573 0 0 0 -0 0 0 0 -0 13.0123 37.8797 0 159.678 
0.000990339153089667915 1.59564 0 317450 87.5857 14.399 12.345 0 8.704491 3.78147 7.70482 1.45066 0 0 0 0 0 0 0 0 12.6296 34.8694 0 240.559 
0.000990339153089667915 1.62017 0 345768 95.6185 14.9585 13.2493 0 01 0 0 -0 0 0 0 -0 0 0 0 -0 9.85504 27.9349 0 124.182 
0.000990339153089667915 1.70021 0 261806 94.5324 14.9625 13.253 0 01 -0 0 0 0 -0 0 0 0 -0 0 0 6.92507 32.7045 22.3853 224.374 
0.000990339153089667915 1.77779 0 176205 86.732 14.2234 11.9609 0 7.030671 6.97573 -0.774239 -0.412364 0 0 0 -0 0 0 0 -0 10.8097 25.2255 0 43.667 
0.000990339153089667915 1.78918 0 345065 90.159 14.5394 12.6599 0 6.473431 6.47341 0.0146358 -0.00721127 0 0 0 0 0 0 0 0 10.8097 25.2255 0 43.667 
0.00102125640483198728 0.235548 0 122627 80.8837 13.6212 10.7311 0 46.09461 36.9368 -25.9694 -9.27218 0 0 0 0 0 0 0 0 16.1928 44.6194 1053.69 2577.82 
0.00102125640483198728 0.30634 1 0 0 13.2269 9.99788 0 0 1 28.08 -65.5272 -7.95441 1 32.9219 -63.1647 -10.2557 0 0 0 0 21.0098 47.9808 369.999 1551.1 
0.00102125640483198728 0.314588 0 59411 0 13.5782 10.6483 0 30.36361 -14.9643 26.188 -3.4936 0 0 0 0 0 0 0 0 21.0098 47.9808 369.999 1551.1 
0.00102125640483198728 0.350449 0 276984 84.596 13.9716 11.4305 0 27.76851 22.1432 -10.1091 -13.3632 0 0 0 0 0 0 0 0 21.5651 49.1831 1278.8 2641.83 
0.00102125640483198728 0.590187 0 161709 79.0924 13.403 10.3184 0 56.13881 55.9299 -1.63744 4.55336 0 0 0 0 0 0 0 0 23.2065 52.9068 0 1194.38 
0.00102125640483198728 0.629436 0 115918 78.7712 13.3858 10.2865 0 64.59091 59.5855 -17.9525 -17.2992 0 0 0 0 0 0 0 0 17.9762 55.0547 270.666 1077.93 
0.00102125640483198728 0.806411 0 248388 83.4287 13.9834 11.4548 0 42.48911 -26.8736 -4.34801 32.6224 0 0 0 0 0 0 0 0 15.3509 43.5844 545.354 973.492 
0.00102125640483198728 0.925063 0 283475 79.1005 13.4048 10.3217 0 40.68851 40.6316 -2.00661 0.776277 0 0 0 0 0 0 0 0 17.4058 46.8596 130.203 537.453 
0.00102125640483198728 1.02919 0 219171 80.0316 13.6075 10.7047 0 26.80241 14.0398 -3.28658 -22.5931 0 0 -0 0 0 0 -0 0 13.5379 46.8894 57.5855 210.496 
0.00102125640483198728 1.10343 0 218214 81.2453 13.7011 10.8866 0 26.65591 26.6131 1.50244 -0.134704 0 0 0 0 0 0 0 0 21.0881 39.8883 4.78138 68.5076 
0.00102125640483198728 1.27361 0 334111 83.9136 13.9125 11.3094 0 23.93561 1.13525 -22.7476 7.36007 0 0 0 0 0 0 0 0 14.0136 43.1849 0 368.809 
0.00102125640483198728 1.40648 0 366895 78.4317 13.4852 10.4718 0 53.8181 53.8107 0.804515 0.371665 0 0 0 0 0 0 0 0 8.54142 29.7612 0 180.656 
0.00102125640483198728 1.5045 0 310574 84.2628 14.0053 11.5002 0 17.83941 4.03313 -9.91038 -14.2745 0 0 0 0 0 0 0 0 15.3006 33.5152 8.71078 1018.21 
0.00102125640483198728 1.5907 0 176470 78.0612 13.4013 10.3152 0 101.3581 -41.2853 46.7694 -79.8853 0 0 0 0 0 0 0 0 3.18384 34.8391 0 0 
0.00102125640483198728 1.97374 0 78203 85.2054 14.0988 11.6956 0 24.76361 -10.3609 -22.477 -0.819548 0 0 0 -0 0 0 0 -0 8.10753 18.17 0 68.4705 
0.00102125640483198728 2.09647 0 362975 76.5562 13.2191 9.98406 0 98.01261 90.0629 -21.1833 32.3485 0 0 -0 0 0 0 -0 0 10.6321 27.7558 4.57096 92.3228 
0.00102125640483198728 2.19834 0 362265 81.1199 13.6685 10.8229 0 32.52271 16.5383 27.9957 0.674855 0 0 0 0 0 0 0 0 10.6321 27.7558 4.57096 92.3228 
0.00102125640483198728 2.35231 0 379198 81.8962 13.8579 11.1986 0 37.28351 -10.8754 20.1908 -29.3958 0 0 0 0 0 0 0 0 9.01529 27.3081 37.3549 37.3549 
0.00102125640483198728 2.54174 0 361959 84.4833 13.9566 11.3997 0 49.20861 47.5733 -3.31451 -12.1358 0 0 0 0 0 0 0 0 5.11278 12.5988 0 0 
0.00102125640483198728 3.18293 0 395360 79.5825 13.5055 10.5101 0 76.99251 -75.528 -12.1212 8.74357 0 0 -0 0 0 0 -0 0 3.01973 15.1165 0 0 
0.00106385060406616414 0.244478 0 4485 74.1323 12.9244 9.47399 0 135.7691 -105.357 83.2867 19.9091 0 -0 0 0 0 -0 0 0 19.9689 56.0618 2229.67 3680.45 
0.00106385060406616414 0.257471 0 121014 67.3249 12.1773 8.32198 0 65.38981 63.333 14.62 -7.14236 0 0 0 0 0 0 0 0 19.9689 56.0618 2229.67 3680.45 
0.00106385060406616414 0.26006 1 9114 0 10.2172 6.25111 0 0 1 -31.699 -8.26096 -3.14985 0 -0 0 0 0 -0 0 0 19.9689 56.0618 2229.67 3680.45 
0.00106385060406616414 0.286797 0 153939 71.4512 12.6225 8.98419 0 88.27591 51.7845 -38.4617 -60.2635 0 0 -0 0 0 0 -0 0 24.4544 54.5154 1277.43 2651.03 
0.00106385060406616414 0.305476 0 51259 69.5325 12.4411 8.70562 0 85.90781 82.3036 3.83957 -24.3214 0 0 0 0 0 0 0 0 27.0964 65.2187 1401.82 2797.59 
0.00106385060406616414 0.350749 0 24013 68.8349 12.3986 8.64224 0 52.36721 -14.6082 37.2476 -33.7866 0 0 0 0 0 0 0 0 26.8319 62.5471 798.083 2215.1 
0.00106385060406616414 0.471545 0 114706 70.8061 12.5945 8.94042 0 122.4021 78.4666 -79.6819 -49.7585 0 0 -0 0 0 0 -0 0 30.244 72.654 740.871 1700.75 
0.00106385060406616414 0.495809 0 100809 75.8412 13.0749 9.73041 0 52.8611 15.8046 50.4426 0.208804 0 0 0 0 0 0 0 0 26.876 62.0236 443.302 1275.02 
0.00106385060406616414 0.538714 0 152617 73.6069 12.9672 9.54608 0 212.6291 162.579 -129.694 44.2549 0 0 0 0 0 0 0 0 32.4873 80.3687 614.237 1644.92 
0.00106385060406616414 0.570221 0 111328 67.4826 12.2068 8.36362 0 93.17411 -23.2433 23.1554 87.2066 0 -0 0 0 0 -0 0 0 20.7077 57.0305 458.621 1022.37 
0.00106385060406616414 0.598796 0 205777 70.9066 12.6249 8.98795 0 80.8791 -61.318 -31.8272 -42.0541 0 0 0 -0 0 0 0 -0 27.4892 59.1775 663.5 1580.03 
0.00106385060406616414 0.656808 0 174664 69.4959 12.4216 8.67643 0 163.6811 -43.8325 148.108 54.1705 0 0 0 0 0 0 0 0 27.3855 68.0267 91.2863 858.145 
0.00106385060406616414 0.711135 0 233206 67.6307 12.2377 8.40756 0 35.54161 -27.739 14.6025 -16.7487 0 0 0 0 0 0 0 0 28.4913 60.6854 154.472 941.106 
0.00106385060406616414 0.711931 0 102311 75.0149 13.0281 9.64974 0 79.79551 -44.0261 -60.6212 -27.4608 0 0 0 0 0 0 0 0 28.4913 60.6854 154.472 941.106 
0.00106385060406616414 0.763053 1 0 77.4806 10.5248 6.48525 0 0 1 -31.32 16.8676 12.3787 1 -5.17291 -12.1271 7.38549 0 0 -0 0 25.1604 51.0816 1382.55 1919.89 
0.00106385060406616414 0.806341 0 196871 67.4387 12.2031 8.35844 0 78.37771 -77.6844 -8.52659 -5.95795 0 0 0 0 0 0 0 0 21.0745 49.5088 154.297 803.277 
0.00106385060406616414 0.885309 0 215727 68.5989 12.3451 8.56313 0 157.6971 157.036 13.7186 4.44436 0 0 0 0 0 0 0 0 17.0025 51.0698 5.89023 286.505 
0.00106385060406616414 0.929648 0 335995 70.2877 12.4838 8.77013 0 147.7351 -140.943 -43.2246 9.60383 0 -0 0 0 0 -0 0 0 24.1103 56.4674 4.28073 17.6377 
0.00106385060406616414 1.33945 0 372935 69.5046 12.4238 8.67971 0 89.07621 47.6611 -26.9299 70.2692 0 0 0 0 0 0 0 0 11.8494 37.022 122.137 228.258 
0.00106385060406616414 1.63118 0 330344 76.1778 13.1382 9.84082 0 53.95071 31.4049 32.5091 -29.4546 0 0 0 0 0 0 0 0 12.7266 35.0771 0 6.21304 
0.00106385060406616414 1.96011 0 328227 72.1206 12.7778 9.23193 0 145.21 133.926 46.5872 31.2484 0 0 0 0 0 0 0 0 9.62243 44.2445 34.9595 245.319 
0.00106385060406616414 2.14105 0 369055 72.2816 12.8052 9.27663 0 115.5781 -115.413 3.54468 -5.03902 0 0 0 -0 0 0 0 -0 8.65178 25.8338 0 0 
0.00106385060406616414 3.28094 0 389536 76.1127 13.1256 9.81879 0 63.87631 12.6286 40.1082 48.0836 0 0 0 0 0 0 0 0 7.04927 23.4174 8.07689 8.07689 
0.00110937887299844442 0.268878 0 12700 0.179614 11.8186 7.84042 0 114.0711 -106.996 19.6721 34.3069 0 0 0 0 0 0 0 0 26.3704 57.2458 2320.8 2860.5 
0.00110937887299844442 0.299108 0 218505 59.8231 11.7842 7.79667 0 180.8621 -180.423 11.582 4.94656 0 0 0 0 0 0 0 0 22.0275 57.1146 806.095 1448.3 
0.00110937887299844442 0.310899 0 11010 64.4191 11.8421 7.87049 0 54.03781 9.03899 15.6205 -50.9351 0 0 0 0 0 0 0 0 26.562 68.0874 331.248 1345.63 
0.00110937887299844442 0.353685 0 295960 60.9026 12.0849 8.19356 0 105.0571 -93.9651 -31.3562 -34.9889 0 0 0 0 0 0 0 0 26.6774 66.3565 348.29 1366.99 
0.00110937887299844442 0.385736 0 71530 66.0952 12.1236 8.24691 0 31.8251 3.27192 29.3605 -11.8358 0 0 0 0 0 0 0 0 32.5755 77.8977 340.513 1195.99 
0.00110937887299844442 0.397758 0 88100 64.7006 11.9208 7.97291 0 100.5321 79.9264 -30.6016 52.7456 0 0 0 0 0 0 0 0 32.5755 77.8977 340.513 1195.99 
0.00110937887299844442 0.403418 0 37142 63.1007 11.7021 7.69391 0 194.1131 180.606 -69.338 -15.9243 0 0 -0 0 0 0 -0 0 32.5755 77.8977 340.513 1195.99 
0.00110937887299844442 0.414449 0 95702 60.5667 11.984 8.05675 0 148.4681 -107.315 -12.5489 101.827 0 0 -0 0 0 0 -0 0 32.0159 73.2939 1023.21 2152.52 
0.00110937887299844442 0.423752 0 25684 63.0733 11.6877 7.67612 0 71.44311 10.5661 -32.7241 62.6227 0 0 0 0 0 0 0 0 32.0159 73.2939 1023.21 2152.52 
0.00110937887299844442 0.498213 0 107024 60.5044 11.9622 8.02772 0 64.45431 44.6885 29.6494 35.752 0 0 0 0 0 0 0 0 29.8899 72.5784 802.806 2216.06 
0.00110937887299844442 0.528217 0 166865 62.8942 11.6632 7.64603 0 109.3251 95.6084 14.6094 50.967 0 0 0 0 0 0 0 0 29.9858 68.9925 369.743 1113.38 
0.00110937887299844442 0.538251 0 213283 61.3056 12.1858 8.33399 0 53.70141 -4.43684 -52.393 -10.9145 0 0 -0 0 0 0 -0 0 29.9858 68.9925 369.743 1113.38 
0.00110937887299844442 0.541901 0 164435 61.1483 12.153 8.28795 0 66.35171 47.7994 -20.3438 -41.2783 0 0 0 0 0 0 0 0 29.9858 68.9925 369.743 1113.38 
0.00110937887299844442 0.562099 0 228927 65.7464 12.0546 8.15205 0 241.1221 -1.77857 -119.161 -209.612 0 0 -0 0 0 0 -0 0 26.1618 68.5974 312.66 917.77 
0.00110937887299844442 0.625201 0 235912 63.1944 11.7206 7.71686 0 137.821 111.659 78.7805 17.8911 0 0 0 0 0 0 0 0 25.5748 63.6765 567.644 1044.95 
0.00110937887299844442 0.631438 0 176147 59.5084 11.6821 7.66919 0 90.1771 65.6221 -53.0837 31.745 0 0 -0 0 0 0 -0 0 25.5748 63.6765 567.644 1044.95 
0.00110937887299844442 0.736313 0 25991 61.3019 12.1847 8.33237 0 113.9851 -113.911 3.99565 -0.958929 0 0 0 -0 0 0 0 -0 25.2418 71.3125 107.189 189.408 
0.00110937887299844442 0.75678 0 203575 65.9753 12.0942 8.20635 0 106.3531 -102.96 26.1807 4.96516 0 0 0 0 0 0 0 0 22.264 59.872 282.258 1267.54 
0.00110937887299844442 0.757335 0 177308 63.2174 11.7192 7.7151 0 91.64671 34.0603 72.975 43.7454 0 0 0 0 0 0 0 0 22.264 59.872 282.258 1267.54 
0.00110937887299844442 0.764474 0 371644 59.5776 11.6956 7.68586 0 121.5551 120.891 11.3948 -5.59621 0 0 0 0 0 0 0 0 22.264 59.872 282.258 1267.54 
0.00110937887299844442 0.879783 0 197790 61.1754 12.1578 8.29463 0 112.2061 -45.8265 61.337 -82.0232 0 -0 0 0 0 -0 0 0 20.8771 51.4194 289.373 292.383 
0.00110937887299844442 0.994703 1 0 69.6359 10.0084 6.11013 0 0 1 -74.5175 67.8964 53.8916 1 -15.6188 -34.8795 -2.38133 0 0 -0 0 8.95647 43.574 473.547 475.085 
0.00110937887299844442 1.01059 0 325363 63.3838 11.7625 7.76925 0 122.8381 0.635436 -122.535 -8.60768 0 0 0 0 0 0 0 0 27.6235 53.1759 292.273 1025.39 
0.00110937887299844442 1.07704 0 184514 59.5604 11.6975 7.68826 0 115.2541 102.639 52.0549 -6.25955 0 0 0 -0 0 0 0 -0 21.8269 62.1354 317.955 794.919 
0.00110937887299844442 1.10581 0 269591 60.8854 12.0842 8.19252 0 158.8511 -125.859 7.95562 -96.591 0 0 0 0 0 0 0 0 21.8269 62.1354 317.955 794.919 
0.00110937887299844442 1.17922 0 150382 65.3114 11.9394 7.99741 0 82.28851 1.26881 -19.549 -79.9226 0 0 0 -0 0 0 0 -0 22.0985 56.9773 19.0508 258.369 
0.00110937887299844442 1.2031 0 234580 65.5664 11.9934 8.06938 0 133.9241 117.994 35.9229 52.1787 0 0 0 0 0 0 0 0 17.9629 60.0201 235.599 250.05 
0.00110937887299844442 1.23621 0 310350 64.3893 11.8405 7.86854 0 242.7021 135.681 -38.9109 197.436 0 0 0 0 0 0 0 0 11.1393 50.7979 449.1 675.992 
0.00110937887299844442 1.29216 0 295191 62.2835 11.6124 7.58445 0 89.85671 -89.5298 -3.23057 6.94311 0 0 0 0 0 0 0 0 23.1329 43.7143 11.5723 59.596 
0.00110937887299844442 1.50499 0 231968 59.6735 11.7317 7.73064 0 116.1781 83.6304 -74.1835 -31.6227 0 0 0 0 0 0 0 0 10.3622 51.9041 0 24.8363 
0.00110937887299844442 1.57538 0 338207 60.5699 11.9814 8.05329 0 82.61721 82.3305 -6.75105 -1.31218 0 0 -0 0 0 0 -0 0 10.7966 33.9374 0 64.751 
0.00110937887299844442 1.7356 0 362298 61.3799 12.2147 8.37479 0 113.6541 -104.705 27.9451 34.25 0 0 0 0 0 0 0 0 12.2978 45.6648 0 0 
0.00110937887299844442 2.2902 0 110778 61.5212 12.2552 8.43271 0 90.4861 -25.6094 -86.5107 6.91153 0 0 0 0 0 0 0 0 13.9194 29.9547 130.495 130.495 
0.00110937887299844442 2.30024 1 0 66.0513 9.88799 6.03551 0 0 1 25.7633 -13.5854 -95.159 1 -19.5326 8.73801 3.66516 0 0 0 0 13.9194 29.9547 130.495 130.495 
0.0011626200013784096 0.107723 0 85265 58.7173 11.4853 7.43425 0 249.3551 248.984 -1.52933 -13.5136 0 0 0 0 0 0 0 0 18.4577 40.215 1615.45 3312.96 
0.0011626200013784096 0.178155 0 214436 54.3792 10.824 6.74526 0 184.0991 -173.28 52.1888 33.8074 0 -0 0 0 0 -0 0 0 18.4577 40.215 1615.45 3312.96 
0.0011626200013784096 0.319213 0 134142 56.2477 10.8285 6.74939 0 181.8131 -167.09 71.2242 -8.00256 0 0 0 0 0 0 0 0 34.3198 77.1819 426.859 1351.54 
0.0011626200013784096 0.343302 0 128897 55.4251 11.0948 7.0086 0 64.13111 60.0101 -22.1146 -4.74708 0 0 0 -0 0 0 0 -0 28.2714 75.4251 1043.52 3315.93 
0.0011626200013784096 0.349573 0 6409 54.1053 10.7326 6.66226 0 173.4231 -122.909 -100.466 -69.8239 0 -0 0 0 0 -0 0 0 28.2714 75.4251 1043.52 3315.93 
0.0011626200013784096 0.451597 0 13642 55.6771 11.1705 7.08695 0 128.1071 -108.307 -46.62 -50.074 0 0 -0 0 0 0 -0 0 33.1204 75.6772 344.785 2116.62 
0.0011626200013784096 0.712905 0 277897 54.1417 10.7516 6.67922 0 166.6231 43.7032 139.857 -79.3308 0 0 0 -0 0 0 0 -0 27.4614 80.8899 694.468 1168.28 
0.0011626200013784096 0.77838 0 52253 57.7001 11.1988 7.11672 0 65.80551 -65.2582 -8.36182 1.3472 0 0 -0 0 0 0 -0 0 20.8889 67.9707 1.6724 1032.85 
0.0011626200013784096 0.812297 0 265002 55.269 11.0623 6.97564 0 50.56821 -36.0722 -26.6187 -23.3962 0 0 -0 0 0 0 -0 0 20.6817 63.5516 29.1095 402.36 
0.0011626200013784096 0.846126 1 156600 59.8262 9.60847 5.88104 0 0 1 -21.6792 3.66339 12.4116 0 0 0 0 0 0 0 0 21.3246 58.7296 1.5811 1008.35 
0.0011626200013784096 0.903228 0 291197 57.4143 11.12 7.03446 0 114.1451 47.7158 102.293 16.9827 0 0 0 0 0 0 0 0 28.0589 59.7035 101.88 677.878 
0.0011626200013784096 0.953758 0 327684 58.6096 11.4416 7.38389 0 115.8761 -109.141 -28.8331 -26.157 0 0 -0 0 0 0 -0 0 27.9596 77.2822 5.56472 288.807 
0.0011626200013784096 0.998598 0 235966 55.6077 11.1504 7.0659 0 114.7331 85.9592 47.7418 59.1219 0 0 0 0 0 0 0 0 16.8851 47.8333 0 1263.66 
0.0011626200013784096 1.01063 1 289012 57.5222 9.39743 8.18021 0 0 1 -0.384052 1.53272 0.895805 0 -0 0 0 0 -0 0 0 16.8851 47.8333 0 1263.66 
0.0011626200013784096 1.11877 1 0 0 10.9022 6.81867 0 0 1 -84.3401 -31.67 27.9304 1 -84.0743 -30.3765 30.1939 0 0 0 0 21.5234 58.8501 0 52.3738 
0.0011626200013784096 1.1622 0 147276 58.7407 11.4967 7.44738 0 97.08061 93.7753 18.0746 17.4397 0 0 0 0 0 0 0 0 24.5785 63.2194 117.476 647.293 
0.0011626200013784096 1.20809 0 317685 56.9542 11.0402 6.9534 0 181.1391 -180.425 13.2909 9.02252 0 0 0 0 0 0 0 0 21.7292 64.0559 1.1524 119.549 
0.0011626200013784096 1.24203 0 383467 56.599 10.9132 6.82914 0 163.881 93.093 112.119 -74.965 0 0 0 0 0 0 0 0 13.7324 51.2688 364.639 682.148 
0.0011626200013784096 1.27841 0 379809 53.2254 10.6055 6.55183 0 124.5371 110.452 13.1574 -56.0059 0 0 0 0 0 0 0 0 23.2782 68.4659 71.9072 93.7601 
0.0011626200013784096 1.45097 0 179664 56.8427 10.9782 6.89209 0 166.2441 75.0599 -142.632 -40.7313 0 0 -0 0 0 0 -0 0 24.4723 53.2689 101.049 133.333 
0.0011626200013784096 1.46248 0 317807 57.5989 11.1647 7.08079 0 180.4251 -13.6848 155.92 -89.748 0 0 0 -0 0 0 0 -0 24.4723 53.2689 101.049 133.333 
0.0011626200013784096 1.70772 0 243358 57.0413 11.0488 6.96207 0 147.2381 133.308 -59.1592 -20.2004 0 0 0 0 0 0 0 0 23.4677 60.571 145.657 800.257 
0.0011626200013784096 2.06601 0 324126 54.2403 10.7947 6.71834 0 135.2651 135.258 -1.20423 -0.660794 0 0 0 0 0 0 0 0 8.14464 26.6485 0 0 
0.0011626200013784096 2.75677 0 58352 55.3119 11.074 6.98755 0 146.0811 -96.0521 102.2 40.8504 0 0 0 0 0 0 0 0 5.84991 22.8208 0 138.843 
0.0011626200013784096 2.92806 0 381642 54.1803 10.7852 6.70968 0 57.01761 51.7843 -23.832 1.19698 0 0 0 0 0 0 0 0 5.84991 22.8208 0 138.843 
0.0011626200013784096 3.04646 0 396909 58.0621 11.2961 7.22126 0 170.1461 -143.323 -86.3611 -30.8247 0 -0 0 0 0 -0 0 0 6.15857 12.417 0 52.8994 
0.0011626200013784096 3.43322 0 398758 57.0943 11.0593 6.97268 0 98.74521 98.5924 -5.16672 1.85698 0 0 0 0 0 0 0 0 6.15857 12.417 0 52.8994 
0.00117638754770301628 0.223577 0 27716 51.6437 10.6041 6.55059 0 193.9641 21.8265 -17.3709 191.948 0 0 0 0 0 0 0 0 12.1441 25.5601 541.154 1244 
0.00117638754770301628 0.270013 0 75494 52.6861 10.6368 6.57836 0 50.35531 31.1503 -9.65579 -38.3677 0 0 -0 0 0 0 -0 0 11.2785 26.5027 573.094 732.417 
0.00117638754770301628 0.341887 0 37483 52.7163 10.6348 6.57665 0 229.3421 213.173 64.854 54.302 0 0 0 0 0 0 0 0 10.4718 31.4675 318.56 588.057 
0.00117638754770301628 0.386528 1 28748 54.3326 9.12635 7.94356 0 0 1 2.18631 -1.25578 0.166075 0 0 0 0 0 0 0 0 10.9307 33.1356 522.421 925.183 
0.00117638754770301628 0.492384 0 111644 52.5187 10.7828 6.70745 0 158.7481 127.927 49.0614 -80.1772 0 0 0 0 0 0 0 0 11.8762 34.7392 56.214 246.869 
0.00117638754770301628 0.565053 0 154047 51.7776 10.5847 6.53439 0 247.8931 204.09 36.4883 135.893 0 0 0 0 0 0 0 0 9.06002 34.0179 13.0979 614.997 
0.00117638754770301628 0.632749 0 77606 52.4339 10.7596 6.68642 0 102.6781 69.4164 31.5721 -68.7562 0 0 0 0 0 0 0 0 9.52313 28.5704 4.80607 48.0763 
0.00117638754770301628 0.766375 0 194166 51.865 10.591 6.53965 0 86.81621 -26.3878 78.1477 27.0865 0 0 0 0 0 0 0 0 6.99898 23.3149 29.4943 36.4372 
0.00117638754770301628 0.822706 0 165646 52.3922 10.7469 6.67505 0 62.06211 48.4145 -34.0309 18.6986 0 0 0 0 0 0 0 0 6.63741 22.4056 79.8697 79.8697 
0.00117638754770301628 0.978029 0 235149 52.2635 10.7042 6.637 0 69.90011 27.9431 -27.5357 -57.8532 0 0 0 0 0 0 0 0 6.78538 20.3432 0 179.847 
0.00117638754770301628 1.19055 0 306489 52.3269 10.7344 6.66379 0 82.62541 -22.6187 72.4391 -32.6791 0 0 0 -0 0 0 0 -0 4.7546 27.1828 60.5256 77.7093 
0.00125260574355742457 0.109688 1 0 0 10.6132 6.55823 0 0 1 -12.3325 -93.6 20.3333 1 -22.4844 -89.8999 30.9114 0 -0 0 0 21.3081 48.5918 1492.88 2267.41 
0.00125260574355742457 0.2239 0 55710 46.9203 10.6291 6.57171 0 143.2921 51.88 -124.529 48.3079 0 0 0 0 0 0 0 0 33.0765 76.4056 1734.3 3302.54 
0.00125260574355742457 0.252164 0 57888 45.7057 10.4772 6.44693 0 187.5951 -1.6897 -163.231 -92.4376 0 0 -0 0 0 0 -0 0 35.2543 80.2621 1090.96 3078.2 
0.00125260574355742457 0.291117 0 43106 50.8741 10.6409 6.58185 0 134.2771 -129.286 3.81762 36.0664 0 -0 0 0 0 -0 0 0 41.0621 91.1722 1244.1 2833.62 
0.00125260574355742457 0.345755 0 37829 45.571 10.6504 6.59007 0 153.2121 -98.0752 -57.0995 102.931 0 0 -0 0 0 0 -0 0 37.4344 94.7876 1021.82 2034.6 
0.00125260574355742457 0.363188 0 334216 46.162 10.538 6.49593 0 121.1571 89.8671 59.565 -55.2716 0 0 0 0 0 0 0 0 37.4344 94.7876 1021.82 2034.6 
0.00125260574355742457 0.379427 0 65477 45.4948 10.6442 6.58471 0 129.8021 113.305 -24.3163 -58.4737 0 0 0 0 0 0 0 0 40.5901 102.15 777.026 1896.37 
0.00125260574355742457 0.424127 0 45741 47.4805 10.7072 6.63964 0 82.63271 63.6925 47.7483 -22.1705 0 0 0 0 0 0 0 0 44.9801 102.03 1486.62 2252.23 
0.00125260574355742457 0.428282 0 27316 48.1001 10.6892 6.62382 0 92.53371 -49.3059 33.0963 70.9651 0 -0 0 0 0 -0 0 0 44.9801 102.03 1486.62 2252.23 
0.00125260574355742457 0.449041 0 177060 46.786 10.6142 6.55908 0 54.41131 -42.924 -14.2974 30.2276 0 0 -0 0 0 0 -0 0 40.9658 95.2146 1027.75 2627.45 
0.00125260574355742457 0.453164 0 139943 46.444 10.571 6.52309 0 130.9731 -101.35 -66.807 -49.1832 0 0 0 0 0 0 0 0 40.9658 95.2146 1027.75 2627.45 
0.00125260574355742457 0.483859 0 58596 45.3218 10.6311 6.57343 0 249.5841 239.484 70.1357 -4.53965 0 0 0 0 0 0 0 0 42.2099 107.368 1604.74 2350.56 
0.00125260574355742457 0.496627 0 162029 49.042 10.6415 6.5824 0 192.5251 -165.07 -5.82613 98.9134 0 0 -0 0 0 0 -0 0 37.6076 94.9495 1011.44 1396.94 
0.00125260574355742457 0.496771 0 85683 44.9658 10.6052 6.55156 0 151.6611 35.0358 -143.241 -35.4325 0 0 0 0 0 0 0 0 37.6076 94.9495 1011.44 1396.94 
0.00125260574355742457 0.517755 0 157557 48.6908 10.6431 6.58374 0 125.8071 111.239 16.8068 56.3102 0 0 0 0 0 0 0 0 45.7883 101.963 669.204 2395.33 
0.00125260574355742457 0.523271 0 116262 49.0266 10.6329 6.57496 0 97.6411 -97.4898 2.80464 -4.65143 0 0 0 -0 0 0 0 -0 45.7883 101.963 669.204 2395.33 
0.00125260574355742457 0.525157 0 89578 49.7995 10.7093 6.64149 0 88.8041 53.0371 -57.696 -41.7659 0 0 0 0 0 0 0 0 45.7883 101.963 669.204 2395.33 
0.00125260574355742457 0.540012 1 270680 52.7097 8.92263 7.76668 0 0 1 0.0546581 0.855353 1.58733 0 0 0 0 0 0 0 0 35.0648 109.524 280.657 1699.15 
0.00125260574355742457 0.56119 0 54190 49.2892 10.632 6.57419 0 139.1141 8.22361 -124.354 -61.8155 0 0 0 0 0 0 0 0 42.2491 95.3569 385.226 589.993 
0.00125260574355742457 0.627479 0 164882 47.7203 10.7308 6.66058 0 208.8981 173.256 72.853 -91.1757 0 0 0 0 0 0 0 0 44.3848 103.517 511.571 1584.61 
0.00125260574355742457 0.629819 0 161343 49.6198 10.7333 6.66282 0 146.8751 30.4749 118.14 81.7713 0 0 0 0 0 0 0 0 30.6279 97.8032 310.369 1183.2 
0.00125260574355742457 0.658159 0 144755 46.2284 10.5463 6.50268 0 78.3681 -67.4199 7.97435 39.1474 0 -0 0 0 0 -0 0 0 31.8027 78.7847 856.733 1461.43 
0.00125260574355742457 0.725093 0 256067 48.9333 10.6363 6.57788 0 145.9241 -94.9055 -80.0644 -76.6575 0 0 0 -0 0 0 0 -0 27.919 82.1391 430.418 1111.13 
0.00125260574355742457 0.747378 0 290261 46.1784 10.5372 6.49526 0 222.5521 151.293 153.403 55.7445 0 0 0 0 0 0 0 0 38.6812 97.0743 132.404 720.901 
0.00125260574355742457 0.761287 0 185627 50.0487 10.6735 6.61008 0 64.68091 -43.8373 0.052027 47.5595 0 0 0 0 0 0 0 0 38.6812 97.0743 132.404 720.901 
0.00125260574355742457 0.798813 0 335674 47.1338 10.6525 6.59184 0 167.1441 166.64 -3.14251 12.5902 0 0 0 0 0 0 0 0 39.7074 89.1506 386.222 804.969 
0.00125260574355742457 0.80992 0 246886 46.5453 10.5804 6.53088 0 88.65681 3.92853 53.0488 70.9255 0 0 0 0 0 0 0 0 39.7074 89.1506 386.222 804.969 
0.00125260574355742457 0.904521 0 62226 48.302 10.6669 6.60432 0 50.82781 18.9111 -44.4868 15.7085 0 0 0 0 0 0 0 0 25.9014 81.186 1.40974 969.317 
0.00125260574355742457 0.912399 0 183290 48.3797 10.6636 6.60152 0 176.2881 -121.781 74.7291 -103.259 0 -0 0 0 0 -0 0 0 23.8882 72.5873 155.099 339.78 
0.00125260574355742457 0.928849 0 194155 45.6927 10.6596 6.59797 0 103.0161 84.6549 49.094 32.1805 0 0 0 0 0 0 0 0 23.8882 72.5873 155.099 339.78 
0.00125260574355742457 0.94035 0 344190 46.6096 10.6036 6.55025 0 120.4691 109.917 9.90405 48.2996 0 0 0 0 0 0 0 0 24.6502 75.8555 148.778 570.862 
0.00125260574355742457 0.946628 0 60170 45.2368 10.628 6.57076 0 98.98291 -51.4894 12.2791 -83.6402 0 0 0 0 0 0 0 0 24.6502 75.8555 148.778 570.862 
0.00125260574355742457 0.948872 0 282000 46.7004 10.6108 6.55624 0 50.84321 -3.57442 47.7222 17.171 0 0 0 0 0 0 0 0 24.6502 75.8555 148.778 570.862 
0.00125260574355742457 0.969737 0 205268 0.313537 11.6979 7.68872 0 157.5881 54.6846 -31.2536 -144.453 0 0 0 -0 0 0 0 -0 38.0781 85.0673 98.001 205.089 
0.00125260574355742457 0.980715 0 99846 48.7235 10.6543 6.59342 0 199.5771 44.7081 173.385 88.1476 0 0 0 0 0 0 0 0 38.0781 85.0673 98.001 205.089 
0.00125260574355742457 0.988674 0 285251 47.225 10.6685 6.60576 0 229.8951 -223.179 -22.5908 50.3212 0 0 0 0 0 0 0 0 38.0781 85.0673 98.001 205.089 
0.00125260574355742457 0.999034 0 328792 48.8904 10.6429 6.58359 0 108.8411 23.7688 -94.2716 48.9315 0 0 0 0 0 0 0 0 27.2703 87.9246 361.731 1224.11 
0.00125260574355742457 1.03127 0 244454 47.648 10.7188 6.64996 0 236.6031 75.6644 159.665 157.363 0 0 0 0 0 0 0 0 24.0444 59.4684 152.24 539.538 
0.00125260574355742457 1.12488 0 74245 51.1709 10.6265 6.56954 0 141.1331 -57.9392 116.735 -54.1721 0 0 0 0 0 0 0 0 28.7945 87.8359 257.023 1120.03 
0.00125260574355742457 1.1267 0 183715 49.3078 10.626 6.56906 0 141.0451 -19.8678 134.576 37.26 0 0 0 0 0 0 0 0 28.7945 87.8359 257.023 1120.03 
0.00125260574355742457 1.16884 0 63181 45.5723 10.6504 6.59001 0 164.8891 155.24 31.8206 45.5699 0 0 0 0 0 0 0 0 39.0599 91.2477 168.964 704.854 
0.00125260574355742457 1.19178 0 146828 45.4911 10.6462 6.58642 0 114.6961 -40.4308 90.8643 -57.1332 0 -0 0 0 0 -0 0 0 39.0599 91.2477 168.964 704.854 
0.00125260574355742457 1.21265 0 351864 45.7105 10.4766 6.44644 0 107.1251 -106.879 6.08095 3.97079 0 0 0 0 0 0 0 0 34.3417 77.319 12.1135 395.322 
0.00125260574355742457 1.22324 0 392042 47.1703 10.6621 6.60013 0 122.3631 77.7026 74.0327 -58.7725 0 0 0 0 0 0 0 0 34.3417 77.319 12.1135 395.322 
0.00125260574355742457 1.24397 0 245146 44.8596 10.5803 6.53076 0 64.69421 -10.7629 -25.0085 -58.6862 0 -0 0 0 0 -0 0 0 34.3417 77.319 12.1135 395.322 
0.00125260574355742457 1.25705 1 335084 46.4154 8.34305 7.25943 0 0 1 0.138494 -0.357499 2.28855 0 0 -0 0 0 0 -0 0 30.378 82.4575 577.465 1001.01 
0.00125260574355742457 1.28873 0 359834 50.5153 10.6547 6.59372 0 51.85141 32.3377 -38.0732 -13.9023 0 0 -0 0 0 0 -0 0 30.378 82.4575 577.465 1001.01 
0.00125260574355742457 1.2978 0 56191 51.4257 10.6182 6.56251 0 196.5531 -196.552 -0.810486 -0.31544 0 0 -0 0 0 0 -0 0 19.6114 70.7903 25.5742 75.537 
0.00125260574355742457 1.32566 0 271044 49.4119 10.6156 6.56027 0 128.0211 123.281 -25.5487 23.2021 0 0 0 0 0 0 0 0 19.6114 70.7903 25.5742 75.537 
0.00125260574355742457 1.62708 0 384887 47.1598 10.6581 6.59667 0 60.56741 -40.6616 -11.6114 -43.3616 0 0 0 0 0 0 0 0 18.0506 64.0183 132.679 359.94 
0.00125260574355742457 1.68848 0 314533 49.0375 10.6281 6.57088 0 194.1881 -83.816 -175.16 -1.66109 0 0 -0 0 0 0 -0 0 17.1836 59.8124 0 100.061 
0.00125260574355742457 1.70714 0 361840 51.3662 10.6151 6.55991 0 89.17031 -88.1892 -11.8481 -5.79958 0 -0 0 0 0 -0 0 0 17.1836 59.8124 0 100.061 
0.00125260574355742457 1.73969 0 361078 49.0859 10.6373 6.57873 0 200.5351 185.069 -5.71769 -77.0127 0 0 -0 0 0 0 -0 0 17.1836 59.8124 0 100.061 
0.00125260574355742457 2.0155 0 239587 46.862 10.6228 6.56638 0 150.2551 -58.8076 -132.602 -39.1797 0 0 0 0 0 0 0 0 21.6814 60.8641 15.7361 183.899 
0.00125260574355742457 2.21226 0 344057 50.9575 10.6386 6.57992 0 85.74011 -68.3766 7.30923 51.2112 0 0 0 0 0 0 0 0 10.9387 28.7489 0 0 
0.0013267288212048358 0.0506988 0 82477 40.9632 10.2617 6.28297 0 33.68671 20.7521 -3.12486 -26.3511 0 0 0 -0 0 0 0 -0 24.648 53.2456 1505.62 3389.55 
0.0013267288212048358 0.238307 0 120626 44.1948 10.5071 6.47084 0 178.7971 61.5205 -161.002 47.5573 0 0 0 0 0 0 0 0 29.2747 69.0614 1608.93 3542.33 
0.0013267288212048358 0.248278 0 68259 42.4999 10.2639 6.28461 0 105.7811 -101.823 28.2857 -4.65857 0 0 0 0 0 0 0 0 33.7383 86.538 1519.38 2256.09 
0.0013267288212048358 0.246888 1 0 0 10.4551 6.42942 0 0 1 192.907 -12.4979 9.24594 1 193.284 -9.75163 5.03018 0 0 0 0 33.7383 86.538 1519.38 2256.09 
0.0013267288212048358 0.323647 0 78974 41.3222 10.3165 6.32319 0 42.11541 29.3341 27.6006 -12.3056 0 0 0 0 0 0 0 0 44.1704 98.5375 1059.59 2870.67 
0.0013267288212048358 0.362704 1 0 0 10.2122 6.24754 0 0 1 42.1287 17.3206 10.0965 1 41.6779 19.0868 8.92449 0 0 0 0 41.0212 101.017 1114.54 2953.46 
0.0013267288212048358 0.405324 0 51605 40.827 10.2419 6.2687 0 292.5091 -182.761 18.8037 227.61 0 -0 0 0 0 -0 0 0 39.5549 105.651 1406.71 2889.93 
0.0013267288212048358 0.438456 0 22499 40.4457 10.1873 6.22998 0 170.431 162.837 49.4274 9.33952 0 0 0 0 0 0 0 0 45.7998 105.605 922.675 2162.37 
0.0013267288212048358 0.489417 0 94719 43.369 10.3769 6.36871 0 146.7491 -3.51107 139.786 44.5283 0 0 0 0 0 0 0 0 30.964 91.0992 680.395 2126.04 
0.0013267288212048358 0.493581 0 6025 40.7768 10.2338 6.26289 0 184.3971 178.208 46.4018 9.54494 0 0 0 0 0 0 0 0 30.964 91.0992 680.395 2126.04 
0.0013267288212048358 0.499973 0 83883 43.4998 10.4124 6.396 0 88.54911 62.4501 -55.1204 30.0444 0 0 0 0 0 0 0 0 41.6356 102.071 467.23 1354.44 
0.0013267288212048358 0.514156 0 512467 0 10.3097 6.31819 0 115.21 79.7847 -45.6986 -69.4058 0 0 0 0 0 0 0 0 41.6356 102.071 467.23 1354.44 
0.0013267288212048358 0.595364 0 121054 41.5427 10.337 6.33849 0 96.26851 -93.4043 23.247 -1.68329 0 0 0 0 0 0 0 0 34.0952 93.393 512.241 1119.38 
0.0013267288212048358 0.625646 0 150523 43.4831 10.3941 6.38184 0 134.981 -114.919 38.33 59.5334 0 0 0 0 0 0 0 0 47.8699 103.643 18.2571 2141.49 
0.0013267288212048358 0.645838 0 170070 42.6563 10.2846 6.29971 0 206.321 -183.399 -94.4744 2.73317 0 0 0 0 0 0 0 0 36.1401 89.6064 337.748 898.235 
0.0013267288212048358 0.655493 0 4347 41.5373 10.3377 6.33902 0 127.0321 82.5877 -1.78832 -96.5047 0 0 -0 0 0 0 -0 0 36.1401 89.6064 337.748 898.235 
0.0013267288212048358 0.669848 0 131772 42.8596 10.3216 6.327 0 237.7391 23.0447 -59.3052 229.067 0 0 0 0 0 0 0 0 41.9972 102.651 295.747 903.367 
0.0013267288212048358 0.672433 0 68583 43.541 10.4144 6.39758 0 158.4661 -146.97 59.2216 -2.0078 0 0 0 -0 0 0 0 -0 41.9972 102.651 295.747 903.367 
0.0013267288212048358 0.687112 0 244533 41.1435 10.3036 6.31369 0 163.1421 -163.132 0.187743 1.80784 0 0 0 0 0 0 0 0 34.5012 85.6684 239.719 650.307 
0.0013267288212048358 0.723453 0 252721 40.7212 10.2275 6.25839 0 118.9941 -39.8772 -17.3588 -110.762 0 0 0 -0 0 0 0 -0 38.6811 91.5002 441.995 790.325 
0.0013267288212048358 0.757935 0 111014 41.6225 10.3408 6.34138 0 275.9291 -31.0167 242.214 -128.48 0 0 0 0 0 0 0 0 32.8626 89.349 591.511 1215.1 
0.0013267288212048358 0.794244 1 0 44.0079 8.1495 2.31082 0 0 1 111.483 90.2569 -10.8178 1 -20.2144 -14.7782 -23.3827 0 -0 0 0 31.4471 87.446 617.101 939.415 
0.0013267288212048358 0.804823 0 189256 40.4504 10.1876 6.23023 0 115.3271 -80.5501 24.1822 -78.9121 0 0 0 0 0 0 0 0 31.6354 89.4447 72.8262 365.9 
0.0013267288212048358 0.970502 0 303887 44.4687 10.5295 6.48902 0 135.7471 -59.5793 22.6157 119.858 0 0 0 0 0 0 0 0 25.6139 75.8479 72.5433 491.436 
0.0013267288212048358 0.971147 0 85753 43.43 10.3892 6.37809 0 169.721 -2.79346 159.274 -58.5588 0 0 0 0 0 0 0 0 25.6139 75.8479 72.5433 491.436 
0.0013267288212048358 0.982756 0 20900 43.6574 10.4244 6.40535 0 96.4971 21.5149 93.6462 -8.89739 0 0 0 0 0 0 0 0 25.6139 75.8479 72.5433 491.436 
0.0013267288212048358 0.984815 0 35366 65.7464 10.6343 6.57621 0 183.1581 175.269 53.1614 -1.14964 0 0 0 0 0 0 0 0 25.6139 75.8479 72.5433 491.436 
0.0013267288212048358 1.00285 0 122995 40.6661 10.2227 6.25502 0 132.9141 -103.435 -59.5097 -58.5302 0 0 0 0 0 0 0 0 35.4294 74.1528 99.4815 780.961 
0.0013267288212048358 1.02698 0 284845 43.5769 10.4171 6.39964 0 93.53271 90.642 -7.15255 21.9374 0 0 -0 0 0 0 -0 0 35.4294 74.1528 99.4815 780.961 
0.0013267288212048358 1.11075 0 344240 41.4003 10.3238 6.32863 0 108.7441 -98.05 46.749 5.09712 0 0 0 0 0 0 0 0 31.3105 70.5151 0 185.348 
0.0013267288212048358 1.16868 0 267239 42.8741 10.3238 6.32865 0 116.4421 99.143 -26.4957 55.0219 0 0 -0 0 0 0 -0 0 31.2129 68.0351 108.234 1168.64 
0.0013267288212048358 1.19967 0 284405 0.805691 10.536 6.49429 0 221.1721 199.063 -96.0278 8.3592 0 0 -0 0 0 0 -0 0 28.6212 78.4663 63.0615 324.992 
0.0013267288212048358 1.33078 0 373672 41.3139 10.3147 6.32191 0 42.76721 8.20809 -24.3372 -34.196 0 0 0 -0 0 0 0 -0 23.6258 64.4491 205.52 418.056 
0.0013267288212048358 1.5445 0 330060 41.0883 10.2822 6.29793 0 163.5241 -90.5631 -134.941 18.1403 0 0 0 0 0 0 0 0 22.8807 59.5806 7.32483 436.045 
0.0013267288212048358 1.57909 0 399060 41.5475 10.3365 6.33813 0 107.0011 -65.9378 62.1632 -56.8959 0 -0 0 0 0 -0 0 0 15.704 66.3429 0 80.4701 
0.0013267288212048358 1.63532 0 334260 41.0287 10.2721 6.29059 0 103.7471 -61.8967 -82.3213 -12.4702 0 0 0 -0 0 0 0 -0 14.8423 47.719 0 0 
0.0013267288212048358 1.78629 0 205163 40.3764 10.1821 6.22639 0 131.1041 -51.6825 -107.201 55.0012 0 0 0 0 0 0 0 0 16.1876 50.2784 150.671 301.597 
0.0013267288212048358 1.96638 0 364519 41.8438 10.3613 6.35681 0 107.871 99.1508 38.7637 17.3888 0 0 0 0 0 0 0 0 19.7639 43.3083 0 423.326 
0.0013267288212048358 2.00005 0 386480 42.959 10.3283 6.33203 0 44.45961 42.3898 -12.4172 -5.05748 0 0 0 0 0 0 0 0 19.7639 43.3083 0 423.326 
0.0013267288212048358 2.62256 0 295464 40.7464 10.2313 6.26112 0 53.19391 -45.609 17.4913 -21.0585 0 0 0 -0 0 0 0 -0 10.5208 47.129 0 134.877 
0.0013267288212048358 2.67852 0 361508 44.148 10.4843 6.45258 0 78.75721 -70.9914 28.0377 -19.4116 0 0 0 -0 0 0 0 -0 10.5208 47.129 0 134.877 
0.0013267288212048358 2.69662 0 393629 43.1693 10.356 6.35285 0 124.0431 -85.6444 71.6159 -54.0633 0 0 0 0 0 0 0 0 10.5208 47.129 0 134.877 
0.0013267288212048358 3.48498 1 0 43.7001 8.09911 2.30079 0 0 1 -2.08011 90.5441 -103.197 1 18.7427 -5.35893 22.2542 0 0 -0 0 0 13.8369 0 0 
0.0013267288212048358 3.66473 0 197910 42.2259 10.3922 6.38038 0 109.7711 27.7794 -91.4891 -53.9233 0 0 0 0 0 0 0 0 0 13.8369 0 0 
0.00142566613260383538 0.144355 0 7823 39.3151 10.0188 6.11681 0 221.2741 -52.4292 -146.801 157.044 0 0 0 0 0 0 0 0 26.1175 60.8718 997.931 3194.07 
0.00142566613260383538 0.189595 0 62469 36.8054 9.89353 6.03883 0 139.0871 124.614 -56.5268 24.9259 0 0 0 0 0 0 0 0 26.1175 60.8718 997.931 3194.07 
0.00142566613260383538 0.204777 0 36799 0.392507 10.5828 6.53287 0 158.9931 13.5737 -143.69 66.6921 0 0 0 0 0 0 0 0 39.9688 85.2499 2363.81 4318.81 
0.00142566613260383538 0.232652 0 32995 37.0429 9.93183 6.06212 0 154.8691 43.9815 -2.74655 148.467 0 0 0 0 0 0 0 0 39.9688 85.2499 2363.81 4318.81 
0.00142566613260383538 0.24363 0 24007 36.9311 9.92569 6.05835 0 52.15811 -45.6423 -14.8345 20.4252 0 0 0 0 0 0 0 0 39.9688 85.2499 2363.81 4318.81 
0.00142566613260383538 0.247971 0 264494 39.589 10.0578 6.14216 0 96.60491 -91.0395 27.0024 -17.7535 0 0 0 0 0 0 0 0 38.3097 91.7358 767.451 2533.09 
0.00142566613260383538 0.354081 0 58537 36.8577 9.90047 6.04301 0 69.37451 -5.60476 33.9326 60.2494 0 -0 0 0 0 -0 0 0 46.292 115.28 2513.75 4682.9 
0.00142566613260383538 0.38843 0 484657 0.151197 10.0263 6.12168 0 113.2831 49.963 -91.2727 -44.7895 0 0 -0 0 0 0 -0 0 42.7994 100.521 655.746 1610.52 
0.00142566613260383538 0.468567 0 79197 38.3837 10.0647 6.14671 0 56.29021 -39.4886 0.52283 40.1118 0 0 0 0 0 0 0 0 45.368 118.58 436.4 1821.76 
0.00142566613260383538 0.478718 0 169315 36.9321 9.92653 6.05886 0 186.1351 58.2335 -47.0151 170.425 0 0 0 0 0 0 0 0 51.0611 120.135 982.608 2748.03 
0.00142566613260383538 0.500533 0 52396 35.881 9.75085 5.9564 0 120.7131 -120.152 3.96918 -10.932 0 -0 0 0 0 -0 0 0 48.9999 125.928 688.976 1817.97 
0.00142566613260383538 0.531719 0 220037 37.2213 9.9536 6.07557 0 117.4291 114.988 -16.7649 16.917 0 0 0 0 0 0 0 0 49.5375 116.549 663.33 1929.79 
0.00142566613260383538 0.549106 0 170525 38.7956 9.98772 6.09698 0 126.6111 -42.2807 109.421 -47.6411 0 -0 0 0 0 -0 0 0 41.6138 107.779 697.971 1443.42 
0.00142566613260383538 0.56276 0 185827 39.6373 10.064 6.14622 0 261.1151 -260.999 4.60077 6.30111 0 0 0 0 0 0 0 0 41.6138 107.779 697.971 1443.42 
0.00142566613260383538 0.57393 0 70798 38.6921 9.97498 6.08895 0 242.0931 -198.241 33.198 134.936 0 -0 0 0 0 -0 0 0 42.2424 116.155 443.879 1242.54 
0.00142566613260383538 0.588299 0 211996 35.9461 9.75701 5.95982 0 166.3851 88.4957 101.125 -98.1135 0 0 0 -0 0 0 0 -0 42.2424 116.155 443.879 1242.54 
0.00142566613260383538 0.595854 0 209143 39.2928 10.0175 6.11597 0 147.4781 85.9728 69.2668 97.7776 0 0 0 0 0 0 0 0 51.1166 132.938 237.694 1272.66 
0.00142566613260383538 0.611357 0 8274 35.9089 9.75485 5.95862 0 169.5191 36.0516 -3.81416 165.597 0 0 0 0 0 0 0 0 51.1166 132.938 237.694 1272.66 
0.00142566613260383538 0.624742 0 244983 36.3481 9.81869 5.99474 0 229.941 -173.979 53.9566 140.33 0 0 0 0 0 0 0 0 49.9139 136.055 1080.71 1727.05 
0.00142566613260383538 0.640638 0 143944 36.4785 9.84223 6.00841 0 159.0681 -148.445 23.904 51.9177 0 0 0 0 0 0 0 0 46.0183 106.843 534.592 1520.81 
0.00142566613260383538 0.644908 0 409609 0.576928 16.2619 14.4848 0 01 0 0 0 0 0 0 0 0 0 0 0 46.0183 106.843 534.592 1520.81 
0.00142566613260383538 0.656084 0 87721 37.6852 9.99153 6.0994 0 198.7741 -118.41 -101.182 -123.501 0 0 0 -0 0 0 0 -0 46.0183 106.843 534.592 1520.81 
0.00142566613260383538 0.693141 0 207965 40.0184 10.1245 6.18674 0 173.451 -163.189 -54.4179 22.2005 0 -0 0 0 0 -0 0 0 38.2175 97.3718 474.747 1902.97 
0.00142566613260383538 0.701436 0 23355 38.7463 9.98187 6.09328 0 254.2511 252.288 29.4181 -11.3458 0 0 0 0 0 0 0 0 38.2175 97.3718 474.747 1902.97 
0.00142566613260383538 0.731822 0 144496 36.8656 9.90601 6.04636 0 191.3861 -54.7263 -121.554 137.326 0 0 0 0 0 0 0 0 43.1453 115.261 761.91 1555.08 
0.00142566613260383538 0.732045 0 186579 35.8192 9.74702 5.95428 0 120.0341 21.1896 -36.1342 -112.488 0 0 0 -0 0 0 0 -0 43.1453 115.261 761.91 1555.08 
0.00142566613260383538 0.770586 0 389515 37.471 9.97647 6.08988 0 215.631 197.171 -43.7361 75.5463 0 0 0 0 0 0 0 0 43.0164 105.83 473.902 1650.99 
0.00142566613260383538 0.771866 0 162583 37.01 9.93437 6.06368 0 47.76621 37.7381 -12.6149 -26.4254 0 0 0 -0 0 0 0 -0 43.0164 105.83 473.902 1650.99 
0.00142566613260383538 0.82739 0 149543 36.7563 9.88864 6.03589 0 177.6191 -114.642 51.4998 125.513 0 -0 0 0 0 -0 0 0 36.8317 96.5692 213.597 433.141 
0.00142566613260383538 0.862754 0 242731 35.8408 9.74713 5.95434 0 133.7891 -115.55 -42.7488 52.1577 0 0 0 0 0 0 0 0 22.6862 95.0865 84.6755 91.687 
0.00142566613260383538 0.889392 0 234722 39.7889 10.0924 6.16506 0 204.2481 189.94 55.4187 -50.6819 0 0 0 0 0 0 0 0 42.3883 104.407 697.467 1145.62 
0.00142566613260383538 0.909324 0 393168 35.7896 9.72681 5.94318 0 150.9771 71.2986 38.238 -127.47 0 0 0 0 0 0 0 0 42.3883 104.407 697.467 1145.62 
0.00142566613260383538 0.920206 0 198841 35.9894 9.75895 5.9609 0 219.0821 181.806 84.9124 -87.9402 0 0 0 0 0 0 0 0 31.6186 86.4332 356.58 637.135 
0.00142566613260383538 0.92586 0 219847 39.7453 10.0908 6.16402 0 90.82521 -78.2799 13.1138 -44.1531 0 0 0 0 0 0 0 0 31.6186 86.4332 356.58 637.135 
0.00142566613260383538 0.96907 0 36465 39.0862 10.0436 6.13286 0 140.1661 87.8096 -76.8642 77.6392 0 0 0 0 0 0 0 0 38.4345 95.0658 501.246 929.405 
0.00142566613260383538 0.986042 0 222067 38.9746 10.0137 6.11354 0 169.821 139.973 6.97383 95.9042 0 0 0 0 0 0 0 0 41.5476 91.1794 142.311 836.804 
0.00142566613260383538 0.986455 0 299694 38.0255 10.0309 6.12462 0 97.17871 -95.7286 9.5951 -13.6991 0 -0 0 0 0 -0 0 0 41.5476 91.1794 142.311 836.804 
0.00142566613260383538 1.00677 0 159247 38.304 10.0559 6.14092 0 157.1461 -10.2888 -38.6818 -151.963 0 -0 0 0 0 -0 0 0 30.6565 101.305 247.018 300.162 
0.00142566613260383538 1.0155 0 195207 39.8973 10.1038 6.17271 0 229.7331 169.825 -151.864 -29.5614 0 0 0 0 0 0 0 0 30.6565 101.305 247.018 300.162 
0.00142566613260383538 1.08495 0 167586 38.5806 9.96061 6.07994 0 115.7661 32.7155 -14.1537 110.141 0 0 0 0 0 0 0 0 26.0576 81.6357 272.719 358.859 
0.00142566613260383538 1.10017 0 261297 38.2168 10.0474 6.13539 0 101.2961 -17.2932 -67.3146 73.6927 0 0 0 0 0 0 0 0 26.0576 81.6357 272.719 358.859 
0.00142566613260383538 1.15528 0 270802 37.0947 9.94228 6.06856 0 149.4291 -141.057 49.2068 -3.24311 0 0 0 0 0 0 0 0 40.5605 96.2277 42.3943 534.13 
0.00142566613260383538 1.21694 0 303045 38.5069 9.94793 6.07206 0 262.531 -240.04 -87.5602 -60.2969 0 0 0 0 0 0 0 0 21.6238 71.9537 7.96936 237.794 
0.00142566613260383538 1.25485 0 246660 35.8723 9.74903 5.95539 0 227.2231 -222.657 45.2371 -2.73023 0 0 0 0 0 0 0 0 45.8326 111.511 216.217 460.994 
0.00142566613260383538 1.3588 0 50618 39.3718 10.0246 6.12058 0 307.5791 -296.354 75.5163 -32.8101 0 0 0 -0 0 0 0 -0 37.1068 102.985 164.782 490.687 
0.00142566613260383538 1.44363 0 287422 36.441 9.84352 6.00916 0 128.9851 -88.7477 -31.4935 88.1421 0 -0 0 0 0 -0 0 0 31.2295 79.354 3.08224 97.6424 
0.00142566613260383538 1.46365 0 296006 37.4654 9.97039 6.08606 0 165.4741 162.96 20.9028 -19.7166 0 0 0 -0 0 0 0 -0 20.7255 64.9659 0 261.339 
0.00142566613260383538 1.48971 0 340616 39.9961 10.1216 6.18472 0 120.2481 109.691 44.0092 22.1504 0 0 0 0 0 0 0 0 20.7255 64.9659 0 261.339 
0.00142566613260383538 1.56582 0 258580 37.0631 9.94047 6.06744 0 123.6651 29.3785 -74.5917 -94.16 0 0 0 -0 0 0 0 -0 25.502 79.7139 0 37.7604 
0.00142566613260383538 1.61509 0 191234 39.5368 10.0492 6.13652 0 92.56611 75.3153 -20.0253 49.9506 0 0 0 0 0 0 0 0 25.502 79.7139 0 37.7604 
0.00142566613260383538 1.69084 0 255934 40.1963 10.145 6.2007 0 134.2611 126.985 30.9703 30.6841 0 0 0 0 0 0 0 0 36.1602 91.5685 224.95 395.579 
0.00142566613260383538 1.74578 0 307821 38.4061 10.0645 6.14658 0 201.6691 103.018 158.414 70.4452 0 0 0 0 0 0 0 0 36.1602 91.5685 224.95 395.579 
0.00142566613260383538 1.82932 0 246436 39.3317 10.02 6.11759 0 267.9381 -149.464 173.426 139.193 0 0 0 0 0 0 0 0 26.8346 66.3597 0 416.047 
0.00142566613260383538 2.07723 0 372622 37.8862 10.0165 6.11533 0 222.4211 -203.476 -24.7505 86.3487 0 0 0 0 0 0 0 0 20.8916 62.7685 0 120.932 
0.00142566613260383538 2.18769 0 323235 37.3721 9.97007 6.08586 0 99.53881 -27.3576 -95.4623 6.81793 0 0 0 0 0 0 0 0 22.5843 51.9787 54.6369 212.836 
0.00142566613260383538 2.25071 0 383571 38.192 10.0468 6.13495 0 136.051 -127.166 5.10035 -48.0855 0 0 0 -0 0 0 0 -0 22.5843 51.9787 54.6369 212.836 
0.00142566613260383538 2.65892 0 201617 36.6365 9.869 6.02417 0 58.60491 54.1254 22.0267 4.44915 0 0 0 0 0 0 0 0 10.6124 44.0044 0 155.681 
0.00142566613260383538 2.6674 0 393305 37.8849 10.0166 6.1154 0 168.321 -106.402 61.0186 115.269 0 -0 0 0 0 -0 0 0 10.6124 44.0044 0 155.681 
0.00142566613260383538 2.76001 0 292985 38.4492 10.0686 6.14929 0 149.3621 -10.8306 71.5469 -130.662 0 0 0 -0 0 0 0 -0 14.5055 35.0408 9.69886 9.69886 
0.00142566613260383538 3.1447 0 398460 39.3299 10.0203 6.11781 0 120.8561 -49.1476 -87.4323 -67.4269 0 -0 0 0 0 -0 0 0 6.93278 23.7914 0 0 
0.00142566613260383538 6.11782 0 417192 0 15.1034 13.386 0 01 0 -0 0 0 0 -0 0 0 0 -0 0 6.93278 23.7914 0 0 
0.00152309003801506934 0.0630049 0 30052 32.4488 9.3779 8.16272 0 01 0 0 -0 0 0 0 -0 0 0 0 -0 29.0858 61.5504 1409.45 3082.92 
0.00152309003801506934 0.219789 0 17420 0 9.55807 5.85587 0 96.01081 91.8644 16.5638 22.4644 0 0 0 0 0 0 0 0 43.42 95.0026 1655.72 3416.97 
0.00152309003801506934 0.299198 0 43247 34.425 9.68034 5.91818 0 283.9061 188.073 -211.768 -19.6272 0 0 -0 0 0 0 -0 0 41.5626 104.115 650.625 2116.11 
0.00152309003801506934 0.326543 0 213632 32.4818 9.38127 8.16566 0 01 -0 0 0 0 -0 0 0 0 -0 0 0 49.4967 118.63 735.599 2388.08 
0.00152309003801506934 0.327293 0 57393 35.2741 9.68356 5.91989 0 157.7311 -157.715 -1.93698 1.09864 0 0 -0 0 0 0 -0 0 49.4967 118.63 735.599 2388.08 
0.00152309003801506934 0.334321 0 134648 34.8295 9.72271 5.94094 0 66.83871 -64.7236 14.3417 -8.51911 0 0 0 -0 0 0 0 -0 49.4967 118.63 735.599 2388.08 
0.00152309003801506934 0.355119 0 334345 33.8645 9.62111 5.88737 0 243.1241 -178.243 -165.293 -4.0705 0 0 -0 0 0 0 -0 0 41.122 108.403 1021.57 2493.75 
0.00152309003801506934 0.419978 0 71669 34.3464 9.66957 5.91249 0 63.21331 -53.9696 -22.5816 -23.9433 0 -0 0 0 0 -0 0 0 51.8334 114.138 533.021 2323.52 
0.00152309003801506934 0.497782 0 137507 34.7929 9.71635 5.93749 0 131.6531 -104.788 16.3101 78.0128 0 -0 0 0 0 -0 0 0 42.4929 109.009 414.705 1003.14 
0.00152309003801506934 0.538913 0 138555 33.057 9.48448 8.25552 0 01 0 0 0 0 0 0 0 0 0 0 0 41.515 111.352 41.1331 932.201 
0.00152309003801506934 0.544997 0 272267 33.8736 9.62033 5.88697 0 141.621 90.6721 -53.8558 94.5221 0 0 0 0 0 0 0 0 41.515 111.352 41.1331 932.201 
0.00152309003801506934 0.565558 0 202678 33.9515 9.63124 5.89256 0 148.4151 116.187 -90.0039 20.6634 0 0 0 0 0 0 0 0 48.4 123.191 643.247 1576.28 
0.00152309003801506934 0.612977 0 236025 32.6713 9.41573 8.19567 0 01 0 0 0 0 0 0 0 0 0 0 0 40.8157 117.526 586.601 1113.48 
0.00152309003801506934 0.629987 0 102873 35.6821 9.70939 5.93372 0 254.41 -252.067 2.41477 -34.2897 0 0 0 0 0 0 0 0 41.69 122.022 230.239 651.963 
0.00152309003801506934 0.684687 0 191220 35.2742 9.68355 5.91989 0 99.98691 -90.6363 -40.8646 -10.6077 0 0 0 -0 0 0 0 -0 38.0511 98.5726 298.739 1092.41 
0.00152309003801506934 0.693375 0 149405 33.1739 9.50544 8.27376 0 01 0 0 -0 0 0 0 -0 0 0 0 -0 47.1632 115.453 628.425 1856.39 
0.00152309003801506934 0.705572 0 221647 33.4925 9.56573 5.85963 0 124.7621 84.6142 91.0167 -11.0408 0 0 0 0 0 0 0 0 47.1632 115.453 628.425 1856.39 
0.00152309003801506934 0.735741 0 284133 0.409104 10.042 6.13183 0 125.041 121.921 -0.56497 27.7471 0 0 0 0 0 0 0 0 48.0301 117.936 309 757.947 
0.00152309003801506934 0.767756 0 237905 33.8209 9.61492 5.88422 0 92.28491 74.5831 -18.9138 50.9522 0 0 0 0 0 0 0 0 38.0471 107.063 327.585 935.643 
0.00152309003801506934 0.773755 0 215195 34.5123 9.68649 5.92145 0 152.6011 138.198 41.4698 49.6858 0 0 0 0 0 0 0 0 38.0471 107.063 327.585 935.643 
0.00152309003801506934 0.785871 0 90793 35.7125 9.71485 5.93668 0 89.11911 -39.0153 73.1358 -32.7286 0 0 0 0 0 0 0 0 38.0471 107.063 327.585 935.643 
0.00152309003801506934 0.789455 0 140577 33.135 9.49914 8.26827 0 01 0 -0 0 0 0 -0 0 0 0 -0 0 30.4132 103.356 45.2014 247.808 
0.00152309003801506934 0.846401 0 87366 35.2759 9.68336 5.91979 0 69.24071 61.8033 26.0929 -17.1404 0 0 0 0 0 0 0 0 25.6136 91.4792 101.508 134.839 
0.00152309003801506934 0.882128 0 195542 33.3682 9.53664 5.84547 0 96.88331 -92.5426 -10.4548 26.7009 0 0 -0 0 0 0 -0 0 43.1911 111.018 351.894 1149.74 
0.00152309003801506934 0.930998 0 330567 34.5159 9.68715 5.9218 0 67.01681 -2.10596 -46.8839 -47.8406 0 0 0 0 0 0 0 0 29.1887 70.5307 283.135 693.852 
0.00152309003801506934 0.998325 0 38744 34.4193 9.6797 5.91784 0 141.6351 61.0077 -47.4012 118.708 0 0 0 0 0 0 0 0 32.0662 88.145 44.9803 1038.61 
0.00152309003801506934 1.05623 0 196116 35.192 9.66173 5.90837 0 155.591 -52.2822 52.2335 136.918 0 0 0 0 0 0 0 0 25.5235 75.5131 107.623 385.566 
0.00152309003801506934 1.07355 0 296138 34.5542 9.69118 5.92395 0 267.9381 -35.0852 243.192 106.852 0 0 0 0 0 0 0 0 25.5235 75.5131 107.623 385.566 
0.00152309003801506934 1.11439 0 165929 34.8882 9.72554 5.94249 0 152.6381 -95.1847 51.767 107.51 0 0 0 0 0 0 0 0 35.2077 100.125 66.0505 342.849 
0.00152309003801506934 1.12092 0 218673 35.2491 9.68243 5.91929 0 78.4311 -73.1889 -23.2045 -16.011 0 -0 0 0 0 -0 0 0 37.4338 97.5095 655.71 1019.84 
0.00152309003801506934 1.21276 0 224265 32.946 9.46955 8.24253 0 01 0 0 0 0 0 0 0 0 0 0 0 37.4622 97.8567 202.244 382.963 
0.00152309003801506934 1.25406 0 41308 32.768 9.43167 8.20956 0 01 0 0 0 0 0 0 0 0 0 0 0 31.1818 93.7036 13.5059 273.346 
0.00152309003801506934 1.32275 0 302817 35.1486 9.65373 5.9042 0 165.6931 -130.952 79.6004 63.0041 0 -0 0 0 0 -0 0 0 21.3559 66.7107 0 427.277 
0.00152309003801506934 1.37965 0 306675 33.9768 9.63138 5.89263 0 137.2281 -134.25 -8.11035 27.2531 0 -0 0 0 0 -0 0 0 20.7841 94.2835 48.8145 55.3985 
0.00152309003801506934 1.39134 0 296592 32.7839 9.4313 8.20924 0 01 -0 0 0 0 -0 0 0 0 -0 0 0 20.7841 94.2835 48.8145 55.3985 
0.00152309003801506934 1.39478 0 319276 35.5055 9.68261 5.91939 0 87.2671 85.6277 -8.93318 -14.2699 0 0 -0 0 0 0 -0 0 20.7841 94.2835 48.8145 55.3985 
0.00152309003801506934 1.39706 0 380007 34.8455 9.71764 5.93819 0 185.1761 -94.01 -94.5259 128.519 0 0 0 0 0 0 0 0 20.7841 94.2835 48.8145 55.3985 
0.00152309003801506934 1.46519 0 342636 33.0787 9.48802 8.2586 0 01 -0 0 0 0 -0 0 0 0 -0 0 0 23.571 72.6254 80.6742 217.308 
0.00152309003801506934 1.5161 0 382096 35.6012 9.7001 5.92873 0 50.8151 -30.8151 8.21269 39.5619 0 0 0 0 0 0 0 0 24.6461 83.1612 307.764 348.538 
0.00152309003801506934 1.56953 0 316050 32.5693 9.39597 8.17846 0 01 0 0 -0 0 0 0 -0 0 0 0 -0 24.6461 83.1612 307.764 348.538 
0.00152309003801506934 1.7527 0 377351 34.8394 9.72134 5.9402 0 166.2471 -30.6532 -160.7 29.5652 0 0 0 0 0 0 0 0 29.414 69.399 176.743 362.055 
0.00152309003801506934 1.75318 0 363058 33.527 9.56739 5.86044 0 87.39471 86.888 -9.3972 0.097735 0 0 0 0 0 0 0 0 29.414 69.399 176.743 362.055 
0.00152309003801506934 1.81427 0 362838 32.8024 9.43562 8.213 0 01 0 0 0 0 0 0 0 0 0 0 0 16.4623 54.6598 124.357 140.77 
0.00152309003801506934 2.08057 0 310669 35.289 9.68529 5.92081 0 313.8731 -230.23 143.19 -158.135 0 0 0 0 0 0 0 0 21.1601 63.4543 0 28.4691 
0.00152309003801506934 2.15966 0 378323 33.1048 9.49144 8.26157 0 01 0 0 0 0 0 0 0 0 0 0 0 21.1601 63.4543 0 28.4691 
0.00152309003801506934 2.16903 0 350599 32.4505 9.37745 8.16234 0 01 0 0 0 0 0 0 0 0 0 0 0 21.1601 63.4543 0 28.4691 
0.00152309003801506934 2.30013 0 213781 34.3295 9.67133 5.91342 0 258.0681 -135.64 -216.564 36.0673 0 0 0 0 0 0 0 0 11.1689 47.1403 0 243.456 
0.00152309003801506934 2.48846 0 386821 34.0314 9.6368 5.89542 0 85.37521 -77.4448 -26.1616 24.6333 0 -0 0 0 0 -0 0 0 14.7621 38.8247 29.8568 38.3077 
0.00152309003801506934 2.83405 0 316784 35.195 9.66244 5.90875 0 102.0681 94.7587 -27.7427 25.8655 0 0 0 0 0 0 0 0 8.45086 31.2605 0 0 
0.00152309003801506934 2.96231 1 0 0 7.91058 2.26328 0 0 1 -11.8635 -25.0411 42.082 1 -22.8742 -0.767546 -8.04046 0 0 0 0 8.45086 31.2605 0 0 
0.00161155569380519448 0.174064 0 175769 32.2172 9.44163 8.21823 0 01 0 0 0 0 0 0 0 0 0 0 0 26.2073 59.1161 2002.1 3866.46 
0.00161155569380519448 0.198988 0 26774 30.6602 9.22442 8.02899 0 01 0 0 0 0 0 0 0 0 0 0 0 26.2073 59.1161 2002.1 3866.46 
0.00161155569380519448 0.239607 0 30458 30.8936 9.26351 8.06306 0 01 -0 0 0 0 -0 0 0 0 -0 0 0 35.7798 80.0479 631.511 3089.22 
0.00161155569380519448 0.272118 0 55686 31.4713 9.35945 8.14665 0 01 0 0 0 0 0 0 0 0 0 0 0 38.5074 80.6623 1563.73 3221.92 
0.00161155569380519448 0.289814 0 15422 31.4974 9.35996 8.14709 0 01 0 0 0 0 0 0 0 0 0 0 0 38.5074 80.6623 1563.73 3221.92 
0.00161155569380519448 0.293538 0 34930 31.0161 9.29076 8.08681 0 01 0 0 0 0 0 0 0 0 0 0 0 48.6004 100.355 1140.39 2865.58 
0.00161155569380519448 0.386049 0 52314 30.7935 9.24738 8.049 0 01 0 -0 0 0 0 -0 0 0 0 -0 0 42.3693 111.252 621.915 2071.86 
0.00161155569380519448 0.408695 0 69754 30.7762 9.23707 8.04001 0 01 0 0 -0 0 0 0 -0 0 0 0 -0 43.4478 109.487 923.298 2235.72 
0.00161155569380519448 0.421417 0 169885 30.6318 9.21948 8.02468 0 01 0 0 0 0 0 0 0 0 0 0 0 45.1973 99.8547 782.349 1547.32 
0.00161155569380519448 0.450844 0 67849 31.2414 9.32948 8.12054 0 01 0 0 0 0 0 0 0 0 0 0 0 52.2765 119.68 401.992 1341.04 
0.00161155569380519448 0.455207 0 66897 31.2341 9.33024 8.1212 0 01 0 0 0 0 0 0 0 0 0 0 0 52.2765 119.68 401.992 1341.04 
0.00161155569380519448 0.459931 0 300179 31.0381 9.28771 8.08415 0 01 0 0 0 0 0 0 0 0 0 0 0 52.2765 119.68 401.992 1341.04 
0.00161155569380519448 0.466105 0 121925 32.1195 9.43053 8.20856 0 01 -0 0 0 0 -0 0 0 0 -0 0 0 47.5329 117.49 1281.86 1887.21 
0.00161155569380519448 0.476344 0 79775 30.7969 9.25128 8.0524 0 01 -0 0 0 0 -0 0 0 0 -0 0 0 47.5329 117.49 1281.86 1887.21 
0.00161155569380519448 0.484914 0 86848 30.8252 9.25601 8.05652 0 01 0 0 0 0 0 0 0 0 0 0 0 47.5329 117.49 1281.86 1887.21 
0.00161155569380519448 0.508128 0 325015 30.3703 9.17134 7.98272 0 01 0 0 0 0 0 0 0 0 0 0 0 50.5685 119.084 756.269 1229.03 
0.00161155569380519448 0.515551 0 43108 30.0418 9.15852 7.97155 0 01 0 0 0 0 0 0 0 0 0 0 0 46.5017 112.453 419.636 1203.66 
0.00161155569380519448 0.550197 0 71493 30.2655 9.14651 7.96107 0 01 0 0 0 0 0 0 0 0 0 0 0 44.1759 113.517 329.069 728.853 
0.00161155569380519448 0.563012 0 183892 30.1223 9.12277 7.94037 0 01 0 0 -0 0 0 0 -0 0 0 0 -0 39.2097 113.251 44.485 635.657 
0.00161155569380519448 0.619311 0 109173 31.5459 9.36475 8.15127 0 01 0 0 0 0 0 0 0 0 0 0 0 51.0922 120.113 370.365 1136.83 
0.00161155569380519448 0.681737 0 208370 31.2844 9.33382 8.12432 0 01 0 0 0 0 0 0 0 0 0 0 0 45.2531 106.896 200.834 1380.8 
0.00161155569380519448 0.730876 0 59481 30.6952 9.22928 8.03322 0 01 0 0 0 0 0 0 0 0 0 0 0 42.589 110.147 164.06 885.603 
0.00161155569380519448 0.738229 0 19678 30.5204 9.19558 8.00385 0 01 0 0 0 0 0 0 0 0 0 0 0 42.589 110.147 164.06 885.603 
0.00161155569380519448 0.764342 0 132704 30.5626 9.21355 8.01951 0 01 0 0 -0 0 0 0 -0 0 0 0 -0 36.4249 97.13 220.623 579.058 
0.00161155569380519448 0.765497 0 176355 32.2815 9.35421 8.14209 0 01 0 0 0 0 0 0 0 0 0 0 0 36.4249 97.13 220.623 579.058 
0.00161155569380519448 0.806431 0 184947 31.2345 9.33021 8.12118 0 01 0 0 -0 0 0 0 -0 0 0 0 -0 50.9798 112.527 293.468 1068.21 
0.00161155569380519448 0.837895 0 194863 31.5906 9.36993 8.15578 0 01 0 0 -0 0 0 0 -0 0 0 0 -0 38.3747 92.7203 191.96 672.239 
0.00161155569380519448 0.893746 0 194475 30.6804 9.22584 8.03023 0 01 0 -0 0 0 0 -0 0 0 0 -0 0 36.4472 88.0531 63.807 187.411 
0.00161155569380519448 0.926978 0 201977 31.3105 9.34175 8.13123 0 01 0 0 0 0 0 0 0 0 0 0 0 33.0602 92.6083 6.63353 280.672 
0.00161155569380519448 0.96391 0 89901 30.3874 9.1737 7.98478 0 01 0 0 -0 0 0 0 -0 0 0 0 -0 21.4895 82.0999 74.7244 201.813 
0.00161155569380519448 0.968056 0 357743 30.4199 9.18023 7.99047 0 01 0 0 -0 0 0 0 -0 0 0 0 -0 21.4895 82.0999 74.7244 201.813 
0.00161155569380519448 0.998734 0 27397 30.0313 9.15892 7.97189 0 01 0 0 0 0 0 0 0 0 0 0 0 22.1657 84.7788 236.142 499.432 
0.00161155569380519448 1.03969 0 107151 32.3059 9.3581 8.14546 0 01 0 0 0 0 0 0 0 0 0 0 0 25.9927 68.6126 92.7476 374.738 
0.00161155569380519448 1.05599 0 291088 31.4867 9.36107 8.14807 0 01 -0 0 0 0 -0 0 0 0 -0 0 0 25.9927 68.6126 92.7476 374.738 
0.00161155569380519448 1.06388 0 139792 31.9889 9.41605 8.19595 0 01 0 -0 0 0 0 -0 0 0 0 -0 0 23.7334 78.4586 400.87 906.314 
0.00161155569380519448 1.10025 0 177987 30.7625 9.24113 8.04355 0 01 0 -0 0 0 0 -0 0 0 0 -0 0 26.5549 81.9807 1.65462 44.2343 
0.00161155569380519448 1.10405 0 291911 30.1002 9.11772 7.93598 0 01 0 0 0 0 0 0 0 0 0 0 0 26.5549 81.9807 1.65462 44.2343 
0.00161155569380519448 1.12621 0 263588 30.416 9.17616 7.98693 0 01 0 0 -0 0 0 0 -0 0 0 0 -0 40.0166 93.7678 17.1163 109.095 
0.00161155569380519448 1.14496 0 223846 32.3411 9.37574 8.16083 0 01 0 0 -0 0 0 0 -0 0 0 0 -0 40.0166 93.7678 17.1163 109.095 
0.00161155569380519448 1.14825 0 334776 31.5332 9.36546 8.15189 0 01 0 0 0 0 0 0 0 0 0 0 0 40.0166 93.7678 17.1163 109.095 
0.00161155569380519448 1.35703 0 304139 30.4969 9.18934 7.99841 0 01 0 0 0 0 0 0 0 0 0 0 0 21.5585 70.1739 48.7204 276.331 
0.00161155569380519448 1.39292 0 304523 30.9467 9.27906 8.07661 0 01 -0 0 0 0 -0 0 0 0 -0 0 0 34.9208 85.2455 14.7167 331.066 
0.00161155569380519448 1.60461 0 276444 32.0268 9.42154 8.20073 0 01 0 0 0 0 0 0 0 0 0 0 0 21.1379 63.0674 0 7.09265 
0.00161155569380519448 2.26312 0 370212 31.8537 9.4042 8.18564 0 01 0 0 0 0 0 0 0 0 0 0 0 13.716 41.1526 29.1279 75.6878 
0.00161155569380519448 2.4498 0 253960 30.5912 9.21131 8.01757 0 01 0 0 0 0 0 0 0 0 0 0 0 4.77997 28.8671 0 0 
0.00170619594032976911 0.16118 0 55732 28.4725 9.00218 7.83518 0 01 0 0 -0 0 0 0 -0 0 0 0 -0 31.345 65.0859 1925.34 4522.6 
0.00170619594032976911 0.210642 0 19650 29.1244 9.08295 7.90566 0 01 0 0 0 0 0 0 0 0 0 0 0 41.2114 88.8883 985.338 3397.42 
0.00170619594032976911 0.231033 0 41160 28.0132 8.92056 7.76395 0 01 0 0 -0 0 0 0 -0 0 0 0 -0 41.2114 88.8883 985.338 3397.42 
0.00170619594032976911 0.234377 0 86890 0.131977 9.07142 7.8956 0 01 0 0 0 0 0 0 0 0 0 0 0 41.2114 88.8883 985.338 3397.42 
0.00170619594032976911 0.2398 0 185079 29.0216 9.07566 7.8993 0 01 0 0 0 0 0 0 0 0 0 0 0 41.2114 88.8883 985.338 3397.42 
0.00170619594032976911 0.268011 0 228406 28.3649 8.97798 7.81406 0 01 0 0 0 0 0 0 0 0 0 0 0 47.9344 106.885 1145.66 2577.75 
0.00170619594032976911 0.277318 0 54359 0 9.1876 7.9969 0 01 0 0 0 0 0 0 0 0 0 0 0 47.9344 106.885 1145.66 2577.75 
0.00170619594032976911 0.277743 0 6292 29.1038 9.08002 7.9031 0 01 0 0 0 0 0 0 0 0 0 0 0 47.9344 106.885 1145.66 2577.75 
0.00170619594032976911 0.279386 0 23097 28.6906 9.03066 7.86003 0 01 0 0 -0 0 0 0 -0 0 0 0 -0 47.9344 106.885 1145.66 2577.75 
0.00170619594032976911 0.353217 0 129259 29.8493 9.13118 7.94771 0 01 0 -0 0 0 0 -0 0 0 0 -0 0 45.4105 96.1257 1100.73 2291.27 
0.00170619594032976911 0.355271 0 201415 28.9879 9.0667 7.89148 0 01 0 0 0 0 0 0 0 0 0 0 0 45.4105 96.1257 1100.73 2291.27 
0.00170619594032976911 0.42084 0 61856 28.5407 9.01224 7.84396 0 01 0 0 -0 0 0 0 -0 0 0 0 -0 48.6611 120.97 1067.06 2226.73 
0.00170619594032976911 0.425207 0 6219 0.253767 8.93881 7.77988 0 01 0 0 0 0 0 0 0 0 0 0 0 48.6611 120.97 1067.06 2226.73 
0.00170619594032976911 0.430926 0 39238 28.202 8.9522 7.79156 0 01 -0 0 0 0 -0 0 0 0 -0 0 0 48.6611 120.97 1067.06 2226.73 
0.00170619594032976911 0.442185 0 126118 28.7826 9.03927 7.86755 0 01 0 0 0 0 0 0 0 0 0 0 0 48.6611 120.97 1067.06 2226.73 
0.00170619594032976911 0.456615 0 193763 28.3885 8.99226 7.82653 0 01 0 0 -0 0 0 0 -0 0 0 0 -0 46.0185 119.877 840.167 2210.21 
0.00170619594032976911 0.457495 0 99537 28.3536 8.97972 7.81558 0 01 0 0 0 0 0 0 0 0 0 0 0 46.0185 119.877 840.167 2210.21 
0.00170619594032976911 0.513678 0 73589 27.9947 8.92085 7.7642 0 01 0 0 0 0 0 0 0 0 0 0 0 47.4471 116.592 500.272 1040.69 
0.00170619594032976911 0.517069 0 37014 28.4169 8.99903 7.83243 0 01 -0 0 0 0 -0 0 0 0 -0 0 0 48.0449 119.256 378.354 1851.22 
0.00170619594032976911 0.533984 0 162556 28.4539 9.00035 7.83358 0 01 0 -0 0 0 0 -0 0 0 0 -0 0 48.0449 119.256 378.354 1851.22 
0.00170619594032976911 0.546763 0 154589 30.0242 9.15514 7.96858 0 01 0 0 0 0 0 0 0 0 0 0 0 52.4017 113.63 1008.55 2091.94 
0.00170619594032976911 0.566614 0 344896 28.3557 8.97992 7.81575 0 01 0 0 0 0 0 0 0 0 0 0 0 41.3465 110.87 216.594 695.127 
0.00170619594032976911 0.646516 0 153147 29.442 9.04218 7.87009 0 01 -0 0 0 0 -0 0 0 0 -0 0 0 45.9556 107.187 131.967 711.427 
0.00170619594032976911 0.653353 0 261741 29.0085 9.06883 7.89334 0 01 0 0 0 0 0 0 0 0 0 0 0 45.9556 107.187 131.967 711.427 
0.00170619594032976911 0.67699 0 293121 29.6463 9.08351 7.90614 0 01 0 0 0 0 0 0 0 0 0 0 0 35.4901 103.075 398.755 1216.44 
0.00170619594032976911 0.68386 0 321271 28.7216 9.03226 7.86143 0 01 0 0 0 0 0 0 0 0 0 0 0 50.0102 129.013 214.373 695.477 
0.00170619594032976911 0.685978 0 86949 29.7502 9.10168 7.92199 0 01 0 0 0 0 0 0 0 0 0 0 0 50.0102 129.013 214.373 695.477 
0.00170619594032976911 0.688186 0 171631 28.0086 8.91817 7.76186 0 01 0 0 0 0 0 0 0 0 0 0 0 50.0102 129.013 214.373 695.477 
0.00170619594032976911 0.719656 0 67839 28.2831 8.96421 7.80204 0 01 0 -0 0 0 0 -0 0 0 0 -0 0 38.7539 106.973 55.6862 614.975 
0.00170619594032976911 0.77854 0 224840 28.2861 8.96551 7.80317 0 01 0 0 0 0 0 0 0 0 0 0 0 37.5562 106.566 1.64133 539.579 
0.00170619594032976911 0.783225 0 179360 28.9337 9.05156 7.87827 0 01 0 0 -0 0 0 0 -0 0 0 0 -0 41.9696 97.3319 323.353 755.103 
0.00170619594032976911 0.791339 0 223714 28.3313 8.97647 7.81274 0 01 0 0 0 0 0 0 0 0 0 0 0 41.9696 97.3319 323.353 755.103 
0.00170619594032976911 0.861691 0 129944 28.0037 8.91819 7.76187 0 01 0 -0 0 0 0 -0 0 0 0 -0 0 35.622 97.3481 162.173 539.665 
0.00170619594032976911 0.898655 0 185355 28.3386 8.97537 7.81179 0 01 0 0 0 0 0 0 0 0 0 0 0 52.0668 113.12 13.8799 705.522 
0.00170619594032976911 0.956165 0 243100 28.143 8.943 7.78353 0 01 0 0 0 0 0 0 0 0 0 0 0 31.5693 82.2776 93.5164 363.359 
0.00170619594032976911 1.01683 0 248774 28.5498 9.01274 7.84439 0 01 0 0 0 0 0 0 0 0 0 0 0 35.6668 102.759 301.539 786.382 
0.00170619594032976911 1.06069 0 289599 29.5754 9.0628 7.88808 0 01 0 0 0 0 0 0 0 0 0 0 0 42.0099 102.018 29.9936 58.0054 
0.00170619594032976911 1.18311 0 291918 28.3755 8.98244 7.81796 0 01 0 0 0 0 0 0 0 0 0 0 0 27.4441 79.9293 180.135 421.242 
0.00170619594032976911 1.18729 0 106288 0 8.96835 7.80566 0 01 0 0 0 0 0 0 0 0 0 0 0 27.4441 79.9293 180.135 421.242 
0.00170619594032976911 1.33213 0 387995 29.9841 9.14956 7.96371 0 01 0 0 0 0 0 0 0 0 0 0 0 35.5325 88.0743 111.127 279.581 
0.00170619594032976911 1.3395 0 360776 29.5502 9.06473 7.88976 0 01 0 0 0 0 0 0 0 0 0 0 0 36.7059 85.6109 279.97 418.068 
0.00170619594032976911 1.34929 0 274730 29.6653 9.08513 7.90756 0 01 0 0 0 0 0 0 0 0 0 0 0 36.7059 85.6109 279.97 418.068 
0.00170619594032976911 1.39284 0 296004 28.2226 8.95465 7.7937 0 01 0 0 0 0 0 0 0 0 0 0 0 30.9743 83.0025 254.937 357.755 
0.00170619594032976911 1.41725 0 392518 29.4353 9.04314 7.87092 0 01 -0 0 0 0 -0 0 0 0 -0 0 0 30.9743 83.0025 254.937 357.755 
0.00170619594032976911 1.42643 0 331934 28.0534 8.92484 7.76768 0 01 0 0 0 0 0 0 0 0 0 0 0 30.9743 83.0025 254.937 357.755 
0.00170619594032976911 1.45009 0 48688 29.678 9.09022 7.912 0 01 0 0 0 0 0 0 0 0 0 0 0 23.4728 89.0823 0 142.264 
0.00170619594032976911 1.46764 0 313243 29.2039 9.09323 7.91462 0 01 0 -0 0 0 0 -0 0 0 0 -0 0 23.4728 89.0823 0 142.264 
0.00170619594032976911 1.79958 0 308710 28.6661 9.02646 7.85637 0 01 -0 0 0 0 -0 0 0 0 -0 0 0 30.0824 84.9012 191.253 282.274 
0.00170619594032976911 1.85978 0 152125 29.2841 9.10287 7.92303 0 01 0 0 0 0 0 0 0 0 0 0 0 18.4174 62.8184 0 98.2799 
0.00170619594032976911 1.89082 0 366867 29.4376 9.04294 7.87075 0 01 0 0 0 0 0 0 0 0 0 0 0 23.1709 75.2013 35.9477 35.9477 
0.00170619594032976911 1.89134 0 335816 29.2236 9.09094 7.91263 0 01 0 -0 0 0 0 -0 0 0 0 -0 0 23.1709 75.2013 35.9477 35.9477 
0.00170619594032976911 1.96307 0 367285 29.6525 9.08519 7.90761 0 01 0 0 0 0 0 0 0 0 0 0 0 23.1709 75.2013 35.9477 35.9477 
0.00170619594032976911 1.99236 0 271389 29.7789 9.10724 7.92684 0 01 0 0 0 0 0 0 0 0 0 0 0 20.3479 46.5514 0 159.387 
0.00170619594032976911 2.01269 0 292369 29.8038 9.11299 7.93185 0 01 -0 0 0 0 -0 0 0 0 -0 0 0 20.3479 46.5514 0 159.387 
0.00170619594032976911 2.11127 0 332721 28.6521 9.02008 7.8508 0 01 0 0 0 0 0 0 0 0 0 0 0 6.52936 47.5524 0 0 
0.00170619594032976911 2.14265 0 239877 28.678 9.02973 7.85922 0 01 -0 0 0 0 -0 0 0 0 -0 0 0 6.52936 47.5524 0 0 
0.00170619594032976911 2.16281 0 353010 29.0679 9.07565 7.89929 0 01 0 0 0 0 0 0 0 0 0 0 0 6.52936 47.5524 0 0 
0.00170619594032976911 2.16886 0 365272 28.0702 8.92966 7.77189 0 01 0 0 0 0 0 0 0 0 0 0 0 6.52936 47.5524 0 0 
0.00170619594032976911 3.82006 0 387605 29.0408 9.06757 7.89224 0 01 -0 0 0 0 -0 0 0 0 -0 0 0 3.58719 26.6064 0 0 
0.00180528043820620443 0.151499 0 141353 27.2499 8.81438 7.67125 0 01 0 -0 0 0 0 -0 0 0 0 -0 0 28.6455 63.6563 1413.94 3142.1 
0.00180528043820620443 0.24367 0 125335 26.327 8.75872 7.62266 0 01 0 0 0 0 0 0 0 0 0 0 0 39.4038 90.4027 750.359 2997.38 
0.00180528043820620443 0.268504 0 129927 27.4288 8.84159 7.69501 0 01 0 -0 0 0 0 -0 0 0 0 -0 0 44.5012 100.607 1768.08 3482.59 
0.00180528043820620443 0.294733 0 61838 27.3392 8.82877 7.68382 0 01 0 -0 0 0 0 -0 0 0 0 -0 0 44.5012 100.607 1768.08 3482.59 
0.00180528043820620443 0.30471 0 145174 26.2275 8.74306 7.60898 0 01 0 -0 0 0 0 -0 0 0 0 -0 0 44.3326 106.91 1441.6 3069.6 
0.00180528043820620443 0.323871 0 131361 26.4753 8.78046 7.64164 0 01 0 -0 0 0 0 -0 0 0 0 -0 0 44.3326 106.91 1441.6 3069.6 
0.00180528043820620443 0.347446 0 49516 26.5959 8.79227 7.65195 0 01 -0 0 0 0 -0 0 0 0 -0 0 0 48.8825 107.575 588.724 2097.88 
0.00180528043820620443 0.466276 0 132710 27.7405 8.86916 7.71908 0 01 0 0 0 0 0 0 0 0 0 0 0 40.134 108.708 361.454 1288.42 
0.00180528043820620443 0.482865 0 427294 0.251347 12.2879 8.47987 0 46.02961 -38.3085 -25.2429 3.73853 0 -0 0 0 0 -0 0 0 51.4605 133.341 504.99 1405.19 
0.00180528043820620443 0.495724 0 18681 26.3216 8.76035 7.62408 0 01 0 0 0 0 0 0 0 0 0 0 0 51.4605 133.341 504.99 1405.19 
0.00180528043820620443 0.523893 0 279961 26.3148 8.76031 7.62405 0 01 0 0 0 0 0 0 0 0 0 0 0 37.869 109.445 228.313 677.003 
0.00180528043820620443 0.555146 0 89495 27.5396 8.84009 7.6937 0 01 0 -0 0 0 0 -0 0 0 0 -0 0 45.1409 135.832 625.077 1192.55 
0.00180528043820620443 0.565515 0 304714 26.9905 8.83597 7.6901 0 01 0 0 -0 0 0 0 -0 0 0 0 -0 45.1409 135.832 625.077 1192.55 
0.00180528043820620443 0.620632 0 215333 26.9624 8.83599 7.69012 0 01 0 0 0 0 0 0 0 0 0 0 0 43.2814 127.309 379.814 764.09 
0.00180528043820620443 0.631912 0 166801 27.6131 8.84735 7.70004 0 01 0 0 0 0 0 0 0 0 0 0 0 43.2814 127.309 379.814 764.09 
0.00180528043820620443 0.69956 0 81542 27.2419 8.80939 7.6669 0 01 0 0 0 0 0 0 0 0 0 0 0 49.6502 116.721 22.9031 388.215 
0.00180528043820620443 0.702613 0 149264 27.311 8.8249 7.68044 0 01 0 0 0 0 0 0 0 0 0 0 0 49.6502 116.721 22.9031 388.215 
0.00180528043820620443 0.729392 0 170681 26.196 8.73423 7.60126 0 01 0 0 0 0 0 0 0 0 0 0 0 53.4781 126.219 434.819 1379.06 
0.00180528043820620443 0.738024 0 298005 27.3092 8.82167 7.67762 0 01 0 0 0 0 0 0 0 0 0 0 0 49.2863 124.835 280.169 718.784 
0.00180528043820620443 0.770834 0 243230 26.6712 8.79973 7.65847 0 01 0 0 0 0 0 0 0 0 0 0 0 44.0741 115.212 189.856 689.463 
0.00180528043820620443 0.781105 0 292326 27.1149 8.79092 7.65078 0 01 0 0 0 0 0 0 0 0 0 0 0 44.0741 115.212 189.856 689.463 
0.00180528043820620443 0.820583 0 339850 27.5548 8.83797 7.69185 0 01 -0 0 0 0 -0 0 0 0 -0 0 0 42.8485 127.715 264.251 953.384 
0.00180528043820620443 0.843727 0 185527 27.9668 8.91765 7.7614 0 01 0 0 0 0 0 0 0 0 0 0 0 31.5645 103.722 327.119 519.607 
0.00180528043820620443 0.890761 0 187038 27.069 8.84816 7.70074 0 01 0 0 0 0 0 0 0 0 0 0 0 45.6783 122.123 287.999 1324.75 
0.00180528043820620443 0.894689 0 295684 26.5173 8.78603 7.64651 0 01 0 -0 0 0 0 -0 0 0 0 -0 0 30.8063 101.532 35.1057 566.435 
0.00180528043820620443 0.912961 0 250839 27.0503 8.84205 7.69541 0 01 0 0 0 0 0 0 0 0 0 0 0 30.8063 101.532 35.1057 566.435 
0.00180528043820620443 0.93722 0 8327 26.2079 8.74443 7.61017 0 01 0 0 -0 0 0 0 -0 0 0 0 -0 36.4589 101.843 19.4913 478.91 
0.00180528043820620443 0.94807 0 18064 27.4481 8.84735 7.70004 0 01 0 -0 0 0 0 -0 0 0 0 -0 0 36.4589 101.843 19.4913 478.91 
0.00180528043820620443 0.952478 0 195209 26.2463 8.74506 7.61072 0 01 -0 0 0 0 -0 0 0 0 -0 0 0 29.9096 98.3514 100.699 682.406 
0.00180528043820620443 0.993535 0 309816 27.6032 8.84864 7.70117 0 01 0 0 0 0 0 0 0 0 0 0 0 27.8518 97.5323 23.7458 178.495 
0.00180528043820620443 1.01042 0 223825 27.3517 8.83134 7.68607 0 01 0 0 0 0 0 0 0 0 0 0 0 27.8518 97.5323 23.7458 178.495 
0.00180528043820620443 1.03426 0 242090 26.7187 8.80903 7.66659 0 01 0 -0 0 0 0 -0 0 0 0 -0 0 30.783 92.4195 197.105 658.385 
0.00180528043820620443 1.05981 0 262055 27.8567 8.88868 7.73611 0 01 0 -0 0 0 0 -0 0 0 0 -0 0 25.4036 89.9769 24.6887 373.494 
0.00180528043820620443 1.12068 0 340718 27.2398 8.81032 7.66771 0 01 0 -0 0 0 0 -0 0 0 0 -0 0 37.2145 86.758 5.83018 547.451 
0.00180528043820620443 1.20258 0 330072 26.8562 8.81805 7.67446 0 01 0 0 0 0 0 0 0 0 0 0 0 37.1986 100.943 108.207 306.612 
0.00180528043820620443 1.22197 0 352578 27.1776 8.79811 7.65706 0 01 0 -0 0 0 0 -0 0 0 0 -0 0 23.5861 70.6404 0 37.3345 
0.00180528043820620443 1.23497 0 257243 27.2074 8.8056 7.66359 0 01 0 -0 0 0 0 -0 0 0 0 -0 0 23.5861 70.6404 0 37.3345 
0.00180528043820620443 1.30554 0 305193 26.4866 8.7792 7.64054 0 01 0 0 0 0 0 0 0 0 0 0 0 26.4954 96.6985 12.9821 144.496 
0.00180528043820620443 1.32646 0 335749 26.272 8.7478 7.61312 0 01 0 0 0 0 0 0 0 0 0 0 0 26.4954 96.6985 12.9821 144.496 
0.00180528043820620443 1.42677 0 335263 27.4531 8.84794 7.70055 0 01 0 0 0 0 0 0 0 0 0 0 0 29.6763 85.0053 0 125.43 
0.00180528043820620443 1.43294 0 207143 27.6503 8.8542 7.70602 0 01 -0 0 0 0 -0 0 0 0 -0 0 0 29.6763 85.0053 0 125.43 
0.00180528043820620443 1.46529 0 346540 27.8273 8.88363 7.73171 0 01 0 0 0 0 0 0 0 0 0 0 0 24.9163 90.982 128.013 219.288 
0.00180528043820620443 1.49404 0 241647 27.1487 8.79363 7.65314 0 01 -0 0 0 0 -0 0 0 0 -0 0 0 24.9163 90.982 128.013 219.288 
0.00180528043820620443 1.5609 0 300870 27.9003 8.89697 7.74335 0 01 0 0 0 0 0 0 0 0 0 0 0 20.4804 64.8319 154.65 225.029 
0.00180528043820620443 1.60677 0 279797 27.9416 8.91407 7.75827 0 01 0 0 0 0 0 0 0 0 0 0 0 20.4804 64.8319 154.65 225.029 
0.00180528043820620443 1.62827 0 223552 27.8459 8.88758 7.73515 0 01 0 0 0 0 0 0 0 0 0 0 0 13.1981 67.2025 0 28.6353 
0.00180528043820620443 1.68573 0 338496 27.3373 8.82855 7.68363 0 01 0 0 0 0 0 0 0 0 0 0 0 30.7226 85.3474 117.604 580.686 
0.00180528043820620443 2.5254 0 181037 27.2189 8.80552 7.66352 0 01 0 -0 0 0 0 -0 0 0 0 -0 0 7.30245 29.3727 0 0 
0.00193569272414032098 0.109887 0 9348 26.0415 8.70785 7.57821 0 01 -0 0 0 0 -0 0 0 0 -0 0 0 36.2047 78.616 1266.07 3445.73 
0.00193569272414032098 0.166985 0 279622 0.147753 8.76874 7.63141 0 01 0 0 0 0 0 0 0 0 0 0 0 36.2047 78.616 1266.07 3445.73 
0.00193569272414032098 0.234739 0 75139 25.8884 8.6848 7.55807 0 01 0 0 0 0 0 0 0 0 0 0 0 42.0235 106.85 1068.99 2695.83 
0.00193569272414032098 0.342335 0 187804 24.3237 8.53011 7.42291 0 01 0 0 0 0 0 0 0 0 0 0 0 57.0529 132.561 957.804 2159.94 
0.00193569272414032098 0.362678 0 210569 26.0411 8.70853 7.57881 0 01 -0 0 0 0 -0 0 0 0 -0 0 0 57.0529 132.561 957.804 2159.94 
0.00193569272414032098 0.384901 0 131510 26.0311 8.71052 7.58054 0 01 0 0 0 0 0 0 0 0 0 0 0 57.3261 140.257 721.898 1520.87 
0.00193569272414032098 0.397851 0 39421 25.673 8.65089 7.52845 0 01 0 0 -0 0 0 0 -0 0 0 0 -0 57.3261 140.257 721.898 1520.87 
0.00193569272414032098 0.432023 0 60209 25.824 8.67118 7.54617 0 01 -0 0 0 0 -0 0 0 0 -0 0 0 45.4281 133.022 237.292 1502.8 
0.00193569272414032098 0.448678 0 273440 24.4999 8.55294 7.44286 0 01 0 0 -0 0 0 0 -0 0 0 0 -0 45.4281 133.022 237.292 1502.8 
0.00193569272414032098 0.461857 0 89672 26.1819 8.73162 7.59895 0 01 0 0 0 0 0 0 0 0 0 0 0 65.3664 159.617 1265.86 2291.13 
0.00193569272414032098 0.46577 0 77879 24.5368 8.56129 7.45016 0 01 0 0 0 0 0 0 0 0 0 0 0 65.3664 159.617 1265.86 2291.13 
0.00193569272414032098 0.479615 0 350954 25.455 8.61862 7.50025 0 01 0 0 0 0 0 0 0 0 0 0 0 63.2932 149.103 696.602 1670.4 
0.00193569272414032098 0.494583 0 350281 25.2405 8.64871 7.52654 0 01 0 0 0 0 0 0 0 0 0 0 0 63.2932 149.103 696.602 1670.4 
0.00193569272414032098 0.497304 0 186121 24.8636 8.60608 7.48929 0 01 0 0 0 0 0 0 0 0 0 0 0 63.2932 149.103 696.602 1670.4 
0.00193569272414032098 0.498003 0 73656 24.4481 8.54769 7.43827 0 01 0 0 0 0 0 0 0 0 0 0 0 63.2932 149.103 696.602 1670.4 
0.00193569272414032098 0.579938 0 332349 25.6333 8.64316 7.52169 0 01 0 0 0 0 0 0 0 0 0 0 0 44.6042 126.288 405.817 1366.27 
0.00193569272414032098 0.612467 0 149828 25.8174 8.67557 7.55001 0 01 0 0 0 0 0 0 0 0 0 0 0 67.1337 157.904 311.863 1342.53 
0.00193569272414032098 0.636789 0 105386 25.5418 8.63244 7.51232 0 01 0 0 0 0 0 0 0 0 0 0 0 57.6128 143.736 294.858 763.761 
0.00193569272414032098 0.660281 0 260365 25.838 8.6791 7.55309 0 01 0 0 0 0 0 0 0 0 0 0 0 56.4489 135.241 312.472 1173.12 
0.00193569272414032098 0.663033 0 218580 24.8244 8.60576 7.48901 0 01 0 0 -0 0 0 0 -0 0 0 0 -0 56.4489 135.241 312.472 1173.12 
0.00193569272414032098 0.669162 0 64738 25.6395 8.64516 7.52344 0 01 0 0 0 0 0 0 0 0 0 0 0 56.4489 135.241 312.472 1173.12 
0.00193569272414032098 0.676854 0 144498 24.3374 8.52856 7.42156 0 01 0 0 -0 0 0 0 -0 0 0 0 -0 56.4604 130.738 500.477 1456.66 
0.00193569272414032098 0.680906 0 165019 24.9833 8.62199 7.5032 0 01 0 0 0 0 0 0 0 0 0 0 0 56.4604 130.738 500.477 1456.66 
0.00193569272414032098 0.700869 0 81629 24.9271 8.61262 7.495 0 01 0 0 -0 0 0 0 -0 0 0 0 -0 52.9356 151.051 336.691 818.159 
0.00193569272414032098 0.716376 0 163317 24.8582 8.60537 7.48867 0 01 0 0 0 0 0 0 0 0 0 0 0 52.9356 151.051 336.691 818.159 
0.00193569272414032098 0.720754 0 226925 24.6372 8.57746 7.46428 0 01 0 0 0 0 0 0 0 0 0 0 0 53.9554 142.066 34.2444 718.864 
0.00193569272414032098 0.753281 0 171637 26.0749 8.71497 7.58444 0 01 -0 0 0 0 -0 0 0 0 -0 0 0 61.0367 161.308 290.251 1276.87 
0.00193569272414032098 0.754252 0 126498 25.4469 8.62159 7.50284 0 01 0 0 0 0 0 0 0 0 0 0 0 61.0367 161.308 290.251 1276.87 
0.00193569272414032098 0.754878 0 232834 26.0945 8.71701 7.5862 0 01 0 0 -0 0 0 0 -0 0 0 0 -0 61.0367 161.308 290.251 1276.87 
0.00193569272414032098 0.826446 0 112460 25.4119 8.61365 7.4959 0 01 0 0 -0 0 0 0 -0 0 0 0 -0 49.7884 136.165 203.634 435.199 
0.00193569272414032098 0.876415 0 166175 25.6275 8.64238 7.52101 0 01 -0 0 0 0 -0 0 0 0 -0 0 0 44.1605 128.271 317.127 1311.67 
0.00193569272414032098 0.883359 0 298399 25.1847 8.64297 7.52153 0 01 0 0 0 0 0 0 0 0 0 0 0 44.1605 128.271 317.127 1311.67 
0.00193569272414032098 0.886324 0 63470 24.6264 8.57875 7.46541 0 01 0 0 0 0 0 0 0 0 0 0 0 44.1605 128.271 317.127 1311.67 
0.00193569272414032098 0.898508 0 197303 24.8468 8.6079 7.49088 0 01 0 0 0 0 0 0 0 0 0 0 0 47.3979 125.857 423.279 657.739 
0.00193569272414032098 0.901653 0 87460 24.6284 8.57925 7.46585 0 01 0 0 0 0 0 0 0 0 0 0 0 47.3979 125.857 423.279 657.739 
0.00193569272414032098 0.902205 0 140637 24.8446 8.6081 7.49106 0 01 0 0 0 0 0 0 0 0 0 0 0 47.3979 125.857 423.279 657.739 
0.00193569272414032098 0.988838 0 305362 25.5252 8.63022 7.51039 0 01 0 0 0 0 0 0 0 0 0 0 0 41.0275 109.112 146.72 489.929 
0.00193569272414032098 1.02766 0 415520 0 11.0001 6.91364 0 109.9311 -104.567 14.5706 30.6313 0 0 0 0 0 0 0 0 46.5633 129.32 83.6688 343.999 
0.00193569272414032098 1.0601 0 363707 0.650887 9.97515 6.08905 0 76.57571 -76.2721 2.78292 6.21773 0 0 0 0 0 0 0 0 37.3324 112.026 8.61905 112.725 
0.00193569272414032098 1.10057 0 219251 24.7221 8.58493 7.47081 0 01 0 0 0 0 0 0 0 0 0 0 0 31.9262 103.388 11.0365 101.807 
0.00193569272414032098 1.145 0 312777 25.2581 8.65057 7.52817 0 01 -0 0 0 0 -0 0 0 0 -0 0 0 47.7677 111.464 72.3282 294.877 
0.00193569272414032098 1.16922 0 185177 24.903 8.61057 7.49321 0 01 0 0 0 0 0 0 0 0 0 0 0 48.1639 126.706 20.521 549.999 
0.00193569272414032098 1.20007 0 226518 25.803 8.67345 7.54816 0 01 0 0 0 0 0 0 0 0 0 0 0 48.3534 118.565 505.657 806.233 
0.00193569272414032098 1.21737 0 262693 24.9211 8.61457 7.49671 0 01 0 0 0 0 0 0 0 0 0 0 0 48.3534 118.565 505.657 806.233 
0.00193569272414032098 1.22497 0 291484 24.5372 8.56149 7.45034 0 01 0 0 0 0 0 0 0 0 0 0 0 48.3534 118.565 505.657 806.233 
0.00193569272414032098 1.39147 0 345478 24.9648 8.61964 7.50114 0 01 0 0 0 0 0 0 0 0 0 0 0 35.8793 114.646 9.48657 332.36 
0.00193569272414032098 1.44152 0 223851 25.3818 8.66091 7.5372 0 01 0 -0 0 0 0 -0 0 0 0 -0 0 20 82.8745 0 144.02 
0.00193569272414032098 1.49561 0 300953 24.441 8.54697 7.43764 0 01 0 0 -0 0 0 0 -0 0 0 0 -0 32.5805 94.5657 5.97392 85.0538 
0.00193569272414032098 1.54804 0 158284 26.0693 8.70844 7.57873 0 01 0 0 0 0 0 0 0 0 0 0 0 32.1455 99.5938 381.885 602.076 
0.00193569272414032098 1.55225 0 224434 25.1471 8.63887 7.51794 0 01 0 0 0 0 0 0 0 0 0 0 0 32.1455 99.5938 381.885 602.076 
0.00193569272414032098 1.60308 0 325539 26.0189 8.70517 7.57587 0 01 0 0 0 0 0 0 0 0 0 0 0 25.464 87.4518 0 85.1538 
0.00193569272414032098 1.60581 0 190546 25.1519 8.63762 7.51685 0 01 0 0 0 0 0 0 0 0 0 0 0 25.464 87.4518 0 85.1538 
0.00193569272414032098 1.63548 0 315518 25.3638 8.66015 7.53654 0 01 0 0 0 0 0 0 0 0 0 0 0 32.9604 97.18 105.045 193.122 
0.00193569272414032098 1.64319 0 270726 24.975 8.61713 7.49895 0 01 0 0 -0 0 0 0 -0 0 0 0 -0 32.9604 97.18 105.045 193.122 
0.00193569272414032098 1.65071 0 323371 25.0855 8.63264 7.5125 0 01 0 0 0 0 0 0 0 0 0 0 0 32.9604 97.18 105.045 193.122 
0.00193569272414032098 1.78351 0 350672 24.4671 8.55136 7.44148 0 01 0 0 0 0 0 0 0 0 0 0 0 33.8414 83.8452 20.3263 174.567 
0.00193569272414032098 1.90089 0 373425 25.4531 8.61883 7.50043 0 01 0 0 0 0 0 0 0 0 0 0 0 15.0486 74.723 3.98759 107.345 
0.00193569272414032098 2.00417 0 383924 24.5021 8.55245 7.44243 0 01 0 0 0 0 0 0 0 0 0 0 0 29.1248 72.1938 0 8.61577 
0.00193569272414032098 2.03041 0 353771 24.5135 8.5581 7.44736 0 01 -0 0 0 0 -0 0 0 0 -0 0 0 26.686 67.7591 0 52.1158 
0.00193569272414032098 2.05841 0 264646 24.3668 8.53291 7.42536 0 01 0 0 0 0 0 0 0 0 0 0 0 26.686 67.7591 0 52.1158 
0.00193569272414032098 2.14596 0 292351 25.3548 8.6575 7.53422 0 01 0 0 0 0 0 0 0 0 0 0 0 17.3157 71.5938 0 26.262 
0.00193569272414032098 2.19082 0 77143 25.7174 8.65529 7.53229 0 01 0 0 0 0 0 0 0 0 0 0 0 17.3157 71.5938 0 26.262 
0.00193569272414032098 2.20723 0 369436 25.9777 8.70175 7.57288 0 01 0 -0 0 0 0 -0 0 0 0 -0 0 17.3157 71.5938 0 26.262 
0.00193569272414032098 2.41216 0 327342 24.5396 8.56144 7.45029 0 01 0 0 0 0 0 0 0 0 0 0 0 17.264 74.2325 0 128.05 
0.00193569272414032098 2.81062 0 344291 24.714 8.58501 7.47088 0 01 0 -0 0 0 0 -0 0 0 0 -0 0 29.8887 64.6365 0 55.8728 
0.00202583607686719321 0.209978 0 5708 23.4869 8.45009 7.60508 0 01 0 -0 0 0 0 -0 0 0 0 -0 0 31.835 67.4811 1352.03 3349.16 
0.00202583607686719321 0.369693 0 96095 23.6268 8.48518 7.38365 0 01 0 0 0 0 0 0 0 0 0 0 0 41.327 105.103 631.236 1456.86 
0.00202583607686719321 0.394408 0 165677 24.2251 8.5129 7.40787 0 01 0 0 0 0 0 0 0 0 0 0 0 51.3596 114.2 921.133 1704.53 
0.00202583607686719321 0.404135 0 229597 23.781 8.4969 7.39389 0 01 0 0 0 0 0 0 0 0 0 0 0 42.9392 110.975 750.824 1425.75 
0.00202583607686719321 0.407767 0 118226 24.3179 8.5253 7.41868 0 01 0 0 0 0 0 0 0 0 0 0 0 42.9392 110.975 750.824 1425.75 
0.00202583607686719321 0.539394 0 251151 23.4299 8.42591 7.58332 0 01 0 0 0 0 0 0 0 0 0 0 0 53.1961 128.211 275.532 1381.41 
0.00202583607686719321 0.626732 0 199257 23.1499 8.25245 7.42721 0 01 0 0 0 0 0 0 0 0 0 0 0 35.0912 90.4921 220.699 780.134 
0.00202583607686719321 0.641356 0 109592 23.684 8.4956 7.39276 0 01 0 0 0 0 0 0 0 0 0 0 0 35.0912 90.4921 220.699 780.134 
0.00202583607686719321 0.674972 0 376360 23.3435 8.38911 7.5502 0 01 0 0 0 0 0 0 0 0 0 0 0 45.222 126.014 179.836 281.253 
0.00202583607686719321 0.700718 0 232722 24.1491 8.50225 7.39857 0 01 0 0 0 0 0 0 0 0 0 0 0 50.2967 125.516 376.545 833.362 
0.00202583607686719321 0.746334 0 272148 23.8146 8.50689 7.40262 0 01 0 0 0 0 0 0 0 0 0 0 0 33.3245 107.075 89.0303 465.419 
0.00202583607686719321 0.752002 0 215725 23.8596 8.42162 7.57946 0 01 0 0 0 0 0 0 0 0 0 0 0 33.3245 107.075 89.0303 465.419 
0.00202583607686719321 0.841838 0 190351 23.2074 8.28669 7.45802 0 01 0 0 0 0 0 0 0 0 0 0 0 40.9279 106.837 177.753 432.125 
0.00202583607686719321 0.935338 0 83813 23.7236 8.49456 7.39185 0 01 0 0 0 0 0 0 0 0 0 0 0 30.2819 97.535 13.7709 241.041 
0.00202583607686719321 0.989284 0 212127 23.5537 8.47842 7.63058 0 01 -0 0 0 0 -0 0 0 0 -0 0 0 29.2142 84.9066 224.169 562.965 
0.00202583607686719321 1.05098 0 77061 23.5 8.45568 7.61011 0 01 0 0 0 0 0 0 0 0 0 0 0 32.3354 91.5737 30.0226 153.588 
0.00202583607686719321 1.13783 0 74516 23.4024 8.41427 7.57284 0 01 0 0 -0 0 0 0 -0 0 0 0 -0 18.3076 67.284 22.3728 125.191 
0.00202583607686719321 1.36478 0 284557 23.6294 8.4868 7.38505 0 01 0 -0 0 0 0 -0 0 0 0 -0 0 22.0839 84.413 48.6686 174.21 
0.00202583607686719321 1.36925 0 327371 23.59 8.49383 7.64445 0 01 0 0 0 0 0 0 0 0 0 0 0 22.0839 84.413 48.6686 174.21 
0.00202583607686719321 1.57253 0 371033 23.9911 8.48615 7.63753 0 01 0 0 0 0 0 0 0 0 0 0 0 7.98743 66.9646 0 1.56393 
0.00202583607686719321 1.92807 0 347707 23.91 8.4371 7.59339 0 01 0 0 0 0 0 0 0 0 0 0 0 13.7917 43.2173 0 4.64997 
0.00202583607686719321 2.01103 0 361214 24.1206 8.498 7.39485 0 01 -0 0 0 0 -0 0 0 0 -0 0 0 13.7917 43.2173 0 4.64997 
0.00202583607686719321 2.1345 0 362626 23.6173 8.48889 7.38689 0 01 0 0 0 0 0 0 0 0 0 0 0 17.3693 54.5571 0 179.225 
0.00202583607686719321 2.38313 0 342776 24.1853 8.51791 7.41226 0 01 0 0 0 0 0 0 0 0 0 0 0 6.82742 62.224 0 180.314 
0.00220605116662939919 0.677217 0 147298 21.7574 20.9713 6.8841 0 01 0 0 0 0 0 0 0 0 0 0 0 67.4101 185.723 291.773 1060.22 
0.00220605116662939919 1.14112 0 274970 21.7604 20.9738 6.8836 0 01 0 0 0 0 0 0 0 0 0 0 0 48.4586 148.712 9.65863 76.5446 
0.00220605116662939919 1.44972 0 419786 0.11929 10.6396 6.58072 0 59.20071 -41.5051 -30.6542 -29.0238 0 0 -0 0 0 0 -0 0 54.9365 135.715 67.7984 121.277 
0.00220605116662939919 1.53537 0 317111 23.1091 8.22791 7.40512 0 01 0 0 0 0 0 0 0 0 0 0 0 26.5031 116.582 0 468.639 
0.00251697168241691964 1.44963 0 409037 0 9.88444 6.03338 0 145.3831 -109.008 -13.6834 95.2173 0 -0 0 0 0 -0 0 0 5.87955 26.4199 20.2936 59.3887 
0.00285987117251553175 7.24765 0 412671 0 9.6234 5.88854 0 219.5091 -218.059 23.2446 9.70317 0 0 0 0 0 0 0 0 0 30.1979 0 0 
0.00316318747415885587 0.382794 0 403415 0.338078 9.42734 8.20579 0 01 0 0 0 0 0 0 0 0 0 0 0 103.301 232.204 1601.58 2897.01 
0.00316318747415885587 1.12514 0 410580 0.104729 9.49888 8.26805 0 01 0 0 0 0 0 0 0 0 0 0 0 84.3047 198.517 198.869 524.115 
0.00455369784190303752 0.657228 0 416284 0.245969 8.62462 7.5055 0 01 0 0 0 0 0 0 0 0 0 0 0 151.63 347.119 407.317 1482.89 
0.00455369784190303752 6.54348 0 407341 0.447318 8.59197 7.47697 0 01 0 0 0 0 0 0 0 0 0 0 0 11.4326 56.9755 0 25.1913 
