#1:time #2:r #3.binary? #4:ID #5:zams_m #6:m_progenitor #7:bh mass #8:bh_spin #9:birth-kick(km/s) #10-25:vsarray
0.000404554235444167204 0.296853 0 48795 148.621 46.1595 41.5435 0 01 0 0 0 0 0 0 0 0 0 0 0 5.49743 10.7852 692.874 1617.1 
0.000404554235444167204 0.456425 0 62090 0 45.8491 41.2642 0 01 -0 0 0 0 -0 0 0 0 -0 0 0 5.04776 12.3357 6.33601 47.0068 
0.000404554235444167204 0.544603 1 73525 0 45.9062 41.3156 0 0 2 -3.51723e-05 -0.00171203 -0.0045282 0 0 0 -0 0 0 0 -0 3.76718 11.9173 0 829.353 
0.000404554235444167204 0.557004 0 61743 148.621 46.1596 41.5436 0 01 0 0 0 0 0 0 0 0 0 0 0 3.92993 9.00914 150.629 612.713 
0.000404554235444167204 0.677721 0 100504 136.028 46.0369 41.4332 0 01 0 0 0 0 0 0 0 0 0 0 0 6.74252 13.5035 0 604.883 
0.000422739269481962887 0.0724288 1 34242 102.31 35.4877 31.939 0 0 1 -0.574949 2.98109 -0.536452 0 0 0 -0 0 0 0 -0 3.96802 10.559 1241.16 1352.74 
0.000422739269481962887 0.126846 1 1230 0 46.1227 41.5104 0 0 1 -0.00264678 0.00287692 -0.00729304 0 0 0 0 0 0 0 0 3.96802 10.559 1241.16 1352.74 
0.000422739269481962887 0.1813 1 10657 0 46.7515 42.0764 0 0 1 0.00642265 -0.00645154 -0.00544065 0 0 0 0 0 0 0 0 6.43992 14.2936 1164.33 1985.84 
0.000422739269481962887 0.183441 1 34504 0 46.5726 41.9153 0 0 1 -0.00306425 0.00950041 -0.00130827 0 -0 0 0 0 -0 0 0 6.43992 14.2936 1164.33 1985.84 
0.000422739269481962887 0.249563 0 40380 131.501 45.888 41.2992 0 01 0 0 0 0 0 0 0 0 0 0 0 5.58813 14.1346 711.747 850.41 
0.000422739269481962887 0.377993 0 92882 107.222 46.7541 42.0787 0 01 0 0 0 0 0 0 0 0 0 0 0 6.64906 17.011 469.599 587.909 
0.000422739269481962887 0.636857 0 119279 118.641 46.4584 41.8125 0 01 0 -0 0 0 0 -0 0 0 0 -0 0 11.3656 22.7517 586.381 1422.94 
0.000422739269481962887 1.01996 0 174558 126.594 46.7286 42.0557 0 01 0 -0 0 0 0 -0 0 0 0 -0 0 5.19721 15.4929 0 172.063 
0.000422739269481962887 1.1966 1 115717 0 46.4817 41.8335 0 0 1 0.000937789 0.00210308 -0.00403217 0 0 0 0 0 0 0 0 2.36262 7.09434 0 92.1291 
0.000422739269481962887 1.30694 0 175727 113.949 46.2825 41.6542 0 01 0 0 0 0 0 0 0 0 0 0 0 1.30694 9.16146 0 0 
0.000422739269481962887 1.49702 0 188351 0 46.8396 42.1557 0 01 0 0 0 0 0 0 0 0 0 0 0 3.01891 12.0974 0 130.302 
0.000460970338393101625 0.147533 0 61874 0 38.1328 34.3195 0 01 0 0 -0 0 0 0 -0 0 0 0 -0 5.19376 14.298 1013.25 2191.53 
0.000460970338393101625 0.267311 1 9424 0 42.3835 38.1452 0 0 1 0.000448381 0.00110903 -0.00119445 0 0 0 -0 0 0 0 -0 9.25198 27.2101 1091.94 1463.25 
0.000460970338393101625 0.321593 0 122627 80.8837 32.8824 29.5942 0 01 0 0 0 0 0 0 0 0 0 0 0 10.0047 24.5139 1106.89 1240.6 
0.000460970338393101625 0.376908 0 168168 93.8479 39.5526 35.5973 0 01 0 0 -0 0 0 0 -0 0 0 0 -0 10.0486 29.3916 262.075 614.45 
0.000460970338393101625 0.383894 0 59411 80.6805 32.7641 29.4877 0 01 0 0 -0 0 0 0 -0 0 0 0 -0 14.5457 29.5375 271.369 2084.42 
0.000460970338393101625 0.447335 0 64926 104.991 45.5216 40.9695 0 01 0 0 0 0 0 0 0 0 0 0 0 14.4911 37.7191 331.163 1020.5 
0.000460970338393101625 0.47686 0 51333 97.6188 41.5849 37.4264 0 01 0 0 0 0 0 0 0 0 0 0 0 10.1658 26.0604 658.876 1082.17 
0.000460970338393101625 0.497116 0 48757 103.84 44.939 40.4451 0 01 0 0 0 0 0 0 0 0 0 0 0 11.0982 22.6882 231.33 973.65 
0.000460970338393101625 0.625185 0 150155 90.7141 37.9037 34.1133 0 01 0 0 0 0 0 0 0 0 0 0 0 10.1523 27.9045 96.3534 468.411 
0.000460970338393101625 0.655252 0 24087 87.1549 36.0891 32.4802 0 01 0 0 0 0 0 0 0 0 0 0 0 12.4524 37.4622 412.791 856.432 
0.000460970338393101625 0.664497 0 159815 87.188 36.1001 32.4901 0 01 0 -0 0 0 0 -0 0 0 0 -0 0 12.4524 37.4622 412.791 856.432 
0.000460970338393101625 0.680317 0 78203 85.2054 35.0449 31.5404 0 01 0 0 0 0 0 0 0 0 0 0 0 6.77002 20.2731 274.018 554.28 
0.000460970338393101625 1.16416 0 176470 78.0612 31.4094 28.2685 0 01 0 0 0 0 0 0 0 0 0 0 0 11.7593 23.5737 196.045 204.215 
0.000460970338393101625 1.16649 0 147898 86.2269 35.6071 32.0464 0 01 0 0 -0 0 0 0 -0 0 0 0 -0 11.7593 23.5737 196.045 204.215 
0.000460970338393101625 1.17155 0 149723 103.931 44.9803 40.4823 0 01 0 0 0 0 0 0 0 0 0 0 0 11.7593 23.5737 196.045 204.215 
0.000460970338393101625 1.33867 0 161709 0.344871 32.9084 29.6176 0 01 0 0 0 0 0 0 0 0 0 0 0 13.5324 36.6553 0 223.966 
0.000460970338393101625 1.35647 0 111187 103.99 45.0097 40.5088 0 01 0 0 0 0 0 0 0 0 0 0 0 13.5324 36.6553 0 223.966 
0.000460970338393101625 1.37548 0 115918 78.7712 31.7674 28.5906 0 01 0 0 0 0 0 0 0 0 0 0 0 13.5324 36.6553 0 223.966 
0.000460970338393101625 1.45775 0 136651 90.7845 37.9803 34.1823 0 01 0 0 -0 0 0 0 -0 0 0 0 -0 7.37347 19.1753 0 100.904 
0.000460970338393101625 1.61548 0 167048 92.1791 38.7212 34.8491 0 01 0 0 -0 0 0 0 -0 0 0 0 -0 7.98558 23.9141 0 0 
0.000460970338393101625 1.77423 0 42429 77.2398 31.0502 27.9452 0 01 0 0 0 0 0 0 0 0 0 0 0 3.53857 17.4293 0 0 
0.000460970338393101625 1.88931 0 176205 86.732 35.829 32.2461 0 01 -0 0 0 0 -0 0 0 0 -0 0 0 9.69405 25.2175 238.811 892.231 
0.000460970338393101625 2.06463 0 178115 104.318 45.1603 40.6443 0 01 0 -0 0 0 0 -0 0 0 0 -0 0 0 6.06855 0 0 
0.000497604085463186348 0.359228 0 24013 68.8349 26.8821 24.1939 0 01 0 0 0 0 0 0 0 0 0 0 0 11.8694 30.713 56.605 361.39 
0.000497604085463186348 0.428678 0 9114 0 30.2995 27.2696 0 01 0 -0 0 0 0 -0 0 0 0 -0 0 9.19325 27.5724 50.5582 1640.25 
0.000497604085463186348 0.570711 0 51259 69.5325 27.2013 24.4812 0 01 0 -0 0 0 0 -0 0 0 0 -0 0 9.64009 27.8548 637.677 1251.93 
0.000497604085463186348 0.586918 0 71530 66.0952 25.5742 23.0168 0 01 0 0 0 0 0 0 0 0 0 0 0 14.1945 28.9908 452.543 1163.48 
0.000497604085463186348 0.59714 0 111328 67.4826 26.232 23.6088 0 01 0 0 0 0 0 0 0 0 0 0 0 14.1945 28.9908 452.543 1163.48 
0.000497604085463186348 0.634763 0 12700 64.3014 24.6912 22.2221 0 01 0 0 -0 0 0 0 -0 0 0 0 -0 10.8318 26.6902 183.808 1160.74 
0.000497604085463186348 0.76166 0 88100 64.7006 24.9061 22.4155 0 01 0 0 0 0 0 0 0 0 0 0 0 8.34081 23.3538 0 544.666 
0.000497604085463186348 0.78771 0 102311 75.0149 29.8887 26.8999 0 01 0 0 -0 0 0 0 -0 0 0 0 -0 9.37255 28.78 148.336 149.388 
0.000497604085463186348 0.790825 1 4485 0 29.4519 26.5067 0 0 1 -0.00185778 0.00102144 8.85341e-05 0 0 0 0 0 0 0 0 9.60307 28.9145 53.6244 184.187 
0.000497604085463186348 0.925557 0 121014 67.3249 26.1745 23.557 0 01 -0 0 0 0 -0 0 0 0 -0 0 0 5.46943 21.8405 46.6172 732.443 
0.000497604085463186348 1.02807 0 11010 64.4191 24.7457 22.2712 0 01 0 0 0 0 0 0 0 0 0 0 0 4.13018 14.4379 0 0 
0.000497604085463186348 1.14058 0 152617 73.6069 29.1927 26.2734 0 01 0 0 0 0 0 0 0 0 0 0 0 2.32162 19.4904 10.7584 10.7584 
0.000497604085463186348 1.15555 0 114706 70.8061 27.8462 25.0616 0 01 0 0 0 0 0 0 0 0 0 0 0 2.32162 19.4904 10.7584 10.7584 
0.000497604085463186348 1.21126 0 153939 71.4512 28.1468 25.3321 0 01 0 0 0 0 0 0 0 0 0 0 0 9.89419 22.1407 0 282.366 
0.000497604085463186348 1.25178 0 100809 75.8412 30.3007 27.2707 0 01 0 0 0 0 0 0 0 0 0 0 0 7.65951 21.6129 0 72.1037 
0.000497604085463186348 2.0846 0 150382 65.3114 25.1691 22.6522 0 01 0 0 0 0 0 0 0 0 0 0 0 4.20334 14.5293 0 0 
0.000497604085463186348 2.08594 0 196871 67.4387 26.2328 23.6095 0 01 0 0 0 0 0 0 0 0 0 0 0 4.20334 14.5293 0 0 
0.000497604085463186348 2.68999 0 174664 69.4959 27.2077 24.4869 0 01 0 -0 0 0 0 -0 0 0 0 -0 0 2.53951 8.08969 0 240.937 
0.000519137709275211399 0.26431 0 110778 61.5212 23.3719 21.0347 0 01 0 0 0 0 0 0 0 0 0 0 0 6.80103 17.9636 371.484 693.831 
0.000519137709275211399 0.274264 0 37142 63.1007 24.119 21.7071 0 01 0 -0 0 0 0 -0 0 0 0 -0 0 6.80103 17.9636 371.484 693.831 
0.000519137709275211399 0.295316 0 25684 63.0733 24.1056 21.6951 0 01 0 0 0 0 0 0 0 0 0 0 0 6.96067 19.3252 101.254 328.432 
0.000519137709275211399 0.372684 0 85265 58.7173 22.0661 19.8594 0 01 0 0 0 0 0 0 0 0 0 0 0 8.29582 20.7444 0 289.748 
0.000519137709275211399 0.686278 0 177308 63.2174 24.1745 21.757 0 01 0 0 0 0 0 0 0 0 0 0 0 5.4865 19.9859 0 295.511 
0.000519137709275211399 0.715194 0 147276 58.7407 22.0772 19.8695 0 01 0 0 0 0 0 0 0 0 0 0 0 7.89086 16.4508 0 0 
0.000519137709275211399 0.798508 0 164435 61.1483 23.2538 20.9284 0 01 0 0 0 0 0 0 0 0 0 0 0 3.95129 11.01 0 200.275 
0.000519137709275211399 0.826592 0 25991 61.3019 23.2718 20.9446 0 01 -0 0 0 0 -0 0 0 0 -0 0 0 9.1963 20.0796 1.60702 95.5441 
0.000519137709275211399 0.833178 0 156600 59.8262 22.6043 20.3439 0 01 0 0 0 0 0 0 0 0 0 0 0 9.1963 20.0796 1.60702 95.5441 
0.000519137709275211399 0.859704 0 107024 60.5044 22.8968 20.6071 0 01 0 0 0 0 0 0 0 0 0 0 0 2.55732 12.0577 0 90.6937 
0.000519137709275211399 1.0068 0 166865 62.8942 24.0732 21.6659 0 01 0 0 0 0 0 0 0 0 0 0 0 7.10624 14.1932 0 41.9643 
0.000519137709275211399 1.03262 0 95702 60.5667 22.9248 20.6323 0 01 0 0 0 0 0 0 0 0 0 0 0 5.2117 13.5484 40.7954 40.7954 
0.000519137709275211399 1.04963 0 184514 59.5604 22.4878 20.239 0 01 0 0 -0 0 0 0 -0 0 0 0 -0 5.2117 13.5484 40.7954 40.7954 
0.000519137709275211399 1.63273 0 176147 59.5084 22.4655 20.2189 0 01 0 0 -0 0 0 0 -0 0 0 0 -0 3.2301 12.8532 0 27.9408 
0.000519137709275211399 2.23737 0 197790 61.1754 23.2565 20.9308 0 01 -0 0 0 0 -0 0 0 0 -0 0 0 2.29262 15.3669 0 0 
0.000519137709275211399 2.42413 0 181303 61.4273 23.3298 20.9968 0 01 0 0 0 0 0 0 0 0 0 0 0 0 2.38729 0 0 
0.000550168068814175897 0.103412 1 10715 0 20.2385 18.2147 0 0 1 0.00194898 0.0065445 -0.00291439 0 0 0 0 0 0 0 0 4.93823 12.7243 506.022 897.811 
0.000550168068814175897 0.164001 1 77606 0 19.2496 17.3246 0 0 2 0.00044373 0.00162724 -0.00301983 0 0 0 -0 0 0 0 -0 4.93823 12.7243 506.022 897.811 
0.000550168068814175897 0.210835 0 194166 51.865 18.9822 17.084 0 01 0 0 0 0 0 0 0 0 0 0 0 6.96605 18.7554 196.401 719.642 
0.000550168068814175897 0.170713 1 6409 0 19.9578 17.962 0 0 2 -0.000809296 0.0119961 0.00420647 0 0 0 0 0 0 0 0 6.96605 18.7554 196.401 719.642 
0.000550168068814175897 0.305186 0 27716 0.15617 18.1261 16.3082 0 01 0 0 0 0 0 0 0 0 0 0 0 9.67821 26.6927 944.881 1783.64 
0.000550168068814175897 0.30453 1 111644 0 19.2678 17.341 0 0 2 -0.00147534 -0.00183234 -0.000183278 0 0 0 0 0 0 0 0 9.67821 26.6927 944.881 1783.64 
0.000550168068814175897 0.32408 0 37483 52.7163 19.3739 17.4365 0 01 0 0 0 0 0 0 0 0 0 0 0 12.532 27.1409 240.208 1037.81 
0.000550168068814175897 0.40136 0 44453 51.9633 18.994 17.0946 0 01 0 0 0 0 0 0 0 0 0 0 0 10.0678 28.6234 1487.04 1857.49 
0.000550168068814175897 0.446041 1 13642 0 20.6686 18.6017 0 0 1 -0.000796234 0.00284147 -0.00411981 0 0 0 0 0 0 0 0 15.7859 36.9546 347.3 1223.68 
0.000550168068814175897 0.463613 0 52253 57.7001 21.625 19.4625 0 01 0 0 0 0 0 0 0 0 0 0 0 11.3665 29.7607 178.131 718.863 
0.000550168068814175897 0.471772 0 58352 55.3119 20.5227 18.4705 0 01 0 0 0 0 0 0 0 0 0 0 0 11.3665 29.7607 178.131 718.863 
0.000550168068814175897 0.590203 1 28748 0 20.0795 18.0716 0 0 1 5.25542e-05 0.00386636 0.00290146 0 0 0 0 0 0 0 0 8.13484 24.9436 416.511 1204.23 
0.000550168068814175897 0.751326 0 154047 51.7776 18.9091 17.0182 0 01 0 0 0 0 0 0 0 0 0 0 0 9.60768 27.4141 96.5531 411.67 
0.000550168068814175897 0.894334 0 75494 52.6861 19.3194 17.3875 0 01 -0 0 0 0 -0 0 0 0 -0 0 0 2.69061 22.4629 0 40.3721 
0.000550168068814175897 1.10451 0 128897 55.4251 20.5783 18.5205 0 01 0 0 0 0 0 0 0 0 0 0 0 4.37547 13.1205 12.9744 12.9744 
0.000550168068814175897 1.45574 1 165646 52.3922 17.6394 15.8657 0 0 1 0.430593 -2.32293 -1.82775 0 0 0 0 0 0 0 0 7.21496 14.4377 0 323.015 
0.000550168068814175897 1.84296 0 179664 56.8427 21.2284 19.1056 0 01 0 0 -0 0 0 0 -0 0 0 0 -0 3.70324 14.8305 0 0 
0.000550168068814175897 1.94461 0 134142 56.2477 20.9313 18.8382 0 01 0 0 0 0 0 0 0 0 0 0 0 1.97509 15.8268 0 0 
0.000579930502239468966 0.148953 1 56191 51.4257 17.3472 15.6003 0 0 1 -0.0117532 1.45301 1.29121 0 -0 0 0 0 -0 0 0 6.69677 13.8811 632.843 1427.62 
0.000579930502239468966 0.207924 0 43106 50.8741 18.5029 16.6509 0 01 0 0 0 0 0 0 0 0 0 0 0 9.17576 20.7693 783.818 1573.4 
0.000579930502239468966 0.446206 0 62226 48.302 17.332 15.5864 0 01 0 -0 0 0 0 -0 0 0 0 -0 0 10.9367 24.5058 2.2092 1213.73 
0.000579930502239468966 0.526783 0 27316 48.1001 17.2563 15.5176 0 01 -0 0 0 0 -0 0 0 0 -0 0 0 9.96262 24.659 1.26776 888.791 
0.000579930502239468966 0.572157 0 89578 49.7995 18.0118 16.2043 0 01 0 0 0 0 0 0 0 0 0 0 0 7.99562 25.5975 299.139 411.608 
0.000579930502239468966 0.606226 0 45741 47.4805 17.0177 15.301 0 01 0 0 0 0 0 0 0 0 0 0 0 14.1154 30.0516 63.7343 295.901 
0.000579930502239468966 0.674292 0 99846 48.7235 17.5644 15.7976 0 01 0 0 0 0 0 0 0 0 0 0 0 7.50083 25.9137 2.37882 411.253 
0.000579930502239468966 0.703732 0 54190 49.2892 17.8036 16.015 0 01 -0 0 0 0 -0 0 0 0 -0 0 0 6.33823 23.2872 0 525.296 
0.000579930502239468966 0.72444 0 74245 51.1709 18.6877 16.819 0 01 0 0 0 0 0 0 0 0 0 0 0 10.2356 26.9662 78.6978 255.002 
0.000579930502239468966 0.760559 0 185627 50.0487 18.1437 16.3241 0 01 0 0 0 0 0 0 0 0 0 0 0 10.5439 29.4075 0 388.77 
0.000579930502239468966 0.9072 0 116262 49.0266 17.709 15.929 0 01 -0 0 0 0 -0 0 0 0 -0 0 0 4.53208 17.3001 16.6587 16.6587 
0.000579930502239468966 1.19716 0 164882 0 17.5134 15.7513 0 01 0 0 0 0 0 0 0 0 0 0 0 4.71849 18.8573 0 0 
0.000579930502239468966 1.49777 0 161343 49.6198 17.9785 16.1739 0 01 0 0 -0 0 0 0 -0 0 0 0 -0 4.5258 12.1038 0 50.0862 
0.000579930502239468966 1.62323 0 157557 48.6908 17.5143 15.752 0 01 0 0 0 0 0 0 0 0 0 0 0 4.90437 16.4647 0 0 
0.000579930502239468966 1.69564 0 162029 49.042 17.6889 15.9107 0 01 0 -0 0 0 0 -0 0 0 0 -0 0 10.231 22.2924 114.81 114.81 
0.000579930502239468966 2.12707 0 183715 49.3078 17.7881 16.0009 0 01 -0 0 0 0 -0 0 0 0 -0 0 0 2.0654 12.7254 0 25.128 
0.000579930502239468966 2.7275 0 183290 48.3797 17.3672 15.6184 0 01 0 -0 0 0 0 -0 0 0 0 -0 0 2.70647 13.7958 0 0 
0.00060790368076347925 0.210393 0 953 46.7507 16.654 14.9708 0 01 0 -0 0 0 0 -0 0 0 0 -0 0 8.73532 21.8125 571.258 1091.95 
0.00060790368076347925 0.409755 0 55710 46.9203 16.7137 15.0249 0 01 0 0 0 0 0 0 0 0 0 0 0 8.6696 19.4353 365.224 485.963 
0.00060790368076347925 0.489107 0 25648 43.9216 15.383 13.8178 0 01 -0 0 0 0 -0 0 0 0 -0 0 0 10.1153 28.411 73.1959 145.674 
0.00060790368076347925 0.512419 0 58596 45.3218 16.0027 14.3797 0 01 0 0 0 0 0 0 0 0 0 0 0 11.1082 24.7322 440.189 889.689 
0.00060790368076347925 0.577066 0 35366 43.6827 15.3222 13.7627 0 01 0 0 0 0 0 0 0 0 0 0 0 14.2591 26.8302 342.03 405.723 
0.00060790368076347925 0.590199 0 120626 44.1948 15.5044 13.9278 0 01 0 0 0 0 0 0 0 0 0 0 0 9.47371 26.7179 99.2326 479.36 
0.00060790368076347925 0.592409 0 60170 45.2368 16.0085 14.385 0 01 -0 0 0 0 -0 0 0 0 -0 0 0 9.47371 26.7179 99.2326 479.36 
0.00060790368076347925 0.648913 0 85683 44.9658 15.8609 14.2511 0 01 0 0 -0 0 0 0 -0 0 0 0 -0 6.38624 19.8409 93.832 93.832 
0.00060790368076347925 0.733837 0 65477 45.4948 16.0793 14.4492 0 01 -0 0 0 0 -0 0 0 0 -0 0 0 8.03683 22.6926 173.608 800.45 
0.00060790368076347925 0.946512 0 57888 0.162747 17.6707 15.8942 0 01 0 0 0 0 0 0 0 0 0 0 0 5.67169 23.605 0 21.483 
0.00060790368076347925 1.01715 0 177060 46.786 16.6669 14.9824 0 01 0 -0 0 0 0 -0 0 0 0 -0 0 12.0743 25.1694 974.474 1161.19 
0.00060790368076347925 1.05397 0 139943 46.444 16.5016 14.8324 0 01 0 0 0 0 0 0 0 0 0 0 0 9.38455 19.8073 62.2395 66.6984 
0.00060790368076347925 1.05815 0 141955 43.841 15.371 13.807 0 01 -0 0 0 0 -0 0 0 0 -0 0 0 7.44965 25.6862 0 0 
0.00060790368076347925 1.09148 0 37829 45.571 16.1129 14.4797 0 01 0 0 0 0 0 0 0 0 0 0 0 3.31935 7.77234 0 0 
0.00060790368076347925 1.46246 0 63181 45.5723 16.1122 14.4791 0 01 0 -0 0 0 0 -0 0 0 0 -0 0 4.45657 14.6614 0 0 
0.00060790368076347925 1.55312 0 144755 46.2284 16.4456 14.7816 0 01 0 0 0 0 0 0 0 0 0 0 0 1.60006 14.254 0 0 
0.00060790368076347925 2.83928 0 146828 45.4911 16.0768 14.447 0 01 0 0 0 0 0 0 0 0 0 0 0 0 5.68206 0 0 
0.00060790368076347925 3.17601 0 194155 45.6927 16.1679 14.5296 0 01 0 0 0 0 0 0 0 0 0 0 0 3.18254 3.18254 0 70.9065 
0.000619770706692663871 0.321999 0 150523 43.4831 15.1922 13.6449 0 01 -0 0 0 0 -0 0 0 0 -0 0 0 5.7036 14.2163 843.312 1106.78 
0.000619770706692663871 0.325461 1 20900 43.6574 14.5347 12.8424 0 0 1 -1.15293 -0.317515 3.19709 0 0 0 0 0 0 0 0 5.7036 14.2163 843.312 1106.78 
0.000619770706692663871 0.431627 0 83883 43.4998 15.1995 13.6516 0 01 0 0 0 0 0 0 0 0 0 0 0 6.17907 17.605 269.02 305.232 
0.000619770706692663871 0.549703 0 68259 42.4999 14.7809 13.2723 0 01 0 0 0 0 0 0 0 0 0 0 0 6.05717 17.6631 0 33.5062 
0.000619770706692663871 0.617405 0 68583 43.541 15.2177 13.6681 0 01 0 0 0 0 0 0 0 0 0 0 0 4.98554 15.506 0 453.999 
0.000619770706692663871 0.851894 0 85753 43.43 15.1687 13.6237 0 01 0 0 0 0 0 0 0 0 0 0 0 3.44797 13.7913 0 0 
0.000619770706692663871 1.32741 0 170070 42.6563 14.8509 13.3357 0 01 0 0 0 0 0 0 0 0 0 0 0 0 5.22646 0 0 
0.000619770706692663871 1.54462 0 94719 43.369 15.1419 13.5993 0 01 -0 0 0 0 -0 0 0 0 -0 0 0 3.02853 6.08019 0 415.067 
0.000619770706692663871 1.67739 0 131772 42.8596 14.9315 13.4087 0 01 0 0 0 0 0 0 0 0 0 0 0 6.6467 6.6467 0 0 
0.000632224345213701507 0.270319 0 4347 41.5373 14.3478 12.4236 0 22.25351 -19.4726 -10.7681 -0.292473 0 0 0 0 0 0 0 0 3.63902 11.7565 97.1262 233.087 
0.000632224345213701507 0.513766 0 78974 41.3222 14.2569 12.2243 0 8.119821 -6.82117 -4.10834 1.58889 0 0 0 0 0 0 0 0 5.09773 16.3506 185.847 636.948 
0.000632224345213701507 0.835516 0 111014 41.6225 14.3831 12.5016 0 12.61271 6.73877 -4.34981 -9.73392 0 0 0 0 0 0 0 0 2.50411 11.767 0 101.814 
0.000632224345213701507 2.52784 0 121054 41.5427 14.3795 12.4938 0 22.17761 22.076 -0.215026 -2.10886 0 0 0 0 0 0 0 0 0 9.89907 0 0 
0.000632224345213701507 2.98234 0 197910 42.2259 14.6688 13.1507 0 0.4155321 -0.199311 -0.107517 0.348399 0 -0 0 0 0 -0 0 0 0 0 0 0 
0.000653862762715317941 0.10272 1 0 0 14.0754 11.8349 0 0 1 -18.5896 -8.86683 22.7327 1 -15.7753 -8.04157 25.3163 0 0 0 0 5.566 11.6294 1170.55 1990.9 
0.000653862762715317941 0.184642 0 22499 0.168661 14.1782 12.0541 0 27.77161 -24.5638 1.76641 -12.8361 0 -0 0 0 0 -0 0 0 8.27727 16.7939 772.15 1526.82 
0.000653862762715317941 0.297596 0 7823 39.3151 14.618 13.0331 0 5.639521 -2.63503 3.88079 -3.13055 0 0 0 0 0 0 0 0 8.45887 21.64 67.8849 1391.94 
0.000653862762715317941 0.391903 0 5284 40.5322 14.1164 11.9219 0 10.34161 10.0279 -2.11876 1.37829 0 0 -0 0 0 0 -0 0 9.49207 19.7601 0 398.996 
0.000653862762715317941 0.546126 0 36465 39.0862 14.6775 13.1707 0 0.3060851 0.228464 0.156616 0.130245 0 0 0 0 0 0 0 0 7.49712 22.4067 2.30727 142.862 
0.000653862762715317941 0.701378 0 50618 39.3718 14.6202 13.0382 0 0.8599221 0.224679 -0.619265 0.552716 0 0 0 0 0 0 0 0 14.474 31.0893 22.5076 306.45 
0.000653862762715317941 1.06863 0 122995 40.6661 14.042 11.7646 0 55.58891 -26.9925 -30.2675 -38.0186 0 -0 0 0 0 -0 0 0 2.16068 10.8427 0 0 
0.000653862762715317941 1.60234 0 51605 40.827 14.0473 11.7757 0 24.18121 -9.65347 -8.11015 20.6342 0 0 0 0 0 0 0 0 4.78048 12.7872 1.21085 13.9616 
0.000653862762715317941 1.61028 0 191234 39.5368 14.579 12.9436 0 5.12881 3.96506 -0.458623 -3.22064 0 0 0 0 0 0 0 0 4.78048 12.7872 1.21085 13.9616 
0.000653862762715317941 1.77182 0 195207 39.8973 14.4186 12.5808 0 12.4871 11.143 -2.11979 -5.22168 0 0 0 0 0 0 0 0 1.76882 5.29251 0 0 
0.000653862762715317941 1.95537 0 82477 40.9632 14.1055 11.8987 0 20.96041 -13.1094 2.08785 -16.221 0 0 0 -0 0 0 0 -0 1.95502 13.2662 0 0 
0.000653862762715317941 2.02644 0 185827 39.6373 14.5214 12.8121 0 6.606811 1.3243 -0.340121 6.46378 0 0 0 0 0 0 0 0 2.05353 12.2454 0 0 
0.000653862762715317941 2.27205 0 189256 40.4504 14.1785 12.0546 0 17.32611 -6.64295 -13.5098 8.57618 0 -0 0 0 0 -0 0 0 0 6.82458 0 0 
0.000699758101000872465 0.048568 0 24007 0.433067 15.2122 13.691 0 01 0 0 0 0 0 0 0 0 0 0 0 7.28051 18.6505 333.129 975.175 
0.000699758101000872465 0.0909336 0 79197 38.3837 14.903 13.3829 0 01 0 0 0 0 0 0 0 0 0 0 0 7.28051 18.6505 333.129 975.175 
0.000699758101000872465 0.206775 0 32995 37.0429 15.2645 13.7381 0 01 0 0 0 0 0 0 0 0 0 0 0 9.87786 24.4044 488.138 786.592 
0.000699758101000872465 0.370113 0 58537 36.8577 36.1191 13.7059 0 01 0 0 0 0 0 0 0 0 0 0 0 9.98636 28.114 26.112 723.658 
0.000699758101000872465 0.438244 0 52396 35.881 35.1955 14.2966 0 01 0 0 0 0 0 0 0 0 0 0 0 16.3425 41.5656 445.256 1345.05 
0.000699758101000872465 0.451639 0 87721 37.6852 15.2051 13.6566 0 01 0 0 -0 0 0 0 -0 0 0 0 -0 16.3425 41.5656 445.256 1345.05 
0.000699758101000872465 0.455223 0 8274 35.9089 35.2221 14.2765 0 01 -0 0 0 0 -0 0 0 0 -0 0 0 10.7563 33.691 300.129 595.342 
0.000699758101000872465 0.480037 0 36799 37.7695 15.1482 13.6051 0 01 0 0 0 0 0 0 0 0 0 0 0 12.2456 40.111 277.151 531.592 
0.000699758101000872465 0.517804 1 23355 38.7463 13.1327 9.99882 0 0 1 4.04183 11.0734 17.2563 0 0 0 0 0 0 0 0 13.3014 31.7811 561.371 1264.17 
0.000699758101000872465 0.620461 0 128347 35.8955 35.2094 14.2844 0 01 0 0 0 0 0 0 0 0 0 0 0 13.6379 37.8705 333.931 570.395 
0.000699758101000872465 0.647528 0 90793 35.7125 35.0354 14.5139 0 01 0 0 0 0 0 0 0 0 0 0 0 15.4283 36.0584 0 411.064 
0.000699758101000872465 0.667334 0 70798 38.6921 14.8103 13.299 0 01 0 0 0 0 0 0 0 0 0 0 0 16.6499 41.2698 1050.96 1322.99 
0.000699758101000872465 0.854287 0 162583 37.01 36.263 13.7295 0 01 0 0 0 0 0 0 0 0 0 0 0 11.2395 34.6568 0 107.65 
0.000699758101000872465 1.06291 0 159247 38.304 14.9894 13.4612 0 01 0 0 0 0 0 0 0 0 0 0 0 18.8523 35.6184 1.76166 244.77 
0.000699758101000872465 1.25208 0 62469 36.8054 15.1531 13.6378 0 01 0 0 0 0 0 0 0 0 0 0 0 9.92164 33.461 0 153.214 
0.000699758101000872465 1.25546 0 143944 36.4785 35.7609 13.6989 0 01 0 0 0 0 0 0 0 0 0 0 0 9.92164 33.461 0 153.214 
0.000699758101000872465 1.3068 0 144496 36.8656 36.1266 13.6967 0 01 0 0 0 0 0 0 0 0 0 0 0 9.19287 28.9943 0 0 
0.000699758101000872465 1.34835 0 186579 35.8192 35.1365 14.3407 0 01 0 0 0 0 0 0 0 0 0 0 0 9.61807 30.1218 164.3 394.71 
0.000699758101000872465 1.45531 0 149543 36.7563 36.0225 13.6556 0 01 0 0 0 0 0 0 0 0 0 0 0 13.3654 22.1905 0 175.895 
0.000699758101000872465 1.60773 0 159486 37.6837 15.2068 13.6582 0 01 0 0 0 0 0 0 0 0 0 0 0 4.79611 17.6279 0 0 
0.000699758101000872465 2.00068 0 169315 36.9321 15.2126 13.6914 0 01 0 0 0 0 0 0 0 0 0 0 0 4.07678 16.2344 0 4.85753 
0.000699758101000872465 2.29694 0 167586 38.5806 14.8343 13.3207 0 01 0 0 0 0 0 0 0 0 0 0 0 2.36095 4.69901 0 0 
0.000699758101000872465 2.38167 0 170525 38.7956 14.7939 13.2841 0 01 0 0 0 0 0 0 0 0 0 0 0 2.36095 4.69901 0 0 
0.000699758101000872465 2.56316 0 198841 35.9894 35.2984 14.2176 0 01 0 0 -0 0 0 0 -0 0 0 0 -0 2.55016 7.55029 0 0 
0.000702157338573293445 0.47556 0 102873 35.6821 35.0068 14.5324 0 01 0 0 -0 0 0 0 -0 0 0 0 -0 0.940599 5.18424 0 37.1263 
0.000747053516198122459 0.205792 0 43247 34.425 33.8142 15.544 0 01 0 0 0 0 0 0 0 0 0 0 0 10.0249 28.5777 83.2745 1151.07 
0.000747053516198122459 0.367566 0 38744 34.4193 33.8088 15.5476 0 01 0 0 0 0 0 0 0 0 0 0 0 13.1837 33.4758 19.1751 356.798 
0.000747053516198122459 0.467382 1 0 34.8295 11.6162 7.6976 0 0 1 32.7859 46.1994 79.3678 1 11.8373 28.0637 -34.0827 0 0 0 -0 18.4104 46.2675 314.757 792.059 
0.000747053516198122459 0.77123 1 209141 37.9483 29.3613 26.4251 0 0 2 1.95749 2.13952 -1.35394 0 0 0 0 0 0 0 0 11.5437 30.8933 358.377 1004.05 
0.000747053516198122459 0.808285 0 71669 34.3464 33.7393 15.5939 0 01 0 0 0 0 0 0 0 0 0 0 0 7.99608 31.9423 0 47.2166 
0.000747053516198122459 0.98967 0 140577 33.135 32.5868 15.4484 0 40.77761 -7.43626 -16.1779 36.685 0 0 0 0 0 0 0 0 9.95585 24.8949 79.6184 100.744 
0.000747053516198122459 1.00494 0 138555 33.057 32.5124 15.3973 0 35.31741 32.759 12.7187 3.52184 0 0 0 0 0 0 0 0 9.95585 24.8949 79.6184 100.744 
0.000747053516198122459 1.0105 0 17420 33.4215 32.8599 15.5482 0 13.0341 13.0325 0.00379269 0.201994 0 0 0 0 0 0 0 0 12.2427 26.6114 260.023 401.545 
0.000747053516198122459 1.02171 1 204434 46.176 24.5333 22.08 0 0 2 -11.2733 -6.00124 20.9708 0 0 -0 0 0 0 -0 0 12.2427 26.6114 260.023 401.545 
0.000747053516198122459 1.02573 0 57393 35.2741 34.6209 14.8116 0 01 -0 0 0 0 -0 0 0 0 -0 0 0 12.2427 26.6114 260.023 401.545 
0.000747053516198122459 1.10722 0 149405 33.1739 32.6239 15.4772 0 8.658661 -7.44164 -1.0907 -4.29009 0 -0 0 0 0 -0 0 0 9.87484 38.3432 0 394.772 
0.000747053516198122459 1.22671 0 196116 35.192 34.5431 14.9629 0 01 0 0 0 0 0 0 0 0 0 0 0 6.1945 13.6798 0 0 
0.000747053516198122459 1.4816 0 87366 35.2759 34.6227 14.8109 0 01 0 0 0 0 0 0 0 0 0 0 0 5.92216 19.3179 0 93.215 
0.000747053516198122459 1.77578 0 165929 34.8882 34.2546 15.1639 0 01 -0 0 0 0 -0 0 0 0 -0 0 0 3.57517 22.8693 0 0 
0.000747053516198122459 1.9706 0 195542 33.3682 32.8091 15.5999 0 19.03481 -0.488598 -13.7748 13.1278 0 0 0 0 0 0 0 0 9.68326 15.4631 95.0741 120.727 
0.000747053516198122459 2.8512 0 191220 35.2742 34.621 14.8115 0 01 0 0 0 0 0 0 0 0 0 0 0 0 5.76672 0 0 
0.000747053516198122459 2.91552 0 137507 34.7929 34.1641 15.2234 0 01 0 0 0 0 0 0 0 0 0 0 0 0 5.76672 0 0 
0.000765813209880437528 0.511884 0 41308 32.768 32.2365 15.2543 0 61.46211 -29.1972 -25.4429 47.726 0 0 0 0 0 0 0 0 6.77677 21.4049 109.621 127.04 
0.000765813209880437528 0.529139 0 107151 32.3059 31.795 14.9114 0 83.32481 -41.7274 -61.3751 37.8807 0 -0 0 0 0 -0 0 0 6.77677 21.4049 109.621 127.04 
0.000765813209880437528 0.702851 0 30052 32.4488 31.9316 15.0209 0 86.14431 -1.57254 -48.4701 -71.1971 0 0 0 0 0 0 0 0 9.16463 20.3464 134.689 288.93 
0.000765813209880437528 0.856569 0 121925 32.1195 31.6164 14.7625 0 31.95831 -25.7043 -15.3796 11.1395 0 -0 0 0 0 -0 0 0 2.54861 11.0819 0 264.274 
0.000765813209880437528 0.905913 1 0 32.2172 10.8984 6.88838 0 0 1 -22.139 20.0317 -84.4229 1 -25.8636 -4.92032 16.9136 0 0 0 0 4.52715 10.8888 0 0 
0.000765813209880437528 1.24314 0 139792 31.9889 31.4922 14.6588 0 56.14171 -52.2557 -20.0515 4.37918 0 0 0 0 0 0 0 0 3.76112 11.3099 0 102.733 
0.000765813209880437528 1.70484 0 176355 32.2815 31.7717 14.892 0 33.21691 31.6152 -9.52588 -3.61921 0 0 0 -0 0 0 0 -0 5.06458 13.4725 0 172.412 
0.000816689037333370119 0.177239 0 26774 30.6602 30.2229 13.4802 0 118.1541 110.516 -21.703 -35.7157 0 0 -0 0 0 0 -0 0 10.5383 21.6649 609.324 1682.85 
0.000816689037333370119 0.323693 0 27397 30.0313 29.6196 12.9303 0 111.0841 -69.495 -71.7167 48.6507 0 -0 0 0 0 -0 0 0 14.2707 39.7774 145.15 959.776 
0.000816689037333370119 0.451523 0 34930 31.0161 30.5636 13.813 0 48.2421 -48.2121 0.649603 1.56781 0 0 0 0 0 0 0 0 19.0989 39.1529 401.781 661.665 
0.000816689037333370119 0.489029 0 71493 30.2655 29.8444 13.1515 0 67.65281 24.1752 -19.2324 60.1879 0 0 0 0 0 0 0 0 14.8728 43.5601 357.144 523.894 
0.000816689037333370119 0.500134 1 0 30.8252 10.7595 6.75264 0 0 1 -10.2954 -13.4743 -43.1759 1 -13.9919 -8.51104 11.4805 0 0 0 0 19.5547 44.0709 443.709 1213.17 
0.000816689037333370119 0.523092 0 79775 30.7969 30.3539 13.6084 0 80.03581 78.8566 -7.37874 11.5287 0 0 -0 0 0 0 -0 0 16.1801 41.2908 126.697 533.595 
0.000816689037333370119 0.571164 0 30458 30.8936 30.4465 13.698 0 169.0411 -36.0579 140.217 87.2576 0 0 0 0 0 0 0 0 18.1441 41.4341 700.84 981.123 
0.000816689037333370119 0.571261 0 132704 30.5626 30.1294 13.3868 0 176.8881 -146.62 -85.8434 49.2245 0 -0 0 0 0 -0 0 0 18.1441 41.4341 700.84 981.123 
0.000816689037333370119 0.587632 0 52314 30.7935 30.3506 13.6056 0 174.8141 -130.461 -107.295 -45.03 0 -0 0 0 0 -0 0 0 14.7434 41.2237 569.92 1148.25 
0.000816689037333370119 0.605769 0 43108 30.0418 29.6297 12.9417 0 81.44061 -52.0176 -45.3691 -43.2248 0 0 0 -0 0 0 0 -0 12.831 29.9895 0 453.016 
0.000816689037333370119 0.625832 0 154589 30.0242 29.6129 12.9223 0 84.88241 -63.2867 -0.294365 -56.5661 0 0 -0 0 0 0 -0 0 10.8374 40.078 222.963 528.926 
0.000816689037333370119 0.699948 0 109173 31.5459 31.0692 14.287 0 99.24541 -99.2413 0.902144 -0.0177125 0 0 0 0 0 0 0 0 18.2787 45.004 48.8265 331.258 
0.000816689037333370119 0.745177 0 194863 31.5906 31.1123 14.3254 0 114.8851 59.3403 -60.7771 77.3524 0 0 0 0 0 0 0 0 13.5425 36.1341 0 91.3245 
0.000816689037333370119 0.755388 0 86949 29.7502 29.3496 12.647 0 113.3251 111.648 -19.4257 0.163071 0 0 -0 0 0 0 -0 0 13.5425 36.1341 0 91.3245 
0.000816689037333370119 0.801816 0 66897 31.2341 30.7715 14.0117 0 51.37491 42.8657 -20.3417 -19.7009 0 0 -0 0 0 0 -0 0 11.2219 32.1332 0 337.868 
0.000816689037333370119 0.874266 0 69754 30.7762 30.3341 13.5893 0 69.47111 -69.3051 -1.30256 -4.62042 0 0 -0 0 0 0 -0 0 11.4815 32.6414 300.336 674.537 
0.000816689037333370119 0.881627 0 67849 31.2414 30.7784 14.0182 0 122.7131 103.744 -64.0768 -13.7792 0 0 -0 0 0 0 -0 0 11.4815 32.6414 300.336 674.537 
0.000816689037333370119 0.888667 0 19678 30.5204 30.0889 13.3449 0 35.06711 -35.067 -0.0465506 -0.0701951 0 0 0 -0 0 0 0 -0 11.4815 32.6414 300.336 674.537 
0.000816689037333370119 0.94448 0 48688 29.678 29.2802 12.5764 0 74.65581 6.15628 -64.0575 37.8448 0 0 0 0 0 0 0 0 7.50719 20.6405 77.8634 110.543 
0.000816689037333370119 0.964751 0 89901 30.3874 29.9614 13.2563 0 53.36911 -50.136 4.07649 17.8333 0 0 0 0 0 0 0 0 18.4438 35.9011 122.498 123.594 
0.000816689037333370119 0.966293 0 129259 29.8493 29.4448 12.7482 0 83.40021 26.1229 -79.1937 1.24401 0 0 0 0 0 0 0 0 18.4438 35.9011 122.498 123.594 
0.000816689037333370119 1.02747 0 154920 31.2574 30.7936 14.0325 0 94.8541 -57.4064 -73.1797 18.615 0 0 -0 0 0 0 -0 0 9.29281 22.7378 171.474 184.834 
0.000816689037333370119 1.24339 0 15422 31.4974 31.0228 14.2428 0 56.12821 52.7139 -12.4038 -14.7568 0 0 0 -0 0 0 0 -0 7.50171 28.7872 0 219.187 
0.000816689037333370119 1.38795 0 59481 30.6952 30.2564 13.5133 0 93.85381 -86.9038 34.0843 9.72245 0 -0 0 0 0 -0 0 0 12.5333 31.9377 48.808 289.794 
0.000816689037333370119 1.39071 0 55686 31.4713 30.9979 14.2214 0 80.94351 80.1636 -10.0435 -4.97807 0 0 0 -0 0 0 0 -0 12.5333 31.9377 48.808 289.794 
0.000816689037333370119 1.56761 0 169885 30.6318 30.1956 13.4531 0 71.67831 33.1459 51.9628 -36.5924 0 0 0 0 0 0 0 0 4.62826 17.0769 0 0 
0.000816689037333370119 2.03878 0 184947 31.2345 30.7718 14.012 0 95.04571 23.5641 -26.547 -88.1685 0 0 0 0 0 0 0 0 2.09598 10.398 0 0 
0.000816689037333370119 2.06049 0 183892 30.1223 29.707 13.0179 0 156.6771 -154.716 -22.0839 11.0909 0 0 0 0 0 0 0 0 2.09598 10.398 0 0 
0.000816689037333370119 2.08375 0 194475 30.6804 30.2422 13.4984 0 118.6221 40.2856 -30.8836 -107.212 0 0 -0 0 0 0 -0 0 2.09598 10.398 0 0 
0.000816689037333370119 2.10987 0 177987 30.7625 30.3209 13.5765 0 148.231 -130.55 33.1867 -61.8664 0 0 0 0 0 0 0 0 2.15378 21.6472 0 0 
0.000823752928633377846 1.20806 0 153147 29.442 29.0533 12.3363 0 112.7251 101.657 -15.6674 46.125 0 0 -0 0 0 0 -0 0 2.43843 4.90496 0 5.97651 
0.000864230871818992877 0.234032 0 19650 29.1244 28.7487 12.0019 0 67.57461 46.7327 -48.8068 -0.526107 0 0 -0 0 0 0 -0 0 10.4692 26.4779 583.403 1450.63 
0.000864230871818992877 0.329716 0 95010 29.1241 28.7484 12.0015 0 248.3961 170.011 167.996 -67.634 0 0 0 -0 0 0 0 -0 16.1156 34.1569 14.7183 590.999 
0.000864230871818992877 0.433832 0 41160 28.0132 27.6807 10.8091 0 77.90541 47.2029 31.2154 53.5419 0 0 0 0 0 0 0 0 9.56153 31.8333 420.486 948.985 
0.000864230871818992877 0.439671 1 0 0 9.73762 5.96011 0 0 1 10.9716 -66.9452 45.7951 1 -23.5491 -7.72943 -21.6696 0 0 0 -0 9.56153 31.8333 420.486 948.985 
0.000864230871818992877 0.506863 0 29137 28.8047 28.4421 11.663 0 143.0421 123.971 -18.2317 68.9914 0 0 -0 0 0 0 -0 0 10.5688 31.6623 37.3479 351.047 
0.000864230871818992877 0.570364 1 206604 28.5508 18.7453 16.8708 0 0 2 4.38686 15.8417 6.19956 0 0 0 0 0 0 0 0 13.1558 29.6447 21.8996 334.956 
0.000864230871818992877 0.580887 0 6292 29.1038 28.729 11.9836 0 180.341 88.1277 -5.63541 157.24 0 0 0 0 0 0 0 0 13.1558 29.6447 21.8996 334.956 
0.000864230871818992877 0.593472 0 39238 28.202 27.8625 11.0135 0 200.9471 -43.3094 -115.831 -158.39 0 0 0 -0 0 0 0 -0 13.0446 31.4298 31.6197 145.774 
0.000864230871818992877 0.60225 0 6219 28.0697 27.7351 10.8714 0 193.9121 -180.39 -25.5848 -66.3855 0 0 0 -0 0 0 0 -0 13.0446 31.4298 31.6197 145.774 
0.000864230871818992877 0.637903 0 23097 28.6906 28.3324 11.5405 0 214.6031 212.113 31.8309 -7.02198 0 0 0 0 0 0 0 0 14.7287 29.432 0 674.301 
0.000864230871818992877 0.650602 0 61856 28.5407 28.1882 11.3816 0 173.0741 -113.243 -18.3701 -129.588 0 0 0 -0 0 0 0 -0 12.5557 27.0673 4.16583 238.655 
0.000864230871818992877 0.800088 0 73589 27.9947 27.6629 10.789 0 31.01671 -21.9407 19.9768 9.0313 0 0 0 0 0 0 0 0 5.64399 28.3334 206.696 266.887 
0.000864230871818992877 0.824606 0 99537 28.3536 28.0079 11.1803 0 227.4431 213.873 4.4766 77.2567 0 0 0 0 0 0 0 0 10.8489 28.3457 37.1475 398.261 
0.000864230871818992877 0.851956 0 86890 27.8716 27.5442 10.6553 0 222.0871 -178.925 -14.4958 -130.761 0 0 -0 0 0 0 -0 0 12.0536 37.0585 529.282 530.735 
0.000864230871818992877 0.966998 0 126118 28.7826 28.4208 11.6407 0 163.9461 129.702 -99.2885 -14.0484 0 0 0 -0 0 0 0 -0 8.81587 35.2012 20.8553 23.0445 
0.000864230871818992877 1.0618 0 106288 28.3056 27.9619 11.1277 0 225.1041 197.417 -85.3972 -66.3748 0 0 0 0 0 0 0 0 7.46313 26.6978 130.475 195.249 
0.000864230871818992877 1.14715 0 129944 28.0037 27.6715 10.7981 0 263.0071 25.9765 131.306 226.4 0 0 0 0 0 0 0 0 11.3908 26.2615 2.42357 241.169 
0.000864230871818992877 1.35547 0 162556 28.4539 28.1043 11.2867 0 176.9221 175.587 -17.9176 12.2269 0 0 0 0 0 0 0 0 6.72098 20.2859 71.2661 71.2661 
0.000864230871818992877 1.50569 0 152125 29.2841 28.9021 12.1729 0 103.5511 -56.5894 21.4027 84.0375 0 -0 0 0 0 -0 0 0 1.5035 16.568 0 0 
0.000864230871818992877 1.60089 0 54359 28.9575 28.5889 11.8281 0 73.01331 72.5191 2.84748 -7.98848 0 0 0 -0 0 0 0 -0 1.64825 9.80023 0 1.24699 
0.000864230871818992877 1.69875 0 185079 29.0216 28.6504 11.8976 0 225.9041 220.869 16.4099 44.4961 0 0 0 0 0 0 0 0 3.41744 11.9326 0 0 
0.000864230871818992877 1.72389 0 67839 28.2831 27.9403 11.103 0 182.4881 176.42 -25.5964 39.0191 0 0 0 0 0 0 0 0 3.41744 11.9326 0 0 
0.000864230871818992877 1.94256 0 171631 28.0086 27.6763 10.8036 0 190.0521 168.784 86.6517 -11.0985 0 0 0 0 0 0 0 0 7.80393 19.609 0 0 
0.000864230871818992877 2.05264 0 185355 28.3386 27.9936 11.164 0 150.3521 139.97 47.6423 -27.2785 0 0 0 0 0 0 0 0 4.23002 12.6296 55.3878 55.3878 
0.000864230871818992877 2.07551 0 179360 28.9337 28.5661 11.8039 0 63.40221 52.6049 -29.148 20.0737 0 0 -0 0 0 0 -0 0 4.23002 12.6296 55.3878 55.3878 
0.000864230871818992877 2.32881 0 185527 27.9668 27.636 10.7582 0 267.1841 228.036 -95.4882 -101.336 0 0 -0 0 0 0 -0 0 2.37927 7.19187 0 0 
0.000864230871818992877 3.91741 0 193763 28.3885 28.0414 11.2185 0 147.5171 -136.617 -49.9776 -24.4829 0 0 0 -0 0 0 0 -0 3.25738 6.3232 0 0 
0.000934941263199655977 0.0910556 0 125335 26.327 26.0533 8.96287 0 152.8371 122.066 91.1989 -11.9078 0 0 0 0 0 0 0 0 11.0206 25.1959 551.196 1211.2 
0.000934941263199655977 0.186055 1 204329 29.757 18.6451 16.7803 0 0 2 -2.96033 -33.4095 -3.58105 0 0 0 0 0 0 0 0 11.0206 25.1959 551.196 1211.2 
0.000934941263199655977 0.219614 0 18064 27.4481 27.1358 10.1896 0 205.3281 189.658 76.7033 17.4871 0 0 0 0 0 0 0 0 17.0802 37.4207 423.874 792.952 
0.000934941263199655977 0.424359 0 149828 25.8174 25.5609 8.41179 0 136.1231 -25.6709 -131.858 21.9996 0 0 0 0 0 0 0 0 23.1693 50.1983 270.824 522.055 
0.000934941263199655977 0.438829 0 81542 27.2419 26.9366 9.96316 0 256.441 155.272 -198.65 -46.7984 0 0 0 0 0 0 0 0 23.1693 50.1983 270.824 522.055 
0.000934941263199655977 0.468455 0 49516 26.5959 26.3132 9.25598 0 214.5341 13.9783 172.782 126.395 0 0 0 0 0 0 0 0 22.5379 51.0564 571.609 855.606 
0.000934941263199655977 0.483971 0 131510 26.0311 25.7677 8.6431 0 341.5141 -309.083 -65.6179 -129.592 0 -0 0 0 0 -0 0 0 18.8696 48.8973 121.784 615.846 
0.000934941263199655977 0.526562 0 61838 27.3392 27.0307 10.0692 0 214.8151 -42.8421 -166.848 128.343 0 0 0 0 0 0 0 0 21.1946 51.9383 216.079 1140.63 
0.000934941263199655977 0.529966 0 141353 27.2499 26.9444 9.97301 0 177.6421 -152.999 43.2477 -79.2321 0 -0 0 0 0 -0 0 0 21.1946 51.9383 216.079 1140.63 
0.000934941263199655977 0.535717 1 0 26.0415 25.9285 8.76804 0 0 1 329.22 -307.603 143.817 0 0 -0 0 0 0 -0 0 21.1946 51.9383 216.079 1140.63 
0.000934941263199655977 0.574529 0 18681 26.3216 26.0481 8.95722 0 191.6321 -191.286 -9.86664 5.92421 0 0 0 0 0 0 0 0 16.039 45.2417 396.986 937.346 
0.000934941263199655977 0.608439 1 0 25.673 25.5382 8.46869 0 0 1 -131.956 -140.887 67.8539 0 0 -0 0 0 0 -0 0 19.823 48.241 96.6622 618.504 
0.000934941263199655977 0.657432 0 64738 25.6395 25.3886 8.22197 0 147.8021 -137.059 46.8205 -29.4644 0 -0 0 0 0 -0 0 0 21.9533 51.9149 431.906 1191 
0.000934941263199655977 0.751755 0 145174 26.2275 25.9572 8.85457 0 148.7451 141.526 -22.4693 39.8824 0 0 -0 0 0 0 -0 0 12.9878 39.645 193.888 1048.01 
0.000934941263199655977 0.778702 0 89672 26.1819 25.9133 8.80488 0 156.8171 83.1721 -107.433 -78.3075 0 0 0 0 0 0 0 0 21.904 40.0273 630.289 693.409 
0.000934941263199655977 0.926188 0 89495 27.5396 27.2241 10.2915 0 218.321 -139.473 83.8446 -145.537 0 -0 0 0 0 -0 0 0 15.6309 41.411 27.1505 155.287 
0.000934941263199655977 0.985021 0 60209 25.824 25.5673 8.41936 0 212.711 98.2264 -126.658 139.839 0 0 -0 0 0 0 -0 0 16.6681 48.9602 5.07511 101.968 
0.000934941263199655977 0.988761 0 187038 27.069 26.7696 9.77372 0 339.3021 330.733 64.6374 -39.5371 0 0 0 0 0 0 0 0 16.6681 48.9602 5.07511 101.968 
0.000934941263199655977 1.05372 0 75139 25.8884 25.6296 8.48812 0 159.1761 -9.20329 75.2964 139.938 0 0 0 0 0 0 0 0 15.6223 38.5446 122.25 458.073 
0.000934941263199655977 1.15539 0 166175 25.6275 25.3771 8.20826 0 210.7811 -31.8469 47.0051 202.99 0 0 0 0 0 0 0 0 10.2778 27.5119 0 0 
0.000934941263199655977 1.27674 0 132710 27.7405 27.4179 10.5107 0 125.1211 -56.0137 -26.1435 108.785 0 -0 0 0 0 -0 0 0 6.3515 22.8134 0 444.128 
0.000934941263199655977 1.42438 0 77143 25.7174 25.4641 8.3044 0 287.0351 240.665 -150.032 44.268 0 0 0 0 0 0 0 0 15.4274 32.3191 336.156 392.473 
0.000934941263199655977 1.60023 0 131361 26.4753 26.1964 9.12287 0 265.3921 124.153 -128.705 196.097 0 0 0 0 0 0 0 0 6.31275 25.1859 23.7833 23.7833 
0.000934941263199655977 1.61596 0 181037 27.2189 26.9145 9.93838 0 244.7371 -187.118 -131.487 -87.1436 0 0 0 0 0 0 0 0 8.25064 19.7199 145.939 145.939 
0.000934941263199655977 1.65162 0 158284 26.0693 25.8046 8.68309 0 175.4381 -175.263 -5.08547 -5.95554 0 0 0 0 0 0 0 0 8.25064 19.7199 145.939 145.939 
0.000934941263199655977 1.83798 0 129927 27.4288 27.1172 10.1687 0 228.2691 -227.8 -12.2271 -8.01053 0 0 0 0 0 0 0 0 9.30449 27.955 0 35.4793 
0.000934941263199655977 1.8848 0 149264 27.311 27.0034 10.0385 0 121.0211 22.4794 -118.839 4.25872 0 0 -0 0 0 0 -0 0 9.30449 27.955 0 35.4793 
0.000934941263199655977 1.90771 0 166801 27.6131 27.2951 10.3701 0 249.6281 -12.9165 237.006 77.3016 0 -0 0 0 0 -0 0 0 9.30449 27.955 0 35.4793 
0.000934941263199655977 1.94844 0 171637 26.0749 25.8101 8.68926 0 117.0921 114.629 10.6261 -21.3949 0 0 0 0 0 0 0 0 7.92974 15.6813 0 0 
0.000934941263199655977 1.97886 0 170681 26.196 25.9268 8.82053 0 204.2261 -70.9218 18.295 -190.64 0 0 0 0 0 0 0 0 7.92974 15.6813 0 0 
0.000934941263199655977 2.7576 0 195209 26.2463 25.9753 8.87516 0 401.7351 -91.9219 339.689 -193.785 0 0 0 0 0 0 0 0 0 11.5251 0 0 
0.000934941263199655977 5.62538 0 8327 26.2079 25.9383 8.83319 0 70.27121 40.4559 8.69741 -56.7954 0 0 0 0 0 0 0 0 3.21824 20.9714 0 0 
0.00096756293967927118 0.709164 0 197303 24.8468 24.6205 7.38639 0 238.9441 -238.902 -4.15556 -1.66591 0 0 -0 0 0 0 -0 0 7.84183 25.7354 0 55.8526 
0.00096756293967927118 0.879321 0 140637 24.8446 24.6183 7.38408 0 240.7241 -211.275 -106.899 -43.3977 0 -0 0 0 0 -0 0 0 7.82211 24.3128 0 660.929 
0.00096756293967927118 0.922399 0 185177 24.903 24.6748 7.44471 0 252.5951 227.508 -108.328 -17.5956 0 0 -0 0 0 0 -0 0 6.43366 24.0062 234.308 325.391 
0.00096756293967927118 1.06211 0 126498 25.4469 25.2021 8.01647 0 208.9521 39.5501 -133.039 156.197 0 0 0 0 0 0 0 0 9.45109 29.403 0 65.6922 
0.00096756293967927118 1.10935 0 112460 25.4119 25.1681 7.97849 0 358.0281 -150.633 -227.798 -231.521 0 0 0 0 0 0 0 0 3.34807 18.9354 0 0 
0.00096756293967927118 1.31601 0 105386 25.5418 25.294 8.11745 0 147.3021 81.3876 -20.3226 121.082 0 0 0 0 0 0 0 0 10.5501 22.4189 60.0962 206.114 
0.00096756293967927118 1.37262 0 81629 24.9271 24.6981 7.46978 0 291.6431 -291.591 3.42093 -4.3446 0 -0 0 0 0 -0 0 0 4.06128 16.304 0 45.3125 
0.00096756293967927118 1.57491 0 163317 24.8582 24.6315 7.39819 0 151.1331 118.785 93.4061 -2.57037 0 0 0 0 0 0 0 0 7.87638 18.9963 0 0 
0.00096756293967927118 1.79426 0 190546 25.1519 24.916 7.70395 0 199.8931 -172.641 14.1523 -99.7586 0 0 0 0 0 0 0 0 8.93652 19.6714 0 66.2983 
0.00096756293967927118 1.80873 0 165019 24.9833 24.7523 7.52813 0 164.651 159.102 38.3861 -17.9666 0 0 0 -0 0 0 0 -0 8.93652 19.6714 0 66.2983 
0.00096756293967927118 2.62744 0 186121 24.8636 24.6367 7.40381 0 322.2431 255.178 92.7006 173.585 0 0 0 0 0 0 0 0 0 2.62997 0 0 
0.000985383455818848427 0.266126 0 63470 24.6264 24.4067 7.15922 0 203.1231 9.45513 -99.8427 176.638 0 0 -0 0 0 0 -0 0 8.41093 19.3084 117.16 490.614 
0.000985383455818848427 0.443707 0 77879 24.5368 24.3198 7.06745 0 451.5791 370.51 -44.7337 254.253 0 0 0 0 0 0 0 0 6.18044 20.2884 176.633 367.158 
0.000985383455818848427 0.468091 0 73656 24.4481 24.2336 6.9769 0 99.45071 -25.4841 41.4193 86.7493 0 0 0 0 0 0 0 0 7.86707 21.8211 17.3945 204.166 
0.000985383455818848427 1.11262 0 118226 24.3179 24.1072 6.84538 0 245.6331 197.645 129.146 -67.7744 0 0 0 0 0 0 0 0 3.3671 11.2139 0 82.0997 
0.000985383455818848427 1.16106 0 87460 24.6284 24.4087 7.16133 0 181.9261 143.63 -10.8003 -111.133 0 0 -0 0 0 0 -0 0 4.62806 9.25917 29.8542 29.8542 
0.000985383455818848427 1.16932 0 144498 24.3374 24.1261 6.86512 0 474.7871 -89.3018 -437.744 160.712 0 0 0 0 0 0 0 0 4.62806 9.25917 29.8542 29.8542 
0.000985383455818848427 2.49274 0 187804 24.3237 24.1128 6.85114 0 425.8541 -361.382 25.5643 -223.833 0 0 0 -0 0 0 0 -0 2.58817 2.58817 0 0 
0.000992350447541099365 2.50859 0 165677 24.2251 24.0171 6.75181 0 169.1151 -163.499 -43.0433 -3.8904 0 -0 0 0 0 -0 0 0 0 0 0 0 
0.00105048830149644828 0.424704 0 159018 22.8485 22.6786 17.2307 0 01 0 0 0 0 0 0 0 0 0 0 0 12.7015 41.9067 427.451 890.75 
0.00105048830149644828 0.556471 0 74516 23.4024 23.2175 5.94582 0 153.0911 118.427 -96.3766 11.1107 0 0 0 0 0 0 0 0 14.1427 38.3708 142.067 254.405 
0.00105048830149644828 0.739469 0 77061 23.5 23.3125 6.03906 0 427.9091 371.554 -155.13 -144.874 0 0 0 0 0 0 0 0 14.6582 42.3834 419.376 584.056 
0.00105048830149644828 0.772071 0 106367 22.8454 22.6755 17.2286 0 01 0 -0 0 0 0 -0 0 0 0 -0 0 18.7633 37.4638 79.032 90.291 
0.00105048830149644828 0.87227 0 5708 23.4869 23.2997 6.02649 0 224.0961 162.394 9.31875 -154.143 0 0 0 0 0 0 0 0 13.2833 30.0599 68.5053 200.267 
0.00105048830149644828 0.878303 0 78975 22.9598 22.7869 5.53088 0 212.1321 -212.102 3.04267 -1.91621 0 -0 0 0 0 -0 0 0 13.2833 30.0599 68.5053 200.267 
0.00105048830149644828 0.9341 0 31525 22.9882 22.8146 5.55709 0 429.2951 -351.434 89.0065 229.927 0 0 0 0 0 0 0 0 9.37743 28.1693 156.966 221.544 
0.00105048830149644828 1.01798 0 109592 23.684 23.4911 6.21678 0 40.21251 9.485 -20.7076 -33.1402 0 0 -0 0 0 0 -0 0 11.3793 32.0733 0 129.439 
0.00105048830149644828 1.41627 0 190351 23.2074 23.0276 5.76101 0 345.3351 -225.979 120.843 231.488 0 0 0 0 0 0 0 0 10.0438 34.4396 0 0 
0.00105048830149644828 1.49525 0 83813 23.7236 23.5295 6.25516 0 395.6591 -386.077 76.1852 41.0622 0 0 0 0 0 0 0 0 4.48416 16.4136 0 0 
0.00105048830149644828 1.84257 0 199257 23.1499 22.9717 5.70714 0 572.9751 -561.234 -113.006 23.3754 0 0 -0 0 0 0 -0 0 7.32153 18.2806 0 7.51784 
0.00105048830149644828 1.96095 0 175854 22.8738 22.7033 17.2363 0 01 0 -0 0 0 0 -0 0 0 0 -0 0 4.02212 19.8715 0 10.1024 
0.00105048830149644828 2.16396 0 96095 23.6268 23.4357 6.16124 0 560.3981 401.731 -268.57 283.776 0 0 -0 0 0 0 -0 0 8.40864 16.8459 0 39.6752 
0.00105048830149644828 2.18773 0 98258 23.7794 23.5836 6.3093 0 319.4151 -317.019 -35.4577 16.3701 0 0 0 0 0 0 0 0 0 6.75922 0 0 
0.00108432032281170244 0.224615 0 5085 22.277 22.1217 17.0217 0 01 0 0 -0 0 0 0 -0 0 0 0 -0 10.75 25.2398 352.308 999.755 
0.00108432032281170244 0.555655 0 13000 22.4451 22.2851 17.084 0 01 0 -0 0 0 0 -0 0 0 0 -0 0 11.9263 30.693 115.295 166.066 
0.00108432032281170244 0.615094 0 45426 22.4067 22.2478 17.0697 0 01 0 0 0 0 0 0 0 0 0 0 0 8.57339 24.4827 80.3688 195.241 
0.00108432032281170244 1.24091 0 161955 22.1664 22.0138 16.9751 0 01 0 0 0 0 0 0 0 0 0 0 0 3.72315 19.971 0 1.25485 
0.00108432032281170244 1.31727 0 148434 22.568 22.4052 17.1265 0 01 0 0 -0 0 0 0 -0 0 0 0 -0 2.66235 17.3754 0 0 
0.00108432032281170244 1.85315 0 153408 22.7891 22.6207 17.2075 0 01 0 0 0 0 0 0 0 0 0 0 0 5.44226 23.786 3.53211 3.53211 
0.00108661396069953029 0.236111 0 1919 22.1494 21.9972 16.969 0 01 0 -0 0 0 0 -0 0 0 0 -0 0 1.36166 2.93072 0 69.5541 
0.00109030060497342205 2.37026 0 189779 22.0877 21.9368 16.9432 0 01 -0 0 0 0 -0 0 0 0 -0 0 0 0 0 0 0 
0.00111264783142001121 0.230787 0 5802 21.7804 21.637 16.821 0 01 0 0 0 0 0 0 0 0 0 0 0 9.13027 19.8321 162.628 1249.24 
0.00111264783142001121 0.319818 0 18397 21.7831 21.6396 16.8223 0 01 0 0 0 0 0 0 0 0 0 0 0 9.1498 23.7376 373.843 833.956 
0.00111264783142001121 0.439498 0 24795 21.8114 21.6673 16.8347 0 01 0 0 0 0 0 0 0 0 0 0 0 10.2995 22.8385 120.035 242.405 
0.00111264783142001121 0.582736 0 62404 21.7151 21.5734 16.794 0 01 0 0 0 0 0 0 0 0 0 0 0 8.24212 24.1282 120.05 368.284 
0.00111264783142001121 1.00847 0 143717 21.9963 21.8477 16.9082 0 01 0 -0 0 0 0 -0 0 0 0 -0 0 3.03696 13.0947 0 0 
0.00111264783142001121 1.2447 0 153745 22.0528 21.9027 16.9303 0 01 -0 0 0 0 -0 0 0 0 -0 0 0 3.77188 12.5077 0 0 
0.00111264783142001121 1.39641 0 147298 21.7574 21.6146 16.8119 0 01 0 0 0 0 0 0 0 0 0 0 0 5.53237 22.1035 0 6.34551 
0.00111264783142001121 1.55058 0 163978 22.052 21.9019 16.9296 0 01 0 0 0 0 0 0 0 0 0 0 0 4.6315 9.25255 0 4.24433 
0.00111264783142001121 1.77229 0 150319 21.8709 21.7253 16.8591 0 01 0 -0 0 0 0 -0 0 0 0 -0 0 3.51213 14.024 0 0 
0.00111264783142001121 2.22385 0 172139 21.7289 21.5868 16.7994 0 01 -0 0 0 0 -0 0 0 0 -0 0 0 2.22701 8.96038 0 202.176 
0.00115512481642080812 0.0941721 1 2133 0 21.1184 16.5959 0 0 1 -0.000760961 -0.0202275 0.00304848 0 0 0 0 0 0 0 0 9.40879 19.9926 737.828 1466.96 
0.00115512481642080812 0.287324 0 61834 21.0137 20.8878 16.4888 0 01 0 -0 0 0 0 -0 0 0 0 -0 0 11.9091 30.6125 712.907 1073.93 
0.00115512481642080812 0.427078 0 34929 21.5077 21.371 16.705 0 01 -0 0 0 0 -0 0 0 0 -0 0 0 17.8636 41.2638 109.141 1069.34 
0.00115512481642080812 0.813191 0 13778 21.0531 20.9263 16.5063 0 01 0 0 0 0 0 0 0 0 0 0 0 14.5693 31.5243 45.5458 395.444 
0.00115512481642080812 0.928479 0 161127 21.1922 21.0625 16.5705 0 01 0 0 -0 0 0 0 -0 0 0 0 -0 18.2772 43.9221 38.8259 38.8259 
0.00115512481642080812 0.970158 0 74169 21.2241 21.0937 16.584 0 01 0 0 0 0 0 0 0 0 0 0 0 7.81438 21.4208 5.37482 5.37482 
0.00115512481642080812 1.02981 0 63111 21.6082 21.4692 16.7506 0 01 0 0 -0 0 0 0 -0 0 0 0 -0 7.24421 22.799 308.328 386.195 
0.00115512481642080812 1.0651 0 74810 21.3199 21.1874 16.627 0 01 0 0 0 0 0 0 0 0 0 0 0 5.31586 22.41 0 0 
0.00115512481642080812 1.23929 0 164300 20.9292 20.8051 16.449 0 01 0 -0 0 0 0 -0 0 0 0 -0 0 5.04164 12.5237 29.7231 29.7231 
0.00115512481642080812 1.26336 0 190379 21.548 21.4104 16.7241 0 01 0 0 0 0 0 0 0 0 0 0 0 5.04164 12.5237 29.7231 29.7231 
0.00115512481642080812 1.2971 0 125439 21.3014 21.1693 16.6186 0 01 0 0 0 0 0 0 0 0 0 0 0 6.49932 19.4729 0 35.6261 
0.00115512481642080812 1.90519 0 150526 21.52 21.383 16.7099 0 01 0 0 -0 0 0 0 -0 0 0 0 -0 7.57763 20.8478 0 23.7876 
0.00115512481642080812 2.49514 0 139643 0.0840909 21.4453 17.373 0 01 0 0 0 0 0 0 0 0 0 0 0 2.39446 7.21008 0 0 
0.0011617354579575715 3.5901 0 199578 20.9148 20.791 16.4427 0 01 0 0 0 0 0 0 0 0 0 0 0 0 3.16398 0 0 
0.00118412202278517491 0.440623 0 98571 20.554 20.438 16.2741 0 01 0 0 -0 0 0 0 -0 0 0 0 -0 4.93794 20.3014 0 142.831 
0.00118412202278517491 0.464536 0 52009 20.6358 20.5181 16.3121 0 01 0 0 0 0 0 0 0 0 0 0 0 9.99153 24.7394 170.926 512.681 
0.00118412202278517491 0.631299 0 33876 20.5916 20.4748 16.2933 0 01 0 0 0 0 0 0 0 0 0 0 0 7.60724 21.0378 0 214.115 
0.00118412202278517491 0.680803 0 23718 20.5115 20.3964 16.2559 0 01 0 0 -0 0 0 0 -0 0 0 0 -0 5.4682 19.8668 0 0 
0.00118412202278517491 0.955218 0 171741 20.7738 20.6529 16.3769 0 01 0 0 0 0 0 0 0 0 0 0 0 0.951479 12.318 0 0 
0.00118412202278517491 1.36485 0 163707 20.5744 20.4579 16.2849 0 01 0 0 0 0 0 0 0 0 0 0 0 0 11.1027 0 0 
0.00124108069268572875 0.23113 0 29294 20.3085 20.1976 16.1569 0 01 0 0 0 0 0 0 0 0 0 0 0 13.5558 34.0937 1038.72 1668.44 
0.00124108069268572875 0.444645 0 17368 20.3403 20.2287 16.1719 0 01 0 -0 0 0 0 -0 0 0 0 -0 0 22.0196 48.1701 13.2828 307.837 
0.00124108069268572875 0.505182 0 44830 20.2644 20.1541 16.1361 0 01 0 0 -0 0 0 0 -0 0 0 0 -0 17.9656 42.9634 66.0263 514.531 
0.00124108069268572875 0.616509 0 151331 20.3561 20.2441 16.1796 0 01 0 0 0 0 0 0 0 0 0 0 0 16.5928 35.0067 97.7339 609.906 
0.00124108069268572875 0.970857 0 82874 20.4299 20.3165 16.2163 0 01 0 0 -0 0 0 0 -0 0 0 0 -0 15.5963 35.0377 13.5938 27.2497 
0.00124108069268572875 1.12779 0 148444 20.3789 20.2665 16.1912 0 01 0 0 0 0 0 0 0 0 0 0 0 6.83284 25.0463 0 0 
0.00124108069268572875 1.20053 0 143635 20.4154 20.3022 16.21 0 01 0 0 0 0 0 0 0 0 0 0 0 17.0322 24.339 0 226.563 
