#1:time #2:r #3.binary? #4:ID #5:zams_m #6:m_progenitor #7:bh mass #8:bh_spin #9:birth-kick(km/s) #10-25:vsarray
0.00036110097920793099 0.121639 1 9424 0 15.3581 13.6266 0 0 1 -0.00414621 0.0137109 -0.00432368 0 -0 0 0 0 -0 0 0 14.2208 34.8993 1529.75 3309.73 
0.00036110097920793099 0.172565 0 59411 80.6805 13.689 10.8629 0 10.10121 -6.44024 6.61093 4.10533 0 0 0 0 0 0 0 0 19.9693 46.8049 1641.3 3052.58 
0.00036110097920793099 0.202718 0 24087 87.1549 14.3005 12.1281 0 22.11531 11.6106 14.7895 11.6427 0 0 0 0 0 0 0 0 19.9693 46.8049 1641.3 3052.58 
0.00036110097920793099 0.190451 0 434039 0.1645 13.8749 11.2329 0 67.70131 -66.7514 -10.8692 3.096 0 0 0 0 0 0 0 0 19.9693 46.8049 1641.3 3052.58 
0.00036110097920793099 0.261271 0 73525 137.077 16.7493 14.9502 0 01 0 -0 0 0 0 -0 0 0 0 -0 0 30.5072 66.9263 2096.54 3905.09 
0.00036110097920793099 0.27685 0 375794 145.132 16.6675 14.8721 0 01 0 0 0 0 0 0 0 0 0 0 0 30.5072 66.9263 2096.54 3905.09 
0.00036110097920793099 0.279578 0 122627 80.8837 13.7319 10.9472 0 65.4781 38.4011 43.4898 30.3539 0 0 0 0 0 0 0 0 30.5072 66.9263 2096.54 3905.09 
0.00036110097920793099 0.285875 0 34242 102.31 15.6974 13.9481 0 01 0 0 0 0 0 0 0 0 0 0 0 23.9937 63.9667 1153.63 2461.37 
0.00036110097920793099 0.309483 1 40380 0 16.7568 14.9574 0 0 2 -0.0058562 0.00512912 0.0011884 0 0 0 0 0 0 0 0 23.9937 63.9667 1153.63 2461.37 
0.00036110097920793099 0.318269 0 92882 107.222 15.8671 14.1091 0 01 0 -0 0 0 0 -0 0 0 0 -0 0 23.3826 60.8559 910.974 2413.95 
0.00036110097920793099 0.332043 0 34504 124.455 16.6787 14.8828 0 01 0 0 0 0 0 0 0 0 0 0 0 23.3826 60.8559 910.974 2413.95 
0.00036110097920793099 0.345887 0 100504 136.028 16.6735 14.8778 0 01 0 0 0 0 0 0 0 0 0 0 0 25.3208 68.1926 1673.03 3918 
0.00036110097920793099 0.362421 0 48757 103.84 15.7305 13.9794 0 01 0 -0 0 0 0 -0 0 0 0 -0 0 25.3208 68.1926 1673.03 3918 
0.00036110097920793099 0.363432 0 268677 111.171 16.2765 14.4987 0 01 -0 0 0 0 -0 0 0 0 -0 0 0 25.3208 68.1926 1673.03 3918 
0.00036110097920793099 0.389901 0 259495 90.0112 14.4733 12.5107 0 7.363941 -1.20461 -5.54609 -4.69227 0 -0 0 0 0 -0 0 0 28.6547 69.6105 897.619 2018.13 
0.00036110097920793099 0.392948 0 217686 100.932 15.4459 13.7097 0 01 0 0 0 0 0 0 0 0 0 0 0 28.6547 69.6105 897.619 2018.13 
0.00036110097920793099 0.4041 0 64926 104.991 15.7343 13.983 0 01 -0 0 0 0 -0 0 0 0 -0 0 0 28.6547 69.6105 897.619 2018.13 
0.00036110097920793099 0.404301 0 1230 0 16.0883 14.3194 0 01 0 0 0 0 0 0 0 0 0 0 0 28.6547 69.6105 897.619 2018.13 
0.00036110097920793099 0.41249 0 188351 108.592 16.1058 14.3361 0 01 0 0 0 0 0 0 0 0 0 0 0 26.5482 73.3256 1449.59 2493.2 
0.00036110097920793099 0.414444 0 167048 92.1791 14.6947 13.0009 0 01 0 -0 0 0 0 -0 0 0 0 -0 0 26.5482 73.3256 1449.59 2493.2 
0.00036110097920793099 0.415692 1 48795 0 16.6447 14.8502 0 0 2 0.00447417 -0.00539261 0.00170478 0 0 0 0 0 0 0 0 26.5482 73.3256 1449.59 2493.2 
0.00036110097920793099 0.431586 0 61743 148.621 16.6447 14.8502 0 01 0 0 0 0 0 0 0 0 0 0 0 26.5482 73.3256 1449.59 2493.2 
0.00036110097920793099 0.450294 0 213487 96.2306 15.0406 13.3267 0 01 0 0 -0 0 0 0 -0 0 0 0 -0 26.6183 72.2795 329.446 1667.02 
0.00036110097920793099 0.445449 1 10657 0 15.8663 14.1084 0 0 1 -0.00171883 0.0110696 0.00296904 0 0 0 0 0 0 0 0 26.6183 72.2795 329.446 1667.02 
0.00036110097920793099 0.447759 0 503551 0 14.689 12.9955 0 01 0 0 0 0 0 0 0 0 0 0 0 26.6183 72.2795 329.446 1667.02 
0.00036110097920793099 0.458725 0 42429 77.2398 13.3061 10.1407 0 64.58981 -58.9018 -21.3664 -15.6814 0 -0 0 0 0 -0 0 0 26.0687 66.497 676.374 1345.71 
0.00036110097920793099 0.492903 0 147898 86.2269 14.1091 11.7173 0 48.11721 32.488 -16.7796 31.2769 0 0 0 0 0 0 0 0 22.8675 63.7395 276.384 1627.47 
0.00036110097920793099 0.49417 0 168168 93.8479 14.8034 13.1031 0 01 0 0 0 0 0 0 0 0 0 0 0 22.8675 63.7395 276.384 1627.47 
0.00036110097920793099 0.535571 0 51333 97.6188 15.2923 13.5644 0 01 0 -0 0 0 0 -0 0 0 0 -0 0 34.4164 79.977 662.371 2113.04 
0.00036110097920793099 0.54184 0 115918 78.7712 13.4533 10.4119 0 49.76651 -46.9526 -2.77721 -16.2617 0 0 0 0 0 0 0 0 31.9311 74.2832 1534.54 2862.06 
0.00036110097920793099 0.546503 0 315059 88.2093 14.3084 12.1455 0 23.52721 0.273796 -18.3559 14.7144 0 0 0 0 0 0 0 0 31.9311 74.2832 1534.54 2862.06 
0.00036110097920793099 0.556635 0 149723 103.931 15.7474 13.9954 0 01 0 0 0 0 0 0 0 0 0 0 0 31.9311 74.2832 1534.54 2862.06 
0.00036110097920793099 0.560223 0 150155 90.7141 14.6118 12.8252 0 3.342791 0.170789 -2.70488 -1.9567 0 0 -0 0 0 0 -0 0 31.9311 74.2832 1534.54 2862.06 
0.00036110097920793099 0.569785 0 62090 146.507 16.7352 14.9368 0 01 -0 0 0 0 -0 0 0 0 -0 0 0 22.9347 69.854 319.256 2647.02 
0.00036110097920793099 0.578938 0 276984 84.596 13.9674 11.4219 0 21.08891 2.97462 6.96349 19.6825 0 0 0 0 0 0 0 0 22.9347 69.854 319.256 2647.02 
0.00036110097920793099 0.584899 0 253790 109.514 16.2613 14.4842 0 01 0 0 -0 0 0 0 -0 0 0 0 -0 30.858 71.2554 431.489 1481.83 
0.00036110097920793099 0.589081 0 119279 118.641 16.6361 14.842 0 01 0 0 -0 0 0 0 -0 0 0 0 -0 30.858 71.2554 431.489 1481.83 
0.00036110097920793099 0.594578 0 220595 136.133 16.6962 14.8996 0 01 0 0 -0 0 0 0 -0 0 0 0 -0 30.858 71.2554 431.489 1481.83 
0.00036110097920793099 0.604018 0 111187 103.99 15.7596 14.007 0 01 -0 0 0 0 -0 0 0 0 -0 0 0 30.858 71.2554 431.489 1481.83 
0.00036110097920793099 0.611998 0 334111 83.9136 14.0057 11.501 0 24.43591 -14.1878 -19.077 -5.6467 0 0 0 -0 0 0 0 -0 25.3179 66.5921 918.486 1596.02 
0.00036110097920793099 0.655149 0 161709 79.0924 13.5171 10.532 0 63.54331 -12.7881 59.9425 16.7664 0 -0 0 0 0 -0 0 0 19.7949 51.5259 300.069 1513.03 
0.00036110097920793099 0.657655 0 306326 96.9957 15.1748 13.4534 0 01 0 0 0 0 0 0 0 0 0 0 0 19.7949 51.5259 300.069 1513.03 
0.00036110097920793099 0.670834 0 115717 128.405 16.6578 14.8627 0 01 0 -0 0 0 0 -0 0 0 0 -0 0 19.7949 51.5259 300.069 1513.03 
0.00036110097920793099 0.688759 0 206747 96.1646 15.0287 13.3155 0 01 0 0 -0 0 0 0 -0 0 0 0 -0 24.0029 63.7131 363.631 930.923 
0.00036110097920793099 0.75187 0 136651 90.7845 14.6205 12.8454 0 2.487851 1.62495 0.0982154 1.8813 0 0 0 0 0 0 0 0 21.9067 63.4693 374.214 591.255 
0.00036110097920793099 0.786195 0 283475 79.1005 13.5186 10.5349 0 47.56631 -6.74856 -47.0565 1.64071 0 0 -0 0 0 0 -0 0 21.1434 60.2013 329.388 889.671 
0.00036110097920793099 0.849568 0 307797 137.619 16.6365 14.8424 0 01 0 0 -0 0 0 0 -0 0 0 0 -0 22.4059 71.5476 117.744 1112.79 
0.00036110097920793099 0.862884 0 218214 81.2453 13.6347 10.7572 0 53.09551 46.4492 -24.3387 -8.32062 0 0 -0 0 0 0 -0 0 22.4059 71.5476 117.744 1112.79 
0.00036110097920793099 0.892275 0 310574 84.2628 14.0819 11.66 0 52.63671 -24.7849 21.2134 41.3076 0 0 0 0 0 0 0 0 38.2722 71.2172 461.754 1149.35 
0.00036110097920793099 0.894018 0 302244 143.97 16.7552 14.9559 0 01 0 -0 0 0 0 -0 0 0 0 -0 0 38.2722 71.2172 461.754 1149.35 
0.00036110097920793099 0.917727 0 226076 111.459 16.3258 14.5457 0 01 0 -0 0 0 0 -0 0 0 0 -0 0 26.655 70.7661 183.446 1302.86 
0.00036110097920793099 0.947919 0 61874 92.5073 14.7553 13.0579 0 01 0 0 0 0 0 0 0 0 0 0 0 24.6934 50.3784 474.156 1735.76 
0.00036110097920793099 0.95071 0 395360 79.5825 13.6219 10.7324 0 60.76541 27.716 45.2823 -29.5596 0 0 0 0 0 0 0 0 24.6934 50.3784 474.156 1735.76 
0.00036110097920793099 0.96147 0 241128 90.5167 14.5675 12.7238 0 8.263291 -6.4946 3.65221 -3.57262 0 0 0 0 0 0 0 0 24.6934 50.3784 474.156 1735.76 
0.00036110097920793099 0.949817 1 277113 0 16.6059 14.8132 0 0 1 0.00104988 -0.00265298 -0.000371441 0 0 0 -0 0 0 0 -0 24.6934 50.3784 474.156 1735.76 
0.00036110097920793099 0.98373 0 295028 0 14.8908 13.1854 0 01 -0 0 0 0 -0 0 0 0 -0 0 0 19.5594 57.684 712.501 2025.8 
0.00036110097920793099 1.0006 0 281701 112.129 16.4344 14.6493 0 01 0 -0 0 0 0 -0 0 0 0 -0 0 16.1403 51.5039 233.579 986.829 
0.00036110097920793099 1.0082 0 206906 91.7153 14.6083 12.8172 0 2.415691 0.40234 -0.901909 -2.20459 0 0 0 0 0 0 0 0 16.1403 51.5039 233.579 986.829 
0.00036110097920793099 1.0084 0 269660 94.1229 14.8551 13.1518 0 01 0 0 0 0 0 0 0 0 0 0 0 16.1403 51.5039 233.579 986.829 
0.00036110097920793099 1.05126 0 176470 78.0612 13.3421 10.2063 0 65.56031 34.8072 -8.45281 54.9105 0 0 -0 0 0 0 -0 0 26.1197 59.521 633.526 1186.84 
0.00036110097920793099 1.06877 0 219171 80.0316 13.5524 10.599 0 55.96961 6.72956 -40.5493 -37.9877 0 0 -0 0 0 0 -0 0 17.3051 52.9042 159.361 263.306 
0.00036110097920793099 1.11373 0 292476 87.8142 14.4202 12.392 0 12.70011 1.13129 2.12514 12.4698 0 0 0 0 0 0 0 0 15.6449 51.3412 0 656.22 
0.00036110097920793099 1.13472 0 265082 106.957 15.8186 14.0631 0 01 0 0 0 0 0 0 0 0 0 0 0 38.0896 70.3083 6.35616 1117.86 
0.00036110097920793099 1.14965 0 174558 126.594 16.6234 14.8298 0 01 0 0 0 0 0 0 0 0 0 0 0 38.0896 70.3083 6.35616 1117.86 
0.00036110097920793099 1.15343 0 297104 97.652 15.3018 13.5734 0 01 0 -0 0 0 0 -0 0 0 0 -0 0 38.0896 70.3083 6.35616 1117.86 
0.00036110097920793099 1.17723 0 338933 97.2335 15.2181 13.4943 0 01 0 0 0 0 0 0 0 0 0 0 0 23.9076 60.8569 79.9501 964.119 
0.00036110097920793099 1.18409 0 301737 91.1998 14.7082 13.0136 0 01 0 -0 0 0 0 -0 0 0 0 -0 0 23.9076 60.8569 79.9501 964.119 
0.00036110097920793099 1.20031 0 344445 128.127 16.7657 14.966 0 01 0 0 0 0 0 0 0 0 0 0 0 23.9076 60.8569 79.9501 964.119 
0.00036110097920793099 1.21101 0 301990 89.0787 14.4835 12.5337 0 9.97941 7.88755 -5.35195 -2.95492 0 0 0 0 0 0 0 0 23.9076 60.8569 79.9501 964.119 
0.00036110097920793099 1.24754 0 176205 86.732 14.2097 11.9315 0 21.33711 5.95338 1.89298 -20.4021 0 0 0 0 0 0 0 0 14.8969 43.2724 22.954 315.916 
0.00036110097920793099 1.29004 0 246404 144.084 16.7671 14.9673 0 01 0 0 0 0 0 0 0 0 0 0 0 16.57 43.4501 302.623 423.576 
0.00036110097920793099 1.34391 0 317450 87.5857 14.3768 12.2957 0 17.31751 16.8966 -1.92419 3.27072 0 0 0 0 0 0 0 0 20.0642 51.9691 546.507 575.615 
0.00036110097920793099 1.42515 0 264858 136.438 16.7489 14.9499 0 01 0 0 0 0 0 0 0 0 0 0 0 15.7393 48.5925 912.064 919.79 
0.00036110097920793099 1.61407 0 362265 81.1199 13.7799 11.0423 0 30.79461 -27.052 -2.94069 -14.4169 0 0 0 -0 0 0 0 -0 12.8978 37.1326 0 5.70619 
0.00036110097920793099 1.74382 0 239750 89.6003 14.5915 12.7787 0 6.123161 -0.693535 -2.02826 5.7357 0 -0 0 0 0 -0 0 0 17.7344 49.5386 28.6137 74.4446 
0.00036110097920793099 1.77035 0 321417 134.348 16.6704 14.8748 0 01 0 0 0 0 0 0 0 0 0 0 0 17.7344 49.5386 28.6137 74.4446 
0.00036110097920793099 1.78254 0 159815 87.188 14.3067 12.1416 0 10.18411 -3.74014 7.32583 6.00493 0 0 0 0 0 0 0 0 17.7344 49.5386 28.6137 74.4446 
0.00036110097920793099 1.7951 0 345768 95.6185 15.136 13.4167 0 01 0 0 0 0 0 0 0 0 0 0 0 17.7344 49.5386 28.6137 74.4446 
0.00036110097920793099 1.80531 0 362931 125.318 16.6505 14.8558 0 01 -0 0 0 0 -0 0 0 0 -0 0 0 17.7344 49.5386 28.6137 74.4446 
0.00036110097920793099 1.82063 0 379198 81.8962 13.7696 11.0217 0 32.56681 29.5456 4.509 12.9354 0 0 0 0 0 0 0 0 14.6034 47.8933 0 19.0747 
0.00036110097920793099 1.8482 0 261806 94.5324 14.9291 13.2216 0 01 0 0 0 0 0 0 0 0 0 0 0 14.6034 47.8933 0 19.0747 
0.00036110097920793099 1.86039 0 332286 106.732 16.04 14.2735 0 01 0 0 0 0 0 0 0 0 0 0 0 14.6034 47.8933 0 19.0747 
0.00036110097920793099 1.86293 0 78203 85.2054 14.0984 11.6948 0 22.07141 7.60646 -4.87784 -20.1369 0 0 0 -0 0 0 0 -0 14.6034 47.8933 0 19.0747 
0.00036110097920793099 1.90536 0 359428 98.4291 15.2215 13.4975 0 01 0 0 0 0 0 0 0 0 0 0 0 14.6034 47.8933 0 19.0747 
0.00036110097920793099 1.91498 0 345065 90.159 14.5066 12.5857 0 6.966921 6.21141 -2.44699 -1.99216 0 0 0 0 0 0 0 0 7.90981 25.4643 0 37.8457 
0.00036110097920793099 1.91805 0 175727 113.949 16.4669 14.6803 0 01 0 0 0 0 0 0 0 0 0 0 0 7.90981 25.4643 0 37.8457 
0.00036110097920793099 2.08481 0 366895 78.4317 13.3875 10.2897 0 33.82891 -11.2212 -22.7965 -22.3339 0 0 -0 0 0 0 -0 0 12.5525 22.9958 196.577 196.577 
0.00036110097920793099 2.15411 0 330344 76.1778 13.2253 9.99513 0 77.65711 42.8227 15.235 62.9661 0 0 0 0 0 0 0 0 17.8578 38.0288 32.9288 36.948 
0.00036110097920793099 2.16252 0 362975 76.5562 13.3146 10.156 0 26.25371 25.989 3.66679 0.616225 0 0 0 0 0 0 0 0 17.8578 38.0288 32.9288 36.948 
0.00036110097920793099 2.40557 1 178115 104.318 11.4436 7.38613 0 0 1 7.41835 3.09761 13.5486 0 0 0 0 0 0 0 0 4.82705 21.6201 0 22.2159 
0.00036110097920793099 2.60266 0 361959 84.4833 13.945 11.3758 0 27.50731 -21.9732 5.98393 15.4279 0 -0 0 0 0 -0 0 0 5.37368 26.8952 0 72.9398 
0.00036110097920793099 2.93934 0 396505 141.989 16.7863 14.9857 0 01 0 0 0 0 0 0 0 0 0 0 0 3.19147 6.74633 0 0 
0.00036110097920793099 3.62229 0 381331 98.9901 15.3239 13.5943 0 01 0 0 0 0 0 0 0 0 0 0 0 3.19147 6.74633 0 0 
0.000363219603354833726 0.162868 0 9114 75.9226 13.1714 9.89925 0 56.03931 16.5628 -15.0647 51.3725 0 0 -0 0 0 0 -0 0 1.70217 4.76826 17.991 357.308 
0.000363219603354833726 0.375115 0 102311 75.0149 13.1328 9.83127 0 50.01391 -10.2709 -7.26971 -48.405 0 0 0 -0 0 0 0 -0 1.1551 4.90566 0 0 
0.000363219603354833726 0.61499 0 100809 75.8412 13.1559 9.87184 0 57.42031 43.0521 -13.6978 -35.4397 0 0 0 -0 0 0 0 -0 3.09911 9.90448 19.3892 188.274 
0.000363219603354833726 3.73336 0 389536 76.1127 13.2105 9.96872 0 63.40941 -30.4342 -6.26141 -55.2748 0 -0 0 0 0 -0 0 0 0 0 0 0 
0.000406202238776598576 0.101486 0 4485 74.1323 12.9212 9.46845 0 79.24761 -60.7233 -31.8512 39.7286 0 -0 0 0 0 -0 0 0 16.3474 35.7295 1153.18 2667.24 
0.000406202238776598576 0.124172 0 214436 54.3792 10.968 6.88207 0 103.0011 98.6237 21.1091 -20.9034 0 0 0 -0 0 0 0 -0 16.3474 35.7295 1153.18 2667.24 
0.000406202238776598576 0.230196 0 12700 64.3014 11.85 7.88067 0 118.4671 -66.5972 -76.3258 -61.4292 0 0 0 0 0 0 0 0 23.5966 51.4047 1809.84 3015.91 
0.000406202238776598576 0.261637 0 228927 65.7464 12.0867 8.19596 0 99.85761 55.9253 80.868 -17.4431 0 0 0 0 0 0 0 0 23.5966 51.4047 1809.84 3015.91 
0.000406202238776598576 0.277492 0 24013 68.8349 12.3608 8.58631 0 155.2321 -119.423 99.1666 -1.04482 0 0 0 0 0 0 0 0 22.7277 58.1719 1238.91 2555.36 
0.000406202238776598576 0.283129 0 181303 61.4273 11.8807 7.92041 0 127.11 -70.564 105.539 -6.05247 0 0 0 -0 0 0 0 -0 22.7277 58.1719 1238.91 2555.36 
0.000406202238776598576 0.303322 0 111328 67.4826 12.2607 8.44053 0 164.9871 87.3987 75.1494 -118.045 0 0 0 -0 0 0 0 -0 24.6528 62.5976 745 1837.29 
0.000406202238776598576 0.321758 0 11010 64.4191 11.8773 7.91606 0 150.0681 106.095 -105.515 11.4341 0 0 0 0 0 0 0 0 24.6528 62.5976 745 1837.29 
0.000406202238776598576 0.323799 0 37142 63.1007 11.6841 7.67171 0 133.761 -120.234 23.3293 53.7704 0 0 0 0 0 0 0 0 24.2741 64.6441 746.957 1402.28 
0.000406202238776598576 0.335075 0 107024 60.5044 11.6554 7.63653 0 102.5671 87.2383 15.0586 51.7957 0 0 0 0 0 0 0 0 24.2741 64.6441 746.957 1402.28 
0.000406202238776598576 0.368904 0 51259 69.5325 12.5401 8.8562 0 98.14731 -56.5461 53.0417 60.1831 0 0 0 0 0 0 0 0 26.7549 66.3846 1156.65 2921.8 
0.000406202238776598576 0.400822 0 95702 60.5667 11.662 7.64461 0 137.3751 122.183 -40.9522 -47.6033 0 0 0 0 0 0 0 0 27.8356 68.8317 229.127 1102.21 
0.000406202238776598576 0.406894 0 203575 65.9753 12.0271 8.11473 0 88.90661 -84.8001 -7.75947 25.5562 0 -0 0 0 0 -0 0 0 27.8356 68.8317 229.127 1102.21 
0.000406202238776598576 0.421245 0 134142 56.2477 11.4959 7.44655 0 146.4491 -26.5839 -34.7327 139.765 0 0 0 0 0 0 0 0 27.8356 68.8317 229.127 1102.21 
0.000406202238776598576 0.450012 0 152617 73.6069 12.9536 9.52307 0 47.09381 8.45678 4.57166 -46.1021 0 0 0 -0 0 0 0 -0 26.4188 69.2441 556.941 1490.47 
0.000406202238776598576 0.457462 0 121014 67.3249 12.231 8.39807 0 62.70531 -61.3627 11.382 6.08441 0 0 0 0 0 0 0 0 26.4188 69.2441 556.941 1490.47 
0.000406202238776598576 0.467889 0 233206 67.6307 12.1985 8.35196 0 27.0251 3.86073 -15.3944 -21.8736 0 0 0 -0 0 0 0 -0 29.0717 66.8702 504.789 2309.47 
0.000406202238776598576 0.472722 1 156600 59.8262 9.48667 8.2575 0 0 1 -2.4244 -0.230747 -1.12301 0 -0 0 0 0 -0 0 0 29.0717 66.8702 504.789 2309.47 
0.000406202238776598576 0.478118 1 0 0 10.093 6.1655 0 0 1 -10.8016 0.2885 -97.5083 1 -26.4831 8.25931 14.8332 0 0 0 0 29.0717 66.8702 504.789 2309.47 
0.000406202238776598576 0.525207 0 52253 57.7001 11.7949 7.81018 0 130.0431 -57.4696 -70.0446 -93.2853 0 0 -0 0 0 0 -0 0 29.2802 71.0559 157.251 947.89 
0.000406202238776598576 0.531076 0 85265 58.7173 11.1771 7.09384 0 109.8821 80.416 -59.5113 45.4515 0 0 0 0 0 0 0 0 29.2802 71.0559 157.251 947.89 
0.000406202238776598576 0.532896 0 197790 61.1754 11.8109 7.83063 0 72.27581 72.2171 -1.93697 -2.17626 0 0 0 0 0 0 0 0 29.2802 71.0559 157.251 947.89 
0.000406202238776598576 0.537564 0 71530 66.0952 12.0724 8.17636 0 73.12541 70.7302 -6.26806 17.4723 0 0 0 0 0 0 0 0 26.6971 74.5483 1328.79 1874.93 
0.000406202238776598576 0.561277 0 114706 70.8061 12.7094 9.12178 0 32.32541 -15.4323 11.1465 26.1253 0 0 0 0 0 0 0 0 24.93 63.4101 829.152 1206.2 
0.000406202238776598576 0.564215 0 213283 61.3056 11.8476 7.87758 0 112.1131 -9.99359 -110.538 15.8373 0 0 0 0 0 0 0 0 24.93 63.4101 829.152 1206.2 
0.000406202238776598576 0.568625 0 13642 55.6771 11.3403 7.2699 0 94.12521 27.8829 -84.8027 29.843 0 0 0 0 0 0 0 0 24.93 63.4101 829.152 1206.2 
0.000406202238776598576 0.600071 0 218505 59.8231 11.4617 7.40693 0 120.1761 -8.07342 -119.518 -9.61826 0 0 0 -0 0 0 0 -0 29.2703 81.2793 397.643 1797.82 
0.000406202238776598576 0.609615 0 176147 59.5084 11.3947 7.33061 0 137.3641 -46.7076 -72.8326 106.689 0 -0 0 0 0 -0 0 0 29.2703 81.2793 397.643 1797.82 
0.000406202238776598576 0.61712 0 166865 62.8942 11.7537 7.75818 0 66.04511 55.1353 -34.2714 12.1464 0 0 0 0 0 0 0 0 29.2703 81.2793 397.643 1797.82 
0.000406202238776598576 0.622881 0 196871 67.4387 12.2504 8.42575 0 112.8441 -112.677 -6.07707 0.841425 0 0 0 0 0 0 0 0 22.8043 51.3197 0 96.5997 
0.000406202238776598576 0.628254 0 25991 61.3019 11.8466 7.87636 0 52.15261 15.6732 26.9304 -41.821 0 0 0 0 0 0 0 0 22.8043 51.3197 0 96.5997 
0.000406202238776598576 0.630063 0 88100 64.7006 11.9553 8.01848 0 93.53481 4.44223 -34.3657 86.8794 0 0 0 0 0 0 0 0 22.8043 51.3197 0 96.5997 
0.000406202238776598576 0.731821 0 179664 56.8427 11.6523 7.63274 0 60.08591 56.8622 2.74956 19.2208 0 0 0 0 0 0 0 0 22.5732 65.474 167.439 551.236 
0.000406202238776598576 0.732612 0 153939 71.4512 12.702 9.10984 0 107.3961 -27.5038 -82.0876 63.5541 0 -0 0 0 0 -0 0 0 22.5732 65.474 167.439 551.236 
0.000406202238776598576 0.73329 0 174664 69.4959 12.5043 8.80137 0 119.8121 -13.4691 -23.6158 -116.686 0 -0 0 0 0 -0 0 0 22.5732 65.474 167.439 551.236 
0.000406202238776598576 0.734018 0 128897 55.4251 11.2579 7.17983 0 152.2221 130.654 61.2747 48.4396 0 0 0 0 0 0 0 0 22.5732 65.474 167.439 551.236 
0.000406202238776598576 0.759083 0 295191 62.2835 11.5829 7.5491 0 100.5071 100.335 1.26122 5.73987 0 0 0 0 0 0 0 0 17.2857 55.6869 247.943 366.672 
0.000406202238776598576 0.787842 0 164435 61.1483 11.805 7.82303 0 158.2621 -153.758 -26.6964 26.3176 0 0 0 0 0 0 0 0 16.2988 59.0689 35.066 216.718 
0.000406202238776598576 0.802334 0 177308 63.2174 11.7092 7.70271 0 130.5761 -63.5814 -97.3158 -59.4738 0 0 0 0 0 0 0 0 27.3016 68.9653 643.248 1228.68 
0.000406202238776598576 0.843936 0 235912 63.1944 11.7042 7.69649 0 149.5711 148.921 2.41155 -13.7236 0 0 0 -0 0 0 0 -0 24.8263 59.061 69.6026 703.169 
0.000406202238776598576 0.935437 0 362298 61.3799 11.8676 7.90346 0 128.8671 127.379 0.67241 -19.5181 0 0 0 0 0 0 0 0 14.1529 60.2392 52.017 114.927 
0.000406202238776598576 0.953703 0 295960 60.9026 11.7483 7.75148 0 93.87291 22.7873 -27.1316 86.9295 0 0 0 0 0 0 0 0 14.1529 60.2392 52.017 114.927 
0.000406202238776598576 0.971279 0 327684 58.6096 11.1517 7.06728 0 104.2431 80.2432 35.1801 -56.4801 0 0 0 0 0 0 0 0 29.1394 56.3254 343.555 907.925 
0.000406202238776598576 0.984566 0 265002 55.269 11.2174 7.13639 0 128.5511 47.4318 52.9665 -107.099 0 0 0 0 0 0 0 0 29.1394 56.3254 343.555 907.925 
0.000406202238776598576 1.00301 1 0 77.4806 10.6085 6.55434 0 0 1 -10.0013 25.2317 5.48764 1 -9.3772 -1.7052 -5.56985 0 0 0 0 14.0327 49.1939 24.4185 287.248 
0.000406202238776598576 1.04344 0 215727 68.5989 12.4316 8.69147 0 123.2071 117.97 19.879 -29.4581 0 0 0 0 0 0 0 0 23.7679 59.9847 1071.36 1084.81 
0.000406202238776598576 1.08946 0 25684 63.0733 11.781 7.79258 0 148.4991 -22.716 71.7106 128.038 0 -0 0 0 0 -0 0 0 21.0726 53.2165 0 635.508 
0.000406202238776598576 1.10856 0 58352 55.3119 11.2196 7.13881 0 164.881 120.159 69.6338 -88.8735 0 0 0 0 0 0 0 0 21.0726 53.2165 0 635.508 
0.000406202238776598576 1.12488 0 235966 55.6077 11.3291 7.25753 0 163.3421 -5.23743 -132.963 -94.7323 0 0 0 0 0 0 0 0 21.0726 53.2165 0 635.508 
0.000406202238776598576 1.18108 0 269591 60.8854 11.7441 7.74619 0 154.2921 -154.287 -1.23225 0.00869476 0 0 0 0 0 0 0 0 16.5763 43.6943 0 314.172 
0.000406202238776598576 1.18228 0 234580 65.5664 12.0451 8.13907 0 159.0441 -47.1808 66.2402 -136.679 0 -0 0 0 0 -0 0 0 16.5763 43.6943 0 314.172 
0.000406202238776598576 1.19922 0 310350 64.3893 11.8701 7.90674 0 101.7571 75.8821 11.4642 -66.8208 0 0 0 0 0 0 0 0 16.5763 43.6943 0 314.172 
0.000406202238776598576 1.21569 0 10715 54.7275 11.0739 6.98741 0 148.9811 118.18 -66.5855 -61.605 0 0 0 -0 0 0 0 -0 8.56145 50.2549 12.9789 79.065 
0.000406202238776598576 1.22176 0 150382 65.3114 11.9889 8.06326 0 75.91681 45.024 16.894 -58.7435 0 0 0 -0 0 0 0 -0 8.56145 50.2549 12.9789 79.065 
0.000406202238776598576 1.24777 0 184514 59.5604 11.4086 7.34635 0 92.31271 -92.2834 1.8716 -1.3789 0 0 0 0 0 0 0 0 11.3399 39.2174 349.577 690.537 
0.000406202238776598576 1.2541 1 289012 57.5222 9.76916 5.96662 0 0 1 -2.81166 1.80536 -7.17961 0 0 0 0 0 0 0 0 11.3399 39.2174 349.577 690.537 
0.000406202238776598576 1.28731 0 205777 70.9066 12.5798 8.91751 0 68.97161 -67.659 -5.12641 -12.3716 0 0 0 0 0 0 0 0 11.3399 39.2174 349.577 690.537 
0.000406202238776598576 1.31989 0 325363 63.3838 11.7466 7.74935 0 57.38481 10.6315 -35.9445 -43.4509 0 0 0 -0 0 0 0 -0 18.3948 47.2009 119.492 198.737 
0.000406202238776598576 1.32143 0 147276 58.7407 11.1906 7.10804 0 257.9741 -51.5313 250.972 -30.1331 0 -0 0 0 0 -0 0 0 18.3948 47.2009 119.492 198.737 
0.000406202238776598576 1.32463 0 231968 59.6735 11.4367 7.37825 0 93.70041 14.2367 -6.05344 -92.4145 0 0 -0 0 0 0 -0 0 18.3948 47.2009 119.492 198.737 
0.000406202238776598576 1.32959 0 335995 70.2877 12.5582 8.88407 0 73.9441 -63.9899 -20.2728 31.0164 0 0 0 0 0 0 0 0 18.3948 47.2009 119.492 198.737 
0.000406202238776598576 1.43018 0 317685 56.9542 11.678 7.66426 0 34.71981 21.9549 19.7644 18.2432 0 0 0 0 0 0 0 0 4.264 23.9846 0 0 
0.000406202238776598576 1.4523 0 317807 57.5989 11.7772 7.78784 0 82.0921 73.5852 -15.3469 -32.9968 0 0 0 -0 0 0 0 -0 10.2152 42.2733 0 59.5225 
0.000406202238776598576 1.56824 0 396909 58.0621 11.8627 7.89707 0 147.8431 -104.938 -51.7619 -90.3679 0 0 0 0 0 0 0 0 11.0915 33.2273 0 5.46292 
0.000406202238776598576 1.622 0 338207 60.5699 11.6625 7.64525 0 68.52161 -33.5559 -51.647 -30.03 0 0 0 -0 0 0 0 -0 14.8693 46.0806 0 155.827 
0.000406202238776598576 1.74612 0 243358 57.0413 11.6893 7.67811 0 156.7971 -0.319827 135.87 78.259 0 0 0 0 0 0 0 0 15.4931 39.6852 0 0 
0.000406202238776598576 1.79866 0 369055 72.2816 12.7592 9.20185 0 90.90071 -6.63993 -36.0119 83.1985 0 0 -0 0 0 0 -0 0 16.1882 28.8916 257.849 257.849 
0.000406202238776598576 1.84535 0 110778 61.5212 11.9289 7.98356 0 127.0441 115.535 -52.7346 3.27822 0 0 0 0 0 0 0 0 16.1882 28.8916 257.849 257.849 
0.000406202238776598576 1.86332 0 328227 72.1206 12.7379 9.16749 0 78.86011 52.34 56.809 -15.8802 0 0 0 -0 0 0 0 -0 7.53511 45.6615 0 0 
0.000406202238776598576 1.97877 0 291197 57.4143 11.7566 7.76179 0 131.5431 118.193 -30.236 49.1919 0 0 -0 0 0 0 -0 0 22.155 42.0835 149.114 587.362 
0.000406202238776598576 2.07197 0 371644 59.5776 11.4093 7.3471 0 40.14771 -28.7904 23.0068 15.926 0 0 0 0 0 0 0 0 12.7593 38.6139 0 0 
0.000406202238776598576 2.11386 0 372935 69.5046 12.5065 8.80463 0 89.23981 -37.698 -58.4538 -55.9085 0 0 0 -0 0 0 0 -0 12.7593 38.6139 0 0 
0.000406202238776598576 2.14727 1 371012 66.0513 9.95875 6.07883 0 0 1 7.46471 -1.06683 3.06586 0 0 0 0 0 0 0 0 12.7593 38.6139 0 0 
0.000406202238776598576 2.38857 0 383467 56.599 11.6093 7.58063 0 105.4821 100.079 7.37887 -32.4962 0 0 0 -0 0 0 0 -0 4.85667 27.1127 0 0 
0.000406202238776598576 2.42353 0 398758 57.0943 11.7007 7.69213 0 33.7921 22.9137 -19.9669 14.771 0 0 0 0 0 0 0 0 4.85667 27.1127 0 0 
0.000463317067149376319 0.144703 0 121054 41.5427 10.2879 6.30214 0 129.1361 115.205 58.2706 -2.92402 0 0 0 0 0 0 0 0 16.7324 41.7209 1003.39 2327.66 
0.000463317067149376319 0.146433 0 141955 43.841 10.52 6.48132 0 114.6351 14.7642 -109.331 31.1464 0 0 0 0 0 0 0 0 16.7324 41.7209 1003.39 2327.66 
0.000463317067149376319 0.195732 0 78974 41.3222 10.252 6.27597 0 225.4151 115.785 -117.577 153.562 0 0 0 0 0 0 0 0 26.625 63.6937 1131.61 2901.83 
0.000463317067149376319 0.212058 0 157557 48.6908 10.6328 6.57487 0 211.6021 -154.809 132.094 -57.9736 0 0 0 -0 0 0 0 -0 26.625 63.6937 1131.61 2901.83 
0.000463317067149376319 0.220791 1 322789 44.0079 8.28286 7.2068 0 0 1 -1.38085 -1.08088 -1.12817 0 -0 0 0 0 -0 0 0 26.625 63.6937 1131.61 2901.83 
0.000463317067149376319 0.222091 0 43106 50.8741 10.6361 6.57773 0 173.2541 -170.338 -30.43 8.72036 0 0 0 0 0 0 0 0 26.625 63.6937 1131.61 2901.83 
0.000463317067149376319 0.1802 1 0 0 10.7044 6.63721 0 0 1 85.6368 -13.4361 52.2675 1 84.9407 -13.645 53.3533 0 0 -0 0 26.625 63.6937 1131.61 2901.83 
0.000463317067149376319 0.247043 0 99846 48.7235 10.6305 6.57298 0 115.1641 99.9703 57.0475 -3.78169 0 0 0 0 0 0 0 0 28.6921 67.0432 792.099 1836.1 
0.000463317067149376319 0.263556 0 139943 46.444 10.672 6.60875 0 260.5791 -96.4821 -190.351 149.529 0 0 0 0 0 0 0 0 28.6921 67.0432 792.099 1836.1 
0.000463317067149376319 0.264675 0 6409 54.1053 10.9049 6.82122 0 250.9731 234.415 -35.063 -82.5094 0 0 0 0 0 0 0 0 28.6921 67.0432 792.099 1836.1 
0.000463317067149376319 0.282831 0 37829 45.571 10.5676 6.52025 0 80.63641 -71.5183 33.0916 17.097 0 0 0 0 0 0 0 0 28.6687 70.6033 1495.7 2304.01 
0.000463317067149376319 0.286561 0 27716 51.6437 10.6378 6.57916 0 106.6251 -104.953 -18.8061 -0.339967 0 0 0 -0 0 0 0 -0 28.6687 70.6033 1495.7 2304.01 
0.000463317067149376319 0.296149 0 44453 51.9633 10.6322 6.5744 0 166.9751 166.645 -7.71008 7.13352 0 0 0 0 0 0 0 0 28.6687 70.6033 1495.7 2304.01 
0.000463317067149376319 0.336714 0 25648 43.9216 10.526 6.48612 0 186.0551 97.4761 -123.29 -99.5715 0 0 0 0 0 0 0 0 35.0562 75.0937 926.731 1936.92 
0.000463317067149376319 0.341536 0 111644 52.5187 10.6024 6.54924 0 52.68991 -33.0258 30.3675 -27.6286 0 0 0 0 0 0 0 0 35.0562 75.0937 926.731 1936.92 
0.000463317067149376319 0.362925 0 68259 42.4999 10.4114 6.39523 0 238.0811 -55.5278 231.302 -9.93221 0 0 0 0 0 0 0 0 37.9256 87.497 796.561 2896.58 
0.000463317067149376319 0.378111 0 194155 45.6927 10.5719 6.52379 0 111.5941 110.398 -6.95796 14.7335 0 0 0 0 0 0 0 0 37.0653 85.3683 980.067 2447.77 
0.000463317067149376319 0.393917 0 27316 48.1001 10.6463 6.58654 0 185.8251 -184.683 -16.2411 12.629 0 0 0 0 0 0 0 0 37.0653 85.3683 980.067 2447.77 
0.000463317067149376319 0.413273 0 485477 0 10.4524 6.42729 0 140.7251 -140.18 12.1151 2.49129 0 -0 0 0 0 -0 0 0 25.7194 75.8417 417.702 1893.92 
0.000463317067149376319 0.440529 0 83883 43.4998 10.4953 6.46135 0 185.5651 -67.1993 -124.305 120.278 0 0 0 0 0 0 0 0 27.5111 71.6231 1021.98 2021.89 
0.000463317067149376319 0.445515 0 161343 49.6198 10.7393 6.66824 0 71.56021 -64.5141 -27.8621 -13.5094 0 -0 0 0 0 -0 0 0 27.5111 71.6231 1021.98 2021.89 
0.000463317067149376319 0.480004 0 37483 52.7163 10.6003 6.54741 0 179.5061 -30.6356 -78.0871 -158.702 0 -0 0 0 0 -0 0 0 35.1581 81.8858 533.377 1181.97 
0.000463317067149376319 0.487508 0 58596 45.3218 10.5233 6.484 0 182.9271 -148.157 75.3179 76.4131 0 0 0 0 0 0 0 0 35.1581 81.8858 533.377 1181.97 
0.000463317067149376319 0.496315 0 290261 46.1784 10.6342 6.5761 0 57.0981 12.0455 -53.2353 -16.7658 0 0 0 -0 0 0 0 -0 30.8531 70.6306 624.931 1233.17 
0.000463317067149376319 0.505742 0 334216 46.162 10.6282 6.57099 0 233.0411 185.765 -119.199 -74.7726 0 0 0 0 0 0 0 0 30.8531 70.6306 624.931 1233.17 
0.000463317067149376319 0.50744 0 154047 51.7776 10.6365 6.57804 0 277.0051 273.566 7.55954 42.8566 0 0 0 0 0 0 0 0 30.8531 70.6306 624.931 1233.17 
0.000463317067149376319 0.512664 0 170070 42.6563 10.4246 6.4055 0 157.0841 132.789 -67.7177 -49.5653 0 0 0 0 0 0 0 0 30.8531 70.6306 624.931 1233.17 
0.000463317067149376319 0.517023 0 55710 46.9203 10.7282 6.65827 0 148.3831 -148.168 -2.2499 -7.67108 0 0 0 -0 0 0 0 -0 31.0609 81.476 234.288 2027.25 
0.000463317067149376319 0.524633 0 75494 52.6861 10.6027 6.5495 0 107.4321 8.42385 -88.0695 -60.9462 0 0 -0 0 0 0 -0 0 31.0609 81.476 234.288 2027.25 
0.000463317067149376319 0.532481 0 54190 49.2892 10.7245 6.65501 0 181.4561 -144.08 -94.9549 -56.1312 0 -0 0 0 0 -0 0 0 31.0609 81.476 234.288 2027.25 
0.000463317067149376319 0.540586 0 282000 46.7004 10.6982 6.63176 0 245.5811 240.021 49.3763 16.1839 0 0 0 0 0 0 0 0 26.9005 79.5054 375.394 921.784 
0.000463317067149376319 0.564291 0 111014 41.6225 10.2945 6.30696 0 259.2811 -77.9377 80.0074 -233.989 0 -0 0 0 0 -0 0 0 33.6571 91.2199 295.185 1104.57 
0.000463317067149376319 0.574562 0 68583 43.541 10.4952 6.4613 0 71.88731 -69.1544 3.6702 -19.2871 0 0 0 -0 0 0 0 -0 33.6571 91.2199 295.185 1104.57 
0.000463317067149376319 0.576284 0 131772 42.8596 10.4399 6.41745 0 66.53831 66.523 -1.13515 0.863121 0 0 0 0 0 0 0 0 33.6571 91.2199 295.185 1104.57 
0.000463317067149376319 0.599051 0 146828 45.4911 10.5474 6.50365 0 98.96481 13.3793 -55.3508 -80.9402 0 0 -0 0 0 0 -0 0 27.2267 81.7267 747.123 1723.3 
0.000463317067149376319 0.623758 0 94719 43.369 10.4819 6.45062 0 111.9171 88.9868 67.0778 10.3588 0 0 0 0 0 0 0 0 38.0783 84.8631 176.819 1142.51 
0.000463317067149376319 0.638058 0 162029 49.042 10.6937 6.62775 0 92.18411 -43.1639 13.455 -80.3352 0 0 0 0 0 0 0 0 24.1428 69.4506 7.26798 1039.61 
0.000463317067149376319 0.658158 0 57888 45.7057 10.5778 6.52872 0 304.7931 23.92 301.471 37.9732 0 0 0 0 0 0 0 0 31.7103 85.1314 521.878 939.191 
0.000463317067149376319 0.661921 0 85683 44.9658 10.4783 6.44781 0 129.5851 60.3037 -79.4352 -82.74 0 0 0 -0 0 0 0 -0 31.7103 85.1314 521.878 939.191 
0.000463317067149376319 0.691787 0 183715 49.3078 10.7265 6.65675 0 150.1481 40.3211 136.39 48.1266 0 0 0 0 0 0 0 0 21.1361 61.376 6.5728 175.858 
0.000463317067149376319 0.708567 0 144755 46.2284 10.6401 6.58113 0 149.5691 -138.383 53.4393 19.1112 0 0 0 0 0 0 0 0 27.589 78.5227 47.5378 1018.14 
0.000463317067149376319 0.739862 0 194166 51.865 10.6339 6.57588 0 216.1281 -63.8118 6.61517 206.387 0 0 0 0 0 0 0 0 30.0097 86.3063 166.034 746.321 
0.000463317067149376319 0.744834 0 45741 47.4805 10.665 6.60271 0 161.021 152.581 -34.8037 37.887 0 0 0 0 0 0 0 0 31.0165 80.8318 142.946 485.203 
0.000463317067149376319 0.745718 0 185627 50.0487 10.6721 6.60883 0 280.7241 164.529 213.296 79.0017 0 0 0 0 0 0 0 0 31.0165 80.8318 142.946 485.203 
0.000463317067149376319 0.745733 0 120626 44.1948 10.3837 6.37389 0 36.80591 18.746 -19.0229 -25.3256 0 0 0 0 0 0 0 0 31.0165 80.8318 142.946 485.203 
0.000463317067149376319 0.76783 0 177060 46.786 10.7091 6.64133 0 167.9881 54.4222 -50.1291 -150.816 0 0 -0 0 0 0 -0 0 28.1491 69.5326 390.654 775.468 
0.000463317067149376319 0.784775 0 306489 52.3269 10.6156 6.56026 0 148.9881 -85.0299 -84.2058 -88.7512 0 0 -0 0 0 0 -0 0 28.1491 69.5326 390.654 775.468 
0.000463317067149376319 0.787037 0 85753 43.43 10.4865 6.45433 0 154.9071 122.323 94.56 9.58579 0 0 0 0 0 0 0 0 28.1491 69.5326 390.654 775.468 
0.000463317067149376319 0.803483 0 267239 42.8741 10.4414 6.41864 0 86.21311 28.1547 2.92658 -81.4337 0 0 0 0 0 0 0 0 28.9895 74.0181 156.187 568.981 
0.000463317067149376319 0.82369 0 328792 48.8904 10.6315 6.57376 0 96.40141 -95.0621 -4.97211 15.2218 0 0 0 0 0 0 0 0 25.0234 81.699 75.5649 573.395 
0.000463317067149376319 0.82809 0 62226 48.302 10.6433 6.58389 0 83.99061 26.4887 -18.7433 -77.4691 0 0 0 0 0 0 0 0 25.0234 81.699 75.5649 573.395 
0.000463317067149376319 0.843246 0 245146 44.8596 10.4759 6.44589 0 185.7691 -24.0835 109.782 -147.912 0 -0 0 0 0 -0 0 0 25.0234 81.699 75.5649 573.395 
0.000463317067149376319 0.853165 0 183290 48.3797 10.6416 6.58244 0 44.85191 -39.7231 -11.9093 17.0861 0 0 0 0 0 0 0 0 24.0372 65.3802 180.304 675.871 
0.000463317067149376319 0.853727 0 165646 52.3922 10.6093 6.555 0 285.7081 279.068 -60.6554 -8.42446 0 0 -0 0 0 0 -0 0 24.0372 65.3802 180.304 675.871 
0.000463317067149376319 0.858444 0 244454 47.648 10.6609 6.59917 0 85.5311 -80.4621 -27.5167 -9.17783 0 0 0 0 0 0 0 0 24.0372 65.3802 180.304 675.871 
0.000463317067149376319 0.86635 1 270680 52.7097 9.02454 7.85527 0 0 1 -0.100496 -1.13853 0.688304 0 0 -0 0 0 0 -0 0 24.0372 65.3802 180.304 675.871 
0.000463317067149376319 0.903075 1 28748 54.3326 9.44553 8.22164 0 0 1 -0.543956 -0.709209 0.130705 0 0 -0 0 0 0 -0 0 22.9062 69.5998 990.775 1145.2 
0.000463317067149376319 0.915541 0 89578 49.7995 10.6987 6.63215 0 116.0421 -26.0639 53.2641 -99.7466 0 0 0 0 0 0 0 0 22.9062 69.5998 990.775 1145.2 
0.000463317067149376319 0.936945 0 384887 47.1598 10.6812 6.61682 0 48.96871 14.5278 -0.747636 46.7581 0 0 0 0 0 0 0 0 19.8807 64.3799 271.444 360.491 
0.000463317067149376319 0.940839 0 277897 54.1417 10.9049 6.82119 0 143.3491 129.189 -14.0996 -60.5 0 0 0 -0 0 0 0 -0 19.8807 64.3799 271.444 360.491 
0.000463317067149376319 0.982343 0 246886 46.5453 10.6799 6.61572 0 15.2071 -14.5055 -4.41111 1.17659 0 -0 0 0 0 -0 0 0 25.4138 61.449 0 446.392 
0.000463317067149376319 0.988949 0 205268 0.693324 11.4724 7.41924 0 86.79711 86.6666 4.55313 1.37815 0 0 0 0 0 0 0 0 25.4138 61.449 0 446.392 
0.000463317067149376319 0.99061 0 77606 52.4339 10.6067 6.55282 0 92.18091 -82.3637 14.8585 -38.6362 0 0 0 -0 0 0 0 -0 25.4138 61.449 0 446.392 
0.000463317067149376319 1.00295 0 164882 47.7203 10.6565 6.59528 0 153.3321 -112.646 99.0875 31.6759 0 0 0 0 0 0 0 0 29.3083 71.6431 374.102 945.575 
0.000463317067149376319 1.01992 0 4347 41.5373 10.2875 6.30184 0 105.0691 -69.7503 46.4709 63.3624 0 0 0 0 0 0 0 0 29.3083 71.6431 374.102 945.575 
0.000463317067149376319 1.07233 0 56191 51.4257 10.6475 6.58751 0 151.6141 103.159 -47.5979 100.397 0 0 -0 0 0 0 -0 0 22.5511 58.0167 27.1253 36.1119 
0.000463317067149376319 1.07259 0 256067 48.9333 10.6839 6.61915 0 132.8671 81.9782 -48.2196 92.7804 0 0 0 0 0 0 0 0 22.5511 58.0167 27.1253 36.1119 
0.000463317067149376319 1.11286 0 116262 49.0266 10.6919 6.6262 0 184.461 28.3204 -46.3787 176.274 0 0 0 0 0 0 0 0 22.26 53.3098 86.7094 329.735 
0.000463317067149376319 1.16052 0 20900 43.6574 10.5035 6.46792 0 254.9971 176.066 -55.5921 -175.88 0 0 0 0 0 0 0 0 27.5519 74.5852 345.189 954.552 
0.000463317067149376319 1.16403 0 284845 43.5769 10.4981 6.46366 0 89.74421 -58.0503 -25.9295 -63.3391 0 0 -0 0 0 0 -0 0 27.5519 74.5852 345.189 954.552 
0.000463317067149376319 1.16957 0 60170 45.2368 10.5158 6.47792 0 40.39241 33.4115 -9.16238 20.767 0 0 0 0 0 0 0 0 17.7813 58.0744 97.5298 621.082 
0.000463317067149376319 1.20006 0 344190 46.6096 10.6875 6.6223 0 140.2481 -127.125 58.8031 7.1423 0 0 0 0 0 0 0 0 17.7813 58.0744 97.5298 621.082 
0.000463317067149376319 1.22974 0 271044 49.4119 10.7374 6.66653 0 159.4341 80.7018 -66.3331 -120.443 0 0 0 0 0 0 0 0 17.2231 52.6898 0 28.2681 
0.000463317067149376319 1.27609 1 335084 46.4154 8.53592 7.42813 0 0 1 0.411961 -1.61195 0.132482 0 0 -0 0 0 0 -0 0 19.0553 48.2822 216.297 742.223 
0.000463317067149376319 1.28878 0 335674 47.1338 10.6825 6.61793 0 133.4391 68.1692 36.8062 -108.648 0 0 0 0 0 0 0 0 19.0553 48.2822 216.297 742.223 
0.000463317067149376319 1.29274 0 35366 0 10.6442 6.5847 0 158.2791 157.75 -9.2656 -9.02023 0 0 0 -0 0 0 0 -0 19.6983 53.8717 0 116.799 
0.000463317067149376319 1.3013 0 150523 43.4831 10.4917 6.45849 0 268.9331 -119.651 43.0675 -236.968 0 0 0 -0 0 0 0 -0 19.6983 53.8717 0 116.799 
0.000463317067149376319 1.31361 0 239587 46.862 10.7208 6.65172 0 197.641 -55.7108 -75.8076 173.813 0 0 -0 0 0 0 -0 0 19.6983 53.8717 0 116.799 
0.000463317067149376319 1.31991 0 74245 51.1709 10.6234 6.56688 0 79.2761 -46.3388 29.1489 57.3389 0 0 0 0 0 0 0 0 19.6983 53.8717 0 116.799 
0.000463317067149376319 1.32576 0 235149 52.2635 10.6229 6.56648 0 193.8151 63.8622 -172.28 -61.6878 0 0 0 0 0 0 0 0 19.6983 53.8717 0 116.799 
0.000463317067149376319 1.32632 0 373672 41.3139 10.2509 6.27521 0 158.6541 -134.284 37.1045 -75.9095 0 0 0 0 0 0 0 0 19.6983 53.8717 0 116.799 
0.000463317067149376319 1.33066 0 63181 45.5723 10.5698 6.5221 0 186.8491 57.1778 29.9893 -175.339 0 0 0 -0 0 0 0 -0 19.6983 53.8717 0 116.799 
0.000463317067149376319 1.40527 0 303887 44.4687 10.4155 6.3984 0 175.9341 79.7105 145.683 58.0981 0 0 0 0 0 0 0 0 18.414 43.7551 0 378.464 
0.000463317067149376319 1.45593 0 285251 47.225 10.6793 6.61512 0 119.6431 72.0033 -92.9142 22.2899 0 0 0 0 0 0 0 0 22.0529 58.678 0 223.419 
0.000463317067149376319 1.50153 0 361840 51.3662 10.6473 6.58739 0 150.0511 125.247 58.4789 -58.3841 0 0 0 0 0 0 0 0 18.2897 60.9206 335.25 519.632 
0.000463317067149376319 1.73995 0 379809 53.2254 10.664 6.60185 0 70.26021 -35.0806 -11.2813 59.8212 0 0 0 0 0 0 0 0 5.26768 39.7517 0 0 
0.000463317067149376319 1.85298 0 386480 42.959 10.45 6.42534 0 206.3521 183.819 88.081 32.1488 0 0 0 0 0 0 0 0 12.6978 41.7919 30.9623 30.9623 
0.000463317067149376319 1.87802 0 359834 50.5153 10.6473 6.58738 0 191.0211 -182.067 55.1037 -17.4375 0 0 0 0 0 0 0 0 11.4054 47.5848 0 82.1017 
0.000463317067149376319 1.87812 0 351864 45.7105 10.577 6.52799 0 146.0671 -15.2705 21.3485 -143.689 0 0 0 0 0 0 0 0 11.4054 47.5848 0 82.1017 
0.000463317067149376319 1.90446 0 361078 49.0859 10.6985 6.63195 0 187.2081 146.956 -115.978 -0.258913 0 0 0 0 0 0 0 0 11.4054 47.5848 0 82.1017 
0.000463317067149376319 1.91701 0 324126 54.2403 10.9429 6.85767 0 125.821 -101.97 35.8265 64.4161 0 0 0 0 0 0 0 0 11.4054 47.5848 0 82.1017 
0.000463317067149376319 1.98127 0 344240 41.4003 10.2621 6.28329 0 202.5421 -202.228 10.4877 -4.10472 0 -0 0 0 0 -0 0 0 10.0001 48.0022 0 145.768 
0.000463317067149376319 2.06788 0 361508 44.148 10.3785 6.36992 0 43.55371 43.5536 -0.0902812 0.0671196 0 0 0 0 0 0 0 0 10.0001 48.0022 0 145.768 
0.000463317067149376319 2.1915 0 344057 50.9575 10.6331 6.57514 0 74.37231 62.746 19.1289 -35.0466 0 0 0 -0 0 0 0 -0 15.0016 40.7274 0 199.905 
0.000463317067149376319 2.26173 0 314533 49.0375 10.6932 6.6273 0 174.5771 -123.475 -123.159 7.92485 0 0 -0 0 0 0 -0 0 2.25523 20.4521 0 0 
0.000463317067149376319 2.54268 0 197910 42.2259 10.3906 6.37915 0 113.3631 110.212 -22.643 13.8487 0 0 0 0 0 0 0 0 7.43194 27.214 0 0 
0.000463317067149376319 2.55483 0 364519 41.8438 10.3229 6.32797 0 131.3811 130.089 17.5503 -5.46275 0 0 0 0 0 0 0 0 7.43194 27.214 0 0 
0.000463317067149376319 2.72723 0 399060 41.5475 10.2883 6.3024 0 173.9681 -90.1592 -9.24144 148.495 0 -0 0 0 0 -0 0 0 8.50629 25.2483 0 40.1708 
0.000463317067149376319 2.76354 0 381642 54.1803 10.9242 6.83968 0 151.1081 29.1756 119.841 87.2953 0 0 0 0 0 0 0 0 8.50629 25.2483 0 40.1708 
0.000463317067149376319 2.856 1 398883 43.7001 8.25754 7.18466 0 0 1 1.35859 1.11881 0.276703 0 0 0 0 0 0 0 0 8.50629 25.2483 0 40.1708 
0.000463317067149376319 2.85749 0 392042 47.1703 10.6822 6.61767 0 222.0281 -213.283 21.1396 57.9669 0 0 0 0 0 0 0 0 8.50629 25.2483 0 40.1708 
0.000463317067149376319 2.86769 0 393629 43.1693 10.4662 6.43815 0 266.5091 -99.575 -215.889 -120.431 0 0 0 -0 0 0 0 -0 8.50629 25.2483 0 40.1708 
0.00054027465881611818 0.178568 0 32995 37.0429 9.83761 6.00571 0 232.3031 -86.9777 114.816 182.255 0 -0 0 0 0 -0 0 0 22.1776 48.8536 1095.46 2591.72 
0.00054027465881611818 0.178941 0 41308 32.768 9.50303 8.27166 0 01 0 0 0 0 0 0 0 0 0 0 0 22.1776 48.8536 1095.46 2591.72 
0.00054027465881611818 0.189564 0 62469 36.8054 9.80405 5.98634 0 135.0821 -134.559 -7.33159 9.35232 0 0 -0 0 0 0 -0 0 34.8921 78.9435 787.903 2619.79 
0.00054027465881611818 0.191302 0 30052 32.4488 9.47123 8.24399 0 01 0 -0 0 0 0 -0 0 0 0 -0 0 34.8921 78.9435 787.903 2619.79 
0.00054027465881611818 0.196204 0 36799 0.406243 10.3443 6.34403 0 210.8841 -209.006 -23.9058 -14.7321 0 0 -0 0 0 0 -0 0 34.8921 78.9435 787.903 2619.79 
0.00054027465881611818 0.235249 0 17420 33.4215 9.51536 5.83529 0 179.6381 -178.173 1.18021 -22.8662 0 0 0 0 0 0 0 0 28.7653 73.4707 1311.9 2347.06 
0.00054027465881611818 0.249326 0 137507 34.7929 9.68303 5.91961 0 242.1141 -45.8495 -236.965 -19.0965 0 0 -0 0 0 0 -0 0 28.7653 73.4707 1311.9 2347.06 
0.00054027465881611818 0.258048 1 0 33.2348 9.92669 6.05896 0 0 1 102.726 4.74296 89.7252 0 0 0 0 0 0 0 0 28.7653 73.4707 1311.9 2347.06 
0.00054027465881611818 0.282724 0 220037 37.2213 9.87205 6.02599 0 163.6921 -66.1636 -90.8593 -119.005 0 0 -0 0 0 0 -0 0 38.9937 95.1465 762.269 2233.85 
0.00054027465881611818 0.286262 0 8274 35.9089 9.82678 5.99942 0 134.3211 -80.1951 73.4183 -78.8709 0 0 0 -0 0 0 0 -0 38.9937 95.1465 762.269 2233.85 
0.00054027465881611818 0.355902 0 299694 38.0255 9.9973 6.10306 0 113.551 102.794 47.9895 -4.89752 0 0 0 -0 0 0 0 -0 40.0527 91.4282 1143.83 1953.18 
0.00054027465881611818 0.382336 0 244983 36.3481 9.87007 6.02481 0 80.27311 -7.02924 70.885 37.0092 0 -0 0 0 0 -0 0 0 37.7978 98.9766 765.649 2281.57 
0.00054027465881611818 0.409305 0 175769 32.2172 9.44548 8.22158 0 01 0 -0 0 0 0 -0 0 0 0 -0 0 33.485 90.1765 349.507 1682.87 
0.00054027465881611818 0.418954 0 57393 35.2741 9.7646 5.96404 0 123.9411 -49.4998 5.78076 -113.48 0 -0 0 0 0 -0 0 0 33.485 90.1765 349.507 1682.87 
0.00054027465881611818 0.459462 0 134648 34.8295 9.68564 5.921 0 233.1891 -79.4278 -219.071 8.74732 0 -0 0 0 0 -0 0 0 39.0229 101.86 1510.14 2321.16 
0.00054027465881611818 0.461622 0 51605 40.827 10.1946 6.2351 0 156.5791 -63.7497 -132.208 -54.5357 0 0 0 0 0 0 0 0 39.0229 101.86 1510.14 2321.16 
0.00054027465881611818 0.473781 0 5284 40.5322 10.1431 6.19938 0 101.8551 -29.5506 66.2146 71.5326 0 0 0 0 0 0 0 0 39.0229 101.86 1510.14 2321.16 
0.00054027465881611818 0.506126 0 79197 38.3837 10.0605 6.14397 0 148.9211 -136.997 -57.9114 7.44611 0 0 -0 0 0 0 -0 0 36.7655 95.0108 308.792 1935.45 
0.00054027465881611818 0.509426 0 303941 38.4651 10.0638 6.14613 0 144.4681 -143.024 15.5081 -13.2181 0 0 0 0 0 0 0 0 36.7655 95.0108 308.792 1935.45 
0.00054027465881611818 0.514589 0 191220 35.2742 9.76459 5.96404 0 183.1461 -181.133 -23.0804 14.1544 0 0 0 0 0 0 0 0 36.7655 95.0108 308.792 1935.45 
0.00054027465881611818 0.517205 0 87366 35.2759 9.76442 5.96395 0 225.6791 56.5587 171.692 -135.107 0 0 0 0 0 0 0 0 36.7655 95.0108 308.792 1935.45 
0.00054027465881611818 0.520649 0 330567 34.5159 9.63088 5.89237 0 126.2691 -126.208 -3.78981 0.946426 0 0 0 0 0 0 0 0 36.7655 95.0108 308.792 1935.45 
0.00054027465881611818 0.526374 0 149405 33.1739 9.47604 8.24817 0 01 0 0 0 0 0 0 0 0 0 0 0 39.3357 90.9587 327.225 1015.93 
0.00054027465881611818 0.530566 0 22499 40.4457 10.1301 6.19052 0 141.3241 -117.922 60.2038 49.4217 0 0 0 0 0 0 0 0 39.3357 90.9587 327.225 1015.93 
0.00054027465881611818 0.541405 0 71669 34.3464 9.60539 5.87939 0 100.9431 -24.1449 -35.2739 -91.4453 0 -0 0 0 0 -0 0 0 39.3357 90.9587 327.225 1015.93 
0.00054027465881611818 0.560246 0 176355 32.2815 9.45171 8.227 0 01 0 0 0 0 0 0 0 0 0 0 0 37.7839 97.235 703.174 1741.29 
0.00054027465881611818 0.564318 0 237905 33.8209 9.51651 5.83584 0 31.98181 -2.49143 8.42353 30.7518 0 0 0 0 0 0 0 0 37.7839 97.235 703.174 1741.29 
0.00054027465881611818 0.568112 0 82477 40.9632 10.2065 6.24352 0 136.4361 -86.2625 105.589 4.96608 0 0 0 0 0 0 0 0 41.5492 103.93 389.114 1651.91 
0.00054027465881611818 0.569985 0 58537 36.8577 9.80967 5.98955 0 192.3851 192.046 -4.22316 10.5893 0 0 0 0 0 0 0 0 41.5492 103.93 389.114 1651.91 
0.00054027465881611818 0.572636 0 242731 35.8408 9.82349 5.99751 0 143.9831 -134.175 -35.1212 38.6619 0 0 -0 0 0 0 -0 0 41.5492 103.93 389.114 1651.91 
0.00054027465881611818 0.57733 0 70798 38.6921 10.0881 6.16226 0 194.1651 184.101 20.8257 58.0786 0 0 0 0 0 0 0 0 41.5492 103.93 389.114 1651.91 
0.00054027465881611818 0.594872 0 334345 33.8645 9.52365 5.83924 0 104.7361 -19.5163 97.5939 -32.6216 0 -0 0 0 0 -0 0 0 32.4668 94.1522 496.05 1287.53 
0.00054027465881611818 0.605796 0 140577 33.135 9.46991 8.24284 0 01 0 0 0 0 0 0 0 0 0 0 0 32.4668 94.1522 496.05 1287.53 
0.00054027465881611818 0.616629 0 24007 36.9311 9.82133 5.99626 0 169.8771 -168.789 17.9115 -6.89805 0 0 0 0 0 0 0 0 29.2434 90.2242 662.811 992.723 
0.00054027465881611818 0.630892 0 43247 34.425 9.61954 5.88657 0 208.1061 206.549 -24.0854 -8.09924 0 0 0 -0 0 0 0 -0 29.2434 90.2242 662.811 992.723 
0.00054027465881611818 0.633427 0 102873 35.6821 9.80862 5.98895 0 131.4581 -53.6735 91.4555 -77.6933 0 -0 0 0 0 -0 0 0 29.2434 90.2242 662.811 992.723 
0.00054027465881611818 0.637211 0 143944 36.4785 9.88263 6.03229 0 55.40621 5.55789 -12.992 53.5739 0 0 -0 0 0 0 -0 0 37.4041 94.296 256.728 1881.47 
0.00054027465881611818 0.650549 0 202678 33.9515 9.53944 5.84682 0 135.9291 -111.659 50.4236 -58.8775 0 0 0 0 0 0 0 0 37.4041 94.296 256.728 1881.47 
0.00054027465881611818 0.66523 0 144496 36.8656 9.81286 5.99139 0 92.30311 23.4149 -10.1651 -88.7033 0 0 0 -0 0 0 0 -0 38.0431 94.8727 409.38 1605.05 
0.00054027465881611818 0.669594 0 138555 33.057 9.45574 8.23051 0 01 -0 0 0 0 -0 0 0 0 -0 0 0 38.0431 94.8727 409.38 1605.05 
0.00054027465881611818 0.675281 0 221647 33.4925 9.54284 5.84846 0 128.4561 -98.1316 79.6679 -22.892 0 0 0 -0 0 0 0 -0 38.0431 94.8727 409.38 1605.05 
0.00054027465881611818 0.689665 0 87721 37.6852 9.9376 6.06567 0 114.4651 66.1647 -62.5901 -69.3325 0 0 0 -0 0 0 0 -0 37.4616 95.6187 125.604 413.025 
0.00054027465881611818 0.690618 0 207965 40.0184 10.0627 6.1454 0 147.5831 81.638 75.8043 -96.7964 0 0 0 0 0 0 0 0 37.4616 95.6187 125.604 413.025 
0.00054027465881611818 0.697064 0 213781 34.3295 9.60336 5.87837 0 11.74931 5.19715 -0.865198 -10.5018 0 0 0 -0 0 0 0 -0 37.4616 95.6187 125.604 413.025 
0.00054027465881611818 0.698215 0 409609 0 15.9604 14.1978 0 01 0 0 0 0 0 0 0 0 0 0 0 37.4616 95.6187 125.604 413.025 
0.00054027465881611818 0.705748 0 162583 37.01 9.83265 6.00282 0 85.57171 11.6822 -84.0132 11.3058 0 0 0 0 0 0 0 0 40.8095 101.74 194.414 723.606 
0.00054027465881611818 0.714872 0 23355 38.7463 10.0931 6.16557 0 125.2781 120.312 26.2793 22.9993 0 0 0 0 0 0 0 0 40.8095 101.74 194.414 723.606 
0.00054027465881611818 0.741419 0 169315 36.9321 9.82117 5.99617 0 192.861 -153.016 87.46 -78.3064 0 0 0 -0 0 0 0 -0 25.8932 82.0901 347.942 804.206 
0.00054027465881611818 0.752978 1 415237 51.6693 10.6179 6.56225 0 0 2 -75.7213 21.6627 43.4256 0 0 0 0 0 0 0 0 26.0414 74.1934 412.734 870.205 
0.00054027465881611818 0.755661 0 90793 35.7125 9.81017 5.98984 0 274.3071 -161.838 -214.089 -56.7298 0 0 0 0 0 0 0 0 26.0414 74.1934 412.734 870.205 
0.00054027465881611818 0.783109 0 196116 35.192 9.75545 5.95895 0 248.1421 -68.2566 143.508 -190.581 0 -0 0 0 0 -0 0 0 35.531 92.3318 141.26 783.515 
0.00054027465881611818 0.783245 0 296006 37.4654 9.90679 6.04684 0 81.78161 -77.3323 26.5675 -1.45444 0 0 0 0 0 0 0 0 35.531 92.3318 141.26 783.515 
0.00054027465881611818 0.785117 0 6025 40.7768 10.19 6.23191 0 162.9441 -137.578 -36.1323 -79.4826 0 -0 0 0 0 -0 0 0 35.531 92.3318 141.26 783.515 
0.00054027465881611818 0.792071 0 186579 35.8192 9.81935 5.99512 0 168.6221 -61.1768 -129.218 -89.406 0 -0 0 0 0 -0 0 0 35.531 92.3318 141.26 783.515 
0.00054027465881611818 0.807796 0 209143 39.2928 10.1449 6.20066 0 133.4931 -116.422 -35.0269 55.1304 0 0 -0 0 0 0 -0 0 34.2481 87.2671 522.346 1986.26 
0.00054027465881611818 0.815695 0 185827 39.6373 10.1745 6.22104 0 149.6161 50.508 -140.828 1.19714 0 0 -0 0 0 0 -0 0 34.2481 87.2671 522.346 1986.26 
0.00054027465881611818 0.829205 0 170525 38.7956 10.0976 6.16855 0 31.08361 3.89269 30.6464 3.44012 0 0 0 0 0 0 0 0 26.919 82.4782 285.272 903.014 
0.00054027465881611818 0.851573 0 195542 33.3682 9.50288 8.27153 0 01 0 0 0 0 0 0 0 0 0 0 0 26.919 82.4782 285.272 903.014 
0.00054027465881611818 0.870746 0 219847 39.7453 10.1841 6.22775 0 126.2991 -84.1261 -41.246 84.6935 0 -0 0 0 0 -0 0 0 37.4451 84.396 123.572 427.955 
0.00054027465881611818 0.883308 0 52396 35.881 9.82746 5.99981 0 192.9191 -53.807 -183.16 27.8342 0 0 -0 0 0 0 -0 0 37.4451 84.396 123.572 427.955 
0.00054027465881611818 0.893048 0 36465 39.0862 10.1252 6.18721 0 223.8961 -199.874 34.6555 94.7556 0 0 0 0 0 0 0 0 39.5121 83.5191 201.913 801.911 
0.00054027465881611818 0.899167 0 211996 35.9461 9.82644 5.99922 0 249.561 -149.684 196.286 -36.698 0 0 0 0 0 0 0 0 39.5121 83.5191 201.913 801.911 
0.00054027465881611818 0.932231 0 213632 32.4818 9.4745 8.24683 0 01 0 0 0 0 0 0 0 0 0 0 0 29.6902 86.261 621.397 1270.75 
0.00054027465881611818 0.952988 0 272267 33.8736 9.52518 5.83997 0 175.131 -173.871 11.9312 -17.2371 0 0 0 0 0 0 0 0 32.6231 77.509 673.796 924.065 
0.00054027465881611818 0.954327 0 255934 40.1963 10.099 6.16951 0 184.4451 -112.362 132.103 -62.7973 0 0 0 -0 0 0 0 -0 32.6231 77.509 673.796 924.065 
0.00054027465881611818 0.968213 0 149543 36.7563 9.7985 5.98317 0 128.0921 -127.13 6.565 14.2214 0 0 0 0 0 0 0 0 32.6231 77.509 673.796 924.065 
0.00054027465881611818 0.989962 0 189256 40.4504 10.1308 6.19101 0 178.2741 -115.106 34.2408 -131.756 0 -0 0 0 0 -0 0 0 26.7126 75.0723 0 396.13 
0.00054027465881611818 1.01002 0 205163 40.3764 10.1199 6.18361 0 300.9061 285.059 -95.0231 -16.0119 0 0 0 0 0 0 0 0 26.5266 83.7845 310.779 709.59 
0.00054027465881611818 1.0117 0 236025 32.6713 9.49321 8.26311 0 01 -0 0 0 0 -0 0 0 0 -0 0 0 26.5266 83.7845 310.779 709.59 
0.00054027465881611818 1.02605 0 264494 39.589 10.1701 6.21804 0 165.6131 -162.677 15.2091 -27.0606 0 -0 0 0 0 -0 0 0 26.5266 83.7845 310.779 709.59 
0.00054027465881611818 1.04661 0 224265 32.946 9.44521 8.22134 0 01 0 0 0 0 0 0 0 0 0 0 0 27.4378 69.5646 339.655 850.363 
0.00054027465881611818 1.04855 0 167586 38.5806 10.0782 6.15561 0 100.6121 -52.9271 78.1953 34.7425 0 -0 0 0 0 -0 0 0 27.4378 69.5646 339.655 850.363 
0.00054027465881611818 1.05135 0 340616 39.9961 10.2084 6.24485 0 90.38861 41.8397 30.6905 -74.0111 0 0 0 -0 0 0 0 -0 27.4378 69.5646 339.655 850.363 
0.00054027465881611818 1.06092 0 122995 40.6661 10.1609 6.21168 0 110.5611 -29.4865 55.9941 90.6583 0 -0 0 0 0 -0 0 0 27.4378 69.5646 339.655 850.363 
0.00054027465881611818 1.06113 0 38744 34.4193 9.61624 5.88489 0 96.40991 -93.5768 10.875 -20.4939 0 0 0 0 0 0 0 0 27.4378 69.5646 339.655 850.363 
0.00054027465881611818 1.08515 0 284405 0 10.4055 6.39062 0 82.45811 77.9524 21.6716 -15.9092 0 0 0 -0 0 0 0 -0 29.3396 76.0716 59.0888 102.385 
0.00054027465881611818 1.09271 0 198841 35.9894 9.83479 6.00407 0 148.5121 -15.8482 145.557 24.8566 0 0 0 0 0 0 0 0 29.3396 76.0716 59.0888 102.385 
0.00054027465881611818 1.11143 0 261297 38.2168 10.0236 6.11994 0 121.4241 -119.482 -17.1492 13.1871 0 0 0 0 0 0 0 0 25.8199 65.088 93.0632 453.3 
0.00054027465881611818 1.11836 0 270802 37.0947 9.84782 6.01168 0 182.4211 66.3659 160.716 -55.1659 0 0 0 -0 0 0 0 -0 25.8199 65.088 93.0632 453.3 
0.00054027465881611818 1.12467 0 222067 38.9746 10.1145 6.17995 0 85.12231 -68.7046 -47.0958 -17.5348 0 0 0 -0 0 0 0 -0 25.8199 65.088 93.0632 453.3 
0.00054027465881611818 1.13365 0 195207 39.8973 10.1997 6.23869 0 242.7411 205.724 -128.623 -7.55911 0 0 0 0 0 0 0 0 25.8199 65.088 93.0632 453.3 
0.00054027465881611818 1.13805 0 363058 33.527 9.54705 5.8505 0 206.261 -10.519 -204.551 24.3145 0 0 0 0 0 0 0 0 25.8199 65.088 93.0632 453.3 
0.00054027465881611818 1.14074 0 165929 34.8882 9.69579 5.92642 0 85.85241 -45.263 23.9982 68.8912 0 -0 0 0 0 -0 0 0 25.8199 65.088 93.0632 453.3 
0.00054027465881611818 1.14326 0 303045 38.5069 10.0712 6.151 0 201.241 192.197 33.9058 -49.0735 0 0 0 0 0 0 0 0 25.6316 72.0549 216.326 583.217 
0.00054027465881611818 1.18136 0 223846 32.3411 9.45798 8.23245 0 01 0 0 0 0 0 0 0 0 0 0 0 22.7861 70.6986 176.267 197.249 
0.00054027465881611818 1.19802 0 316050 32.5693 9.48309 8.2543 0 01 0 0 0 0 0 0 0 0 0 0 0 22.7861 70.6986 176.267 197.249 
0.00054027465881611818 1.23224 0 296138 34.5542 9.6503 5.90241 0 121.6921 116.728 -25.7427 -22.8194 0 0 0 0 0 0 0 0 33.5659 91.9984 92.4459 254.865 
0.00054027465881611818 1.23634 0 246436 39.3317 10.1488 6.20332 0 106.6521 -89.2384 23.5111 -53.4631 0 0 0 -0 0 0 0 -0 33.5659 91.9984 92.4459 254.865 
0.00054027465881611818 1.26191 0 306675 33.9768 9.54441 5.84922 0 182.3461 174.683 45.5625 -25.6876 0 0 0 0 0 0 0 0 33.5659 91.9984 92.4459 254.865 
0.00054027465881611818 1.28969 0 107151 32.3059 9.45414 8.22912 0 01 0 0 0 0 0 0 0 0 0 0 0 21.9005 69.4787 5.19855 854.969 
0.00054027465881611818 1.30211 0 159247 38.304 10.0362 6.12807 0 85.40541 63.2711 23.271 -52.4339 0 0 0 -0 0 0 0 -0 21.9005 69.4787 5.19855 854.969 
0.00054027465881611818 1.31651 0 234722 39.7889 10.1878 6.23034 0 251.4961 -216.192 89.8365 -91.8731 0 -0 0 0 0 -0 0 0 17.297 49.2804 115.752 514.411 
0.00054027465881611818 1.32519 0 319276 35.5055 9.79024 5.97847 0 286.2831 -32.5701 179.22 -220.855 0 0 0 0 0 0 0 0 17.297 49.2804 115.752 514.411 
0.00054027465881611818 1.36504 0 218673 35.2491 9.76359 5.96348 0 104.2041 85.7224 -38.404 45.1134 0 0 0 0 0 0 0 0 16.6188 75.9107 0 8.70874 
0.00054027465881611818 1.41158 0 191234 39.5368 10.1657 6.21498 0 79.46951 -79.1957 -0.878922 6.53182 0 0 0 0 0 0 0 0 21.4884 77.3438 0 194.389 
0.00054027465881611818 1.44458 0 342636 33.0787 9.45839 8.23281 0 01 -0 0 0 0 -0 0 0 0 -0 0 0 21.4884 77.3438 0 194.389 
0.00054027465881611818 1.44537 0 244533 41.1435 10.2295 6.25982 0 102.1611 -90.8867 -21.4768 41.4147 0 0 0 0 0 0 0 0 21.4884 77.3438 0 194.389 
0.00054027465881611818 1.44885 0 50618 39.3718 10.1521 6.20561 0 116.7211 90.4419 30.4994 67.1859 0 0 0 0 0 0 0 0 21.4884 77.3438 0 194.389 
0.00054027465881611818 1.46969 0 287422 36.441 9.87987 6.03064 0 103.9951 69.6626 -42.3369 64.5734 0 0 -0 0 0 0 -0 0 20.6853 84.5635 0 180.969 
0.00054027465881611818 1.5226 0 252721 40.7212 10.1682 6.2167 0 146.3711 -41.3919 126.129 61.6649 0 0 0 0 0 0 0 0 16.9602 61.8504 356.897 465.057 
0.00054027465881611818 1.52729 0 380007 34.8455 9.69151 5.92412 0 124.4241 -71.0922 79.8107 63.6991 0 0 0 0 0 0 0 0 16.9602 61.8504 356.897 465.057 
0.00054027465881611818 1.69467 0 246660 35.8723 9.82337 5.99744 0 78.58251 -75.6176 -20.9561 -4.2457 0 0 -0 0 0 0 -0 0 10.0371 50.3342 0 0 
0.00054027465881611818 1.70236 0 334260 41.0287 10.2149 6.24947 0 153.3931 131.593 72.8669 30.0525 0 0 0 0 0 0 0 0 10.0371 50.3342 0 0 
0.00054027465881611818 1.71402 0 330060 41.0883 10.2225 6.25485 0 111.7851 83.9926 67.8566 28.9239 0 0 0 0 0 0 0 0 15.7987 77.0808 0 1.72701 
0.00054027465881611818 1.72342 0 307821 38.4061 10.0611 6.14437 0 107.1361 76.2303 25.1141 -70.9674 0 0 0 -0 0 0 0 -0 15.7987 77.0808 0 1.72701 
0.00054027465881611818 1.75709 0 258580 37.0631 9.84007 6.00715 0 169.1121 36.5721 -153.045 61.9567 0 0 0 0 0 0 0 0 15.7987 77.0808 0 1.72701 
0.00054027465881611818 1.77021 0 386821 34.0314 9.56433 5.85894 0 204.6791 -179.026 49.6445 -85.898 0 -0 0 0 0 -0 0 0 15.7987 77.0808 0 1.72701 
0.00054027465881611818 1.78177 0 310669 35.289 9.76459 5.96404 0 159.3941 -125.522 -56.2588 -80.5341 0 0 0 -0 0 0 0 -0 15.7987 77.0808 0 1.72701 
0.00054027465881611818 1.81574 0 296592 32.7839 9.50304 8.27166 0 01 0 -0 0 0 0 -0 0 0 0 -0 0 12.829 53.4097 0 57.7851 
0.00054027465881611818 1.83632 0 372622 37.8862 9.97574 6.08942 0 98.20061 -78.777 -2.45354 58.5792 0 -0 0 0 0 -0 0 0 12.829 53.4097 0 57.7851 
0.00054027465881611818 1.99949 0 383571 38.192 10.0205 6.11791 0 79.2111 -10.2434 -68.2163 38.9357 0 0 0 0 0 0 0 0 8.24211 38.925 49.6498 247.696 
0.00054027465881611818 2.07533 0 350599 32.4505 9.4714 8.24413 0 01 0 0 0 0 0 0 0 0 0 0 0 8.24211 38.925 49.6498 247.696 
0.00054027465881611818 2.08509 0 362838 32.8024 9.50288 8.27153 0 01 -0 0 0 0 -0 0 0 0 -0 0 0 8.24211 38.925 49.6498 247.696 
0.00054027465881611818 2.21158 0 316784 35.195 9.7567 5.95964 0 110.6851 80.5548 75.8628 2.622 0 0 0 0 0 0 0 0 15.0806 47.3266 0 133.878 
0.00054027465881611818 2.25327 0 302817 35.1486 9.75406 5.95818 0 71.63181 -38.9837 -55.5202 -22.9979 0 0 0 0 0 0 0 0 14.0001 53.3646 0 8.58792 
0.00054027465881611818 2.26277 0 377351 34.8394 9.68938 5.92299 0 105.7121 -23.7543 102.533 9.8871 0 -0 0 0 0 -0 0 0 14.0001 53.3646 0 8.58792 
0.00054027465881611818 2.32678 0 378323 33.1048 9.46372 8.23745 0 01 0 0 0 0 0 0 0 0 0 0 0 14.0001 53.3646 0 8.58792 
0.00054027465881611818 2.35878 0 382096 35.6012 9.79849 5.98317 0 162.0771 43.8741 -107.09 113.471 0 0 0 0 0 0 0 0 14.0001 53.3646 0 8.58792 
0.00054027465881611818 2.45525 0 295464 40.7464 10.1714 6.21895 0 231.5571 201.381 36.167 108.427 0 0 0 0 0 0 0 0 12.3615 50.1188 0 5.2089 
0.00054027465881611818 2.47022 0 393305 37.8849 9.97563 6.08936 0 105.6931 15.7484 15.8298 -103.307 0 0 0 0 0 0 0 0 12.3615 50.1188 0 5.2089 
0.00054027465881611818 2.49872 0 393168 35.7896 9.81517 5.99272 0 78.67481 7.41657 -43.1973 65.3353 0 0 0 0 0 0 0 0 12.3615 50.1188 0 5.2089 
0.00054027465881611818 2.62685 0 389515 37.471 9.90698 6.04695 0 111.5171 -110.581 7.84004 12.1004 0 0 0 0 0 0 0 0 12.3615 50.1188 0 5.2089 
0.00054027465881611818 2.68607 0 292985 38.4492 10.063 6.14559 0 324.5891 205.154 57.744 -244.818 0 0 0 0 0 0 0 0 11.1801 28.0148 0 0 
0.00054027465881611818 2.85393 0 215195 34.5123 9.62656 5.89016 0 159.0541 146.098 55.9335 28.72 0 0 0 0 0 0 0 0 11.1801 28.0148 0 0 
0.00054027465881611818 2.93707 0 201617 36.6365 9.89919 6.04224 0 238.7571 -221.972 76.5219 43.3338 0 0 0 0 0 0 0 0 11.1801 28.0148 0 0 
0.00054027465881611818 3.03864 0 398460 39.3299 10.1486 6.2032 0 147.3151 124.33 53.2317 -58.3971 0 0 0 -0 0 0 0 -0 3.14929 9.49486 18.0187 18.0187 
0.00054027465881611818 3.10872 1 0 35.1696 10.2146 6.24921 0 0 1 -26.7647 36.9961 -1.83639 1 -38.5255 -1.04259 -9.3275 0 -0 0 0 3.14929 9.49486 18.0187 18.0187 
0.00054027465881611818 3.15215 0 323235 37.3721 9.89108 6.03736 0 174.3551 -138.346 -106.012 -4.64118 0 0 0 -0 0 0 0 -0 3.14929 9.49486 18.0187 18.0187 
0.000625955204366400518 0.149034 0 121925 32.1195 9.43294 8.21064 0 01 0 0 0 0 0 0 0 0 0 0 0 23.6401 53.3218 1168.8 3084.86 
0.000625955204366400518 0.0870731 0 421331 0.183772 8.9769 7.81312 0 01 0 -0 0 0 0 -0 0 0 0 -0 0 23.6401 53.3218 1168.8 3084.86 
0.000625955204366400518 0.20098 0 41160 28.0132 8.95033 7.78993 0 01 0 0 0 0 0 0 0 0 0 0 0 36.4966 86.4815 1368.96 2745.19 
0.000625955204366400518 0.209911 0 23097 28.6906 8.97323 7.80992 0 01 0 0 0 0 0 0 0 0 0 0 0 36.4966 86.4815 1368.96 2745.19 
0.000625955204366400518 0.260667 0 34930 31.0161 9.25474 8.05541 0 01 0 0 0 0 0 0 0 0 0 0 0 37.0069 91.8231 655.445 1843.25 
0.000625955204366400518 0.282056 0 67849 31.2414 9.29603 8.0914 0 01 -0 0 0 0 -0 0 0 0 -0 0 0 38.5299 91.6111 930.811 2103.07 
0.000625955204366400518 0.285761 0 201977 31.3105 9.30634 8.10038 0 01 -0 0 0 0 -0 0 0 0 -0 0 0 38.5299 91.6111 930.811 2103.07 
0.000625955204366400518 0.301379 0 6292 29.1038 9.04827 7.8754 0 01 0 0 0 0 0 0 0 0 0 0 0 38.5299 91.6111 930.811 2103.07 
0.000625955204366400518 0.332037 0 67839 28.2831 8.98288 7.81834 0 01 0 0 0 0 0 0 0 0 0 0 0 40.9701 98.1466 918.032 1838.01 
0.000625955204366400518 0.335063 0 228406 28.3649 8.99047 7.82496 0 01 0 -0 0 0 0 -0 0 0 0 -0 0 40.9701 98.1466 918.032 1838.01 
0.000625955204366400518 0.340481 0 6219 28.0697 8.96076 7.79903 0 01 0 0 0 0 0 0 0 0 0 0 0 41.0631 109.067 427.5 1381.56 
0.000625955204366400518 0.345926 0 52314 30.7935 9.21373 8.01968 0 01 -0 0 0 0 -0 0 0 0 -0 0 0 41.0631 109.067 427.5 1381.56 
0.000625955204366400518 0.368278 0 43108 30.0418 9.19121 8.00004 0 01 0 0 0 0 0 0 0 0 0 0 0 46.3308 110.037 1661.21 2365.63 
0.000625955204366400518 0.37832 0 71493 30.2655 9.21747 8.02294 0 01 0 0 0 0 0 0 0 0 0 0 0 46.3308 110.037 1661.21 2365.63 
0.000625955204366400518 0.38537 0 86848 30.8252 9.21856 8.02388 0 01 0 0 0 0 0 0 0 0 0 0 0 46.3308 110.037 1661.21 2365.63 
0.000625955204366400518 0.390493 0 109173 31.5459 9.3535 8.14146 0 01 0 0 0 0 0 0 0 0 0 0 0 49.0658 120.384 598.076 2019.53 
0.000625955204366400518 0.395069 0 61838 27.3392 8.83218 7.6868 0 01 0 0 0 0 0 0 0 0 0 0 0 49.0658 120.384 598.076 2019.53 
0.000625955204366400518 0.406604 0 55686 31.4713 9.33986 8.12959 0 01 0 0 0 0 0 0 0 0 0 0 0 49.0658 120.384 598.076 2019.53 
0.000625955204366400518 0.412583 0 73589 27.9947 8.95088 7.79041 0 01 0 0 0 0 0 0 0 0 0 0 0 49.0658 120.384 598.076 2019.53 
0.000625955204366400518 0.416489 0 154589 30.0242 9.18892 7.99805 0 01 0 0 0 0 0 0 0 0 0 0 0 36.9717 103.152 554.135 1196.53 
0.000625955204366400518 0.419004 0 132710 27.7405 8.90776 7.75278 0 01 0 0 0 0 0 0 0 0 0 0 0 36.9717 103.152 554.135 1196.53 
0.000625955204366400518 0.420233 0 19650 29.1244 9.05498 7.88125 0 01 0 -0 0 0 0 -0 0 0 0 -0 0 36.9717 103.152 554.135 1196.53 
0.000625955204366400518 0.428409 0 141353 27.2499 8.81767 7.67413 0 01 -0 0 0 0 -0 0 0 0 -0 0 0 36.9717 103.152 554.135 1196.53 
0.000625955204366400518 0.436819 0 39238 28.202 8.97622 7.81253 0 01 0 -0 0 0 0 -0 0 0 0 -0 0 36.9717 103.152 554.135 1196.53 
0.000625955204366400518 0.442941 0 296004 28.2226 8.97257 7.80934 0 01 0 0 0 0 0 0 0 0 0 0 0 43.1638 115.886 458.612 1698.28 
0.000625955204366400518 0.444384 0 126118 28.7826 8.99129 7.82567 0 01 0 0 0 0 0 0 0 0 0 0 0 43.1638 115.886 458.612 1698.28 
0.000625955204366400518 0.451763 0 15422 31.4974 9.34566 8.13464 0 01 -0 0 0 0 -0 0 0 0 -0 0 0 43.1638 115.886 458.612 1698.28 
0.000625955204366400518 0.443719 1 0 0 9.00068 7.83388 0 0 1 0 0 0 0 0 0 0 0 0 0 0 43.1638 115.886 458.612 1698.28 
0.000625955204366400518 0.481234 0 129259 29.8493 9.16781 7.97965 0 01 0 0 0 0 0 0 0 0 0 0 0 40.6764 110.556 312.572 1351.52 
0.000625955204366400518 0.496511 0 18064 27.4481 8.85748 7.70888 0 01 0 0 0 0 0 0 0 0 0 0 0 43.0537 106.306 470.827 957.991 
0.000625955204366400518 0.499731 0 30458 30.8936 9.23277 8.03626 0 01 0 0 0 0 0 0 0 0 0 0 0 43.0537 106.306 470.827 957.991 
0.000625955204366400518 0.507832 0 81542 27.2419 8.81658 7.67318 0 01 -0 0 0 0 -0 0 0 0 -0 0 0 38.7517 106.643 325.229 795.562 
0.000625955204366400518 0.511381 0 99537 28.3536 8.99111 7.82552 0 01 0 -0 0 0 0 -0 0 0 0 -0 0 38.7517 106.643 325.229 795.562 
0.000625955204366400518 0.511668 0 291918 28.3755 8.99606 7.82984 0 01 0 0 0 0 0 0 0 0 0 0 0 38.7517 106.643 325.229 795.562 
0.000625955204366400518 0.516491 0 37014 28.4169 8.92818 7.77059 0 01 0 0 0 0 0 0 0 0 0 0 0 38.7517 106.643 325.229 795.562 
0.000625955204366400518 0.518174 0 19678 30.5204 9.25047 8.05169 0 01 0 0 -0 0 0 0 -0 0 0 0 -0 38.7517 106.643 325.229 795.562 
0.000625955204366400518 0.537874 0 61856 28.5407 8.95061 7.79018 0 01 0 0 -0 0 0 0 -0 0 0 0 -0 41.6559 95.1218 270.553 687.399 
0.000625955204366400518 0.590998 0 48688 29.678 9.14711 7.9616 0 01 0 0 -0 0 0 0 -0 0 0 0 -0 36.8623 103.638 372.199 755.718 
0.000625955204366400518 0.632696 0 153147 29.442 9.11989 7.93787 0 01 0 0 0 0 0 0 0 0 0 0 0 39.1749 99.1518 652.719 1930.39 
0.000625955204366400518 0.667579 0 193763 28.3885 8.99543 7.82929 0 01 0 0 -0 0 0 0 -0 0 0 0 -0 37.9834 97.0172 394.008 1045.12 
0.000625955204366400518 0.66774 0 66897 31.2341 9.29472 8.09026 0 01 0 0 0 0 0 0 0 0 0 0 0 37.9834 97.0172 394.008 1045.12 
0.000625955204366400518 0.669344 0 185079 29.0216 9.03621 7.86488 0 01 0 0 -0 0 0 0 -0 0 0 0 -0 37.9834 97.0172 394.008 1045.12 
0.000625955204366400518 0.677423 0 152125 29.2841 9.08143 7.90434 0 01 0 -0 0 0 0 -0 0 0 0 -0 0 37.9834 97.0172 394.008 1045.12 
0.000625955204366400518 0.682517 0 89495 27.5396 8.86959 7.71945 0 01 0 0 0 0 0 0 0 0 0 0 0 37.9834 97.0172 394.008 1045.12 
0.000625955204366400518 0.686538 0 129927 27.4288 8.85499 7.70671 0 01 0 0 0 0 0 0 0 0 0 0 0 37.9834 97.0172 394.008 1045.12 
0.000625955204366400518 0.695752 0 171631 28.0086 8.95047 7.79005 0 01 0 -0 0 0 0 -0 0 0 0 -0 0 44.2762 101.095 98.9099 571.413 
0.000625955204366400518 0.716685 0 69754 30.7762 9.21133 8.01758 0 01 0 0 -0 0 0 0 -0 0 0 0 -0 35.629 111.124 163.178 605.937 
0.000625955204366400518 0.722637 1 403854 46.479 10.328 6.33181 0 0 2 -7.50621 -114.282 -32.2398 0 0 0 0 0 0 0 0 35.629 111.124 163.178 605.937 
0.000625955204366400518 0.724957 0 224840 28.2861 8.98238 7.81791 0 01 0 0 0 0 0 0 0 0 0 0 0 35.629 111.124 163.178 605.937 
0.000625955204366400518 0.735711 0 179360 28.9337 9.02022 7.85092 0 01 0 0 -0 0 0 0 -0 0 0 0 -0 35.629 111.124 163.178 605.937 
0.000625955204366400518 0.760922 0 79775 30.7969 9.21262 8.01871 0 01 0 -0 0 0 0 -0 0 0 0 -0 0 36.105 98.3919 61.2653 657.544 
0.000625955204366400518 0.761502 0 149264 27.311 8.82697 7.68224 0 01 0 0 0 0 0 0 0 0 0 0 0 36.105 98.3919 61.2653 657.544 
0.000625955204366400518 0.763753 0 169885 30.6318 9.18133 7.99143 0 01 0 0 -0 0 0 0 -0 0 0 0 -0 27.1022 92.3029 390.024 1020.13 
0.000625955204366400518 0.796448 0 261741 29.0085 9.03087 7.86022 0 01 0 0 0 0 0 0 0 0 0 0 0 29.6388 99.5166 335.037 1310.73 
0.000625955204366400518 0.801021 0 291088 31.4867 9.34332 8.1326 0 01 0 0 0 0 0 0 0 0 0 0 0 29.6388 99.5166 335.037 1310.73 
0.000625955204366400518 0.809858 0 89901 30.3874 9.23358 8.03697 0 01 0 0 0 0 0 0 0 0 0 0 0 29.6388 99.5166 335.037 1310.73 
0.000625955204366400518 0.813536 0 223552 27.8459 8.92987 7.77207 0 01 0 0 0 0 0 0 0 0 0 0 0 29.6388 99.5166 335.037 1310.73 
0.000625955204366400518 0.819653 0 271389 29.7789 9.16191 7.9745 0 01 0 0 0 0 0 0 0 0 0 0 0 34.8089 108.588 220.17 666.775 
0.000625955204366400518 0.830568 0 208370 31.2844 9.30324 8.09768 0 01 0 0 0 0 0 0 0 0 0 0 0 34.8089 108.588 220.17 666.775 
0.000625955204366400518 0.83059 0 139792 31.9889 9.41639 8.19625 0 01 -0 0 0 0 -0 0 0 0 -0 0 0 34.8089 108.588 220.17 666.775 
0.000625955204366400518 0.833371 0 223825 27.3517 8.8348 7.68909 0 01 -0 0 0 0 -0 0 0 0 -0 0 0 34.8089 108.588 220.17 666.775 
0.000625955204366400518 0.846522 0 298005 27.3092 8.82666 7.68197 0 01 0 0 0 0 0 0 0 0 0 0 0 36.7521 90.559 64.457 240.16 
0.000625955204366400518 0.849722 0 106288 28.3056 8.98771 7.82255 0 01 0 0 -0 0 0 0 -0 0 0 0 -0 36.7521 90.559 64.457 240.16 
0.000625955204366400518 0.867401 0 184947 31.2345 9.29478 8.09031 0 01 0 0 0 0 0 0 0 0 0 0 0 36.7521 90.559 64.457 240.16 
0.000625955204366400518 0.89404 0 86949 29.7502 9.15828 7.97134 0 01 -0 0 0 0 -0 0 0 0 -0 0 0 32.7345 97.2069 128.937 234.316 
0.000625955204366400518 0.904826 0 185527 27.9668 8.94655 7.78663 0 01 0 0 0 0 0 0 0 0 0 0 0 34.6453 97.6085 118.918 386.776 
0.000625955204366400518 0.908276 0 335816 29.2236 9.0743 7.89812 0 01 0 0 0 0 0 0 0 0 0 0 0 34.6453 97.6085 118.918 386.776 
0.000625955204366400518 0.928892 0 183892 30.1223 9.20432 8.01147 0 01 0 0 -0 0 0 0 -0 0 0 0 -0 32.8712 95.8553 73.0304 445.06 
0.000625955204366400518 0.931099 0 27397 30.0313 9.1925 8.00117 0 01 -0 0 0 0 -0 0 0 0 -0 0 0 32.8712 95.8553 73.0304 445.06 
0.000625955204366400518 0.933024 0 181037 27.2189 8.81354 7.67053 0 01 0 0 0 0 0 0 0 0 0 0 0 32.8712 95.8553 73.0304 445.06 
0.000625955204366400518 0.970065 0 241647 27.1487 8.80397 7.66217 0 01 0 0 0 0 0 0 0 0 0 0 0 32.0214 86.5147 75.2854 318.833 
0.000625955204366400518 0.971419 0 129944 28.0037 8.9511 7.79061 0 01 0 0 -0 0 0 0 -0 0 0 0 -0 32.0214 86.5147 75.2854 318.833 
0.000625955204366400518 0.978336 0 177987 30.7625 9.20762 8.01435 0 01 0 -0 0 0 0 -0 0 0 0 -0 0 32.0214 86.5147 75.2854 318.833 
0.000625955204366400518 0.988583 0 162556 28.4539 8.93307 7.77486 0 01 -0 0 0 0 -0 0 0 0 -0 0 0 32.0833 91.1864 472.623 1244.7 
0.000625955204366400518 0.995847 0 26774 30.6602 9.18654 7.99597 0 01 0 0 0 0 0 0 0 0 0 0 0 32.0833 91.1864 472.623 1244.7 
0.000625955204366400518 0.998226 0 248774 28.5498 8.95085 7.79038 0 01 0 0 0 0 0 0 0 0 0 0 0 32.0833 91.1864 472.623 1244.7 
0.000625955204366400518 1.00686 0 59481 30.6952 9.19221 8.00091 0 01 0 0 0 0 0 0 0 0 0 0 0 32.0833 91.1864 472.623 1244.7 
0.000625955204366400518 1.02129 0 194475 30.6804 9.18956 7.99861 0 01 0 0 0 0 0 0 0 0 0 0 0 23.8315 72.4008 2.38157 60.7755 
0.000625955204366400518 1.04568 0 187038 27.069 8.78874 7.64887 0 01 -0 0 0 0 -0 0 0 0 -0 0 0 23.8315 72.4008 2.38157 60.7755 
0.000625955204366400518 1.07673 0 243100 28.143 8.96778 7.80516 0 01 0 0 0 0 0 0 0 0 0 0 0 27.6406 85.1871 0 136.21 
0.000625955204366400518 1.11234 0 313243 29.2039 9.06767 7.89233 0 01 0 0 0 0 0 0 0 0 0 0 0 25.3622 70.6774 4.13003 347.081 
0.000625955204366400518 1.12812 0 215333 26.9624 8.83324 7.68772 0 01 0 0 0 0 0 0 0 0 0 0 0 21.609 74.077 243.975 358.72 
0.000625955204366400518 1.14803 0 185355 28.3386 8.99063 7.8251 0 01 0 0 0 0 0 0 0 0 0 0 0 21.609 74.077 243.975 358.72 
0.000625955204366400518 1.16131 0 257243 27.2074 8.81205 7.66922 0 01 0 0 0 0 0 0 0 0 0 0 0 29.4312 71.7312 0 316.942 
0.000625955204366400518 1.16263 0 274730 29.6653 9.14805 7.96242 0 01 0 0 0 0 0 0 0 0 0 0 0 29.4312 71.7312 0 316.942 
0.000625955204366400518 1.16558 0 262055 27.8567 8.9286 7.77096 0 01 0 0 0 0 0 0 0 0 0 0 0 29.4312 71.7312 0 316.942 
0.000625955204366400518 1.18059 0 309816 27.6032 8.88027 7.72878 0 01 0 0 -0 0 0 0 -0 0 0 0 -0 29.4312 71.7312 0 316.942 
0.000625955204366400518 1.1853 0 300179 31.0381 9.25868 8.05885 0 01 0 0 0 0 0 0 0 0 0 0 0 29.4312 71.7312 0 316.942 
0.000625955204366400518 1.20319 0 292369 29.8038 9.16503 7.97722 0 01 0 -0 0 0 0 -0 0 0 0 -0 0 13.2977 68.1349 0 467.468 
0.000625955204366400518 1.20576 0 166801 27.6131 8.88218 7.73044 0 01 0 0 -0 0 0 0 -0 0 0 0 -0 13.2977 68.1349 0 467.468 
0.000625955204366400518 1.24531 0 293121 29.6463 9.14387 7.95878 0 01 0 0 0 0 0 0 0 0 0 0 0 18.9335 74.2763 0 251.979 
0.000625955204366400518 1.25546 0 263588 30.416 9.23734 8.04025 0 01 0 0 -0 0 0 0 -0 0 0 0 -0 18.9335 74.2763 0 251.979 
0.000625955204366400518 1.28501 0 194863 31.5906 9.37413 8.15944 0 01 0 -0 0 0 0 -0 0 0 0 -0 0 22.1685 70.4645 63.6728 228.305 
0.000625955204366400518 1.29594 0 54359 0.112354 9.10873 7.92814 0 01 -0 0 0 0 -0 0 0 0 -0 0 0 22.1685 70.4645 63.6728 228.305 
0.000625955204366400518 1.30508 0 304523 30.9467 9.23898 8.04168 0 01 0 0 -0 0 0 0 -0 0 0 0 -0 22.1685 70.4645 63.6728 228.305 
0.000625955204366400518 1.31396 0 289599 29.5754 9.13726 7.95301 0 01 0 0 0 0 0 0 0 0 0 0 0 22.1685 70.4645 63.6728 228.305 
0.000625955204366400518 1.31858 0 291911 30.1002 9.20135 8.00888 0 01 -0 0 0 0 -0 0 0 0 -0 0 0 22.1685 70.4645 63.6728 228.305 
0.000625955204366400518 1.33948 0 201415 28.9879 9.03059 7.85997 0 01 0 0 0 0 0 0 0 0 0 0 0 21.6567 63.6126 0 58.5258 
0.000625955204366400518 1.35878 0 223714 28.3313 8.98649 7.82149 0 01 0 0 0 0 0 0 0 0 0 0 0 21.6567 63.6126 0 58.5258 
0.000625955204366400518 1.36218 0 331934 28.0534 8.95535 7.79431 0 01 0 0 0 0 0 0 0 0 0 0 0 21.6567 63.6126 0 58.5258 
0.000625955204366400518 1.37973 0 304139 30.4969 9.2458 8.04762 0 01 0 0 -0 0 0 0 -0 0 0 0 -0 19.5039 75.4995 0 79.6359 
0.000625955204366400518 1.39304 0 132704 30.5626 9.17719 7.98782 0 01 0 0 0 0 0 0 0 0 0 0 0 19.5039 75.4995 0 79.6359 
0.000625955204366400518 1.40889 0 304714 26.9905 8.83736 7.69131 0 01 0 0 0 0 0 0 0 0 0 0 0 19.5039 75.4995 0 79.6359 
0.000625955204366400518 1.4422 0 330072 26.8562 8.82092 7.67697 0 01 0 0 0 0 0 0 0 0 0 0 0 18.8017 69.5056 390.575 397.849 
0.000625955204366400518 1.46968 0 338496 27.3373 8.8318 7.68647 0 01 0 0 0 0 0 0 0 0 0 0 0 18.8017 69.5056 390.575 397.849 
0.000625955204366400518 1.47951 0 292326 27.1149 8.79861 7.65749 0 01 0 0 0 0 0 0 0 0 0 0 0 18.0244 67.599 104.417 226.023 
0.000625955204366400518 1.48218 0 325015 30.3703 9.23409 8.03741 0 01 0 0 0 0 0 0 0 0 0 0 0 18.0244 67.599 104.417 226.023 
0.000625955204366400518 1.49538 0 276444 32.0268 9.42078 8.20003 0 01 0 0 0 0 0 0 0 0 0 0 0 18.0244 67.599 104.417 226.023 
0.000625955204366400518 1.51296 0 308710 28.6661 8.96909 7.8063 0 01 0 0 0 0 0 0 0 0 0 0 0 18.0244 67.599 104.417 226.023 
0.000625955204366400518 1.51315 0 352578 27.1776 8.80828 7.66593 0 01 0 0 0 0 0 0 0 0 0 0 0 18.0244 67.599 104.417 226.023 
0.000625955204366400518 1.58523 0 279797 27.9416 8.94289 7.78344 0 01 -0 0 0 0 -0 0 0 0 -0 0 0 10.9187 53.1904 88.4238 314.557 
0.000625955204366400518 1.60026 0 340718 27.2398 8.8163 7.67294 0 01 0 0 0 0 0 0 0 0 0 0 0 32.6381 60.415 160.139 562.067 
0.000625955204366400518 1.60365 0 250839 27.0503 8.78435 7.64504 0 01 0 -0 0 0 0 -0 0 0 0 -0 0 32.6381 60.415 160.139 562.067 
0.000625955204366400518 1.66522 0 300870 27.9003 8.9376 7.77882 0 01 0 0 0 0 0 0 0 0 0 0 0 11.853 44.3738 0 151.331 
0.000625955204366400518 1.68576 0 334776 31.5332 9.35162 8.13983 0 01 0 0 0 0 0 0 0 0 0 0 0 11.853 44.3738 0 151.331 
0.000625955204366400518 1.69959 0 321271 28.7216 8.97834 7.81438 0 01 0 0 0 0 0 0 0 0 0 0 0 11.853 44.3738 0 151.331 
0.000625955204366400518 1.72587 0 207143 27.6503 8.89014 7.73739 0 01 0 -0 0 0 0 -0 0 0 0 -0 0 11.853 44.3738 0 151.331 
0.000625955204366400518 1.72791 0 339850 27.5548 8.87193 7.7215 0 01 0 0 0 0 0 0 0 0 0 0 0 11.853 44.3738 0 151.331 
0.000625955204366400518 1.80538 0 367285 29.6525 9.14373 7.95866 0 01 0 0 -0 0 0 0 -0 0 0 0 -0 17.7791 72.9514 48.4729 111.346 
0.000625955204366400518 1.81882 0 366867 29.4376 9.1177 7.93596 0 01 0 -0 0 0 0 -0 0 0 0 -0 0 26.085 70.776 0 105.286 
0.000625955204366400518 1.83621 0 344896 28.3557 8.99078 7.82523 0 01 0 0 0 0 0 0 0 0 0 0 0 26.085 70.776 0 105.286 
0.000625955204366400518 1.86683 0 346540 27.8273 8.92131 7.7646 0 01 0 0 0 0 0 0 0 0 0 0 0 26.085 70.776 0 105.286 
0.000625955204366400518 1.87161 0 335263 27.4531 8.85787 7.70923 0 01 0 -0 0 0 0 -0 0 0 0 -0 0 26.085 70.776 0 105.286 
0.000625955204366400518 2.03133 0 353010 29.0679 9.04188 7.86983 0 01 0 0 0 0 0 0 0 0 0 0 0 8.22123 45.173 0 0 
0.000625955204366400518 2.03227 0 360776 29.5502 9.13418 7.95032 0 01 0 0 0 0 0 0 0 0 0 0 0 8.22123 45.173 0 0 
0.000625955204366400518 2.05572 0 332721 28.6521 8.96801 7.80536 0 01 0 0 -0 0 0 0 -0 0 0 0 -0 8.22123 45.173 0 0 
0.000625955204366400518 2.12893 0 357743 30.4199 9.23612 8.03919 0 01 0 0 0 0 0 0 0 0 0 0 0 8.81832 50.4753 0 14.0629 
0.000625955204366400518 2.15938 0 392518 29.4353 9.1173 7.93561 0 01 0 0 0 0 0 0 0 0 0 0 0 8.81832 50.4753 0 14.0629 
0.000625955204366400518 2.2624 0 370212 31.8537 9.40107 8.18291 0 01 0 0 0 0 0 0 0 0 0 0 0 8.81832 50.4753 0 14.0629 
0.000625955204366400518 2.36663 0 239877 28.678 8.97368 7.8103 0 01 0 0 0 0 0 0 0 0 0 0 0 4.65255 42.0462 0 3.26945 
0.000625955204366400518 2.48374 0 387995 29.9841 9.18639 7.99584 0 01 0 0 0 0 0 0 0 0 0 0 0 5.14794 35.5694 0 0 
0.000625955204366400518 2.73798 0 253960 30.5912 9.1767 7.98739 0 01 0 0 0 0 0 0 0 0 0 0 0 5.38959 27.9585 0 0 
0.000625955204366400518 3.4789 0 387605 29.0408 9.0364 7.86505 0 01 0 0 -0 0 0 0 -0 0 0 0 -0 6.78118 26.3825 0 20.4165 
0.000625955204366400518 3.49098 0 365272 28.0702 8.96063 7.79892 0 01 0 0 0 0 0 0 0 0 0 0 0 6.78118 26.3825 0 20.4165 
0.000747556671104270703 0.0356499 0 5708 23.4869 8.38806 7.54925 0 01 0 0 0 0 0 0 0 0 0 0 0 30.5971 73.5433 1360.8 2838.15 
0.000747556671104270703 0.15154 0 126498 25.4469 8.62268 7.5038 0 01 -0 0 0 0 -0 0 0 0 -0 0 0 30.5971 73.5433 1360.8 2838.15 
0.000747556671104270703 0.155532 0 226518 25.803 8.67823 7.55233 0 01 0 0 0 0 0 0 0 0 0 0 0 30.5971 73.5433 1360.8 2838.15 
0.000747556671104270703 0.186653 0 75139 25.8884 8.68947 7.56215 0 01 0 0 0 0 0 0 0 0 0 0 0 30.5971 73.5433 1360.8 2838.15 
0.000747556671104270703 0.203131 0 9348 26.0415 8.71822 7.58727 0 01 0 0 0 0 0 0 0 0 0 0 0 43.7039 101.308 934.907 2377.84 
0.000747556671104270703 0.218555 0 77879 24.5368 8.56446 7.45293 0 01 0 -0 0 0 0 -0 0 0 0 -0 0 43.7039 101.308 934.907 2377.84 
0.000747556671104270703 0.237665 0 170681 26.196 8.74169 7.60778 0 01 0 0 0 0 0 0 0 0 0 0 0 43.7039 101.308 934.907 2377.84 
0.000747556671104270703 0.242964 0 163317 24.8582 8.60731 7.49036 0 01 0 0 0 0 0 0 0 0 0 0 0 51.6833 116.409 1615.48 3425.64 
0.000747556671104270703 0.262688 0 73656 24.4481 8.55097 7.44114 0 01 -0 0 0 0 -0 0 0 0 -0 0 0 51.6833 116.409 1615.48 3425.64 
0.000747556671104270703 0.297337 0 415520 0 11.255 7.1767 0 71.91261 -65.5579 -29.5351 -1.12393 0 0 0 0 0 0 0 0 53.0474 118.752 566.054 2182.82 
0.000747556671104270703 0.304057 0 210569 26.0411 8.71871 7.5877 0 01 0 0 -0 0 0 0 -0 0 0 0 -0 53.0474 118.752 566.054 2182.82 
0.000747556671104270703 0.311825 0 131361 26.4753 8.77837 7.63982 0 01 0 0 -0 0 0 0 -0 0 0 0 -0 53.0474 118.752 566.054 2182.82 
0.000747556671104270703 0.331162 0 39421 25.673 8.65509 7.53211 0 01 0 0 0 0 0 0 0 0 0 0 0 52.2611 136.829 936.605 1915.69 
0.000747556671104270703 0.341558 0 251151 23.4299 8.35144 7.51629 0 01 0 0 -0 0 0 0 -0 0 0 0 -0 52.2611 136.829 936.605 1915.69 
0.000747556671104270703 0.364284 0 49516 26.5959 8.79636 7.65553 0 01 0 0 0 0 0 0 0 0 0 0 0 51.6801 126.372 325.655 1361.15 
0.000747556671104270703 0.382781 0 60209 25.824 8.67902 7.55302 0 01 0 0 0 0 0 0 0 0 0 0 0 50.1222 127.559 533.77 1581.38 
0.000747556671104270703 0.463631 0 215725 23.8596 8.42697 7.58428 0 01 0 -0 0 0 0 -0 0 0 0 -0 0 67.389 150.243 742.6 2420.08 
0.000747556671104270703 0.469205 0 171637 26.0749 8.72007 7.58889 0 01 0 0 -0 0 0 0 -0 0 0 0 -0 59.1008 143.576 597.725 1524.51 
0.000747556671104270703 0.478813 0 187804 24.3237 8.53464 7.42687 0 01 -0 0 0 0 -0 0 0 0 -0 0 0 59.1008 143.576 597.725 1524.51 
0.000747556671104270703 0.483818 0 229597 23.781 8.50163 7.39802 0 01 0 0 0 0 0 0 0 0 0 0 0 59.1008 143.576 597.725 1524.51 
0.000747556671104270703 0.48428 0 96095 23.6268 8.47638 7.62874 0 01 0 0 -0 0 0 0 -0 0 0 0 -0 59.1008 143.576 597.725 1524.51 
0.000747556671104270703 0.494123 0 273440 24.4999 8.55699 7.4464 0 01 0 -0 0 0 0 -0 0 0 0 -0 0 54.3589 130.826 9.88742 1185.52 
0.000747556671104270703 0.498672 0 186121 24.8636 8.61025 7.49294 0 01 0 0 0 0 0 0 0 0 0 0 0 54.3589 130.826 9.88742 1185.52 
0.000747556671104270703 0.504936 0 298399 25.1847 8.64217 7.52082 0 01 0 0 -0 0 0 0 -0 0 0 0 -0 54.3589 130.826 9.88742 1185.52 
0.000747556671104270703 0.5249 0 295684 26.5173 8.78383 7.64458 0 01 0 0 0 0 0 0 0 0 0 0 0 61.1131 139.061 719.589 1528.94 
0.000747556671104270703 0.571761 0 125335 26.327 8.76401 7.62728 0 01 0 0 0 0 0 0 0 0 0 0 0 50.3416 150.579 100.644 1056.78 
0.000747556671104270703 0.585362 0 131510 26.0311 8.71396 7.58355 0 01 0 0 0 0 0 0 0 0 0 0 0 43.5086 125.608 26.9695 588.84 
0.000747556671104270703 0.604009 0 145174 26.2275 8.75132 7.61619 0 01 0 0 -0 0 0 0 -0 0 0 0 -0 43.5086 125.608 26.9695 588.84 
0.000747556671104270703 0.606587 0 305362 25.5252 8.63158 7.51158 0 01 0 0 0 0 0 0 0 0 0 0 0 43.5086 125.608 26.9695 588.84 
0.000747556671104270703 0.610643 0 109592 23.684 8.48854 7.38659 0 01 0 0 0 0 0 0 0 0 0 0 0 45.7914 122.451 144.609 982.822 
0.000747556671104270703 0.626782 0 83813 23.7236 8.50027 7.39684 0 01 0 0 -0 0 0 0 -0 0 0 0 -0 45.7914 122.451 144.609 982.822 
0.000747556671104270703 0.628113 0 81629 24.9271 8.61342 7.49571 0 01 -0 0 0 0 -0 0 0 0 -0 0 0 45.7914 122.451 144.609 982.822 
0.000747556671104270703 0.637404 0 165677 24.2251 8.52192 7.41575 0 01 0 0 0 0 0 0 0 0 0 0 0 46.9022 127.26 420.815 1197.24 
0.000747556671104270703 0.653946 0 260365 25.838 8.68243 7.556 0 01 0 0 -0 0 0 0 -0 0 0 0 -0 46.9022 127.26 420.815 1197.24 
0.000747556671104270703 0.674309 0 64738 25.6395 8.65217 7.52956 0 01 0 0 0 0 0 0 0 0 0 0 0 44.4917 124.304 255.172 423.694 
0.000747556671104270703 0.685003 0 149828 25.8174 8.68144 7.55514 0 01 -0 0 0 0 -0 0 0 0 -0 0 0 46.1611 136.559 558.109 847.841 
0.000747556671104270703 0.703162 0 89672 26.1819 8.74132 7.60745 0 01 -0 0 0 0 -0 0 0 0 -0 0 0 49.9816 126.298 120.952 1009.69 
0.000747556671104270703 0.733528 0 224434 25.1471 8.63743 7.51668 0 01 0 0 0 0 0 0 0 0 0 0 0 50.9619 139.545 506.853 766.687 
0.000747556671104270703 0.735861 0 190546 25.1519 8.6402 7.51911 0 01 0 -0 0 0 0 -0 0 0 0 -0 0 50.9619 139.545 506.853 766.687 
0.000747556671104270703 0.738731 0 144498 24.3374 8.53211 7.42466 0 01 0 0 -0 0 0 0 -0 0 0 0 -0 50.9619 139.545 506.853 766.687 
0.000747556671104270703 0.742318 0 166175 25.6275 8.64707 7.52511 0 01 0 0 0 0 0 0 0 0 0 0 0 50.9619 139.545 506.853 766.687 
0.000747556671104270703 0.743402 0 105386 25.5418 8.63615 7.51557 0 01 -0 0 0 0 -0 0 0 0 -0 0 0 50.9619 139.545 506.853 766.687 
0.000747556671104270703 0.749168 0 300953 24.441 8.55154 7.44164 0 01 0 0 0 0 0 0 0 0 0 0 0 50.9619 139.545 506.853 766.687 
0.000747556671104270703 0.759671 0 218580 24.8244 8.60241 7.48609 0 01 0 0 -0 0 0 0 -0 0 0 0 -0 41.1131 113.774 219.568 653.16 
0.000747556671104270703 0.787658 0 195209 26.2463 8.75732 7.62143 0 01 0 0 0 0 0 0 0 0 0 0 0 44.1854 117.623 351.415 591.908 
0.000747556671104270703 0.797219 0 63470 24.6264 8.57405 7.4613 0 01 0 0 0 0 0 0 0 0 0 0 0 44.1854 117.623 351.415 591.908 
0.000747556671104270703 0.813423 0 165019 24.9833 8.61194 7.49442 0 01 0 -0 0 0 0 -0 0 0 0 -0 0 40.6827 146.795 489.31 993.896 
0.000747556671104270703 0.83367 0 8327 26.2079 8.75195 7.61674 0 01 0 -0 0 0 0 -0 0 0 0 -0 0 37.0443 114.459 245.634 876.753 
0.000747556671104270703 0.83985 0 272148 23.8146 8.40021 7.56019 0 01 0 0 0 0 0 0 0 0 0 0 0 37.0443 114.459 245.634 876.753 
0.000747556671104270703 0.885384 0 383924 24.5021 8.55655 7.44601 0 01 0 0 0 0 0 0 0 0 0 0 0 55.6707 129.172 106.578 967.065 
0.000747556671104270703 0.901891 0 350954 25.455 8.62319 7.50424 0 01 0 -0 0 0 0 -0 0 0 0 -0 0 55.6707 129.172 106.578 967.065 
0.000747556671104270703 0.911076 1 419843 23.9502 8.81728 7.67379 0 0 2 2.43502 -0.193688 13.1836 0 0 -0 0 0 0 -0 0 55.6707 129.172 106.578 967.065 
0.000747556671104270703 0.913844 0 112460 25.4119 8.61552 7.49754 0 01 0 0 0 0 0 0 0 0 0 0 0 30.5729 99.9207 131.307 471.169 
0.000747556671104270703 0.921549 0 87460 24.6284 8.57413 7.46138 0 01 0 0 0 0 0 0 0 0 0 0 0 30.5729 99.9207 131.307 471.169 
0.000747556671104270703 0.951197 0 232834 26.0945 8.72669 7.59468 0 01 0 0 0 0 0 0 0 0 0 0 0 40.0678 118.551 44.1745 249.592 
0.000747556671104270703 0.958967 0 74516 23.4024 8.33389 7.5005 0 01 0 0 0 0 0 0 0 0 0 0 0 40.0678 118.551 44.1745 249.592 
0.000747556671104270703 0.990733 0 232722 24.1491 8.50634 7.40213 0 01 0 0 -0 0 0 0 -0 0 0 0 -0 31.6384 101.621 168.697 245.36 
0.000747556671104270703 0.997015 0 226925 24.6372 8.57985 7.46637 0 01 0 0 0 0 0 0 0 0 0 0 0 31.6384 101.621 168.697 245.36 
0.000747556671104270703 1.00559 0 185177 24.903 8.61048 7.49314 0 01 0 0 0 0 0 0 0 0 0 0 0 43.9246 125.364 162.411 617.302 
0.000747556671104270703 1.01299 0 18681 26.3216 8.76362 7.62694 0 01 0 0 -0 0 0 0 -0 0 0 0 -0 43.9246 125.364 162.411 617.302 
0.000747556671104270703 1.07182 0 118226 24.3179 8.53176 7.42436 0 01 -0 0 0 0 -0 0 0 0 -0 0 0 43.4614 126.838 105.882 321.132 
0.000747556671104270703 1.12796 0 242090 26.7187 8.80856 7.66616 0 01 0 0 0 0 0 0 0 0 0 0 0 33.6021 115.258 13.3416 841.417 
0.000747556671104270703 1.15885 0 197303 24.8468 8.60574 7.48899 0 01 0 0 -0 0 0 0 -0 0 0 0 -0 42.8084 108.753 352.136 939.916 
0.000747556671104270703 1.16726 0 279622 0.280922 8.68355 7.55699 0 01 0 -0 0 0 0 -0 0 0 0 -0 0 42.8084 108.753 352.136 939.916 
0.000747556671104270703 1.21189 0 335749 26.272 8.76036 7.62409 0 01 0 0 0 0 0 0 0 0 0 0 0 38.2413 123.073 171.617 377.407 
0.000747556671104270703 1.21591 0 291484 24.5372 8.56492 7.45333 0 01 0 0 0 0 0 0 0 0 0 0 0 32.164 109.709 117.514 447.425 
0.000747556671104270703 1.21881 0 140637 24.8446 8.60636 7.48954 0 01 -0 0 0 0 -0 0 0 0 -0 0 0 32.164 109.709 117.514 447.425 
0.000747556671104270703 1.25486 0 284557 23.6294 8.47796 7.63017 0 01 0 0 -0 0 0 0 -0 0 0 0 -0 32.164 109.709 117.514 447.425 
0.000747556671104270703 1.25992 0 327342 24.5396 8.56571 7.45402 0 01 0 0 0 0 0 0 0 0 0 0 0 25.4967 100.965 0 28.1642 
0.000747556671104270703 1.27452 0 315518 25.3638 8.60875 7.49163 0 01 0 0 0 0 0 0 0 0 0 0 0 25.4967 100.965 0 28.1642 
0.000747556671104270703 1.40483 0 279961 26.3148 8.76308 7.62647 0 01 0 0 0 0 0 0 0 0 0 0 0 29.8176 82.2964 1.50809 111.789 
0.000747556671104270703 1.43394 0 158284 26.0693 8.72174 7.59034 0 01 0 -0 0 0 0 -0 0 0 0 -0 0 29.8176 82.2964 1.50809 111.789 
0.000747556671104270703 1.43512 0 325539 26.0189 8.71124 7.58118 0 01 0 0 0 0 0 0 0 0 0 0 0 29.8176 82.2964 1.50809 111.789 
0.000747556671104270703 1.45409 0 262693 24.9211 8.61509 7.49717 0 01 0 0 0 0 0 0 0 0 0 0 0 30.8966 88.2021 0 279.515 
0.000747556671104270703 1.46397 0 264646 24.3668 8.53956 7.43117 0 01 0 0 0 0 0 0 0 0 0 0 0 30.8966 88.2021 0 279.515 
0.000747556671104270703 1.5015 0 305193 26.4866 8.7798 7.64106 0 01 0 0 0 0 0 0 0 0 0 0 0 25.9951 79.5174 102.137 169.282 
0.000747556671104270703 1.50426 0 312777 25.2581 8.65114 7.52867 0 01 0 0 0 0 0 0 0 0 0 0 0 25.9951 79.5174 102.137 169.282 
0.000747556671104270703 1.53609 0 243230 26.6712 8.80388 7.66207 0 01 0 0 0 0 0 0 0 0 0 0 0 25.9951 79.5174 102.137 169.282 
0.000747556671104270703 1.53886 0 344291 24.714 8.59321 7.47804 0 01 0 0 0 0 0 0 0 0 0 0 0 25.9951 79.5174 102.137 169.282 
0.000747556671104270703 1.54226 0 347707 23.91 8.45703 7.61133 0 01 0 0 0 0 0 0 0 0 0 0 0 25.9951 79.5174 102.137 169.282 
0.000747556671104270703 1.57938 0 350281 25.2405 8.64678 7.52486 0 01 0 0 0 0 0 0 0 0 0 0 0 28.5977 96.6282 69.0102 172.519 
0.000747556671104270703 1.60055 0 77061 23.5 8.39655 7.5569 0 01 0 0 -0 0 0 0 -0 0 0 0 -0 28.5977 96.6282 69.0102 172.519 
0.000747556671104270703 1.60587 0 212127 23.5537 8.43091 7.58782 0 01 0 0 0 0 0 0 0 0 0 0 0 28.5977 96.6282 69.0102 172.519 
0.000747556671104270703 1.64977 0 270726 24.975 8.61999 7.50145 0 01 0 0 0 0 0 0 0 0 0 0 0 18.2156 82.6079 0 13.6451 
0.000747556671104270703 1.66172 0 363707 0 9.64421 5.89925 0 164.1581 -154.611 -20.6481 51.1546 0 -0 0 0 0 -0 0 0 18.2156 82.6079 0 13.6451 
0.000747556671104270703 1.67672 1 418711 28.3011 9.05428 7.88064 0 0 2 -3.32205 -25.1404 -6.76269 0 -0 0 0 0 -0 0 0 18.2156 82.6079 0 13.6451 
0.000747556671104270703 1.70631 0 376360 23.3435 8.29637 7.46673 0 01 0 0 0 0 0 0 0 0 0 0 0 25.9608 79.4956 260.223 776.365 
0.000747556671104270703 1.72252 0 327371 23.59 8.45361 7.60825 0 01 0 0 0 0 0 0 0 0 0 0 0 25.9608 79.4956 260.223 776.365 
0.000747556671104270703 1.77139 0 219251 24.7221 8.58769 7.47322 0 01 0 -0 0 0 0 -0 0 0 0 -0 0 9.08182 55.9826 0 56.8301 
0.000747556671104270703 1.78839 0 345478 24.9648 8.62054 7.50193 0 01 0 0 0 0 0 0 0 0 0 0 0 9.08182 55.9826 0 56.8301 
0.000747556671104270703 1.79407 0 323371 25.0855 8.62952 7.50977 0 01 0 0 0 0 0 0 0 0 0 0 0 9.08182 55.9826 0 56.8301 
0.000747556671104270703 1.81637 0 77143 25.7174 8.6669 7.54244 0 01 0 0 0 0 0 0 0 0 0 0 0 9.08182 55.9826 0 56.8301 
0.000747556671104270703 1.86499 0 353771 24.5135 8.56209 7.45086 0 01 -0 0 0 0 -0 0 0 0 -0 0 0 22.8578 71.8439 1.297 80.7503 
0.000747556671104270703 2.10173 0 332349 25.6333 8.6481 7.52601 0 01 0 0 0 0 0 0 0 0 0 0 0 18.7257 60.2645 13.7357 13.7357 
0.000747556671104270703 2.13642 0 292351 25.3548 8.66194 7.5381 0 01 0 0 0 0 0 0 0 0 0 0 0 18.7257 60.2645 13.7357 13.7357 
0.000747556671104270703 2.16991 0 369436 25.9777 8.70007 7.57141 0 01 -0 0 0 0 -0 0 0 0 -0 0 0 20.2322 82.9558 8.48208 28.1547 
0.000747556671104270703 2.19044 0 371033 23.9911 8.48665 7.38494 0 01 -0 0 0 0 -0 0 0 0 -0 0 0 20.2322 82.9558 8.48208 28.1547 
0.000747556671104270703 2.24213 0 350672 24.4671 8.555 7.44466 0 01 0 0 0 0 0 0 0 0 0 0 0 20.2322 82.9558 8.48208 28.1547 
0.000747556671104270703 2.2814 0 362626 23.6173 8.47052 7.62347 0 01 0 0 -0 0 0 0 -0 0 0 0 -0 20.2322 82.9558 8.48208 28.1547 
0.000747556671104270703 2.39848 0 361214 24.1206 8.50101 7.39749 0 01 -0 0 0 0 -0 0 0 0 -0 0 0 14.1634 35.7547 0 0 
0.000747556671104270703 2.90609 0 223851 25.3818 8.61328 7.49558 0 01 -0 0 0 0 -0 0 0 0 -0 0 0 17.2009 48.9399 4.5206 8.26747 
0.000747556671104270703 3.03691 0 342776 24.1853 8.51429 7.40908 0 01 0 0 -0 0 0 0 -0 0 0 0 -0 17.2009 48.9399 4.5206 8.26747 
0.000747556671104270703 4.71988 0 419771 0.0851623 10.6341 6.57606 0 112.4791 -36.7693 103.746 23.1551 0 -0 0 0 0 -0 0 0 6.65173 9.87935 0 17.8112 
0.000747556671104270703 14.3996 0 373425 25.4531 8.62425 7.50517 0 01 0 0 -0 0 0 0 -0 0 0 0 -0 6.65173 9.87935 0 17.8112 
0.000875141930842511864 3.64505 0 401491 35.9894 10.0817 6.15793 0 107.8921 100.003 39.0593 10.6935 0 0 0 0 0 0 0 0 10.5574 20.3715 0 0 
0.00116271738025578168 0.64226 0 403415 22.4451 9.38187 8.16619 0 01 0 0 0 0 0 0 0 0 0 0 0 87.6663 227.13 525.019 2280.91 
0.00116271738025578168 2.73029 0 412671 0 9.52555 5.84015 0 48.62121 -16.3005 43.6975 -13.7419 0 -0 0 0 0 -0 0 0 26.3809 87.4817 0 53.6038 
0.00136542859755368721 0.981192 0 412116 0.215299 8.80638 7.66428 0 01 -0 0 0 0 -0 0 0 0 -0 0 0 51.6915 156.045 153.655 750.987 
