#1:time #2:r #3.binary? #4:ID #5:zams_m #6:m_progenitor #7:bh mass #8:bh_spin #9:birth-kick(km/s) #10-25:vsarray
0.000402087727557695433 0.44828 0 48795 148.621 46.2881 41.6593 0 01 0 -0 0 0 0 -0 0 0 0 -0 0 5.70704 15.3304 1.25327 693.934 
0.000402087727557695433 0.501812 1 62090 0 46.1273 41.5146 0 0 2 0.00326317 -0.00171784 0.00435825 0 0 0 0 0 0 0 0 4.50757 14.5373 6.56485 442.16 
0.000402087727557695433 0.546853 0 61743 148.621 46.2883 41.6594 0 01 -0 0 0 0 -0 0 0 0 -0 0 0 4.36255 16.3435 82.1781 161.048 
0.000421553783847079117 0.0921583 1 10657 0 46.1218 41.5096 0 0 1 0.00187724 -0.000908678 -0.000151654 0 0 0 -0 0 0 0 -0 4.58195 10.2225 1440.54 2113.24 
0.000421553783847079117 0.0863682 1 1230 0 46.1601 41.5441 0 0 1 -0.00897571 -0.00203559 -0.00141894 0 -0 0 0 0 -0 0 0 4.58195 10.2225 1440.54 2113.24 
0.000421553783847079117 0.222269 0 34504 124.455 46.1227 41.5104 0 01 0 0 0 0 0 0 0 0 0 0 0 6.82623 15.5569 140.281 367.29 
0.000421553783847079117 0.412081 0 40380 131.501 46.281 41.6529 0 01 0 -0 0 0 0 -0 0 0 0 -0 0 5.83968 20.1186 273.438 683.385 
0.000421553783847079117 0.520138 1 73525 0 45.9236 41.3313 0 0 2 -0.00023342 -0.000512592 -0.00259661 0 0 0 0 0 0 0 0 7.41519 17.9621 241.37 1368.95 
0.000421553783847079117 0.553274 0 100504 136.028 46.0453 41.4407 0 01 0 0 0 0 0 0 0 0 0 0 0 8.22723 18.1163 473.653 1069.3 
0.000421553783847079117 0.554819 0 119279 118.641 45.9055 41.315 0 01 0 0 -0 0 0 0 -0 0 0 0 -0 8.22723 18.1163 473.653 1069.3 
0.000421553783847079117 0.899482 0 92882 107.222 46.1238 41.5114 0 01 0 0 -0 0 0 0 -0 0 0 0 -0 4.55114 15.4541 104.082 121.164 
0.000421553783847079117 0.957884 0 115717 0 46.088 41.4792 0 01 0 0 -0 0 0 0 -0 0 0 0 -0 4.85837 10.6998 0 109.615 
0.000421553783847079117 0.995582 1 175727 0 46.5627 41.9065 0 0 2 0.000744266 0.00109341 0.000430657 0 0 0 0 0 0 0 0 1.00378 3.98971 0 0 
0.000421553783847079117 1.40805 0 174558 126.594 46.0308 41.4278 0 01 0 0 0 0 0 0 0 0 0 0 0 5.63356 11.2537 0 239.414 
0.000421553783847079117 1.60711 0 188351 0.272309 46.1486 41.5338 0 01 0 0 0 0 0 0 0 0 0 0 0 3.17142 14.3932 0 0 
0.000433771151204105177 0.356558 1 34242 102.31 38.374 34.5366 0 0 1 -0.00303635 -0.833602 0.56574 0 0 0 0 0 0 0 0 6.95676 13.5306 1273.01 1274.47 
0.000433771151204105177 0.538583 0 51333 0.539387 41.0479 36.9431 0 01 0 0 0 0 0 0 0 0 0 0 0 6.57135 19.2037 389.323 407.077 
0.000433771151204105177 0.666555 0 64926 104.991 45.5222 40.97 0 01 -0 0 0 0 -0 0 0 0 -0 0 0 5.92109 13.1576 34.7699 41.6914 
0.000433771151204105177 0.692472 0 48757 103.84 44.8898 40.4008 0 01 0 0 0 0 0 0 0 0 0 0 0 4.87744 11.1789 0 551.586 
0.000433771151204105177 1.22861 0 149723 103.931 44.942 40.4478 0 01 0 0 0 0 0 0 0 0 0 0 0 4.90589 11.0431 8.00319 153.997 
0.000433771151204105177 1.31232 0 111187 103.99 45.0118 40.5106 0 01 -0 0 0 0 -0 0 0 0 -0 0 0 6.55369 10.4959 0 320.305 
0.000433771151204105177 1.56599 0 9424 0 41.7463 37.5717 0 01 0 -0 0 0 0 -0 0 0 0 -0 0 1.56599 7.92218 0 214.373 
0.000433771151204105177 1.59733 0 178115 104.318 45.1491 40.6342 0 01 0 0 0 0 0 0 0 0 0 0 0 1.56599 7.92218 0 214.373 
0.000435786974578008591 1.22164 0 168168 93.8479 39.5598 35.6038 0 01 -0 0 0 0 -0 0 0 0 -0 0 0 1.22002 4.93709 0 180.435 
0.000438201107378155021 0.17199 0 61874 92.5073 38.8432 34.9589 0 01 0 -0 0 0 0 -0 0 0 0 -0 0 0.949363 4.3174 0 362.633 
0.000438201107378155021 1.78345 0 167048 92.1791 38.6793 34.8113 0 01 -0 0 0 0 -0 0 0 0 -0 0 0 0 0 0 0 
0.000455653967780029112 0.286035 0 122627 80.8837 32.8384 29.5545 0 01 -0 0 0 0 -0 0 0 0 -0 0 0 6.2923 16.1745 118.062 487.396 
0.000455653967780029112 0.352287 1 59411 0 32.7346 29.4612 0 0 1 -0.0048082 0.00562873 -0.00689338 0 0 0 0 0 0 0 0 6.38766 14.5607 261.19 615.394 
0.000455653967780029112 0.442893 0 78203 85.2054 35.0712 31.5641 0 01 0 -0 0 0 0 -0 0 0 0 -0 0 7.14712 18.2497 347.624 475.909 
0.000455653967780029112 0.546494 0 24087 87.1549 36.0936 32.4842 0 01 0 0 0 0 0 0 0 0 0 0 0 8.86423 18.8675 622.558 808.342 
0.000455653967780029112 1.0254 0 150155 90.7141 37.9029 34.1126 0 01 0 0 0 0 0 0 0 0 0 0 0 2.0189 17.1313 0 0 
0.000455653967780029112 1.1767 0 176205 86.732 35.8259 32.2433 0 01 0 -0 0 0 0 -0 0 0 0 -0 0 1.17595 7.13797 0 66.9808 
0.000455653967780029112 1.36734 0 147898 86.2269 35.5631 32.0068 0 01 0 0 0 0 0 0 0 0 0 0 0 4.12349 9.63371 0 2.28258 
0.000455653967780029112 1.43856 1 136651 0 37.9811 34.183 0 0 1 0.000335162 0.000510092 0.000967619 0 0 0 0 0 0 0 0 4.27982 17.1618 0 111.029 
0.000455653967780029112 2.30969 0 159815 87.188 36.1006 32.4905 0 01 0 0 0 0 0 0 0 0 0 0 0 2.26171 6.74433 0 0 
0.000458836905946926211 1.18302 0 161709 0.0974832 32.9103 29.6193 0 01 0 0 0 0 0 0 0 0 0 0 0 1.17922 3.55979 0 0 
0.000458836905946926211 1.60386 0 115918 78.7712 31.7669 28.5902 0 01 0 0 0 0 0 0 0 0 0 0 0 0 0 0 0 
0.000460992855878334859 0.693604 0 176470 78.0612 31.444 28.2996 0 01 0 0 0 0 0 0 0 0 0 0 0 0.680587 4.81071 0 49.0055 
0.000460992855878334859 1.41764 0 42429 77.2398 31.0358 27.9322 0 01 0 0 -0 0 0 0 -0 0 0 0 -0 0 1.45122 0 0 
0.000464575392124717628 0.37078 0 9114 0.105161 30.3383 27.3045 0 01 0 0 0 0 0 0 0 0 0 0 0 1.89916 6.47225 0 55.5866 
0.000464575392124717628 0.98378 0 100809 75.8412 30.3405 27.3064 0 01 0 0 0 0 0 0 0 0 0 0 0 0 2.95322 0 0 
0.000483654802907424602 0.355424 0 4485 0.112025 29.4766 26.529 0 01 -0 0 0 0 -0 0 0 0 -0 0 0 7.46691 18.2109 567.155 1380.36 
0.000483654802907424602 0.512417 0 24013 68.8349 26.8624 24.1761 0 01 -0 0 0 0 -0 0 0 0 -0 0 0 8.75824 19.0514 112.464 320.577 
0.000483654802907424602 0.70531 0 51259 69.5325 27.1992 24.4793 0 01 0 0 0 0 0 0 0 0 0 0 0 11.4097 21.397 116.546 536.326 
0.000483654802907424602 0.943325 0 102311 75.0149 29.8932 26.9039 0 01 0 0 0 0 0 0 0 0 0 0 0 8.54344 20.9552 0 466.296 
0.000483654802907424602 0.99798 0 114706 70.8061 27.8556 25.07 0 01 0 0 0 0 0 0 0 0 0 0 0 5.94851 11.8724 0 138.004 
0.000483654802907424602 1.29108 0 152617 73.6069 29.1925 26.2733 0 01 0 0 0 0 0 0 0 0 0 0 0 3.84622 12.8165 34.1088 34.1088 
0.000483654802907424602 1.50557 0 153939 71.4512 28.1371 25.3234 0 01 0 0 0 0 0 0 0 0 0 0 0 2.96892 11.925 0 0 
0.000483654802907424602 2.26001 0 174664 69.4959 27.1867 24.468 0 01 -0 0 0 0 -0 0 0 0 -0 0 0 0 2.31311 0 0 
0.000505934922969869028 0.263446 0 25684 63.0733 24.1024 21.6922 0 01 0 0 0 0 0 0 0 0 0 0 0 7.47374 19.9989 207.391 1605.62 
0.000505934922969869028 0.280673 0 37142 63.1007 24.118 21.7062 0 01 0 0 0 0 0 0 0 0 0 0 0 7.47374 19.9989 207.391 1605.62 
0.000505934922969869028 0.382818 0 11010 64.4191 24.7427 22.2685 0 01 0 -0 0 0 0 -0 0 0 0 -0 0 8.47735 20.7384 264.2 690.19 
0.000505934922969869028 0.386935 0 25991 61.3019 23.3173 20.9856 0 01 0 -0 0 0 0 -0 0 0 0 -0 0 8.47735 20.7384 264.2 690.19 
0.000505934922969869028 0.65074 0 88100 64.7006 24.8797 22.3918 0 01 0 0 -0 0 0 0 -0 0 0 0 -0 10.9833 25.9215 676.376 875.7 
0.000505934922969869028 0.675895 0 110778 61.5212 23.3843 21.0459 0 01 0 -0 0 0 0 -0 0 0 0 -0 0 9.38894 18.797 83.2073 356.687 
0.000505934922969869028 0.724068 0 12700 64.3014 24.6877 22.2189 0 01 -0 0 0 0 -0 0 0 0 -0 0 0 10.0676 20.8443 0 265.486 
0.000505934922969869028 0.770838 0 71530 66.0952 25.5422 22.9879 0 01 0 -0 0 0 0 -0 0 0 0 -0 0 4.61104 11.4806 0 667.434 
0.000505934922969869028 0.937344 0 111328 67.4826 26.2617 23.6355 0 01 0 0 0 0 0 0 0 0 0 0 0 6.52016 20.4011 0 177.837 
0.000505934922969869028 0.960829 0 121014 67.3249 26.1326 23.5194 0 01 0 0 0 0 0 0 0 0 0 0 0 6.69687 21.986 0 1.38063 
0.000505934922969869028 1.06034 0 164435 61.1483 23.1983 20.8784 0 01 0 0 0 0 0 0 0 0 0 0 0 5.28837 13.7084 0 207.941 
0.000505934922969869028 1.17114 0 166865 62.8942 24.0223 21.6201 0 01 0 0 0 0 0 0 0 0 0 0 0 2.31492 10.434 0 28.699 
0.000505934922969869028 1.18298 0 177308 63.2174 24.1746 21.7572 0 01 0 0 -0 0 0 0 -0 0 0 0 -0 5.95411 17.9914 0 13.8981 
0.000505934922969869028 1.68987 0 181303 61.4273 23.3318 20.9986 0 01 0 0 0 0 0 0 0 0 0 0 0 1.68796 13.5249 0 3.03972 
0.000505934922969869028 1.76013 0 150382 65.3114 25.2023 22.682 0 01 0 -0 0 0 0 -0 0 0 0 -0 0 3.52246 16.0029 0 47.8665 
0.000505934922969869028 1.86512 0 197790 61.1754 23.2691 20.9422 0 01 0 0 0 0 0 0 0 0 0 0 0 3.7558 5.58009 0 20.2723 
0.000505934922969869028 2.13861 0 196871 67.4387 26.1892 23.5702 0 01 0 0 -0 0 0 0 -0 0 0 0 -0 0 12.6244 0 0 
0.000509075360137416525 0.702303 0 107024 60.5044 22.9 20.61 0 01 -0 0 0 0 -0 0 0 0 -0 0 0 0.7112 2.81798 0 0 
0.000509075360137416525 0.807579 0 95702 60.5667 22.9286 20.6358 0 01 -0 0 0 0 -0 0 0 0 -0 0 0 1.60789 2.4168 0 0 
0.000512291201770031677 0.718513 0 176147 59.5084 22.433 20.1897 0 01 0 0 0 0 0 0 0 0 0 0 0 0.715681 3.62598 0 0 
0.000512291201770031677 0.934943 0 184514 59.5604 22.4768 20.2291 0 01 0 0 0 0 0 0 0 0 0 0 0 0.934655 3.7698 0 0 
0.000512291201770031677 1.31415 0 156600 59.8262 22.6198 20.3579 0 01 0 0 0 0 0 0 0 0 0 0 0 0 1.28797 0 0 
0.000530528826180701055 0.227563 0 13642 55.6771 20.6723 18.6051 0 01 0 -0 0 0 0 -0 0 0 0 -0 0 5.49186 13.8513 199.568 685.909 
0.000530528826180701055 0.443756 0 58352 55.3119 20.5041 18.4537 0 01 0 0 -0 0 0 0 -0 0 0 0 -0 7.37441 18.2226 104.382 567.448 
0.000530528826180701055 0.472221 0 52253 57.7001 21.5944 19.435 0 01 0 0 0 0 0 0 0 0 0 0 0 11.4547 21.4575 136.57 488.877 
0.000530528826180701055 0.653791 0 179664 56.8427 21.2048 19.0843 0 01 0 0 0 0 0 0 0 0 0 0 0 4.58226 16.978 0 513.438 
0.000530528826180701055 1.11321 0 85265 58.7173 22.0675 19.8608 0 01 0 0 0 0 0 0 0 0 0 0 0 4.53917 10.21 0 20.9426 
0.000530528826180701055 1.30918 0 128897 55.4251 20.5569 18.5012 0 01 -0 0 0 0 -0 0 0 0 -0 0 0 3.91091 12.9593 0 5.36109 
0.000530528826180701055 1.31052 0 147276 58.7407 22.1067 19.896 0 01 0 -0 0 0 0 -0 0 0 0 -0 0 3.91091 12.9593 0 5.36109 
0.000530528826180701055 1.82104 0 134142 56.2477 20.9306 18.8375 0 01 0 0 0 0 0 0 0 0 0 0 0 0 8.90804 0 0 
0.000557173899030919155 0.11574 0 6409 0.151091 19.958 17.9622 0 01 -0 0 0 0 -0 0 0 0 -0 0 0 4.95959 13.3632 139.131 477.362 
0.000557173899030919155 0.157423 1 56191 51.4257 17.3432 15.5966 0 0 1 -1.59954 0.551748 1.04213 0 0 0 0 0 0 0 0 4.95959 13.3632 139.131 477.362 
0.000557173899030919155 0.0946406 1 111644 0 19.264 17.3376 0 0 2 0.00276666 0.00208196 -0.000116405 0 0 0 0 0 0 0 0 4.95959 13.3632 139.131 477.362 
0.000557173899030919155 0.191116 1 10715 0 20.2926 18.2634 0 0 1 -0.000890399 0.00657384 -0.00241584 0 0 0 -0 0 0 0 -0 9.60726 20.3484 718.538 905.052 
0.000557173899030919155 0.202086 0 44453 51.9633 19.0185 17.1167 0 01 0 0 0 0 0 0 0 0 0 0 0 9.60726 20.3484 718.538 905.052 
0.000557173899030919155 0.217628 0 43106 50.8741 18.5558 16.699 0 01 0 0 0 0 0 0 0 0 0 0 0 9.60726 20.3484 718.538 905.052 
0.000557173899030919155 0.29192 0 77606 52.4339 19.213 17.2917 0 01 0 0 0 0 0 0 0 0 0 0 0 8.48603 19.8794 91.5676 338.963 
0.000557173899030919155 0.323948 0 27716 51.6437 18.8548 16.9693 0 01 0 0 0 0 0 0 0 0 0 0 0 7.7158 23.1813 1425.02 2123.11 
0.000557173899030919155 0.37578 1 28748 0 20.0933 18.0839 0 0 1 -0.00202883 0.000622317 -0.00179733 0 -0 0 0 0 -0 0 0 9.53655 24.4937 52.8894 1375.95 
0.000557173899030919155 0.46684 0 74245 51.1709 18.6315 16.7679 0 01 0 0 0 0 0 0 0 0 0 0 0 11.0268 29.783 22.8843 345.541 
0.000557173899030919155 0.522997 0 37483 52.7163 19.3322 17.399 0 01 -0 0 0 0 -0 0 0 0 -0 0 0 9.40858 25.5889 18.0122 292.189 
0.000557173899030919155 0.97683 0 75494 52.6861 19.3484 17.4136 0 01 0 0 -0 0 0 0 -0 0 0 0 -0 8.70578 19.314 259.491 539.763 
0.000557173899030919155 1.08652 0 154047 51.7776 18.9297 17.0368 0 01 0 0 0 0 0 0 0 0 0 0 0 6.59466 21.9475 0 111.954 
0.000557173899030919155 1.40643 1 165646 52.3922 17.5898 15.8207 0 0 1 0.247267 -2.96685 -1.93773 0 0 -0 0 0 0 -0 0 6.96001 18.0858 0 0 
0.000557173899030919155 2.39548 0 194166 51.865 18.9806 17.0825 0 01 0 0 0 0 0 0 0 0 0 0 0 2.35448 9.66796 0 0 
0.000573666140487773669 0.39809 0 62226 48.302 17.3348 15.5889 0 01 0 -0 0 0 0 -0 0 0 0 -0 0 5.84837 17.9805 114.243 325.336 
0.000573666140487773669 0.499305 0 89578 49.7995 18.027 16.218 0 01 0 0 -0 0 0 0 -0 0 0 0 -0 9.11006 16.6326 12.1098 354.015 
0.000573666140487773669 0.529225 0 54190 49.2892 17.8057 16.0169 0 01 0 0 -0 0 0 0 -0 0 0 0 -0 4.17975 16.7757 0 279.675 
0.000573666140487773669 0.533523 0 27316 48.1001 17.2422 15.5048 0 01 0 0 0 0 0 0 0 0 0 0 0 4.17975 16.7757 0 279.675 
0.000573666140487773669 0.55655 0 183290 48.3797 17.425 15.6709 0 01 0 0 0 0 0 0 0 0 0 0 0 6.52843 18.0262 0 0 
0.000573666140487773669 0.784032 0 162029 49.042 17.6662 15.8901 0 01 0 0 0 0 0 0 0 0 0 0 0 6.99478 17.8799 70.5369 164.588 
0.000573666140487773669 0.894706 0 116262 49.0266 17.6919 15.9134 0 01 0 0 0 0 0 0 0 0 0 0 0 2.63633 9.68362 110.579 115.525 
0.000573666140487773669 1.0054 0 99846 48.7235 17.5405 15.7759 0 01 -0 0 0 0 -0 0 0 0 -0 0 0 3.01416 14.9648 0 5.55586 
0.000573666140487773669 1.39481 0 161343 49.6198 17.9833 16.1784 0 01 0 0 0 0 0 0 0 0 0 0 0 9.80074 12.6133 157.326 173.853 
0.000573666140487773669 1.76648 0 185627 50.0487 18.1199 16.3025 0 01 0 0 0 0 0 0 0 0 0 0 0 1.7755 10.8064 0 154.732 
0.000573666140487773669 1.77369 0 183715 49.3078 17.7871 15.9999 0 01 0 0 0 0 0 0 0 0 0 0 0 1.7755 10.8064 0 154.732 
0.000573666140487773669 1.78639 0 157557 48.6908 17.5157 15.7533 0 01 0 -0 0 0 0 -0 0 0 0 -0 0 1.7755 10.8064 0 154.732 
0.000587564473563790125 0.120273 1 953 0 16.6691 14.9844 0 0 1 -5.0479e-05 -0.000423459 -0.00419181 0 -0 0 0 0 -0 0 0 2.84468 7.98912 379.024 516.619 
0.000587564473563790125 0.261691 0 55710 46.9203 16.7145 15.0256 0 01 0 0 0 0 0 0 0 0 0 0 0 6.47177 13.9717 202.494 362.344 
0.000587564473563790125 0.637926 0 57888 0 17.7061 15.9264 0 01 0 -0 0 0 0 -0 0 0 0 -0 0 4.48391 13.4233 0 74.8697 
0.000587564473563790125 0.885471 0 164882 0 17.5579 15.7916 0 01 0 0 0 0 0 0 0 0 0 0 0 3.56147 10.7 0 0 
0.000587564473563790125 1.06986 0 45741 47.4805 16.9626 15.2509 0 01 0 0 0 0 0 0 0 0 0 0 0 6.40957 16.0508 0 98.7631 
0.000587564473563790125 1.88869 0 139943 46.444 16.5295 14.8577 0 01 0 0 0 0 0 0 0 0 0 0 0 0 7.59116 0 0 
0.000587564473563790125 1.91304 0 144755 46.2284 16.4373 14.774 0 01 0 0 0 0 0 0 0 0 0 0 0 0 7.59116 0 0 
0.000587564473563790125 1.93531 0 177060 46.786 16.6548 14.9715 0 01 0 -0 0 0 0 -0 0 0 0 -0 0 0 7.59116 0 0 
0.000614279325896645951 0.254677 1 20900 43.6574 14.5506 12.8786 0 0 1 -3.78995 1.15865 -1.22133 0 0 0 -0 0 0 0 -0 9.97248 23.8336 1194.67 1918.33 
0.000614279325896645951 0.367834 0 83883 43.4998 15.1986 13.6507 0 01 -0 0 0 0 -0 0 0 0 -0 0 0 4.08413 16.9433 0 31.6488 
0.000614279325896645951 0.400195 0 58596 45.3218 16.0025 14.3795 0 01 0 0 -0 0 0 0 -0 0 0 0 -0 8.32164 24.9405 541.838 1113.6 
0.000614279325896645951 0.44212 0 25648 43.9216 15.4194 13.8509 0 01 0 0 0 0 0 0 0 0 0 0 0 11.4601 29.1639 0 470.859 
0.000614279325896645951 0.501054 0 141955 43.841 15.3478 13.7859 0 01 0 0 0 0 0 0 0 0 0 0 0 11.8067 27.1077 69.1208 354.211 
0.000614279325896645951 0.522657 0 35366 43.6827 15.2771 13.7219 0 01 0 -0 0 0 0 -0 0 0 0 -0 0 6.96178 22.4218 3.46305 176.814 
0.000614279325896645951 0.528467 0 65477 45.4948 16.0855 14.4548 0 01 0 0 0 0 0 0 0 0 0 0 0 6.96178 22.4218 3.46305 176.814 
0.000614279325896645951 0.608007 0 63181 45.5723 16.1162 14.4827 0 01 0 0 0 0 0 0 0 0 0 0 0 11.3525 25.1272 564.495 618.45 
0.000614279325896645951 0.633485 0 68583 43.541 15.243 13.691 0 01 0 0 0 0 0 0 0 0 0 0 0 6.3894 24.9886 253.155 253.155 
0.000614279325896645951 0.663226 0 37829 45.571 16.1248 14.4905 0 01 0 0 0 0 0 0 0 0 0 0 0 8.61726 25.2298 385.966 405.126 
0.000614279325896645951 0.666229 0 85683 44.9658 15.8443 14.236 0 01 0 0 0 0 0 0 0 0 0 0 0 8.61726 25.2298 385.966 405.126 
0.000614279325896645951 0.744755 0 60170 45.2368 15.9647 14.3453 0 01 0 0 0 0 0 0 0 0 0 0 0 4.43525 22.1742 0 57.8061 
0.000614279325896645951 0.77356 0 120626 44.1948 15.5241 13.9457 0 01 0 0 0 0 0 0 0 0 0 0 0 9.14745 21.3148 26.5346 38.6167 
0.000614279325896645951 0.779491 0 85753 43.43 15.1675 13.6225 0 01 0 0 0 0 0 0 0 0 0 0 0 10.2192 26.6783 0 178.597 
0.000614279325896645951 1.17297 0 150523 43.4831 15.1987 13.6509 0 01 0 0 0 0 0 0 0 0 0 0 0 7.14604 15.4958 0 78.3323 
0.000614279325896645951 1.21564 0 194155 45.6927 16.1656 14.5275 0 01 0 0 0 0 0 0 0 0 0 0 0 3.69971 20.9943 0 241.088 
0.000614279325896645951 1.28869 0 146828 45.4911 16.0974 14.4656 0 01 0 0 0 0 0 0 0 0 0 0 0 2.56199 14.0118 0 0 
0.000614279325896645951 1.38409 0 94719 43.369 15.1773 13.6314 0 01 0 0 0 0 0 0 0 0 0 0 0 6.88229 20.6449 123.849 496.542 
0.000618711055395151878 0.65982 0 68259 42.4999 14.763 13.2561 0 01 -0 0 0 0 -0 0 0 0 -0 0 0 0 3.96878 0 0 
0.000618711055395151878 0.988563 0 131772 42.8596 14.9507 13.4262 0 01 0 0 0 0 0 0 0 0 0 0 0 0.976211 2.94272 0 0 
0.000618711055395151878 1.11464 0 170070 42.6563 14.8786 13.3608 0 01 0 0 -0 0 0 0 -0 0 0 0 -0 2.22345 4.45365 0 0 
0.000626846463729444948 0.706642 0 111014 41.6225 14.3899 12.5169 0 16.84081 -12.9857 10.2954 2.99859 0 0 0 0 0 0 0 0 2.89187 10.8219 0 22.6553 
0.000626846463729444948 1.26405 0 197910 42.2259 14.641 13.0863 0 0.8864381 -0.404611 0.712329 0.338599 0 0 0 0 0 0 0 0 0 2.59092 0 0 
0.000652117105623598319 0.114483 0 6025 40.7768 14.0573 11.7967 0 24.03731 23.9737 -0.220973 1.73413 0 0 0 0 0 0 0 0 4.60608 11.5405 299.261 958.6 
0.000652117105623598319 0.158222 0 4347 41.5373 14.3819 12.499 0 8.838541 3.48522 -6.99564 -4.12725 0 0 0 0 0 0 0 0 4.60608 11.5405 299.261 958.6 
0.000652117105623598319 0.202184 0 5284 40.5322 14.1163 11.9217 0 25.58671 25.5361 0.400033 -1.55664 0 0 0 0 0 0 0 0 9.03589 19.2541 234.259 1506.3 
0.000652117105623598319 0.353656 0 78974 41.3222 14.2541 12.2182 0 7.575781 6.91018 -2.45016 1.90752 0 0 -0 0 0 0 -0 0 8.00054 23.3143 0 515.676 
0.000652117105623598319 0.384766 0 7823 39.3151 14.6183 13.0337 0 3.183851 1.46222 -2.58807 -1.14049 0 0 0 -0 0 0 0 -0 9.4358 20.6627 338.275 868.007 
0.000652117105623598319 0.590012 1 0 0 14.1444 11.9816 0 0 1 -4.81758 8.12387 -16.4087 1 -6.82856 8.42896 -15.6638 0 0 0 0 4.65863 15.6954 0 67.1541 
0.000652117105623598319 0.619092 0 50618 39.3718 14.639 13.0816 0 2.427541 -0.765465 -2.25608 0.465948 0 -0 0 0 0 -0 0 0 9.36959 18.7259 33.8358 90.826 
0.000652117105623598319 0.789671 0 122995 40.6661 14.078 11.8404 0 27.92231 -0.547791 3.21594 -27.731 0 -0 0 0 0 -0 0 0 9.49237 22.1309 6.37103 189.742 
0.000652117105623598319 0.988359 0 121054 41.5427 14.3521 12.4331 0 3.255041 1.22009 1.9735 -2.28298 0 0 0 -0 0 0 0 -0 6.87781 20.7351 0 204.894 
0.000652117105623598319 1.50996 0 51605 40.827 14.0458 11.7725 0 34.04331 -33.2932 3.87507 5.95733 0 0 0 0 0 0 0 0 4.59668 7.62647 0 7.86142 
0.000652117105623598319 2.02815 0 191234 39.5368 14.5575 12.8945 0 8.217271 -7.67085 -1.58183 2.48585 0 0 0 0 0 0 0 0 0 10.0651 0 0 
0.000652117105623598319 2.24155 0 185827 39.6373 14.543 12.8613 0 11.04281 0.723513 -5.27306 9.67549 0 0 -0 0 0 0 -0 0 2.22315 9.14492 0 4.25422 
0.000652117105623598319 2.35453 0 189256 40.4504 14.1473 11.9877 0 26.21111 15.4297 -20.324 -5.98986 0 0 0 0 0 0 0 0 2.22315 9.14492 0 4.25422 
0.000652117105623598319 2.82207 0 195207 39.8973 14.4094 12.5602 0 8.122981 -7.65752 -0.262562 2.69743 0 0 0 0 0 0 0 0 0 5.44359 0 0 
0.000652117105623598319 3.23662 0 82477 40.9632 14.1033 11.8941 0 28.37131 -11.0768 15.4802 -21.038 0 0 0 0 0 0 0 0 6.35252 9.86418 0 0 
0.000656396554638334563 0.367625 0 36465 39.0862 14.7325 13.2285 0 01 -0 0 0 0 -0 0 0 0 -0 0 0 1.86818 6.39586 179.31 179.31 
0.000673474252481398171 0.158654 0 70798 38.6921 14.81 13.2987 0 01 0 0 0 0 0 0 0 0 0 0 0 3.63905 8.36155 567.88 1631.76 
0.000673474252481398171 0.205592 1 23355 38.7463 13.126 9.98684 0 0 1 -10.6189 -5.75177 7.97627 0 0 0 0 0 0 0 0 6.89022 14.0159 191.84 748.431 
0.000673474252481398171 0.617717 0 79197 38.3837 14.9044 13.3842 0 01 0 0 0 0 0 0 0 0 0 0 0 5.62815 15.033 1.0671 8.06019 
0.000673474252481398171 0.637111 0 36799 37.7695 15.1987 13.6508 0 01 0 0 0 0 0 0 0 0 0 0 0 7.13274 13.6287 41.2588 42.4744 
0.000673474252481398171 0.719662 0 87721 37.6852 15.1726 13.6272 0 01 0 0 0 0 0 0 0 0 0 0 0 7.13439 17.9453 177.038 828.539 
0.000673474252481398171 0.959244 0 159247 38.304 14.9863 13.4584 0 01 0 0 0 0 0 0 0 0 0 0 0 3.82375 10.5379 0 316.608 
0.000673474252481398171 1.10274 0 159486 37.6837 15.1892 13.6422 0 01 0 0 -0 0 0 0 -0 0 0 0 -0 4.46931 10.0692 0 94.345 
0.000673474252481398171 2.41227 0 167586 38.5806 14.8346 13.3209 0 01 0 0 0 0 0 0 0 0 0 0 0 2.50712 4.95496 0 56.1668 
0.000673474252481398171 2.47839 0 170525 38.7956 14.7753 13.2673 0 01 0 -0 0 0 0 -0 0 0 0 -0 0 2.50712 4.95496 0 56.1668 
0.000685112337612380092 0.195243 1 24007 0 15.2107 13.6896 0 0 1 -0.00115902 -0.00647799 0.00629625 0 0 0 0 0 0 0 0 4.69646 10.7458 469.292 805.552 
0.000685112337612380092 0.252934 0 144496 36.8656 36.1231 13.7017 0 01 0 0 -0 0 0 0 -0 0 0 0 -0 5.0787 13.244 37.4528 1014.08 
0.000685112337612380092 0.331444 0 32995 37.0429 15.2628 13.7365 0 01 0 0 0 0 0 0 0 0 0 0 0 7.47181 14.8041 5.23332 596.467 
0.000685112337612380092 0.352004 0 58537 36.8577 15.1761 13.6585 0 01 0 0 0 0 0 0 0 0 0 0 0 6.27848 19.9123 166.461 379.531 
0.000685112337612380092 0.906698 0 162583 37.01 36.2597 13.7326 0 01 0 0 0 0 0 0 0 0 0 0 0 2.71026 5.44396 0 2.31219 
0.000685112337612380092 1.15961 0 62469 36.8054 15.1516 13.6364 0 01 0 0 0 0 0 0 0 0 0 0 0 0 6.98786 0 0 
0.000685112337612380092 1.5589 0 149543 36.7563 36.0199 13.6549 0 01 0 0 -0 0 0 0 -0 0 0 0 -0 0 3.09074 0 0 
0.000685112337612380092 1.715 0 169315 36.9321 15.2111 13.69 0 01 0 0 0 0 0 0 0 0 0 0 0 1.74385 8.78738 0 0 
0.000693386210103849729 0.558431 0 143944 36.4785 35.7583 13.7041 0 01 0 0 0 0 0 0 0 0 0 0 0 3.93326 12.3819 0 92.3247 
0.000713865366872545415 0.229526 0 52396 35.881 35.1932 14.2959 0 01 -0 0 0 0 -0 0 0 0 -0 0 0 8.05826 18.012 0 975.031 
0.000713865366872545415 0.391365 0 186579 35.8192 35.1348 14.3409 0 01 0 -0 0 0 0 -0 0 0 0 -0 0 8.42845 24.9327 229.854 470.001 
0.000713865366872545415 0.437778 1 209141 0 27.2858 24.5572 0 0 2 -0.430696 0.478357 -0.585462 0 0 0 0 0 0 0 0 5.13548 15.3889 19.3594 374.436 
0.000713865366872545415 0.472568 1 204434 46.176 24.5454 22.0908 0 0 2 -10.8571 -21.7588 -3.04816 0 -0 0 0 0 -0 0 0 4.73008 14.6296 2.22183 2.22183 
0.000713865366872545415 0.534948 0 8274 35.9089 35.2196 14.279 0 01 0 0 0 0 0 0 0 0 0 0 0 10.2328 17.2196 277.188 610.927 
0.000713865366872545415 0.590464 1 134648 34.8295 11.6292 7.71379 0 0 1 0.0224326 7.18814 17.9208 0 0 0 0 0 0 0 0 5.26507 14.0174 11.2169 128.251 
0.000713865366872545415 0.711792 0 90793 35.7125 35.0337 14.5136 0 01 -0 0 0 0 -0 0 0 0 -0 0 0 7.90442 18.0189 45.5816 178.905 
0.000713865366872545415 0.787985 0 102873 35.6821 35.0049 14.5336 0 01 0 0 0 0 0 0 0 0 0 0 0 5.57651 15.1684 0 187.662 
0.000713865366872545415 0.818704 0 191220 35.2742 34.618 14.8132 0 01 -0 0 0 0 -0 0 0 0 -0 0 0 5.79474 20.5713 1.37404 386.073 
0.000713865366872545415 0.84665 0 57393 35.2741 34.6179 14.8132 0 01 0 0 0 0 0 0 0 0 0 0 0 6.77749 16.9711 0 89.8343 
0.000713865366872545415 1.02301 0 128347 35.8955 35.2069 14.2884 0 01 0 0 0 0 0 0 0 0 0 0 0 3.0587 15.386 0 0 
0.000713865366872545415 1.15359 0 165929 34.8882 34.2514 15.1661 0 01 -0 0 0 0 -0 0 0 0 -0 0 0 0 11.6239 0 0 
0.000713865366872545415 1.54534 0 87366 35.2759 34.6197 14.8127 0 01 0 0 0 0 0 0 0 0 0 0 0 6.18982 10.832 0 215.663 
0.000713865366872545415 2.01254 0 196116 35.192 34.54 14.9647 0 01 0 0 0 0 0 0 0 0 0 0 0 2.01187 8.08436 0 0 
0.000713865366872545415 2.93438 0 137507 34.7929 34.1607 15.225 0 01 0 -0 0 0 0 -0 0 0 0 -0 0 2.74976 5.68414 0 70.1608 
0.000713865366872545415 3.00168 0 198841 35.9894 35.2955 14.221 0 01 0 0 0 0 0 0 0 0 0 0 0 0 3.25059 0 0 
0.000736600717347283369 0.259192 0 38744 34.4193 33.805 15.55 0 01 0 0 0 0 0 0 0 0 0 0 0 7.25012 21.5296 210.102 859.909 
0.000736600717347283369 0.365108 0 43247 34.425 33.8104 15.548 0 01 0 0 0 0 0 0 0 0 0 0 0 8.19076 19.0891 408.407 483.91 
0.000736600717347283369 0.922937 0 71669 34.3464 33.7356 15.5948 0 01 0 0 0 0 0 0 0 0 0 0 0 2.80352 17.7094 0 29.2796 
0.000755880482466391931 0.297394 0 30052 32.4488 31.9306 15.018 0 71.85621 -51.4156 7.92093 -49.5682 0 0 0 0 0 0 0 0 9.75231 21.0778 169.497 1266.94 
0.000755880482466391931 0.310019 0 41308 32.768 32.2348 15.252 0 102.5941 91.7913 44.2759 -11.8133 0 0 0 0 0 0 0 0 9.75231 21.0778 169.497 1266.94 
0.000755880482466391931 0.890701 0 138555 33.057 32.5096 15.3976 0 33.84851 -33.6542 -1.90579 -3.07855 0 0 0 0 0 0 0 0 6.17099 19.3791 50.6291 159.544 
0.000755880482466391931 0.957179 0 149405 33.1739 32.6214 15.475 0 45.82061 -4.04552 16.9771 42.3667 0 -0 0 0 0 -0 0 0 8.68292 15.3934 0 108.324 
0.000755880482466391931 1.07848 0 17420 33.4215 32.8574 15.5794 0 21.38811 -4.53351 1.54764 20.8448 0 -0 0 0 0 -0 0 0 3.26592 9.83241 0 219.572 
0.000755880482466391931 1.26556 0 140577 33.135 32.5844 15.449 0 53.23491 -15.9116 48.5081 15.0911 0 0 0 0 0 0 0 0 6.23411 12.4739 0 15.5325 
0.000755880482466391931 2.83687 0 195542 33.3682 32.8066 15.5454 0 20.54161 20.522 -0.895575 -0.0424705 0 0 0 0 0 0 0 0 0 2.63793 0 0 
0.000781255194902146953 0.325345 0 109173 31.5459 31.0688 14.2862 0 73.40161 35.8018 -63.9784 -3.57663 0 0 0 -0 0 0 0 -0 9.49003 22.8048 326.382 839.583 
0.000781255194902146953 0.375189 0 67849 31.2414 30.7775 14.0151 0 94.63041 74.5247 58.1968 3.75722 0 0 0 0 0 0 0 0 9.11189 23.541 262.878 425.944 
0.000781255194902146953 0.538268 0 66897 31.2341 30.7706 14.0099 0 60.04341 19.944 56.1953 -7.03819 0 0 0 -0 0 0 0 -0 9.71991 28.1426 1.1816 715.766 
0.000781255194902146953 0.721637 0 121925 32.1195 31.6164 14.7641 0 52.07171 -33.7556 34.1378 20.1651 0 0 0 0 0 0 0 0 5.09795 18.9121 363.901 507.401 
0.000781255194902146953 0.748114 0 107151 32.3059 31.7936 14.9082 0 59.53451 0.467115 50.6549 -31.2765 0 0 0 0 0 0 0 0 5.27767 18.8111 0 2.79072 
0.000781255194902146953 0.852997 0 154920 31.2574 30.7929 14.0311 0 119.2211 -83.033 42.4977 -74.2502 0 -0 0 0 0 -0 0 0 8.51821 24.7633 21.4802 115.081 
0.000781255194902146953 1.01206 0 139792 31.9889 31.4918 14.6584 0 40.7831 20.4507 -35.0904 -3.69913 0 0 0 0 0 0 0 0 5.01616 24.9984 0 13.6335 
0.000781255194902146953 1.09084 0 55686 31.4713 30.9975 14.2215 0 83.09531 -2.49372 64.6871 52.0978 0 -0 0 0 0 -0 0 0 6.53224 12.0509 0 0 
0.000781255194902146953 1.17897 0 15422 31.4974 31.0224 14.2438 0 68.68071 -12.3078 5.35552 67.3563 0 0 0 0 0 0 0 0 3.54746 11.708 0 0 
0.000781255194902146953 1.21993 0 176355 32.2815 31.7704 14.8906 0 95.03511 -13.0236 92.53 -17.328 0 0 0 0 0 0 0 0 4.84496 9.67283 0 9.43595 
0.000781255194902146953 2.06211 0 184947 31.2345 30.7709 14.0101 0 107.2291 93.2006 -52.8061 -4.8231 0 0 0 -0 0 0 0 -0 6.03693 10.0673 0 7.03786 
0.000781255194902146953 2.32272 1 0 32.2172 10.8878 6.87782 0 0 1 22.1597 -66.3659 12.1795 1 -23.0667 2.86374 9.81861 0 -0 0 0 2.24556 6.93286 0 32.0854 
0.000781255194902146953 3.22545 0 194863 31.5906 31.1116 14.3233 0 91.12611 -55.4305 31.322 -65.1948 0 0 0 0 0 0 0 0 0 0 0 0 
0.000802321576703574914 0.517689 0 79775 30.7969 30.3513 13.6068 0 134.8581 58.4662 -92.6847 -78.6003 0 0 0 0 0 0 0 0 9.43685 25.6664 30.4909 178.679 
0.000802321576703574914 0.524897 0 30458 30.8936 30.4445 13.6979 0 113.0861 104.515 -41.5062 -11.9351 0 0 0 0 0 0 0 0 9.43685 25.6664 30.4909 178.679 
0.000802321576703574914 0.534387 0 34930 31.0161 30.5618 13.8103 0 59.53111 -47.2611 7.09436 35.4966 0 -0 0 0 0 -0 0 0 9.43685 25.6664 30.4909 178.679 
0.000802321576703574914 0.53827 0 52314 30.7935 30.3481 13.6031 0 30.67131 -21.0534 -10.1939 -19.8386 0 0 0 -0 0 0 0 -0 7.64474 27.8652 31.7519 535.532 
0.000802321576703574914 0.565681 1 0 30.8252 10.753 6.74638 0 0 1 1.31681 18.8429 47.8712 1 -22.1071 5.28705 -5.8209 0 -0 0 0 5.08014 22.739 308.914 308.914 
0.000802321576703574914 0.609548 0 26774 30.6602 30.2208 13.4772 0 91.83991 79.9922 44.6008 -6.825 0 0 0 0 0 0 0 0 4.92502 17.2072 175.262 175.262 
0.000802321576703574914 0.99093 0 89901 30.3874 29.9599 13.2598 0 130.771 109.961 0.724501 70.7719 0 0 0 0 0 0 0 0 3.00301 16.9985 0 0 
0.000802321576703574914 1.00074 0 132704 30.5626 30.1276 13.3843 0 97.39281 -35.7412 79.6895 43.0989 0 -0 0 0 0 -0 0 0 3.00301 16.9985 0 0 
0.000802321576703574914 1.02302 0 69754 30.7762 30.3315 13.588 0 110.9341 -9.27961 71.7845 -84.0665 0 0 0 -0 0 0 0 -0 5.18462 18.6129 0 2.05118 
0.000802321576703574914 1.25945 0 19678 30.5204 30.0873 13.3444 0 60.73381 33.1395 -49.2341 -12.8984 0 0 0 -0 0 0 0 -0 4.98916 25.0851 0 0 
0.000802321576703574914 1.31912 0 59481 30.6952 30.2541 13.51 0 38.97471 -3.85817 -7.65562 38.0202 0 0 -0 0 0 0 -0 0 3.91759 14.3198 0 0 
0.000802321576703574914 1.6845 0 169885 30.6318 30.1936 13.45 0 62.161 -22.8389 57.151 8.71862 0 0 0 0 0 0 0 0 5.04296 6.7071 0 0 
0.000802321576703574914 1.73962 0 177987 30.7625 30.3184 13.5741 0 47.63661 1.94955 -47.21 6.0546 0 0 0 0 0 0 0 0 3.56637 8.86594 0 99.6387 
0.000802321576703574914 2.24126 0 194475 30.6804 30.24 13.4976 0 106.7121 -106.706 -0.996806 -0.481734 0 0 0 0 0 0 0 0 4.26348 8.64051 0 0 
0.000816105774225492223 0.619096 0 154589 30.0242 29.6115 12.9191 0 93.40891 -32.4408 -7.69219 -87.2562 0 0 0 0 0 0 0 0 4.29611 11.673 0 177.952 
0.000816105774225492223 0.714026 0 86949 29.7502 29.3482 12.6493 0 260.1791 -28.7759 127.187 -225.141 0 0 0 -0 0 0 0 -0 7.78042 13.4448 23.3755 171.662 
0.000816105774225492223 0.777239 0 43108 30.0418 29.6284 12.9388 0 140.8141 15.3686 130.775 49.9048 0 0 0 0 0 0 0 0 5.48279 16.4158 134.997 142.425 
0.000816105774225492223 0.826946 0 48688 29.678 29.2787 12.5725 0 161.8751 134.8 79.4917 -41.3955 0 0 0 0 0 0 0 0 6.65957 12.5084 0 6.71749 
0.000816105774225492223 0.943618 0 129259 29.8493 29.4436 12.7485 0 142.4991 -109.746 -90.6412 -6.78405 0 -0 0 0 0 -0 0 0 4.69356 14.1627 0 57.4754 
0.000816105774225492223 1.02635 0 27397 30.0313 29.6183 12.9274 0 112.591 31.7222 7.89496 107.739 0 0 0 0 0 0 0 0 1.02745 8.26198 0 73.1191 
0.000816105774225492223 1.90198 0 183892 30.1223 29.7056 13.0185 0 88.47571 35.9726 51.636 62.1904 0 0 0 0 0 0 0 0 0 5.76735 0 0 
0.000848900332527528388 0.101961 0 55732 28.4725 28.1211 11.306 0 118.2591 117.227 14.4079 5.95915 0 0 0 0 0 0 0 0 5.74904 13.9982 159.803 1118.87 
0.000848900332527528388 0.311948 0 23097 28.6906 28.3307 11.5393 0 83.42821 45.731 50.4015 48.2559 0 0 0 0 0 0 0 0 10.6714 24.6042 497.794 756.777 
0.000848900332527528388 0.352902 1 0 28.4169 9.7791 5.98523 0 0 1 -20.5684 -41.3895 23.2826 1 -15.2751 13.8048 -1.44845 0 0 0 0 10.6666 26.9427 223.839 649.217 
0.000848900332527528388 0.399023 0 19650 29.1244 28.7478 12.0026 0 267.1021 61.5477 -203.09 162.203 0 0 0 0 0 0 0 0 12.5994 30.1449 288.392 607.825 
0.000848900332527528388 0.459007 0 29137 28.8047 28.44 11.6637 0 174.1511 108.081 -113.706 75.6163 0 0 0 0 0 0 0 0 10.952 27.945 135.565 222.726 
0.000848900332527528388 0.481206 0 152125 29.2841 28.9012 12.1678 0 203.1281 202.493 11.6071 -11.092 0 0 0 0 0 0 0 0 11.9899 29.7579 304.362 546.774 
0.000848900332527528388 0.632355 0 179360 28.9337 28.5645 11.7992 0 272.9371 -53.4911 -117.344 -240.548 0 0 -0 0 0 0 -0 0 15.3726 32.6483 234.163 701.22 
0.000848900332527528388 0.640076 0 54359 28.9575 28.5873 11.8257 0 95.7681 -93.8714 3.89052 18.5616 0 0 0 0 0 0 0 0 15.3726 32.6483 234.163 701.22 
0.000848900332527528388 0.642161 0 126118 28.7826 28.4188 11.6396 0 222.4131 -191.684 29.534 -108.869 0 0 0 0 0 0 0 0 15.3726 32.6483 234.163 701.22 
0.000848900332527528388 0.854619 0 99537 28.3536 28.0067 11.1757 0 243.781 -68.8649 99.8989 -211.439 0 0 0 0 0 0 0 0 5.19176 19.8817 0 268.269 
0.000848900332527528388 1.07132 0 95010 29.1241 28.7475 12.0022 0 115.2871 64.6438 -91.1596 -28.3213 0 0 -0 0 0 0 -0 0 10.7571 19.3404 0 27.0979 
0.000848900332527528388 1.16336 0 6292 29.1038 28.728 11.9815 0 96.40721 88.774 -6.69023 36.9969 0 0 -0 0 0 0 -0 0 11.445 17.1612 0 31.2299 
0.000848900332527528388 1.19937 0 193763 28.3885 28.0403 11.2149 0 144.3111 -112.13 59.5182 68.629 0 -0 0 0 0 -0 0 0 7.08899 28.3881 0 0 
0.000848900332527528388 1.36721 0 61856 28.5407 28.1868 11.3809 0 40.42371 0.676692 8.92642 39.42 0 0 0 0 0 0 0 0 8.16244 28.4367 56.0472 57.3821 
0.000848900332527528388 1.40428 0 162556 28.4539 28.1033 11.2869 0 36.84381 8.02974 35.7631 3.74027 0 0 0 0 0 0 0 0 7.0049 12.6464 0 0 
0.000848900332527528388 1.44526 0 153147 29.442 29.0528 12.3354 0 191.0741 -149.661 72.5633 94.0499 0 -0 0 0 0 -0 0 0 8.72499 15.9952 0 2.18563 
0.000848900332527528388 1.61759 0 185079 29.0216 28.649 11.8942 0 133.2531 -128.341 28.0253 22.3515 0 0 0 0 0 0 0 0 1.61478 6.48483 0 0 
0.000848900332527528388 1.99257 0 185355 28.3386 27.9923 11.1615 0 143.0121 135.451 -32.5132 32.3806 0 0 0 0 0 0 0 0 5.91945 11.7739 0 270.543 
0.000891231505924548707 0.250597 1 204329 29.757 18.6292 16.7658 0 0 2 31.2213 -2.76074 11.508 0 0 0 0 0 0 0 0 11.8012 29.1715 468.624 1357.46 
0.000891231505924548707 0.29405 0 81542 27.2419 26.9354 9.96279 0 174.9511 -123.221 -100.674 72.7259 0 0 -0 0 0 0 -0 0 12.8097 30.7131 99.3392 661.307 
0.000891231505924548707 0.430198 0 6219 28.0697 27.7333 10.8689 0 158.6081 -12.9866 51.7086 149.379 0 0 0 0 0 0 0 0 14.8098 38.2214 194.227 630.169 
0.000891231505924548707 0.479825 0 73589 27.9947 27.661 10.7874 0 165.471 65.2046 150.236 -23.6233 0 0 0 0 0 0 0 0 11.5675 36.6453 2.9466 358.093 
0.000891231505924548707 0.516742 0 61838 27.3392 27.0294 10.069 0 161.9551 40.3755 -139.494 -71.6991 0 0 0 0 0 0 0 0 13.2016 32.1766 408.208 564.268 
0.000891231505924548707 0.577814 0 18064 27.4481 27.1344 10.188 0 266.6361 261.179 -16.0251 -51.2237 0 0 0 -0 0 0 0 -0 13.7879 35.5224 239.807 607.922 
0.000891231505924548707 0.59329 0 41160 28.0132 27.6788 10.8071 0 261.3261 -41.6575 -257.972 -2.54845 0 0 0 0 0 0 0 0 8.94216 35.7636 232.211 755.623 
0.000891231505924548707 0.74024 0 89495 27.5396 27.2226 10.2894 0 196.1031 53.166 157.395 -104.196 0 0 0 -0 0 0 0 -0 9.58647 30.9341 773.72 904.213 
0.000891231505924548707 0.762995 0 86890 27.8716 27.5421 10.6534 0 247.5551 246.078 14.5647 22.7457 0 0 0 0 0 0 0 0 6.82953 27.3392 27.9509 27.9509 
0.000891231505924548707 1.04424 0 129944 28.0037 27.6696 10.7953 0 188.0631 -130.087 -121.841 59.9998 0 0 -0 0 0 0 -0 0 2.09064 22.8884 0 58.7294 
0.000891231505924548707 1.10227 0 141353 27.2499 26.9432 9.96956 0 202.7371 -57.2923 -165.652 101.878 0 -0 0 0 0 -0 0 0 7.79497 17.7437 69.3036 122.684 
0.000891231505924548707 1.14676 0 185527 27.9668 27.6341 10.757 0 216.3661 -88.0458 15.205 -197.056 0 0 0 0 0 0 0 0 5.73077 19.4405 36.8939 36.8939 
0.000891231505924548707 1.1484 1 206604 28.5508 19.6328 17.6695 0 0 2 0.600763 15.2491 -7.50399 0 0 0 0 0 0 0 0 5.73077 19.4405 36.8939 36.8939 
0.000891231505924548707 1.41683 0 181037 27.2189 26.9133 9.93777 0 223.5821 -188.093 -27.5574 117.688 0 0 -0 0 0 0 -0 0 2.80805 16.8927 0 0 
0.000891231505924548707 1.71518 0 149264 27.311 27.0022 10.0378 0 221.3461 -162.699 -116.462 94.6553 0 0 0 0 0 0 0 0 8.49963 25.4959 217.664 217.664 
0.000891231505924548707 1.81866 0 171631 28.0086 27.6744 10.8015 0 199.5481 -82.5944 -176.604 -42.5272 0 0 -0 0 0 0 -0 0 7.1861 14.3102 20.6251 107.869 
0.000891231505924548707 1.8439 0 106288 28.3056 27.9605 11.1249 0 57.94961 43.2988 -25.9831 -28.4297 0 0 0 0 0 0 0 0 7.47185 13.1573 1.95763 1.95763 
0.000891231505924548707 1.88432 0 129927 27.4288 27.1158 10.1675 0 228.3691 130.755 -105.61 154.602 0 0 0 0 0 0 0 0 7.47185 13.1573 1.95763 1.95763 
0.000891231505924548707 1.92959 0 39238 28.202 27.8608 11.0128 0 131.1591 -113.656 49.3329 43.0255 0 0 0 0 0 0 0 0 5.93128 13.695 0 66.4538 
0.000891231505924548707 2.20679 0 187038 27.069 26.7683 9.7704 0 157.1531 131.262 -79.8862 -32.948 0 0 0 -0 0 0 0 -0 8.79523 24.1126 302.19 302.19 
0.000891231505924548707 2.4298 0 67839 28.2831 27.9388 11.101 0 82.1061 -48.1016 -1.50656 66.5234 0 0 -0 0 0 0 -0 0 4.73145 21.2871 0 0 
0.000891231505924548707 2.47671 0 132710 27.7405 27.4158 10.5083 0 184.2341 -108.225 -25.3506 -146.925 0 -0 0 0 0 -0 0 0 2.5256 10.3738 0 0 
0.000891231505924548707 2.48398 0 166801 27.6131 27.2935 10.3697 0 123.291 11.7306 93.8715 79.0629 0 0 0 0 0 0 0 0 2.5256 10.3738 0 0 
0.000902422486503573484 1.18112 0 49516 26.5959 26.3119 9.25449 0 97.49261 -49.9718 72.3386 -42.1277 0 0 0 0 0 0 0 0 1.19114 10.6809 37.9902 37.9902 
0.000924309667919312309 0.290575 0 9348 0.130018 25.9271 8.76566 0 200.2571 -21.6649 -185.498 72.2763 0 -0 0 0 0 -0 0 0 5.77613 15.6733 343.049 631.612 
0.000924309667919312309 0.30377 0 145174 26.2275 25.9562 8.85421 0 357.9991 221.244 196.044 201.944 0 0 0 0 0 0 0 0 5.77613 15.6733 343.049 631.612 
0.000924309667919312309 0.618491 0 170681 26.196 25.9257 8.81917 0 249.0181 -169.378 24.4026 -180.903 0 0 0 0 0 0 0 0 3.69536 18.6541 162.621 201.329 
0.000924309667919312309 0.640633 0 125335 26.327 26.0524 8.96246 0 96.53761 -96.2098 -7.31599 -3.10786 0 0 0 0 0 0 0 0 5.19602 20.7079 1.41395 152.502 
0.000924309667919312309 0.863829 0 18681 26.3216 26.0472 8.95599 0 140.0711 37.0612 -120.914 60.2175 0 0 0 0 0 0 0 0 4.38827 13.1593 50.4187 301.362 
0.000924309667919312309 0.879903 0 89672 26.1819 25.9121 8.80493 0 325.4621 -65.17 -169.94 -269.813 0 0 -0 0 0 0 -0 0 4.38827 13.1593 50.4187 301.362 
0.000924309667919312309 0.971902 0 131510 26.0311 25.7663 8.64136 0 157.9441 116.562 -99.217 -38.9294 0 0 0 0 0 0 0 0 7.69621 18.3078 0 159.455 
0.000924309667919312309 1.24699 0 131361 26.4753 26.1954 9.1223 0 231.0521 205.26 104.062 -20.6022 0 0 0 0 0 0 0 0 3.71397 11.1488 0 19.4551 
0.000924309667919312309 1.37059 0 8327 26.2079 25.9372 8.8316 0 376.8281 307.994 -12.1118 -216.777 0 0 0 0 0 0 0 0 1.38247 12.3456 0 1.34577 
0.000924309667919312309 1.73477 0 158284 26.0693 25.8032 8.68176 0 415.2831 352.1 94.7824 198.751 0 0 0 0 0 0 0 0 0 6.89757 0 0 
0.000924309667919312309 1.7519 0 195209 26.2463 25.9744 8.87397 0 275.7291 263.338 81.014 -10.7952 0 0 0 0 0 0 0 0 0 6.89757 0 0 
0.000924309667919312309 2.52822 0 171637 26.0749 25.8087 8.68825 0 299.2881 -177.204 -140.997 -195.684 0 -0 0 0 0 -0 0 0 0 2.4715 0 0 
0.000964480234908127762 0.330663 0 112460 25.4119 25.1664 7.97657 0 271.8041 124.187 207.851 123.504 0 0 0 0 0 0 0 0 8.34939 26.1812 461.491 1246.73 
0.000964480234908127762 0.559892 0 39421 0.181065 25.5366 8.46772 0 71.72841 8.23074 50.5033 -50.2657 0 0 0 -0 0 0 0 -0 17.2457 30.5744 67.0179 360.171 
0.000964480234908127762 0.667622 0 60209 25.824 25.5658 8.41702 0 217.0131 49.9765 186.16 99.7067 0 0 0 0 0 0 0 0 14.6962 34.8352 217.93 414.051 
0.000964480234908127762 0.767202 0 166175 25.6275 25.3754 8.20616 0 137.3911 29.3726 -34.3055 -129.756 0 0 0 0 0 0 0 0 15.3794 36.851 120.91 374.169 
0.000964480234908127762 0.903332 0 64738 25.6395 25.387 8.21983 0 212.3861 210.033 -6.90653 30.7614 0 0 0 0 0 0 0 0 5.38984 30.637 53.3304 53.3304 
0.000964480234908127762 0.959706 0 81629 24.9271 24.697 7.46841 0 206.9861 27.1564 -195.16 63.3899 0 0 -0 0 0 0 -0 0 10.4928 27.7295 199.684 228.216 
0.000964480234908127762 0.969937 0 105386 25.5418 25.2922 8.1152 0 383.3681 382.024 31.8676 3.63742 0 0 0 0 0 0 0 0 10.4928 27.7295 199.684 228.216 
0.000964480234908127762 1.02291 0 140637 24.8446 24.617 7.38281 0 216.9081 -193.416 -56.5811 -80.2361 0 0 -0 0 0 0 -0 0 3.05758 27.5937 0 0 
0.000964480234908127762 1.2692 0 75139 25.8884 25.6281 8.48749 0 66.24521 66.1813 -2.58604 -1.33152 0 0 0 -0 0 0 0 -0 2.58042 19.2334 0 70.0697 
0.000964480234908127762 1.28161 0 149828 25.8174 25.5594 8.4108 0 143.1871 -132.506 10.2578 -53.2869 0 -0 0 0 0 -0 0 0 2.58042 19.2334 0 70.0697 
0.000964480234908127762 1.28929 0 126498 25.4469 25.2003 8.01384 0 324.1651 -185.764 -265.491 9.47385 0 -0 0 0 0 -0 0 0 2.58042 19.2334 0 70.0697 
0.000964480234908127762 1.30133 0 190546 25.1519 24.915 7.70322 0 289.5671 -235.793 161.853 -45.3291 0 0 0 0 0 0 0 0 2.58042 19.2334 0 70.0697 
0.000964480234908127762 1.50774 0 77143 25.7174 25.4625 8.30333 0 434.8461 -163.736 157.025 -370.978 0 0 0 -0 0 0 0 -0 10.7044 25.9831 136.205 151.911 
0.000964480234908127762 1.63695 0 197303 24.8468 24.6191 7.38519 0 94.31181 16.0956 83.116 -41.5618 0 0 0 -0 0 0 0 -0 0 18.0646 0 0 
0.000964480234908127762 1.72994 0 163317 24.8582 24.6301 7.39674 0 226.0261 -117.337 -14.2304 192.658 0 0 0 0 0 0 0 0 5.16612 22.3621 0 5.91052 
0.000964480234908127762 1.74729 0 165019 24.9833 24.7515 7.5264 0 186.2491 177.4 -50.8614 25.1197 0 0 -0 0 0 0 -0 0 5.16612 22.3621 0 5.91052 
0.000964480234908127762 2.07404 0 186121 24.8636 24.6354 7.40247 0 264.3211 -254.519 -65.7162 27.6982 0 0 -0 0 0 0 -0 0 10.4255 18.7801 0 57.6097 
0.000964480234908127762 2.1511 0 185177 24.903 24.6736 7.4433 0 166.4361 -147.08 -66.9964 -39.746 0 0 -0 0 0 0 -0 0 10.4255 18.7801 0 57.6097 
0.00104870172333805523 0.353754 0 63470 24.6264 24.4052 7.15712 0 219.461 83.7626 2.01295 202.837 0 0 0 0 0 0 0 0 21.2062 50.023 201.019 752.589 
0.00104870172333805523 0.35855 0 77879 24.5368 24.3182 7.06549 0 201.6091 171.255 -106.167 -6.81779 0 0 0 0 0 0 0 0 21.2062 50.023 201.019 752.589 
0.00104870172333805523 0.387758 0 5708 23.4869 23.2986 6.02559 0 342.8721 19.5435 339.683 -42.3653 0 0 0 -0 0 0 0 -0 30.2701 57.7575 376.165 1186.32 
0.00104870172333805523 0.403883 0 77061 23.5 23.3115 6.03826 0 88.75251 -80.0289 31.8581 -21.388 0 0 0 -0 0 0 0 -0 30.2701 57.7575 376.165 1186.32 
0.00104870172333805523 0.486086 0 78975 22.9598 22.7859 5.52988 0 321.8031 -240.641 198.046 80.1685 0 0 0 0 0 0 0 0 21.0908 60.314 401.821 1044.58 
0.00104870172333805523 0.715488 0 31525 22.9882 22.8136 5.55613 0 348.481 265.592 -224.853 -18.4539 0 0 -0 0 0 0 -0 0 21.6167 48.3479 339.625 510.789 
0.00104870172333805523 0.765949 0 109592 23.684 23.4903 6.2158 0 201.4691 -108.97 -156.604 -64.7329 0 -0 0 0 0 -0 0 0 20.0943 53.3086 51.3662 240.388 
0.00104870172333805523 0.853657 0 73656 24.4481 24.232 6.97501 0 539.4811 -365.264 -397.012 1.96539 0 -0 0 0 0 -0 0 0 15.2811 45.877 704.01 825.05 
0.00104870172333805523 1.04456 0 118226 24.3179 24.1053 6.84298 0 325.7981 -325.02 1.41081 22.4514 0 -0 0 0 0 -0 0 0 16.8943 38.0593 0 292.237 
0.00104870172333805523 1.25229 0 83813 23.7236 23.5289 6.25429 0 283.9621 -91.1909 -251.594 -94.9705 0 -0 0 0 0 -0 0 0 11.1691 38.5523 38.016 109.089 
0.00104870172333805523 1.2994 0 87460 24.6284 24.4071 7.15927 0 131.641 73.5583 -2.21548 -109.148 0 0 0 -0 0 0 0 -0 10.2574 39.7282 0 0 
0.00104870172333805523 1.31056 0 175854 22.8738 22.7022 17.2355 0 01 0 0 0 0 0 0 0 0 0 0 0 9.28197 31.9391 94.9308 103.323 
0.00104870172333805523 1.41667 0 144498 24.3374 24.1244 6.86278 0 153.9481 -59.1722 142.083 -3.30767 0 0 0 -0 0 0 0 -0 8.46896 34.1235 5.78514 194.582 
0.00104870172333805523 1.66545 0 74516 23.4024 23.2163 5.94468 0 336.0871 239.87 153.852 -178.175 0 0 0 0 0 0 0 0 6.67709 28.2563 0 140.532 
0.00104870172333805523 2.4055 0 165677 24.2251 24.0154 6.74997 0 186.3671 -148.327 -28.1339 -109.271 0 0 0 0 0 0 0 0 9.42455 16.5946 0 64.0917 
0.00104870172333805523 2.44397 0 190351 23.2074 23.027 5.76051 0 339.4381 270.038 -31.1501 203.292 0 0 0 0 0 0 0 0 9.42455 16.5946 0 64.0917 
0.00104870172333805523 2.49392 0 199257 23.1499 22.971 5.70659 0 176.9981 -14.1938 76.3356 -159.059 0 0 0 0 0 0 0 0 2.70205 7.71241 0 0 
0.00104870172333805523 2.52974 0 96095 23.6268 23.4348 6.16046 0 273.8031 -201.961 -72.2042 -170.195 0 0 -0 0 0 0 -0 0 2.70205 7.71241 0 0 
0.00104870172333805523 2.64164 0 98258 23.7794 23.5831 6.30886 0 325.7771 -101.568 -50.627 -305.371 0 0 0 0 0 0 0 0 2.70205 7.71241 0 0 
0.00104870172333805523 2.68758 0 187804 24.3237 24.111 6.84893 0 340.6981 -232.869 236.052 78.2724 0 -0 0 0 0 -0 0 0 2.70205 7.71241 0 0 
0.00110171987724819631 0.168258 0 1919 22.1494 21.9961 16.9689 0 01 -0 0 0 0 -0 0 0 0 -0 0 0 9.03655 19.3658 1284.28 1876.04 
0.00110171987724819631 0.445435 0 106367 22.8454 22.6744 17.2287 0 01 0 0 0 0 0 0 0 0 0 0 0 16.3905 38.9871 101.455 684.339 
0.00110171987724819631 0.515953 0 150319 21.8709 21.7244 16.859 0 01 0 -0 0 0 0 -0 0 0 0 -0 0 21.0596 45.2683 284.732 572.416 
0.00110171987724819631 0.544197 0 13000 22.4451 22.2839 17.0849 0 01 0 0 0 0 0 0 0 0 0 0 0 10.22 33.3305 299.206 468.233 
0.00110171987724819631 0.775111 0 153745 22.0528 21.902 16.9299 0 01 0 0 0 0 0 0 0 0 0 0 0 9.31011 35.5865 0 69.7173 
0.00110171987724819631 0.928647 0 45426 22.4067 22.2467 17.0703 0 01 0 0 0 0 0 0 0 0 0 0 0 13.117 28.9738 31.3351 31.3351 
0.00110171987724819631 0.935672 0 5085 22.277 22.1206 17.0197 0 01 0 0 0 0 0 0 0 0 0 0 0 13.117 28.9738 31.3351 31.3351 
0.00110171987724819631 0.999244 0 189779 22.0877 21.9359 16.9438 0 01 0 0 0 0 0 0 0 0 0 0 0 12.899 31.7727 0 0 
0.00110171987724819631 1.19126 0 159018 22.8485 22.6775 17.2302 0 01 0 0 0 0 0 0 0 0 0 0 0 9.64504 22.9031 0 0 
0.00110171987724819631 1.4116 0 148434 22.568 22.404 17.1299 0 01 0 0 -0 0 0 0 -0 0 0 0 -0 5.70984 15.6913 0 0 
0.00110171987724819631 1.54252 0 161955 22.1664 22.0128 16.9756 0 01 0 -0 0 0 0 -0 0 0 0 -0 0 9.18511 21.4566 0 216.395 
0.00110171987724819631 1.64799 0 143717 21.9963 21.8468 16.9106 0 01 0 0 0 0 0 0 0 0 0 0 0 4.9404 19.8436 0 36.6411 
0.00110171987724819631 1.6557 0 163978 22.052 21.9011 16.9295 0 01 -0 0 0 0 -0 0 0 0 -0 0 0 4.9404 19.8436 0 36.6411 
0.00110171987724819631 1.81416 0 153408 22.7891 22.6196 17.2095 0 01 0 0 0 0 0 0 0 0 0 0 0 10.8613 30.7667 0 71.4132 
0.00113719935770365574 0.130934 0 5802 21.7804 21.636 16.821 0 01 0 0 0 0 0 0 0 0 0 0 0 0 0 0 0 
0.00113719935770365574 0.195819 0 2133 21.2494 21.1172 16.5928 0 01 0 0 0 0 0 0 0 0 0 0 0 0 0 0 0 
0.00113719935770365574 0.251018 0 18397 21.7831 21.6386 16.8223 0 01 0 0 0 0 0 0 0 0 0 0 0 11.8229 26.745 556.917 1103.4 
0.00113719935770365574 0.254685 0 34929 21.5077 21.3695 16.7066 0 01 0 0 0 0 0 0 0 0 0 0 0 11.8894 22.6288 400.084 694.371 
0.00113719935770365574 0.684016 0 62404 21.7151 21.5722 16.7937 0 01 0 0 0 0 0 0 0 0 0 0 0 6.80871 25.8143 121.108 233.036 
0.00113719935770365574 0.767332 0 74169 21.2241 21.0925 16.5842 0 01 -0 0 0 0 -0 0 0 0 -0 0 0 17.0637 35.6443 14.3282 207.023 
0.00113719935770365574 0.945114 0 24795 21.8114 21.6662 16.8338 0 01 0 -0 0 0 0 -0 0 0 0 -0 0 7.52731 24.4004 67.3381 382.431 
0.00113719935770365574 0.958455 0 150526 21.52 21.3815 16.7114 0 01 0 0 0 0 0 0 0 0 0 0 0 7.73627 22.2819 0 73.2655 
0.00113719935770365574 1.08325 0 63111 21.6082 21.4677 16.7486 0 01 0 0 0 0 0 0 0 0 0 0 0 5.44051 18.624 49.6241 134.444 
0.00113719935770365574 1.09848 0 125439 21.3014 21.1679 16.6154 0 01 0 0 0 0 0 0 0 0 0 0 0 5.44051 18.624 49.6241 134.444 
0.00113719935770365574 1.3696 0 74810 21.3199 21.1859 16.6237 0 01 0 0 0 0 0 0 0 0 0 0 0 4.16064 19.3535 0 54.2357 
0.00113719935770365574 1.60746 0 147298 21.7574 21.6135 16.8111 0 01 -0 0 0 0 -0 0 0 0 -0 0 0 4.81772 20.7913 0 1.11565 
0.00113719935770365574 2.10875 0 172139 21.7289 21.5856 16.7994 0 01 0 0 0 0 0 0 0 0 0 0 0 6.32656 16.7973 0 0 
0.00113719935770365574 2.4515 0 139643 0.0883297 21.4437 17.3706 0 01 0 0 0 0 0 0 0 0 0 0 0 0 9.36924 0 0 
0.00113719935770365574 3.04959 0 190379 21.548 21.4089 16.7253 0 01 0 -0 0 0 0 -0 0 0 0 -0 0 2.99371 8.74011 0 0 
0.001143302576683017 1.34628 0 161127 21.1922 21.0613 16.5671 0 01 0 0 0 0 0 0 0 0 0 0 0 0 0 0 0 
0.00116969654776742974 0.573921 0 13778 21.0531 20.9254 16.5058 0 01 0 0 0 0 0 0 0 0 0 0 0 7.91413 23.7848 21.9755 1281.44 
0.00116969654776742974 0.618026 0 61834 21.0137 20.8869 16.4869 0 01 0 0 0 0 0 0 0 0 0 0 0 10.9792 29.9247 576.294 1165.81 
0.00116969654776742974 1.98678 0 171741 20.7738 20.6522 16.379 0 01 0 -0 0 0 0 -0 0 0 0 -0 0 1.95818 13.7697 0 0 
0.00116969654776742974 2.01406 0 164300 20.9292 20.8042 16.4491 0 01 0 0 0 0 0 0 0 0 0 0 0 1.95818 13.7697 0 0 
0.00116969654776742974 3.88939 0 199578 20.9148 20.7901 16.4425 0 01 0 0 0 0 0 0 0 0 0 0 0 0 3.28052 0 0 
0.00118234104773596682 0.248138 0 23718 20.5115 20.3957 16.2543 0 01 -0 0 0 0 -0 0 0 0 -0 0 0 5.81389 12.24 39.1556 110.949 
0.00118234104773596682 0.542095 0 33876 20.5916 20.4742 16.2912 0 01 0 0 0 0 0 0 0 0 0 0 0 4.82853 16.173 0 311.194 
0.00118234104773596682 0.603563 0 52009 20.6358 20.5174 16.3138 0 01 0 0 0 0 0 0 0 0 0 0 0 6.10579 17.1044 56.3291 377.471 
0.00118234104773596682 0.650216 0 98571 20.554 20.4373 16.2762 0 01 0 0 0 0 0 0 0 0 0 0 0 3.29224 15.822 136.089 243.655 
0.00118234104773596682 0.868747 0 163707 20.5744 20.4573 16.2829 0 01 0 0 0 0 0 0 0 0 0 0 0 6.86249 13.7224 1.01064 215.791 
0.00121735474672573694 0.183408 0 17368 20.3403 20.2281 16.1719 0 01 0 0 -0 0 0 0 -0 0 0 0 -0 7.10262 16.0447 291.01 773.84 
0.00121735474672573694 0.273092 0 29294 20.3085 20.1969 16.1567 0 01 0 0 0 0 0 0 0 0 0 0 0 7.49804 22.5504 162.971 796.23 
0.00121735474672573694 0.373216 0 44830 20.2644 20.1536 16.1353 0 01 -0 0 0 0 -0 0 0 0 -0 0 0 8.94098 26.7856 837.513 986.723 
0.00121735474672573694 1.09924 0 143635 20.4154 20.3016 16.2094 0 01 0 0 0 0 0 0 0 0 0 0 0 4.42287 19.8419 0 31.3647 
0.00121735474672573694 1.34149 0 151331 20.3561 20.2435 16.1793 0 01 0 0 0 0 0 0 0 0 0 0 0 10.6983 24.1329 0 93.8338 
0.00121735474672573694 1.34818 0 148444 20.3789 20.2659 16.191 0 01 0 0 0 0 0 0 0 0 0 0 0 10.6983 24.1329 0 93.8338 
0.00121735474672573694 1.74667 0 82874 20.4299 20.3158 16.2158 0 01 0 0 0 0 0 0 0 0 0 0 0 1.71723 8.75454 0 0 
