#1:time #2:r #3.binary? #4:ID #5:zams_m #6:m_progenitor #7:bh mass #8:bh_spin #9:birth-kick(km/s) #10-25:vsarray
0.00907473820595750685 0.232598 1 40380 0 36.3161 32.6845 0 0 1 0.556654 0.0774588 0.389581 0 0 0 0 0 0 0 0 0.463018 1.59075 0 0 
0.00948191654954111049 0.106804 1 111187 0 35.5206 31.9685 0 0 1 -0.715172 -0.585324 0.569603 0 0 0 0 0 0 0 0 2.15192 4.24886 909.988 3472.24 
0.0095906326099252006 1.77708 0 178115 104.318 45.208 40.6872 0 01 -0 0 0 0 -0 0 0 0 -0 0 0 0 0 0 0 
0.00966442873235373763 0.287765 1 219424 0 34.223 30.8007 0 0 2 -0.32796 -0.406138 0.122822 0 0 -0 0 0 0 -0 0 0 1.16333 0 0 
0.00978251600678598128 1.07918 0 289791 0.0826961 32.5744 29.317 0 01 0 0 0 0 0 0 0 0 0 0 0 0 1.08213 0 0 
0.00997201822772775942 0.225713 1 24087 0 29.9574 26.9617 0 0 1 0.316427 -0.181652 -0.532309 0 0 -0 0 0 0 -0 0 0.468723 1.36843 0 0 
0.0100147680918217779 0.0920099 0 147898 0.148128 29.6354 26.6719 0 01 0 0 0 0 0 0 0 0 0 0 0 1.299 2.69173 3122.8 8467.44 
0.0105129138175343775 0.0565516 1 288242 0 27.5182 24.7664 0 0 2 0.00539457 -0.0132382 0.732828 0 0 0 0 0 0 0 0 2.42537 3.86092 7307 12417.7 
0.0105218464434479967 0.146457 0 269234 0.203771 25.7616 23.1854 0 01 -0 0 0 0 -0 0 0 0 -0 0 0 0.719707 1.88701 128.996 128.996 
0.0105539492409655617 0.287506 1 212431 0 26.8613 24.1752 0 0 1 0.123407 0.00149699 0.224668 0 0 0 0 0 0 0 0 0.535969 0.821923 0 0 
0.0105773913809066016 0.678051 0 152617 0.576988 25.2067 22.686 0 01 0 0 0 0 0 0 0 0 0 0 0 0 0.656238 0 0 
0.0107411792857825625 0.213223 1 114706 0 24.1489 21.734 0 0 2 -0.00954481 3.59468e-05 -0.0120493 0 0 0 0 0 0 0 0 0.217744 0.416121 0 0 
0.0107445763254761361 0.536241 0 257850 0 28.1074 25.2966 0 01 0 0 -0 0 0 0 -0 0 0 0 -0 0 0 0 0 
0.0108390364115982293 0.71239 0 174664 69.4959 27.2542 24.5288 0 01 0 -0 0 0 0 -0 0 0 0 -0 0 0 0 0 0 
0.0109535679533313435 0.185544 1 196871 0 23.268 20.9412 0 0 1 -0.230017 -0.889852 -0.518761 0 -0 0 0 0 -0 0 0 0.34134 1.58318 0 696.092 
0.0111741324021363397 0.423116 0 211036 0.3436 24.9926 22.4933 0 01 0 -0 0 0 0 -0 0 0 0 -0 0 0 0 0 0 
0.0112719703387641149 0.0452717 1 37142 0 21.6319 19.4687 0 0 1 -0.360411 -0.562097 -0.292336 0 0 0 -0 0 0 0 -0 1.97202 3.04572 4788.99 14112 
0.0112773267420885406 0.0906962 1 235687 0 22.2935 20.0641 0 0 1 0.520998 -0.0460881 0.453333 0 0 0 0 0 0 0 0 1.11565 2.69241 0 1147.09 
0.0112841162476245201 0.530291 1 177308 0 21.3426 19.2083 0 0 1 -0.196848 -0.0989263 0.327953 0 0 -0 0 0 0 -0 0 0.539767 0.539767 0 0 
0.0112878467585007924 0.18621 1 376865 0 21.988 19.7892 0 0 1 0.140386 -0.261223 -0.583514 0 0 0 0 0 0 0 0 0.174524 1.8815 0 0 
0.0113297708633224234 0.536196 1 210893 0 24.4119 21.9707 0 0 1 0.00573111 -0.127906 0.189176 0 0 -0 0 0 0 -0 0 0 0.537106 0 0 
0.0114128175944941575 0.277868 1 282019 0 20.7837 18.7054 0 0 1 0.0233749 0.34808 0.61877 0 0 0 0 0 0 0 0 0.277868 0.8432 0 0 
0.0115834618308075735 0.869286 0 227527 0.0859721 22.4855 20.2369 0 01 0 0 0 0 0 0 0 0 0 0 0 0.889599 4.43342 0 0 
0.0116582365388462998 0.644771 1 262177 0 20.9772 18.8795 0 0 1 0.00166332 0.507458 -0.0997927 0 0 0 0 0 0 0 0 0 0.6628 0 0 
0.0117761855207522588 1.47464 1 253158 0 20.4732 18.4259 0 0 1 -0.347988 0.210052 0.0396519 0 0 0 0 0 0 0 0 0 0 0 0 
0.0118314266600967489 1.54421 1 147276 0 20.1196 18.1077 0 0 1 0.234295 0.367258 0.0182328 0 0 0 0 0 0 0 0 0 1.51721 0 0 
0.0118430192437037271 0.444736 1 225720 0 19.4871 17.5384 0 0 1 -0.214336 -0.372479 -0.181986 0 0 -0 0 0 0 -0 0 0 0 0 0 
0.0119582751187685115 0.126097 1 134142 0 18.8643 16.9779 0 0 2 0.685259 -0.0858144 0.398262 0 0 0 0 0 0 0 0 0.378518 1.405 0 0 
0.0120086464104382923 0.0887313 0 58352 0.150951 19.1378 17.224 0 01 0 0 0 0 0 0 0 0 0 0 0 1.76117 2.81439 112.057 2525.4 
0.012060032996962438 0.38081 1 10715 0 18.8251 16.9426 0 0 1 -0.736222 0.433549 0.636998 0 0 0 0 0 0 0 0 0 0.374961 0 0 
0.0120887074170195185 0.413611 1 223643 0 18.837 16.9533 0 0 1 -0.0237862 0.299706 0.121326 0 0 0 0 0 0 0 0 0 0 0 0 
0.0121285402409489936 0.972677 0 238749 0.238934 20.0179 18.0161 0 01 0 0 0 0 0 0 0 0 0 0 0 0 0.952009 0 0 
0.0121349112057314665 0.313354 1 6409 0 18.5695 16.7114 0 0 1 0.36197 0.563866 0.429476 0 0 0 0 0 0 0 0 0.313354 1.60424 0 0 
0.0123944484214637465 0.258388 1 210004 0 18.1359 16.3171 0 0 1 0.297729 -0.392869 -0.257338 0 0 0 0 0 0 0 0 0.270285 0.803505 0 0 
0.0124064672425218524 0.317986 0 154047 0.100732 18.8425 16.9582 0 01 0 0 0 0 0 0 0 0 0 0 0 0.330222 0.640811 0 0 
0.0124185875093915307 0.0838625 0 247221 0.0830415 18.9797 17.0817 0 01 0 -0 0 0 0 -0 0 0 0 -0 0 0.810136 2.0033 372.537 700.026 
0.0125190595055906916 0.385136 1 74245 0 17.2241 15.4883 0 0 1 -0.83401 -1.45212 0.356653 0 -0 0 0 0 -0 0 0 0.804716 0.804716 0 0 
0.0125259274446477466 0.0358096 0 43106 0.186099 18.4043 16.5611 0 01 0 0 0 0 0 0 0 0 0 0 0 1.57515 3.01483 4242.81 8053.47 
0.0127202660576403136 0.203864 0 272919 0.0808202 17.9092 16.1109 0 01 0 0 0 0 0 0 0 0 0 0 0 0.410119 0.815078 0 1065.44 
0.0127732187407316854 0.556664 0 263089 0.106026 17.1691 15.4383 0 01 0 -0 0 0 0 -0 0 0 0 -0 0 0 1.12257 0 0 
0.0127804514768238443 0.317199 0 216882 8.32514 17.6619 15.8861 0 01 0 0 0 0 0 0 0 0 0 0 0 0.300351 0.93018 0 0 
0.0128101036443442045 0.088228 1 235896 0 16.6881 15.0015 0 0 1 0.00787792 0.181727 0.481372 0 0 0 0 0 0 0 0 1.72796 2.73344 924.591 2870.06 
0.0128109193413532569 0.294304 0 328696 0.109418 17.5036 15.7423 0 01 -0 0 0 0 -0 0 0 0 -0 0 0 0 0.278148 0 0 
0.0128821820926789381 0.163923 0 261640 0.190592 17.2424 15.505 0 01 -0 0 0 0 -0 0 0 0 -0 0 0 0.148246 0.904649 305.629 305.629 
0.0129334821483978232 0.580987 0 27316 0.64906 17.2966 15.5542 0 01 0 -0 0 0 0 -0 0 0 0 -0 0 0 0.585894 0 0 
0.0129409815299760568 0.276078 0 225695 0.849103 17.2832 15.5419 0 01 0 -0 0 0 0 -0 0 0 0 -0 0 0 0 0 0 
0.0131836984491836007 0.124425 0 953 0.270147 16.2056 14.5637 0 01 0 0 0 0 0 0 0 0 0 0 0 0.897112 1.4494 2328.34 3164.55 
0.0132059052933653758 0.0787665 1 230747 0 16.0274 14.402 0 0 1 0.139555 0.355086 -0.0896327 0 0 0 0 0 0 0 0 1.13334 1.8269 2985 8720.62 
0.0132588047159943618 0.314949 0 144755 0.860019 16.3257 14.6727 0 01 0 0 0 0 0 0 0 0 0 0 0 0 1.85907 0 0 
0.0133425401313641296 2.81266 0 194155 45.6927 16.2162 14.5732 0 01 0 0 0 0 0 0 0 0 0 0 0 0 0 0 0 
0.013434203848770563 0.208675 1 139943 0 15.5415 13.9613 0 0 2 -0.742303 -0.333314 -0.115506 0 0 0 -0 0 0 0 -0 0.618495 1.91949 0 5.73608 
0.013446025558612287 0.234317 0 267525 0 15.8152 14.2095 0 01 -0 0 0 0 -0 0 0 0 -0 0 0 0.93946 1.40875 494.948 494.948 
0.0135989338650789396 0.905006 1 65477 0 15.1647 13.6198 0 0 2 -0.304058 0.422031 -0.354857 0 0 0 0 0 0 0 0 0 0 0 0 
0.013644581275631066 0.213262 1 146828 0 15.2764 13.7211 0 0 2 -0.32872 0.283842 -0.286051 0 0 0 -0 0 0 0 -0 0.428303 2.9865 0 0 
0.013652324021749809 0.171433 1 229754 0 15.3596 13.7965 0 0 2 -0.235329 0.151272 -0.14237 0 -0 0 0 0 -0 0 0 0.161481 0.818853 0 0 
0.0136927250421083457 0.126247 0 25648 0.0902738 15.2907 13.734 0 01 0 0 0 0 0 0 0 0 0 0 0 0.399644 1.45209 0 0 
0.0137225316452145325 0.117146 0 141955 0.557206 14.9364 13.4129 0 01 0 0 -0 0 0 0 -0 0 0 0 -0 1.50364 2.73038 905.843 2821.98 
0.0137896925309571768 0.144566 0 278583 0.16916 15.1589 13.6145 0 01 0 0 -0 0 0 0 -0 0 0 0 -0 0.541335 1.20983 0 1944.99 
0.0138286175535505002 0.251578 0 304720 0.180589 15.1608 13.6163 0 01 0 0 0 0 0 0 0 0 0 0 0 0.492382 1.21665 122.554 166.837 
0.013836039105529177 0.230768 0 214489 0.081087 15.2613 13.7073 0 01 0 0 0 0 0 0 0 0 0 0 0 0.482154 2.69041 148.583 150.077 
0.0138445539687076478 0.234272 0 295755 0.508973 14.9136 13.3923 0 01 0 0 0 0 0 0 0 0 0 0 0 1.19686 2.18442 0 686.523 
0.0138483217869024271 0.411141 1 261259 0 23.4269 21.0842 0 0 2 0.505184 0.663517 -0.485323 0 0 0 -0 0 0 0 -0 1.67997 1.67997 0 129.275 
0.013943267237725385 1.17541 0 170070 0.131403 14.8752 13.3576 0 01 0 0 0 0 0 0 0 0 0 0 0 0 2.35674 0 0 
0.0139449088573854116 0.420838 0 323362 3.5241 14.5964 12.9832 0 5.875021 -5.30361 0.251929 2.51479 0 -0 0 0 0 -0 0 0 0 0 0 0 
0.014011993676505961 0.196183 0 254059 0.341171 14.6832 13.1836 0 01 0 0 0 0 0 0 0 0 0 0 0 0.384098 0.787752 0 424.685 
0.0140375373598826698 1.74591 0 197910 42.2259 14.683 13.1834 0 0.001815761 0.00129144 0.00126968 -0.000130762 0 0 0 -0 0 0 0 -0 0 0 0 0 
0.0141744838608329326 0.358302 0 111014 0.103212 14.3985 12.5357 0 5.944891 3.52802 4.25953 2.1797 0 0 0 0 0 0 0 0 0 0.359721 0 0 
0.0141924549470214944 0.373222 0 121054 0.143233 14.3829 12.5009 0 7.259041 6.39824 -2.11469 -2.69895 0 0 -0 0 0 0 -0 0 0 0.373222 0 0 
0.0142255576771005334 0.285831 0 214347 0.130742 14.1906 12.0803 0 14.19051 -12.9202 -3.54058 4.68029 0 0 0 0 0 0 0 0 0 0.839419 0 0 
0.0143283907956687755 0.166445 0 82477 1.85726 14.1496 11.9925 0 25.26761 -20.2329 7.44943 13.1753 0 0 0 0 0 0 0 0 0 0.814908 0 0 
0.0143611304543980692 0.190671 0 51605 0.102811 14.0921 11.8699 0 14.36451 -13.5247 4.75857 -0.881076 0 0 0 -0 0 0 0 -0 0.722569 1.26577 0 0 
0.0144438880614448685 0.310958 0 272315 0.708948 13.8053 11.2768 0 31.09551 -17.7977 -24.4256 7.31855 0 0 0 0 0 0 0 0 0.626912 1.54716 0 105.549 
0.0144468353967716311 0.746809 0 189256 0.156225 14.176 12.049 0 26.82611 -18.3652 -11.5513 15.7774 0 -0 0 0 0 -0 0 0 0 0 0 0 
0.0144741765910238428 0.103173 0 215284 0 13.9688 11.6113 0 27.61821 4.15119 2.14622 27.22 0 0 0 0 0 0 0 0 0.860447 2.27883 354.263 1539.33 
0.0144995675242693862 0.388871 1 233153 0 17.0601 15.3394 0 0 1 -0.345692 1.36293 0.462703 0 -0 0 0 0 -0 0 0 0 0 0 0 
0.0145767988800194793 3.75945 0 195207 0.32969 14.4584 12.6698 0 14.91651 14.7884 -1.91461 0.374969 0 0 -0 0 0 0 -0 0 0 0 0 0 
0.0146641455380569011 0.543931 1 185827 0 13.4633 10.6069 0 0 2 60.7168 105.46 -0.210166 0 0 0 0 0 0 0 0 0 1.61017 0 0 
0.014748849100372002 0.209189 0 261026 0.80429 14.2482 12.205 0 24.30471 24.0645 -3.14773 1.30683 0 0 0 0 0 0 0 0 0.816441 1.42352 0 247.995 
0.0148289786162873142 0.258816 0 246465 0.162454 14.6687 13.1501 0 1.085731 -1.00841 0.329257 0.231294 0 0 0 0 0 0 0 0 0.500302 0.500302 0 0 
0.0148792990690545211 0.175579 1 23355 0 14.8297 13.3163 0 0 1 0.390059 -0.487364 0.1269 0 0 0 0 0 0 0 0 0.549644 1.26694 0 0 
0.0148942286855488649 0.103291 0 227709 0.34534 14.7355 13.2309 0 01 0 0 0 0 0 0 0 0 0 0 0 1.8612 3.88062 2400.16 5716 
0.0149087809571461522 0.67761 1 70798 0 13.3539 10.4014 0 0 1 -5.39316 -29.2697 47.4314 0 0 0 0 0 0 0 0 0 0.694996 0 0 
0.0149260873474452768 1.90533 0 167586 38.5806 14.8829 13.3645 0 01 0 0 0 0 0 0 0 0 0 0 0 0 0 0 0 
0.0152128378259915095 5.15126 0 159486 0.233026 15.1074 13.5679 0 01 0 0 0 0 0 0 0 0 0 0 0 0 0 0 0 
0.0152486002626809718 0.249057 0 297721 0.170682 15.0382 13.5052 0 01 0 0 0 0 0 0 0 0 0 0 0 0.254201 0.508326 0 0 
0.015495760806965209 0.0529822 1 231222 0 12.9518 9.68168 0 0 2 -6.30238 -23.7899 5.26351 0 0 0 0 0 0 0 0 1.41351 2.23264 1499.95 7540.24 
0.0156036851257207333 0.196772 1 244705 0 12.7573 9.35404 0 0 1 -36.7017 -65.3545 7.19786 0 -0 0 0 0 -0 0 0 0 0.824059 0 0 
0.015642107069422425 0.167677 0 229601 0.117886 15.0898 13.5519 0 01 0 -0 0 0 0 -0 0 0 0 -0 0 0.918179 2.19357 0 818.673 
0.0156756409243344226 0.308971 0 275007 0.0827853 14.7304 13.2264 0 01 0 0 0 0 0 0 0 0 0 0 0 0.311381 1.22117 0 0 
0.0157713564928195597 0.253428 1 322847 0 12.4316 8.83472 0 0 1 23.6848 -5.01051 -9.80719 0 0 0 0 0 0 0 0 0.245004 0.245004 0 0 
0.0157908887408493084 0.348131 1 227703 0 13.5963 10.8626 0 0 2 23.2858 2.23489 8.67082 0 0 0 0 0 0 0 0 0 1.37882 0 0 
0.0158153691850201096 0.429345 1 246800 0 13.1129 9.96327 0 0 1 -44.0202 -16.2507 -2.03867 0 0 0 -0 0 0 0 -0 0 1.2407 0 0 
0.0158263521188945905 0.130869 0 220154 0.130136 14.5281 12.8273 0 6.613061 6.01826 2.63623 0.750626 0 0 0 0 0 0 0 0 1.51006 2.16728 133.554 1422.97 
0.0158556845940578256 0.272758 1 32995 0 12.4096 8.80104 0 0 1 42.8545 -34.176 149.754 0 0 -0 0 0 0 -0 0 1.11517 1.9444 376.607 376.607 
0.0158921708856240365 0.149199 1 244504 0 36.3146 32.6831 0 0 1 0.338661 0.167194 0.530023 0 0 0 0 0 0 0 0 1.27939 2.21901 567.65 567.65 
0.0159022794240465774 0.449994 1 354496 0 12.3559 8.71935 0 0 2 -185.955 47.5096 80.2548 0 -0 0 0 0 -0 0 0 0.444657 1.35542 0 0 
0.015981410733994332 1.77951 0 57393 0.145098 34.6121 14.7146 0 01 0 0 0 0 0 0 0 0 0 0 0 0 0 0 0 
0.0160125830349788327 0.312098 1 261954 0 34.992 31.4928 0 0 2 0.482201 0.319671 -0.52495 0 0 0 0 0 0 0 0 0 0 0 0 
0.0160466612382258421 0.336816 0 225299 0.140004 14.9215 13.3995 0 01 0 0 0 0 0 0 0 0 0 0 0 0 0.671591 0 0 
0.0160513326182757515 0.81842 1 236395 0 12.5319 8.99064 0 0 1 127.517 10.4368 26.1184 0 0 0 0 0 0 0 0 0 0.829993 0 0 
0.016241002266530101 0.195787 1 230904 0 14.7997 13.2891 0 0 1 -0.123616 -0.334232 1.26768 0 -0 0 0 0 -0 0 0 0.385296 1.69575 0 258.418 
0.0162532616988103826 1.28406 1 128347 0 11.9956 8.19769 0 0 2 -45.2511 -73.7182 -53.0575 0 0 0 0 0 0 0 0 1.30087 1.30087 0 0 
0.0163180383478040425 0.386606 0 43247 0.103139 33.9431 12.7312 0 01 0 0 0 0 0 0 0 0 0 0 0 0 1.14055 0 0 
0.0163361075596367041 0.0594109 1 52396 0 12.2145 8.50922 0 0 1 -50.2837 -71.1967 90.6644 0 -0 0 0 0 -0 0 0 0 0 0 0 
0.0163529636754697338 0.201951 0 269114 0.227435 14.6319 13.0927 0 1.743961 -1.0277 1.24011 0.668852 0 0 0 0 0 0 0 0 0.220178 0.439501 0 0 
0.0163903939597465874 0.133307 0 233769 0.20276 14.6272 13.0542 0 1.277931 1.17498 0.106297 0.491145 0 0 0 0 0 0 0 0 0.539389 1.21723 0 5.3346 
0.0164818807201046746 0.238997 1 87366 0 11.8455 7.99382 0 0 2 129.912 -54.7678 39.1721 0 0 0 0 0 0 0 0 0 0.244858 0 0 
0.0165771728284733189 0.187595 0 261864 0.590005 14.4516 12.6543 0 13.10461 6.60421 5.38688 -9.95469 0 0 0 -0 0 0 0 -0 0 0.172556 0 0 
0.0165807326950167637 1.03291 1 221883 0 12.0167 8.22697 0 0 2 -2.39372 -2.0175 3.1418 0 0 0 0 0 0 0 0 0 0 0 0 
0.0165987697794003526 0.182981 1 248749 0 12.358 8.72256 0 0 1 40.9238 -32.511 -6.33476 0 0 0 -0 0 0 0 -0 0.729424 0.919477 0 89.3485 
0.0166825054167515849 0.439861 1 195542 0 11.4965 7.55001 0 0 1 -119.282 107.238 45.7799 0 -0 0 0 0 -0 0 0 0 0.879372 0 0 
0.0169564653760876996 0.152674 0 235433 0.220199 33.2402 12.2249 0 7.075661 6.85544 1.2359 1.24114 0 0 0 0 0 0 0 0 0.899561 1.67016 0 199.031 
0.0169740240170592575 0.418266 1 261759 0 12.3689 8.73896 0 0 2 -200.638 25.1884 41.8736 0 0 0 0 0 0 0 0 0 0 0 0 
0.0171044475193599076 1.20477 0 222377 0.120776 32.8372 11.7764 0 9.918941 2.99673 -9.30795 1.66343 0 0 -0 0 0 0 -0 0 0 0 0 0 
0.0171298987836424749 0.453267 1 222735 0 13.5552 10.7829 0 0 1 -13.4644 -0.551016 -2.31013 0 0 0 0 0 0 0 0 0 0.912568 0 0 
0.0173144969439390332 0.332099 0 359733 0.100605 32.3662 13.4057 0 20.27591 -16.0465 -2.536 12.1321 0 0 0 0 0 0 0 0 0.337935 1.34812 0 0 
0.0173702562826446791 0.178621 1 297941 0 11.7325 7.8454 0 0 1 -86.2608 38.1619 39.0479 0 -0 0 0 0 -0 0 0 0.560531 1.10801 0 0 
0.0174472230153031593 0.210873 1 275033 0 12.2856 8.61399 0 0 1 -33.0708 -21.9014 107.323 0 0 0 0 0 0 0 0 0.619499 1.4536 0 0 
0.017461690677281639 2.10009 0 194863 31.5906 31.1064 14.2448 0 67.50141 -62.7155 -23.6912 -7.86948 0 -0 0 0 0 -0 0 0 0 0 0 0 
0.0176295824489037384 0.380648 0 184947 0.204754 30.766 13.9367 0 120.9331 60.1089 2.1756 -104.915 0 0 0 -0 0 0 0 -0 0.369743 0.754488 0 0 
0.0177313947475280648 0.0774669 1 221008 0 12.5677 9.04725 0 0 1 -111.322 -4.58346 0.849358 0 0 -0 0 0 0 -0 0 1.75778 2.35525 5126.48 12028.4 
0.0178444427328701034 3.22221 0 52314 0.370935 30.3443 13.5373 0 92.011 90.2027 0.716173 18.1329 0 0 0 0 0 0 0 0 0 0 0 0 
0.0178542217424607595 0.840308 0 266060 0.0892904 12.4783 8.90694 0 160.0351 139.973 60.1463 49.0019 0 0 0 0 0 0 0 0 0 0 0 0 
0.0178600022390388719 1.30283 0 177987 0.216585 30.3146 13.5087 0 87.78171 -87.7407 -2.38073 -1.23617 0 0 0 -0 0 0 0 -0 0 1.31032 0 0 
0.0178941813040389038 0.246229 0 59481 0.138082 30.2324 13.4305 0 70.41521 -62.8534 -29.2849 12.2532 0 0 -0 0 0 0 -0 0 0.23701 1.19857 0 0 
0.0179009264893913826 0.256597 0 194475 30.6804 30.2359 13.4322 0 94.08291 93.0418 -6.43082 12.3879 0 0 0 0 0 0 0 0 0.258658 1.55651 0 58.8553 
0.0179340681811730462 0.453156 0 244986 3.90881 13.4022 10.4917 0 66.91781 -26.4576 -50.1829 35.4917 0 0 0 0 0 0 0 0 0 0 0 0 
0.0179371600276170828 0.126265 0 240458 0.0824737 30.9444 12.8307 0 22.53511 -16.8668 0.283717 14.942 0 -0 0 0 0 -0 0 0 1.64713 2.91992 3158.81 3834.04 
0.0180176186364791324 0.134089 0 19678 0.148092 30.2218 12.8864 0 66.78631 -64.5416 16.2635 5.50354 0 0 0 0 0 0 0 0 1.27822 2.13213 0 1010.76 
0.0180877216556818328 0.338836 0 292847 0.0938604 11.3664 7.39541 0 125.5141 -123.798 -20.4603 -3.01775 0 0 0 0 0 0 0 0 0.323992 1.31421 0 0 
0.0181861190935690524 0.334917 1 289891 0 16.4712 14.8047 0 0 2 -0.234504 0.406357 0.492124 0 -0 0 0 0 -0 0 0 0 1.32629 0 0 
0.0182588337494047938 0.383276 1 154920 0 10.4844 6.5035 0 0 2 -48.4636 -206.822 27.0903 0 -0 0 0 0 -0 0 0 0.377968 0.759021 0 0 
0.0182933496662231847 0.158272 0 81002 0.117161 10.5746 6.58222 0 89.74751 -76.7542 -29.3616 36.0735 0 -0 0 0 0 -0 0 0 0.66985 1.70855 0 390.338 
0.0182941878612404851 0.168505 1 210196 0 11.1608 7.16329 0 0 2 -174.261 -1.72637 -84.1586 0 0 0 0 0 0 0 0 1.01509 2.0566 0 82.2578 
0.0183449270671216594 0.271206 1 154589 0 10.8464 6.83666 0 0 1 15.6533 2.63187 94.0975 0 0 0 0 0 0 0 0 0 1.06843 0 0 
0.0183780623913291398 0.24676 0 331661 0.10406 29.6172 13.0933 0 181.9221 153.065 -69.2716 -69.7715 0 0 0 -0 0 0 0 -0 0 0.499658 0 0 
0.0183856163494370839 0.0460643 1 212121 0 21.3184 19.1866 0 0 2 -0.0280635 0.467491 -0.406223 0 0 0 0 0 0 0 0 1.90037 3.01999 3466.28 7415.15 
0.0183877865290178397 0.196016 1 34930 0 10.4085 6.43947 0 0 1 113.62 -17.3132 75.8794 0 0 -0 0 0 0 -0 0 0 0.20094 0 0 
0.0184560404763806953 0.375984 0 242750 0.355434 31.4216 10.3069 0 59.91151 -36.6473 8.79017 -46.5736 0 0 0 -0 0 0 0 -0 0.391932 0.391932 0 0 
0.0185269988934303326 0.241233 0 296949 0.665064 29.8257 11.9704 0 88.94221 -87.0197 13.0319 -12.9789 0 -0 0 0 0 -0 0 0 0 0 0 0 
0.0185629035755865493 0.179498 0 258688 0.0839971 29.7466 11.6948 0 67.21921 51.4043 -36.931 -22.63 0 0 0 0 0 0 0 0 0 1.17882 0 0 
0.0186023326647379861 0.220995 1 26774 0 10.3327 6.3775 0 0 1 172.347 -138.064 46.7761 0 0 0 0 0 0 0 0 0.424374 1.06322 175.001 175.001 
0.0186863612291710314 0.0507856 0 152125 0.28113 29.0486 11.8722 0 118.6781 -89.7419 27.9791 -72.4434 0 0 0 -0 0 0 0 -0 1.59733 2.64668 4179.34 10628.4 
0.0187236374125459293 0.496073 1 132704 0 10.4139 6.44399 0 0 1 63.3289 91.5395 -64.8756 0 0 0 0 0 0 0 0 0.493918 0.977465 0 67.713 
0.018794969938991022 0.281425 0 6292 0.640712 28.8914 11.5701 0 83.25041 20.4946 -24.9645 76.7292 0 0 0 0 0 0 0 0 0.28592 0.868661 0 62.7259 
0.0187963202806075945 1.16222 0 185079 29.0216 28.6454 11.8484 0 164.3041 -162.158 -25.7812 5.9962 0 0 -0 0 0 0 -0 0 0 0 0 0 
0.0188091223280206429 0.0791708 0 298636 0.910008 28.9347 12.0556 0 152.5911 141.968 55.7555 -4.52311 0 0 0 -0 0 0 0 -0 1.71778 2.83287 8830.86 9299.98 
0.0188319884777926778 0.336851 1 211905 0 13.7591 11.1839 0 0 1 14.4503 -0.1239 0.507417 0 0 0 0 0 0 0 0 0 0 0 0 
0.0189060592455917269 0.250605 1 214044 0 11.8864 8.04861 0 0 1 77.6037 46.4835 3.45788 0 0 0 0 0 0 0 0 0 1.48091 0 0 
0.0189370578314642136 0.0162265 0 268285 0.352109 28.8809 11.7253 0 181.3811 -157.239 51.966 -73.9892 0 0 0 0 0 0 0 0 2.42653 3.17342 6207.86 11961.3 
0.0189370578314642136 0.210766 0 126118 28.7826 28.4157 11.5969 0 165.341 -164.982 -3.38245 10.3202 0 -0 0 0 0 -0 0 0 0.649698 1.7691 0 0 
0.0189447691216498605 0.188377 1 218956 0 14.1386 11.9689 0 0 1 10.0054 -9.44353 14.9579 0 0 0 0 0 0 0 0 1.16888 1.96049 505.472 953.429 
0.0189710613454000185 0.595809 1 237397 0 10.1424 6.23073 0 0 2 -147.388 56.3258 -44.9422 0 -0 0 0 0 -0 0 0 0 1.21142 0 0 
0.0189757300571953592 1.80749 0 29137 0.183538 28.6222 11.0854 0 191.6041 23.7387 -187.757 29.93 0 0 0 0 0 0 0 0 0 0 0 0 
0.0189889231900067477 0.319276 0 227420 0.256345 12.76 9.3584 0 43.70421 -43.6802 1.34197 0.551426 0 0 0 0 0 0 0 0 0.315005 1.26754 0 0 
0.0190087696363150649 0.792482 1 278464 0 10.3272 6.37308 0 0 1 -116.917 -144.885 118.427 0 -0 0 0 0 -0 0 0 0 0 0 0 
0.0190332219388752479 0.311009 0 23097 0.167101 28.4793 11.3238 0 71.38471 33.934 45.0037 43.8056 0 0 0 0 0 0 0 0 0 1.27075 0 0 
0.0191744007051188395 1.34537 0 193763 28.3885 28.0368 11.1768 0 162.4391 -161.242 -17.987 -7.99986 0 0 0 -0 0 0 0 -0 0 0 0 0 
0.0192131569579840067 0.204563 1 228586 0 17.5881 15.8191 0 0 1 0.0411077 0.136497 0.542319 0 0 0 0 0 0 0 0 0.787677 1.57672 0 0 
0.0192397940804831039 0.384106 0 233395 0.112746 28.1581 11.2504 0 136.8971 82.9526 -108.551 8.73059 0 0 -0 0 0 0 -0 0 0 0 0 0 
0.0192397940804831039 2.04583 0 67839 28.2831 27.9354 11.0634 0 134.4421 126.629 -39.5363 -21.8315 0 0 0 0 0 0 0 0 0 0 0 0 
0.0192440399040429665 0.119238 0 255048 0.103316 10.7579 6.751 0 159.8651 151.643 -40.6229 30.18 0 0 0 0 0 0 0 0 1.37779 2.54946 1438.66 3056.68 
0.019310099553311269 0.153998 0 229915 0.257403 28.2275 11.1738 0 151.6941 -68.1119 129.79 39.0717 0 0 0 0 0 0 0 0 1.64361 2.82783 0 836.09 
0.0193154448113120464 0.28843 0 318142 0.0873804 28.3689 10.8555 0 206.9511 -206.314 -16.1999 -1.02823 0 -0 0 0 0 -0 0 0 0 0.308871 0 0 
0.0193357289502305157 0.210048 0 260439 0.794526 28.8217 10.8379 0 247.3511 -11.9977 -98.6291 -226.519 0 0 0 -0 0 0 0 -0 0 0.583333 0 0 
0.0193738342048267072 1.70672 0 6219 0.223443 27.7301 10.8337 0 174.4471 -99.8269 -34.4241 -138.857 0 0 -0 0 0 0 -0 0 0 0 0 0 
0.0194148828129537959 0.0671783 0 221643 0.14449 18.1734 16.3511 0 01 0 0 0 0 0 0 0 0 0 0 0 2.06921 3.58334 6632.51 10189.8 
0.0194215002150956266 1.10866 0 73589 0.211314 27.6579 10.7525 0 272.3911 -242.787 -13.0503 -122.804 0 0 -0 0 0 0 -0 0 1.0915 1.0915 0 0 
0.0194394262428747092 1.02076 0 185527 27.9668 27.6311 10.7223 0 127.1981 -85.879 -93.8056 2.13472 0 0 0 0 0 0 0 0 0 0 0 0 
0.0194592187508469683 0.289384 0 218177 0.134034 11.2667 7.28105 0 60.67191 -22.2288 -22.6691 51.7017 0 0 -0 0 0 0 -0 0 0.291888 1.47576 0 0 
0.0194938473197675544 0.499899 0 251160 0.608413 27.9425 10.7871 0 51.22761 26.5918 17.0342 40.3358 0 0 0 0 0 0 0 0 0.508939 1.00046 0 0 
0.0195030985433469924 0.250642 0 329318 0.0919387 27.9882 10.8893 0 123.3081 71.0429 19.154 98.9491 0 0 0 0 0 0 0 0 0 0.261787 0 0 
0.0196203132620837058 0.265668 1 238458 0 9.78683 5.98996 0 0 2 -56.783 13.0632 -37.3806 0 -0 0 0 0 -0 0 0 0 0.550026 0 0 
0.0197930875184131189 2.47718 0 129927 27.4288 27.1128 10.1379 0 376.4791 346.55 100.568 107.358 0 0 0 0 0 0 0 0 0 0 0 0 
0.0198378586299499185 0.20274 0 376801 0.147593 27.8108 9.85168 0 138.3311 73.3711 -91.8756 -72.877 0 0 0 0 0 0 0 0 0.204962 0.204962 45.8116 45.8116 
0.0198536703029224514 1.19622 0 61838 1.10971 27.0265 10.0405 0 222.9811 222.765 -0.510161 9.80287 0 0 -0 0 0 0 -0 0 0 0 0 0 
0.0198546363979995935 0.014912 0 239924 1.40322 16.9638 15.2519 0 01 0 0 0 0 0 0 0 0 0 0 0 1.59837 2.88864 4130.09 8881.22 
0.0198729701525549585 1.45569 0 149264 27.311 26.9993 10.0098 0 267.8411 91.9994 -70.9678 241.327 0 0 0 0 0 0 0 0 0 1.4152 0 0 
0.0199360126939613289 0.384762 0 181037 0.226555 26.9105 9.90954 0 224.9181 208.679 83.7136 -5.76428 0 0 0 0 0 0 0 0 0 0.379912 0 0 
0.0199675868348094948 1.77696 0 141353 0.128389 27.1161 9.73643 0 183.8731 137.436 83.8734 -88.8025 0 0 0 -0 0 0 0 -0 0 0 0 0 
0.0200400480271479518 0.0839326 0 187038 27.069 26.7658 9.74627 0 216.5011 213.058 4.15567 38.2328 0 0 0 0 0 0 0 0 1.07996 2.21807 6416.78 8824.8 
0.020213847323126307 0.336616 1 129944 0 9.40721 8.4278 0 0 2 0.210641 -0.932776 -0.727377 0 0 0 0 0 0 0 0 0.336616 1.35049 0 0 
0.0204035111881481906 0.259818 1 251725 0 20.0085 18.0076 0 0 2 0.136471 0.0173618 -0.64196 0 0 0 0 0 0 0 0 0 0 0 0 
0.0204587113372524006 0.0694832 1 255549 0 20.8114 18.7302 0 0 2 -0.120668 -0.813916 0.110648 0 0 0 0 0 0 0 0 1.19177 1.91246 2535.23 4350.31 
0.0205033894436962849 0.135723 1 132710 0 9.48618 8.49853 0 0 1 0.358249 0.0395212 -1.21303 0 0 0 0 0 0 0 0 0.303962 0.590342 179.899 280.061 
0.0205725570588085847 0.103306 1 128897 0 18.1684 16.3466 0 0 1 -0.515085 0.0571268 0.665561 0 0 0 0 0 0 0 0 2.25971 3.15831 1777.79 3188.92 
0.02058072856948941 0.145209 1 288093 0 9.31197 8.34246 0 0 2 -1.33311 0.508656 -0.399694 0 0 0 0 0 0 0 0 0.982574 1.89115 0 403.684 
0.0206223981713184353 4.45466 0 9348 0.465709 28.4198 11.6019 0 88.25341 -74.1872 10.7171 46.5839 0 0 0 0 0 0 0 0 0 0 0 0 
0.0206386624321542797 0.15416 0 259518 0.109733 27.1348 7.10762 0 73.84621 66.4482 -7.89952 31.2329 0 0 0 0 0 0 0 0 1.05539 1.81017 902.39 2367.02 
0.0206778752269232181 0.277189 0 170681 0.253763 25.9229 8.79999 0 96.41831 64.3863 24.4684 -67.4699 0 0 0 0 0 0 0 0 0.275473 1.10758 0 0 
0.0207555684072991721 0.0283885 0 218327 0 26.1896 8.93857 0 196.9671 -163.254 -98.8824 -48.6457 0 0 -0 0 0 0 -0 0 1.83367 2.73766 4987.33 8763.48 
0.0207748113092943096 1.71434 0 158284 26.0693 25.8005 8.66371 0 281.5031 -200.411 -155.846 -121.62 0 0 0 0 0 0 0 0 0 0 0 0 
0.0207831732586018954 0.314623 0 279830 0.145276 26.4129 9.06945 0 180.6481 -156.721 59.687 67.1539 0 0 0 0 0 0 0 0 0 0.649547 0 0 
0.0208519354483392046 0.0848767 0 228682 0.100204 26.8345 9.2802 0 266.5721 -225.208 -56.934 130.768 0 -0 0 0 0 -0 0 0 1.52632 2.35394 4479.61 9197.48 
0.0208705905767159819 0.261022 0 131510 0.181379 25.9659 6.6265 0 130.7721 130.241 -2.41773 -11.5238 0 0 0 0 0 0 0 0 0 0.762297 0 0 
0.020888407600355801 0.583324 1 0 0 10.2732 6.33024 0 0 1 122.28 -43.3674 -121.709 1 127.127 22.3947 -139.872 0 0 0 -0 0.576522 1.14396 0 73.3048 
0.0209705621895132852 0.262428 0 217917 0.158529 26.7337 10.8635 0 99.31811 84.0181 36.8351 -38.0556 0 0 0 0 0 0 0 0 0 0.24087 0 0 
0.0209705621895132852 0.337988 0 75139 0.178583 25.7975 8.50882 0 259.9141 -158.287 12.0343 -205.804 0 0 0 0 0 0 0 0 0 1.04674 0 0 
0.0210793790147983523 0.335628 0 232263 0.161561 25.8709 8.57339 0 117.5071 89.2623 26.9377 71.5156 0 0 0 0 0 0 0 0 0 0.660309 0 0 
0.0211240703630234221 0.745714 0 166175 25.6275 25.3733 8.19201 0 196.7361 185.184 28.5135 59.9926 0 0 0 0 0 0 0 0 0 0 0 0 
0.0211321600134141488 0.579902 0 287143 0.216099 25.695 8.42601 0 79.60091 -18.0985 -59.6309 49.5267 0 0 -0 0 0 0 -0 0 0 1.14468 0 0 
0.0211937665580431873 1.23077 0 105386 25.5418 25.2902 8.10114 0 305.0191 -169.258 -250.28 -41.816 0 0 0 -0 0 0 0 -0 0 0 0 0 
0.0212269827887749535 0.480227 0 21102 0.0831976 10.6581 6.65761 0 187.5941 37.9666 128.203 -131.583 0 0 0 -0 0 0 0 -0 0 0 0 0 
0.0212356474367380761 0.371137 1 308513 0 19.3359 17.4023 0 0 1 -0.174368 -0.265041 0.214762 0 0 0 0 0 0 0 0 0 0 0 0 
0.0212408802613154833 0.231659 0 263485 0.220156 25.771 8.07154 0 476.6341 -41.7596 -220.277 -420.612 0 0 -0 0 0 0 -0 0 0 1.17489 0 0 
0.0212442030996838511 0.219074 0 85850 0.239738 27.4656 24.7191 0 01 0 0 0 0 0 0 0 0 0 0 0 0.219074 0.433411 0 0 
0.0213005872229681814 4.27996 0 112460 0.12335 25.1645 7.96388 0 227.9331 89.0886 125.506 -168.122 0 0 0 0 0 0 0 0 0 0 0 0 
0.0213543205021713839 0.489769 1 217825 0 14.8272 13.3141 0 0 2 0.0526391 -0.296727 0.357034 0 0 0 0 0 0 0 0 0 0 0 0 
0.0215185874769742991 0.803479 0 190546 25.1519 24.9128 7.69125 0 357.1151 152.094 296.962 127.325 0 0 0 0 0 0 0 0 0 0 0 0 
0.0216634236892919926 5.75936 0 165019 24.9833 24.7494 7.51582 0 195.5281 -192.201 16.9708 31.6555 0 -0 0 0 0 -0 0 0 0 0 0 0 
0.0217126840624465543 0.284946 0 214404 0.23411 26.451 6.74948 0 145.551 -140.751 16.9358 -32.9717 0 0 0 -0 0 0 0 -0 0.286458 0.851497 0 0 
0.0217822977657436585 5.01973 0 197303 24.8468 24.6171 7.37471 0 230.7161 -219.462 12.1973 -70.1263 0 0 0 -0 0 0 0 -0 0 0 0 0 
0.021813987491829983 0.340567 0 277034 0.290975 24.9683 7.65106 0 224.3881 221.321 -36.7447 4.10275 0 0 -0 0 0 0 -0 0 0 1.02367 0 0 
0.0218175690757233635 0.919108 0 186121 0.334687 24.7861 7.48957 0 173.811 -25.019 32.0002 -168.997 0 0 0 0 0 0 0 0 0 0 0 0 
0.0219788175553205338 1.1999 0 63470 0.424642 24.4034 7.14868 0 212.8811 57.1856 127.192 160.843 0 0 0 0 0 0 0 0 0 1.17412 0 0 
0.0220282061152056001 0.627732 0 262930 0.239252 17.6186 15.8467 0 01 0 -0 0 0 0 -0 0 0 0 -0 0 0.628822 1.85048 0 0 
0.0220316966443186192 0.20124 0 318062 0.511946 25.3068 7.8184 0 228.251 -227.902 -11.7766 -4.44968 0 0 0 -0 0 0 0 -0 0.421351 1.02348 0 113.374 
0.0220437245601360146 0.162598 0 87460 0.404149 24.5978 7.21101 0 171.31 119.089 87.9081 -86.2189 0 0 0 -0 0 0 0 -0 1.66634 2.12702 1436.19 3360.8 
0.0220562300033709247 0.308765 1 77879 0 9.09227 8.1456 0 0 1 0.415183 0.00302033 -1.2145 0 0 0 0 0 0 0 0 0.310299 0.609281 0 0 
0.0221884710503161345 0.365684 1 264945 0 9.47842 8.4916 0 0 1 -0.0485781 0.989402 -0.0488083 0 -0 0 0 0 -0 0 0 0 1.11117 0 0 
0.0222467986218956408 0.278254 0 238358 0.105962 24.5049 7.17963 0 297.5381 160.652 -247.76 -36.5341 0 0 0 -0 0 0 0 -0 0.819387 2.53688 355.217 506.533 
0.022260976767684626 1.25317 0 118226 24.3179 24.1041 6.83639 0 170.0691 63.6319 124.246 -97.1454 0 0 0 0 0 0 0 0 0 0 0 0 
0.0222811411523704643 0.51751 0 144498 0.174871 24.2419 6.95239 0 22.78541 -20.2536 -6.51711 8.15434 0 0 -0 0 0 0 -0 0 0 1.04337 0 0 
0.0223265289097783343 0.184497 0 221611 0.246231 24.309 6.92808 0 339.221 223.368 -94.1783 -237.292 0 0 0 0 0 0 0 0 0.352606 1.99289 0 5.33254 
0.0223478249889964044 0.899477 0 165677 24.2251 24.0141 6.7435 0 227.7161 -75.7302 72.5282 202.136 0 0 0 0 0 0 0 0 0 0.906365 0 0 
0.0229463264604014353 16.1198 0 109592 0.556881 23.6866 6.33878 0 121.8921 -114.977 2.5142 40.3937 0 0 0 0 0 0 0 0 0 0 0 0 
0.0230708198736939846 0.224097 0 5708 0.210009 23.3132 6.03794 0 434.6131 232.487 -190.52 313.912 0 0 -0 0 0 0 -0 0 1.25148 1.87364 959.546 960.883 
0.0230878437324356471 0.225351 0 270011 0.318695 23.8528 6.53807 0 357.7681 357.54 0.57407 12.7419 0 0 0 0 0 0 0 0 0.479254 2.37328 0 0 
0.0230878437324356471 0.241344 1 235992 0 19.9205 17.9285 0 0 1 0.14797 0.307766 -0.707924 0 0 0 -0 0 0 0 -0 0.479254 2.37328 0 0 
0.0231136859505396489 0.275262 0 287061 0.123081 23.465 6.16492 0 412.6051 391.754 68.7639 109.742 0 0 0 0 0 0 0 0 0.280671 1.37276 0 257.764 
0.0231592401531868185 3.98725 0 74516 0.611915 23.2148 5.94148 0 270.4761 229.69 75.916 -120.981 0 0 0 0 0 0 0 0 0 0 0 0 
0.0232354827446035229 0.302913 0 246475 0 24.6216 7.30311 0 291.7681 253.908 -104.611 98.5713 0 0 0 0 0 0 0 0 0.302448 0.302448 0 0 
0.0235120696567693091 0.235874 0 381657 0 23.415 6.09732 0 276.5621 263.802 -80.8884 -18.7728 0 0 0 -0 0 0 0 -0 0.68831 1.81816 0 24.8451 
0.02358231732758077 0.166982 1 215232 0 25.4758 22.9282 0 0 1 -0.551072 -0.315158 -0.320313 0 0 -0 0 0 0 -0 0 0 0 0 0 
0.0235980403047866619 0.466873 0 31525 0.392032 22.8118 5.55422 0 280.1861 233.156 -154.685 -14.6612 0 0 0 0 0 0 0 0 0 0.95788 0 0 
0.0237422037525666096 0.25198 1 224737 0 25.963 23.3667 0 0 1 0.00833254 -0.468928 -0.570764 0 0 0 0 0 0 0 0 0.269049 0.269049 0 22.222 
0.0237503242537796776 0.630448 1 159018 0 22.6759 17.1858 0 0 2 -0.0218062 -0.00676838 -0.00784253 0 -0 0 0 0 -0 0 0 0.62315 1.87854 0 58.4289 
0.0238254921414158098 0.335942 1 226299 0 17.0626 15.3416 0 0 2 0.402143 -0.519092 -0.170064 0 0 0 0 0 0 0 0 0 0.333545 0 0 
0.0238678322966422614 0.280901 1 0 0 8.02834 2.28671 0 0 1 278.021 -28.2333 -6.87999 1 302.387 212.016 231.915 0 0 0 0 0 1.41794 0 0 
0.0239423077844740755 0.129146 1 215608 0 24.3023 21.872 0 0 2 -0.00951058 0.000159378 0.010107 0 0 0 0 0 0 0 0 1.20167 2.91754 929.618 1148.94 
0.0241909187210672984 0.204681 0 331795 0.0854638 22.6857 16.7194 0 01 0 0 0 0 0 0 0 0 0 0 0 0.211292 1.02759 0 0 
0.0242681829920004324 0.37212 1 246316 0 9.77137 5.98049 0 0 1 30.3193 5.06136 -49.9373 0 0 0 0 0 0 0 0 0 0 0 0 
0.0243254482518760994 0.247156 0 45426 0.13918 22.4352 16.307 0 01 0 0 -0 0 0 0 -0 0 0 0 -0 0.499511 1.77973 0 0 
0.024402209744613327 1.10776 0 5085 22.277 22.1191 16.9797 0 01 0 0 0 0 0 0 0 0 0 0 0 1.08496 2.17023 0 0 
0.0245544536469815937 1.37517 0 1919 0.206573 21.9946 16.9309 0 01 0 0 -0 0 0 0 -0 0 0 0 -0 0 0 0 0 
0.0245927021447657837 0.579217 0 161955 0.199097 22.1656 16.7332 0 01 0 0 0 0 0 0 0 0 0 0 0 0 0.576775 0 0 
0.0246286431713813418 0.546237 0 189779 22.0877 21.9344 16.9072 0 01 0 0 0 0 0 0 0 0 0 0 0 0 0 0 0 
0.0247395382379072028 0.364131 0 348393 0.0947298 22.0737 16.5854 0 01 0 -0 0 0 0 -0 0 0 0 -0 0 0.374405 1.09768 0 0 
0.0247685016215027538 0.0680444 0 290875 0.356036 22.1255 16.6379 0 01 0 0 0 0 0 0 0 0 0 0 0 2.46902 3.23369 2228.8 6049.82 
0.0248645215274210934 0.399696 0 281404 0.123708 22.1177 16.5324 0 01 0 0 -0 0 0 0 -0 0 0 0 -0 0.393276 0.393276 0 0 
0.0248944104378205147 1.22195 0 150319 21.8709 21.723 16.8214 0 01 0 -0 0 0 0 -0 0 0 0 -0 0 0 0 0 0 
0.0250364179396265277 96.7374 0 147298 0.116619 21.6122 16.7753 0 01 0 0 -0 0 0 0 -0 0 0 0 -0 0 0 0 0 
0.0250491702766156635 0.289764 1 57626 0 8.26831 7.44147 0 0 1 7.09719 -19.7127 -4.97823 0 0 0 0 0 0 0 0 0.878135 2.35385 0 300.456 
0.0250498801301556606 0.228194 0 24795 0.085376 21.8611 15.9669 0 01 0 0 0 0 0 0 0 0 0 0 0 0.918016 2.01241 257.925 257.925 
0.025072333986281465 1.29392 0 172139 21.7289 21.5844 16.7634 0 01 0 0 0 0 0 0 0 0 0 0 0 0 1.3057 0 0 
0.0250872905064847447 1.41702 0 18397 0.0851636 21.8366 15.5847 0 01 0 0 -0 0 0 0 -0 0 0 0 -0 0 0 0 0 
0.0251029169764862628 0.396814 0 139643 0.459987 24.885 7.66164 0 236.481 -138.158 -56.8514 -183.312 0 0 -0 0 0 0 -0 0 0.396487 1.18679 0 131.235 
0.0251465015763511213 0.157256 1 214487 0 23.3225 20.9902 0 0 1 -0.0197321 0.465574 -0.0339651 0 0 0 0 0 0 0 0 0 0.995416 0 0 
0.0251605729250532831 0.0794826 0 62404 0.360411 21.7451 16.3421 0 01 0 0 -0 0 0 0 -0 0 0 0 -0 0 0 0 0 
0.0253031313030916312 0.477932 0 190379 21.548 21.4078 16.6882 0 01 0 0 -0 0 0 0 -0 0 0 0 -0 0 0 0 0 
0.0253399920824961891 0.279743 0 150526 21.52 21.3804 16.6765 0 01 0 0 0 0 0 0 0 0 0 0 0 0.563894 1.38911 0 0 
0.0255400576772421874 0.0614062 0 215805 0.0933186 22.8639 5.54574 0 138.731 20.3435 -134.623 26.6232 0 0 0 0 0 0 0 0 0 0 0 0 
0.0256272523513227171 0.467654 0 125439 21.3014 21.1669 16.5827 0 01 0 0 0 0 0 0 0 0 0 0 0 0.474888 0.474888 0 0 
0.0256653014133541545 0.0582069 1 231629 0 21.6778 16.5756 0 0 1 0.277648 -0.86717 0.232677 0 0 0 0 0 0 0 0 0 0 0 0 
0.0256853724169296728 0.188086 0 284810 0.0920126 21.3779 15.7928 0 01 0 0 0 0 0 0 0 0 0 0 0 0.378299 1.32495 0 0 
0.0257309660170294795 0.218895 0 74169 0.0850617 21.0914 16.5489 0 01 0 0 0 0 0 0 0 0 0 0 0 0 0.896512 0 0 
0.0257881176522425128 0.147548 1 220730 0 36.3054 32.6749 0 0 2 -0.0603335 -0.463248 0.290213 0 -0 0 0 0 -0 0 0 0 0 0 0 
0.0258011223413119675 0.36722 0 263240 0.395231 20.0451 18.0406 0 01 0 0 0 0 0 0 0 0 0 0 0 0 0 0 0 
0.0259641162653800432 0.886433 0 13778 0.343254 20.9242 16.4728 0 01 0 0 -0 0 0 0 -0 0 0 0 -0 0 0 0 0 
0.0259870375011537619 0.138111 0 269278 0.103992 21.5225 15.4913 0 01 0 0 0 0 0 0 0 0 0 0 0 1.19488 3.16546 4.95375 571.795 
0.0260181458019382306 0.776101 0 61834 0.109889 20.8858 16.4552 0 01 0 0 -0 0 0 0 -0 0 0 0 -0 0.790949 0.790949 0 0 
0.0261211050170112105 0.371713 1 216026 0 13.7011 11.0683 0 0 1 8.0731 20.3347 12.3159 0 0 0 0 0 0 0 0 0 0.376376 0 0 
0.0261921421637144186 0.583996 0 271856 0.202539 28.4406 7.97002 0 122.8521 94.9191 12.6529 -76.9605 0 0 0 -0 0 0 0 -0 0.598039 1.19723 0 0 
0.0262507724986920203 0.290231 0 199578 0.129085 20.9968 15.5875 0 01 0 0 0 0 0 0 0 0 0 0 0 1.42058 2.84075 0 13.8597 
0.026271880219039135 0.139467 0 218276 0.0809015 14.2789 12.2721 0 20.20361 -8.85097 15.495 9.47374 0 0 0 0 0 0 0 0 1.22661 2.56853 802.114 802.114 
0.0262770090539841371 0.670693 0 257384 0.618496 14.6287 13.0576 0 4.658171 3.82078 0.310007 -2.64652 0 0 0 0 0 0 0 0 0.668874 2.00524 0 0 
0.026554082111333397 6.09563 0 52009 0.265829 20.5162 16.2816 0 01 0 0 0 0 0 0 0 0 0 0 0 0 5.67071 0 0 
0.0266187201462679303 5.55835 0 33876 20.5916 20.4729 16.261 0 01 0 0 0 0 0 0 0 0 0 0 0 0 0 0 0 
0.0266441655362699772 1.31292 0 163707 20.5744 20.4561 16.2529 0 01 0 0 0 0 0 0 0 0 0 0 0 0 2.66328 0 0 
0.0268224692278433881 0.338631 0 306062 0 20.7182 16.0745 0 01 0 0 0 0 0 0 0 0 0 0 0 0 0.335045 0 0 
0.0268573541218001463 1.02607 0 82874 20.4299 20.3147 16.1845 0 01 0 0 -0 0 0 0 -0 0 0 0 -0 0 0 0 0 
0.0268623239725434039 0.305715 0 210458 0.204389 28.577 7.98643 0 59.24171 45.358 37.5648 6.41231 0 0 0 0 0 0 0 0 0 0.937367 0 0 
0.0268795844029995068 0.838523 0 143635 0.233763 20.3004 16.1777 0 01 0 -0 0 0 0 -0 0 0 0 -0 0 0 0.823219 0 0 
0.0270031817438638189 0.425292 0 196880 0.130349 23.3087 6.0335 0 224.8921 219.308 -36.2844 -34.1168 0 0 0 0 0 0 0 0 0.445509 0.870801 0 0 
0.0271082720723837128 0.305216 0 44830 0.146353 20.1526 16.1047 0 01 0 0 -0 0 0 0 -0 0 0 0 -0 0.298503 2.41119 0 0 
0.0271112321150601167 0.532159 0 276053 0.0850518 20.5138 15.9281 0 01 -0 0 0 0 -0 0 0 0 -0 0 0 1.09071 2.17034 0 0 
0.0273864449399915527 0.144627 0 59383 0.109158 20.2228 15.4576 0 01 0 -0 0 0 0 -0 0 0 0 -0 0 0 0 0 0 
0.0278088142386578065 0.513107 1 262293 0 24.5911 22.132 0 0 1 -0.36261 0.465221 -0.36052 0 0 0 -0 0 0 0 -0 0 0 0 0 
0.0280568318722667735 0.709091 1 266268 0 14.9317 13.4087 0 0 2 0.961394 0.168991 -0.823679 0 0 0 0 0 0 0 0 0 0 0 0 
0.0284174559722176756 0.179709 0 226621 2.51034 13.6947 11.0556 0 27.44511 -3.08208 -10.4004 -25.2105 0 -0 0 0 0 -0 0 0 0 0 0 0 
0.0284555177917599558 0.312929 1 227569 0 17.8741 16.079 0 0 1 -0.0440282 -0.0125502 -0.335291 0 0 0 -0 0 0 0 -0 0.311251 0.311251 0 68.6642 
0.0284622822315403826 0.529288 0 225891 0.321906 20.2453 15.2151 0 01 0 0 0 0 0 0 0 0 0 0 0 0 1.58113 0 0 
0.0285932534106789517 0.106967 1 284473 0 18.55 16.6937 0 0 1 -0.0271405 0.542067 -0.549181 0 -0 0 0 0 -0 0 0 0.794876 2.03894 0 240.232 
0.0286147975077502351 0.374963 0 220458 0.566329 19.5244 17.572 0 01 0 0 -0 0 0 0 -0 0 0 0 -0 0 0.760695 0 0 
0.0288018401056526277 0.257608 1 247831 0 15.2514 13.6984 0 0 2 -0.0875906 -0.554336 -0.401371 0 0 -0 0 0 0 -0 0 0.499648 1.78575 0 26.0578 
0.029268579901098022 0.263683 1 213956 0 15.8461 14.2375 0 0 1 -0.0491217 0.0887224 0.34486 0 0 0 0 0 0 0 0 0.515656 1.02036 0 185.774 
0.02942504832894716 0.282044 0 275356 0.0845672 27.1085 7.08273 0 154.8041 -152.661 -16.3496 -19.791 0 0 0 0 0 0 0 0 0.842452 1.69272 0 76.7416 
0.0295126122383795771 0.767647 0 228064 0.0901684 27.1399 10.169 0 142.1571 132.006 -4.71979 52.5432 0 0 0 0 0 0 0 0 0 0 0 0 
0.0307771423432008882 0.0603887 1 214858 0 20.1966 18.1769 0 0 1 0.178372 -0.187504 -0.405988 0 0 -0 0 0 0 -0 0 0 0 0 0 
0.0311951793431827808 0.250346 0 221783 0.186927 31.9493 13.7373 0 60.8991 -59.4384 9.54983 9.19644 0 0 0 0 0 0 0 0 0.246558 1.28872 0 147.753 
0.0313173989535066033 0.15895 1 363147 0 11.5207 7.57942 0 0 1 19.8025 47.4125 25.2698 0 0 0 0 0 0 0 0 1.02443 2.08805 0 0 
0.0313729921961710678 0.0818942 0 245256 0.296079 18.6878 16.819 0 01 0 -0 0 0 0 -0 0 0 0 -0 0 0 0 0 0 
0.0314947576265470763 0.102715 1 39771 0 33.4922 30.143 0 0 1 0.013071 -0.0198776 -0.0342329 0 -0 0 0 0 -0 0 0 0 0 0 0 
0.03249932851201498 0.368542 1 216538 0 17.095 15.3711 0 0 2 0.0915256 -0.140567 -0.330328 0 0 0 0 0 0 0 0 0 1.85843 0 0 
0.032503587162106648 0.142195 1 244745 0 32.3926 29.1534 0 0 1 -0.502893 0.340761 -0.209329 0 -0 0 0 0 -0 0 0 0.537511 1.76435 0 0 
0.0330965451276262895 0.169038 1 186431 0 19.293 17.3637 0 0 2 0.0514346 -0.0444289 -0.00340184 0 0 0 0 0 0 0 0 1.39668 2.0795 0 51.1825 
0.0333520881834346722 0.25335 1 217785 0 20.6099 18.5489 0 0 1 0.103903 0.151978 0.180498 0 0 0 0 0 0 0 0 0.741705 2.67627 0 163.903 
0.0335145510974155791 0.508136 0 244930 0 21.8401 15.7323 0 01 -0 0 0 0 -0 0 0 0 -0 0 0 0.509109 2.05142 0 0 
0.0343160091883123949 0.211725 1 210545 0 12.9773 9.72579 0 0 2 36.7018 -90.2575 52.2417 0 0 0 0 0 0 0 0 0.649356 1.97471 0 125.957 
0.0347244105906852271 0.277146 0 295685 0.201688 15.23 13.679 0 01 0 0 0 0 0 0 0 0 0 0 0 1.10884 2.77571 0 45.226 
0.0353305046129752387 0.170782 0 288976 0.184604 23.3833 6.09134 0 154.6711 109.247 78.609 76.2161 0 0 0 0 0 0 0 0 0.738995 3.27488 0 147.392 
0.0353425858478458935 0.0735664 0 39421 0.417528 26.5527 9.50675 0 318.2431 -5.80067 -287.326 136.707 0 0 0 0 0 0 0 0 1.64901 4.01097 769.415 2271.71 
0.0366728002709983819 0.0616262 0 280826 0.156671 21.3014 16.0479 0 01 0 0 0 0 0 0 0 0 0 0 0 2.07177 3.68156 1597.93 5744.23 
0.0368587760867649453 0.144803 0 264958 0.258396 14.2879 12.2918 0 40.82811 9.00353 -7.51355 39.1077 0 0 0 0 0 0 0 0 0.914113 1.76978 0 111.868 
0.0371611947280490185 3.67455 0 273834 0.0832228 26.0553 8.94794 0 157.2641 20.2858 -135.96 76.3887 0 0 -0 0 0 0 -0 0 0 0 0 0 
0.0374426909439212544 0.150535 1 213578 0 11.0929 7.08979 0 0 1 73.8396 -49.3592 -22.6622 0 0 0 0 0 0 0 0 0.861582 1.7903 349.171 648.672 
0.0376964632192488477 0.360977 0 254454 0.188385 17.4002 15.6483 0 01 0 0 0 0 0 0 0 0 0 0 0 0.736506 1.45501 0 99.429 
0.0385169460526119181 0.204334 1 271845 0 8.3864 7.51295 0 0 2 0.829542 0.339778 -0.828144 0 0 0 -0 0 0 0 -0 0.82739 1.68411 0 74.4398 
0.0385944981175666349 0.301032 1 363847 0 25.0773 22.5696 0 0 1 -0.208904 -0.06649 -0.584051 0 0 0 0 0 0 0 0 0.642177 1.55803 0 0 
0.0386685529725772914 0.159044 0 253599 0.0833122 15.9972 14.3746 0 01 0 0 0 0 0 0 0 0 0 0 0 1.15436 4.27084 0 42.0275 
0.039992114944381367 0.24084 0 275025 0 25.4704 7.79494 0 272.1371 -195.066 -63.407 -178.85 0 -0 0 0 0 -0 0 0 1.72847 3.48485 94.4203 94.4203 
0.0405420792154262688 0.295161 1 230050 0 16.1598 14.5222 0 0 1 -0.196488 -0.249865 -0.236531 0 -0 0 0 0 -0 0 0 0.295986 1.15314 0 0 
0.0408710639971034684 0.280822 1 231729 0 11.5731 7.64382 0 0 1 -162.854 32.1631 -30.1075 0 0 0 0 0 0 0 0 0.291851 2.87393 0 0 
0.0418468573685886816 0.176706 1 292697 0 26.0531 23.4478 0 0 2 0.00280279 0.00636462 -0.00789928 0 0 0 0 0 0 0 0 0 0 0 0 
0.0421841378177357784 0.238111 0 271938 0.22021 21.128 16.3503 0 01 0 0 0 0 0 0 0 0 0 0 0 1.44497 3.78852 39.8484 82.842 
0.0424770914617268805 0.204808 0 277990 0.357766 30.9554 27.8599 0 01 0 0 0 0 0 0 0 0 0 0 0 1.38926 3.38949 0 96.4072 
0.0434705082817965563 0.0833753 1 223062 0 34.1374 30.7236 0 0 1 0.220026 0.470636 -0.30906 0 0 0 -0 0 0 0 -0 1.96392 3.81006 1599.39 2435.83 
0.0450757356561092073 0.15854 1 219503 0 27.4481 24.7033 0 0 1 -0.191749 -0.86357 0.148138 0 0 -0 0 0 0 -0 0 0.613158 1.55495 0 0 
0.0455348333455846063 0.197821 1 309553 0 22.6322 20.369 0 0 2 0.000302956 -0.013603 -0.00569846 0 0 -0 0 0 0 -0 0 0.400667 2.6955 0 0 
0.0528924322932319627 0.143322 1 219120 0 21.9526 19.7574 0 0 2 -0.339573 -0.366476 -0.0679948 0 0 0 -0 0 0 0 -0 2.61597 5.29173 190.046 332.289 
0.0543827322734710683 0.0575111 1 248772 0 25.4114 22.8703 0 0 2 0.391766 0.09053 -0.481271 0 0 0 0 0 0 0 0 2.7322 5.97478 1686.52 3703.16 
0.0639397448767863585 0.0069974 1 235188 0 21.4926 19.3433 0 0 2 -0.667275 0.324421 0.204307 0 0 0 0 0 0 0 0 1.41958 4.68035 8.12729 945.266 
9.00080513554207329 0.00969766 1 0 0 5.70869 5.98996 0 0 0 0 0 0 0 0 0 0 0 0 0 0 40.0903 87.0008 128.88 271.849 
