#1:time #2:r #3.binary? #4:ID #5:zams_m #6:m_progenitor #7:bh mass #8:bh_spin #9:birth-kick(km/s) #10-25:vsarray
0.00113758692059570915 0.117319 1 223982 0 45.2289 40.706 0 0 2 -0.0122201 0.000595551 0.00846829 0 0 0 0 0 0 0 0 4.05914 7.10995 1400.02 2515.21 
0.00113758692059570915 0.205657 0 48795 0.175145 45.6502 41.0851 0 01 0 0 0 0 0 0 0 0 0 0 0 4.56602 9.8945 1367.76 1701.25 
0.00113758692059570915 0.365711 0 61743 148.621 46.394 41.7546 0 01 0 0 -0 0 0 0 -0 0 0 0 -0 3.24022 8.25863 472.62 503.24 
0.00115178530587415023 0.217934 0 40380 0.322247 45.4442 40.8998 0 01 0 0 0 0 0 0 0 0 0 0 0 5.63432 10.1211 2599.39 3171.21 
0.00115178530587415023 0.374276 0 306644 0 44.0503 39.6453 0 01 0 0 0 0 0 0 0 0 0 0 0 6.23749 12.4698 405.711 466.296 
0.00115444407091659239 0.152887 1 211230 0 46.1182 41.5064 0 0 2 -0.00206712 -0.00591185 -0.00644521 0 0 0 -0 0 0 0 -0 1.44652 3.32681 749.149 1123.11 
0.00115444407091659239 0.654174 0 115717 0 45.1033 40.5929 0 01 0 0 0 0 0 0 0 0 0 0 0 1.30883 1.9647 0 69.8191 
0.00115908575133154192 0.782867 0 174558 126.594 45.8678 41.281 0 01 0 0 0 0 0 0 0 0 0 0 0 0 5.42428 0 0 
0.00116223068947369341 0.327455 0 34504 0.19078 45.9264 41.3337 0 01 0 0 0 0 0 0 0 0 0 0 0 2.69515 4.37828 0 405.438 
0.00116993483652319433 0.580034 0 119279 118.641 46.2943 41.6649 0 01 0 0 0 0 0 0 0 0 0 0 0 2.3566 5.8885 0 0 
0.00118516805680162645 1.11561 1 175727 0 46.6875 42.0187 0 0 2 -0.000405416 -0.00477346 0.00220444 0 0 -0 0 0 0 -0 0 0 7.73138 0 0 
0.00118906525185753591 0.267855 1 73525 0 37.5041 33.7537 0 0 1 0.21099 -0.0289954 0.0820186 0 0 0 0 0 0 0 0 3.36455 7.56302 311.925 1439.32 
0.00118906525185753591 1.43822 0 188351 0.334957 46.1414 41.5273 0 01 0 0 0 0 0 0 0 0 0 0 0 1.43443 10.1274 0 0 
0.00119186844695569143 0.268322 1 34242 102.31 35.3011 31.771 0 0 1 2.25138 -0.0399412 -3.71354 0 0 0 0 0 0 0 0 1.6417 3.8566 142.956 2186.36 
0.00119186844695569143 0.478508 0 10657 0.174325 45.0649 40.5584 0 01 0 0 0 0 0 0 0 0 0 0 0 1.44776 6.74921 0 0 
0.00119186844695569143 0.778888 0 92882 107.222 46.0761 41.4685 0 01 0 0 0 0 0 0 0 0 0 0 0 0.778888 2.32337 0 0 
0.00119716321502517085 0.504626 0 64926 104.991 45.5238 40.9714 0 01 0 0 -0 0 0 0 -0 0 0 0 -0 0.490973 4.48699 0 246.683 
0.00119980153279942883 0.803338 0 149723 103.931 44.9411 40.447 0 01 0 0 0 0 0 0 0 0 0 0 0 0 3.21772 0 0 
0.00119980153279942883 1.01209 0 111187 103.99 44.9758 40.4782 0 01 0 0 0 0 0 0 0 0 0 0 0 1.01366 1.01366 0 0 
0.00119980153279942883 2.00077 0 178115 104.318 45.1515 40.6363 0 01 0 0 0 0 0 0 0 0 0 0 0 1.94344 1.94344 0 0 
0.00120075599526870856 0.265003 0 48757 103.84 44.888 40.3992 0 01 0 0 0 0 0 0 0 0 0 0 0 1.21317 4.15358 619.785 619.785 
0.00122094635618109557 1.19469 1 9424 0 42.4166 38.175 0 0 1 -0.00139194 -0.00213229 3.45121e-05 0 0 0 0 0 0 0 0 2.34039 5.90912 0 187.065 
0.00123241945589882477 0.209821 1 51333 0 34.0819 30.6737 0 0 2 0.161721 0.846061 0.245343 0 0 0 0 0 0 0 0 7.07895 12.7732 1691.67 2952.34 
0.00123241945589882477 1.11793 0 168168 93.8479 39.543 35.5887 0 01 0 -0 0 0 0 -0 0 0 0 -0 0 3.33328 9.99397 0 0 
0.00123810028980585337 0.237693 1 61874 0 38.8356 34.952 0 0 2 0.00190775 0.0213722 -0.000377335 0 0 0 0 0 0 0 0 5.1251 9.03227 451.776 968.026 
0.00123810028980585337 1.0055 0 167048 92.1791 38.6615 34.7953 0 01 0 0 0 0 0 0 0 0 0 0 0 3.03184 8.03953 64.6483 476.036 
0.00124347920077205417 1.11511 0 150155 0 37.6011 33.841 0 01 0 0 0 0 0 0 0 0 0 0 0 1.10554 5.56679 133.14 133.14 
0.00124347920077205417 1.33166 0 136651 90.7845 37.9713 34.1741 0 01 0 0 0 0 0 0 0 0 0 0 0 1.29445 9.1488 0 0 
0.00125962595044837918 0.211041 1 24087 0 36.0404 32.4364 0 0 1 0.00702062 -0.00351016 -0.0101346 0 0 0 0 0 0 0 0 1.40839 5.88911 0 353.841 
0.00125962595044837918 0.547888 1 78203 0 30.5201 27.4681 0 0 1 -0.521441 0.182311 0.421532 0 0 0 0 0 0 0 0 2.19419 5.49609 0 0 
0.00125962595044837918 0.861829 0 147898 86.2269 35.5942 32.0347 0 01 0 0 0 0 0 0 0 0 0 0 0 2.59324 5.18504 0 0 
0.00125962595044837918 1.72565 0 176205 86.732 35.8471 32.2624 0 01 -0 0 0 0 -0 0 0 0 -0 0 0 0 1.72519 0 0 
0.00125962595044837918 2.17691 0 159815 87.188 36.0592 32.4533 0 01 0 0 0 0 0 0 0 0 0 0 0 0 0 0 0 
0.00129678482669376167 0.255395 0 122627 80.8837 32.8255 29.5429 0 01 0 0 0 0 0 0 0 0 0 0 0 8.05201 18.1175 173.913 1134.63 
0.00129678482669376167 1.49063 0 115918 78.7712 31.762 28.5858 0 01 0 0 -0 0 0 0 -0 0 0 0 -0 5.87923 8.80232 0 0 
0.00129678482669376167 1.50715 0 161709 0.135201 33.9146 30.5231 0 01 0 -0 0 0 0 -0 0 0 0 -0 0 1.52837 10.6337 0 0 
0.0012994618170074964 1.70947 0 176470 78.0612 31.4128 28.2716 0 01 0 0 0 0 0 0 0 0 0 0 0 3.41928 6.86222 0 3.29008 
0.00130549168346395512 1.78159 0 42429 77.2398 30.9938 27.8944 0 01 0 0 0 0 0 0 0 0 0 0 0 0 0 0 0 
0.00130795976542250015 0.272676 1 59411 0 28.2765 25.4488 0 0 1 0.130082 0.191929 0.253839 0 0 0 0 0 0 0 0 1.96089 6.02325 522.786 643.236 
0.00131447411552772274 0.0779446 0 9114 0.239124 30.2277 27.2049 0 01 0 0 0 0 0 0 0 0 0 0 0 3.13246 4.9047 1099 2312.06 
0.00131447411552772274 0.974959 0 100809 75.8412 30.2986 27.2687 0 01 0 -0 0 0 0 -0 0 0 0 -0 0 1.95807 6.83291 0 124.993 
0.00132682337082849679 0.379262 1 4485 0 29.4494 26.5045 0 0 1 0.000951103 -0.00178019 -0.00722229 0 0 0 0 0 0 0 0 4.14007 10.5193 69.2023 633.971 
0.00132682337082849679 1.00235 0 102311 75.0149 29.8878 26.899 0 01 0 0 -0 0 0 0 -0 0 0 0 -0 2.04807 13.1866 0 58.9604 
0.00132682337082849679 1.33815 0 152617 73.6069 29.1952 26.2757 0 01 -0 0 0 0 -0 0 0 0 -0 0 0 3.96193 13.1447 0 127.841 
0.0013435013580802499 1.5776 0 153939 71.4512 28.1655 25.3489 0 01 0 0 -0 0 0 0 -0 0 0 0 -0 1.62722 3.23947 22.107 22.107 
0.00134560007816553954 1.34055 0 114706 70.8061 27.8197 25.0377 0 01 0 0 0 0 0 0 0 0 0 0 0 1.31255 2.64987 0 0 
0.00135777829801057631 0.616637 0 51259 69.5325 27.2016 24.4815 0 01 0 0 0 0 0 0 0 0 0 0 0 6.86544 13.1213 0 879.867 
0.00135777829801057631 1.57961 0 174664 69.4959 27.1798 24.4619 0 01 0 0 0 0 0 0 0 0 0 0 0 6.36091 12.6771 0 420.074 
0.00136025628757971179 0.254657 1 24013 0 23.4178 21.076 0 0 1 0.833639 0.978711 -0.0150047 0 0 0 0 0 0 0 0 3.23001 6.55906 572.922 637.531 
0.00137838506849090867 0.487117 0 111328 67.4826 26.2077 23.587 0 01 0 0 0 0 0 0 0 0 0 0 0 3.42489 13.7857 34.4749 497.855 
0.00137838506849090867 0.948084 0 121014 67.3249 26.1668 23.5501 0 01 -0 0 0 0 -0 0 0 0 -0 0 0 0 5.72667 0 0 
0.00137838506849090867 2.12114 0 196871 67.4387 26.215 23.5935 0 01 0 0 0 0 0 0 0 0 0 0 0 0 0 0 0 
0.00138616526669006735 0.652802 0 71530 66.0952 25.5441 22.9897 0 01 0 0 0 0 0 0 0 0 0 0 0 1.30187 5.85176 0 283.159 
0.00139166894905271964 1.94779 0 150382 65.3114 25.1658 22.6492 0 01 0 0 -0 0 0 0 -0 0 0 0 -0 0 0 0 0 
0.00139597095934013496 0.382786 0 88100 6.38256 24.9311 22.438 0 01 0 -0 0 0 0 -0 0 0 0 -0 0 3.7859 6.7744 1215.53 1229.01 
0.00140657784805500339 0.354657 0 11010 64.4191 24.7723 22.295 0 01 0 0 0 0 0 0 0 0 0 0 0 4.95358 14.7775 344.332 417.166 
0.00140657784805500339 0.629699 0 12700 64.3014 24.6857 22.2171 0 01 0 0 0 0 0 0 0 0 0 0 0 7.60524 14.5169 121.871 121.871 
0.00140877665640412033 1.50724 0 177308 63.2174 24.1717 21.7545 0 01 0 -0 0 0 0 -0 0 0 0 -0 0 0 0 0 0 
0.00141158011738848842 0.412459 1 25684 0 24.1046 21.6942 0 0 1 -0.00383108 0.00789517 0.009484 0 0 0 0 0 0 0 0 2.78991 7.20026 0 255.912 
0.00141158011738848842 0.485361 0 37142 63.1007 24.1506 21.7356 0 01 0 -0 0 0 0 -0 0 0 0 -0 0 0.987337 2.96373 0 0 
0.00141786465193605832 1.17757 0 166865 62.8942 24.0189 21.6171 0 01 0 0 0 0 0 0 0 0 0 0 0 1.14522 2.30787 32.1099 32.1099 
0.00142743304335015623 0.103268 0 110778 0 23.4065 21.0659 0 01 0 0 -0 0 0 0 -0 0 0 0 -0 2.0311 3.69896 614.634 2432.25 
0.00142743304335015623 1.86354 0 181303 61.4273 23.3286 20.9957 0 01 0 0 0 0 0 0 0 0 0 0 0 0 1.8704 0 0 
0.00143046571376230958 0.509618 0 25991 61.3019 23.2684 20.9416 0 01 -0 0 0 0 -0 0 0 0 -0 0 0 0 3.50063 0 0 
0.00143046571376230958 1.60011 0 197790 61.1754 23.2089 20.888 0 01 -0 0 0 0 -0 0 0 0 -0 0 0 0 0 0 0 
0.00143046571376230958 1.73732 0 164435 61.1483 23.2408 20.9168 0 01 0 0 -0 0 0 0 -0 0 0 0 -0 0 0 0 0 
0.0014368267738748238 0.97219 0 107024 60.5044 22.9497 20.6547 0 01 0 0 0 0 0 0 0 0 0 0 0 0.974542 2.90689 0 0 
0.0014368267738748238 1.0772 0 95702 60.5667 22.9845 20.6861 0 01 0 0 0 0 0 0 0 0 0 0 0 1.05952 3.1765 0 0 
0.00145027229340639321 1.127 0 176147 59.5084 22.4324 20.1891 0 01 0 0 0 0 0 0 0 0 0 0 0 1.14375 6.80062 116.441 116.441 
0.00145027229340639321 1.40018 0 184514 59.5604 22.4558 20.2102 0 01 -0 0 0 0 -0 0 0 0 -0 0 0 2.80727 5.58413 0 0 
0.00145027229340639321 2.70752 0 156600 59.8262 22.5819 20.3237 0 01 0 0 0 0 0 0 0 0 0 0 0 0 0 0 0 
0.00145695087223006209 0.560845 0 85265 58.7173 22.065 19.8585 0 01 0 0 -0 0 0 0 -0 0 0 0 -0 1.13146 6.27552 0 0 
0.00145695087223006209 0.822506 0 147276 58.7407 22.1219 19.9097 0 01 0 0 0 0 0 0 0 0 0 0 0 1.64922 3.30242 0 0 
0.00147495040696550388 0.637558 0 52253 57.7001 21.5966 19.437 0 01 0 0 0 0 0 0 0 0 0 0 0 5.70602 12.6438 0 9.94591 
0.00148172579264134138 1.51943 0 179664 56.8427 21.2321 19.1089 0 01 0 -0 0 0 0 -0 0 0 0 -0 0 1.53506 1.53506 4.99247 4.99247 
0.00148972527669032225 1.60328 0 134142 56.2477 20.9308 18.8377 0 01 0 0 0 0 0 0 0 0 0 0 0 0 1.60103 0 0 
0.00149651456210325544 0.259297 0 13642 0.130862 20.6597 18.5937 0 01 0 -0 0 0 0 -0 0 0 0 -0 0 4.73427 11.0207 117.78 286.003 
0.00149857359711803493 0.708556 0 128897 55.4251 20.5546 18.4991 0 01 0 -0 0 0 0 -0 0 0 0 -0 0 0 5.64586 0 0 
0.00150605327875666297 0.449231 0 58352 55.3119 20.5364 18.4828 0 01 0 0 -0 0 0 0 -0 0 0 0 -0 4.11261 10.0916 25.9121 300.344 
0.00150897548718741353 0.304617 1 10715 0 20.2377 18.214 0 0 1 0.000740068 0.00427742 -0.00539448 0 -0 0 0 0 -0 0 0 2.97095 5.35577 0 266.405 
0.00151268658460963529 0.444449 0 28748 54.3326 20.0932 18.0839 0 01 0 0 0 0 0 0 0 0 0 0 0 2.17633 3.90886 0 256.687 
0.00153863958664741582 0.286787 0 37483 52.7163 19.3749 17.4374 0 01 0 -0 0 0 0 -0 0 0 0 -0 0 8.3106 15.7133 266.562 1501.74 
0.00153863958664741582 0.50108 0 75494 0.421049 19.3463 17.4116 0 01 0 0 -0 0 0 0 -0 0 0 0 -0 6.58993 17.2127 0 595.239 
0.00154354607370590664 0.313512 1 77606 0 19.2051 17.2845 0 0 2 0.00733437 0.0400021 -0.0242304 0 0 0 0 0 0 0 0 2.10453 7.75082 124.942 338.778 
0.00154354607370590664 0.382632 1 165646 52.3922 17.5984 15.8285 0 0 1 2.85369 -0.0820305 0.225803 0 0 0 0 0 0 0 0 3.46208 10.453 0 13.8322 
0.00154354607370590664 0.399625 0 111644 0.204839 19.1562 17.2406 0 01 0 0 0 0 0 0 0 0 0 0 0 3.46208 10.453 0 13.8322 
0.00154924766280571061 0.242186 0 44453 51.9633 19.0324 17.1291 0 01 0 0 0 0 0 0 0 0 0 0 0 3.21217 6.72843 671.346 805.727 
0.00154924766280571061 2.1331 0 194166 51.865 18.9712 17.0741 0 01 -0 0 0 0 -0 0 0 0 -0 0 0 0 2.24612 0 0 
0.00155421385347841276 0.0918007 1 27716 0 18.8501 16.9651 0 0 1 0.000199257 0.00182458 0.000735211 0 0 0 0 0 0 0 0 2.20819 5.09939 15.819 359.776 
0.00155421385347841276 0.854773 0 154047 51.7776 18.9109 17.0198 0 01 0 0 0 0 0 0 0 0 0 0 0 3.46064 7.77906 26.1493 55.0155 
0.00156675126760717526 0.190628 0 43106 0.574035 18.4969 16.6454 0 01 0 0 0 0 0 0 0 0 0 0 0 6.63545 11.8452 446.587 2180.69 
0.00156675126760717526 0.220089 1 56191 51.4257 17.2879 15.5463 0 0 1 -1.80404 -0.838637 -1.21933 0 0 0 -0 0 0 0 -0 6.63545 11.8452 446.587 2180.69 
0.00156675126760717526 0.508527 0 74245 51.1709 18.6758 16.8082 0 01 0 0 0 0 0 0 0 0 0 0 0 5.06657 15.6627 383.919 544.434 
0.00158225473737854273 0.91034 0 185627 50.0487 18.1211 16.3036 0 01 0 0 0 0 0 0 0 0 0 0 0 0.914897 2.75331 0 0 
0.00159072933286634639 0.399859 0 89578 49.7995 18.0517 16.2405 0 01 0 0 0 0 0 0 0 0 0 0 0 2.74859 11.695 30.1705 177.92 
0.00159072933286634639 1.53618 0 161343 49.6198 17.9732 16.1691 0 01 0 0 0 0 0 0 0 0 0 0 0 1.50026 7.56103 0 0 
0.00160003413726022572 0.439948 0 54190 49.2892 17.7974 16.0093 0 01 0 0 -0 0 0 0 -0 0 0 0 -0 7.88979 13.15 0 479.553 
0.00160003413726022572 0.55362 1 116262 3.6182 17.6586 15.8831 0 0 1 0.000903162 -0.00137934 0.00418563 0 0 -0 0 0 0 -0 0 5.00791 14.411 90.465 443.112 
0.00160003413726022572 1.32268 0 162029 49.042 17.6812 15.9038 0 01 0 -0 0 0 0 -0 0 0 0 -0 0 1.29693 5.25314 0 0 
0.00160003413726022572 1.91436 0 183715 49.3078 17.8349 16.0435 0 01 0 0 0 0 0 0 0 0 0 0 0 1.98121 5.89157 0 0 
0.00160517448843218143 0.760859 0 99846 48.7235 17.5219 15.7589 0 01 -0 0 0 0 -0 0 0 0 -0 0 0 0 1.52169 0 0 
0.00161581146796349389 0.211374 0 62226 48.302 17.3727 15.6234 0 01 0 0 0 0 0 0 0 0 0 0 0 6.14146 11.9445 829.084 1199.37 
0.00161581146796349389 1.60142 0 157557 48.6908 17.5055 15.7441 0 01 0 0 0 0 0 0 0 0 0 0 0 0 1.63645 0 0 
0.00161581146796349389 2.23688 0 183290 48.3797 17.3866 15.6361 0 01 0 0 0 0 0 0 0 0 0 0 0 2.23688 6.66244 0 0 
0.00162091965842127818 0.341794 0 27316 48.1001 17.2861 15.5447 0 01 -0 0 0 0 -0 0 0 0 -0 0 0 2.35552 6.68984 166.391 166.391 
0.00162091965842127818 1.00397 0 164882 90.7141 18.9839 17.0855 0 01 0 -0 0 0 0 -0 0 0 0 -0 0 1.02968 6.06704 0 0 
0.00163150386587222512 1.33341 0 45741 47.4805 16.9592 15.2478 0 01 0 0 0 0 0 0 0 0 0 0 0 1.37691 1.37691 0 0 
0.00164520239042576129 0.146565 1 953 0 16.6346 14.9531 0 0 1 0.00178446 0.00474822 -0.00502838 0 0 0 0 0 0 0 0 5.57115 9.93766 155.246 1601.55 
0.00164520239042576129 0.328608 0 55710 1.16661 16.6204 14.9402 0 01 0 0 -0 0 0 0 -0 0 0 0 -0 3.99253 9.60897 183.812 331.843 
0.00164520239042576129 1.76828 0 177060 46.786 16.6947 15.0077 0 01 0 0 0 0 0 0 0 0 0 0 0 3.57548 3.57548 0 1.98484 
0.00165144415554447786 1.81386 0 139943 46.444 16.4976 14.8288 0 01 -0 0 0 0 -0 0 0 0 -0 0 0 0 1.81374 0 0 
0.00165685755224454596 1.78567 0 144755 46.2284 16.4363 14.7731 0 01 0 -0 0 0 0 -0 0 0 0 -0 0 0 1.78567 0 0 
0.00165915485437539176 0.68293 0 57888 0.235841 18.1703 16.3483 0 01 0 0 0 0 0 0 0 0 0 0 0 0.674551 3.35309 0 0 
0.00166891610179690001 2.87841 0 194155 45.6927 16.185 14.5451 0 01 0 0 -0 0 0 0 -0 0 0 0 -0 0 0 0 0 
0.00167971941788569749 0.265351 0 58596 45.3218 15.9978 14.3753 0 01 -0 0 0 0 -0 0 0 0 -0 0 0 3.46629 8.85741 293.915 432.608 
0.00167971941788569749 0.33835 0 63181 45.5723 16.1287 14.494 0 01 -0 0 0 0 -0 0 0 0 -0 0 0 5.02436 13.0606 605.856 769.42 
0.00167971941788569749 0.442516 0 60170 45.2368 15.9941 14.3719 0 01 0 0 0 0 0 0 0 0 0 0 0 4.38531 13.6352 148.914 272.073 
0.00167971941788569749 0.590334 0 37829 45.571 16.1328 14.4977 0 01 0 0 0 0 0 0 0 0 0 0 0 0.570906 10.3868 2.76371 2.76371 
0.00167971941788569749 0.664441 0 65477 45.4948 16.0743 14.4447 0 01 0 0 0 0 0 0 0 0 0 0 0 4.00623 12.0759 0 23.0127 
0.00167971941788569749 1.38794 0 146828 45.4911 16.0912 14.4601 0 01 0 0 0 0 0 0 0 0 0 0 0 2.7767 8.39084 0 0 
0.00169880887110594476 0.586186 0 85683 44.9658 15.8635 14.2535 0 01 0 0 -0 0 0 0 -0 0 0 0 -0 8.13162 19.2331 204.666 204.666 
0.00170964477461151444 0.618028 0 120626 44.1948 15.5017 13.9255 0 01 0 0 0 0 0 0 0 0 0 0 0 6.87982 16.2326 140.544 458.049 
0.00171889752460792421 0.307619 0 25648 43.9216 15.3805 13.8156 0 01 -0 0 0 0 -0 0 0 0 -0 0 0 5.20366 14.9954 1.36812 612.629 
0.00171889752460792421 0.3556 0 35366 43.6827 15.306 13.7481 0 01 0 0 0 0 0 0 0 0 0 0 0 6.99069 11.7116 0 48.3847 
0.00171889752460792421 1.08343 0 141955 43.841 15.3628 13.7996 0 01 0 0 0 0 0 0 0 0 0 0 0 0 7.58184 0 0 
0.00172166123586354244 0.0825961 1 20900 43.6574 14.3234 12.3697 0 0 1 -1.15626 -5.65824 -2.6618 0 0 0 -0 0 0 0 -0 2.13298 4.18409 0 268.831 
0.00172166123586354244 0.513569 0 83883 43.4998 15.2129 13.6637 0 01 0 0 0 0 0 0 0 0 0 0 0 1.5371 5.64112 0 131.909 
0.00172166123586354244 0.592023 0 150523 43.4831 15.2047 13.6563 0 01 -0 0 0 0 -0 0 0 0 -0 0 0 0.578186 5.24523 0 0 
0.00172166123586354244 0.647082 0 68583 43.541 15.2139 13.6646 0 01 0 0 0 0 0 0 0 0 0 0 0 0.646438 4.53939 0 0 
0.00172874682521323886 0.593638 0 85753 43.43 15.1837 13.6372 0 01 0 0 0 0 0 0 0 0 0 0 0 4.0815 12.2005 0 29.4003 
0.00172874682521323886 1.55755 0 94719 43.369 15.1506 13.6072 0 01 0 0 0 0 0 0 0 0 0 0 0 0 4.7245 0 0 
0.00173790150273430712 1.11533 0 131772 42.8596 14.9216 13.3997 0 01 0 0 -0 0 0 0 -0 0 0 0 -0 1.12284 1.12284 0 0 
0.00175327360011281802 0.412943 0 68259 42.4999 14.7599 13.2533 0 01 0 0 0 0 0 0 0 0 0 0 0 7.12185 18.9735 340.915 629.667 
0.00175327360011281802 1.89728 0 170070 42.6563 14.8486 13.3336 0 01 0 0 0 0 0 0 0 0 0 0 0 1.84519 9.39575 0 0 
0.00176753186097428874 1.54415 0 197910 42.2259 14.6396 13.0829 0 2.933081 -1.58625 -0.405814 2.43353 0 0 -0 0 0 0 -0 0 3.1414 12.5126 0 1.10952 
0.00177268730048163676 1.02026 0 111014 41.6225 14.4163 12.5757 0 12.29651 11.114 -4.46991 2.7753 0 0 -0 0 0 0 -0 0 1.02 6.11886 0 0 
0.00177778874472390015 3.44514 0 121054 41.5427 14.3775 12.4893 0 15.97141 10.4693 -10.6171 -5.72313 0 0 -0 0 0 0 -0 0 0 0 0 0 
0.00178646238022983151 0.634397 0 78974 41.3222 14.3014 12.3215 0 23.49161 23.1676 3.78502 -0.889153 0 0 0 -0 0 0 0 -0 3.16897 13.2976 0 48.359 
0.00180230680240555264 0.852996 0 122995 40.6661 14.0466 11.7741 0 24.24281 -2.46201 19.5405 14.1359 0 0 0 0 0 0 0 0 3.3725 7.60912 249.191 253.128 
0.00180230680240555264 1.61338 0 51605 40.827 14.066 11.8152 0 22.43261 -4.88029 13.5626 -17.1889 0 0 0 0 0 0 0 0 1.6536 3.30563 0 0 
0.00180230680240555264 3.10798 0 82477 40.9632 14.131 11.9529 0 15.82821 2.22565 10.8228 -11.3334 0 0 0 0 0 0 0 0 0 0 0 0 
0.00180578441975491415 0.840439 0 5284 40.5322 14.1306 11.952 0 9.332291 3.1018 7.89753 3.88579 0 0 0 0 0 0 0 0 1.68654 4.21223 0 1.32812 
0.00181562267655268239 0.550788 0 22499 40.4457 14.1633 12.0219 0 22.54661 -14.492 -12.324 -12.1016 0 0 0 0 0 0 0 0 3.23191 11.3118 0 1.79589 
0.00181562267655268239 2.28269 0 189256 40.4504 14.1647 12.025 0 23.31261 -5.80774 11.6336 -19.3496 0 0 0 0 0 0 0 0 6.63305 11.1671 0 0 
0.0018282925152975991 1.94715 0 195207 39.8973 14.439 12.6265 0 23.9051 5.63814 -20.8441 -10.2559 0 0 0 0 0 0 0 0 0 3.95345 0 0 
0.00183700048102543203 1.01969 0 191234 39.5368 14.5953 12.9809 0 5.409971 -3.74185 2.74851 2.77706 0 -0 0 0 0 -0 0 0 4.07911 6.12789 19.0661 19.0661 
0.00183700048102543203 2.08851 0 185827 39.6373 14.5357 12.8448 0 6.873651 6.62046 1.50411 1.07433 0 0 0 0 0 0 0 0 2.0472 2.0472 0 0 
0.00184712576749788428 0.115229 0 50618 39.3718 14.5985 12.9883 0 7.140391 -1.65294 0.0783057 -6.94599 0 0 0 0 0 0 0 0 3.97533 8.46187 2019.86 3223.21 
0.00184712576749788428 0.297994 0 7823 39.3151 14.6221 13.0425 0 4.747531 2.85649 2.85673 -2.49372 0 0 0 0 0 0 0 0 4.58403 11.0109 381.974 466.557 
0.0018613148592353029 0.414534 0 36465 39.0862 14.7194 13.2166 0 01 -0 0 0 0 -0 0 0 0 -0 0 0 5.48877 13.9149 320.036 507.134 
0.0018613148592353029 0.91076 0 170525 38.7956 14.7848 13.2759 0 01 0 -0 0 0 0 -0 0 0 0 -0 0 0.902839 11.809 0 0 
0.00186652250052017957 0.157282 1 23355 38.7463 12.9033 9.59898 0 0 1 8.94472 0.634 11.7701 0 0 0 0 0 0 0 0 3.14068 7.49543 998.23 2676.48 
0.00186652250052017957 0.599194 0 70798 38.6921 14.8175 13.3054 0 01 0 0 0 0 0 0 0 0 0 0 0 1.84406 4.87786 0 184.621 
0.00186652250052017957 1.899 0 167586 38.5806 14.8406 13.3264 0 01 0 -0 0 0 0 -0 0 0 0 -0 0 0 1.86732 0 0 
0.00187635990415758297 0.492128 0 79197 0.120216 14.7255 13.2221 0 01 0 -0 0 0 0 -0 0 0 0 -0 0 7.48346 10.9614 0 178.932 
0.00187635990415758297 1.00823 0 159247 38.304 14.9933 13.4647 0 01 -0 0 0 0 -0 0 0 0 -0 0 0 1.02154 4.10797 12.2467 12.2467 
0.00190222629032067193 0.561313 0 87721 37.6852 15.2161 13.6666 0 01 0 0 0 0 0 0 0 0 0 0 0 4.50917 9.5962 0 254.837 
0.00190222629032067193 0.692656 0 36799 37.7695 15.1423 13.5997 0 01 0 0 0 0 0 0 0 0 0 0 0 3.50162 8.44032 0 0 
0.00190222629032067193 0.858551 0 159486 37.6837 15.2255 13.6751 0 01 0 0 -0 0 0 0 -0 0 0 0 -0 1.69309 8.54004 0 419.884 
0.00192618297967377789 0.18268 0 32995 37.0429 15.2618 13.7356 0 01 0 0 0 0 0 0 0 0 0 0 0 1.5213 4.08845 369.311 1311.44 
0.00192618297967377789 0.654824 0 162583 37.01 15.2465 13.7218 0 01 0 0 0 0 0 0 0 0 0 0 0 0.666253 4.63125 0 0 
0.00193166076620048996 0.148582 0 24007 0.0943904 36.1834 13.7142 0 01 0 0 0 0 0 0 0 0 0 0 0 2.84608 5.38379 0 1125.87 
0.00193166076620048996 1.11686 0 169315 36.9321 36.1843 13.7002 0 01 -0 0 0 0 -0 0 0 0 -0 0 0 2.28522 6.8665 0 0 
0.00193573090759266843 0.225552 0 58537 36.8577 36.1142 13.6642 0 01 0 0 0 0 0 0 0 0 0 0 0 2.76192 7.21212 0 724.522 
0.00193573090759266843 0.71995 0 62469 36.8054 15.1507 13.6356 0 01 0 0 0 0 0 0 0 0 0 0 0 0.712788 4.94169 0 0 
0.00193573090759266843 1.03709 0 144496 36.8656 36.1216 13.7005 0 01 0 0 0 0 0 0 0 0 0 0 0 1.02825 6.18381 0 139.988 
0.00193989811406139316 1.05796 0 149543 36.7563 15.1275 13.6147 0 01 0 0 -0 0 0 0 -0 0 0 0 -0 1.07463 1.07463 0 115.023 
0.00195221569264957071 1.54568 0 143944 36.4785 35.7553 13.7035 0 01 -0 0 0 0 -0 0 0 0 -0 0 0 3.04904 6.12144 0 67.4394 
0.00197847740957663408 0.304221 0 8274 35.9089 35.2153 14.2793 0 01 0 0 -0 0 0 0 -0 0 0 0 -0 4.1008 13.7196 13.2029 40.3577 
0.00197847740957663408 0.360028 0 52396 35.881 35.1887 14.2998 0 01 0 0 0 0 0 0 0 0 0 0 0 4.11931 11.9042 0 327.033 
0.00197847740957663408 0.95868 0 128347 35.8955 35.2025 14.2857 0 01 0 0 0 0 0 0 0 0 0 0 0 0.978897 5.77022 0 0 
0.00197847740957663408 1.14149 0 186579 35.8192 35.1302 14.3418 0 01 0 0 -0 0 0 0 -0 0 0 0 -0 1.13524 5.69241 0 0 
0.00197847740957663408 3.00586 0 198841 35.9894 35.2913 14.2207 0 01 0 0 0 0 0 0 0 0 0 0 0 2.96138 2.96138 0 0 
0.00197913995478835036 0.198815 0 90793 35.7125 35.0291 14.517 0 01 0 0 0 0 0 0 0 0 0 0 0 0.908891 3.36328 0 14.0092 
0.00198095631325383246 0.714023 0 102873 35.6821 35.0005 14.5369 0 01 0 0 0 0 0 0 0 0 0 0 0 0.713783 2.81303 0 220.894 
0.0020068032799356139 0.265975 1 204434 46.176 24.9739 22.4765 0 0 2 -3.88794 20.6645 18.417 0 0 0 0 0 0 0 0 12.2826 27.6671 1067.93 1881.15 
0.0020068032799356139 0.689333 0 57393 35.2741 34.6136 14.8114 0 01 0 0 0 0 0 0 0 0 0 0 0 2.74406 15.8131 0 0 
0.0020068032799356139 0.812517 0 87366 35.2759 34.6154 14.8106 0 01 0 0 0 0 0 0 0 0 0 0 0 7.20371 26.5183 0 13.2518 
0.0020068032799356139 1.12876 0 196116 35.192 34.5363 14.9637 0 01 0 0 0 0 0 0 0 0 0 0 0 7.94469 15.8962 0 205.161 
0.0020068032799356139 1.87278 0 191220 35.2742 34.6137 14.8113 0 01 0 0 0 0 0 0 0 0 0 0 0 5.74583 7.63652 0 1.81655 
0.00201726696153373608 1.1937 0 165929 34.8882 34.2481 15.1753 0 01 0 0 0 0 0 0 0 0 0 0 0 2.40276 7.24168 0 0 
0.00203627865059358452 0.11477 1 213863 0 34.5265 31.0739 0 0 2 -0.0756088 0.203438 0.08601 0 0 0 0 0 0 0 0 5.70796 9.61381 210.027 3025.82 
0.00203627865059358452 0.216437 0 38744 34.4193 33.8027 15.5476 0 01 0 0 0 0 0 0 0 0 0 0 0 7.2358 16.5413 360.251 741.651 
0.00203627865059358452 0.279742 1 43247 0 33.8081 15.5443 0 0 2 0.00142659 -0.001332 0.00139907 0 0 0 0 0 0 0 0 6.80179 18.0421 566.127 1178.26 
0.00203627865059358452 0.718612 1 0 34.8295 11.2665 7.28087 0 0 1 -13.4927 -11.8823 100.626 1 3.15359 -44.7638 -15.1725 0 0 -0 0 5.72978 20.6613 1.56291 1.56291 
0.00203627865059358452 1.44708 0 137507 34.7929 34.1572 15.2869 0 01 0 0 0 0 0 0 0 0 0 0 0 2.84934 9.97489 0 321.329 
0.00205194190166669644 0.755747 0 71669 34.3464 33.7332 15.5849 0 01 0 -0 0 0 0 -0 0 0 0 -0 0 5.30851 24.291 0 185.693 
0.00209646461155442269 0.418148 0 17420 33.4215 32.8533 15.5401 0 27.47941 10.3792 -25.442 -0.309713 0 0 0 -0 0 0 0 -0 7.76711 24.1337 0 45.7234 
0.00209646461155442269 3.80092 0 195542 33.3682 32.8026 15.5913 0 24.42321 20.2526 -7.28041 -11.5464 0 0 0 -0 0 0 0 -0 0 0 0 0 
0.00210115233725506698 0.937913 0 140577 33.135 32.581 15.4297 0 31.99061 -28.1483 -13.545 6.89988 0 0 -0 0 0 0 -0 0 4.74156 6.62794 0 150.907 
0.00210115233725506698 1.07939 0 149405 33.1739 32.6179 15.4686 0 40.36051 -22.2293 11.3097 -31.732 0 0 0 -0 0 0 0 -0 0 3.19752 0 0 
0.00211883466420609377 0.279373 0 41308 32.768 32.2312 15.2499 0 36.41261 28.5643 22.2904 -3.61898 0 0 0 0 0 0 0 0 5.94733 16.5251 377.269 475.949 
0.00211883466420609377 1.25496 0 138555 33.057 32.5064 15.4465 0 40.52391 -40.3961 2.99674 -1.1666 0 0 0 0 0 0 0 0 6.27941 18.7761 0 135.891 
0.00215524699915310269 0.2682 0 30052 32.4488 31.9267 15.0127 0 61.66021 34.8688 39.4742 32.0614 0 0 0 0 0 0 0 0 11.1133 25.1442 849.501 1481.26 
0.00215524699915310269 0.706138 0 121925 32.1195 31.613 14.7595 0 105.551 -83.8162 -31.0407 -56.1434 0 0 0 -0 0 0 0 -0 9.30924 30.7613 97.7142 153.901 
0.00215524699915310269 0.772888 0 107151 32.3059 31.7904 14.9037 0 43.52191 3.83959 -21.2819 -37.7689 0 0 0 0 0 0 0 0 6.11356 22.2094 8.99659 289.493 
0.00215524699915310269 1.31272 0 176355 32.2815 31.7672 14.8869 0 75.53611 -72.6461 14.4994 14.7653 0 0 0 0 0 0 0 0 10.3682 23.3345 71.7868 78.8344 
0.00215524699915310269 1.90356 1 0 32.2172 10.658 6.65758 0 0 1 20.4207 30.6974 -59.4053 1 -27.198 3.79841 -1.3634 0 -0 0 0 5.68332 17.1202 0 0 
0.002186605842038693 0.905439 0 109173 31.5459 31.065 14.2803 0 27.02991 26.6358 0.000291069 4.59885 0 0 0 0 0 0 0 0 9.80748 17.8529 0 197.448 
0.002186605842038693 0.997733 0 139792 31.9889 31.488 14.6544 0 43.35871 -13.9662 -18.9079 -36.4337 0 -0 0 0 0 -0 0 0 7.05278 22.1783 32.6746 101.168 
0.002186605842038693 3.37518 0 194863 31.5906 31.1081 14.3168 0 61.69711 -32.8953 43.4052 -28.9899 0 0 0 -0 0 0 0 -0 0 0 0 0 
0.00221155448524170241 0.262937 0 66897 31.2341 30.7677 14.0067 0 88.35251 -53.179 -51.4125 48.321 0 0 0 0 0 0 0 0 10.9518 23.504 682.426 1419.8 
0.00221155448524170241 0.562909 0 67849 31.2414 30.7746 14.0139 0 54.60151 -51.2168 18.6895 -2.97696 0 0 0 0 0 0 0 0 11.6687 28.2403 322.575 536.562 
0.00221155448524170241 0.638667 0 55686 31.4713 30.9936 14.2161 0 32.16621 2.75516 -31.7938 -4.02849 0 0 0 -0 0 0 0 -0 9.0073 23.216 0 22.0321 
0.00221155448524170241 1.14315 0 154920 31.2574 30.7899 14.027 0 51.60871 47.6731 11.1191 16.3434 0 0 0 0 0 0 0 0 6.82181 14.7679 400.343 400.343 
0.00221155448524170241 1.56507 0 15422 0.107028 31.0185 14.2379 0 83.13781 80.6964 19.957 -1.30371 0 0 0 -0 0 0 0 -0 0 10.8213 0 0 
0.00221155448524170241 1.78914 0 184947 31.2345 30.768 14.0071 0 119.0831 -86.7093 -71.5099 39.352 0 0 0 0 0 0 0 0 1.8096 5.44427 0 0 
0.00223767762135869842 0.345107 0 52314 30.7935 30.3452 13.599 0 100.2711 98.1119 -6.77151 19.5546 0 0 0 0 0 0 0 0 10.4783 21.4483 131.283 867.189 
0.00223767762135869842 0.391893 1 0 30.8252 10.6162 6.61957 0 0 1 13.5291 -41.5661 -25.2241 1 16.8031 13.3651 -4.48517 0 0 0 0 7.67795 21.3515 153.507 439.991 
0.00223767762135869842 0.485568 0 30458 30.8936 30.441 13.6931 0 201.0561 -183.219 82.5474 6.324 0 0 0 0 0 0 0 0 8.70263 22.7594 221.676 474.316 
0.00223767762135869842 0.579948 0 34930 31.0161 30.5583 13.8059 0 147.4021 39.7446 -9.93144 141.595 0 0 0 0 0 0 0 0 9.27996 23.8106 0 342.392 
0.00223767762135869842 0.809034 0 69754 30.7762 30.3288 13.5832 0 124.8241 7.28898 -8.44582 124.325 0 0 0 0 0 0 0 0 5.73623 21.2841 11.3389 11.3389 
0.00223767762135869842 1.32554 0 59481 30.6952 30.2516 13.5076 0 51.0571 34.3238 4.69019 -37.5059 0 0 0 -0 0 0 0 -0 9.13527 24.787 2.53802 54.3936 
0.00223767762135869842 1.41242 0 79775 30.7969 30.3485 13.6016 0 103.881 6.83933 9.90193 -103.181 0 0 0 0 0 0 0 0 4.23367 12.5955 0 0 
0.00223767762135869842 2.03719 0 177987 30.7625 30.3157 13.5702 0 54.71261 53.7282 -9.52823 3.9953 0 0 0 0 0 0 0 0 0 5.95881 0 0 
0.00223767762135869842 2.23818 0 194475 30.6804 30.2374 13.4933 0 36.22271 -35.909 4.72119 0.57989 0 0 0 0 0 0 0 0 6.73673 17.9075 0 0 
0.00223905677200461704 0.277966 0 26774 30.6602 30.2182 13.4747 0 190.521 -179.401 2.70392 -64.0773 0 0 0 0 0 0 0 0 1.13091 3.62259 0 0 
0.00224208068721802687 0.666355 0 169885 30.6318 30.1911 13.4476 0 174.5911 46.4513 -20.8119 -167.006 0 0 0 0 0 0 0 0 0.667353 5.38283 0 303.447 
0.00224745480806759794 0.371738 0 132704 30.5626 30.1249 13.3819 0 60.19071 -13.5453 -2.91265 58.5744 0 -0 0 0 0 -0 0 0 3.06311 7.19975 40.8471 230.457 
0.0022872029903578798 0.268664 0 43108 30.0418 29.6258 12.9347 0 186.2531 96.5912 159.147 -5.69405 0 0 0 0 0 0 0 0 11.2479 30.659 678.317 1291.61 
0.0022872029903578798 0.400764 0 71493 30.2655 29.84 13.1464 0 109.0981 -62.0209 -36.3843 82.0484 0 0 0 0 0 0 0 0 11.8727 26.9395 145.844 359.788 
0.0022872029903578798 0.404665 0 89901 30.3874 29.9567 13.254 0 234.241 -155.207 -52.5963 167.371 0 0 0 0 0 0 0 0 11.8727 26.9395 145.844 359.788 
0.0022872029903578798 0.514098 0 27397 30.0313 29.6157 12.9211 0 128.8451 -120.346 -36.4545 -28.0877 0 0 0 -0 0 0 0 -0 14.315 31.0747 227.981 1399.48 
0.0022872029903578798 1.07896 0 154589 30.0242 29.609 12.9174 0 53.89011 38.9984 -34.3937 -14.1544 0 0 0 0 0 0 0 0 3.26728 18.4296 0 67.335 
0.0022872029903578798 1.1424 0 19678 30.5204 30.0841 13.34 0 83.47321 -41.6829 4.29356 -72.1933 0 -0 0 0 0 -0 0 0 11.5004 27.5941 122.747 394.116 
0.0022872029903578798 1.58072 0 183892 30.1223 29.7027 13.0113 0 232.3081 -161.762 -82.7879 144.728 0 0 0 0 0 0 0 0 3.07445 18.6645 0 0 
0.00231535620748736341 0.30056 0 48688 29.678 29.277 12.5727 0 157.4171 -126.142 1.15182 94.1645 0 0 0 0 0 0 0 0 9.70895 23.1163 61.2511 555.339 
0.00231535620748736341 0.436494 0 86949 29.7502 29.3461 12.645 0 203.1351 -200.745 -14.4011 -27.5299 0 0 0 -0 0 0 0 -0 5.67008 22.4067 2.53903 101.344 
0.00231535620748736341 0.83132 0 129259 29.8493 29.4407 12.742 0 171.1171 -69.2772 -121.49 98.5986 0 -0 0 0 0 -0 0 0 9.04243 19.7393 0 99.5843 
0.00232136655951760244 1.02376 0 153147 29.442 29.0497 12.3296 0 253.1561 -139.138 -28.4268 209.573 0 0 0 0 0 0 0 0 0 1.00611 0 0 
0.00235025112271349717 0.338231 0 6292 29.1038 28.7251 11.978 0 255.2211 -244.366 13.9876 -72.3002 0 0 0 0 0 0 0 0 6.80798 16.5583 39.8266 616.195 
0.00235025112271349717 0.349902 0 19650 0.808455 28.9276 11.5438 0 18.91821 -18.4247 2.96007 -3.10919 0 0 0 0 0 0 0 0 6.78874 17.5042 104.245 160.224 
0.00235025112271349717 0.762057 0 152125 29.2841 28.8986 12.1643 0 103.1941 -67.5363 71.9822 -30.1066 0 0 0 -0 0 0 0 -0 3.76174 16.6115 41.44 73.274 
0.00235025112271349717 0.782164 0 95010 29.1241 28.7446 11.999 0 142.0791 23.5745 -130.367 51.3333 0 0 0 0 0 0 0 0 3.89253 14.0441 0 117.514 
0.00235025112271349717 1.66508 0 185079 29.0216 28.6463 11.8908 0 219.9591 -219.952 1.69532 0.102386 0 0 0 0 0 0 0 0 3.39548 10.1315 0 230.283 
0.00237059187335488409 0.423483 0 29137 28.8047 28.4383 11.6607 0 222.1091 -88.8197 -53.6345 -196.385 0 0 0 0 0 0 0 0 8.69519 19.1385 10.2358 353.935 
0.00237059187335488409 0.631033 0 179360 28.9337 28.5623 11.7973 0 245.9251 239.128 -55.812 -13.4892 0 0 0 0 0 0 0 0 4.42672 15.8487 0 18.8973 
0.00237059187335488409 0.695614 0 126118 28.7826 28.4171 11.6345 0 163.8321 -80.4352 3.54578 142.684 0 0 0 0 0 0 0 0 3.50476 19.6552 0 99.2845 
0.00237059187335488409 1.02881 0 54359 28.9575 28.585 11.8217 0 221.4641 198.651 65.0742 -73.1403 0 0 0 0 0 0 0 0 1.02495 10.2164 0 0 
0.0024104762209709021 0.479962 1 0 28.4169 9.61912 5.8916 0 0 1 -91.3165 -15.2899 -8.66376 1 6.75778 28.3398 -25.7741 0 0 0 0 10.8429 26.6772 4.27603 403.324 
0.0024104762209709021 0.52843 0 23097 28.6906 28.3285 11.5381 0 251.9511 -218.593 -108.379 -62.852 0 0 -0 0 0 0 -0 0 11.8373 35.0784 68.832 408.547 
0.0024104762209709021 0.71387 0 99537 28.3536 28.0045 11.1736 0 138.011 -130.723 38.5164 21.7908 0 0 0 0 0 0 0 0 8.44865 30.9861 145.827 314.702 
0.0024104762209709021 1.2645 0 162556 28.4539 28.1008 11.2832 0 104.9481 47.7969 -91.9043 16.827 0 0 0 0 0 0 0 0 6.43368 20.4095 0 197.602 
0.0024104762209709021 1.3038 0 106288 28.3056 27.9582 11.1224 0 109.3561 -101.923 -37.4799 -12.8729 0 0 0 -0 0 0 0 -0 6.58593 18.4969 0 98.6916 
0.0024104762209709021 1.57915 0 61856 28.5407 28.1839 11.3753 0 200.0451 -124.227 -135.519 78.8675 0 0 -0 0 0 0 -0 0 4.71098 20.5106 0 0 
0.0024104762209709021 1.78418 0 67839 28.2831 27.9366 11.0982 0 256.3011 245.535 -16.7326 71.5707 0 0 0 0 0 0 0 0 5.3275 23.0679 0 258.428 
0.0024104762209709021 1.86878 0 185355 28.3386 27.9901 11.1585 0 100.971 -100.927 2.05531 -2.11087 0 0 0 0 0 0 0 0 1.84121 14.7846 0 10.8295 
0.0024104762209709021 2.05352 0 193763 28.3885 28.038 11.2121 0 239.8261 96.8742 116.067 -186.173 0 0 0 -0 0 0 0 -0 6.06563 16.3261 0 0 
0.00241301677651925171 1.46154 0 39238 28.202 27.8585 11.0094 0 86.01571 76.6317 8.03975 38.2314 0 0 0 0 0 0 0 0 0 0 0 0 
0.00242368155655525849 0.483894 0 6219 28.0697 27.7308 10.8659 0 268.5031 266.517 29.3546 14.1781 0 0 0 0 0 0 0 0 0 2.95081 0 0 
0.00242883767054873816 0.354278 0 41160 28.0132 27.6766 10.8044 0 245.2261 244.782 2.5523 -14.5263 0 0 0 0 0 0 0 0 2.85642 8.21189 87.6043 231.664 
0.00242883767054873816 1.07293 0 129944 28.0037 27.6674 10.7927 0 369.4551 -353.132 -6.57919 108.402 0 0 0 0 0 0 0 0 1.07293 3.22281 0 0 
0.00242883767054873816 1.09417 0 171631 28.0086 27.6722 10.7988 0 217.0931 216.15 -17.4927 10.1267 0 0 0 0 0 0 0 0 0 4.41427 0 0 
0.00242883767054873816 1.24132 0 73589 27.9947 27.6588 10.7816 0 353.9671 254.568 229.867 -87.4584 0 0 0 0 0 0 0 0 3.72337 6.20988 25.7856 296.793 
0.00243131599763872237 1.57019 0 185527 27.9668 27.6321 10.7514 0 83.22361 -50.1802 -50.8347 -42.7078 0 -0 0 0 0 -0 0 0 0 3.15653 0 0 
0.00244099333737415099 0.593832 1 206604 28.5508 19.1185 17.2067 0 0 2 6.10178 10.7458 12.0995 0 0 0 0 0 0 0 0 4.14311 15.3089 0 0 
0.00244099333737415099 0.962236 0 86890 27.8716 27.5404 10.6484 0 187.7841 70.1802 48.94 -167.16 0 0 0 0 0 0 0 0 0 6.78086 0 0 
0.00244975992394692822 2.00767 0 132710 27.7405 27.4135 10.5052 0 139.8711 -139.34 7.96557 -9.1972 0 0 0 0 0 0 0 0 0 4.0383 0 0 
0.0024591408101191886 2.40318 0 166801 27.6131 27.2914 10.3659 0 114.6881 114.687 0.441204 -0.301898 0 0 0 0 0 0 0 0 0 2.40397 0 0 
0.00246863034977101714 0.582576 0 89495 27.5396 27.2206 10.2862 0 97.98361 -97.9145 3.59804 0.765077 0 0 0 0 0 0 0 0 4.7459 7.71202 0 73.5876 
0.00248133027959207943 0.43992 0 18064 0.0967273 27.1319 10.184 0 223.831 168.891 128.585 -71.0057 0 0 0 0 0 0 0 0 5.81312 16.1944 39.6671 73.1597 
0.00248133027959207943 1.82964 0 129927 27.4288 27.1132 10.1637 0 198.41 -174.827 -84.5687 -40.5729 0 0 0 0 0 0 0 0 1.87592 11.1941 0 0 
0.00252194148467495835 0.454482 0 81542 27.2419 26.9333 9.96031 0 208.9531 206.258 1.0204 33.4362 0 0 0 0 0 0 0 0 14.3427 35.4304 88.5789 716.012 
0.00252194148467495835 0.49952 0 61838 27.3392 27.0268 10.0641 0 256.1131 -218.529 68.1767 114.852 0 0 0 0 0 0 0 0 13.015 32.4255 711.75 1173.85 
0.00252194148467495835 0.500879 0 141353 27.2499 26.941 9.96729 0 107.7751 103.267 30.8251 1.08914 0 0 0 0 0 0 0 0 13.015 32.4255 711.75 1173.85 
0.00252194148467495835 1.25649 0 149264 27.311 26.9997 10.0329 0 312.7651 -309.796 -42.9216 -2.49524 0 0 0 -0 0 0 0 -0 7.45439 28.6476 25.3138 53.4664 
0.00252194148467495835 1.4048 0 187038 27.069 26.7669 9.77029 0 171.7551 161.014 -3.37778 59.6901 0 0 0 0 0 0 0 0 5.68878 17.0579 0 4.72389 
0.00252194148467495835 1.71283 0 181037 27.2189 26.9113 9.93321 0 134.4411 133.446 -5.7769 -15.2689 0 0 -0 0 0 0 -0 0 6.85504 25.705 0 13.7922 
0.00257153845533610471 0.727014 0 49516 26.5959 26.3102 9.25197 0 109.7051 -56.2958 -82.7818 44.8672 0 0 0 0 0 0 0 0 7.18544 23.679 5.39944 293.437 
0.00257153845533610471 1.57056 0 131361 26.4753 26.1933 9.11909 0 297.9761 -124.19 -35.9704 268.464 0 0 0 0 0 0 0 0 3.183 14.2752 38.056 38.056 
0.00257399116579292786 0.133203 0 18681 26.3216 26.0446 8.95173 0 175.3331 171.994 8.10238 -33.0756 0 0 0 -0 0 0 0 -0 1.74723 5.73064 0 408.933 
0.0026314993059013041 0.195207 1 0 0 14.1101 11.9085 0 0 1 47.2371 7.70358 21.0663 1 49.5997 12.4723 13.934 0 0 0 0 11.9656 23.2292 1562.4 2755.72 
0.0026314993059013041 0.203791 0 89672 0.139822 25.9101 8.80043 0 278.0621 -268.467 -72.2992 -4.03423 0 0 -0 0 0 0 -0 0 11.9656 23.2292 1562.4 2755.72 
0.0026314993059013041 0.213644 1 216409 0 19.3204 17.3884 0 0 2 -0.000175465 -0.00786539 -0.00709092 0 0 -0 0 0 0 -0 0 12.2762 25.8066 1207.95 2032.24 
0.0026314993059013041 0.373173 0 75139 25.8884 25.6265 8.48538 0 158.9651 -141.88 -68.9759 -19.5464 0 0 -0 0 0 0 -0 0 16.4321 33.0852 579.831 1010.85 
0.0026314993059013041 0.378907 0 9348 0.276049 25.8785 9.09134 0 103.5851 33.2945 87.8361 -43.66 0 0 0 0 0 0 0 0 16.4321 33.0852 579.831 1010.85 
0.0026314993059013041 0.401878 0 131510 26.0311 25.764 8.63839 0 480.491 -438.808 116.187 -157.538 0 0 0 0 0 0 0 0 15.8431 36.4338 156.402 756.182 
0.0026314993059013041 0.519429 0 60209 25.824 25.5639 8.41551 0 208.6981 69.426 -190.717 48.5965 0 0 0 0 0 0 0 0 12.654 38.9947 278.647 461.039 
0.0026314993059013041 0.581388 0 39421 0 26.2546 9.19002 0 159.1061 157.813 -18.8579 -7.35638 0 0 0 0 0 0 0 0 16.0321 45.3297 50.1451 406.539 
0.0026314993059013041 0.750207 0 145174 26.2275 25.9541 8.85091 0 253.1831 179.768 -178.241 3.90522 0 0 0 0 0 0 0 0 14.0582 39.1825 0 126.988 
0.0026314993059013041 0.794003 0 195209 26.2463 25.9721 8.87062 0 110.0441 -109.967 1.95042 -3.62159 0 0 0 -0 0 0 0 -0 16.6169 45.9146 0 506.207 
0.0026314993059013041 0.803526 0 170681 26.196 25.9237 8.81675 0 346.1681 -152.69 77.325 -300.896 0 0 0 -0 0 0 0 -0 11.3656 27.695 0 82.4855 
0.0026314993059013041 0.956514 0 149828 25.8174 25.5575 8.40831 0 344.2881 -336.475 -24.6191 -68.6523 0 0 0 0 0 0 0 0 8.55053 34.2541 0 160.802 
0.0026314993059013041 1.32016 0 8327 26.2079 25.9352 8.82822 0 93.06131 -2.86845 -38.0331 -84.8861 0 0 0 -0 0 0 0 -0 8.06212 37.5361 0 339.195 
0.0026314993059013041 1.46817 0 171637 26.0749 25.8065 8.68519 0 337.9791 -337.921 4.85435 3.89368 0 0 0 0 0 0 0 0 11.8486 26.598 25.5961 238.335 
0.0026314993059013041 1.47379 0 158284 26.0693 25.801 8.67854 0 314.0671 -303.521 -79.628 -13.1321 0 0 -0 0 0 0 -0 0 11.8486 26.598 25.5961 238.335 
0.0026314993059013041 1.64971 0 77143 25.7174 25.4611 8.30077 0 114.8231 65.9013 73.3327 58.8522 0 0 0 0 0 0 0 0 16.6016 34.8426 34.5237 114.893 
0.0026416353491550402 0.689335 0 64738 25.6395 25.3858 8.21792 0 476.5921 -375.426 -275.66 101.03 0 0 0 0 0 0 0 0 3.4699 6.2503 0 331.313 
0.0026416353491550402 1.52742 0 166175 25.6275 25.3742 8.20442 0 290.0281 -101.916 261.198 74.1958 0 0 0 0 0 0 0 0 0 0 0 0 
0.00267324595929955633 0.417998 0 112460 25.4119 25.165 7.9756 0 366.461 -350.07 -92.3398 56.7219 0 0 0 0 0 0 0 0 14.4834 35.4212 560.815 651.628 
0.00267324595929955633 1.10239 0 105386 25.5418 25.2912 8.1136 0 319.8721 47.8748 185.213 256.364 0 0 0 0 0 0 0 0 8.84758 23.1783 20.8107 65.1232 
0.00267324595929955633 1.36136 0 126498 25.4469 25.1993 8.01226 0 129.0461 -77.9306 71.599 73.8457 0 -0 0 0 0 -0 0 0 6.72356 14.8245 0 183.9 
0.00269546763937526931 1.50373 0 190546 25.1519 24.9132 7.70116 0 380.5091 374.119 63.3163 -28.52 0 0 0 0 0 0 0 0 1.49063 7.41889 0 0 
0.00275545183920418912 0.513724 0 140637 24.8446 24.6154 7.38097 0 85.67311 -51.4229 -25.1697 -63.7342 0 0 -0 0 0 0 -0 0 14.6913 45.0532 75.5712 227.454 
0.00275545183920418912 0.575342 0 63470 24.6264 24.4041 7.15627 0 475.6991 162.31 11.0894 -447.015 0 0 0 0 0 0 0 0 13.3163 44.6557 153.64 562.58 
0.00275545183920418912 1.08263 0 165019 24.9833 24.7498 7.52497 0 256.831 -194.242 104.459 -131.605 0 -0 0 0 0 -0 0 0 9.75829 32.4896 102.784 155.383 
0.00275545183920418912 1.16717 0 87460 24.6284 24.4061 7.15845 0 333.5281 -179.678 -273.962 -62.4605 0 -0 0 0 0 -0 0 0 13.0148 40.1583 0 67.8537 
0.00275545183920418912 1.22129 0 186121 24.8636 24.6338 7.40048 0 171.9951 -171.969 -2.1699 -2.00731 0 0 0 -0 0 0 0 -0 9.77325 35.4112 4.53849 4.53849 
0.00275545183920418912 1.24298 0 81629 24.9271 24.6953 7.4662 0 310.6381 -231.487 17.1444 206.437 0 0 0 0 0 0 0 0 8.76826 35.2523 0 0 
0.00275545183920418912 1.55548 0 163317 24.8582 24.6285 7.39461 0 368.9241 112.946 343.948 71.05 0 0 0 0 0 0 0 0 6.18228 18.5417 0 0 
0.00275545183920418912 1.7967 0 185177 24.903 24.6719 7.44104 0 151.5511 -150.088 -20.9031 -2.06051 0 -0 0 0 0 -0 0 0 7.20089 27.0698 38.9272 38.9272 
0.00275545183920418912 2.89326 0 197303 24.8468 24.6175 7.38333 0 174.4511 -121.052 -112.228 -56.4292 0 0 -0 0 0 0 -0 0 3.06928 8.97814 0 174.024 
0.00279547899423859261 0.394827 0 77879 24.5368 24.3175 7.06508 0 127.6041 105.564 37.0852 -61.3497 0 0 0 -0 0 0 0 -0 10.7082 30.7113 7.02098 170.473 
0.00279547899423859261 0.490431 0 73656 24.4481 24.2314 6.97468 0 457.7551 7.10431 10.4429 -457.581 0 0 0 0 0 0 0 0 14.4133 40.5726 352.454 537.479 
0.00279547899423859261 0.90309 0 144498 24.3374 24.1239 6.86224 0 267.6961 -262.161 45.9076 28.7228 0 -0 0 0 0 -0 0 0 3.62149 18.9396 0 109.608 
0.00279547899423859261 1.38198 0 118226 24.3179 24.1049 6.84258 0 213.7491 -213.639 4.00883 -5.56152 0 0 0 0 0 0 0 0 6.93019 22.2028 0 145.16 
0.00279547899423859261 1.85555 0 165677 24.2251 24.0146 6.74879 0 289.9221 204.098 145.295 145.906 0 0 0 0 0 0 0 0 3.78178 11.2873 0 0 
0.00279547899423859261 1.90627 0 187804 24.3237 24.1106 6.848 0 217.4761 -179.116 39.1479 -116.964 0 0 0 -0 0 0 0 -0 3.78178 11.2873 0 0 
0.00286448476850996794 0.656889 0 109592 23.684 23.4894 6.21477 0 120.7841 49.2745 104.868 -34.1099 0 0 0 0 0 0 0 0 18.848 50.6786 279.034 577.278 
0.00286448476850996794 1.49879 0 83813 23.7236 23.5278 6.25316 0 327.3521 156.035 67.0617 -279.848 0 0 0 0 0 0 0 0 11.8855 44.4782 0 294.043 
0.00286448476850996794 1.7375 0 98258 23.7794 23.5818 6.30761 0 256.7921 155.844 201 -35.4116 0 0 0 0 0 0 0 0 6.91051 25.8251 0 106.577 
0.00286841047723036726 1.10132 0 96095 23.6268 23.4339 6.1596 0 610.6631 40.7728 127.669 -595.774 0 0 0 -0 0 0 0 -0 1.08946 3.26049 0 0 
0.00291146170384496642 0.123059 0 5708 23.4869 23.2977 6.02457 0 413.2021 410.304 -33.0767 35.9539 0 0 0 0 0 0 0 0 9.24408 16.2977 611.883 1991.04 
0.00291146170384496642 0.517045 0 77061 23.5 23.3105 6.03736 0 297.8741 70.5915 -252.826 140.8 0 0 -0 0 0 0 -0 0 12.6499 28.8307 232.85 428.932 
0.00291146170384496642 0.614654 0 74516 23.4024 23.2156 5.94381 0 257.7791 0.107304 -165.154 -197.925 0 0 0 -0 0 0 0 -0 10.2387 24.1358 95.4473 463.445 
0.0029234847193117205 1.16631 0 190351 23.2074 23.0254 5.75895 0 324.4181 -324.078 13.0858 7.02608 0 0 0 0 0 0 0 0 3.46259 8.06903 0 10.7863 
0.0029672037628936717 0.878478 0 78975 22.9598 22.7846 5.52868 0 318.0851 317.375 -17.0712 -12.6472 0 0 -0 0 0 0 -0 0 7.01557 34.211 73.684 93.6527 
0.0029672037628936717 0.935431 0 31525 22.9882 22.8125 5.55506 0 491.6581 322.582 -269.126 -255.42 0 0 0 -0 0 0 0 -0 13.9812 34.4782 0 73.0301 
0.0029672037628936717 1.37102 0 175854 22.8738 22.7008 17.2355 0 01 0 0 0 0 0 0 0 0 0 0 0 6.77359 22.9162 8.93332 24.2799 
0.0029672037628936717 2.66743 0 199257 23.1499 22.9697 5.70527 0 421.2591 -308.368 9.28886 286.847 0 0 0 0 0 0 0 0 5.43067 27.0526 0 0 
0.00300106874140025105 0.556191 0 106367 22.8454 22.673 17.2233 0 01 0 0 0 0 0 0 0 0 0 0 0 13.9626 37.4116 18.4086 456.671 
0.00300106874140025105 0.91638 0 153408 22.7891 22.6183 17.2049 0 01 0 0 0 0 0 0 0 0 0 0 0 3.6446 24.4689 0 44.8008 
0.00300106874140025105 1.12774 0 159018 22.8485 22.6761 17.2251 0 01 0 0 0 0 0 0 0 0 0 0 0 7.84893 15.6923 0 119 
0.00308358075505939461 0.121563 0 211919 0.139464 22.2351 17.2827 0 01 0 0 0 0 0 0 0 0 0 0 0 13.5854 27.2971 1946.02 3282.69 
0.00308358075505939461 0.558958 0 215085 0 22.3787 16.6671 0 01 0 0 0 0 0 0 0 0 0 0 0 18.8465 44.4048 256.429 480.263 
0.00308358075505939461 0.57062 0 13000 22.4451 22.2835 17.0821 0 01 0 0 0 0 0 0 0 0 0 0 0 23.2636 55.1725 777.784 1694.04 
0.00308358075505939461 0.912769 0 189779 22.0877 21.935 16.9458 0 01 0 0 0 0 0 0 0 0 0 0 0 9.93609 35.2423 146.801 148.052 
0.00308358075505939461 1.04215 0 45426 22.4067 22.2461 17.0679 0 01 0 0 0 0 0 0 0 0 0 0 0 9.46006 38.8878 120.864 200.671 
0.00308358075505939461 1.06255 0 148434 22.568 22.4033 17.129 0 01 0 -0 0 0 0 -0 0 0 0 -0 0 9.46006 38.8878 120.864 200.671 
0.00308358075505939461 1.49626 0 161955 22.1664 22.0118 16.9766 0 01 0 0 0 0 0 0 0 0 0 0 0 7.41556 37.3755 0 36.8318 
0.00308652651131398597 1.36955 0 153745 22.0528 21.901 16.9295 0 01 0 0 0 0 0 0 0 0 0 0 0 0 1.34781 0 0 
0.00308652651131398597 1.53603 0 163978 22.052 21.9002 16.9331 0 01 0 0 0 0 0 0 0 0 0 0 0 1.53754 1.53754 0 134.961 
0.00313100432075390407 0.239022 0 18397 21.7831 21.6378 16.8232 0 01 -0 0 0 0 -0 0 0 0 -0 0 0 15.599 31.6282 1386.91 2239.02 
0.00313100432075390407 0.252526 0 5802 21.7804 21.6353 16.8218 0 01 -0 0 0 0 -0 0 0 0 -0 0 0 15.599 31.6282 1386.91 2239.02 
0.00313100432075390407 0.317398 0 24795 21.8114 21.6655 16.8332 0 01 -0 0 0 0 -0 0 0 0 -0 0 0 12.3994 30.5284 304.035 1000.01 
0.00313100432075390407 1.51379 0 150319 21.8709 21.7236 16.8583 0 01 0 0 0 0 0 0 0 0 0 0 0 2.97963 10.4672 0 1.78445 
0.00313100432075390407 1.53211 0 143717 21.9963 21.8457 16.9101 0 01 0 0 0 0 0 0 0 0 0 0 0 10.9396 25.0101 0 186.907 
0.00313100432075390407 2.74288 0 147298 21.7574 21.6127 16.8112 0 01 0 0 0 0 0 0 0 0 0 0 0 2.62671 2.62671 0 0 
0.00317627938996899563 0.369977 0 62404 21.7151 21.5715 16.7919 0 01 0 -0 0 0 0 -0 0 0 0 -0 0 12.6255 29.9093 81.1862 609.522 
0.00317627938996899563 0.540066 0 34929 21.5077 21.3686 16.707 0 01 0 0 0 0 0 0 0 0 0 0 0 11.2225 37.423 14.155 130.184 
0.00317627938996899563 1.54853 0 63111 21.6082 21.467 16.7491 0 01 0 0 -0 0 0 0 -0 0 0 0 -0 7.74861 21.6514 1.13751 49.2845 
0.00317627938996899563 1.55861 0 172139 21.7289 21.5849 16.801 0 01 0 0 0 0 0 0 0 0 0 0 0 7.74861 21.6514 1.13751 49.2845 
0.00317627938996899563 2.04536 0 150526 21.52 21.3806 16.7117 0 01 -0 0 0 0 -0 0 0 0 -0 0 0 6.22427 20.7657 0 0 
0.00317627938996899563 2.14805 0 190379 21.548 21.4081 16.7228 0 01 0 0 0 0 0 0 0 0 0 0 0 6.60429 13.1547 0 0 
0.00320539636381300544 0.776346 0 125439 21.3014 21.1674 16.6154 0 01 0 -0 0 0 0 -0 0 0 0 -0 0 2.32946 20.2215 0 0 
0.00320539636381300544 1.31113 0 74810 21.3199 21.1855 16.6238 0 01 0 -0 0 0 0 -0 0 0 0 -0 0 6.50585 15.6234 0 109.142 
0.00320539636381300544 1.71267 0 139643 31.4974 21.4024 18.7967 0 01 0 -0 0 0 0 -0 0 0 0 -0 0 5.15029 12.1319 0 0 
0.00325660065627947273 0.360838 0 2133 21.2494 21.1166 16.5928 0 01 0 0 0 0 0 0 0 0 0 0 0 10.391 29.4336 67.7791 510.931 
0.00325660065627947273 0.673595 0 74169 21.2241 21.0917 16.5835 0 01 0 -0 0 0 0 -0 0 0 0 -0 0 16.3775 41.6013 105.688 239.022 
0.00325660065627947273 0.742491 0 13778 21.0531 20.9247 16.5051 0 01 0 0 0 0 0 0 0 0 0 0 0 14.6397 38.8216 0 429.138 
0.00325660065627947273 0.757252 0 61834 21.0137 20.8863 16.4865 0 01 0 0 0 0 0 0 0 0 0 0 0 16.6503 37.1177 0 54.7867 
0.00325660065627947273 1.5463 0 161127 21.1922 21.0605 16.5663 0 01 0 0 0 0 0 0 0 0 0 0 0 13.9749 32.5869 0 49.7155 
0.00327492035378621317 0.580237 0 164300 20.9292 20.8037 16.4465 0 01 0 0 0 0 0 0 0 0 0 0 0 2.94936 13.4242 0 51.8898 
0.00327492035378621317 3.45307 0 199578 20.9148 20.7896 16.4409 0 01 0 0 0 0 0 0 0 0 0 0 0 0 0 0 0 
0.00329579197231092509 1.43979 0 171741 20.7738 20.6516 16.375 0 01 0 0 0 0 0 0 0 0 0 0 0 1.47649 8.73842 0 0 
0.0033518462035207878 0.378837 0 52009 20.6358 20.5164 16.3142 0 01 0 0 0 0 0 0 0 0 0 0 0 0 0 0 0 
0.0033518462035207878 0.389534 0 23718 20.5115 20.395 16.2539 0 01 0 0 0 0 0 0 0 0 0 0 0 15.3588 42.4189 0 464.844 
0.0033518462035207878 0.412248 0 33876 20.5916 20.4733 16.2912 0 01 0 0 0 0 0 0 0 0 0 0 0 15.3588 42.4189 0 464.844 
0.0033518462035207878 0.812016 0 98571 20.554 20.4366 16.2763 0 01 0 0 0 0 0 0 0 0 0 0 0 15.3365 48.2712 136.643 371.855 
0.0033518462035207878 1.45374 0 163707 20.5744 20.4564 16.2831 0 01 0 0 0 0 0 0 0 0 0 0 0 5.84936 30.6037 0 0 
0.00341134819623105682 0.234599 0 17368 20.3403 20.2275 16.1714 0 01 0 0 0 0 0 0 0 0 0 0 0 14.8982 33.1913 527.404 1549.26 
0.00341134819623105682 0.252929 0 29294 0.103984 20.4053 15.2871 0 01 0 0 0 0 0 0 0 0 0 0 0 14.8982 33.1913 527.404 1549.26 
0.00341134819623105682 0.564901 0 151331 0.196604 20.2429 16.1788 0 01 0 0 0 0 0 0 0 0 0 0 0 12.9169 37.1089 29.4025 250.494 
0.00341134819623105682 0.572432 0 44830 20.2644 20.153 16.1356 0 01 0 0 0 0 0 0 0 0 0 0 0 12.9169 37.1089 29.4025 250.494 
0.00341134819623105682 0.910513 0 143635 20.4154 20.301 16.2065 0 01 0 0 0 0 0 0 0 0 0 0 0 20.0151 49.1776 21.0893 502.324 
0.00341134819623105682 1.20126 0 144527 0.0930289 33.1656 18.0255 0 14.97841 14.8038 -1.83356 1.35482 0 0 -0 0 0 0 -0 0 5.97418 19.1833 0 18.041 
0.00341134819623105682 1.36952 0 82874 20.4299 20.3152 16.2164 0 01 0 0 0 0 0 0 0 0 0 0 0 10.8531 27.1506 0 19.2571 
0.00341134819623105682 1.39108 0 148444 20.3789 20.2653 16.1918 0 01 0 -0 0 0 0 -0 0 0 0 -0 0 9.83568 28.1231 37.8794 235.12 
0.00344549082687288944 0.310928 1 205885 13.5601 11.7003 7.80414 0 0 2 82.8547 9.26725 -75.4911 0 0 0 0 0 0 0 0 12.8339 27.1113 1196.62 1699.65 
