#1:time #2:r #3.binary? #4:ID #5:zams_m #6:m_progenitor #7:bh mass #8:bh_spin #9:birth-kick(km/s) #10-25:vsarray
0.00308051446200283911 0.0947389 1 61743 0 58.9501 53.0551 0 0 1 -0.00150116 0.00940774 -0.0114217 0 0 0 0 0 0 0 0 3.00107 5.2884 1083.38 5691.24 
0.00310352399722306016 0.0679406 1 62090 0 59.1472 53.2325 0 0 1 -0.000252553 0.00606759 0.00711372 0 0 0 0 0 0 0 0 3.68512 5.58654 1223.33 6472.76 
0.00314279462486758429 0.220528 1 2240 0 54.6814 49.2133 0 0 1 0.00173276 -0.00790629 0.007646 0 0 0 0 0 0 0 0 2.51804 4.50009 502.464 1627.65 
0.00315035553445115225 0.146497 1 71633 0 57.4258 51.6833 0 0 2 0.00255378 0.00214092 -0.00245513 0 0 0 0 0 0 0 0 5.03187 7.31284 3863.86 7589.68 
0.00317663431074182139 0.123502 1 100504 0 57.1986 51.4788 0 0 2 0.00291337 0.0109469 0.0277974 0 0 0 0 0 0 0 0 4.22781 6.81221 1004.39 6723.17 
0.00320707792589103096 0.0853579 1 1230 0 124.453 40.5 0 0 1 0.115401 0.120537 -0.0190874 0 0 0 0 0 0 0 0 4.34918 6.93923 3318.95 9269.67 
0.00320707792589103096 0.195928 0 34504 0.10262 54.5555 49.1 0 01 0 0 0 0 0 0 0 0 0 0 0 3.91103 7.84948 1050.48 2762.9 
0.00322764333176377496 0.091403 1 298973 0 123.037 40.5 0 0 2 -0.0611965 -0.122556 -0.0411553 0 -0 0 0 0 -0 0 0 5.73541 7.94888 2813.38 6525.15 
0.00323123873824433588 0.534428 1 220421 0 121.383 40.5 0 0 1 -0.112238 0.0909011 0.0146722 0 0 0 0 0 0 0 0 1.06372 4.77807 17.7404 298.74 
0.00326226267930135316 0.256512 0 119279 118.641 114.117 40.5 0 01 0 0 0 0 0 0 0 0 0 0 0 5.12088 7.29538 1016.73 1813.24 
0.00332979648865540335 0.131548 1 241047 0 104.634 40.5 0 0 2 -0.00910651 -0.0228516 -0.0141624 0 0 -0 0 0 0 -0 0 5.7428 9.12277 1015.58 4308.44 
0.00333805892360220522 0.157698 0 220657 0.140083 103.886 40.5 0 01 0 -0 0 0 0 -0 0 0 0 -0 0 2.89859 5.34832 472.535 2739.58 
0.00334871686289236244 0.428499 0 64926 0.522002 43.7083 39.3374 0 01 0 0 0 0 0 0 0 0 0 0 0 2.51233 3.76429 0 451.423 
0.00335082616590822195 1.96661 0 178115 104.318 101.112 40.5 0 01 0 0 0 0 0 0 0 0 0 0 0 0 0 0 0 
0.00335617682893965021 0.0943875 1 226681 0 44.3119 39.8807 0 0 2 0.795443 1.12063 0.191948 0 0 0 0 0 0 0 0 5.33943 8.4489 574.492 4211.99 
0.00335617682893965021 0.204337 1 48757 0 100.283 40.5 0 0 2 -0.0370024 -0.0268544 0.0131733 0 0 -0 0 0 0 -0 0 5.22792 8.5184 81.2016 2018.21 
0.00335617682893965021 0.236442 0 149723 103.931 100.756 40.5 0 01 0 0 0 0 0 0 0 0 0 0 0 4.27907 6.57014 319.818 1469.4 
0.00335617682893965021 0.633263 0 111187 103.99 100.811 40.5 0 01 -0 0 0 0 -0 0 0 0 -0 0 0 3.17207 6.33555 0 0 
0.00338122568215675151 0.12217 1 261333 0 40.9554 36.8599 0 0 1 -0.00118547 -0.00287923 0.00373345 0 0 -0 0 0 0 -0 0 4.13284 6.77473 1457.8 4709.18 
0.00339109910459413702 0.455096 1 9424 0 96.401 41.8923 0 0 1 -0.000454624 -0.00151717 0.00206909 0 0 -0 0 0 0 -0 0 2.21787 6.24982 0 673.914 
0.00342864402898837052 0.132997 0 61874 0.158624 38.9422 35.048 0 01 0 0 0 0 0 0 0 0 0 0 0 2.56669 5.37817 28.2013 3486 
0.00344137600960973651 0.740525 0 168168 93.8479 91.436 37.6661 0 01 0 0 0 0 0 0 0 0 0 0 0 0.732616 4.41575 0 0 
0.00345222860127451792 0.259784 0 167048 0.504568 40.9653 36.8688 0 01 0 -0 0 0 0 -0 0 0 0 -0 0 2.82048 4.64008 563.847 1629.72 
0.00346730961690219384 0.597044 1 136651 0 40.2804 36.2523 0 0 2 0.0190621 -0.00747808 -0.00894771 0 0 0 0 0 0 0 0 1.19217 4.1579 0 86.0296 
0.00347625996063947529 0.161604 1 253867 0 40.1294 36.1165 0 0 2 0.0212444 0.00495783 -0.0132466 0 0 0 -0 0 0 0 -0 6.95429 10.4126 4353.04 8120.82 
0.0034945979877823441 0.0586078 1 24087 0 36.8309 33.1478 0 0 1 0.0071884 -0.35357 1.37013 0 0 0 0 0 0 0 0 6.46069 9.55308 2020.25 6655.24 
0.00350583110237050709 0.678064 0 159815 87.188 38.3232 34.4909 0 01 0 -0 0 0 0 -0 0 0 0 -0 0 2.00553 6.01711 0 0 
0.00351011124705195724 1.26734 0 176205 86.732 38.0917 34.2826 0 01 0 0 0 0 0 0 0 0 0 0 0 2.50387 6.3151 0 10.9136 
0.00351678126779233222 0.138157 1 147898 0 37.9017 34.1115 0 0 2 -0.000118219 -0.00494349 0.00307168 0 0 0 0 0 0 0 0 3.84881 6.68569 1973.52 2933.77 
0.00352947207206570938 0.317655 1 78203 0 37.3749 33.6374 0 0 2 -0.00460448 0.00275065 0.00879135 0 0 0 0 0 0 0 0 2.15781 5.19852 30.3375 320.557 
0.00358649568158330963 0.167758 1 122627 0 34.9385 31.4447 0 0 2 -0.00479696 -0.00295749 0.0047597 0 0 0 0 0 0 0 0 2.39296 5.91513 1236.46 2884.07 
0.00358864009726262432 0.142976 1 59411 0 35.0455 31.5409 0 0 1 -0.0107259 0.0262815 0.00658456 0 0 0 0 0 0 0 0 3.30601 7.14937 231.005 3394.3 
0.0036075850792603734 0.234318 1 161709 0 36.488 32.8392 0 0 2 0.00577857 0.00459794 -0.00229133 0 0 0 0 0 0 0 0 1.91502 5.84772 176.901 260.24 
0.00361700416431965256 0.400394 0 115918 0.118456 34.1208 30.7087 0 01 -0 0 0 0 -0 0 0 0 -0 0 0 0 1.2064 0 0 
0.0036291023200528379 0.605517 0 176470 1.27879 33.7791 30.4012 0 01 0 0 0 0 0 0 0 0 0 0 0 0.608523 3.63702 0 0 
0.00364190505432102594 0.738686 0 42429 77.2398 33.3624 30.0262 0 01 0 0 0 0 0 0 0 0 0 0 0 1.47531 3.73471 0 0 
0.00366363102332564229 0.578365 0 100809 75.8412 32.6754 29.4079 0 01 0 0 0 0 0 0 0 0 0 0 0 0.578366 5.74916 0 0 
0.00367815831104386379 0.448186 0 102311 75.0149 32.1981 28.9783 0 01 0 0 0 0 0 0 0 0 0 0 0 0.890465 5.45165 0 15.4679 
0.00369585283858944605 0.137411 0 4485 0.0868922 31.557 28.4013 0 01 0 0 0 0 0 0 0 0 0 0 0 6.90669 10.0206 3370.11 6912.15 
0.00370309607599217773 0.976986 0 152617 73.6069 31.5536 28.3983 0 01 0 0 0 0 0 0 0 0 0 0 0 0 1.90279 0 0 
0.00374288827120499053 1.3657 0 153939 71.4512 30.4433 27.399 0 01 -0 0 0 0 -0 0 0 0 -0 0 0 0 0 0 0 
0.00375632488437500868 1.10767 0 114706 70.8061 30.1527 27.1375 0 01 0 0 0 0 0 0 0 0 0 0 0 0 0 0 0 
0.00376347079489398407 0.136373 1 9114 0 31.4413 28.2972 0 0 1 -0.767496 -0.0852893 -0.409807 0 0 0 -0 0 0 0 -0 5.423 9.17135 2415.89 5652.83 
0.00377870577622523149 0.140547 1 174664 0 28.6758 25.8082 0 0 2 -1.31909 -0.0761444 -0.780452 0 0 0 0 0 0 0 0 4.37327 8.24291 1288.84 5638.32 
0.00378267753854664686 0.306477 0 51259 69.5325 29.6089 26.648 0 01 0 0 0 0 0 0 0 0 0 0 0 3.076 7.13826 26.3794 26.3794 
0.00379786157915255667 0.1455 0 24013 0.254302 29.1992 26.2793 0 01 -0 0 0 0 -0 0 0 0 -0 0 0 4.26176 8.04643 497.716 3927.26 
0.00382696235381587216 0.0443695 1 111328 0 28.489 25.6401 0 0 1 -0.0144027 -0.00844026 0.00938558 0 0 0 0 0 0 0 0 4.05244 7.61661 3517.85 4956.86 
0.00382867944484225828 1.89257 0 196871 67.4387 28.5201 25.6681 0 01 0 0 0 0 0 0 0 0 0 0 0 0 0 0 0 
0.0038320784028025353 0.604549 0 121014 67.3249 28.5047 25.6542 0 01 0 -0 0 0 0 -0 0 0 0 -0 0 0.604549 2.43653 0 0 
0.00387858210114332309 1.50385 0 150382 65.3114 27.5013 24.7512 0 01 0 0 0 0 0 0 0 0 0 0 0 1.49583 2.98334 0 0 
0.00389209258412623067 0.16156 0 88100 0.151483 27.0757 24.3681 0 01 0 0 0 0 0 0 0 0 0 0 0 1.49384 4.66468 1309.43 4273.89 
0.00390162584746098912 0.146387 1 11010 0 27.0292 24.3262 0 0 1 0.000331323 0.00722332 -0.00644637 0 0 0 -0 0 0 0 -0 4.81145 8.96835 2113.64 3478.42 
0.00390377743891236499 0.0873307 1 12700 0 26.985 24.2865 0 0 2 0.00939641 0.00473583 -0.00526358 0 0 0 -0 0 0 0 -0 3.87558 8.43772 1065.35 3257.7 
0.0039330988399842292 1.88115 0 177308 63.2174 26.5457 23.8911 0 01 0 0 0 0 0 0 0 0 0 0 0 0 0 0 0 
0.00393593847012942404 0.186655 1 25684 0 26.4301 23.7871 0 0 1 -0.0170447 -0.0236054 -0.00630906 0 0 0 -0 0 0 0 -0 0.860916 4.13541 0 305.215 
0.00393593847012942404 0.286655 1 37142 0 26.3964 23.7568 0 0 2 -0.0049045 -0.00223794 -0.00220394 0 0 -0 0 0 0 -0 0 2.16243 4.60962 0 16.3441 
0.00394170035192640492 1.33761 0 166865 62.8942 26.3939 23.7545 0 01 0 0 0 0 0 0 0 0 0 0 0 0 0 0 0 
0.00397020994415640989 0.589609 1 71530 0 27.0964 24.3867 0 0 1 -0.483028 -0.397877 0.341593 0 0 -0 0 0 0 -0 0 0 1.78954 0 0 
0.0039798038093414945 0.466436 0 110778 61.5212 25.6411 23.077 0 01 0 0 -0 0 0 0 -0 0 0 0 -0 1.38965 3.26751 18.614 18.614 
0.00398062849179025863 0.224166 0 25991 0.522439 25.3876 22.8488 0 01 0 0 -0 0 0 0 -0 0 0 0 -0 0.672868 3.57492 0 0 
0.00398393767734907169 0.398061 0 181303 0.422831 25.6948 23.1253 0 01 0 -0 0 0 0 -0 0 0 0 -0 0 0.378027 3.06792 23.9457 23.9457 
0.0039902266576255143 1.12375 0 164435 61.1483 25.5391 22.9852 0 01 0 0 0 0 0 0 0 0 0 0 0 0 1.09978 0 0 
0.0039902266576255143 1.37681 0 197790 61.1754 25.5064 22.9557 0 01 0 0 0 0 0 0 0 0 0 0 0 0 0 0 0 
0.00400786131451792357 0.578107 0 95702 60.5667 25.1652 22.6487 0 01 0 0 -0 0 0 0 -0 0 0 0 -0 0.573519 1.13856 0 0 
0.00400944271362160473 0.208729 0 107024 60.5044 25.1371 22.6234 0 01 0 0 0 0 0 0 0 0 0 0 0 1.90227 4.68423 0 269.653 
0.00403037719572609497 1.54269 0 156600 59.8262 24.8871 22.3984 0 01 0 0 0 0 0 0 0 0 0 0 0 0 0 0 0 
0.00403855787139829458 0.341456 0 184514 59.5604 24.6523 22.1871 0 01 0 0 0 0 0 0 0 0 0 0 0 0.346489 3.14868 0 0 
0.00404149951511938079 0.639523 0 176147 59.5084 24.6423 22.1781 0 01 0 0 0 0 0 0 0 0 0 0 0 0 3.23883 0 0 
0.00406455881580780869 0.0751928 1 85265 0 24.4732 22.0259 0 0 2 -0.000429509 0.00142255 0.00484452 0 0 -0 0 0 0 -0 0 2.89454 6.20638 1295.66 3219.67 
0.00406455881580780869 0.146443 1 147276 0 24.2612 21.8351 0 0 2 0.00881974 -7.42517e-05 0.00260317 0 0 0 0 0 0 0 0 2.89454 6.20638 1295.66 3219.67 
0.00410016702006793087 0.211291 1 52253 0 23.7757 21.3981 0 0 2 0.016765 0.00509233 0.00398479 0 0 0 0 0 0 0 0 1.55412 4.71792 0 240.321 
0.00412921170281743688 0.708282 0 179664 56.8427 23.2971 20.9674 0 01 0 0 0 0 0 0 0 0 0 0 0 1.39618 4.20729 54.2972 54.2972 
0.00415128919193369882 0.840647 0 134142 56.2477 23.0291 20.7262 0 01 0 0 0 0 0 0 0 0 0 0 0 0.85449 0.85449 0 56.7899 
0.00417511908635442158 0.489336 1 13642 0 22.7195 20.4475 0 0 1 -0.00151883 -0.00794558 0.0013837 0 -0 0 0 0 -0 0 0 4.78924 13.8738 0 350.283 
0.00418319539004624163 0.493066 0 128897 55.4251 22.5497 20.2947 0 01 0 -0 0 0 0 -0 0 0 0 -0 0 2.51231 3.52039 168.352 383.037 
0.00420786278142669216 0.158779 1 10715 0 22.2766 20.0489 0 0 1 0.00174128 0.00173863 -0.000979319 0 0 0 0 0 0 0 0 2.17151 5.09439 0 296.155 
0.00422439962749918737 0.958228 0 28748 0.0833436 22.0802 19.8722 0 01 0 0 0 0 0 0 0 0 0 0 0 0.969161 0.969161 0 0 
0.0042347511451284129 0.320775 1 6409 0 21.9218 19.7297 0 0 1 -0.00404324 0.00964117 0.0124777 0 0 0 0 0 0 0 0 2.27624 6.82487 104.705 615.225 
0.00429243468836697142 0.155492 1 37483 0 21.2399 19.1159 0 0 1 -0.00880519 -0.00274985 -0.00103187 0 0 -0 0 0 0 -0 0 5.7536 10.0348 2038.54 5488.91 
0.00429243468836697142 0.258859 0 75494 52.6861 21.1933 19.074 0 01 0 0 0 0 0 0 0 0 0 0 0 4.37927 9.30624 0 1192.32 
0.00430252016768750863 0.234522 0 111644 1.88016 21.0821 18.9739 0 01 0 0 0 0 0 0 0 0 0 0 0 4.97672 9.65997 1.99659 587.742 
0.00430508107172986997 0.123149 1 165646 0 21.143 19.0287 0 0 1 1.02809 3.58092 -0.201097 0 0 0 0 0 0 0 0 5.19927 9.49251 1791.8 3774.57 
0.00430508107172986997 0.400931 0 77606 0.377128 20.9648 18.8684 0 01 0 0 0 0 0 0 0 0 0 0 0 2.36889 6.62819 0 0 
0.00432311698505692503 0.0959336 0 44453 0.197222 20.7698 18.6928 0 01 0 0 0 0 0 0 0 0 0 0 0 4.65706 6.98692 1199.88 5123.75 
0.00432871186794824524 0.205551 1 194166 0 20.7205 18.6484 0 0 2 0.0103856 0.00918372 -0.000355637 0 0 0 0 0 0 0 0 1.38464 4.81805 0 527.008 
0.00433179469512184976 0.144802 0 154047 0.318146 20.7413 18.6672 0 01 -0 0 0 0 -0 0 0 0 -0 0 0 4.33617 8.81324 1281.1 3739 
0.00433819396137405996 0.122643 1 27716 0 20.7294 18.6564 0 0 1 -0.0022244 -0.0217414 -0.0199428 0 0 0 0 0 0 0 0 4.63479 9.56032 2007.87 4443.4 
0.00435929696894361753 0.13977 0 74245 0.977099 20.468 18.4212 0 01 0 0 0 0 0 0 0 0 0 0 0 3.0262 7.90267 1100.41 1825.38 
0.00437386348897099951 0.201637 1 43106 0 20.2558 18.2303 0 0 1 0.000434884 0.0216632 0.0285205 0 0 0 0 0 0 0 0 3.81527 8.67128 897.684 4426.93 
0.00441288968888806955 1.27093 0 185627 50.0487 19.8571 17.8714 0 01 -0 0 0 0 -0 0 0 0 -0 0 0 0 0 0 0 
0.00442515459810311363 0.124516 0 89578 0.201286 19.7944 17.815 0 01 0 0 0 0 0 0 0 0 0 0 0 1.90845 5.59038 213.799 1121.3 
0.00443565924639813432 1.21725 0 161343 0.219042 19.7008 17.7307 0 01 0 0 -0 0 0 0 -0 0 0 0 -0 0 1.19528 0 0 
0.00445204765948925638 0.240378 1 54190 0 19.4376 17.4938 0 0 2 -0.00929643 0.0121165 0.00487083 0 0 0 0 0 0 0 0 5.51323 12.4543 322.408 1304.67 
0.00445204765948925638 0.831891 0 183715 49.3078 19.4682 17.5214 0 01 0 0 0 0 0 0 0 0 0 0 0 2.50231 5.86667 0 110.12 
0.0044631393985285709 0.74314 0 162029 49.042 19.366 17.4294 0 01 0 0 -0 0 0 0 -0 0 0 0 -0 0.730201 5.86841 0 0 
0.00446527930087701076 0.144748 0 116262 0.13501 19.2885 17.3597 0 01 0 0 0 0 0 0 0 0 0 0 0 3.34479 6.59414 1334.31 1384.84 
0.00448057349020324503 0.367711 0 99846 48.7235 19.1355 17.2219 0 01 0 0 0 0 0 0 0 0 0 0 0 1.06807 4.2903 0 434.379 
0.00448173060036602833 0.837814 0 157557 48.6908 19.1727 17.2554 0 01 0 0 0 0 0 0 0 0 0 0 0 0 0 0 0 
0.00449860163935198593 2.76627 0 183290 48.3797 19.0853 17.1768 0 01 0 0 0 0 0 0 0 0 0 0 0 0 2.84834 0 0 
0.00450419808265920419 0.222386 1 62226 0 18.9536 17.0583 0 0 1 -0.00876367 -0.000298839 0.00195596 0 0 -0 0 0 0 -0 0 5.25342 13.2524 860.752 1589.41 
0.00450987634959789524 0.637014 0 164882 0.545768 21.4301 19.2871 0 01 0 0 0 0 0 0 0 0 0 0 0 0 1.90492 0 0 
0.00451534677210604484 0.194385 0 27316 48.1001 18.8515 16.9664 0 01 0 0 -0 0 0 0 -0 0 0 0 -0 4.04868 8.71136 1252.53 2694.93 
0.0045494325478291674 0.0841124 1 45741 0 18.6703 16.8032 0 0 1 -0.00651012 -0.00855847 0.00522758 0 0 0 0 0 0 0 0 4.46471 8.66825 858.534 2750.61 
0.00458037340399339039 0.159202 1 55710 0 18.4878 16.6388 0 0 2 -0.00107343 -0.0127734 0.00373521 0 0 0 0 0 0 0 0 4.11236 9.66021 1304.61 2184.01 
0.00458803831621991572 1.2247 0 177060 46.786 18.4348 16.591 0 01 0 0 0 0 0 0 0 0 0 0 0 1.19735 3.63975 0 0 
0.0046068528265013637 1.15809 0 139943 46.444 18.475 16.6273 0 01 0 0 0 0 0 0 0 0 0 0 0 3.41554 4.55894 0 3.13461 
0.00461886215190214413 0.156495 1 144755 0 18.3296 16.4961 0 0 2 0.00103074 0.00131084 0.00629065 0 0 0 0 0 0 0 0 5.68671 10.91 1654.99 3731.44 
0.00462400680347514314 0.120887 1 204434 0 18.5117 16.6603 0 0 1 -2.08444 -0.350721 -1.96567 0 0 -0 0 0 0 -0 0 5.76527 10.0354 2045.24 2394.62 
0.00462653323434091424 0.390676 0 57888 0.136398 20.0297 18.0267 0 01 0 0 0 0 0 0 0 0 0 0 0 2.41821 5.222 2.43657 2.43657 
0.00465169940701644184 1.17331 0 194155 45.6927 18.1987 16.3782 0 01 0 0 0 0 0 0 0 0 0 0 0 0 0 0 0 
0.00465971251851399638 0.573326 0 63181 45.5723 18.0999 16.2891 0 01 0 0 0 0 0 0 0 0 0 0 0 1.12737 1.68432 1.92148 1.92148 
0.00465971251851399638 0.615356 0 37829 45.571 18.0988 16.2881 0 01 0 0 0 0 0 0 0 0 0 0 0 1.88581 6.91473 187.096 187.096 
0.00466411490177072972 0.520955 0 65477 45.4948 18.1559 16.3396 0 01 0 0 0 0 0 0 0 0 0 0 0 0.517545 2.0434 0 34.4104 
0.00466411490177072972 2.65397 0 146828 45.4911 18.1524 16.3365 0 01 0 0 -0 0 0 0 -0 0 0 0 -0 0 0 0 0 
0.00467574319462412107 0.119196 0 58596 1.05423 18.0155 16.2131 0 01 0 0 0 0 0 0 0 0 0 0 0 3.47654 7.16165 1796.99 4100.63 
0.00467959975135230459 0.192167 0 60170 0.129238 18.0964 16.2859 0 01 0 0 -0 0 0 0 -0 0 0 0 -0 4.767 10.1152 974.205 3815.8 
0.00469740431056563709 0.218063 0 85683 0.113305 17.9751 16.1767 0 01 0 0 0 0 0 0 0 0 0 0 0 2.32042 6.55888 175.237 270.768 
0.00474793766825234217 0.120795 0 120626 44.1948 17.6752 15.9064 0 01 -0 0 0 0 -0 0 0 0 -0 0 0 3.12465 7.44187 1426.49 2541.31 
0.00476840232236057458 0.640619 0 25648 43.9216 17.572 15.8134 0 01 0 0 0 0 0 0 0 0 0 0 0 1.29567 5.20244 0 21.5151 
0.00477170811727862729 0.0836389 1 141955 0 17.5471 15.791 0 0 2 0.00849776 0.0129028 0.0142815 0 0 0 0 0 0 0 0 4.63311 9.74739 1006.6 3165.54 
0.00478463193994704133 0.265916 0 35366 43.6827 17.4905 15.7399 0 01 0 -0 0 0 0 -0 0 0 0 -0 0 2.89494 9.19044 0 44.0896 
0.00479488397764789732 0.411462 0 68583 43.541 17.3255 15.5912 0 01 0 0 0 0 0 0 0 0 0 0 0 2.81945 6.42696 31.1422 196.904 
0.0047978325846019616 0.224935 1 83883 0 17.3921 15.6513 0 0 1 -0.00114777 0.00693895 0.00453714 0 -0 0 0 0 -0 0 0 3.17321 9.37121 284.03 882.243 
0.0047978325846019616 1.13536 0 150523 43.4831 17.3874 15.647 0 01 0 0 0 0 0 0 0 0 0 0 0 0 3.4488 0 0 
0.00480078746270045948 0.572787 0 85753 43.43 17.2868 15.5564 0 01 0 -0 0 0 0 -0 0 0 0 -0 0 0 1.71322 0 0 
0.00480564736463735039 0.182646 1 230901 0 43.5572 34.5991 0 0 1 0.00176917 -0.0098699 0.00354126 0 0 0 -0 0 0 0 -0 5.32361 11.242 774.562 3392.39 
0.00480564736463735039 0.730619 0 94719 43.369 17.3587 15.6212 0 01 0 0 0 0 0 0 0 0 0 0 0 1.45207 5.06427 0 40.7449 
0.00484184937852288281 0.517895 0 131772 42.8596 17.0582 15.3504 0 01 0 -0 0 0 0 -0 0 0 0 -0 0 0.525968 4.14402 0 0 
0.00485603339792778626 0.976039 0 170070 0 17.0624 15.3541 0 01 0 0 0 0 0 0 0 0 0 0 0 0 0.959793 0 0 
0.00486838349994128412 0.393744 0 68259 42.4999 16.9453 15.2486 0 01 0 0 0 0 0 0 0 0 0 0 0 2.44848 5.25108 0 110.802 
0.00489090746505816548 2.86906 0 197910 42.2259 16.8385 15.1524 0 01 0 0 -0 0 0 0 -0 0 0 0 -0 0 2.76941 0 0 
0.00493861436849228532 0.721539 0 111014 41.6225 16.5986 14.9362 0 01 0 0 0 0 0 0 0 0 0 0 0 1.4366 5.78945 0 22.2168 
0.00494291640312629395 0.267256 0 4347 0.101162 16.5307 14.875 0 01 0 0 -0 0 0 0 -0 0 0 0 -0 3.85805 8.43138 891.653 1168.34 
0.00494291640312629395 3.0258 0 121054 41.5427 16.53 14.8744 0 01 -0 0 0 0 -0 0 0 0 -0 0 0 0 0 0 0 
0.00496033904212038641 0.180033 0 78974 0.150307 16.5179 14.8635 0 01 0 0 -0 0 0 0 -0 0 0 0 -0 3.58246 9.62805 637.47 2320.78 
0.00498789773043472814 3.24604 0 82477 40.9632 16.3885 14.7469 0 01 0 0 0 0 0 0 0 0 0 0 0 0 0 0 0 
0.00500062195326212745 0.815363 0 51605 40.827 16.2931 14.6609 0 01 0 0 0 0 0 0 0 0 0 0 0 1.58676 5.60885 0 0 
0.00500601313543728652 0.305002 1 6025 0 16.2927 14.6606 0 0 1 0.0260155 0.0107903 -0.0180319 0 0 0 0 0 0 0 0 4.0462 8.77691 507.098 819.567 
0.00501428544141748964 0.546819 0 122995 40.6661 16.1918 14.5697 0 01 -0 0 0 0 -0 0 0 0 -0 0 0 2.23341 7.23675 0 0 
0.00503152480636419926 0.175556 0 22499 0.151713 16.0893 14.4773 0 01 0 0 0 0 0 0 0 0 0 0 0 7.57339 14.0763 1375.39 2912.14 
0.00503152480636419926 0.207319 1 5284 0 16.1202 14.5051 0 0 1 -7.23604e-05 0.0078306 0.0046652 0 0 0 0 0 0 0 0 7.8492 15.9015 899.042 2267.12 
0.00503152480636419926 0.897893 0 189256 40.4504 16.0937 14.4813 0 01 0 -0 0 0 0 -0 0 0 0 -0 0 3.49586 9.67287 1.94841 21.1395 
0.0050773147379177307 1.84566 0 195207 39.8973 15.9128 14.3183 0 01 0 0 -0 0 0 0 -0 0 0 0 -0 0 0 0 0 
0.00510419571973942925 0.458904 0 185827 39.6373 15.7711 14.1906 0 01 -0 0 0 0 -0 0 0 0 -0 0 0 2.3435 7.99561 0 307.916 
0.00510909631364739499 1.0668 0 191234 39.5368 15.7981 14.2149 0 01 0 -0 0 0 0 -0 0 0 0 -0 0 0 0 0 0 
0.00511979331160727566 0.0589694 1 213801 0 134.451 40.5 0 0 1 -0.0299161 -0.0194138 0.0134947 0 0 0 0 0 0 0 0 2.92702 7.55179 677.557 2889.35 
0.00512387023008496149 0.960144 0 50618 39.3718 15.6863 14.1143 0 01 0 -0 0 0 0 -0 0 0 0 -0 0 0 1.94384 0 0 
0.0051300881950769716 0.0710005 1 7823 0 15.6288 14.0624 0 0 1 -0.000453104 0.0129951 -0.0219888 0 0 0 0 0 0 0 0 6.6578 12.6246 762.192 3838.62 
0.00515004227825141114 0.25187 1 36465 0 15.5911 14.0284 0 0 2 -0.00384382 -0.00336754 -0.0250018 0 -0 0 0 0 -0 0 0 3.07783 8.28234 41.3236 164.561 
0.00517846315185684775 1.82708 0 170525 38.7956 15.4244 13.8782 0 01 0 0 0 0 0 0 0 0 0 0 0 1.7941 1.7941 0 0 
0.00518534950902214357 0.264312 1 23355 38.7463 15.4713 13.9205 0 0 1 2.08338 2.94609 0.41854 0 0 0 0 0 0 0 0 4.54629 11.763 239.865 571.574 
0.00518826003524830784 0.138674 0 70798 0.112294 15.4589 13.9094 0 01 0 0 -0 0 0 0 -0 0 0 0 -0 4.77928 10.2722 0 1933.84 
0.00519716934747921962 2.11438 0 167586 38.5806 15.388 13.8455 0 01 0 -0 0 0 0 -0 0 0 0 -0 0 0 0 0 0 
0.00522816008386024333 0.788349 0 159247 38.304 15.2453 13.717 0 01 0 -0 0 0 0 -0 0 0 0 -0 0 2.35239 13.3789 0 2.80233 
0.00523506996515820267 0.218676 0 79197 0.0884259 15.2954 13.7621 0 01 0 0 0 0 0 0 0 0 0 0 0 6.648 13.1598 41.3451 1063.27 
0.00527892374845157289 0.185595 1 36799 0 15.0042 13.4997 0 0 1 -0.0198782 0.0307956 -0.0418614 0 0 0 -0 0 0 0 -0 3.15088 8.04708 150.172 600.49 
0.00528564809492989077 0.133151 1 209141 0 18.0603 16.2535 0 0 1 -0.815184 -0.00257549 0.0495471 0 -0 0 0 0 -0 0 0 7.02483 12.6676 1577.08 3812.83 
0.00528564809492989077 0.48368 0 87721 37.6852 14.9687 13.4678 0 01 0 0 0 0 0 0 0 0 0 0 0 2.89553 13.8576 0 111.847 
0.00528564809492989077 1.08954 0 159486 37.6837 14.9846 13.4821 0 01 0 0 0 0 0 0 0 0 0 0 0 2.20515 6.58134 0 0 
0.0053574255528818799 0.444594 0 32995 37.0429 14.9114 13.4161 0 01 0 0 -0 0 0 0 -0 0 0 0 -0 5.36863 12.6031 0 570.085 
0.0053574255528818799 0.770747 0 162583 37.01 14.9577 13.4578 0 01 0 0 0 0 0 0 0 0 0 0 0 3.83766 9.99014 0 298.921 
0.00537180130327417123 0.61701 1 24007 0 15.0089 13.504 0 0 1 0.0050879 0.00681358 0.00863189 0 0 0 0 0 0 0 0 2.44815 10.4102 0 806.015 
0.00537180130327417123 1.43754 0 169315 36.9321 15.0097 13.5047 0 01 0 0 0 0 0 0 0 0 0 0 0 0 11.6474 0 0 
0.00537908450246774809 0.17793 0 144496 11.8499 15.0064 13.5017 0 01 0 0 -0 0 0 0 -0 0 0 0 -0 6.27312 12.4748 1044.55 3898.4 
0.00537908450246774809 0.152633 1 58537 0 14.9991 13.4952 0 0 2 -0.0109271 0.000499684 0.00295891 0 -0 0 0 0 -0 0 0 0 0 0 0 
0.00537908450246774809 0.519574 0 62469 36.8054 14.9675 13.4667 0 01 0 0 0 0 0 0 0 0 0 0 0 4.24826 10.588 0 54.8547 
0.00538603451755732387 0.791159 0 149543 36.7563 14.9908 13.4877 0 01 0 -0 0 0 0 -0 0 0 0 -0 0 2.3724 4.73991 0 16.4086 
0.00544061351090915305 1.0063 0 320790 2.77047 36.6065 13.5507 0 01 0 0 0 0 0 0 0 0 0 0 0 0 3.03043 0 0 
0.00547412454342915359 2.42488 0 198841 35.9894 35.8792 28.1337 0 01 -0 0 0 0 -0 0 0 0 -0 0 0 0 0 0 0 
0.00548550386490888591 0.145769 1 52396 0 35.7717 29.901 0 0 1 -0.00355847 -0.00143089 0.00870459 0 0 -0 0 0 0 -0 0 0 0 0 0 
0.00548550386490888591 0.425716 1 8274 0 35.7994 29.408 0 0 1 0.00301803 0.036518 -0.0157424 0 0 0 0 0 0 0 0 3.69708 9.02772 74.2348 270.35 
0.00548550386490888591 0.639902 0 128347 35.8955 35.7861 29.64 0 01 0 -0 0 0 0 -0 0 0 0 -0 0 0.646344 5.11277 0 0 
0.00549394682794435846 0.720213 0 186579 35.8192 35.7104 30.0098 0 01 0 0 0 0 0 0 0 0 0 0 0 0.718599 1.43506 0 0 
0.0055138981603530578 0.162411 0 102873 35.6821 35.5744 29.8672 0 01 -0 0 0 0 -0 0 0 0 -0 0 0 0 0 0 0 
0.00555692944485924965 0.338398 0 57393 35.2741 35.1697 29.6815 0 01 0 0 0 0 0 0 0 0 0 0 0 1.38834 3.45937 10.831 207.921 
0.00555692944485924965 1.19479 0 191220 35.2742 35.1698 29.6834 0 01 0 0 -0 0 0 0 -0 0 0 0 -0 1.16518 2.32931 0 0 
0.00555692944485924965 1.28822 0 87366 35.2759 35.1715 29.7153 0 01 0 0 0 0 0 0 0 0 0 0 0 0 0 0 0 
0.00556950558649221914 1.06231 0 196116 35.192 35.0883 29.6928 0 01 0 -0 0 0 0 -0 0 0 0 -0 0 1.0577 6.30432 17.5924 17.5924 
0.00559107546612061697 0.169771 1 238393 0 101.428 40.5 0 0 2 0.00118044 0.00698544 -0.0621959 0 0 0 -0 0 0 0 -0 0 0 0 0 
0.00560649696112356342 0.850224 0 165929 34.8882 34.7869 29.5788 0 01 0 0 0 0 0 0 0 0 0 0 0 4.22521 8.46034 0 164.359 
0.00561430807990544005 0.269482 1 134648 34.8295 34.729 12.7483 0 0 1 -0.977617 -1.50631 0.792019 0 0 0 0 0 0 0 0 5.18176 12.0189 150.5 856.698 
0.00561713133069242834 2.56701 0 137507 34.7929 34.6923 29.4478 0 01 0 0 0 0 0 0 0 0 0 0 0 0 0 0 0 
0.00566312994933730347 0.192143 0 38744 34.4193 34.3217 29.3542 0 01 0 0 0 0 0 0 0 0 0 0 0 0 0 0 0 
0.00566312994933730347 0.321342 1 43247 0 34.3273 29.3753 0 0 1 0.00957396 0.000273648 0.00705498 0 0 0 0 0 0 0 0 1.24811 6.30835 0 458.847 
0.00567415087761960046 0.343665 1 71669 0 34.2493 29.2825 0 0 1 -0.00726301 0.0060849 0.00833445 0 0 0 0 0 0 0 0 2.78734 6.21829 0 132.217 
0.00579668909870223459 0.355753 1 17420 0 33.3313 28.8576 0 0 1 -0.00264012 -0.00207135 -0.00843732 0 0 0 0 0 0 0 0 1.03982 3.78607 0 55.4351 
0.00580987822977464298 0.672313 0 195542 33.3682 33.2785 28.7875 0 01 0 -0 0 0 0 -0 0 0 0 -0 0 1.33317 5.3522 0 23.4532 
0.00583268473497826779 1.06298 0 149405 33.1739 33.0856 28.7357 0 01 0 0 0 0 0 0 0 0 0 0 0 0 3.15944 0 0 
0.00583932715888903133 0.847785 0 140577 33.135 33.0471 28.8014 0 01 0 0 0 0 0 0 0 0 0 0 0 4.27166 8.50081 293.975 359.496 
0.00585835666176685345 1.37242 0 138555 33.057 32.9696 28.684 0 01 0 0 0 0 0 0 0 0 0 0 0 4.11665 8.29644 34.0444 34.0444 
0.00588921699691401321 0.114344 1 41308 0 32.6827 28.5102 0 0 2 0.00203312 0.0278997 0.0252407 0 0 0 0 0 0 0 0 0 0 0 0 
0.00593891359881514036 0.0304138 0 30052 32.4488 32.3658 27.9456 0 15.0751 -5.65312 -12.0891 7.01081 0 0 0 0 0 0 0 0 6.1373 13.4829 1015.64 3421.93 
0.00595961132254224906 1.50113 0 107151 32.3059 32.2239 27.4765 0 8.944581 2.70484 -8.04518 -2.82214 0 0 0 -0 0 0 0 -0 0 0 0 0 
0.00596292559102228059 1.3615 0 176355 32.2815 32.1998 27.4632 0 10.35711 9.31697 0.861947 -4.44084 0 0 0 0 0 0 0 0 0 0 0 0 
0.00597225127574353958 1.66471 1 175769 32.2172 12.8662 9.55801 0 0 1 7.53351 12.2895 5.94725 0 0 0 0 0 0 0 0 0 1.66842 0 0 
0.005989079620879704 0.667213 0 121925 32.1195 32.0388 27.0049 0 19.90971 10.9404 -16.3164 3.23693 0 0 -0 0 0 0 -0 0 4.70342 9.39646 0 76.2761 
0.00601345079473822406 0.397636 0 139792 31.9889 31.9091 26.6198 0 18.1251 3.22763 -13.351 -11.8257 0 0 -0 0 0 0 -0 0 2.67745 11.4716 7.23044 249.64 
0.00607428361666964133 1.0989 0 194863 31.5906 31.5136 25.3697 0 21.7111 -19.2153 -4.72447 -8.93412 0 0 0 -0 0 0 0 -0 0 4.43442 0 0 
0.00607685062697579069 0.434265 1 109173 0 31.4692 25.2318 0 0 1 6.10012 10.9723 -3.7989 0 0 0 0 0 0 0 0 0.821798 4.56826 0 257.822 
0.00608475302539604988 0.234396 1 0 0 31.421 25.083 0 0 1 -12.2836 6.89396 -24.1476 1 -18.5546 -14.3724 -26.8012 0 0 0 0 0 0 0 0 
0.00609164857173035822 0.29504 0 55686 0.127898 31.3951 25.0038 0 15.28261 -1.77951 -10.726 10.7398 0 0 0 0 0 0 0 0 6.84786 12.9411 157.638 675.283 
0.00612548494000427369 0.941635 0 154920 31.2574 31.1827 24.3501 0 36.07331 -3.05561 23.9627 -26.7906 0 0 0 0 0 0 0 0 1.87031 5.62665 0 0 
0.00612776641426849861 0.354422 0 67849 31.2414 31.1668 24.3015 0 47.41711 -44.6311 -9.3349 13.0119 0 0 0 0 0 0 0 0 2.07398 6.25706 277.486 279.412 
0.00612776641426849861 0.441592 0 66897 31.2341 31.1596 24.2797 0 43.72111 -4.20414 -5.96581 -43.1077 0 0 0 -0 0 0 0 -0 1.38722 4.58145 0 41.7006 
0.00612776641426849861 0.591913 0 184947 31.2345 31.1599 24.2807 0 27.70321 -20.8203 -4.4515 -17.7247 0 0 0 0 0 0 0 0 0 1.79015 0 0 
0.00616414396088860346 0.43425 0 34930 0.632074 30.943 23.6217 0 61.78531 -47.6429 -18.692 -34.6149 0 -0 0 0 0 -0 0 0 3.81812 8.9655 0 182.782 
0.00618487037927123798 0.394048 0 30458 30.8936 30.8214 23.2573 0 73.5151 55.5137 24.1842 -41.687 0 0 0 0 0 0 0 0 0.396119 3.5115 0 0 
0.00619646339777133771 0.39408 1 86848 0 30.7535 19.8986 0 0 1 23.1231 -4.25029 8.68128 0 0 0 0 0 0 0 0 1.54286 3.45818 66.6954 536.746 
0.00620618776859729535 0.160798 0 79775 0.218399 30.7253 22.9732 0 103.6391 68.426 22.5839 74.4909 0 0 0 0 0 0 0 0 0 0 0 0 
0.00620618776859729535 0.475639 0 69754 30.7762 30.7047 22.9118 0 27.92741 -22.8777 9.80363 12.6664 0 -0 0 0 0 -0 0 0 1.4425 5.33331 0 0 
0.00620618776859729535 0.784432 0 52314 30.7935 30.7219 22.9629 0 81.00781 -5.69025 -5.60857 80.6128 0 -0 0 0 0 -0 0 0 0.785961 7.0046 0 0 
0.00620735510196643216 1.42979 0 177987 30.7625 30.6911 22.8716 0 94.58631 76.8663 37.2652 40.6133 0 0 0 0 0 0 0 0 0 0 0 0 
0.00622071652524960536 0.720176 0 59481 30.6952 30.6242 22.6745 0 115.0791 55.2737 86.5818 -51.8808 0 0 0 0 0 0 0 0 0.724339 5.12612 0 0 
0.00622257428175964147 2.0158 0 194475 30.6804 30.6095 22.6323 0 72.53471 71.6847 -8.14853 7.49627 0 0 -0 0 0 0 -0 0 0 2.02738 0 0 
0.0062250538039320966 0.196901 0 26774 0.205482 30.5895 22.5724 0 50.71941 15.0575 2.64596 -48.3604 0 0 0 0 0 0 0 0 0 0 0 0 
0.00623109558047231071 0.656746 0 169885 30.6318 30.5612 22.4916 0 42.03031 11.1484 -27.5807 -29.6912 0 0 0 -0 0 0 0 -0 3.27131 4.58462 0 17.0399 
0.00624639348390651061 0.480368 0 132704 0.180263 30.4925 22.2893 0 37.64441 33.735 3.95192 16.2305 0 0 0 0 0 0 0 0 4.37082 9.25231 0 27.0747 
0.00624944478770164593 0.282918 1 0 0 30.4506 22.1685 0 0 1 72.3974 5.95103 6.81708 1 72.0949 24.9155 -7.09949 0 0 0 0 2.94532 5.42041 64.8352 167.635 
0.00627555630173468829 0.326615 0 89901 30.3874 30.3185 21.7898 0 131.5391 50.7367 120.219 -16.6011 0 0 0 0 0 0 0 0 10.6923 17.9724 71.0653 972.235 
0.00629609302517762474 0.0390416 0 71493 0.0985656 30.1973 21.4435 0 134.6731 2.31416 -87.2357 102.574 0 0 0 0 0 0 0 0 5.10683 9.99221 42.0259 1908.52 
0.00632178093865794904 2.29988 0 183892 30.1223 30.0551 21.0433 0 104.5081 100.519 -24.0036 15.5433 0 0 0 0 0 0 0 0 0 2.29988 0 0 
0.00634024987893586078 0.331089 0 27397 30.0313 29.9646 20.7924 0 42.72221 -37.6573 15.7274 12.6398 0 -0 0 0 0 -0 0 0 7.13151 14.1903 612.901 1336.71 
0.00634024987893586078 0.378113 0 43108 30.0418 29.9751 20.8205 0 109.5151 -92.2155 -19.8068 55.6545 0 0 -0 0 0 0 -0 0 3.09732 10.2576 0 521.872 
0.00634024987893586078 1.06454 0 154589 30.0242 29.9577 20.7726 0 154.6961 -26.0762 -80.9043 129.25 0 0 -0 0 0 0 -0 0 1.07396 5.3531 0 0 
0.00637069819836643195 0.462809 0 129259 29.8493 29.7838 20.294 0 126.7171 -113.694 34.2438 44.2514 0 -0 0 0 0 -0 0 0 1.35366 4.56552 0 175.71 
0.00639664548458398954 0.938006 0 86949 29.7502 29.6854 20.0274 0 135.371 133.452 20.1132 -10.5386 0 0 0 -0 0 0 0 -0 1.91117 5.71661 0 0 
0.006407055171781929 0.0952435 0 48688 0.372924 29.6136 19.8319 0 94.24141 7.95501 17.8807 92.187 0 0 0 0 0 0 0 0 10.2539 18.4471 2444.82 4888.44 
0.00645135155734727871 0.238266 0 153147 29.442 29.3791 19.2071 0 81.69611 81.3101 -6.85106 -3.99747 0 0 0 -0 0 0 0 -0 4.27344 9.5792 0 47.3513 
0.00648177778509924276 1.24726 0 152125 29.2841 29.2221 18.7953 0 112.4571 98.7514 -50.8781 17.4999 0 0 -0 0 0 0 -0 0 1.23534 6.14481 0 0 
0.00651132147282805149 0.134403 1 0 0 29.0635 18.385 0 0 1 7.60716 10.923 -24.5308 1 34.3897 23.9802 -10.0745 0 0 0 0 0 0 0 0 
0.00651132147282805149 0.168454 0 95010 29.1241 29.0632 18.3841 0 89.98271 33.7395 -72.6641 -40.9691 0 0 0 -0 0 0 0 -0 0 0 0 0 
0.00651585472208636874 0.25229 0 6292 0.194319 29.043 18.3326 0 96.46831 25.9 25.7663 -89.2828 0 0 0 0 0 0 0 0 4.87303 9.88142 402.458 711.33 
0.00653573520112537849 1.57645 0 185079 29.0216 28.9613 18.124 0 141.8491 -122.195 61.8001 37.0166 0 0 0 0 0 0 0 0 1.58369 4.78011 0 2.40633 
0.00655311202437142745 0.532432 0 179360 28.9337 28.8739 17.9021 0 80.41321 40.988 -51.6605 -46.016 0 0 0 0 0 0 0 0 3.67534 11.0518 41.5244 71.8135 
0.00655311202437142745 0.644011 0 54359 28.9575 28.8975 17.9634 0 61.14241 48.3763 28.3567 -24.3724 0 0 0 -0 0 0 0 -0 2.53225 8.19937 0 0 
0.00657008269219760618 0.191523 1 206604 0 15.9794 14.3783 0 0 2 1.54893 2.5094 0.273492 0 0 0 0 0 0 0 0 0 0 0 0 
0.00657792614798441682 0.0604209 0 29137 0.274109 28.7457 17.5809 0 121.7621 37.6872 113.934 -20.6053 0 0 0 0 0 0 0 0 8.54358 16.0419 795.049 2901.66 
0.00658042451464496084 0.68006 0 126118 28.7826 28.7237 17.5265 0 105.9611 7.28103 50.035 93.1193 0 0 0 0 0 0 0 0 2.0836 4.84549 0 75.9577 
0.00659903114357023729 0.38454 1 0 0 28.6322 17.2997 0 0 1 135.241 -72.2373 13.6478 1 138.636 -67.7182 3.89764 0 0 0 0 3.17596 6.76139 256.871 256.871 
0.00663105364936531286 2.18457 0 61856 28.5407 28.4833 16.934 0 75.71931 22.1513 51.2061 -51.1923 0 0 0 0 0 0 0 0 0 0 0 0 
0.00664520157817449861 0.734799 0 55732 28.4725 28.4154 16.7683 0 167.331 -45.8183 -154.501 45.0503 0 -0 0 0 0 -0 0 0 1.48927 4.47191 0 0 
0.00665244215447350663 0.656259 0 162556 28.4539 28.397 16.7243 0 211.8221 208.197 36.3008 -14.3159 0 0 0 0 0 0 0 0 2.01948 11.9561 0 0 
0.00666384086230106202 0.266088 1 0 0 11.1946 7.21269 0 0 1 10.7532 23.4507 -12.6381 1 6.26568 6.08733 -22.8071 0 0 0 -0 2.8873 7.72595 23.485 107.346 
0.00666384086230106202 3.87761 0 193763 28.3885 28.332 16.567 0 106.7151 -83.5885 -60.0077 28.2848 0 -0 0 0 0 -0 0 0 0 0 0 0 
0.00667032366556594581 0.36675 0 99537 28.3536 28.2973 16.485 0 151.2141 95.2033 -21.4537 -115.506 0 0 0 -0 0 0 0 -0 2.18874 8.74758 0 0 
0.0066733547137958248 1.11618 0 185355 28.3386 28.2824 16.4484 0 222.6991 218.962 32.3753 24.5466 0 0 0 0 0 0 0 0 2.2386 3.36722 0 0 
0.00668383825692178257 1.25494 0 106288 28.3056 28.2495 16.3695 0 103.8921 100.89 -21.9071 -11.6137 0 0 0 0 0 0 0 0 2.48188 3.70957 0 0 
0.00668518963100747914 0.950621 0 67839 28.2831 28.2272 16.3161 0 57.94111 -9.37231 -33.2568 46.5115 0 0 0 0 0 0 0 0 0 0.972091 0 0 
0.00670327128257295398 0.472433 0 39238 28.202 28.1466 16.1258 0 116.7411 -89.3396 -15.4492 -73.5404 0 0 0 -0 0 0 0 -0 2.33457 12.1666 61.8999 123.135 
0.00673313262314635588 0.321008 0 6219 28.0697 28.015 15.8165 0 142.6431 -141.371 7.48968 17.4673 0 -0 0 0 0 -0 0 0 2.82064 12.344 237.869 297.446 
0.00674439722475511649 0.238942 0 171631 28.0086 27.9543 15.6753 0 161.4361 -14.8259 -6.90085 -160.606 0 0 -0 0 0 0 -0 0 1.8331 4.96544 161.448 651.388 
0.00674439722475511649 0.399246 0 41160 0.136629 27.9589 15.6862 0 213.2471 -115.301 -152.62 -94.2721 0 0 0 -0 0 0 0 -0 0.412025 3.22205 0 0 
0.00674664940334711739 0.199855 0 129944 28.0037 27.9494 15.6636 0 46.80541 -25.1374 19.3634 34.4081 0 0 0 0 0 0 0 0 0 0 0 0 
0.00675020179856466573 0.128382 0 73589 0.183042 27.9405 15.643 0 221.0851 148.048 -28.4411 161.714 0 0 0 0 0 0 0 0 5.77238 11.891 306.988 2014.47 
0.00675327175690681233 1.84994 0 185527 27.9668 27.9127 15.5794 0 183.7371 -21.6357 99.5855 152.885 0 -0 0 0 0 -0 0 0 0 0 0 0 
0.00677595186050237563 0.42897 0 86890 0.412089 27.8181 15.3606 0 179.9611 179.569 7.26054 9.39158 0 0 0 0 0 0 0 0 0.897208 6.65177 0 0 
0.00680390615553593502 2.10838 0 132710 27.7405 27.6877 15.0638 0 191.7111 -98.979 49.6934 -156.482 0 0 0 -0 0 0 0 -0 2.16661 4.26279 0 0 
0.00683449947469546779 1.45518 0 166801 27.6131 27.5611 14.7792 0 227.0671 -33.7396 -146.561 -170.12 0 0 0 0 0 0 0 0 0 4.39659 0 0 
0.00685990121994176257 0.569488 0 89495 27.5396 27.488 14.6173 0 267.4051 117.005 -238.091 33.5866 0 0 0 0 0 0 0 0 2.84708 11.8729 0 177.556 
0.00687678907258159992 0.175566 1 0 0 27.397 14.4161 0 0 1 -250.966 -27.3856 194.604 1 -261.293 4.13786 185.687 0 -0 0 0 0 0 0 0 
0.00687678907258159992 1.38469 0 129927 27.4288 27.3778 14.3734 0 174.4951 169.611 16.3982 -37.5716 0 0 0 0 0 0 0 0 4.13119 4.13119 0 0 
0.00689704973151993462 0.176794 0 61838 0.16665 27.2887 14.179 0 104.0771 78.5778 -49.4604 -47.0244 0 0 0 0 0 0 0 0 0 0 0 0 
0.00690859266696440631 1.19965 0 149264 27.311 27.2607 14.1183 0 228.4211 176.93 -58.6181 -132.046 0 0 0 0 0 0 0 0 1.17212 9.50164 0 0 
0.00691804169792773187 0.150828 0 141353 27.2499 27.1999 13.986 0 82.46661 -0.866907 81.2979 13.8072 0 0 0 0 0 0 0 0 0 0 0 0 
0.00691963484241678393 0.654063 0 81542 27.2419 27.1919 13.9689 0 85.51611 -14.2773 -18.0928 -82.3517 0 0 0 -0 0 0 0 -0 0 1.29199 0 0 
0.00692817407557890213 0.92537 0 181037 27.2189 27.1691 13.9194 0 135.4361 134.483 5.95771 -14.8923 0 0 0 0 0 0 0 0 0.926966 1.83565 0 215.624 
0.00696411702372460792 0.981407 0 187038 27.069 27.02 13.6017 0 163.671 -153.312 26.8127 -50.6392 0 0 0 -0 0 0 0 -0 0.971355 6.80255 0 0 
0.00704702885731566062 0.098422 1 266191 0 28.6998 25.8298 0 0 2 -23.148 -24.9812 3.57955 0 0 0 0 0 0 0 0 6.50338 13.1895 1392.2 2650.18 
0.00707798220300845556 0.53857 0 49516 26.5959 26.5495 12.6269 0 338.3431 -64.5764 316.738 -99.9142 0 0 0 -0 0 0 0 -0 2.14986 3.79201 3.38994 200.958 
0.00712211631911024469 1.44154 0 131361 26.4753 26.4295 12.3861 0 57.83241 38.5851 20.8729 37.6842 0 0 0 0 0 0 0 0 2.87372 11.5126 0 0 
0.00714656715214776524 0.177397 0 125335 0.898908 26.282 12.094 0 141.1631 51.7983 -88.5475 -96.9707 0 0 -0 0 0 0 -0 0 0 0 0 0 
0.00715317949918730864 0.787616 0 18681 26.3216 26.2766 12.0832 0 191.3671 -160.127 62.2583 -84.2884 0 0 0 0 0 0 0 0 0.781561 7.83418 0 0 
0.00717179641561292453 0.544804 0 195209 26.2463 26.2017 11.9362 0 202.6041 188.991 36.516 63.2261 0 0 0 0 0 0 0 0 2.70189 11.9206 0 0 
0.0071761935962568078 0.542318 0 145174 26.2275 26.183 11.9006 0 177.91 -89.9165 -94.7206 120.796 0 -0 0 0 0 -0 0 0 3.25345 10.2954 0 115.004 
0.00718024874521259841 1.21351 0 8327 26.2079 26.1635 11.8619 0 142.5851 -135.019 -6.53897 -45.3601 0 0 0 0 0 0 0 0 2.38164 3.56219 121.715 121.715 
0.00718242295518527023 0.727517 0 170681 26.196 26.1516 11.839 0 149.6991 6.50652 -13.3307 148.962 0 0 0 0 0 0 0 0 1.46975 2.96032 0 0 
0.00718830436441602466 0.950343 0 89672 26.1819 26.1376 11.8116 0 274.0421 141.377 106.667 209.125 0 0 0 0 0 0 0 0 0.947602 4.74004 0 0 
0.00721303937521694614 1.51196 0 171637 26.0749 26.0312 11.6065 0 252.2661 17.7893 244.212 60.6823 0 0 0 0 0 0 0 0 0 1.53707 0 0 
0.0072158210696236097 1.39357 0 158284 26.0693 26.0256 11.5961 0 89.41941 -89.4054 1.40723 -0.727807 0 -0 0 0 0 -0 0 0 0 0 0 0 
0.0072244898874216177 0.5256 0 131510 26.0311 25.9877 11.5237 0 141.8691 140.21 0.81076 -21.6191 0 0 0 0 0 0 0 0 0.520292 2.58026 0 0 
0.00724042733144783426 0.308436 0 9348 0.403799 26.1709 12.4303 0 107.9471 66.1669 22.1349 82.3689 0 0 0 0 0 0 0 0 3.84215 8.48306 0 227.967 
0.00726412003533623025 0.257762 0 75139 25.8884 25.8456 11.2541 0 224.3271 39.3772 -220.334 14.9908 0 0 0 0 0 0 0 0 2.31684 5.2225 0 48.2803 
0.0072849681080105113 0.47123 0 149828 25.8174 25.775 11.1223 0 217.7791 -202.478 -77.2645 21.4608 0 0 0 0 0 0 0 0 0.964545 4.80648 0 0 
0.0072849681080105113 0.622722 0 60209 25.824 25.7816 11.1347 0 237.2931 194.009 -8.29048 136.381 0 0 0 0 0 0 0 0 1.25445 5.65645 0 5.01035 
0.00729945942637229978 0.230565 0 39421 0 26.642 12.815 0 239.7281 82.5703 104.856 -199.14 0 0 0 0 0 0 0 0 0 0 0 0 
0.00731148419976000892 1.2047 0 77143 25.7174 25.6756 10.9382 0 128.611 93.7449 -55.853 -68.0643 0 0 0 0 0 0 0 0 1.21751 1.21751 0 0 
0.00733357469974184415 0.318734 0 64738 25.6395 25.598 10.7957 0 257.241 255.18 -31.7686 6.77591 0 0 0 0 0 0 0 0 2.60151 7.54872 0 0 
0.00734253831057364147 0.785192 0 166175 25.6275 25.5861 10.7736 0 302.621 -290.993 -68.1286 47.543 0 0 -0 0 0 0 -0 0 1.57143 6.33447 0 0 
0.00735976534305358109 1.01175 0 105386 25.5418 25.5008 10.6185 0 192.6681 -135.673 -95.7705 -97.6825 0 0 0 0 0 0 0 0 1.0243 2.05113 0 0 
0.00738655967609694146 1.05707 0 126498 25.4469 25.4064 10.4483 0 201.5561 -194.741 -19.603 48.1291 0 0 0 0 0 0 0 0 1.04654 3.14928 0 0 
0.00739800552347777331 0.263485 0 112460 25.4119 25.3715 10.386 0 394.9131 48.7752 -94.6802 -380.28 0 0 0 0 0 0 0 0 0 0 0 0 
0.00747080325316095122 1.79091 0 190546 25.1519 25.1129 9.93111 0 222.5511 83.2059 200.236 50.1132 0 0 0 0 0 0 0 0 0 1.79091 0 0 
0.00752060922288475073 1.91132 0 165019 24.9833 24.945 9.643 0 290.2221 217.412 68.8743 -179.49 0 0 0 0 0 0 0 0 0 0 0 0 
0.00754030905105552898 1.12398 0 81629 24.9271 24.8892 9.54831 0 104.8061 -18.2946 -49.4661 -90.5684 0 0 0 0 0 0 0 0 1.12708 4.49196 0 0 
0.00755977584358321752 1.38051 0 185177 24.903 24.8651 9.50769 0 114.6971 -60.1362 83.3005 -50.991 0 0 0 0 0 0 0 0 2.7327 6.8328 0 1.27862 
0.00755977584358321752 1.63298 0 163317 24.8582 24.8206 9.43319 0 195.4921 7.45638 -100.704 -167.392 0 0 0 -0 0 0 0 -0 1.63366 8.21686 3.03613 3.03613 
0.00755977584358321752 2.09455 0 186121 24.8636 24.8259 9.44182 0 88.98621 -28.7325 -83.5242 -10.8019 0 0 0 0 0 0 0 0 2.09358 6.30169 0 0 
0.00756273359386733842 2.51261 0 197303 24.8468 24.8092 9.41396 0 283.2971 281.714 27.7138 -11.2609 0 0 0 0 0 0 0 0 0 0 0 0 
0.00760106784274940626 0.572693 1 201391 31.4511 20.2445 18.22 0 0 2 1.41196 -0.265232 0.604777 0 0 0 0 0 0 0 0 1.72017 4.02599 0 0 
0.00763104013226536745 0.0857486 0 63470 24.6264 24.5898 9.05107 0 148.5331 90.4782 80.1292 86.3422 0 0 0 0 0 0 0 0 7.4366 14.4638 840.384 4438.89 
0.00763104013226536745 1.13258 0 87460 24.6284 24.5918 9.05438 0 262.6341 258.097 -4.03776 48.4367 0 0 0 0 0 0 0 0 1.13413 4.55615 0 0 
0.00765987468700302879 0.375849 0 77879 24.5368 24.5007 8.9064 0 280.5041 280.197 -9.04354 -9.51228 0 0 0 0 0 0 0 0 3.40987 5.99356 0 217.304 
0.00772510091981009478 0.42648 0 187804 24.3237 24.2885 8.56805 0 77.20191 21.4933 -29.3964 68.0737 0 0 0 0 0 0 0 0 4.21427 13.431 2.21555 274.822 
0.00772510091981009478 0.504694 0 144498 24.3374 24.3022 8.58935 0 307.9261 307.211 -12.4172 16.9059 0 0 0 0 0 0 0 0 5.86483 12.2195 0 164.633 
0.00773039922077490421 0.837538 0 118226 24.3179 24.2828 8.55888 0 424.0521 -10.0504 416.131 80.9561 0 0 0 0 0 0 0 0 0.833988 3.29611 0 0 
0.00775805760837741491 1.99753 0 165677 24.2251 24.1905 8.41438 0 259.4521 -242.514 76.803 51.0275 0 0 0 0 0 0 0 0 0 1.99753 0 0 
0.00790696326364777498 0.174575 0 98258 23.7794 23.7468 7.7422 0 65.43181 23.2866 -45.246 -41.1321 0 0 -0 0 0 0 -0 0 0 0 0 0 
0.00793420510633872575 0.19711 0 253773 0.248278 36.1034 23.0292 0 01 0 0 0 0 0 0 0 0 0 0 0 0 0 0 0 
0.00793420510633872575 5.03328 0 83813 23.7236 23.6912 7.6606 0 128.5961 121.638 40.4817 -10.117 0 0 0 0 0 0 0 0 0 0 0 0 
0.00794503053437545757 0.464352 0 109592 23.684 23.6518 7.60309 0 472.7681 368.183 -286.089 78.1259 0 0 0 0 0 0 0 0 4.09728 13.2992 10.9707 19.1455 
0.0079581056756866126 1.75284 0 96095 23.6268 23.5948 7.52042 0 642.9581 -36.5412 622.837 -155.351 0 0 0 0 0 0 0 0 1.77842 8.80928 0 0 
0.0080024161822574158 0.407955 0 77061 23.5 23.4686 7.3394 0 391.5921 -35.0605 -108.132 -374.73 0 -0 0 0 0 -0 0 0 1.25443 4.97006 0 0 
0.00800574708342442071 0.396928 0 5708 23.4869 23.4555 7.32081 0 49.27821 -13.5589 11.7105 45.906 0 -0 0 0 0 -0 0 0 0.388117 3.76262 0 0 
0.0080369461263764385 0.846709 0 74516 23.4024 23.3714 7.20204 0 266.1061 223.79 143.427 12.6115 0 0 0 0 0 0 0 0 1.7249 5.99322 0 0 
0.00810820907377196066 2.03083 0 190351 23.2074 23.1773 6.93269 0 314.431 281.944 94.5492 102.148 0 0 0 0 0 0 0 0 2.03933 4.07102 0 0 
0.00812739455017635198 1.44742 0 199257 23.1499 23.12 6.85461 0 260.8271 -117.867 -220.992 72.8049 0 0 -0 0 0 0 -0 0 0 2.91948 0 0 
0.00818673160324667748 0.611151 0 31525 22.9882 22.959 6.63807 0 332.3221 -135.76 52.7723 298.701 0 0 0 0 0 0 0 0 1.21076 3.65191 165.014 165.014 
0.00820119411010064407 0.478382 0 78975 22.9598 22.9307 6.60049 0 238.4541 -94.9534 38.6896 215.284 0 0 0 0 0 0 0 0 5.43404 14.2609 389.783 452.998 
0.00823144148646529419 1.56165 0 175854 22.8738 22.8451 6.4878 0 185.2961 -125.633 136.167 -3.06444 0 0 0 -0 0 0 0 -0 0 7.81562 0 0 
0.00823914073161618153 1.304 0 159018 22.8485 22.8199 6.4548 0 200.2881 185.746 -26.6386 70.0281 0 0 0 0 0 0 0 0 0 0 0 0 
0.00825257393194523542 0.531643 0 106367 0.586639 22.8167 6.45068 0 420.2791 143.598 393.68 -32.0936 0 0 0 -0 0 0 0 -0 5.75886 18.4091 0 105.893 
0.0082634402773856877 1.78947 0 153408 22.7891 22.7607 6.378 0 286.0931 -104.283 -17.7436 -265.819 0 0 -0 0 0 0 -0 0 1.75628 7.14232 0 0 
0.00836180382234949851 2.10307 0 148434 22.568 22.5405 6.09714 0 162.6851 48.0403 -140.697 66.0522 0 0 0 0 0 0 0 0 2.11637 4.21944 0 35.8361 
0.00839938710723221738 0.426544 0 13000 0.0974135 22.418 5.94479 0 387.1991 285.823 -250.024 75.6056 0 0 0 0 0 0 0 0 2.99151 9.42492 0 0 
0.00841426616741391097 0.608712 0 45426 22.4067 22.3799 5.8978 0 125.1661 89.2806 -56.3686 67.2172 0 0 0 0 0 0 0 0 0.624383 4.91778 0 241.882 
0.00844462645667064943 0.114201 0 224264 0.25258 22.6508 20.3857 0 01 0 0 -0 0 0 0 -0 0 0 0 -0 0 0 0 0 
0.00846533891238050902 0.737084 0 5085 22.277 22.2507 5.74075 0 441.9991 287.323 -296.406 157.963 0 0 0 0 0 0 0 0 1.45632 4.34711 0 6.81947 
0.00850912992882021414 0.796492 0 161955 22.1664 22.1406 5.60915 0 200.911 147.07 72.6772 -115.988 0 0 0 -0 0 0 0 -0 2.42331 8.86523 0 237.412 
0.00854613038047925128 1.21727 0 189779 22.0877 22.0621 5.51669 0 308.1311 -300.213 15.2325 -67.7122 0 0 0 0 0 0 0 0 2.47726 4.95085 0 0 
0.00855987356710528023 0.581093 0 211919 0.291849 22.3944 5.8995 0 398.5141 358.939 -41.9512 -167.976 0 0 0 0 0 0 0 0 4.15635 12.4619 21.6273 47.9332 
0.00855987356710528023 1.22007 0 153745 22.0528 22.0274 19.65 0 01 -0 0 0 0 -0 0 0 0 -0 0 0 3.68113 15.9931 0 0 
0.00855987356710528023 1.23495 0 163978 22.052 22.0265 19.6492 0 01 0 -0 0 0 0 -0 0 0 0 -0 0 3.68113 15.9931 0 0 
0.0085860346328405189 0.580623 0 143717 21.9963 21.9711 19.6004 0 01 0 0 0 0 0 0 0 0 0 0 0 4.66711 12.322 0 29.7457 
0.00863537089828690999 1.5142 0 150319 21.8709 21.8462 19.4894 0 01 0 0 -0 0 0 0 -0 0 0 0 -0 4.59155 4.59155 25.6408 25.6408 
0.00866084568406296808 1.5377 0 24795 21.8114 21.7869 19.4381 0 01 0 0 0 0 0 0 0 0 0 0 0 4.59175 7.60195 140.179 140.179 
0.00867965723890687553 0.354236 0 5802 21.7804 21.756 19.4104 0 01 -0 0 0 0 -0 0 0 0 -0 0 0 5.30284 11.9245 319.037 422.79 
0.00867965723890687553 0.403586 0 18397 0 21.7586 19.4128 0 01 0 0 -0 0 0 0 -0 0 0 0 -0 8.41606 17.6146 108.177 351.514 
0.00868761047379771299 1.37764 0 147298 21.7574 21.7331 19.3894 0 01 0 -0 0 0 0 -0 0 0 0 -0 0 1.37821 5.55622 0 0 
0.00869564951135399535 1.71795 0 172139 21.7289 21.7047 19.3649 0 01 0 0 -0 0 0 0 -0 0 0 0 -0 1.75566 8.71105 0 0 
0.00870166889586605763 0.195505 0 62404 0.0828597 21.6909 19.3529 0 01 0 0 0 0 0 0 0 0 0 0 0 0 0 0 0 
0.0087161884901975125 0.113955 1 0 21.7137 8.16558 2.31402 0 0 1 91.1927 -50.4045 47.956 1 -34.3439 -20.9593 -13.8415 0 0 0 -0 0 0 0 0 
0.0087550276205391412 0.899957 0 63111 21.6082 21.5844 19.2588 0 01 -0 0 0 0 -0 0 0 0 -0 0 0 1.80765 6.30623 0 0 
0.00877370419136722264 1.46037 0 190379 21.548 21.5245 19.2054 0 01 0 0 0 0 0 0 0 0 0 0 0 0 0 0 0 
0.00878923348163273763 1.21231 0 150526 21.52 21.4966 19.1805 0 01 0 0 0 0 0 0 0 0 0 0 0 3.60828 8.37005 0 0 
0.00879188945741983703 0.155431 0 34929 21.5077 21.4843 19.1701 0 01 0 0 0 0 0 0 0 0 0 0 0 0 0 0 0 
0.00884928848338488797 1.14822 0 139643 0.200641 21.5343 21.7395 0 01 0 0 0 0 0 0 0 0 0 0 0 0 3.40101 0 0 
0.00887561356698664781 1.14467 0 74810 21.3199 21.2972 19.0042 0 01 0 -0 0 0 0 -0 0 0 0 -0 0 0 1.12871 0 0 
0.00888544734273389106 0.560448 0 125439 21.3014 21.2788 18.9872 0 01 0 0 0 0 0 0 0 0 0 0 0 1.13076 4.50465 239.755 262.758 
0.0089090872113780032 0.543834 0 2133 21.2494 21.227 18.9417 0 01 0 0 0 0 0 0 0 0 0 0 0 0.513504 4.18938 0 0 
0.0089205776265614406 0.421569 0 74169 21.2241 21.2018 18.9187 0 01 -0 0 0 0 -0 0 0 0 -0 0 0 1.71296 3.38918 5.54763 16.9257 
0.00893449088707736448 0.130296 0 161127 21.1922 21.1699 18.8912 0 01 0 0 0 0 0 0 0 0 0 0 0 0 0 0 0 
0.00900323138489245341 0.304093 0 13778 21.0531 21.0313 18.7673 0 01 0 0 0 0 0 0 0 0 0 0 0 0 0 0 0 
0.00901949596696494105 0.674307 0 61834 21.0137 20.9921 18.7321 0 01 0 0 0 0 0 0 0 0 0 0 0 1.37454 6.1378 0 14.1696 
0.00906168963076402212 2.02261 0 164300 20.9292 20.9079 18.6576 0 01 0 -0 0 0 0 -0 0 0 0 -0 0 0 2.03156 0 0 
0.00906679187675919242 2.9344 0 199578 20.9148 20.8935 18.6451 0 01 0 0 0 0 0 0 0 0 0 0 0 0 0 0 0 
0.00913434796837771755 1.10647 0 171741 20.7738 20.753 18.5206 0 01 0 0 0 0 0 0 0 0 0 0 0 1.09368 3.29579 0 16.9765 
0.00920493674515158664 4.14576 0 52009 20.6358 20.6156 18.398 0 01 -0 0 0 0 -0 0 0 0 -0 0 0 0 0 0 0 
0.00922477094558023583 0.211214 0 33876 20.5916 20.5715 18.3593 0 01 0 -0 0 0 0 -0 0 0 0 -0 0 0 0 0 0 
0.00923434945544682889 0.476467 0 163707 20.5744 20.5543 18.3437 0 01 0 0 0 0 0 0 0 0 0 0 0 0.469513 2.32023 0 0 
0.009243289891955251 0.0661237 0 98571 20.554 20.534 18.3261 0 01 -0 0 0 0 -0 0 0 0 -0 0 0 3.49419 8.07443 190.7 736.121 
0.00926769259673255671 0.126701 0 23718 0.130507 20.4916 18.2885 0 01 0 0 0 0 0 0 0 0 0 0 0 0 0 0 0 
0.00930941570763766865 1.00561 0 82874 20.4299 20.4104 18.216 0 01 0 0 0 0 0 0 0 0 0 0 0 0 2.05548 0 0 
0.00932877535259553012 1.40492 0 143635 20.4154 20.3959 18.2032 0 01 0 -0 0 0 0 -0 0 0 0 -0 0 1.381 2.79371 0 0 
0.00933295131414327295 0.980318 0 148444 20.3789 20.3595 18.1712 0 01 0 0 0 0 0 0 0 0 0 0 0 0.97589 1.97502 0 0 
0.00934494015999233832 1.93871 0 151331 20.3561 20.3367 18.1511 0 01 0 0 0 0 0 0 0 0 0 0 0 3.90076 3.90076 0 0 
0.00935836362240735284 0.320707 0 17368 20.3403 20.3211 18.1371 0 01 0 0 0 0 0 0 0 0 0 0 0 3.00186 8.76594 4.61663 147.192 
0.00937059076023699991 0.211453 0 29294 20.3085 20.2894 18.1094 0 01 0 0 0 0 0 0 0 0 0 0 0 0 0 0 0 
0.00939361779541285358 0.186347 0 44830 20.2644 20.2454 18.0703 0 01 0 0 0 0 0 0 0 0 0 0 0 0 0 0 0 
0.00941245823585890387 0.0853011 0 167944 0 20.2116 18.0402 0 01 0 0 0 0 0 0 0 0 0 0 0 0 0 0 0 
0.00941650440488712125 0.614384 0 88115 20.2206 20.2017 18.0311 0 01 0 0 0 0 0 0 0 0 0 0 0 1.25199 3.12795 0 0 
0.00945094347691779503 0.114692 1 203219 0 15.3712 13.8303 0 0 2 -0.883461 0.58449 1.80857 0 -0 0 0 0 -0 0 0 0 0 0 0 
0.00945582944872654443 1.14322 0 148344 20.1477 20.1291 17.9667 0 01 0 0 -0 0 0 0 -0 0 0 0 -0 2.27007 3.39491 0 2.83795 
0.00945983389884780951 1.13677 0 59383 20.1415 20.1228 17.9609 0 01 0 0 0 0 0 0 0 0 0 0 0 1.15041 3.41491 0 0 
0.00946812871524329615 2.10806 0 171146 20.1221 20.1035 17.944 0 01 0 0 -0 0 0 0 -0 0 0 0 -0 2.08336 2.08336 0 0 
0.00956457776037964412 2.46356 0 185677 0.213066 19.9306 21.5753 0 01 0 0 0 0 0 0 0 0 0 0 0 2.45369 2.45369 0 17.9737 
0.00959419136097892748 2.17729 0 173828 19.8898 19.872 17.7393 0 01 0 0 0 0 0 0 0 0 0 0 0 0 0 0 0 
0.0096079920443387281 0.0745017 1 256766 0 20.2494 13.8418 0 0 1 -1.70877 -0.380371 0.145368 0 -0 0 0 0 -0 0 0 4.41859 10.4956 533.736 2009.31 
0.00961289771578634732 0.121481 1 208454 0 15.3481 13.8095 0 0 2 -0.00288913 0.00665074 0.000463426 0 0 0 0 0 0 0 0 0 0 0 0 
0.00963047281577236562 0.130186 0 1612 19.8229 19.8054 17.6798 0 01 0 0 -0 0 0 0 -0 0 0 0 -0 0 0 0 0 
0.0096321215391595473 0.679809 0 7154 19.822 19.8044 17.6789 0 01 0 0 0 0 0 0 0 0 0 0 0 0 0 0 0 
0.0096595856232604381 2.07736 0 73017 19.7728 19.7554 17.6354 0 01 0 -0 0 0 0 -0 0 0 0 -0 0 0 2.03771 0 0 
0.0096953783321974147 0.564824 0 29937 19.7082 19.6909 17.5789 0 01 0 0 -0 0 0 0 -0 0 0 0 -0 0 2.27911 0 0 
0.00971043426989863512 2.32587 0 175405 19.6829 19.6658 17.556 0 01 0 0 0 0 0 0 0 0 0 0 0 2.32698 2.32698 0 0 
0.00973223200484491478 2.72572 0 184723 19.6454 19.6284 17.5228 0 01 0 0 0 0 0 0 0 0 0 0 0 0 0 0 0 
0.00973542523833502947 0.0943835 0 15890 1.05423 19.625 17.5196 0 01 0 0 0 0 0 0 0 0 0 0 0 5.78734 12.5173 885.795 2881.86 
0.00975347416362325366 0.880111 0 179770 19.6083 19.5914 17.4901 0 01 0 0 -0 0 0 0 -0 0 0 0 -0 0.870459 3.52505 45.0437 45.0437 
0.00988942498709327079 0.0746859 0 226937 0 19.9401 17.7994 0 01 0 0 0 0 0 0 0 0 0 0 0 0 0 0 0 
