#1:time #2:r #3.binary? #4:ID #5:zams_m #6:m_progenitor #7:bh mass #8:bh_spin #9:birth-kick(km/s) #10-25:vsarray
0.000904049495309445996 0.313317 0 61743 148.621 16.6517 14.8569 0 01 0 0 0 0 0 0 0 0 0 0 0 22.505 46.4438 912.312 2097.01 
0.000904049495309445996 0.346681 1 48795 0 16.6517 14.8569 0 0 2 0.00859468 0.00992738 0.00637057 0 0 0 0 0 0 0 0 19.4468 48.699 530.887 2104.4 
0.000904049495309445996 0.390601 0 246404 144.084 16.7566 14.9573 0 01 0 0 0 0 0 0 0 0 0 0 0 20.1731 51.573 838.094 1250.42 
0.000904049495309445996 0.687994 0 62090 146.507 16.6991 14.9022 0 01 -0 0 0 0 -0 0 0 0 -0 0 0 20.4008 44.7871 0 430.373 
0.000904049495309445996 1.48287 0 302244 143.97 16.7341 14.9358 0 01 0 0 0 0 0 0 0 0 0 0 0 10.5139 22.6682 22.1187 22.1187 
0.000904049495309445996 2.2754 0 375794 145.132 16.7835 14.983 0 01 0 0 0 0 0 0 0 0 0 0 0 0 13.6786 0 0 
0.000938921123731520043 0.1695 0 73525 137.077 16.7107 14.9134 0 01 0 0 0 0 0 0 0 0 0 0 0 13.4335 29.2749 1700.39 3951.84 
0.000938921123731520043 0.174483 0 34504 0.725305 16.6902 14.8938 0 01 0 0 0 0 0 0 0 0 0 0 0 13.4335 29.2749 1700.39 3951.84 
0.000938921123731520043 0.160188 1 277113 0 16.4568 14.6707 0 0 1 -0.000214 -0.00129863 -9.8361e-05 0 0 0 0 0 0 0 0 13.4335 29.2749 1700.39 3951.84 
0.000938921123731520043 0.193903 0 226076 111.459 16.1773 14.4042 0 01 0 0 0 0 0 0 0 0 0 0 0 20.7239 48.3002 1324.39 3699.84 
0.000938921123731520043 0.256149 0 174558 126.594 16.7238 14.9259 0 01 0 0 0 0 0 0 0 0 0 0 0 21.1153 49.1821 610.537 2373.53 
0.000938921123731520043 0.259772 0 100504 0.110355 16.7072 14.91 0 01 0 0 0 0 0 0 0 0 0 0 0 21.1153 49.1821 610.537 2373.53 
0.000938921123731520043 0.387908 0 396505 0 15.9907 14.2267 0 01 0 0 0 0 0 0 0 0 0 0 0 25.3045 58.6724 181.461 2793.92 
0.000938921123731520043 0.380025 1 40380 0 16.6442 14.8497 0 0 2 0.00266545 -0.002972 0.00566376 0 0 0 0 0 0 0 0 25.3045 58.6724 181.461 2793.92 
0.000938921123731520043 0.50099 0 115717 128.405 16.6093 14.8164 0 01 0 -0 0 0 0 -0 0 0 0 -0 0 26.6816 61.3088 389.224 1796.79 
0.000938921123731520043 0.608771 0 1230 0.22249 16.699 14.9022 0 01 0 0 -0 0 0 0 -0 0 0 0 -0 20.1693 55.0832 396.308 931.538 
0.000938921123731520043 0.654284 0 119279 118.641 16.6083 14.8154 0 01 0 0 0 0 0 0 0 0 0 0 0 17.0411 51.8888 678.358 996.904 
0.000938921123731520043 0.6548 0 175727 113.949 16.5918 14.7996 0 01 0 0 0 0 0 0 0 0 0 0 0 17.0411 51.8888 678.358 996.904 
0.000938921123731520043 0.794257 0 344445 128.127 16.6615 14.8663 0 01 0 0 0 0 0 0 0 0 0 0 0 19.2545 48.1752 432.718 803.634 
0.000938921123731520043 0.801926 0 253790 109.514 16.1971 14.423 0 01 0 0 0 0 0 0 0 0 0 0 0 19.2545 48.1752 432.718 803.634 
0.000938921123731520043 0.806539 0 220595 136.133 16.7246 14.9267 0 01 0 -0 0 0 0 -0 0 0 0 -0 0 19.2545 48.1752 432.718 803.634 
0.000938921123731520043 0.841171 0 307797 137.619 16.6699 14.8744 0 01 0 0 0 0 0 0 0 0 0 0 0 19.0514 58.9971 359.752 1047.32 
0.000938921123731520043 0.962915 0 268677 111.171 16.2138 14.439 0 01 0 0 -0 0 0 0 -0 0 0 0 -0 20.4112 51.5073 0 52.2118 
0.000938921123731520043 1.07088 0 264858 136.438 16.7245 14.9266 0 01 0 0 0 0 0 0 0 0 0 0 0 17.0506 40.4965 1.1158 388.646 
0.000938921123731520043 1.27958 0 281701 112.129 16.288 14.5097 0 01 0 0 0 0 0 0 0 0 0 0 0 18.925 55.4492 57.7215 227.722 
0.000938921123731520043 1.81161 0 321417 134.348 16.7469 14.948 0 01 0 0 0 0 0 0 0 0 0 0 0 7.21006 25.3368 0 262.436 
0.000938921123731520043 2.59511 0 362931 125.318 16.7262 14.9282 0 01 0 0 0 0 0 0 0 0 0 0 0 0 2.84847 0 0 
0.000985009894218326137 0.184888 0 34242 102.31 15.5336 13.7927 0 01 0 0 0 0 0 0 0 0 0 0 0 24.1245 51.7278 2153.53 4856.27 
0.000985009894218326137 0.188843 0 150155 0.181202 14.2926 12.1109 0 23.18421 -20.4253 -6.08017 9.12945 0 0 0 0 0 0 0 0 24.1245 51.7278 2153.53 4856.27 
0.000985009894218326137 0.201806 0 24087 87.1549 14.2931 12.112 0 47.41351 -4.75567 6.43711 46.7332 0 0 0 0 0 0 0 0 24.1245 51.7278 2153.53 4856.27 
0.000985009894218326137 0.21503 0 48757 103.84 15.8139 14.0586 0 01 0 0 0 0 0 0 0 0 0 0 0 24.1245 51.7278 2153.53 4856.27 
0.000985009894218326137 0.221144 0 9424 0.0919134 14.9722 13.2622 0 01 0 0 0 0 0 0 0 0 0 0 0 24.1245 51.7278 2153.53 4856.27 
0.000985009894218326137 0.283892 0 297104 0.0965666 15.1681 13.447 0 01 0 -0 0 0 0 -0 0 0 0 -0 0 29.4208 61.7906 1953.24 3792.16 
0.000985009894218326137 0.315755 0 167048 92.1791 14.7873 13.088 0 01 0 0 0 0 0 0 0 0 0 0 0 25.7524 67.8144 1823.25 3289.83 
0.000985009894218326137 0.364731 0 64926 104.991 15.6717 13.9237 0 01 0 0 0 0 0 0 0 0 0 0 0 27.2657 68.0182 436.314 1622.52 
0.000985009894218326137 0.415221 0 149723 103.931 15.5873 13.8437 0 01 0 -0 0 0 0 -0 0 0 0 -0 0 33.7236 77.2837 1825.08 3772.16 
0.000985009894218326137 0.421125 0 10657 0.135206 16.0537 14.2865 0 01 0 0 0 0 0 0 0 0 0 0 0 33.7236 77.2837 1825.08 3772.16 
0.000985009894218326137 0.438531 1 92882 0 16.0545 14.2873 0 0 1 0.0010694 -0.00520259 0.0169511 0 -0 0 0 0 -0 0 0 25.7021 62.2063 1376.14 2418.33 
0.000985009894218326137 0.46874 0 136651 90.7845 14.5182 12.6119 0 11.3351 -8.21395 -2.13565 -7.51351 0 -0 0 0 0 -0 0 0 25.5973 66.8785 1220.35 2095.15 
0.000985009894218326137 0.468815 0 217686 100.932 15.5214 13.7812 0 01 -0 0 0 0 -0 0 0 0 -0 0 0 25.5973 66.8785 1220.35 2095.15 
0.000985009894218326137 0.551224 0 111187 0.0847927 15.1756 13.4541 0 01 0 0 0 0 0 0 0 0 0 0 0 36.6629 79.9192 710.615 2080.31 
0.000985009894218326137 0.576513 0 168168 93.8479 14.9053 13.1991 0 01 0 0 0 0 0 0 0 0 0 0 0 26.262 63.8612 280.659 1111.51 
0.000985009894218326137 0.697648 0 241128 90.5167 14.6641 12.9459 0 0.5004661 0.219913 0.0979194 0.438767 0 0 0 0 0 0 0 0 26.8711 62.9405 251.772 478.758 
0.000985009894218326137 0.710304 0 213487 96.2306 15.1475 13.4275 0 01 0 0 0 0 0 0 0 0 0 0 0 26.8711 62.9405 251.772 478.758 
0.000985009894218326137 0.719323 0 259495 90.0112 14.5666 12.7219 0 8.33781 -1.22157 -5.53206 6.11744 0 -0 0 0 0 -0 0 0 21.898 54.0658 203.501 323.247 
0.000985009894218326137 0.724978 0 315059 88.2093 14.329 12.1905 0 14.89621 -11.3306 6.14932 -7.46319 0 0 0 0 0 0 0 0 21.898 54.0658 203.501 323.247 
0.000985009894218326137 0.735963 0 242650 92.7104 14.701 13.0069 0 01 0 0 0 0 0 0 0 0 0 0 0 21.898 54.0658 203.501 323.247 
0.000985009894218326137 0.758004 0 206906 91.7153 14.7034 13.0091 0 01 0 0 0 0 0 0 0 0 0 0 0 30.1334 75.4301 304.571 1853.46 
0.000985009894218326137 0.828145 0 61874 92.5073 14.6492 12.9115 0 2.774671 -1.07897 -1.98244 -1.61387 0 0 0 0 0 0 0 0 24.0579 63.1393 664.246 684.114 
0.000985009894218326137 0.8604 0 306326 96.9957 15.0417 13.3278 0 01 0 0 0 0 0 0 0 0 0 0 0 28.4228 64.5311 912.599 1336.82 
0.000985009894218326137 0.985938 0 269660 94.1229 14.959 13.2497 0 01 -0 0 0 0 -0 0 0 0 -0 0 0 20.4962 49.7114 349.457 632.538 
0.000985009894218326137 1.04046 0 206747 96.1646 15.1383 13.4189 0 01 0 0 0 0 0 0 0 0 0 0 0 18.7268 50.9885 698.315 936.818 
0.000985009894218326137 1.04199 0 265082 106.957 16.0117 14.2466 0 01 0 0 -0 0 0 0 -0 0 0 0 -0 18.7268 50.9885 698.315 936.818 
0.000985009894218326137 1.12661 0 295028 95.0137 14.9272 13.2198 0 01 0 0 0 0 0 0 0 0 0 0 0 18.3618 64.0962 0 296.122 
0.000985009894218326137 1.13858 0 345065 90.159 14.5964 12.7899 0 6.417531 -2.5684 5.87116 -0.342826 0 0 0 -0 0 0 0 -0 18.3618 64.0962 0 296.122 
0.000985009894218326137 1.25193 0 159815 87.188 14.3007 12.1285 0 9.802061 -9.77592 0.715094 0.0163788 0 -0 0 0 0 -0 0 0 15.1742 50.6275 39.0244 406.367 
0.000985009894218326137 1.26956 0 292476 87.8142 14.2575 12.0347 0 14.43151 10.933 -8.91661 -3.03843 0 0 0 0 0 0 0 0 15.1742 50.6275 39.0244 406.367 
0.000985009894218326137 1.34844 0 659750 1.22839 14.4756 12.5159 0 7.284391 7.12278 0.638432 -1.38593 0 0 0 0 0 0 0 0 9.45748 31.1875 0 388.466 
0.000985009894218326137 1.36128 0 301737 91.1998 14.5919 12.7797 0 4.300141 0.264935 1.76314 3.9131 0 0 0 0 0 0 0 0 9.45748 31.1875 0 388.466 
0.000985009894218326137 1.40205 0 301990 89.0787 14.3747 12.2911 0 7.202581 -1.38935 -2.14494 -6.73394 0 0 -0 0 0 0 -0 0 16.8657 47.7759 0 131.601 
0.000985009894218326137 1.41741 0 317450 87.5857 14.3919 12.3292 0 17.82331 14.6528 8.54096 5.47867 0 0 0 0 0 0 0 0 16.8657 47.7759 0 131.601 
0.000985009894218326137 1.47604 0 188351 108.592 16.0351 14.2688 0 01 0 0 -0 0 0 0 -0 0 0 0 -0 11.7261 36.4279 21.9405 100.429 
0.000985009894218326137 1.56605 0 338933 97.2335 15.0879 13.3713 0 01 -0 0 0 0 -0 0 0 0 -0 0 0 17.3902 44.2194 220.855 644.295 
0.000985009894218326137 1.60348 1 178115 104.318 11.3402 7.26992 0 0 1 -11.8788 -8.64889 -1.23088 0 -0 0 0 0 -0 0 0 17.3902 44.2194 220.855 644.295 
0.000985009894218326137 1.64674 0 261806 94.5324 14.8328 13.1308 0 01 0 0 0 0 0 0 0 0 0 0 0 21.3869 52.5427 64.6041 180.842 
0.000985009894218326137 1.94716 0 332286 106.732 15.9704 14.2073 0 01 0 -0 0 0 0 -0 0 0 0 -0 0 11.3902 30.3165 0 0 
0.000985009894218326137 2.24601 0 345768 95.6185 15.0361 13.3225 0 01 0 0 0 0 0 0 0 0 0 0 0 6.76254 32.1644 0 0 
0.000985009894218326137 3.34326 0 381331 98.9901 15.3936 13.6602 0 01 -0 0 0 0 -0 0 0 0 -0 0 0 0 6.17847 0 0 
0.000985009894218326137 12.0498 0 359428 98.4291 15.3118 13.5829 0 01 0 0 0 0 0 0 0 0 0 0 0 0 6.17847 0 0 
0.000990292243120163363 0.127444 1 51333 0 11.1825 7.09946 0 0 1 -34.2401 -4.29881 -100.962 0 0 0 -0 0 0 0 -0 3.97403 8.80502 595.534 754.753 
0.000990292243120163363 0.319891 0 147898 86.2269 14.1087 11.7164 0 10.37981 10.0919 2.17387 1.08112 0 0 0 0 0 0 0 0 7.47143 17.0895 91.1531 322.009 
0.000990292243120163363 1.48701 0 176205 86.732 14.2077 11.9273 0 41.91931 18.7751 -1.03497 -37.4653 0 0 0 -0 0 0 0 -0 0 5.88055 0 0 
0.000993401333106402797 0.602574 0 78203 85.2054 14.0876 11.6719 0 36.08031 -33.6162 -7.71776 -10.591 0 0 -0 0 0 0 -0 0 4.20872 11.9971 77.2055 203.242 
0.000993401333106402797 0.640161 0 310574 84.2628 14.0686 11.6321 0 23.00941 -9.81184 9.6229 -18.4543 0 -0 0 0 0 -0 0 0 1.93581 7.75566 0 1.48006 
0.000993401333106402797 0.798532 0 276984 84.596 13.9611 11.4088 0 53.90261 -10.5162 -52.6513 4.76871 0 0 -0 0 0 0 -0 0 0 7.87454 0 0 
0.000993401333106402797 2.47446 0 361959 84.4833 13.9363 11.3579 0 39.07291 -39.0209 -0.60301 1.92179 0 0 0 0 0 0 0 0 0 2.39457 0 0 
0.00102525508621312831 0.164145 0 122627 80.8837 13.6556 10.7978 0 35.5031 -22.4953 -10.8257 -25.2434 0 -0 0 0 0 -0 0 0 10.8301 26.6063 1622.83 2470.42 
0.00102525508621312831 0.320428 0 389536 76.1127 13.2315 10.0061 0 72.76441 -45.2476 -27.117 50.1198 0 0 0 0 0 0 0 0 19.4007 49.6059 913.445 1379.23 
0.00102525508621312831 0.343983 1 0 0 13.349 10.2189 0 0 1 55.0817 -16.6721 -10.1591 1 55.7991 -13.1436 -12.021 0 0 0 0 22.86 53.6173 1327.7 3272.23 
0.00102525508621312831 0.432614 0 115918 78.7712 13.541 10.5773 0 51.62981 -3.35848 -23.7738 -45.7074 0 0 0 0 0 0 0 0 23.0987 55.5415 691.657 1492.45 
0.00102525508621312831 0.456127 0 161709 79.0924 13.4356 10.379 0 90.5541 64.2602 37.3199 51.7482 0 0 0 0 0 0 0 0 22.3396 56.7357 89.4929 796.7 
0.00102525508621312831 0.597226 0 334111 83.9136 14.012 11.5139 0 32.23651 31.812 1.52037 4.98737 0 0 0 0 0 0 0 0 19.2679 57.7165 245.936 703.036 
0.00102525508621312831 0.803186 0 283475 79.1005 13.4369 10.3813 0 52.49891 26.9126 -29.3326 34.2265 0 0 0 0 0 0 0 0 14.2547 44.3697 260.063 283.491 
0.00102525508621312831 0.850642 0 362265 81.1199 13.6958 10.8762 0 85.33841 -64.2466 53.9191 -15.7401 0 0 0 0 0 0 0 0 18.5065 56.5048 55.2064 880.943 
0.00102525508621312831 0.856221 0 248388 83.4287 13.8974 11.2786 0 41.46451 -4.15 -5.38143 -40.9038 0 0 0 0 0 0 0 0 18.5065 56.5048 55.2064 880.943 
0.00102525508621312831 0.858621 0 176470 78.0612 13.3639 10.2461 0 121.7691 -107.338 -40.21 41.1024 0 -0 0 0 0 -0 0 0 20.0616 56.659 422.381 642.582 
0.00102525508621312831 0.991995 0 218214 81.2453 13.7248 10.9332 0 28.13841 -27.8694 -2.32839 3.10518 0 0 0 0 0 0 0 0 13.8741 48.4361 0 570.586 
0.00102525508621312831 1.07667 0 366895 78.4317 13.4403 10.3876 0 50.70611 -40.3907 13.9027 27.3207 0 0 0 0 0 0 0 0 10.8853 47.9151 29.4354 513.096 
0.00102525508621312831 1.0778 0 219171 80.0316 13.6329 10.7537 0 27.02591 -11.9116 -17.646 16.6473 0 -0 0 0 0 -0 0 0 10.8853 47.9151 29.4354 513.096 
0.00102525508621312831 1.89389 0 362975 76.5562 13.171 9.89862 0 105.2591 -76.4798 -51.8795 -50.3864 0 0 0 0 0 0 0 0 5.78756 28.9985 33.065 33.065 
0.00102525508621312831 2.05042 0 330344 76.1778 13.2372 10.0163 0 56.37181 -51.9784 -20.4749 -7.53673 0 0 0 -0 0 0 0 -0 8.10969 20.4184 0 0 
0.00102525508621312831 2.37084 0 379198 81.8962 13.6655 10.817 0 56.66431 -22.952 -17.0482 48.9224 0 0 0 0 0 0 0 0 9.36858 32.7521 14.5628 22.018 
0.00102525508621312831 2.65307 0 395360 79.5825 13.5364 10.5685 0 42.61561 -5.52455 10.595 40.9062 0 0 0 0 0 0 0 0 0 19.6417 0 0 
0.00103933229778529102 0.173712 0 441910 0.511074 12.8825 9.40399 0 59.20051 -45.7397 30.6557 21.7441 0 0 0 0 0 0 0 0 7.54014 17.9288 976.58 1466.15 
0.00103933229778529102 0.183038 1 0 0 12.9354 9.49233 0 0 1 86.5488 9.28352 13.9839 1 85.6128 12.2429 17.784 0 0 0 0 11.5164 28.9994 519.432 1583.97 
0.00103933229778529102 0.400014 0 102311 75.0149 13.1362 9.83722 0 18.71311 12.5087 8.80811 -10.7764 0 0 0 -0 0 0 0 -0 14.0184 33.166 330.909 872.243 
0.00103933229778529102 0.464756 1 235378 77.4806 10.5045 6.46886 0 0 1 -2.15114 9.43031 -3.94572 0 0 0 0 0 0 0 0 14.1087 30.027 300.948 1435.15 
0.00103933229778529102 1.80261 0 328227 72.1206 12.7734 9.22473 0 93.78721 -46.1683 81.277 7.65388 0 0 0 0 0 0 0 0 11.0472 23.8173 141.955 218.41 
0.00103933229778529102 2.07062 0 369055 72.2816 12.8098 9.28414 0 81.83261 -50.322 -61.3602 -19.9797 0 0 0 0 0 0 0 0 4.03471 10.2453 0 34.6613 
0.00104532300000747375 0.206025 0 9114 0.181164 10.3066 6.3159 0 66.27791 -65.9546 -6.29554 -1.76715 0 0 0 0 0 0 0 0 7.13293 17.4239 240.779 1513.82 
0.00104532300000747375 0.411774 0 153939 71.4512 12.6317 8.99846 0 97.97961 71.8342 66.2585 -7.04579 0 0 0 0 0 0 0 0 5.18854 18.4926 27.8112 1420.37 
0.00104532300000747375 1.16725 0 205777 70.9066 12.6212 8.9821 0 94.38941 -55.8766 75.9917 -3.5256 0 -0 0 0 0 -0 0 0 5.83714 12.8246 0 0 
0.00108665735643372931 0.211544 0 51259 69.5325 12.4211 8.67568 0 20.34651 11.5868 -11.6459 -12.0042 0 0 0 -0 0 0 0 -0 22.1211 51.3619 2400.91 3277.27 
0.00108665735643372931 0.212491 0 24013 68.8349 12.3917 8.63199 0 51.15351 -50.683 -2.13587 6.58364 0 0 0 0 0 0 0 0 22.1211 51.3619 2400.91 3277.27 
0.00108665735643372931 0.238722 0 12700 64.3014 11.8165 7.83768 0 100.7161 -70.7235 -71.3978 6.65861 0 -0 0 0 0 -0 0 0 25.2454 55.0784 1516.94 2823.63 
0.00108665735643372931 0.299022 0 37142 63.1007 11.7609 7.7672 0 172.7451 172.713 1.39847 3.02298 0 0 0 0 0 0 0 0 27.0998 60.8987 1087.21 2401.81 
0.00108665735643372931 0.300289 0 203575 65.9753 12.0888 8.19886 0 133.1611 -64.5851 108.138 -43.2079 0 0 0 -0 0 0 0 -0 27.0998 60.8987 1087.21 2401.81 
0.00108665735643372931 0.405258 0 111328 67.4826 12.2227 8.38625 0 63.2811 -31.1617 -54.0096 10.7882 0 -0 0 0 0 -0 0 0 29.0523 60.8767 218.626 1500.41 
0.00108665735643372931 0.410777 0 121014 67.3249 12.1619 8.30033 0 100.1491 -94.5463 -32.0657 -7.91314 0 0 -0 0 0 0 -0 0 29.0523 60.8767 218.626 1500.41 
0.00108665735643372931 0.415897 0 71530 66.0952 12.1259 8.25021 0 85.78231 -54.3892 -58.6413 31.0099 0 0 0 0 0 0 0 0 33.6473 75.9294 759.824 3025.24 
0.00108665735643372931 0.437796 0 11010 64.4191 11.8523 7.88365 0 64.38121 -27.8338 -14.9997 56.0823 0 0 -0 0 0 0 -0 0 33.6473 75.9294 759.824 3025.24 
0.00108665735643372931 0.549165 0 88100 64.7006 11.9093 7.95776 0 58.41651 56.6338 -2.80665 14.0437 0 0 -0 0 0 0 -0 0 23.7476 63.6901 273.542 1313.48 
0.00108665735643372931 0.561423 0 235912 63.1944 11.7804 7.79183 0 34.69891 15.4697 13.1278 -28.149 0 0 0 0 0 0 0 0 23.1411 67.5902 142.427 580.069 
0.00108665735643372931 0.565465 0 196871 67.4387 12.2295 8.39589 0 139.0761 -11.7289 -69.9641 119.623 0 0 -0 0 0 0 -0 0 23.1411 67.5902 142.427 580.069 
0.00108665735643372931 0.604779 0 233206 67.6307 12.2406 8.41174 0 145.3831 -65.4386 -124.385 -37.1809 0 0 0 -0 0 0 0 -0 21.293 68.0624 179.728 738.234 
0.00108665735643372931 0.609337 0 174664 69.4959 12.4193 8.6731 0 139.2311 -124.053 19.4217 -60.1568 0 0 0 0 0 0 0 0 21.293 68.0624 179.728 738.234 
0.00108665735643372931 0.679924 0 150382 65.3114 11.9495 8.01082 0 118.4471 91.1103 -37.0777 -65.983 0 0 0 0 0 0 0 0 24.3514 61.378 59.916 428.712 
0.00108665735643372931 0.725602 0 228927 65.7464 12.036 8.12671 0 60.48821 -41.0465 44.059 -5.72802 0 0 0 0 0 0 0 0 25.2949 60.7623 658.376 1216.67 
0.00108665735643372931 0.732222 0 310350 64.3893 11.8368 7.86366 0 126.0941 -0.83119 -20.8675 -124.352 0 0 -0 0 0 0 -0 0 25.2949 60.7623 658.376 1216.67 
0.00108665735643372931 0.815734 1 245884 69.6359 10.0047 6.10784 0 0 1 14.2377 15.4096 5.02858 0 0 0 0 0 0 0 0 23.0388 61.8001 119.743 729.999 
0.00108665735643372931 0.817725 0 177308 63.2174 11.7826 7.79455 0 208.9181 -44.5572 -184.081 -88.1795 0 0 0 0 0 0 0 0 23.0388 61.8001 119.743 729.999 
0.00108665735643372931 0.831963 0 215727 68.5989 12.3626 8.58886 0 91.76481 80.879 2.60461 43.2734 0 0 0 0 0 0 0 0 23.0388 61.8001 119.743 729.999 
0.00108665735643372931 1.0438 0 234580 65.5664 11.9989 8.07666 0 119.8321 -117.52 -1.93481 -23.3453 0 -0 0 0 0 -0 0 0 21.2619 58.3276 0 591.234 
0.00108665735643372931 1.05697 0 25684 63.0733 11.7425 7.74419 0 108.571 15.6206 -67.5352 -83.5611 0 0 -0 0 0 0 -0 0 21.2619 58.3276 0 591.234 
0.00108665735643372931 1.31891 0 325363 63.3838 11.7143 7.70904 0 118.5741 77.2905 -38.2342 -81.3884 0 0 0 0 0 0 0 0 13.3257 45.3766 11.7001 11.7001 
0.00108665735643372931 1.5549 0 335995 70.2877 12.5964 8.94328 0 47.09591 -20.2514 -1.18448 42.503 0 -0 0 0 0 -0 0 0 17.059 44.9505 22.9002 365.32 
0.00108665735643372931 1.69129 1 371012 66.0513 9.88396 6.0331 0 0 1 11.4931 4.12459 -2.33423 0 0 0 0 0 0 0 0 13.4538 35.3658 0 99.5604 
0.00108665735643372931 2.08476 0 372935 69.5046 12.4196 8.67346 0 58.62841 17.7419 55.794 3.09024 0 0 0 0 0 0 0 0 14.3046 38.9357 0 155.799 
0.00112788622063670707 0.197808 0 295960 60.9026 11.6032 7.57334 0 174.8511 -173.354 5.33676 22.2028 0 0 0 0 0 0 0 0 24.1529 44.5503 995.907 3125.81 
0.00112788622063670707 0.299387 0 181303 61.4273 11.7435 7.74543 0 129.5491 -89.9344 9.1386 -92.7971 0 -0 0 0 0 -0 0 0 27.7443 65.4848 1788.09 3345.93 
0.00112788622063670707 0.320606 0 95702 60.5667 11.5141 7.46776 0 207.6871 60.7164 97.6486 -172.951 0 0 0 0 0 0 0 0 24.9062 67.9946 512.916 1960.46 
0.00112788622063670707 0.474681 0 197790 61.1754 11.6712 7.6559 0 165.7451 165.637 4.28321 -4.19034 0 0 0 -0 0 0 0 -0 25.1091 61.198 209.642 973.509 
0.00112788622063670707 0.512778 0 25991 61.3019 11.7133 7.70785 0 120.8341 63.8666 11.0388 101.981 0 0 0 0 0 0 0 0 27.5646 56.7261 789.65 1790.05 
0.00112788622063670707 0.543377 0 166865 62.8942 11.7061 7.69882 0 126.4681 -112.73 41.7777 -39.2533 0 0 0 0 0 0 0 0 31.9142 69.4176 535.722 1663.81 
0.00112788622063670707 0.556925 0 164435 61.1483 11.6722 7.65703 0 129.541 75.0808 -104.195 -16.9403 0 0 0 -0 0 0 0 -0 26.5577 63.9729 298.727 588.606 
0.00112788622063670707 0.582066 0 107024 60.5044 11.5057 7.45798 0 78.35091 -66.1721 39.872 13.0514 0 0 0 0 0 0 0 0 29.9687 73.9953 22.0259 1105.3 
0.00112788622063670707 0.587844 0 176147 59.5084 11.2733 7.19649 0 58.00071 -26.9345 -48.3311 17.3988 0 0 -0 0 0 0 -0 0 29.9687 73.9953 22.0259 1105.3 
0.00112788622063670707 0.596915 0 218505 59.8231 11.3279 7.25619 0 189.7041 -142.627 -117.52 -42.8253 0 0 0 0 0 0 0 0 29.9687 73.9953 22.0259 1105.3 
0.00112788622063670707 0.678365 0 184514 59.5604 11.2787 7.20231 0 189.5781 -163.983 43.9563 -84.3639 0 0 0 0 0 0 0 0 18.3392 59.8023 246.356 260.856 
0.00112788622063670707 0.705478 0 213283 61.3056 11.7147 7.70955 0 132.9881 -58.9893 -90.1336 -77.9865 0 -0 0 0 0 -0 0 0 23.1495 61.7938 184.459 226.987 
0.00112788622063670707 0.761362 0 85265 58.7173 11.9766 8.04682 0 37.46411 35.4352 8.15501 9.02203 0 0 0 0 0 0 0 0 28.6179 63.229 204.293 357.593 
0.00112788622063670707 0.818237 0 52253 57.7001 11.6467 7.626 0 143.0051 118.577 65.0018 46.5253 0 0 0 0 0 0 0 0 28.9747 85.2893 393.281 523.278 
0.00112788622063670707 0.83499 1 156600 59.8262 9.37332 8.15884 0 0 1 -3.02025 -1.70222 -1.70634 0 -0 0 0 0 -0 0 0 28.9747 85.2893 393.281 523.278 
0.00112788622063670707 0.840513 0 147276 58.7407 11.9887 8.06308 0 156.8351 153.854 11.91 -28.0047 0 0 0 0 0 0 0 0 28.9747 85.2893 393.281 523.278 
0.00112788622063670707 0.848873 0 317807 57.5989 11.6138 7.58611 0 248.3741 219.028 68.512 -94.9871 0 0 0 0 0 0 0 0 16.2629 43.566 29.6614 70.4817 
0.00112788622063670707 1.06846 0 269591 60.8854 11.6058 7.5765 0 152.7731 -117.338 84.1547 -49.8945 0 0 0 0 0 0 0 0 15.9481 62.7764 24.7446 352.335 
0.00112788622063670707 1.16453 0 338207 60.5699 11.515 7.46886 0 153.6481 -31.3517 136.241 -63.7427 0 0 0 -0 0 0 0 -0 18.7405 52.6547 81.8992 410.054 
0.00112788622063670707 1.27129 0 243358 57.0413 11.4504 7.39401 0 160.4631 -110.925 56.4465 -101.282 0 0 0 -0 0 0 0 -0 21.2624 52.5156 106.318 648.461 
0.00112788622063670707 1.28853 0 371644 59.5776 11.2819 7.20579 0 193.7621 13.0749 -150.742 -121.036 0 0 0 -0 0 0 0 -0 12.9475 44.0747 0 71.8594 
0.00112788622063670707 1.40358 0 295191 62.2835 11.6562 7.63751 0 128.7911 -103.758 67.9102 34.7819 0 0 0 0 0 0 0 0 12.5098 45.7745 80.396 118.65 
0.00112788622063670707 1.42344 0 327684 58.6096 11.9205 7.97256 0 92.8411 -48.5548 -42.9076 -66.4892 0 0 0 -0 0 0 0 -0 17.2652 51.6581 0 191.584 
0.00112788622063670707 1.63398 0 179664 56.8427 11.3973 7.33362 0 60.90091 -60.1238 6.21727 7.44275 0 0 0 0 0 0 0 0 8.09098 51.7312 30.857 225.667 
0.00112788622063670707 1.69884 0 317685 56.9542 11.4278 7.36816 0 230.6741 194.719 -98.4737 -74.8176 0 0 0 0 0 0 0 0 8.41368 33.7175 228.04 233.137 
0.00112788622063670707 1.72966 0 362298 61.3799 11.7283 7.72648 0 135.0721 125.052 -50.1223 -9.70444 0 0 0 0 0 0 0 0 7.12464 24.6546 0 14.9174 
0.00112788622063670707 1.80136 0 291197 57.4143 11.5644 7.527 0 39.57821 -11.8886 -37.7223 -1.45631 0 0 -0 0 0 0 -0 0 22.1123 31.2764 55.9864 585.292 
0.00112788622063670707 1.82966 0 110778 61.5212 11.7653 7.77275 0 185.6571 171.384 58.6491 40.7004 0 0 0 0 0 0 0 0 22.1123 31.2764 55.9864 585.292 
0.00112788622063670707 1.88289 0 231968 59.6735 11.3084 7.23472 0 156.8491 151.216 40.0958 11.2982 0 0 0 0 0 0 0 0 22.1123 31.2764 55.9864 585.292 
0.00112788622063670707 2.0367 0 396909 58.0621 11.7531 7.75741 0 32.22331 -4.01704 -30.4696 9.68547 0 0 0 0 0 0 0 0 14.2767 34.8965 0 423.665 
0.00112788622063670707 3.14666 0 398758 57.0943 11.4652 7.41098 0 140.9191 0.113533 -100.779 -98.4975 0 0 0 0 0 0 0 0 3.33376 3.33376 0 0 
0.00115620696613000337 0.175907 0 6409 54.1053 10.654 6.59315 0 186.6351 168.662 48.4921 63.5138 0 0 0 0 0 0 0 0 11.5388 30.4852 459.956 1254.47 
0.00115620696613000337 0.39472 0 134142 56.2477 11.235 7.15523 0 66.11991 -33.6375 -51.1943 24.8899 0 0 0 0 0 0 0 0 16.5833 52.7015 337.187 1142.81 
0.00115620696613000337 0.50305 0 13642 55.6771 11.099 7.01296 0 187.5011 -82.7457 -154.464 -66.7136 0 -0 0 0 0 -0 0 0 22.9695 53.3877 277.674 1103.95 
0.00115620696613000337 0.538809 0 235966 55.6077 11.0786 6.99212 0 265.3121 215.363 -35.4861 150.83 0 0 0 0 0 0 0 0 19.6 57.7348 140.103 1187.84 
0.00115620696613000337 0.707387 0 10715 54.7275 10.8437 6.76359 0 102.9941 6.4367 94.7106 -39.9533 0 0 0 0 0 0 0 0 12.6917 40.9687 17.9434 112.302 
0.00115620696613000337 0.732694 0 214436 54.3792 10.7237 6.65425 0 181.2531 -6.83888 58.6519 171.364 0 0 0 0 0 0 0 0 20.4452 42.3065 333.16 704.426 
0.00115620696613000337 0.841473 0 128897 55.4251 11.0143 6.92767 0 73.03951 19.6756 11.4435 69.4023 0 0 0 0 0 0 0 0 13.2893 47.4331 335.67 542.675 
0.00115620696613000337 0.85982 1 0 0 9.73867 5.94968 0 0 1 -19.4074 -70.7005 29.1928 1 -13.1097 12.0411 -1.85164 0 0 0 0 15.4336 48.0101 1.51071 647.728 
0.00115620696613000337 0.87378 0 265002 55.269 10.9621 6.87634 0 44.27651 9.20137 -41.3973 -12.7283 0 0 0 -0 0 0 0 -0 22.1812 46.0812 268.842 787.131 
0.00115620696613000337 1.20726 0 277897 54.1417 10.6644 6.6022 0 114.3151 -110.928 -13.1053 -24.3117 0 0 0 0 0 0 0 0 8.51312 37.7446 152.429 156.36 
0.00115620696613000337 1.22949 0 381642 54.1803 10.6807 6.61639 0 125.8741 -89.969 57.6048 -66.57 0 0 0 0 0 0 0 0 8.51312 37.7446 152.429 156.36 
0.00115620696613000337 2.04716 0 324126 54.2403 10.6948 6.62875 0 78.33871 49.9172 -49.1963 34.9992 0 0 -0 0 0 0 -0 0 4.07037 20.5072 0 0 
0.00115620696613000337 2.22604 0 383467 56.599 11.3596 7.29129 0 170.6341 -56.9399 -131.347 -92.853 0 -0 0 0 0 -0 0 0 8.71133 26.0081 0 0 
0.00115620696613000337 2.47923 0 58352 55.3119 10.973 6.88696 0 157.41 26.4154 29.0244 152.429 0 0 0 0 0 0 0 0 7.48945 12.5 0 0 
0.00120940671569960516 0.140802 0 75494 52.6861 10.6355 6.57723 0 57.47841 -35.0563 34.3846 -29.8751 0 0 0 0 0 0 0 0 18.9778 41.6012 1308.43 2540.59 
0.00120940671569960516 0.176361 1 28748 54.3326 9.06146 7.88715 0 0 1 1.7007 0.358357 -1.79253 0 0 0 0 0 0 0 0 18.9778 41.6012 1308.43 2540.59 
0.00120940671569960516 0.102492 1 0 0 10.6777 6.61372 0 0 1 91.4729 -51.7674 -19.5858 1 93.928 -47.1055 -20.4007 0 0 0 0 18.9778 41.6012 1308.43 2540.59 
0.00120940671569960516 0.198388 0 27716 51.6437 10.5958 6.54368 0 124.4351 -55.786 -63.9957 90.9758 0 0 0 0 0 0 0 0 27.1799 63.4025 1788.23 3543.89 
0.00120940671569960516 0.205252 0 43106 50.8741 10.6211 6.56495 0 140.7671 -71.8505 4.96969 -120.946 0 0 0 0 0 0 0 0 27.1799 63.4025 1788.23 3543.89 
0.00120940671569960516 0.21636 0 37483 52.7163 10.6221 6.56581 0 66.92511 16.0827 57.5663 -30.107 0 0 0 0 0 0 0 0 27.1799 63.4025 1788.23 3543.89 
0.00120940671569960516 0.24927 0 183715 49.3078 10.7233 6.65395 0 105.1351 41.9962 -60.8144 -74.7755 0 0 -0 0 0 0 -0 0 27.5219 67.4365 1418.47 3215.48 
0.00120940671569960516 0.276748 0 157557 48.6908 10.72 6.65097 0 75.99011 -49.0909 -0.606081 -58.0018 0 -0 0 0 0 -0 0 0 27.5219 67.4365 1418.47 3215.48 
0.00120940671569960516 0.29964 0 89578 49.7995 10.6891 6.62376 0 31.99091 1.07287 18.3389 26.1907 0 0 0 0 0 0 0 0 23.9382 66.0057 1318.5 1864.36 
0.00120940671569960516 0.33168 0 74245 51.1709 10.6088 6.55454 0 161.471 14.6217 20.0086 159.557 0 0 0 0 0 0 0 0 35.3877 78.8803 584.886 1671.21 
0.00120940671569960516 0.336269 0 194166 51.865 10.6602 6.59852 0 87.04321 -56.8556 -19.4929 -62.9602 0 0 -0 0 0 0 -0 0 35.3877 78.8803 584.886 1671.21 
0.00120940671569960516 0.370206 0 161343 49.6198 10.6959 6.62973 0 82.99591 34.8956 58.0348 47.9852 0 0 0 0 0 0 0 0 32.0588 78.4085 1074.03 2315.88 
0.00120940671569960516 0.413063 0 99846 48.7235 10.7257 6.65608 0 112.8191 112.745 -3.07277 2.71094 0 0 0 0 0 0 0 0 35.5776 81.1727 880.886 1977.86 
0.00120940671569960516 0.440149 0 111644 52.5187 10.626 6.5691 0 51.82321 50.4226 -11.489 -3.34664 0 0 -0 0 0 0 -0 0 34.5214 79.0573 225.949 1594.02 
0.00120940671569960516 0.460075 0 56191 51.4257 10.5887 6.53778 0 149.6641 -109.756 -3.56596 101.687 0 0 0 0 0 0 0 0 32.9858 69.0896 186.401 973.355 
0.00120940671569960516 0.498005 0 54190 49.2892 10.7208 6.65176 0 139.1351 -139.096 0.692135 3.20792 0 -0 0 0 0 -0 0 0 35.72 82.5603 475.269 972.031 
0.00120940671569960516 0.543992 0 165646 52.3922 10.6397 6.5808 0 222.9821 -177.476 -8.48814 -134.726 0 0 0 -0 0 0 0 -0 25.1764 67.8874 1104.95 1755.32 
0.00120940671569960516 0.632266 0 162029 49.042 10.6852 6.62029 0 136.7741 -8.53428 -128.198 -46.9005 0 0 0 0 0 0 0 0 27.5403 70.9607 278.506 1568.34 
0.00120940671569960516 0.651364 0 183290 48.3797 10.6816 6.61716 0 59.15911 58.6623 -3.56138 6.77086 0 0 0 0 0 0 0 0 23.1535 75.9984 301.895 427.337 
0.00120940671569960516 0.661131 0 154047 51.7776 10.6268 6.56981 0 151.011 135.345 66.6927 6.16503 0 0 0 0 0 0 0 0 23.1535 75.9984 301.895 427.337 
0.00120940671569960516 0.682309 0 77606 52.4339 10.6235 6.56697 0 140.7681 135.077 -39.2323 -5.52275 0 0 0 0 0 0 0 0 31.5075 76.1049 49.9147 967.074 
0.00120940671569960516 0.758899 0 328792 48.8904 10.7174 6.64872 0 49.01151 -39.9986 -8.75054 26.9382 0 0 0 0 0 0 0 0 30.2908 80.3426 0 930.29 
0.00120940671569960516 0.821711 0 205268 0.091448 11.3879 7.32295 0 249.6631 15.1656 -236.89 77.3605 0 0 -0 0 0 0 -0 0 21.7048 54.2758 1.32539 173.305 
0.00120940671569960516 0.833422 0 271044 49.4119 10.7291 6.65912 0 174.5321 -105.42 -138.072 16.8538 0 -0 0 0 0 -0 0 0 21.7048 54.2758 1.32539 173.305 
0.00120940671569960516 0.921217 0 185627 50.0487 10.6609 6.59915 0 179.2521 -172.482 23.5181 42.7568 0 0 0 0 0 0 0 0 21.0919 67.9903 155.459 286.389 
0.00120940671569960516 1.01104 0 256067 48.9333 10.7144 6.64605 0 106.9541 104.729 -21.3501 3.88827 0 0 -0 0 0 0 -0 0 15.1138 66.4879 0 242.11 
0.00120940671569960516 1.10142 0 116262 49.0266 10.6958 6.62961 0 177.7541 151.844 -89.9309 -21.2696 0 0 0 -0 0 0 0 -0 21.0837 60.8997 13.0574 250.152 
0.00120940671569960516 1.13276 1 270680 52.7097 8.91347 7.75817 0 0 1 1.42439 -0.00236252 1.10058 0 0 0 0 0 0 0 0 26.191 68.5286 444.951 460.479 
0.00120940671569960516 1.40111 0 306489 52.3269 10.6373 6.57873 0 72.39151 71.3978 10.6494 -5.42776 0 0 0 -0 0 0 0 -0 22.4584 61.7374 6.76414 148.079 
0.00120940671569960516 1.66627 0 361840 51.3662 10.6116 6.55695 0 94.88891 93.0696 -13.5631 -12.5699 0 0 0 0 0 0 0 0 6.74274 45.6907 0 0 
0.00120940671569960516 1.77895 0 379809 53.2254 10.6029 6.54961 0 189.2681 162.164 -64.9571 -72.8397 0 0 -0 0 0 0 -0 0 12.3763 58.2677 1.60235 66.7731 
0.00120940671569960516 1.84003 0 235149 52.2635 10.7728 6.69841 0 157.0031 -156.869 4.79967 -4.32953 0 -0 0 0 0 -0 0 0 7.4242 24.1919 0 5.36 
0.00120940671569960516 2.00861 0 359834 50.5153 10.6396 6.58071 0 64.93851 27.9071 -36.1072 46.2003 0 0 0 0 0 0 0 0 13.8125 31.4197 0 0 
0.00120940671569960516 2.05136 0 344057 50.9575 10.6232 6.56666 0 30.8191 -24.8611 -18.2043 0.584056 0 0 0 0 0 0 0 0 6.1908 24.8469 87.1807 87.1807 
0.00120940671569960516 2.16277 0 314533 49.0375 10.6872 6.62205 0 97.21851 10.5388 48.0053 -83.8801 0 0 0 0 0 0 0 0 6.61001 24.238 143.87 143.87 
0.00120940671569960516 2.20225 0 361078 49.0859 10.6936 6.6277 0 273.361 273.229 -6.64452 -5.23466 0 0 0 -0 0 0 0 -0 6.61001 24.238 143.87 143.87 
0.00122652876855773238 0.0356121 1 0 0 10.7221 6.65287 0 0 1 73.6609 -45.7752 -37.0656 1 77.305 -43.6183 -32.4553 0 0 0 0 8.49944 21.4062 780.232 1821.41 
0.00122652876855773238 0.263929 0 27316 48.1001 10.6447 6.58509 0 121.241 -72.7292 96.7565 6.90995 0 0 0 0 0 0 0 0 13.6183 32.2643 471.705 1146.08 
0.00122652876855773238 0.382293 0 177060 46.786 10.7331 6.66269 0 196.5081 196.474 -2.45446 2.68414 0 0 -0 0 0 0 -0 0 17.3687 39.715 114.819 795.959 
0.00122652876855773238 0.385474 0 45741 47.4805 10.6058 6.55207 0 159.951 -87.7556 -96.0139 93.0816 0 0 -0 0 0 0 -0 0 17.3687 39.715 114.819 795.959 
0.00122652876855773238 0.514561 0 55710 46.9203 10.7078 6.64019 0 161.4531 4.69219 137.354 84.7286 0 0 0 0 0 0 0 0 14.2074 40.9738 283.483 554.57 
0.00122652876855773238 0.529418 0 239587 46.862 10.7247 6.65518 0 138.3711 -105.69 1.25904 89.3007 0 -0 0 0 0 -0 0 0 11.6903 34.9012 13.0437 380.008 
0.00122652876855773238 0.595519 0 164882 47.7203 10.6446 6.58501 0 92.52831 56.742 -68.5894 -25.2452 0 0 0 -0 0 0 0 -0 14.9455 32.2614 87.0188 211.609 
0.00122652876855773238 0.753235 0 244454 47.648 10.6385 6.57976 0 133.0641 -2.8289 125.29 -44.7267 0 -0 0 0 0 -0 0 0 12.1944 33.4673 3.11441 235.739 
0.00122652876855773238 0.984484 0 62226 48.302 10.6739 6.61045 0 76.47531 -75.9179 -7.4413 -5.43926 0 -0 0 0 0 -0 0 0 10.8011 40.1787 0 140.135 
0.00122652876855773238 1.34714 0 285251 47.225 10.6783 6.61427 0 133.8061 109.426 30.5991 70.6664 0 0 0 0 0 0 0 0 9.53878 19.081 0 24.2605 
0.00122652876855773238 1.37538 0 282000 46.7004 10.7158 6.6473 0 128.2311 33.0142 -8.75661 123.598 0 0 0 0 0 0 0 0 9.53878 19.081 0 24.2605 
0.00122652876855773238 1.41383 0 384887 47.1598 10.6936 6.62768 0 207.5011 -120.145 -101.065 -135.676 0 0 0 -0 0 0 0 -0 8.44819 19.6819 0 59.3877 
0.00122652876855773238 1.41931 0 335674 47.1338 10.6911 6.62552 0 154.9221 154.239 14.1944 -3.10532 0 0 0 -0 0 0 0 -0 8.44819 19.6819 0 59.3877 
0.00122652876855773238 1.98183 0 392042 47.1703 10.6864 6.62138 0 83.82831 75.4798 -36.0559 -5.47227 0 0 0 0 0 0 0 0 3.94896 11.8545 27.8977 27.8977 
0.00126816451153321727 0.254257 0 57888 45.7057 10.5863 6.53573 0 195.2541 95.2478 -142.71 -93.1972 0 0 0 0 0 0 0 0 28.6569 65.2162 1478.22 3011.51 
0.00126816451153321727 0.364706 0 37829 45.571 10.5703 6.52248 0 62.62371 25.4219 55.892 12.3104 0 0 0 0 0 0 0 0 20.5046 63.1267 340.132 1137.11 
0.00126816451153321727 0.379265 0 245146 44.8596 10.4818 6.45057 0 67.27231 -28.5785 17.1377 58.4391 0 0 0 0 0 0 0 0 18.5644 62.4584 1008.6 1277.49 
0.00126816451153321727 0.401718 0 144755 46.2284 10.6575 6.59622 0 81.28311 73.5456 -14.4662 -31.4439 0 0 0 0 0 0 0 0 26.8294 65.7662 1753.29 2600.15 
0.00126816451153321727 0.42055 0 139943 46.444 10.6828 6.6182 0 207.831 162.536 -119.218 50.6213 0 0 -0 0 0 0 -0 0 26.8294 65.7662 1753.29 2600.15 
0.00126816451153321727 0.427661 0 58596 45.3218 10.5535 6.50867 0 187.1841 -62.1962 66.4708 -163.558 0 0 0 0 0 0 0 0 30.597 74.3988 287.816 1091.09 
0.00126816451153321727 0.484117 0 65477 45.4948 10.5634 6.51677 0 235.0251 -200.506 117.45 35.2135 0 0 0 0 0 0 0 0 19.8779 59.5766 337.498 1172.58 
0.00126816451153321727 0.493381 0 120626 44.1948 10.3908 6.37932 0 178.8341 -155.628 70.8192 -52.405 0 -0 0 0 0 -0 0 0 19.8779 59.5766 337.498 1172.58 
0.00126816451153321727 0.505136 0 141955 43.841 10.5214 6.48241 0 72.41571 34.7267 -20.9494 -59.9934 0 0 -0 0 0 0 -0 0 25.843 67.4669 128.513 1081.45 
0.00126816451153321727 0.525254 1 335084 46.4154 8.51892 7.41333 0 0 1 0.589484 -1.46629 -1.81066 0 0 -0 0 0 0 -0 0 27.0058 62.509 380.877 1255.8 
0.00126816451153321727 0.531197 0 246886 46.5453 10.6971 6.63077 0 137.3911 -61.916 -2.66154 -122.62 0 -0 0 0 0 -0 0 0 27.0058 62.509 380.877 1255.8 
0.00126816451153321727 0.535086 0 35366 3.74466 10.6047 6.5511 0 169.7081 -66.1661 34.313 -152.465 0 0 0 0 0 0 0 0 27.0058 62.509 380.877 1255.8 
0.00126816451153321727 0.737116 0 85683 44.9658 10.4944 6.46067 0 21.31151 -19.8835 1.74516 7.4687 0 0 0 0 0 0 0 0 22.1811 65.1321 191.422 833.889 
0.00126816451153321727 0.996221 0 60170 45.2368 10.5209 6.48201 0 289.4771 271.82 -96.8804 -22.9094 0 0 0 -0 0 0 0 -0 11.845 53.1595 29.5223 32.043 
0.00126816451153321727 1.0266 0 63181 45.5723 10.5667 6.5195 0 116.8241 -114.241 -24.3652 -1.77754 0 0 0 -0 0 0 0 -0 11.1626 43.6557 0 239.562 
0.00126816451153321727 1.03299 0 146828 45.4911 10.562 6.51559 0 98.0081 -60.2505 67.7902 -37.1472 0 0 0 -0 0 0 0 -0 21.0601 53.5656 89.1136 729.313 
0.00126816451153321727 1.1027 0 20900 43.6574 10.5067 6.47056 0 112.9561 89.2502 -56.0335 40.6647 0 0 -0 0 0 0 -0 0 15.6084 54.7404 48.3606 60.0976 
0.00126816451153321727 1.12143 0 351864 45.7105 10.5892 6.53818 0 102.1651 80.8642 61.9269 7.98482 0 0 0 0 0 0 0 0 15.6084 54.7404 48.3606 60.0976 
0.00126816451153321727 1.13041 0 194155 45.6927 10.5888 6.53783 0 195.6751 -74.4136 -177.652 34.5115 0 0 0 0 0 0 0 0 15.6084 54.7404 48.3606 60.0976 
0.00126816451153321727 1.25286 0 290261 46.1784 10.6539 6.59305 0 121.4551 101.836 -51.4813 41.6005 0 0 0 0 0 0 0 0 15.3806 48.4078 7.36488 173.862 
0.00126816451153321727 1.32811 0 303887 44.4687 10.427 6.40733 0 116.6241 -18.4804 -4.86217 115.048 0 -0 0 0 0 -0 0 0 15.8105 43.4366 0 146.743 
0.00126816451153321727 1.72492 0 344190 46.6096 10.7041 6.63696 0 153.0151 -8.57896 -96.7607 -118.225 0 0 0 0 0 0 0 0 13.7148 37.6656 81.6215 81.6215 
0.00126816451153321727 1.77709 0 334216 46.162 10.6549 6.59395 0 125.4791 40.9235 -118.501 5.26849 0 0 0 0 0 0 0 0 16.0455 39.471 0 131.186 
0.00126816451153321727 2.68233 0 361508 44.148 10.3854 6.37519 0 323.9821 -309.429 -16.1615 -94.643 0 -0 0 0 0 -0 0 0 0 18.071 0 0 
0.00138153820488749767 0.0758725 1 25648 0.0859284 8.41707 7.32409 0 0 1 0.238182 0.949753 0.862056 0 0 0 0 0 0 0 0 30.0726 69.206 1166.31 3496.11 
0.00138153820488749767 0.109619 0 7823 39.3151 10.1492 6.20361 0 186.0981 -162.951 -77.5564 45.4387 0 0 0 0 0 0 0 0 30.0726 69.206 1166.31 3496.11 
0.00138153820488749767 0.196297 0 68583 43.541 10.5 6.46512 0 172.8051 -90.3018 -70.1616 -129.554 0 0 0 -0 0 0 0 -0 43.8804 100.334 3072.37 4860.97 
0.00138153820488749767 0.210075 0 70798 38.6921 10.0925 6.16518 0 80.93761 73.454 -31.6283 12.4527 0 0 0 0 0 0 0 0 43.8804 100.334 3072.37 4860.97 
0.00138153820488749767 0.249712 0 36799 0 10.5255 6.48579 0 164.7591 -64.9976 -145.618 -41.4245 0 0 -0 0 0 0 -0 0 43.2225 101.057 1102.01 3269.36 
0.00138153820488749767 0.304036 0 4347 41.5373 10.205 6.24244 0 152.7441 126.434 69.4979 50.1506 0 0 0 0 0 0 0 0 44.6922 109.405 1327.35 3105.61 
0.00138153820488749767 0.319976 0 82477 40.9632 10.2469 6.27228 0 152.4111 -31.6619 -3.56708 -149.044 0 0 0 0 0 0 0 0 56.0973 123.542 1064.61 2396.49 
0.00138153820488749767 0.326939 0 78974 0.306321 10.1218 6.18486 0 111.8411 102.651 12.524 42.5965 0 0 0 0 0 0 0 0 56.0973 123.542 1064.61 2396.49 
0.00138153820488749767 0.334869 0 6025 40.7768 10.2107 6.24645 0 179.7981 -53.0669 78.6809 152.711 0 -0 0 0 0 -0 0 0 56.0973 123.542 1064.61 2396.49 
0.00138153820488749767 0.340349 0 5284 40.5322 10.1769 6.22275 0 54.8911 -27.9664 45.5753 12.4012 0 0 0 0 0 0 0 0 56.0973 123.542 1064.61 2396.49 
0.00138153820488749767 0.374883 0 516337 0.207135 12.2409 8.41214 0 96.76141 -11.4931 68.9824 -66.8738 0 0 0 0 0 0 0 0 47.6728 118.498 891.93 2024.65 
0.00138153820488749767 0.381157 0 51605 40.827 10.2187 6.25212 0 172.1011 122.667 100.328 67.1258 0 0 0 0 0 0 0 0 53.5782 129.817 871.333 2751.27 
0.00138153820488749767 0.383665 0 79197 38.3837 10.0441 6.13323 0 149.0991 149.061 0.680189 3.28518 0 0 0 0 0 0 0 0 53.5782 129.817 871.333 2751.27 
0.00138153820488749767 0.422293 0 68259 42.4999 10.3447 6.3443 0 178.3331 -163.248 -22.5248 -68.1567 0 0 0 -0 0 0 0 -0 49.1223 116.604 733.851 2031.3 
0.00138153820488749767 0.438012 0 83883 43.4998 10.4943 6.46054 0 154.9841 11.8523 90.0455 125.584 0 0 0 0 0 0 0 0 46.2165 125.782 1096.05 2373.6 
0.00138153820488749767 0.442073 0 122995 40.6661 10.1954 6.23566 0 95.89631 -89.1091 -1.24803 -35.4133 0 0 -0 0 0 0 -0 0 46.2165 125.782 1096.05 2373.6 
0.00138153820488749767 0.473003 0 94719 43.369 10.4577 6.43143 0 187.5031 -184.429 -13.5342 -30.9861 0 0 0 0 0 0 0 0 61.8242 134.503 779.168 2583.41 
0.00138153820488749767 0.47488 0 121054 41.5427 10.2063 6.24338 0 77.52011 50.7273 -22.9993 53.918 0 0 -0 0 0 0 -0 0 61.8242 134.503 779.168 2583.41 
0.00138153820488749767 0.480515 0 22499 40.4457 10.165 6.21447 0 178.3321 66.3649 90.0086 138.912 0 0 0 0 0 0 0 0 63.3384 142.859 1288.42 3070.98 
0.00138153820488749767 0.50262 0 393305 37.8849 9.97757 6.09057 0 99.2081 -18.8915 -95.5968 18.6172 0 -0 0 0 0 -0 0 0 41.9026 113.373 359.372 1293.47 
0.00138153820488749767 0.50273 0 23355 38.7463 10.0977 6.16864 0 105.9681 -12.9806 -94.267 46.6315 0 0 0 0 0 0 0 0 41.9026 113.373 359.372 1293.47 
0.00138153820488749767 0.538517 0 234722 39.7889 10.0664 6.14782 0 93.65341 -50.7973 63.16 -46.9192 0 -0 0 0 0 -0 0 0 46.571 118.684 1147.59 2304.66 
0.00138153820488749767 0.604861 0 209143 39.2928 10.1477 6.20258 0 257.2261 -197.541 -158.467 45.0655 0 0 -0 0 0 0 -0 0 51.2819 129.687 595.467 1170.42 
0.00138153820488749767 0.622895 0 267239 42.8741 10.4053 6.3905 0 219.6541 -42.3652 65.2047 -205.43 0 0 0 0 0 0 0 0 54.4584 129.581 542.144 2035.21 
0.00138153820488749767 0.633703 0 87721 37.6852 9.93971 6.06697 0 79.81141 -48.4456 -62.1773 12.5245 0 -0 0 0 0 -0 0 0 54.4584 129.581 542.144 2035.21 
0.00138153820488749767 0.660971 0 307821 38.4061 10.0457 6.13427 0 200.81 -55.0055 10.3622 192.841 0 -0 0 0 0 -0 0 0 41.6632 133.15 316.811 784.634 
0.00138153820488749767 0.678701 0 207965 40.0184 10.0996 6.16991 0 126.2821 126.069 -5.65213 4.64989 0 0 0 0 0 0 0 0 41.6632 133.15 316.811 784.634 
0.00138153820488749767 0.703638 0 170525 38.7956 10.1008 6.17074 0 158.4461 -138.018 19.1324 75.4317 0 0 0 0 0 0 0 0 50.9123 114.146 885.055 2155.61 
0.00138153820488749767 0.716365 0 131772 42.8596 10.4018 6.38783 0 69.44761 59.7688 11.1046 33.5761 0 0 0 0 0 0 0 0 55.5081 141.203 838.726 1376.93 
0.00138153820488749767 0.76391 0 111014 41.6225 10.2268 6.25788 0 120.4761 14.3798 12.7846 118.93 0 0 0 0 0 0 0 0 46.2951 109.456 1081.8 2501.5 
0.00138153820488749767 0.784451 0 185827 39.6373 10.054 6.13971 0 52.83591 20.011 -22.6617 43.3318 0 0 0 0 0 0 0 0 39.772 109.709 214.718 1316.16 
0.00138153820488749767 0.785107 0 299694 38.0255 9.99101 6.09907 0 176.31 47.3431 121.323 -118.832 0 0 0 0 0 0 0 0 39.772 109.709 214.718 1316.16 
0.00138153820488749767 0.812589 0 170070 42.6563 10.3659 6.36036 0 239.8421 -48.5441 135.367 191.946 0 -0 0 0 0 -0 0 0 41.8561 126.457 79.2835 1025.62 
0.00138153820488749767 0.817218 0 252721 40.7212 10.2051 6.24254 0 115.3311 90.954 -59.4485 -38.6578 0 0 -0 0 0 0 -0 0 41.8561 126.457 79.2835 1025.62 
0.00138153820488749767 0.819137 0 167586 38.5806 10.0815 6.1578 0 83.92711 33.6125 64.0516 -42.5598 0 0 0 0 0 0 0 0 41.8561 126.457 79.2835 1025.62 
0.00138153820488749767 0.85264 0 284405 0.811533 10.5184 6.47998 0 102.9421 37.2421 -2.24519 95.9433 0 0 0 0 0 0 0 0 34.8056 104.318 524.642 860.841 
0.00138153820488749767 0.861258 0 264494 39.589 10.0326 6.12576 0 205.2361 -182.948 82.7158 -42.5401 0 0 0 -0 0 0 0 -0 34.8056 104.318 524.642 860.841 
0.00138153820488749767 0.893916 0 85753 43.43 10.4696 6.44088 0 77.22161 -10.996 -62.576 43.892 0 -0 0 0 0 -0 0 0 45.9287 107.298 175.886 494.838 
0.00138153820488749767 0.895524 0 36465 39.0862 10.1279 6.18903 0 116.0961 114.47 6.94351 18.0774 0 0 0 0 0 0 0 0 45.9287 107.298 175.886 494.838 
0.00138153820488749767 0.89812 0 303941 38.4651 10.0697 6.15 0 119.0331 109.336 39.7164 25.2412 0 0 0 0 0 0 0 0 45.9287 107.298 175.886 494.838 
0.00138153820488749767 0.900163 0 219847 39.7453 10.0639 6.14619 0 27.85051 -16.8156 -1.74122 -22.1326 0 -0 0 0 0 -0 0 0 45.9287 107.298 175.886 494.838 
0.00138153820488749767 0.901755 0 261297 38.2168 10.0162 6.11513 0 68.71091 -7.93007 67.3989 -10.7561 0 0 0 0 0 0 0 0 45.9287 107.298 175.886 494.838 
0.00138153820488749767 0.933496 0 303045 38.5069 10.0736 6.15259 0 103.7591 8.80386 40.777 -95.0034 0 0 0 0 0 0 0 0 46.6461 124.992 267.393 965.334 
0.00138153820488749767 0.944772 0 284845 43.5769 10.4997 6.46491 0 193.4511 191.908 -20.0308 -13.9074 0 0 0 0 0 0 0 0 46.6461 124.992 267.393 965.334 
0.00138153820488749767 1.00351 0 195207 39.8973 10.0822 6.15829 0 238.8061 -140.661 26.6265 -191.138 0 0 0 0 0 0 0 0 43.6183 105.001 0 188.086 
0.00138153820488749767 1.05947 0 383571 38.192 10.0138 6.11364 0 165.3631 -162.386 19.7809 -24.1745 0 0 0 0 0 0 0 0 44.3581 117.056 203.118 425.949 
0.00138153820488749767 1.06405 1 409609 66.333 11.2863 7.21062 0 0 2 53.7727 4.29008 -96.8858 0 0 0 -0 0 0 0 -0 44.3581 117.056 203.118 425.949 
0.00138153820488749767 1.10314 0 393629 43.1693 10.4368 6.41502 0 103.8361 100.337 19.2253 -18.5686 0 0 0 -0 0 0 0 -0 37.0595 93.6772 388.719 471.506 
0.00138153820488749767 1.13644 0 244533 41.1435 10.2601 6.28183 0 155.7141 -73.144 24.0076 135.353 0 -0 0 0 0 -0 0 0 36.9872 106.537 241.003 954.671 
0.00138153820488749767 1.1758 0 222067 38.9746 10.1195 6.1833 0 207.2791 2.57037 -66.972 196.144 0 0 0 0 0 0 0 0 38.0957 106.506 145.767 763.986 
0.00138153820488749767 1.19409 0 189256 40.4504 10.164 6.21379 0 71.55141 36.8955 53.457 30.0113 0 0 0 0 0 0 0 0 28.6767 94.5155 73.7902 854.606 
0.00138153820488749767 1.20387 0 50618 39.3718 10.1531 6.20624 0 178.4631 128.733 26.6091 -120.701 0 0 0 0 0 0 0 0 28.6767 94.5155 73.7902 854.606 
0.00138153820488749767 1.23517 0 334260 41.0287 10.2536 6.27712 0 147.5251 -27.5342 -144.932 0.249707 0 -0 0 0 0 -0 0 0 39.5915 117.504 40.6798 692.867 
0.00138153820488749767 1.24591 0 159247 38.304 10.0314 6.12493 0 270.5941 -4.14397 205.363 176.154 0 0 0 0 0 0 0 0 39.5915 117.504 40.6798 692.867 
0.00138153820488749767 1.32752 1 0 44.0079 8.0048 2.28203 0 0 1 -79.7419 -53.3102 24.4179 1 5.29656 4.07867 -27.6239 0 0 0 0 39.6179 113.673 1091.43 1255.12 
0.00138153820488749767 1.41927 0 340616 39.9961 10.0948 6.16672 0 164.1661 -103.26 -88.3262 -92.1203 0 0 0 0 0 0 0 0 35.4533 97.7631 133.982 241.847 
0.00138153820488749767 1.53639 0 191234 39.5368 10.1655 6.21484 0 110.7081 -71.228 -75.9119 -37.6863 0 0 0 0 0 0 0 0 18.1689 93.0177 67.9505 170.423 
0.00138153820488749767 1.53818 0 205163 40.3764 10.1583 6.20986 0 109.941 -106.808 -21.6582 -14.4845 0 -0 0 0 0 -0 0 0 18.1689 93.0177 67.9505 170.423 
0.00138153820488749767 1.58048 0 330060 41.0883 10.2604 6.28203 0 184.2831 181.821 -21.1083 21.3503 0 0 -0 0 0 0 -0 0 34.7236 80.4611 337.278 541.239 
0.00138153820488749767 1.65748 0 150523 43.4831 10.4921 6.45881 0 56.97821 -23.3509 13.9389 50.0695 0 0 0 0 0 0 0 0 14.8881 77.592 6.77838 289.083 
0.00138153820488749767 1.82499 0 373672 41.3139 10.1766 6.22251 0 220.2211 215.382 -29.7061 -35.012 0 0 0 0 0 0 0 0 21.5438 68.1395 37.0101 42.8898 
0.00138153820488749767 1.84287 0 246436 39.3317 10.1493 6.20366 0 246.4961 102.364 211.603 74.2044 0 0 0 0 0 0 0 0 16.9572 77.282 0 53.6169 
0.00138153820488749767 1.8475 0 255934 40.1963 10.1249 6.18696 0 129.0161 45.3607 25.2955 -118.1 0 0 0 0 0 0 0 0 16.9572 77.282 0 53.6169 
0.00138153820488749767 1.84961 0 344240 41.4003 10.187 6.22978 0 232.7851 -209.119 -90.5431 -47.5372 0 0 0 0 0 0 0 0 16.9572 77.282 0 53.6169 
0.00138153820488749767 2.0184 0 292985 38.4492 10.0554 6.14061 0 82.95861 57.4709 -3.89823 59.6995 0 0 -0 0 0 0 -0 0 25.6194 61.137 232.79 235.486 
0.00138153820488749767 2.14134 0 364519 41.8438 10.2466 6.27207 0 38.91291 -32.4103 19.4736 9.19608 0 0 0 0 0 0 0 0 16.5199 58.7243 126.339 320.019 
0.00138153820488749767 2.42434 0 386480 42.959 10.4122 6.39581 0 120.1441 -81.7053 22.454 -85.1739 0 0 0 -0 0 0 0 -0 9.43644 45.1703 21.6884 21.6884 
0.00138153820488749767 2.52153 0 295464 40.7464 10.2058 6.24304 0 239.8511 172.24 61.925 155.007 0 0 0 0 0 0 0 0 7.73679 33.3313 0 120.857 
0.00138153820488749767 2.63813 0 372622 37.8862 9.9773 6.09041 0 210.4661 -154.926 126.811 -64.9039 0 0 0 0 0 0 0 0 7.73679 33.3313 0 120.857 
0.00138153820488749767 2.98802 0 197910 42.2259 10.3097 6.31814 0 75.44711 5.70657 -65.2783 37.3958 0 0 0 0 0 0 0 0 11.4701 45.83 0 188.821 
0.00138153820488749767 3.05731 1 398883 43.7001 8.22917 7.1603 0 0 1 1.51129 -1.66744 0.853732 0 0 0 0 0 0 0 0 11.4701 45.83 0 188.821 
0.00138153820488749767 3.60698 0 399060 41.5475 10.2085 6.24492 0 123.9781 -20.3759 -69.3899 100.7 0 0 -0 0 0 0 -0 0 6.83075 24.1557 0 0 
0.00138153820488749767 3.62071 0 398460 39.3299 10.1499 6.20409 0 91.56711 -72.4432 31.1508 -46.5419 0 0 0 -0 0 0 0 -0 6.83075 24.1557 0 0 
0.00145466629591926421 0.203044 0 32995 37.0429 9.84165 6.00807 0 31.20551 31.2049 0.18802 -0.0203742 0 0 0 0 0 0 0 0 33.5372 77.7465 899.441 2415.11 
0.00145466629591926421 0.263325 0 58537 36.8577 9.85815 6.01775 0 357.6921 256.231 -231.346 93.6379 0 0 0 0 0 0 0 0 35.0536 82.5837 1644.13 2965.79 
0.00145466629591926421 0.306909 0 149543 36.7563 9.84073 6.00753 0 100.9651 -100.106 0.288043 -13.1406 0 0 0 -0 0 0 0 -0 32.6448 86.4913 659.127 1764.66 
0.00145466629591926421 0.320595 0 137507 34.7929 9.64376 5.89902 0 165.6221 -161.776 13.8798 -32.6571 0 0 0 0 0 0 0 0 32.6448 86.4913 659.127 1764.66 
0.00145466629591926421 0.347135 0 87366 35.2759 9.7257 5.94258 0 121.771 -5.96825 -39.1585 -115.147 0 0 -0 0 0 0 -0 0 43.2384 89.5836 663.527 2779.2 
0.00145466629591926421 0.369882 0 62469 36.8054 9.84931 6.01255 0 205.8941 28.7133 185.622 84.3345 0 0 0 0 0 0 0 0 41.7546 97.5009 713.351 2148.64 
0.00145466629591926421 0.4385 0 24007 36.9311 9.81007 5.98978 0 105.5551 104.82 10.1699 7.15918 0 0 0 0 0 0 0 0 43.9645 98.1674 513.621 945.635 
0.00145466629591926421 0.506741 0 270802 37.0947 9.84698 6.01119 0 177.0261 146.346 34.2432 -93.5344 0 0 0 -0 0 0 0 -0 34.5413 92.2523 875.562 1378.66 
0.00145466629591926421 0.524831 0 134648 34.8295 9.64939 5.90194 0 290.9371 85.0438 253.661 114.315 0 0 0 0 0 0 0 0 34.5413 92.2523 875.562 1378.66 
0.00145466629591926421 0.52581 0 382096 35.6012 9.77931 5.97229 0 127.5751 -62.9591 86.8406 -69.0676 0 0 0 0 0 0 0 0 34.5413 92.2523 875.562 1378.66 
0.00145466629591926421 0.542037 0 165929 34.8882 9.65814 5.9065 0 220.2121 -146.134 164.142 13.9954 0 0 0 0 0 0 0 0 29.1265 96.3966 513.554 954.251 
0.00145466629591926421 0.552017 0 144496 36.8656 9.80027 5.98418 0 122.0871 -107.611 24.6478 -52.1316 0 0 0 -0 0 0 0 -0 43.7604 108.238 981.729 1730.19 
0.00145466629591926421 0.557247 0 162583 37.01 9.83776 6.0058 0 78.25871 76.5004 -0.767322 -16.4781 0 0 0 -0 0 0 0 -0 43.7604 108.238 981.729 1730.19 
0.00145466629591926421 0.56587 0 57393 35.2741 9.72551 5.94247 0 175.5371 -152.941 -10.4656 -85.5161 0 -0 0 0 0 -0 0 0 43.7604 108.238 981.729 1730.19 
0.00145466629591926421 0.571148 0 8274 35.9089 9.83259 6.00279 0 105.4031 -75.6562 -20.2068 70.5526 0 0 -0 0 0 0 -0 0 43.7604 108.238 981.729 1730.19 
0.00145466629591926421 0.575424 0 90793 35.7125 9.81094 5.99028 0 161.1911 75.7662 -42.8164 135.679 0 0 0 0 0 0 0 0 37.8889 96.2814 282.216 849.651 
0.00145466629591926421 0.579034 0 102873 35.6821 9.80821 5.98871 0 134.6791 -113.924 53.2035 -48.263 0 -0 0 0 0 -0 0 0 37.8889 96.2814 282.216 849.651 
0.00145466629591926421 0.58846 0 143944 36.4785 9.80229 5.98533 0 132.4251 132.409 0.261801 2.06473 0 0 0 0 0 0 0 0 37.8889 96.2814 282.216 849.651 
0.00145466629591926421 0.653489 0 244983 36.3481 9.77348 5.96902 0 154.4471 152.385 25.1459 0.389193 0 0 0 0 0 0 0 0 33.9431 105.133 84.0966 1084.13 
0.00145466629591926421 0.707302 0 211996 35.9461 9.83205 6.00247 0 124.0541 -88.9698 81.221 -29.613 0 0 0 -0 0 0 0 -0 35.0197 84.6808 375.3 823.028 
0.00145466629591926421 0.74442 0 52396 35.881 9.82907 6.00074 0 68.16451 -53.6635 38.071 17.811 0 0 0 0 0 0 0 0 35.9921 89.7868 363.444 1074.68 
0.00145466629591926421 0.744837 0 191220 35.2742 9.72552 5.94248 0 104.0581 -93.3264 39.8711 22.9887 0 0 0 0 0 0 0 0 35.9921 89.7868 363.444 1074.68 
0.00145466629591926421 0.77784 0 186579 35.8192 9.82127 5.99623 0 283.3141 28.8719 136.08 -246.81 0 0 0 0 0 0 0 0 35.5619 92.7486 116.752 788.684 
0.00145466629591926421 0.810792 0 242731 35.8408 9.82358 5.99757 0 134.1351 95.8628 23.2157 90.9034 0 0 0 0 0 0 0 0 29.5183 95.0636 99.193 172.373 
0.00145466629591926421 0.818716 0 220037 37.2213 9.85999 6.01884 0 70.16691 70.0821 -2.39085 2.4835 0 0 0 0 0 0 0 0 29.7642 87.4624 124.004 1599.47 
0.00145466629591926421 0.850943 0 169315 36.9321 9.81031 5.98992 0 260.9771 244.101 -68.0857 -62.3542 0 0 0 0 0 0 0 0 33.2282 92.901 105.726 393.634 
0.00145466629591926421 1.1116 0 198841 35.9894 9.83762 6.00571 0 245.4611 -98.3649 -15.3322 224.366 0 0 0 0 0 0 0 0 32.7049 77.7837 446.337 650.124 
0.00145466629591926421 1.20053 0 196116 35.192 9.71778 5.93827 0 125.1171 -6.21567 24.9217 122.453 0 -0 0 0 0 -0 0 0 12.0736 50.5698 9.93646 81.6978 
0.00145466629591926421 1.20696 0 218673 35.2491 9.72336 5.9413 0 189.1371 184.741 35.3126 -19.9102 0 0 0 0 0 0 0 0 12.0736 50.5698 9.93646 81.6978 
0.00145466629591926421 1.21741 0 319276 35.5055 9.76252 5.96289 0 91.66711 -87.8461 13.7105 22.3147 0 0 0 0 0 0 0 0 12.0736 50.5698 9.93646 81.6978 
0.00145466629591926421 1.25594 0 287422 36.441 9.80069 5.98442 0 144.9241 138.209 19.5366 38.9807 0 0 0 0 0 0 0 0 23.6596 65.9266 22.4239 65.8959 
0.00145466629591926421 1.41973 0 316784 35.195 9.718 5.93838 0 134.961 -86.0262 103.363 11.3847 0 -0 0 0 0 -0 0 0 15.668 54.2091 37.6427 153.289 
0.00145466629591926421 1.49951 0 393168 35.7896 9.81836 5.99455 0 157.2641 -109.39 104.06 -44.0138 0 -0 0 0 0 -0 0 0 26.5956 69.344 63.441 370.758 
0.00145466629591926421 1.61391 0 389515 37.471 9.89633 6.04052 0 88.15211 -81.7467 32.0351 7.87557 0 -0 0 0 0 -0 0 0 25.5134 68.456 1.13633 452.186 
0.00145466629591926421 1.70003 0 258580 37.0631 9.84252 6.00857 0 106.2811 -97.2057 -14.0342 -40.6174 0 -0 0 0 0 -0 0 0 18.9791 53.5299 0 17.7772 
0.00145466629591926421 1.70041 0 377351 34.8394 9.6472 5.9008 0 77.70261 -75.8987 16.4814 -2.33406 0 -0 0 0 0 -0 0 0 18.9791 53.5299 0 17.7772 
0.00145466629591926421 1.81324 0 296006 37.4654 9.89523 6.03986 0 199.7871 -134.487 -144.161 32.3352 0 0 0 0 0 0 0 0 19.8598 47.0778 171.703 173.476 
0.00145466629591926421 2.08647 0 310669 35.289 9.72721 5.9434 0 99.31361 49.3855 1.99163 86.1411 0 0 0 0 0 0 0 0 6.35533 31.5928 0 0 
0.00145466629591926421 2.18101 0 302817 35.1486 9.71409 5.93627 0 110.7191 -101.643 -34.995 -26.5102 0 -0 0 0 0 -0 0 0 4.47598 35.9861 0 0 
0.00145466629591926421 2.40213 0 246660 35.8723 9.8278 6.00001 0 118.7421 53.9292 -37.694 -98.8454 0 0 0 0 0 0 0 0 14.5617 43.3606 2.71264 250.543 
0.00145466629591926421 2.61799 1 417192 58.1308 10.9735 6.88746 0 0 2 62.8254 -3.67498 -107.083 0 0 0 -0 0 0 0 -0 10.5289 28.8555 3.66298 6.85187 
0.00145466629591926421 2.66574 0 380007 34.8455 9.65221 5.9034 0 153.0331 85.5532 110.525 -62.323 0 0 0 0 0 0 0 0 10.5289 28.8555 3.66298 6.85187 
0.00145466629591926421 3.01431 0 201617 36.6365 9.82277 5.9971 0 213.4691 -203.446 61.2941 20.5444 0 0 0 0 0 0 0 0 0 20.4337 0 0 
0.00145466629591926421 3.06479 0 323235 37.3721 9.87791 6.02947 0 180.831 -180.715 1.55317 6.25615 0 0 0 0 0 0 0 0 0 20.4337 0 0 
0.00145466629591926421 3.49171 1 0 35.1696 7.99647 2.28037 0 0 1 34.7386 39.337 -27.6357 1 36.9023 -8.16332 6.06907 0 0 0 0 0 0 0 0 
0.0015699989167675349 0.243055 0 121925 32.1195 9.35436 8.14222 0 01 0 0 0 0 0 0 0 0 0 0 0 46.4567 101.412 1567.49 3285.66 
0.0015699989167675349 0.269168 0 67849 31.2414 9.29628 8.09161 0 01 0 0 0 0 0 0 0 0 0 0 0 42.41 107.447 1489.21 3230.02 
0.0015699989167675349 0.276802 0 41308 32.768 9.47985 8.25149 0 01 0 0 0 0 0 0 0 0 0 0 0 42.41 107.447 1489.21 3230.02 
0.0015699989167675349 0.284373 0 43247 34.425 9.57225 5.86284 0 43.18541 -14.679 18.3403 36.2373 0 0 0 0 0 0 0 0 42.41 107.447 1489.21 3230.02 
0.0015699989167675349 0.312515 0 138555 33.057 9.5347 5.84454 0 154.2061 107.327 -67.7296 -87.5953 0 0 -0 0 0 0 -0 0 54.8383 120.359 1987.85 3903.7 
0.0015699989167675349 0.315929 0 223846 32.3411 9.38859 8.17204 0 01 0 0 0 0 0 0 0 0 0 0 0 54.8383 120.359 1987.85 3903.7 
0.0015699989167675349 0.32163 0 30052 32.4488 9.41223 8.19262 0 01 -0 0 0 0 -0 0 0 0 -0 0 0 54.8383 120.359 1987.85 3903.7 
0.0015699989167675349 0.322589 0 17420 33.4215 9.5727 5.86306 0 236.4071 -31.1825 -185.739 -142.887 0 0 0 0 0 0 0 0 54.8383 120.359 1987.85 3903.7 
0.0015699989167675349 0.329985 0 71669 34.3464 9.67081 5.91314 0 43.79531 43.7057 -2.75549 -0.496809 0 0 0 -0 0 0 0 -0 52.5268 119.646 677.157 2002.1 
0.0015699989167675349 0.355255 0 334345 33.8645 9.62225 5.88795 0 207.9031 -133.18 52.0121 -150.936 0 0 0 0 0 0 0 0 52.5268 119.646 677.157 2002.1 
0.0015699989167675349 0.369111 0 342636 33.0787 9.53785 5.84605 0 214.1141 -63.4961 -198.377 49.5925 0 -0 0 0 0 -0 0 0 51.8744 120.247 799.488 2182.14 
0.0015699989167675349 0.417217 0 213632 32.4818 9.43161 8.2095 0 01 0 0 0 0 0 0 0 0 0 0 0 50.5413 123.525 682.775 1649.66 
0.0015699989167675349 0.426947 0 201977 31.3105 9.30794 8.10177 0 01 0 0 0 0 0 0 0 0 0 0 0 50.5413 123.525 682.775 1649.66 
0.0015699989167675349 0.469227 0 55686 31.4713 9.33635 8.12653 0 01 0 0 0 0 0 0 0 0 0 0 0 52.2016 121.115 741.022 1856.14 
0.0015699989167675349 0.481366 0 15422 31.4974 9.34139 8.13092 0 01 0 0 0 0 0 0 0 0 0 0 0 52.2016 121.115 741.022 1856.14 
0.0015699989167675349 0.484001 0 107151 32.3059 9.38735 8.17095 0 01 0 0 -0 0 0 0 -0 0 0 0 -0 52.2016 121.115 741.022 1856.14 
0.0015699989167675349 0.509653 0 66897 31.2341 9.29496 8.09046 0 01 0 0 0 0 0 0 0 0 0 0 0 51.3343 130.548 1402.83 2644 
0.0015699989167675349 0.516001 0 149405 33.1739 9.54894 5.85142 0 195.3681 -181.66 -65.2491 30.1777 0 0 0 0 0 0 0 0 54.0972 131.685 273.721 1607.86 
0.0015699989167675349 0.589638 0 215195 34.5123 9.59063 5.87198 0 117.941 33.703 -9.5926 112.614 0 0 0 0 0 0 0 0 45.5833 133.661 589.742 1386.02 
0.0015699989167675349 0.590657 0 213781 34.3295 9.67156 5.91354 0 118.1331 101.057 24.6016 56.0153 0 0 0 0 0 0 0 0 45.5833 133.661 589.742 1386.02 
0.0015699989167675349 0.60585 0 237905 33.8209 9.61739 5.88547 0 177.981 -127.619 -68.9939 103.103 0 0 -0 0 0 0 -0 0 45.3911 128.281 316.198 1211.26 
0.0015699989167675349 0.666006 0 195542 33.3682 9.56906 5.86127 0 98.48181 23.5741 -94.5401 -14.3214 0 0 0 -0 0 0 0 -0 40.9059 119.479 255.564 729.377 
0.0015699989167675349 0.754568 0 140577 33.135 9.54446 5.84925 0 130.1791 -91.7675 -91.5183 12.2358 0 -0 0 0 0 -0 0 0 45.3434 114.309 423.591 1115.1 
0.0015699989167675349 0.779742 0 184947 31.2345 9.29488 8.0904 0 01 0 0 0 0 0 0 0 0 0 0 0 51.7279 123.805 323.279 1578.1 
0.0015699989167675349 0.780283 0 208370 31.2844 9.29905 8.09403 0 01 0 0 0 0 0 0 0 0 0 0 0 51.7279 123.805 323.279 1578.1 
0.0015699989167675349 0.78585 0 175769 32.2172 9.37405 8.15937 0 01 0 -0 0 0 0 -0 0 0 0 -0 0 51.7279 123.805 323.279 1578.1 
0.0015699989167675349 0.801011 0 202678 33.9515 9.63145 5.89267 0 187.6991 -49.4622 49.3063 -174.222 0 0 0 0 0 0 0 0 45.2121 114.788 619.121 1121.52 
0.0015699989167675349 0.808242 0 221647 33.4925 9.58044 5.8669 0 97.77631 -52.4536 -82.4643 2.91074 0 -0 0 0 0 -0 0 0 45.2121 114.788 619.121 1121.52 
0.0015699989167675349 0.809333 0 109173 31.5459 9.35308 8.1411 0 01 0 0 0 0 0 0 0 0 0 0 0 45.2121 114.788 619.121 1121.52 
0.0015699989167675349 0.86733 0 224265 32.946 9.50362 8.27217 0 01 0 0 0 0 0 0 0 0 0 0 0 44.8054 115.403 356.09 1395.24 
0.0015699989167675349 0.871456 0 284133 0 10.0758 6.15404 0 77.49911 19.6113 64.0722 38.9392 0 0 0 0 0 0 0 0 44.8054 115.403 356.09 1395.24 
0.0015699989167675349 0.908621 0 296138 34.5542 9.59791 5.87562 0 152.0781 107.138 39.2735 100.533 0 0 0 0 0 0 0 0 44.8925 113.51 738.276 1074.22 
0.0015699989167675349 0.953647 0 415237 0 14.1904 11.8902 0 22.82041 -20.7513 5.00199 -8.07045 0 0 0 0 0 0 0 0 45.4171 118.284 334.807 1016.88 
0.0015699989167675349 0.992187 0 291088 31.4867 9.34305 8.13236 0 01 0 0 0 0 0 0 0 0 0 0 0 41.1147 116.435 194.48 1030.16 
0.0015699989167675349 1.01696 0 236025 32.6713 9.45561 8.2304 0 01 0 0 0 0 0 0 0 0 0 0 0 41.1147 116.435 194.48 1030.16 
0.0015699989167675349 1.0966 0 38744 34.4193 9.57711 5.86525 0 326.8831 -326.458 -14.4901 -8.20876 0 0 0 -0 0 0 0 -0 43.0037 125.753 58.1078 884.531 
0.0015699989167675349 1.11074 0 316050 32.5693 9.44328 8.21966 0 01 0 0 0 0 0 0 0 0 0 0 0 43.0037 125.753 58.1078 884.531 
0.0015699989167675349 1.13983 0 194863 31.5906 9.37271 8.1582 0 01 0 0 0 0 0 0 0 0 0 0 0 35.3534 99.0399 48.7607 747.266 
0.0015699989167675349 1.27587 0 139792 31.9889 9.33783 8.12782 0 01 -0 0 0 0 -0 0 0 0 -0 0 0 24.5376 73.7023 76.1951 181.121 
0.0015699989167675349 1.33333 0 334776 31.5332 9.34886 8.13743 0 01 -0 0 0 0 -0 0 0 0 -0 0 0 30.8136 79.1103 11.2377 300.444 
0.0015699989167675349 1.33777 0 306675 33.9768 9.63518 5.89459 0 130.1351 -74.2299 -56.1891 90.9274 0 0 0 0 0 0 0 0 30.8136 79.1103 11.2377 300.444 
0.0015699989167675349 1.46906 0 276444 32.0268 9.33398 8.12446 0 01 -0 0 0 0 -0 0 0 0 -0 0 0 28.3587 73.0036 130.779 377.639 
0.0015699989167675349 1.57902 0 296592 32.7839 9.47476 8.24706 0 01 0 0 0 0 0 0 0 0 0 0 0 32.1913 88.3925 9.26821 98.0452 
0.0015699989167675349 1.71989 0 330567 34.5159 9.59059 5.87196 0 34.17271 31.5137 -10.7696 7.66017 0 0 0 0 0 0 0 0 26.0707 74.8263 0 69.1425 
0.0015699989167675349 1.77151 0 370212 31.8537 9.40387 8.18535 0 01 0 0 0 0 0 0 0 0 0 0 0 26.0707 74.8263 0 69.1425 
0.0015699989167675349 1.98942 0 272267 33.8736 9.62076 5.8872 0 171.1391 15.7659 105.966 -133.459 0 0 0 0 0 0 0 0 14.06 70.4306 1.62089 85.6922 
0.0015699989167675349 2.00009 0 363058 33.527 9.58398 5.86866 0 138.3761 129.069 16.351 -47.1354 0 0 0 -0 0 0 0 -0 14.06 70.4306 1.62089 85.6922 
0.0015699989167675349 2.00381 0 378323 33.1048 9.53838 5.84631 0 142.1761 -47.6456 106.287 -81.5277 0 0 0 -0 0 0 0 -0 14.06 70.4306 1.62089 85.6922 
0.0015699989167675349 2.55511 0 386821 34.0314 9.6415 5.89785 0 166.881 -19.0181 107.432 126.277 0 -0 0 0 0 -0 0 0 20.8784 70.6769 194.753 282.244 
0.0015699989167675349 2.58899 0 176355 32.2815 9.38323 8.16736 0 01 0 0 0 0 0 0 0 0 0 0 0 20.8784 70.6769 194.753 282.244 
0.0015699989167675349 2.70002 0 362838 32.8024 9.48056 8.2521 0 01 -0 0 0 0 -0 0 0 0 -0 0 0 20.8784 70.6769 194.753 282.244 
0.0015699989167675349 2.88156 0 350599 32.4505 9.40675 8.18785 0 01 0 -0 0 0 0 -0 0 0 0 -0 0 11.5515 43.6554 11.329 222.425 
0.00174715239278211442 0.157481 0 79775 30.7969 9.21152 8.01775 0 01 -0 0 0 0 -0 0 0 0 -0 0 0 42.3051 88.3777 1438.08 3970.17 
0.00174715239278211442 0.182254 0 23097 28.6906 8.96035 7.79868 0 01 0 0 0 0 0 0 0 0 0 0 0 42.3051 88.3777 1438.08 3970.17 
0.00174715239278211442 0.238838 0 59481 30.6952 9.18911 7.99821 0 01 0 0 0 0 0 0 0 0 0 0 0 54.1083 127.712 1899.57 3802.45 
0.00174715239278211442 0.254961 0 86890 0.533254 9.11831 7.93649 0 01 0 0 0 0 0 0 0 0 0 0 0 54.1083 127.712 1899.57 3802.45 
0.00174715239278211442 0.266918 0 450782 0.289903 9.35503 8.1428 0 01 0 0 0 0 0 0 0 0 0 0 0 66.9542 149.953 1776.57 3234.07 
0.00174715239278211442 0.268217 0 224840 28.2861 8.98153 7.81716 0 01 0 -0 0 0 0 -0 0 0 0 -0 0 66.9542 149.953 1776.57 3234.07 
0.00174715239278211442 0.269035 0 41160 28.0132 8.95145 7.7909 0 01 0 0 0 0 0 0 0 0 0 0 0 66.9542 149.953 1776.57 3234.07 
0.00174715239278211442 0.270212 0 69754 30.7762 9.1981 8.00605 0 01 0 0 0 0 0 0 0 0 0 0 0 66.9542 149.953 1776.57 3234.07 
0.00174715239278211442 0.290169 0 52314 30.7935 9.21054 8.0169 0 01 0 0 -0 0 0 0 -0 0 0 0 -0 66.9542 149.953 1776.57 3234.07 
0.00174715239278211442 0.291087 0 27397 30.0313 9.18906 7.99817 0 01 0 0 0 0 0 0 0 0 0 0 0 66.9542 149.953 1776.57 3234.07 
0.00174715239278211442 0.308153 0 30458 30.8936 9.21984 8.025 0 01 0 0 -0 0 0 0 -0 0 0 0 -0 65.9251 151.537 1242.93 3159.23 
0.00174715239278211442 0.308774 0 6292 29.1038 9.04378 7.87149 0 01 0 0 0 0 0 0 0 0 0 0 0 65.9251 151.537 1242.93 3159.23 
0.00174715239278211442 0.325585 0 86848 30.8252 9.21634 8.02194 0 01 0 0 -0 0 0 0 -0 0 0 0 -0 65.9251 151.537 1242.93 3159.23 
0.00174715239278211442 0.33828 0 55732 28.4725 9.00673 7.83915 0 01 0 -0 0 0 0 -0 0 0 0 -0 0 73.1725 160.397 2897.3 4961.47 
0.00174715239278211442 0.342317 0 43108 30.0418 9.19464 8.00303 0 01 0 -0 0 0 0 -0 0 0 0 -0 0 73.1725 160.397 2897.3 4961.47 
0.00174715239278211442 0.397737 0 67839 28.2831 8.98203 7.81759 0 01 0 0 -0 0 0 0 -0 0 0 0 -0 74.0282 174.756 1497.77 2474.48 
0.00174715239278211442 0.407808 0 61838 27.3392 8.84424 7.69732 0 01 0 0 0 0 0 0 0 0 0 0 0 74.0282 174.756 1497.77 2474.48 
0.00174715239278211442 0.411226 0 185079 29.0216 9.02082 7.85145 0 01 0 0 0 0 0 0 0 0 0 0 0 74.0282 174.756 1497.77 2474.48 
0.00174715239278211442 0.442532 0 39238 28.202 8.97551 7.8119 0 01 0 0 0 0 0 0 0 0 0 0 0 77.3948 179.668 1156.85 2742.66 
0.00174715239278211442 0.451385 0 73589 27.9947 8.94875 7.78855 0 01 -0 0 0 0 -0 0 0 0 -0 0 0 65.3745 165.099 768.834 2040.93 
0.00174715239278211442 0.456346 0 61856 28.5407 9.01397 7.84547 0 01 0 0 0 0 0 0 0 0 0 0 0 65.3745 165.099 768.834 2040.93 
0.00174715239278211442 0.472695 0 106288 28.3056 8.98679 7.82175 0 01 0 0 0 0 0 0 0 0 0 0 0 76.7684 183.056 1025.31 3323.61 
0.00174715239278211442 0.476554 0 132710 27.7405 8.92194 7.76515 0 01 0 0 0 0 0 0 0 0 0 0 0 76.7684 183.056 1025.31 3323.61 
0.00174715239278211442 0.478178 0 81542 27.2419 8.83245 7.68703 0 01 0 0 0 0 0 0 0 0 0 0 0 76.7684 183.056 1025.31 3323.61 
0.00174715239278211442 0.480054 0 153147 29.442 9.10219 7.92243 0 01 -0 0 0 0 -0 0 0 0 -0 0 0 76.7684 183.056 1025.31 3323.61 
0.00174715239278211442 0.480911 0 179360 28.9337 9.00244 7.83541 0 01 0 0 0 0 0 0 0 0 0 0 0 76.7684 183.056 1025.31 3323.61 
0.00174715239278211442 0.485777 0 99537 28.3536 8.98975 7.82434 0 01 0 0 -0 0 0 0 -0 0 0 0 -0 76.7684 183.056 1025.31 3323.61 
0.00174715239278211442 0.499795 0 126118 28.7826 8.96911 7.80632 0 01 0 0 0 0 0 0 0 0 0 0 0 81.9384 183.128 917.601 2131.98 
0.00174715239278211442 0.518661 0 19650 29.1244 9.04353 7.87126 0 01 0 0 0 0 0 0 0 0 0 0 0 63.6815 155.812 1031.82 1855.41 
0.00174715239278211442 0.523394 0 129944 28.0037 8.95183 7.79124 0 01 0 -0 0 0 0 -0 0 0 0 -0 0 63.6815 155.812 1031.82 1855.41 
0.00174715239278211442 0.529579 0 154589 30.0242 9.18849 7.99767 0 01 -0 0 0 0 -0 0 0 0 -0 0 0 63.6815 155.812 1031.82 1855.41 
0.00174715239278211442 0.541722 0 89495 27.5396 8.87675 7.7257 0 01 0 0 0 0 0 0 0 0 0 0 0 74.2481 170.625 887.792 2105.24 
0.00174715239278211442 0.551786 0 438962 0 9.20907 8.01561 0 01 0 -0 0 0 0 -0 0 0 0 -0 0 74.2481 170.625 887.792 2105.24 
0.00174715239278211442 0.583715 0 313243 29.2039 9.05463 7.88095 0 01 0 0 0 0 0 0 0 0 0 0 0 69.1943 174.079 487.32 1916.86 
0.00174715239278211442 0.587035 0 48688 29.678 9.14851 7.96282 0 01 0 0 0 0 0 0 0 0 0 0 0 72.3632 179.144 573.247 1714.77 
0.00174715239278211442 0.58953 0 129927 27.4288 8.86149 7.71238 0 01 0 0 0 0 0 0 0 0 0 0 0 72.3632 179.144 573.247 1714.77 
0.00174715239278211442 0.593039 0 171631 28.0086 8.95244 7.79177 0 01 0 0 0 0 0 0 0 0 0 0 0 72.3632 179.144 573.247 1714.77 
0.00174715239278211442 0.59456 0 169885 30.6318 9.18481 7.99446 0 01 0 0 0 0 0 0 0 0 0 0 0 72.3632 179.144 573.247 1714.77 
0.00174715239278211442 0.597589 0 289599 29.5754 9.1375 7.95322 0 01 0 0 0 0 0 0 0 0 0 0 0 72.3632 179.144 573.247 1714.77 
0.00174715239278211442 0.609205 0 37014 28.4169 8.99885 7.83227 0 01 0 -0 0 0 0 -0 0 0 0 -0 0 59.4684 155.036 908.713 1802.2 
0.00174715239278211442 0.643797 0 193763 28.3885 8.99379 7.82786 0 01 0 0 0 0 0 0 0 0 0 0 0 57.9841 154.606 325.816 955.857 
0.00174715239278211442 0.659575 0 141353 27.2499 8.83107 7.68583 0 01 0 0 0 0 0 0 0 0 0 0 0 64.0205 161.385 429.516 1715.8 
0.00174715239278211442 0.660453 0 344896 28.3557 8.98949 7.82411 0 01 0 0 0 0 0 0 0 0 0 0 0 64.0205 161.385 429.516 1715.8 
0.00174715239278211442 0.690342 0 19678 30.5204 9.24935 8.05071 0 01 -0 0 0 0 -0 0 0 0 -0 0 0 62.0936 151.842 789.051 1401.3 
0.00174715239278211442 0.709462 0 248774 28.5498 9.01363 7.84518 0 01 0 0 0 0 0 0 0 0 0 0 0 65.7045 172.132 492.397 1165.45 
0.00174715239278211442 0.716894 0 6219 28.0697 8.95986 7.79825 0 01 0 0 0 0 0 0 0 0 0 0 0 65.7045 172.132 492.397 1165.45 
0.00174715239278211442 0.725495 0 181037 27.2189 8.82743 7.68265 0 01 0 0 0 0 0 0 0 0 0 0 0 65.7045 172.132 492.397 1165.45 
0.00174715239278211442 0.743963 0 162556 28.4539 9.00204 7.83505 0 01 -0 0 0 0 -0 0 0 0 -0 0 0 77.5676 177.289 565.736 1568.03 
0.00174715239278211442 0.773471 0 263588 30.416 9.23782 8.04067 0 01 0 0 0 0 0 0 0 0 0 0 0 56.4296 167.28 425.574 1265.71 
0.00174715239278211442 0.786023 0 86949 29.7502 9.15915 7.9721 0 01 0 -0 0 0 0 -0 0 0 0 -0 0 67.82 164.837 733.56 1379.06 
0.00174715239278211442 0.787541 0 298005 27.3092 8.83919 7.69292 0 01 0 -0 0 0 0 -0 0 0 0 -0 0 67.82 164.837 733.56 1379.06 
0.00174715239278211442 0.807953 0 89901 30.3874 9.23068 8.03444 0 01 0 -0 0 0 0 -0 0 0 0 -0 0 52.8965 144.071 402.663 1033.63 
0.00174715239278211442 0.847693 0 185527 27.9668 8.94875 7.78855 0 01 0 0 -0 0 0 0 -0 0 0 0 -0 52.1046 160.399 146.855 974.331 
0.00174715239278211442 0.868453 0 228406 28.3649 8.98986 7.82443 0 01 0 0 -0 0 0 0 -0 0 0 0 -0 71.1425 182.869 500.54 1006.47 
0.00174715239278211442 0.878353 0 18064 27.4481 8.86142 7.71232 0 01 0 0 0 0 0 0 0 0 0 0 0 71.1425 182.869 500.54 1006.47 
0.00174715239278211442 0.900224 0 177987 30.7625 9.20447 8.0116 0 01 0 0 0 0 0 0 0 0 0 0 0 43.8294 154.748 103.301 320.364 
0.00174715239278211442 0.901865 0 367285 29.6525 9.14306 7.95806 0 01 0 0 -0 0 0 0 -0 0 0 0 -0 43.8294 154.748 103.301 320.364 
0.00174715239278211442 0.905838 0 183892 30.1223 9.20398 8.01117 0 01 0 0 0 0 0 0 0 0 0 0 0 43.8294 154.748 103.301 320.364 
0.00174715239278211442 0.911828 0 346540 27.8273 8.92949 7.77174 0 01 0 -0 0 0 0 -0 0 0 0 -0 0 61.8044 150.405 143.584 1081.67 
0.00174715239278211442 0.919159 0 71493 30.2655 9.21736 8.02284 0 01 0 0 0 0 0 0 0 0 0 0 0 61.8044 150.405 143.584 1081.67 
0.00174715239278211442 0.928179 0 243100 28.143 8.96817 7.8055 0 01 -0 0 0 0 -0 0 0 0 -0 0 0 61.8044 150.405 143.584 1081.67 
0.00174715239278211442 0.928287 0 132704 30.5626 9.25487 8.05553 0 01 0 0 0 0 0 0 0 0 0 0 0 61.8044 150.405 143.584 1081.67 
0.00174715239278211442 0.930698 0 149264 27.311 8.83885 7.69261 0 01 -0 0 0 0 -0 0 0 0 -0 0 0 61.8044 150.405 143.584 1081.67 
0.00174715239278211442 0.935104 0 325015 30.3703 9.23245 8.03599 0 01 0 0 0 0 0 0 0 0 0 0 0 61.8044 150.405 143.584 1081.67 
0.00174715239278211442 0.937831 0 291911 30.1002 9.19849 8.00639 0 01 0 0 0 0 0 0 0 0 0 0 0 63.9172 167.669 606.845 1618.83 
0.00174715239278211442 0.978915 0 339850 27.5548 8.88298 7.73115 0 01 0 0 0 0 0 0 0 0 0 0 0 46.1217 147.184 145.646 591.647 
0.00174715239278211442 1.00858 0 201415 28.9879 9.00612 7.83862 0 01 0 0 0 0 0 0 0 0 0 0 0 52.6715 147.899 116.06 1008.47 
0.00174715239278211442 1.03324 0 340718 27.2398 8.83298 7.68749 0 01 -0 0 0 0 -0 0 0 0 -0 0 0 62.7403 166.288 377.461 1143.15 
0.00174715239278211442 1.05162 0 223825 27.3517 8.8439 7.69702 0 01 0 0 0 0 0 0 0 0 0 0 0 62.7403 166.288 377.461 1143.15 
0.00174715239278211442 1.05861 0 223714 28.3313 8.98593 7.821 0 01 0 0 0 0 0 0 0 0 0 0 0 62.7403 166.288 377.461 1143.15 
0.00174715239278211442 1.09124 0 185355 28.3386 8.99087 7.82531 0 01 0 0 0 0 0 0 0 0 0 0 0 51.6974 148.765 131.904 537.729 
0.00174715239278211442 1.09172 0 262055 27.8567 8.9318 7.77375 0 01 -0 0 0 0 -0 0 0 0 -0 0 0 51.6974 148.765 131.904 537.729 
0.00174715239278211442 1.11033 0 261741 29.0085 9.01541 7.84673 0 01 0 0 0 0 0 0 0 0 0 0 0 51.151 137.618 30.1089 457.698 
0.00174715239278211442 1.13563 0 207143 27.6503 8.89919 7.7453 0 01 0 0 0 0 0 0 0 0 0 0 0 49.4312 120.544 62.8229 251.808 
0.00174715239278211442 1.19013 0 292369 29.8038 9.16191 7.9745 0 01 0 0 0 0 0 0 0 0 0 0 0 34.3811 116.343 0 442.693 
0.00174715239278211442 1.19447 0 296004 28.2226 8.97391 7.81051 0 01 0 0 0 0 0 0 0 0 0 0 0 34.3811 116.343 0 442.693 
0.00174715239278211442 1.22819 0 194475 30.6804 9.1899 7.9989 0 01 0 0 0 0 0 0 0 0 0 0 0 50.0863 127.157 212.185 685.642 
0.00174715239278211442 1.24868 0 291918 28.3755 8.99473 7.82868 0 01 0 0 0 0 0 0 0 0 0 0 0 51.9417 120.228 281.74 675.512 
0.00174715239278211442 1.26147 0 366867 29.4376 9.10099 7.92139 0 01 0 0 0 0 0 0 0 0 0 0 0 51.9417 120.228 281.74 675.512 
0.00174715239278211442 1.27285 0 293121 29.6463 9.14451 7.95933 0 01 -0 0 0 0 -0 0 0 0 -0 0 0 51.9417 120.228 281.74 675.512 
0.00174715239278211442 1.32146 0 279797 27.9416 8.94461 7.78493 0 01 0 0 -0 0 0 0 -0 0 0 0 -0 41.8979 117.842 100.878 385.35 
0.00174715239278211442 1.32207 0 309816 27.6032 8.88778 7.73533 0 01 0 0 0 0 0 0 0 0 0 0 0 41.8979 117.842 100.878 385.35 
0.00174715239278211442 1.34517 0 274730 29.6653 9.14515 7.95989 0 01 -0 0 0 0 -0 0 0 0 -0 0 0 51.4181 135.327 9.76253 636.283 
0.00174715239278211442 1.36225 0 304139 30.4969 9.24725 8.04889 0 01 0 0 -0 0 0 0 -0 0 0 0 -0 51.4181 135.327 9.76253 636.283 
0.00174715239278211442 1.38854 0 300179 31.0381 9.25377 8.05455 0 01 0 0 0 0 0 0 0 0 0 0 0 32.2512 127.306 62.9223 223.417 
0.00174715239278211442 1.40977 0 26774 30.6602 9.1842 7.99393 0 01 0 0 0 0 0 0 0 0 0 0 0 32.2512 127.306 62.9223 223.417 
0.00174715239278211442 1.46967 0 331934 28.0534 8.95459 7.79365 0 01 0 0 0 0 0 0 0 0 0 0 0 24.69 120.458 65.9994 418.143 
0.00174715239278211442 1.51035 0 304523 30.9467 9.23991 8.04249 0 01 0 0 0 0 0 0 0 0 0 0 0 42.118 123.293 59.1123 201.69 
0.00174715239278211442 1.55462 0 166801 27.6131 8.89316 7.74003 0 01 0 -0 0 0 0 -0 0 0 0 -0 0 37.3765 121.732 28.7398 407.345 
0.00174715239278211442 1.61181 0 357743 30.4199 9.23715 8.04008 0 01 0 0 0 0 0 0 0 0 0 0 0 38.9705 94.2584 235.566 337.496 
0.00174715239278211442 1.62252 0 335816 29.2236 9.05874 7.88454 0 01 0 0 0 0 0 0 0 0 0 0 0 38.9705 94.2584 235.566 337.496 
0.00174715239278211442 1.63754 0 253960 30.5912 9.18042 7.99064 0 01 0 0 0 0 0 0 0 0 0 0 0 38.9705 94.2584 235.566 337.496 
0.00174715239278211442 1.64157 0 308710 28.6661 8.95466 7.79371 0 01 0 0 0 0 0 0 0 0 0 0 0 38.9705 94.2584 235.566 337.496 
0.00174715239278211442 1.64444 0 54359 0 9.12564 7.94288 0 01 0 0 0 0 0 0 0 0 0 0 0 38.9705 94.2584 235.566 337.496 
0.00174715239278211442 1.7008 0 300870 27.9003 8.9409 7.7817 0 01 0 0 0 0 0 0 0 0 0 0 0 25.2635 97.8304 202.552 220.329 
0.00174715239278211442 1.7158 0 335263 27.4531 8.86586 7.71619 0 01 0 -0 0 0 0 -0 0 0 0 -0 0 25.2635 97.8304 202.552 220.329 
0.00174715239278211442 1.75575 0 338496 27.3373 8.84464 7.69768 0 01 0 0 0 0 0 0 0 0 0 0 0 35.1684 95.0329 0 804.869 
0.00174715239278211442 1.76432 0 223552 27.8459 8.93204 7.77396 0 01 -0 0 0 0 -0 0 0 0 -0 0 0 35.1684 95.0329 0 804.869 
0.00174715239278211442 1.7737 0 353010 29.0679 9.036 7.8647 0 01 0 0 -0 0 0 0 -0 0 0 0 -0 35.1684 95.0329 0 804.869 
0.00174715239278211442 1.8294 0 321271 28.7216 8.96497 7.80271 0 01 0 0 0 0 0 0 0 0 0 0 0 42.2876 126.989 255.705 342.952 
0.00174715239278211442 1.85135 0 360776 29.5502 9.13101 7.94756 0 01 0 0 0 0 0 0 0 0 0 0 0 42.2876 126.989 255.705 342.952 
0.00174715239278211442 1.87236 0 152125 29.2841 9.06998 7.89434 0 01 -0 0 0 0 -0 0 0 0 -0 0 0 42.2876 126.989 255.705 342.952 
0.00174715239278211442 1.93802 0 271389 29.7789 9.16021 7.97302 0 01 0 -0 0 0 0 -0 0 0 0 -0 0 30.7042 99.8246 185.885 321.561 
0.00174715239278211442 2.09002 0 239877 28.678 8.95905 7.79754 0 01 0 0 0 0 0 0 0 0 0 0 0 30.0344 79.3921 2.53323 62.8996 
0.00174715239278211442 2.11009 0 332721 28.6521 8.95602 7.79489 0 01 0 0 0 0 0 0 0 0 0 0 0 30.0344 79.3921 2.53323 62.8996 
0.00174715239278211442 2.41697 0 387995 29.9841 9.18381 7.9936 0 01 -0 0 0 0 -0 0 0 0 -0 0 0 21.6083 75.4342 53.7785 61.3907 
0.00174715239278211442 2.42525 0 392518 29.4353 9.09826 7.91901 0 01 0 0 -0 0 0 0 -0 0 0 0 -0 21.6083 75.4342 53.7785 61.3907 
0.00174715239278211442 3.10126 0 365272 28.0702 8.95971 7.79811 0 01 0 -0 0 0 0 -0 0 0 0 -0 0 15.0291 58.9481 1.5014 63.0884 
0.00174715239278211442 3.68665 0 387605 29.0408 9.02223 7.85268 0 01 0 0 0 0 0 0 0 0 0 0 0 4.1356 34.229 0 37.7462 
0.00199171321366894754 0.147412 0 105386 25.5418 8.68027 7.55411 0 01 0 0 -0 0 0 0 -0 0 0 0 -0 46.6597 105.676 2372.6 4369.09 
0.00199171321366894754 0.157952 0 75139 25.8884 8.71136 7.58128 0 01 0 0 0 0 0 0 0 0 0 0 0 46.6597 105.676 2372.6 4369.09 
0.00199171321366894754 0.173168 0 49516 26.5959 8.76368 7.62699 0 01 0 0 0 0 0 0 0 0 0 0 0 46.6597 105.676 2372.6 4369.09 
0.00199171321366894754 0.272153 0 125335 26.327 8.71806 7.58713 0 01 -0 0 0 0 -0 0 0 0 -0 0 0 82.0029 170.091 1998.75 4638.35 
0.00199171321366894754 0.27724 0 73656 24.4481 8.56615 7.45441 0 01 0 0 -0 0 0 0 -0 0 0 0 -0 82.0029 170.091 1998.75 4638.35 
0.00199171321366894754 0.282959 0 165677 24.2251 8.54611 7.43689 0 01 0 0 -0 0 0 0 -0 0 0 0 -0 82.0029 170.091 1998.75 4638.35 
0.00199171321366894754 0.306779 0 77879 24.5368 8.57517 7.46228 0 01 0 0 0 0 0 0 0 0 0 0 0 82.1754 186.3 1729.65 3099.55 
0.00199171321366894754 0.336149 0 87460 24.6284 8.53639 7.4284 0 01 0 0 0 0 0 0 0 0 0 0 0 86.3062 196.276 1093.23 2859.77 
0.00199171321366894754 0.337797 0 60209 25.824 8.70012 7.57146 0 01 0 0 0 0 0 0 0 0 0 0 0 86.3062 196.276 1093.23 2859.77 
0.00199171321366894754 0.344221 0 64738 25.6395 8.68813 7.56098 0 01 0 0 0 0 0 0 0 0 0 0 0 86.3062 196.276 1093.23 2859.77 
0.00199171321366894754 0.383505 0 39421 25.673 8.69513 7.5671 0 01 0 0 0 0 0 0 0 0 0 0 0 100.402 206.763 1812.37 3654.67 
0.00199171321366894754 0.394655 0 226518 25.803 8.70465 7.57542 0 01 0 0 0 0 0 0 0 0 0 0 0 100.402 206.763 1812.37 3654.67 
0.00199171321366894754 0.404082 0 63470 24.6264 8.53587 7.42794 0 01 0 0 0 0 0 0 0 0 0 0 0 90.6868 215.724 1378.75 2999.9 
0.00199171321366894754 0.417065 0 171637 26.0749 8.73858 7.60506 0 01 0 0 0 0 0 0 0 0 0 0 0 90.6868 215.724 1378.75 2999.9 
0.00199171321366894754 0.418111 0 264646 24.3668 8.55591 7.44545 0 01 0 0 0 0 0 0 0 0 0 0 0 90.6868 215.724 1378.75 2999.9 
0.00199171321366894754 0.438051 0 118226 24.3179 8.55206 7.44209 0 01 0 0 0 0 0 0 0 0 0 0 0 94.6224 206.332 577.298 1793.51 
0.00199171321366894754 0.451819 0 163317 24.8582 8.57294 7.46034 0 01 -0 0 0 0 -0 0 0 0 -0 0 0 92.4349 217.691 751.417 2196.71 
0.00199171321366894754 0.47147 0 149828 25.8174 8.70818 7.57851 0 01 0 -0 0 0 0 -0 0 0 0 -0 0 92.4349 217.691 751.417 2196.71 
0.00199171321366894754 0.472091 0 210569 26.0411 8.73414 7.60118 0 01 0 -0 0 0 0 -0 0 0 0 -0 0 92.4349 217.691 751.417 2196.71 
0.00199171321366894754 0.494055 0 112460 25.4119 8.6592 7.53571 0 01 0 0 0 0 0 0 0 0 0 0 0 84.2146 204.074 1156.75 3102.43 
0.00199171321366894754 0.496662 0 170681 26.196 8.69312 7.56534 0 01 -0 0 0 0 -0 0 0 0 -0 0 0 84.2146 204.074 1156.75 3102.43 
0.00199171321366894754 0.498348 0 9348 26.0415 8.73393 7.60099 0 01 0 -0 0 0 0 -0 0 0 0 -0 0 92.7393 210.023 1033.4 2787.45 
0.00199171321366894754 0.505947 0 345478 24.9648 8.5905 7.47568 0 01 0 0 -0 0 0 0 -0 0 0 0 -0 92.7393 210.023 1033.4 2787.45 
0.00199171321366894754 0.52482 0 232834 26.0945 8.74016 7.60644 0 01 0 -0 0 0 0 -0 0 0 0 -0 0 98.1731 224.068 176.411 1411.26 
0.00199171321366894754 0.537083 0 226925 24.6372 8.54164 7.43299 0 01 0 0 0 0 0 0 0 0 0 0 0 98.1731 224.068 176.411 1411.26 
0.00199171321366894754 0.556195 0 81629 24.9271 8.57849 7.46519 0 01 0 0 0 0 0 0 0 0 0 0 0 84.1802 205.021 658.723 1585.55 
0.00199171321366894754 0.557779 0 96095 23.6268 8.40456 7.56411 0 01 -0 0 0 0 -0 0 0 0 -0 0 0 84.1802 205.021 658.723 1585.55 
0.00199171321366894754 0.564475 0 131361 26.4753 8.74007 7.60637 0 01 0 0 0 0 0 0 0 0 0 0 0 84.1802 205.021 658.723 1585.55 
0.00199171321366894754 0.578097 0 215725 23.8596 8.5001 7.39669 0 01 0 -0 0 0 0 -0 0 0 0 -0 0 95.7239 217.052 795.033 2028.4 
0.00199171321366894754 0.580184 0 83813 23.7236 8.46504 7.61854 0 01 0 -0 0 0 0 -0 0 0 0 -0 0 95.7239 217.052 795.033 2028.4 
0.00199171321366894754 0.589021 0 131510 26.0311 8.72931 7.59696 0 01 -0 0 0 0 -0 0 0 0 -0 0 0 95.7239 217.052 795.033 2028.4 
0.00199171321366894754 0.593134 0 187038 27.069 8.79911 7.65793 0 01 -0 0 0 0 -0 0 0 0 -0 0 0 88.6982 219.6 540.075 2076.88 
0.00199171321366894754 0.61704 0 145174 26.2275 8.69168 7.56408 0 01 0 0 -0 0 0 0 -0 0 0 0 -0 85.2219 213.516 692.09 1127.59 
0.00199171321366894754 0.617546 0 229597 23.781 8.48451 7.38306 0 01 -0 0 0 0 -0 0 0 0 -0 0 0 85.2219 213.516 692.09 1127.59 
0.00199171321366894754 0.618317 0 109592 23.684 8.43966 7.5957 0 01 0 0 0 0 0 0 0 0 0 0 0 85.2219 213.516 692.09 1127.59 
0.00199171321366894754 0.645627 0 272148 23.8146 8.49291 7.39041 0 01 0 0 -0 0 0 0 -0 0 0 0 -0 79.2281 209.085 548.258 1797.04 
0.00199171321366894754 0.648524 0 342776 24.1853 8.53799 7.4298 0 01 -0 0 0 0 -0 0 0 0 -0 0 0 79.2281 209.085 548.258 1797.04 
0.00199171321366894754 0.661703 0 186121 24.8636 8.57553 7.4626 0 01 0 0 0 0 0 0 0 0 0 0 0 75.9986 185.713 870.727 1722.99 
0.00199171321366894754 0.667618 0 18681 26.3216 8.71342 7.58308 0 01 -0 0 0 0 -0 0 0 0 -0 0 0 75.9986 185.713 870.727 1722.99 
0.00199171321366894754 0.706566 0 279622 0.148794 8.78912 7.6492 0 01 0 0 0 0 0 0 0 0 0 0 0 80.1387 204.987 360.138 1526.92 
0.00199171321366894754 0.714366 0 335749 26.272 8.70683 7.57732 0 01 0 0 0 0 0 0 0 0 0 0 0 62.0563 191.175 1051.06 1980.79 
0.00199171321366894754 0.745819 0 241647 27.1487 8.81084 7.66815 0 01 0 0 -0 0 0 0 -0 0 0 0 -0 70.9408 190.348 517.442 1811.77 
0.00199171321366894754 0.757425 0 187804 24.3237 8.55569 7.44526 0 01 0 0 0 0 0 0 0 0 0 0 0 70.9408 190.348 517.442 1811.77 
0.00199171321366894754 0.761089 0 273440 24.4999 8.57137 7.45897 0 01 0 -0 0 0 0 -0 0 0 0 -0 0 87.2144 218.991 380.27 1193.25 
0.00199171321366894754 0.770164 0 300953 24.441 8.55997 7.449 0 01 0 -0 0 0 0 -0 0 0 0 -0 0 87.2144 218.991 380.27 1193.25 
0.00199171321366894754 0.772377 0 260365 25.838 8.71123 7.58117 0 01 0 0 0 0 0 0 0 0 0 0 0 87.2144 218.991 380.27 1193.25 
0.00199171321366894754 0.786249 0 77143 25.7174 8.69969 7.57108 0 01 0 -0 0 0 0 -0 0 0 0 -0 0 79.6156 199.017 631.702 1506.34 
0.00199171321366894754 0.804186 0 144498 24.3374 8.55289 7.44282 0 01 0 0 0 0 0 0 0 0 0 0 0 79.6156 199.017 631.702 1506.34 
0.00199171321366894754 0.812573 0 232722 24.1491 8.53322 7.42563 0 01 0 0 0 0 0 0 0 0 0 0 0 85.4666 180.791 780.361 1503.08 
0.00199171321366894754 0.848413 0 327371 23.59 8.38914 7.55023 0 01 0 0 -0 0 0 0 -0 0 0 0 -0 78.7697 211.885 1351.3 2553.97 
0.00199171321366894754 0.862462 0 126498 25.4469 8.66653 7.54211 0 01 0 0 0 0 0 0 0 0 0 0 0 76.044 200.24 84.0471 757.639 
0.00199171321366894754 0.867119 0 353771 24.5135 8.57175 7.45929 0 01 0 0 0 0 0 0 0 0 0 0 0 76.044 200.24 84.0471 757.639 
0.00199171321366894754 0.868567 0 165019 24.9833 8.5947 7.47935 0 01 0 0 0 0 0 0 0 0 0 0 0 76.044 200.24 84.0471 757.639 
0.00199171321366894754 0.897662 0 242090 26.7187 8.78173 7.64275 0 01 0 0 0 0 0 0 0 0 0 0 0 83.8682 211.02 124.963 1045.25 
0.00199171321366894754 0.905496 0 363707 0 9.98464 6.09504 0 134.571 114.447 70.4314 -7.08857 0 0 0 0 0 0 0 0 83.8682 211.02 124.963 1045.25 
0.00199171321366894754 0.930059 0 8327 26.2079 8.69575 7.56764 0 01 0 0 0 0 0 0 0 0 0 0 0 72.4838 188.83 55.3566 518.211 
0.00199171321366894754 0.930725 0 218580 24.8244 8.56034 7.44932 0 01 0 0 0 0 0 0 0 0 0 0 0 72.4838 188.83 55.3566 518.211 
0.00199171321366894754 0.948778 0 243230 26.6712 8.77797 7.63947 0 01 0 0 0 0 0 0 0 0 0 0 0 78.6808 181.364 428.887 1352.63 
0.00199171321366894754 0.96311 0 89672 26.1819 8.694 7.56611 0 01 0 -0 0 0 0 -0 0 0 0 -0 0 78.6808 181.364 428.887 1352.63 
0.00199171321366894754 0.967315 0 373425 25.4531 8.6674 7.54287 0 01 0 0 0 0 0 0 0 0 0 0 0 78.6808 181.364 428.887 1352.63 
0.00199171321366894754 0.967929 0 257243 27.2074 8.82122 7.67723 0 01 0 0 0 0 0 0 0 0 0 0 0 78.6808 181.364 428.887 1352.63 
0.00199171321366894754 0.981195 0 195209 26.2463 8.70169 7.57283 0 01 0 0 0 0 0 0 0 0 0 0 0 76.3694 185.394 136.864 1009.64 
0.00199171321366894754 0.991378 0 190546 25.1519 8.61433 7.4965 0 01 0 0 0 0 0 0 0 0 0 0 0 76.3694 185.394 136.864 1009.64 
0.00199171321366894754 1.06874 0 166175 25.6275 8.68748 7.56041 0 01 0 -0 0 0 0 -0 0 0 0 -0 0 73.8182 195.871 330.906 1134 
0.00199171321366894754 1.0913 0 140637 24.8446 8.56807 7.45608 0 01 0 0 0 0 0 0 0 0 0 0 0 51.1022 155.549 168.832 496.257 
0.00199171321366894754 1.15385 0 224434 25.1471 8.6141 7.4963 0 01 0 0 0 0 0 0 0 0 0 0 0 67.1355 164.383 447.77 928.608 
0.00199171321366894754 1.22376 0 330072 26.8562 8.76212 7.62563 0 01 0 0 -0 0 0 0 -0 0 0 0 -0 62.8907 191.177 231.907 821.338 
0.00199171321366894754 1.27181 0 305193 26.4866 8.74418 7.60995 0 01 0 -0 0 0 0 -0 0 0 0 -0 0 47.1775 141.614 394.39 825.963 
0.00199171321366894754 1.28354 0 197303 24.8468 8.56767 7.45574 0 01 0 0 0 0 0 0 0 0 0 0 0 47.1775 141.614 394.39 825.963 
0.00199171321366894754 1.28365 0 292326 27.1149 8.80628 7.66416 0 01 0 0 0 0 0 0 0 0 0 0 0 47.1775 141.614 394.39 825.963 
0.00199171321366894754 1.29095 0 292351 25.3548 8.64619 7.52434 0 01 0 -0 0 0 0 -0 0 0 0 -0 0 47.1775 141.614 394.39 825.963 
0.00199171321366894754 1.31301 0 185177 24.903 8.57519 7.46231 0 01 -0 0 0 0 -0 0 0 0 -0 0 0 52.6761 165.974 108.168 554.909 
0.00199171321366894754 1.32953 0 284557 23.6294 8.40566 7.56509 0 01 0 0 0 0 0 0 0 0 0 0 0 52.6761 165.974 108.168 554.909 
0.00199171321366894754 1.35494 0 295684 26.5173 8.75386 7.61841 0 01 0 0 -0 0 0 0 -0 0 0 0 -0 68.1961 173.183 31.1621 433.391 
0.00199171321366894754 1.36485 0 362626 23.6173 8.40055 7.56049 0 01 0 0 -0 0 0 0 -0 0 0 0 -0 68.1961 173.183 31.1621 433.391 
0.00199171321366894754 1.47145 0 279961 26.3148 8.71614 7.58545 0 01 0 0 0 0 0 0 0 0 0 0 0 61.3017 154.812 259.593 601.537 
0.00199171321366894754 1.49563 0 315518 25.3638 8.65142 7.52891 0 01 0 0 0 0 0 0 0 0 0 0 0 57.4206 136.214 438.12 746.417 
0.00199171321366894754 1.49589 0 158284 26.0693 8.73354 7.60066 0 01 0 0 0 0 0 0 0 0 0 0 0 57.4206 136.214 438.12 746.417 
0.00199171321366894754 1.50366 0 312777 25.2581 8.63422 7.51388 0 01 0 0 0 0 0 0 0 0 0 0 0 57.4206 136.214 438.12 746.417 
0.00199171321366894754 1.51428 0 219251 24.7221 8.54986 7.44017 0 01 0 0 0 0 0 0 0 0 0 0 0 57.4206 136.214 438.12 746.417 
0.00199171321366894754 1.53805 0 350281 25.2405 8.63184 7.5118 0 01 0 0 0 0 0 0 0 0 0 0 0 57.4206 136.214 438.12 746.417 
0.00199171321366894754 1.54909 0 298399 25.1847 8.6239 7.50486 0 01 0 0 0 0 0 0 0 0 0 0 0 47.1583 152.445 86.2586 233.31 
0.00199171321366894754 1.55247 0 291484 24.5372 8.57504 7.46217 0 01 0 0 0 0 0 0 0 0 0 0 0 47.1583 152.445 86.2586 233.31 
0.00199171321366894754 1.62163 0 305362 25.5252 8.6757 7.55012 0 01 0 0 0 0 0 0 0 0 0 0 0 54.0386 140.825 0 103.993 
0.00199171321366894754 1.65441 0 250839 27.0503 8.79771 7.6567 0 01 0 0 0 0 0 0 0 0 0 0 0 54.0386 140.825 0 103.993 
0.00199171321366894754 1.67116 0 325539 26.0189 8.73208 7.59938 0 01 0 0 0 0 0 0 0 0 0 0 0 42.4723 119.105 16.9726 413.813 
0.00199171321366894754 1.70212 0 352578 27.1776 8.81586 7.67252 0 01 0 0 0 0 0 0 0 0 0 0 0 42.4723 119.105 16.9726 413.813 
0.00199171321366894754 1.81064 0 270726 24.975 8.59032 7.47553 0 01 0 0 0 0 0 0 0 0 0 0 0 39.0951 131.519 0 160.172 
0.00199171321366894754 1.83134 0 347707 23.91 8.50286 7.3991 0 01 0 0 0 0 0 0 0 0 0 0 0 46.2302 137.281 149.865 476.918 
0.00199171321366894754 1.86368 0 262693 24.9211 8.57861 7.46529 0 01 0 0 0 0 0 0 0 0 0 0 0 46.2302 137.281 149.865 476.918 
0.00199171321366894754 1.90142 0 371033 23.9911 8.51406 7.40888 0 01 0 -0 0 0 0 -0 0 0 0 -0 0 38.8648 120.436 35.9629 135.273 
0.00199171321366894754 1.92509 0 215333 26.9624 8.77646 7.63815 0 01 -0 0 0 0 -0 0 0 0 -0 0 0 38.8648 120.436 35.9629 135.273 
0.00199171321366894754 1.92843 0 350954 25.455 8.66865 7.54396 0 01 0 0 -0 0 0 0 -0 0 0 0 -0 38.8648 120.436 35.9629 135.273 
0.00199171321366894754 2.00255 0 327342 24.5396 8.57434 7.46156 0 01 0 -0 0 0 0 -0 0 0 0 -0 0 38.9647 112.558 45.7196 367.219 
0.00199171321366894754 2.12519 0 332349 25.6333 8.6864 7.55947 0 01 0 -0 0 0 0 -0 0 0 0 -0 0 36.5485 116.092 91.7826 91.7826 
0.00199171321366894754 2.18121 0 361214 24.1206 8.53288 7.42533 0 01 0 0 0 0 0 0 0 0 0 0 0 36.5485 116.092 91.7826 91.7826 
0.00199171321366894754 2.24301 0 323371 25.0855 8.60803 7.491 0 01 0 0 0 0 0 0 0 0 0 0 0 41.1229 111.893 0 275.611 
0.00199171321366894754 2.29559 0 304714 26.9905 8.78997 7.64995 0 01 0 0 -0 0 0 0 -0 0 0 0 -0 41.1229 111.893 0 275.611 
0.00199171321366894754 2.31517 0 369436 25.9777 8.72739 7.59529 0 01 0 0 0 0 0 0 0 0 0 0 0 41.1229 111.893 0 275.611 
0.00199171321366894754 2.47024 0 350672 24.4671 8.56139 7.45024 0 01 0 0 0 0 0 0 0 0 0 0 0 44.3069 107.896 46.138 474.723 
0.00199171321366894754 2.85989 0 383924 24.5021 8.57368 7.46099 0 01 0 0 0 0 0 0 0 0 0 0 0 18.0183 71.5826 0 17.6486 
0.00199171321366894754 2.91925 0 223851 25.3818 8.65074 7.52831 0 01 0 0 0 0 0 0 0 0 0 0 0 18.0183 71.5826 0 17.6486 
0.00199171321366894754 2.96286 0 344291 24.714 8.55337 7.44324 0 01 0 0 0 0 0 0 0 0 0 0 0 18.0183 71.5826 0 17.6486 
0.00199171321366894754 3.30048 0 415520 0.251035 11.2295 7.14928 0 138.0391 -45.9511 26.8019 -127.377 0 -0 0 0 0 -0 0 0 3.70172 26.1731 0 0 
0.00210151706693951883 0.239846 0 31525 22.9882 8.23974 7.41577 0 01 0 -0 0 0 0 -0 0 0 0 -0 0 44.3291 106.59 1288.78 3154.21 
0.00210151706693951883 0.268997 0 77061 23.5 8.32031 7.48828 0 01 -0 0 0 0 -0 0 0 0 -0 0 0 51.4506 111.902 955.915 2155.64 
0.00210151706693951883 0.323883 0 5708 23.4869 8.3125 7.48125 0 01 0 -0 0 0 0 -0 0 0 0 -0 0 48.5963 116.121 1096.32 2065.71 
0.00210151706693951883 0.363816 0 190351 23.2074 8.33261 7.49935 0 01 0 0 0 0 0 0 0 0 0 0 0 52.5516 124.198 573.657 2247.61 
0.00210151706693951883 0.732624 0 74516 23.4024 8.26221 7.43599 0 01 0 -0 0 0 0 -0 0 0 0 -0 0 32.168 103.042 602.488 834.046 
0.00210151706693951883 0.796558 0 78975 22.9598 8.2277 7.40493 0 01 0 0 0 0 0 0 0 0 0 0 0 51.5934 133.132 113.705 289.869 
0.00210151706693951883 1.20135 0 199257 23.1499 8.30827 7.47744 0 01 0 0 0 0 0 0 0 0 0 0 0 38.6412 112.447 1.22023 160.23 
0.00210151706693951883 1.34556 0 251151 23.4299 8.27871 7.45084 0 01 0 0 0 0 0 0 0 0 0 0 0 22.6222 90.5393 7.95951 317.055 
0.00210151706693951883 1.42581 0 317111 23.1091 8.29097 7.46188 0 01 0 0 0 0 0 0 0 0 0 0 0 22.773 89.9865 13.1756 109.752 
0.00210151706693951883 1.51476 0 212127 23.5537 8.35263 7.51737 0 01 0 0 0 0 0 0 0 0 0 0 0 22.9237 85.5778 5.42252 73.6536 
0.00210151706693951883 2.87823 0 376360 23.3435 8.2261 7.40349 0 01 0 0 0 0 0 0 0 0 0 0 0 11.7918 23.5858 0 15.8195 
0.00238097106901600727 2.95011 0 412286 0.230627 10.281 6.29707 0 103.5861 -11.0042 102.318 11.8288 0 0 0 0 0 0 0 0 14.7341 41.7143 0 3.02194 
0.00252325948979759216 2.20164 0 401491 0 10.1636 6.21351 0 54.97361 51.4554 6.43482 18.249 0 0 0 0 0 0 0 0 17.6438 49.0028 1.20075 27.7349 
0.00252325948979759216 3.04134 0 405329 0.327941 9.98109 6.09279 0 252.1821 247.705 -33.0586 -33.8391 0 0 0 -0 0 0 0 -0 9.24077 42.5098 1.14439 1.14439 
0.00252325948979759216 5.58689 0 405122 0.0935042 10.1273 6.18859 0 33.0861 0.172946 -1.13745 33.0659 0 0 0 0 0 0 0 0 3.82629 11.4528 0 0 
0.00281997867970313178 1.2048 0 407492 0.117106 9.4891 8.25954 0 01 0 -0 0 0 0 -0 0 0 0 -0 0 76.9187 199.602 29.6174 582.852 
0.00281997867970313178 2.32986 0 403502 0.120626 9.6072 5.88031 0 188.8921 -183.527 -5.64001 44.3413 0 0 0 0 0 0 0 0 23.5186 99.0229 0 46.3886 
0.00328201935762061818 1.44402 0 403415 21.2241 9.36809 8.15418 0 01 0 0 0 0 0 0 0 0 0 0 0 73.8661 210.362 112.61 459.994 
0.00328201935762061818 11.0563 0 418753 0.488793 9.02244 7.85287 0 01 0 0 -0 0 0 0 -0 0 0 0 -0 10.3302 32.0522 0 24.2719 
0.00373317016023050384 0.573465 0 412116 0.111534 8.81262 7.66972 0 01 0 0 0 0 0 0 0 0 0 0 0 124.565 314.544 1145.03 2467.25 
0.00452263137878626889 0.700548 0 400448 0.159629 8.7333 7.60045 0 01 -0 0 0 0 -0 0 0 0 -0 0 0 186.67 447.227 344.831 1806.33 
0.00452263137878626889 1.05383 0 402463 0.0935815 8.46026 7.61424 0 01 0 0 -0 0 0 0 -0 0 0 0 -0 175.658 419.933 254.024 1095.86 
0.00452263137878626889 2.49889 0 407341 0 8.58959 7.47489 0 01 0 0 0 0 0 0 0 0 0 0 0 66.2668 221.576 77.1506 316.253 
0.00452263137878626889 2.83128 0 400585 0 8.36811 7.5313 0 01 0 0 0 0 0 0 0 0 0 0 0 39.899 190.872 0 249.926 
