#1:time #2:r #3.binary? #4:ID #5:zams_m #6:m_progenitor #7:bh mass #8:bh_spin #9:birth-kick(km/s) #10-25:vsarray
0.000432146944565023209 0.290467 0 34504 124.455 16.6693 14.8738 0 01 0 -0 0 0 0 -0 0 0 0 -0 0 10.9663 26.79 430.062 658.549 
0.000432146944565023209 0.333522 1 1230 0 16.6527 14.8579 0 0 1 -0.00331288 0.00230776 0.00943917 0 -0 0 0 0 -0 0 0 12.363 27.3575 575.624 1426.22 
0.000432146944565023209 0.339204 1 10657 0 16.0765 14.3082 0 0 1 -0.000948423 -0.00330946 -0.00445919 0 -0 0 0 0 -0 0 0 8.78644 19.5472 133.792 245.444 
0.000432146944565023209 0.38077 0 188351 108.592 16.0115 14.2464 0 01 0 -0 0 0 0 -0 0 0 0 -0 0 6.8157 27.4489 199.631 597.574 
0.000432146944565023209 0.3987 1 73525 0 16.7243 14.9264 0 0 2 -0.00130924 0.00335575 -0.00524213 0 0 0 0 0 0 0 0 9.13655 22.6942 290.117 1304.08 
0.000432146944565023209 0.419647 1 40380 0 16.7742 14.9741 0 0 1 -0.00488205 0.0239422 -0.0441433 0 0 0 0 0 0 0 0 10.1021 18.9363 64.402 499.232 
0.000432146944565023209 0.430212 1 115717 0 16.7105 14.9131 0 0 2 -0.000564154 0.00106614 -0.00161237 0 0 0 0 0 0 0 0 10.1021 18.9363 64.402 499.232 
0.000432146944565023209 0.447633 0 62090 146.507 16.6304 14.8366 0 01 0 0 0 0 0 0 0 0 0 0 0 8.9318 20.4943 142.681 174.959 
0.000432146944565023209 0.489561 0 48757 103.84 15.7261 13.9752 0 01 0 0 0 0 0 0 0 0 0 0 0 13.1451 29.6491 22.5567 502.254 
0.000432146944565023209 0.591336 0 119279 118.641 16.6653 14.87 0 01 0 0 -0 0 0 0 -0 0 0 0 -0 11.3188 27.4161 93.1497 603.954 
0.000432146944565023209 0.638044 0 149723 103.931 15.7435 13.9918 0 01 0 0 0 0 0 0 0 0 0 0 0 9.55276 23.6917 2.28427 276.9 
0.000432146944565023209 0.681204 0 64926 104.991 15.9335 14.1722 0 01 0 0 -0 0 0 0 -0 0 0 0 -0 9.60907 21.9462 34.1703 328.409 
0.000432146944565023209 0.742015 0 61743 148.621 16.6402 14.8459 0 01 0 0 -0 0 0 0 -0 0 0 0 -0 8.07356 20.5331 0 342.097 
0.000432146944565023209 0.785692 0 48795 148.621 16.6402 14.8459 0 01 0 0 0 0 0 0 0 0 0 0 0 9.40852 24.2629 452.377 731.121 
0.000432146944565023209 0.792059 0 100504 136.028 16.6459 14.8514 0 01 0 -0 0 0 0 -0 0 0 0 -0 0 9.40852 24.2629 452.377 731.121 
0.000432146944565023209 0.834727 0 111187 103.99 15.7532 14.0009 0 01 0 0 0 0 0 0 0 0 0 0 0 7.48328 26.6888 107.027 1274.79 
0.000432146944565023209 0.918568 0 92882 107.222 16.0773 14.309 0 01 0 0 0 0 0 0 0 0 0 0 0 10.0943 22.0666 253.781 363.906 
0.000432146944565023209 1.05276 1 175727 0 16.4291 14.6443 0 0 1 0.000158407 -0.00208669 0.00121055 0 0 -0 0 0 0 -0 0 6.25025 13.5082 0 0 
0.000432146944565023209 1.23479 0 174558 126.594 16.7498 14.9507 0 01 0 0 -0 0 0 0 -0 0 0 0 -0 1.24344 9.90867 0 0 
0.000432146944565023209 1.78752 0 178115 104.318 15.8146 14.0592 0 01 -0 0 0 0 -0 0 0 0 -0 0 0 0 10.561 0 0 
0.000461112742808941268 0.294812 1 61874 0 14.7483 13.0513 0 0 2 -0.00603825 0.0142884 -0.00356587 0 0 0 0 0 0 0 0 8.20223 23.6067 261.624 684.552 
0.000461112742808941268 0.391667 1 0 0 12.4225 8.67777 0 0 1 -22.0477 28.9827 49.5286 1 -22.8805 -0.658147 -12.4596 0 0 0 0 11.4408 28.1197 382.222 1382.08 
0.000461112742808941268 0.397883 0 122627 80.8837 13.6385 10.7645 0 69.15821 59.646 31.9532 -14.2898 0 0 0 -0 0 0 0 -0 8.44878 23.7615 365.596 687.332 
0.000461112742808941268 0.482504 1 0 0 13.594 10.6787 0 0 1 52.7082 -1.32131 24.9743 1 52.343 5.71556 26.0866 0 0 0 0 9.31118 28.008 158.542 1105.42 
0.000461112742808941268 0.508857 0 51333 97.6188 15.2992 13.5709 0 01 0 0 0 0 0 0 0 0 0 0 0 10.7964 22.6529 541.457 1219.04 
0.000461112742808941268 0.622976 0 9424 99.2021 15.3594 13.6279 0 01 0 0 -0 0 0 0 -0 0 0 0 -0 8.07699 24.2771 153.67 261.463 
0.000461112742808941268 0.655802 0 78203 85.2054 14.0134 11.5169 0 52.6461 1.51504 29.4859 43.5877 0 0 0 0 0 0 0 0 9.04563 29.6377 24.6051 247.264 
0.000461112742808941268 0.763907 0 147898 86.2269 14.2326 11.9809 0 29.67121 15.1887 -25.4498 1.41115 0 0 0 0 0 0 0 0 9.15452 24.3489 101.023 245.26 
0.000461112742808941268 1.29773 0 176205 86.732 14.1462 11.796 0 20.3021 -20.0365 -2.41741 2.20516 0 0 0 0 0 0 0 0 6.41325 14.1344 590.297 590.297 
0.000461112742808941268 1.31102 0 150155 90.7141 14.5553 12.6961 0 3.975581 0.214176 -2.88541 2.7265 0 0 0 0 0 0 0 0 4.04712 14.6865 0 0 
0.000461112742808941268 1.55297 0 136651 90.7845 14.5698 12.7291 0 9.760021 -6.52095 7.22163 -0.763759 0 -0 0 0 0 -0 0 0 6.15447 24.6742 0 469.77 
0.000461112742808941268 1.64468 0 161709 0 13.9759 11.4394 0 17.23741 -10.8653 2.92918 13.0574 0 0 0 0 0 0 0 0 0 11.1626 0 0 
0.000461112742808941268 1.65258 0 168168 93.8479 14.7958 13.096 0 01 0 0 -0 0 0 0 -0 0 0 0 -0 1.71354 13.4494 0 188.134 
0.000461112742808941268 1.91674 0 167048 92.1791 14.6858 12.9925 0 01 0 0 0 0 0 0 0 0 0 0 0 9.86314 25.6294 0 126.719 
0.000461112742808941268 2.16594 0 159815 87.188 14.2418 12.0006 0 22.04391 16.3884 -9.65923 11.1379 0 0 0 0 0 0 0 0 2.19481 2.19481 0 0 
0.000464577152783229408 0.532016 0 176470 78.0612 13.3737 10.2643 0 69.82371 -63.6465 23.0705 -17.0949 0 0 0 -0 0 0 0 -0 1.60722 6.45953 0 0 
0.000464577152783229408 1.38064 0 115918 78.7712 13.3646 10.2474 0 9.028071 1.71605 3.78747 8.0135 0 0 0 0 0 0 0 0 0 1.36503 0 0 
0.000464577152783229408 1.845 0 42429 77.2398 13.3817 10.279 0 27.2561 -27.1476 -2.35333 0.597286 0 0 0 0 0 0 0 0 0 0 0 0 
0.000497976393754785522 0.339867 0 12700 64.3014 11.8742 7.91196 0 111.4221 111.311 -3.3199 3.71488 0 0 0 0 0 0 0 0 10.1457 23.6685 98.209 552.183 
0.000497976393754785522 0.350141 0 9114 75.9226 13.2442 10.0289 0 45.56121 -6.79303 6.52029 44.5776 0 0 0 0 0 0 0 0 10.1457 23.6685 98.209 552.183 
0.000497976393754785522 0.370132 0 37142 63.1007 11.7114 7.70538 0 139.8841 138.685 -10.1373 -15.208 0 0 0 -0 0 0 0 -0 11.7536 26.0385 639.607 1357.99 
0.000497976393754785522 0.37392 0 24013 68.8349 12.3727 8.60378 0 133.271 128.759 26.7183 -21.6386 0 0 0 0 0 0 0 0 11.7536 26.0385 639.607 1357.99 
0.000497976393754785522 0.451373 0 100809 75.8412 13.2239 9.99258 0 57.65271 -57.069 8.07541 1.32203 0 0 0 0 0 0 0 0 12.3431 27.9138 0 950.841 
0.000497976393754785522 0.532227 0 11010 64.4191 11.8911 7.93405 0 88.7171 -34.846 61.0237 -54.1533 0 0 0 -0 0 0 0 -0 8.3869 25.697 447.011 856.885 
0.000497976393754785522 0.717766 0 177308 63.2174 11.7265 7.72415 0 175.4191 152.098 -87.349 2.8584 0 0 0 0 0 0 0 0 8.71231 24.7454 232.21 386.857 
0.000497976393754785522 0.76695 0 102311 75.0149 13.0466 9.68159 0 65.83041 -23.6972 6.76322 -61.0438 0 0 0 0 0 0 0 0 6.97682 22.4327 79.3618 200.027 
0.000497976393754785522 0.804908 0 71530 66.0952 12.0624 8.16265 0 149.3611 137.168 -53.1837 25.7884 0 0 0 0 0 0 0 0 9.58354 22.4043 0 273.805 
0.000497976393754785522 0.804926 0 88100 64.7006 11.9661 8.0329 0 73.91711 -37.7446 -62.8925 -9.14445 0 0 0 -0 0 0 0 -0 9.58354 22.4043 0 273.805 
0.000497976393754785522 0.817073 0 121014 67.3249 12.2262 8.39123 0 134.381 -131.933 -10.6816 23.1848 0 0 0 0 0 0 0 0 9.8974 23.0896 171.2 258.325 
0.000497976393754785522 0.82128 0 196871 67.4387 12.2554 8.43293 0 48.83281 -27.4128 40.4106 0.400612 0 0 0 0 0 0 0 0 9.8974 23.0896 171.2 258.325 
0.000497976393754785522 0.82838 0 4485 74.1323 12.9406 9.50114 0 83.66471 -42.8526 30.4255 65.0978 0 0 0 0 0 0 0 0 9.8974 23.0896 171.2 258.325 
0.000497976393754785522 0.889871 0 111328 67.4826 12.2576 8.43618 0 175.5221 -33.8922 143.07 95.8661 0 0 0 0 0 0 0 0 7.0662 23.8631 117.57 240.335 
0.000497976393754785522 0.893374 0 51259 69.5325 12.4219 8.67689 0 60.79951 42.4001 -24.1575 36.2661 0 0 0 0 0 0 0 0 7.0662 23.8631 117.57 240.335 
0.000497976393754785522 1.05033 0 114706 70.8061 12.5699 8.90212 0 64.61151 7.30928 -63.107 11.7779 0 0 0 0 0 0 0 0 8.28685 23.8337 4.07687 153.534 
0.000497976393754785522 1.06495 0 25684 63.0733 11.7079 7.70109 0 167.9461 -115.339 58.7115 -107.03 0 -0 0 0 0 -0 0 0 4.25634 22.3707 0 347.475 
0.000497976393754785522 1.29052 0 153939 71.4512 12.7327 9.15913 0 119.261 -54.7762 105.743 6.38962 0 0 0 0 0 0 0 0 2.61632 14.3587 84.6057 84.6057 
0.000497976393754785522 1.29957 0 152617 73.6069 12.9607 9.535 0 83.31961 47.7982 15.94 66.3582 0 0 0 0 0 0 0 0 2.61632 14.3587 84.6057 84.6057 
0.000497976393754785522 1.58716 0 166865 62.8942 11.7487 7.75187 0 51.50181 -4.04082 37.6026 34.9594 0 -0 0 0 0 -0 0 0 6.31522 17.283 0 0 
0.000497976393754785522 1.93435 0 150382 65.3114 11.9913 8.06646 0 64.19521 -13.0183 -60.741 -16.189 0 0 0 0 0 0 0 0 3.80453 18.9855 0 72.7661 
0.000497976393754785522 2.65909 0 174664 69.4959 12.4099 8.65906 0 36.38341 22.9124 -12.789 -25.2034 0 0 -0 0 0 0 -0 0 0 13.7531 0 0 
0.000532560642082877383 0.216346 1 0 0 10.9181 6.83388 0 0 1 -53.7403 83.8016 -63.3487 1 -54.1063 81.0542 -66.6536 0 -0 0 0 10.703 25.3285 92.7139 749.252 
0.000532560642082877383 0.239489 0 77606 0 10.6121 6.55736 0 138.2031 -133.609 -34.7448 6.44774 0 0 0 0 0 0 0 0 8.86996 22.9654 582.492 1035.82 
0.000532560642082877383 0.31958 0 37483 52.7163 10.5981 6.54559 0 149.9611 23.4917 -147.505 13.3704 0 0 0 0 0 0 0 0 12.4471 26.4321 68.2964 666.692 
0.000532560642082877383 0.337555 0 110778 61.5212 11.8124 7.83243 0 95.50151 58.9006 -68.2988 31.4088 0 0 -0 0 0 0 -0 0 9.48714 24.3981 69.9877 293.178 
0.000532560642082877383 0.338144 0 13642 55.6771 11.3418 7.27152 0 71.45061 -10.8561 -63.5614 -30.778 0 0 0 0 0 0 0 0 9.48714 24.3981 69.9877 293.178 
0.000532560642082877383 0.357228 1 0 0 11.0662 6.97962 0 0 1 40.5479 22.9401 -76.139 1 39.2159 23.7561 -76.6007 0 0 0 -0 10.5779 27.7661 190.384 583.192 
0.000532560642082877383 0.524617 0 52253 57.7001 11.7967 7.81246 0 158.0671 -22.1058 147.399 52.6297 0 0 0 0 0 0 0 0 11.0296 25.1798 100.699 1002.16 
0.000532560642082877383 0.530639 0 58352 55.3119 11.2331 7.1532 0 57.01731 5.53497 48.086 -30.1343 0 0 0 0 0 0 0 0 11.0296 25.1798 100.699 1002.16 
0.000532560642082877383 0.576349 1 0 0 10.9647 6.87886 0 0 1 37.39 -80.5691 -58.4273 1 38.4808 -80.4135 -57.9434 0 0 0 0 15.3099 34.6512 542.787 792.63 
0.000532560642082877383 0.664707 0 107024 60.5044 11.5608 7.52272 0 180.7381 -160.736 37.5577 73.6186 0 -0 0 0 0 -0 0 0 12.4971 25.0138 49.3668 457.447 
0.000532560642082877383 0.672909 0 75494 52.6861 10.6036 6.55017 0 137.5481 101.79 69.1576 61.4448 0 0 0 0 0 0 0 0 9.52866 27.9235 29.0338 51.1941 
0.000532560642082877383 0.675935 0 184514 59.5604 11.3085 7.23488 0 137.8211 -46.2882 -114.392 61.3707 0 -0 0 0 0 -0 0 0 9.52866 27.9235 29.0338 51.1941 
0.000532560642082877383 0.769924 0 111644 52.5187 10.599 6.54639 0 140.961 -128.811 -56.8645 6.61239 0 0 0 0 0 0 0 0 14.0261 31.1519 255.89 381.924 
0.000532560642082877383 0.791325 0 85265 58.7173 11.212 7.13068 0 73.7441 44.7487 10.2222 -57.7169 0 0 0 0 0 0 0 0 14.0261 31.1519 255.89 381.924 
0.000532560642082877383 0.825638 0 25991 61.3019 11.764 7.77115 0 36.13831 29.0925 -0.609161 21.4297 0 0 0 0 0 0 0 0 9.11855 23.2623 176.294 176.294 
0.000532560642082877383 0.853405 0 95702 60.5667 11.5767 7.54164 0 272.6361 -123.812 169.916 173.579 0 -0 0 0 0 -0 0 0 6.82537 28.2034 0 218.313 
0.000532560642082877383 0.925874 0 134142 56.2477 11.5164 7.47049 0 202.8191 187.631 67.6735 36.7488 0 0 0 0 0 0 0 0 10.0511 28.2918 18.8752 18.8752 
0.000532560642082877383 0.936514 0 179664 56.8427 11.6513 7.6315 0 187.291 43.8744 149.063 104.56 0 0 0 0 0 0 0 0 4.7132 19.8078 0 204.211 
0.000532560642082877383 1.2544 0 147276 58.7407 11.229 7.1488 0 63.51361 -51.719 -19.3448 -31.3832 0 0 0 0 0 0 0 0 6.32284 21.5482 0 70.9068 
0.000532560642082877383 1.29064 0 128897 55.4251 11.2692 7.19196 0 57.89411 -43.1393 -36.7368 -11.8804 0 -0 0 0 0 -0 0 0 6.56408 19.6138 0 36.9056 
0.000532560642082877383 1.61383 0 156600 59.8262 11.4035 7.34052 0 48.18341 -46.5322 12.3488 1.97355 0 0 0 0 0 0 0 0 4.893 19.6983 0 1.0197 
0.000532560642082877383 1.62426 0 164435 61.1483 11.7201 7.7162 0 119.2091 112.982 38.0002 -1.36295 0 0 0 -0 0 0 0 -0 4.893 19.6983 0 1.0197 
0.000532560642082877383 1.67784 0 176147 59.5084 11.2964 7.2216 0 211.4321 179.19 83.7113 -74.7476 0 0 0 -0 0 0 0 -0 4.893 19.6983 0 1.0197 
0.000532560642082877383 2.53213 0 181303 61.4273 11.7964 7.81205 0 126.6841 -126.616 1.72061 3.7681 0 -0 0 0 0 -0 0 0 2.50344 4.88558 0 0 
0.000532560642082877383 2.66586 0 197790 61.1754 11.733 7.73224 0 169.8021 -91.4872 18.2296 141.882 0 0 0 0 0 0 0 0 5.36683 16.2056 0 0 
0.000564620353972848264 0.124657 0 953 0 10.665 6.6027 0 83.69831 -6.06155 73.7612 -39.089 0 0 0 0 0 0 0 0 7.08604 15.7471 408.058 1023.36 
0.000564620353972848264 0.196358 1 56191 51.4257 9.03921 7.86755 0 0 1 0.325952 0.833326 0.263923 0 0 0 0 0 0 0 0 9.18749 22.3947 350.267 624.505 
0.000564620353972848264 0.285868 0 43106 50.8741 10.6551 6.59415 0 218.3051 -217.721 -12.4522 -9.98466 0 0 0 -0 0 0 0 -0 12.1095 32.5014 552.514 1040.68 
0.000564620353972848264 0.319967 0 27716 51.6437 10.643 6.58368 0 202.5071 103.762 148.208 90.9775 0 0 0 0 0 0 0 0 9.52981 27.0657 285.63 727.254 
0.000564620353972848264 0.332718 0 183290 48.3797 10.641 6.58193 0 159.7971 116.559 -109.268 3.10771 0 0 -0 0 0 0 -0 0 9.52981 27.0657 285.63 727.254 
0.000564620353972848264 0.394391 0 89578 49.7995 10.7217 6.65251 0 170.3191 -117.182 1.74618 123.587 0 0 0 0 0 0 0 0 11.5588 27.8861 25.6133 207.505 
0.000564620353972848264 0.418735 0 27316 48.1001 10.6506 6.59018 0 229.8791 -52.1188 -25.9829 222.38 0 -0 0 0 0 -0 0 0 10.0972 29.8869 328.347 531.177 
0.000564620353972848264 0.463254 0 54190 49.2892 10.6251 6.56831 0 172.8051 127.369 87.0551 77.8472 0 0 0 0 0 0 0 0 14.488 30.8126 228.706 319.646 
0.000564620353972848264 0.486307 0 62226 48.302 10.641 6.58195 0 129.7811 128.703 16.2462 3.84328 0 0 0 0 0 0 0 0 15.6253 30.7999 131.204 710.946 
0.000564620353972848264 0.511597 0 55710 46.9203 10.6856 6.62065 0 61.79341 -51.5565 -25.1917 -22.9288 0 -0 0 0 0 -0 0 0 11.231 27.0991 186.068 440.094 
0.000564620353972848264 0.746772 0 44453 51.9633 10.6335 6.57552 0 121.7541 -64.5982 -101.939 -16.1151 0 0 0 0 0 0 0 0 6.66077 23.739 0 0 
0.000564620353972848264 0.75172 0 74245 51.1709 10.6413 6.58218 0 209.9111 -90.6852 153.404 110.932 0 -0 0 0 0 -0 0 0 6.66077 23.739 0 0 
0.000564620353972848264 0.83846 0 99846 48.7235 10.6338 6.57573 0 167.2111 -156.495 -57.2271 13.9222 0 0 0 0 0 0 0 0 5.04597 19.4037 0 52.2949 
0.000564620353972848264 0.901982 0 57888 0 10.6275 6.57036 0 233.7491 178.824 121.411 88.9956 0 0 0 0 0 0 0 0 8.0616 18.8732 0 37.2508 
0.000564620353972848264 0.941445 0 116262 49.0266 10.6261 6.56919 0 69.41331 16.3612 47.7352 47.6642 0 0 0 0 0 0 0 0 14.8041 28.7623 140.365 354.776 
0.000564620353972848264 1.16678 0 45741 47.4805 10.6958 6.6296 0 130.5511 123.221 -20.5045 37.9423 0 0 0 0 0 0 0 0 5.80634 19.7587 0 110.831 
0.000564620353972848264 1.22628 0 162029 49.042 10.638 6.57933 0 79.2961 -79.2511 2.52134 0.873262 0 0 0 0 0 0 0 0 7.43469 22.3546 21.5979 59.5051 
0.000564620353972848264 1.26884 0 164882 0 10.6262 6.56922 0 124.9361 122.342 -11.6962 -22.4678 0 0 0 0 0 0 0 0 5.13229 16.6736 373.904 406.837 
0.000564620353972848264 1.33809 0 161343 49.6198 10.6026 6.5494 0 92.02131 54.0259 73.7289 -10.6382 0 0 0 0 0 0 0 0 2.65641 13.2706 0 0 
0.000564620353972848264 1.36022 0 185627 50.0487 10.6864 6.62133 0 64.22541 -52.2146 -35.4474 11.9172 0 -0 0 0 0 -0 0 0 12.3685 24.8467 29.6539 77.5336 
0.000564620353972848264 1.36692 0 154047 51.7776 10.6374 6.57885 0 115.5941 100.004 -57.298 -8.83897 0 0 0 0 0 0 0 0 12.3685 24.8467 29.6539 77.5336 
0.000564620353972848264 1.54077 1 165646 52.3922 8.94343 7.78404 0 0 1 -0.179223 0.36895 1.66051 0 0 0 0 0 0 0 0 6.15401 27.8023 0 0 
0.000564620353972848264 1.63239 0 177060 46.786 10.6704 6.60739 0 175.4751 123.374 117.423 42.2159 0 0 0 0 0 0 0 0 4.84321 9.71895 0 290.605 
0.000564620353972848264 1.6598 0 144755 46.2284 10.5995 6.54678 0 82.62341 -26.9613 -77.0385 12.8369 0 -0 0 0 0 -0 0 0 6.65722 18.3085 0 0 
0.000564620353972848264 1.7031 0 139943 46.444 10.6307 6.57307 0 203.6621 171.353 -74.3187 -81.1995 0 0 -0 0 0 0 -0 0 6.65722 18.3085 0 0 
0.000564620353972848264 1.71023 0 157557 48.6908 10.6437 6.5843 0 93.46581 -83.6367 -32.2708 26.4452 0 0 0 0 0 0 0 0 6.65722 18.3085 0 0 
0.000564620353972848264 1.73336 0 183715 49.3078 10.6194 6.56349 0 148.851 -55.6001 105.088 -89.5614 0 0 0 -0 0 0 0 -0 3.50236 21.0637 69.1813 69.1813 
0.000564620353972848264 1.80128 0 194166 51.865 10.6346 6.57643 0 204.1671 -15.259 -198.786 -43.9954 0 -0 0 0 0 -0 0 0 5.52299 12.8464 0 60.3153 
0.000567631359193589776 1.06048 0 65477 45.4948 10.5113 6.47427 0 193.3551 160.555 69.335 -82.4672 0 0 0 0 0 0 0 0 0 1.0684 0 0 
0.000567631359193589776 1.11469 0 37829 45.571 10.5323 6.49131 0 199.741 -191.765 -36.3942 42.4034 0 0 0 0 0 0 0 0 0 0 0 0 
0.000567631359193589776 1.95811 0 63181 45.5723 10.5324 6.49137 0 83.05111 -48.7228 -24.2504 62.7335 0 0 0 0 0 0 0 0 1.91763 1.91763 0 0 
0.000567631359193589776 2.32305 0 194155 45.6927 10.5403 6.49782 0 43.14231 -25.7695 -32.8458 10.8789 0 0 0 0 0 0 0 0 0 0 0 0 
0.000567631359193589776 2.98794 0 146828 45.4911 10.5109 6.47392 0 53.30611 -37.0756 -23.5099 30.2362 0 0 0 0 0 0 0 0 0 0 0 0 
0.000633695909065480211 0.202506 0 6025 40.7768 10.2117 6.24715 0 158.4821 62.3939 123.405 77.426 0 0 0 0 0 0 0 0 13.678 31.1472 1031.45 1281.93 
0.000633695909065480211 0.203353 1 20900 43.6574 8.04711 2.29045 0 0 1 -4.71249 10.4221 -2.79278 0 -0 0 0 0 -0 0 0 13.678 31.1472 1031.45 1281.93 
0.000633695909065480211 0.214598 0 4347 41.5373 10.3059 6.31538 0 180.4321 66.0499 -21.2468 166.558 0 0 -0 0 0 0 -0 0 13.678 31.1472 1031.45 1281.93 
0.000633695909065480211 0.236487 0 79197 38.3837 10.0649 6.14687 0 12.78521 -3.23868 11.7718 3.79412 0 0 0 0 0 0 0 0 13.678 31.1472 1031.45 1281.93 
0.000633695909065480211 0.336575 0 7823 39.3151 10.0383 6.12943 0 212.9131 -140.242 -115.219 111.305 0 -0 0 0 0 -0 0 0 19.672 43.714 287.862 1230.28 
0.000633695909065480211 0.440213 0 60170 45.2368 10.4804 6.44942 0 69.47031 -53.4422 32.209 30.5389 0 0 0 0 0 0 0 0 21.4649 49.2521 457.574 1206.29 
0.000633695909065480211 0.462757 0 36465 39.0862 10.0076 6.10965 0 183.5091 89.8726 -45.5183 153.384 0 0 0 0 0 0 0 0 14.9358 43.9266 468.067 1095.21 
0.000633695909065480211 0.480036 0 25648 43.9216 10.3791 6.37036 0 117.7391 -105.164 -37.8912 36.9737 0 0 0 0 0 0 0 0 19.951 48.8799 510.44 741.659 
0.000633695909065480211 0.520047 0 51605 40.827 10.215 6.24951 0 65.39571 12.9857 -45.0485 -45.5917 0 0 0 0 0 0 0 0 18.6773 48.3317 32.5813 61.8112 
0.000633695909065480211 0.533427 0 35366 43.6827 10.3513 6.34924 0 179.1741 -146.46 47.1057 -91.8351 0 0 0 0 0 0 0 0 14.7311 43.5035 127.719 736.034 
0.000633695909065480211 0.548737 0 68259 42.4999 10.4129 6.39642 0 78.8221 -41.746 -56.2656 -36.1158 0 0 0 0 0 0 0 0 14.7311 43.5035 127.719 736.034 
0.000633695909065480211 0.572413 0 159247 38.304 10.0574 6.14189 0 146.4621 -145.114 -14.5648 -13.4485 0 0 0 0 0 0 0 0 19.7589 49.1604 185.552 763.443 
0.000633695909065480211 0.630252 0 36799 37.7695 10.0081 6.10994 0 181.8771 177.113 37.9007 16.5504 0 0 0 0 0 0 0 0 21.4906 49.2744 335.935 565.292 
0.000633695909065480211 0.63425 0 83883 43.4998 10.4961 6.462 0 116.9171 -116.877 3.04073 -0.336612 0 0 0 0 0 0 0 0 21.4906 49.2744 335.935 565.292 
0.000633695909065480211 0.689122 0 111014 41.6225 10.3193 6.32527 0 164.6571 164.14 -4.27344 -12.3183 0 0 0 0 0 0 0 0 16.9955 46.875 54.8127 339.705 
0.000633695909065480211 0.709432 0 85683 44.9658 10.4515 6.42657 0 215.1241 206.3 42.4778 43.7554 0 0 0 0 0 0 0 0 21.0632 47.6541 299.734 600.276 
0.000633695909065480211 0.71646 0 78974 41.3222 10.2762 6.29358 0 76.84991 -51.0369 24.6244 -51.9112 0 0 0 -0 0 0 0 -0 15.249 44.3189 75.711 279.549 
0.000633695909065480211 0.737033 0 85753 43.43 10.488 6.45555 0 179.3191 178.106 -11.5782 -17.3 0 0 0 -0 0 0 0 -0 15.249 44.3189 75.711 279.549 
0.000633695909065480211 0.737078 0 68583 43.541 10.4992 6.46451 0 60.45161 -57.1078 -11.7447 15.9737 0 0 -0 0 0 0 -0 0 15.249 44.3189 75.711 279.549 
0.000633695909065480211 0.781194 0 50618 39.3718 10.0476 6.1355 0 64.43641 64.1231 -4.35942 4.61241 0 0 -0 0 0 0 -0 0 17.0706 35.739 0 246.269 
0.000633695909065480211 0.800261 0 70798 38.6921 10.0903 6.16366 0 89.76951 -53.9308 36.567 -61.7485 0 0 0 -0 0 0 0 -0 23.2717 46.5429 310.534 497.324 
0.000633695909065480211 0.814817 0 22499 40.4457 10.1495 6.20379 0 84.87771 12.2351 -0.62327 -83.9889 0 0 0 0 0 0 0 0 23.2717 46.5429 310.534 497.324 
0.000633695909065480211 0.819931 0 120626 44.1948 10.4257 6.4063 0 59.24041 52.1114 13.363 24.8043 0 0 0 0 0 0 0 0 11.5995 33.9624 39.7868 573.201 
0.000633695909065480211 0.871252 0 58596 45.3218 10.4886 6.45602 0 243.7231 120.26 178.999 -113.568 0 0 0 0 0 0 0 0 13.1842 37.0476 291.065 491.274 
0.000633695909065480211 1.05285 0 141955 43.841 10.3702 6.36361 0 88.50991 -1.94077 42.8008 -77.4488 0 0 0 0 0 0 0 0 13.8472 36.1889 0 49.7492 
0.000633695909065480211 1.07708 0 159486 37.6837 9.99801 6.10352 0 90.83461 5.39625 -59.1992 68.6823 0 0 0 0 0 0 0 0 13.8472 36.1889 0 49.7492 
0.000633695909065480211 1.13527 0 122995 40.6661 10.1819 6.22621 0 103.7271 -29.8686 -97.6402 18.2622 0 0 0 0 0 0 0 0 12.5089 28.4473 11.7015 11.7015 
0.000633695909065480211 1.15413 0 5284 40.5322 10.1614 6.212 0 99.53311 -77.9213 14.8083 -60.1317 0 0 0 0 0 0 0 0 12.5089 28.4473 11.7015 11.7015 
0.000633695909065480211 1.312 0 170525 38.7956 10.1038 6.17275 0 127.2251 -112.009 57.5694 18.0513 0 0 0 0 0 0 0 0 9.06528 33.7734 0 143.536 
0.000633695909065480211 1.47529 0 87721 37.6852 9.99863 6.10391 0 166.5041 14.9783 29.1169 -163.253 0 0 0 -0 0 0 0 -0 7.5525 19.514 0 0 
0.000633695909065480211 1.57553 0 191234 39.5368 10.0795 6.1565 0 129.7481 63.732 -107.621 34.5026 0 0 0 0 0 0 0 0 12.4355 29.5748 120.963 120.963 
0.000633695909065480211 1.66968 0 150523 43.4831 10.4916 6.45841 0 153.0771 144.998 -35.3697 -34.0144 0 0 0 0 0 0 0 0 5.03815 23.6188 0 0 
0.000633695909065480211 1.86822 0 131772 42.8596 10.4419 6.41903 0 182.2481 -145.673 -100.149 44.3149 0 0 0 0 0 0 0 0 1.86481 22.343 0 0 
0.000633695909065480211 1.93143 0 94719 43.369 10.4836 6.45202 0 60.91781 33.9062 -48.0883 15.7755 0 0 0 0 0 0 0 0 1.93682 19.4225 0 179.685 
0.000633695909065480211 1.97837 0 185827 39.6373 10.0886 6.16254 0 113.0141 -87.9237 66.2164 -25.6331 0 0 0 0 0 0 0 0 1.93682 19.4225 0 179.685 
0.000633695909065480211 2.06268 0 170070 42.6563 10.4253 6.40605 0 142.8671 134.583 -12.6705 46.2352 0 0 0 0 0 0 0 0 10.2345 22.4776 170.277 184.72 
0.000633695909065480211 2.10031 0 189256 40.4504 10.153 6.20622 0 106.191 -56.3854 60.9868 66.1638 0 0 0 0 0 0 0 0 10.2345 22.4776 170.277 184.72 
0.000633695909065480211 2.36334 0 167586 38.5806 10.084 6.15947 0 216.7851 194.174 -85.5525 -44.4169 0 0 0 0 0 0 0 0 4.63421 18.7975 0 0 
0.000633695909065480211 2.44838 0 195207 39.8973 10.0719 6.15145 0 73.84681 -60.4221 -19.2945 37.8185 0 0 -0 0 0 0 -0 0 2.42606 19.9629 0 0 
0.000633695909065480211 2.85629 0 197910 42.2259 10.3916 6.37997 0 169.1411 -113.38 51.1447 114.621 0 -0 0 0 0 -0 0 0 5.59557 8.26506 0 0 
0.000633695909065480211 3.01648 0 121054 41.5427 10.3075 6.31657 0 82.98481 24.6899 36.4245 -70.3573 0 0 0 0 0 0 0 0 2.99882 6.20586 7.90264 7.90264 
0.000633695909065480211 3.23703 0 82477 40.9632 10.2256 6.25707 0 60.11251 58.937 -2.85351 11.4804 0 0 0 0 0 0 0 0 2.99882 6.20586 7.90264 7.90264 
0.000761892960527023387 0.13328 1 0 0 9.88679 6.03478 0 0 1 -68.2538 -120.995 42.7533 1 -67.033 -121.408 43.5329 0 0 0 0 17.9354 38.8142 866.809 1736.61 
0.000761892960527023387 0.24573 0 32995 37.0429 9.92003 6.05489 0 131.4361 -97.8608 45.7009 -74.9016 0 0 0 0 0 0 0 0 24.7399 61.5894 685.803 1375.64 
0.000761892960527023387 0.279276 0 30052 32.4488 9.47017 8.24307 0 01 0 0 0 0 0 0 0 0 0 0 0 24.7399 61.5894 685.803 1375.64 
0.000761892960527023387 0.29928 0 8274 35.9089 9.72848 5.94409 0 190.9331 -60.7443 -174.003 49.8838 0 0 0 0 0 0 0 0 24.6702 64.2613 477.081 1401.23 
0.000761892960527023387 0.306473 0 41308 32.768 9.42235 8.20144 0 01 0 0 0 0 0 0 0 0 0 0 0 24.6702 64.2613 477.081 1401.23 
0.000761892960527023387 0.309625 0 19678 30.5204 9.17878 7.98921 0 01 0 0 -0 0 0 0 -0 0 0 0 -0 24.6702 64.2613 477.081 1401.23 
0.000761892960527023387 0.31365 0 38744 34.4193 9.67912 5.91753 0 153.0841 -130.873 -73.1417 30.9419 0 0 0 0 0 0 0 0 27.4554 67.3514 940.826 1867.54 
0.000761892960527023387 0.322636 0 154920 31.2574 9.31275 8.10597 0 01 -0 0 0 0 -0 0 0 0 -0 0 0 27.4554 67.3514 940.826 1867.54 
0.000761892960527023387 0.332725 0 26774 30.6602 9.20353 8.01078 0 01 0 0 0 0 0 0 0 0 0 0 0 27.4554 67.3514 940.826 1867.54 
0.000761892960527023387 0.356643 0 52396 35.881 9.72482 5.9421 0 32.62081 32.5488 1.32641 -1.71171 0 0 0 0 0 0 0 0 35.2489 74.9264 607.774 1346.78 
0.000761892960527023387 0.358992 0 19650 29.1244 9.0597 7.88538 0 01 0 -0 0 0 0 -0 0 0 0 -0 0 35.2489 74.9264 607.774 1346.78 
0.000761892960527023387 0.359868 0 152125 29.2841 9.10224 7.92248 0 01 0 0 0 0 0 0 0 0 0 0 0 35.2489 74.9264 607.774 1346.78 
0.000761892960527023387 0.361615 0 58537 36.8577 9.88034 6.03092 0 58.7911 40.1471 39.2779 -17.3734 0 0 0 0 0 0 0 0 35.2489 74.9264 607.774 1346.78 
0.000761892960527023387 0.403924 0 30458 30.8936 9.2542 8.05495 0 01 0 0 -0 0 0 0 -0 0 0 0 -0 29.3005 71.5101 1385.33 1621.97 
0.000761892960527023387 0.422226 0 29137 28.8047 9.00597 7.83849 0 01 0 0 0 0 0 0 0 0 0 0 0 27.9901 65.558 1078.12 1304.1 
0.000761892960527023387 0.448333 0 34930 31.0161 9.27323 8.07153 0 01 0 0 0 0 0 0 0 0 0 0 0 31.2396 68.9455 492.188 1054.75 
0.000761892960527023387 0.450224 0 43247 34.425 9.67814 5.91702 0 329.1221 66.2854 107.461 -303.94 0 0 0 0 0 0 0 0 31.2396 68.9455 492.188 1054.75 
0.000761892960527023387 0.48054 0 52314 30.7935 9.22619 8.03054 0 01 0 0 0 0 0 0 0 0 0 0 0 28.9999 70.3746 268.62 1111.27 
0.000761892960527023387 0.483072 0 129259 29.8493 9.17186 7.98318 0 01 0 0 -0 0 0 0 -0 0 0 0 -0 28.9999 70.3746 268.62 1111.27 
0.000761892960527023387 0.51671 0 66897 31.2341 9.30554 8.09969 0 01 0 0 0 0 0 0 0 0 0 0 0 23.4311 71.9697 289.575 409.688 
0.000761892960527023387 0.551338 0 102873 35.6821 9.70693 5.9324 0 133.0831 8.20606 34.712 -128.214 0 0 0 0 0 0 0 0 30.52 75.693 172.805 363.966 
0.000761892960527023387 0.579729 0 23097 28.6906 8.9797 7.81556 0 01 -0 0 0 0 -0 0 0 0 -0 0 0 31.3553 63.2111 165.014 682.947 
0.000761892960527023387 0.596333 0 57393 35.2741 9.65678 5.90579 0 207.21 15.2064 189.193 83.107 0 0 0 0 0 0 0 0 31.3553 63.2111 165.014 682.947 
0.000761892960527023387 0.603002 0 69754 30.7762 9.21663 8.0222 0 01 0 0 0 0 0 0 0 0 0 0 0 32.4706 64.3698 498.638 1067.41 
0.000761892960527023387 0.626704 0 71493 30.2655 9.21773 8.02316 0 01 0 -0 0 0 0 -0 0 0 0 -0 0 23.4891 68.5454 986.002 1133.83 
0.000761892960527023387 0.630726 0 90793 35.7125 9.70084 5.92912 0 142.8061 -43.9633 93.1153 98.946 0 0 0 0 0 0 0 0 23.4891 68.5454 986.002 1133.83 
0.000761892960527023387 0.636763 1 204434 46.176 10.268 6.28757 0 0 2 -45.1262 49.203 -80.9165 0 0 0 -0 0 0 0 -0 23.4891 68.5454 986.002 1133.83 
0.000761892960527023387 0.661956 0 89901 30.3874 9.15317 7.96688 0 01 0 0 -0 0 0 0 -0 0 0 0 -0 24.3995 67.1556 383.479 736.542 
0.000761892960527023387 0.691909 0 107151 32.3059 9.45538 8.23019 0 01 0 0 0 0 0 0 0 0 0 0 0 21.7965 64.7681 284.643 598.707 
0.000761892960527023387 0.706012 0 86949 29.7502 9.15687 7.97011 0 01 -0 0 0 0 -0 0 0 0 -0 0 0 21.8042 56.3647 85.6658 534.727 
0.000761892960527023387 0.744054 0 62469 36.8054 9.87641 6.02858 0 82.08251 -81.3718 -7.2295 7.9932 0 0 0 0 0 0 0 0 27.8384 65.5567 595.947 750.764 
0.000761892960527023387 0.745155 0 43108 30.0418 9.19379 8.00229 0 01 0 0 0 0 0 0 0 0 0 0 0 27.8384 65.5567 595.947 750.764 
0.000761892960527023387 0.775906 0 54359 28.9575 9.03324 7.86229 0 01 -0 0 0 0 -0 0 0 0 -0 0 0 23.4483 60.952 111.086 716.954 
0.000761892960527023387 0.781271 0 55686 31.4713 9.35947 8.14667 0 01 -0 0 0 0 -0 0 0 0 -0 0 0 23.4483 60.952 111.086 716.954 
0.000761892960527023387 0.807955 0 71669 34.3464 9.66444 5.9098 0 270.5291 176.489 -34.2723 -202.145 0 0 0 0 0 0 0 0 29.8352 74.8754 177.244 360.868 
0.000761892960527023387 0.81651 0 139792 31.9889 9.41906 8.19858 0 01 0 0 0 0 0 0 0 0 0 0 0 29.8352 74.8754 177.244 360.868 
0.000761892960527023387 0.840512 0 67849 31.2414 9.30537 8.09953 0 01 0 -0 0 0 0 -0 0 0 0 -0 0 32.426 69.8634 201.103 688.395 
0.000761892960527023387 0.862101 0 109173 31.5459 9.36942 8.15534 0 01 0 0 0 0 0 0 0 0 0 0 0 20.5817 63.4897 347.008 564.639 
0.000761892960527023387 0.871866 0 48688 29.678 9.14711 7.9616 0 01 -0 0 0 0 -0 0 0 0 -0 0 0 22.0958 52.2073 203.4 1119.62 
0.000761892960527023387 0.880004 0 154589 30.0242 9.19196 8.0007 0 01 0 0 0 0 0 0 0 0 0 0 0 22.0958 52.2073 203.4 1119.62 
0.000761892960527023387 0.881379 0 169885 30.6318 9.19894 8.00679 0 01 0 0 0 0 0 0 0 0 0 0 0 22.0958 52.2073 203.4 1119.62 
0.000761892960527023387 0.886905 0 195542 33.3682 9.53014 5.84234 0 85.86111 29.2437 70.4356 -39.443 0 0 0 0 0 0 0 0 22.0958 52.2073 203.4 1119.62 
0.000761892960527023387 0.900654 0 6292 29.1038 9.05757 7.88352 0 01 0 0 -0 0 0 0 -0 0 0 0 -0 20.0884 58.4008 818.883 823.376 
0.000761892960527023387 0.915357 0 17420 33.4215 9.53291 5.84368 0 157.5641 6.90332 -55.0821 147.461 0 0 0 0 0 0 0 0 20.0884 58.4008 818.883 823.376 
0.000761892960527023387 1.03524 0 144496 36.8656 9.88157 6.03166 0 194.1571 174.269 -15.2676 84.2286 0 0 -0 0 0 0 -0 0 13.4435 41.3855 5.74737 104.835 
0.000761892960527023387 1.0569 0 121925 32.1195 9.43368 8.21131 0 01 0 0 0 0 0 0 0 0 0 0 0 22.3818 57.6311 23.9086 434.901 
0.000761892960527023387 1.05748 0 162583 37.01 9.91947 6.05454 0 157.2811 -155.742 -18.6725 11.5469 0 0 0 0 0 0 0 0 22.3818 57.6311 23.9086 434.901 
0.000761892960527023387 1.0963 0 126118 28.7826 9.00298 7.83588 0 01 0 0 -0 0 0 0 -0 0 0 0 -0 25.4854 60.7984 268.368 499.131 
0.000761892960527023387 1.10047 0 149405 33.1739 9.48669 8.25744 0 01 0 0 -0 0 0 0 -0 0 0 0 -0 25.4854 60.7984 268.368 499.131 
0.000761892960527023387 1.12615 0 128347 35.8955 9.72677 5.94316 0 174.1231 74.1169 123.797 -97.4673 0 0 0 0 0 0 0 0 18.2213 44.4563 19.9348 114.178 
0.000761892960527023387 1.22065 0 15422 31.4974 9.36285 8.14961 0 01 0 0 -0 0 0 0 -0 0 0 0 -0 14.6438 47.5009 351.096 357.931 
0.000761892960527023387 1.22788 0 27397 30.0313 9.19269 8.00133 0 01 0 0 0 0 0 0 0 0 0 0 0 14.6438 47.5009 351.096 357.931 
0.000761892960527023387 1.26703 0 95010 29.1241 9.05975 7.88542 0 01 0 0 0 0 0 0 0 0 0 0 0 16.3727 57.9806 27.3345 179.822 
0.000761892960527023387 1.27939 0 153147 29.442 9.12029 7.93822 0 01 -0 0 0 0 -0 0 0 0 -0 0 0 16.3727 57.9806 27.3345 179.822 
0.000761892960527023387 1.28379 0 143944 36.4785 9.82174 5.9965 0 137.3451 -105.974 -58.9888 64.4473 0 0 0 0 0 0 0 0 23.4075 53.3093 79.3959 129.779 
0.000761892960527023387 1.29273 0 179360 28.9337 9.02848 7.85813 0 01 0 -0 0 0 0 -0 0 0 0 -0 0 23.4075 53.3093 79.3959 129.779 
0.000761892960527023387 1.30796 0 138555 33.057 9.46432 8.23797 0 01 -0 0 0 0 -0 0 0 0 -0 0 0 23.4075 53.3093 79.3959 129.779 
0.000761892960527023387 1.34136 0 185079 29.0216 9.04419 7.87184 0 01 0 0 0 0 0 0 0 0 0 0 0 21.6194 55.3548 0 144.461 
0.000761892960527023387 1.36146 0 132704 30.5626 9.18703 7.9964 0 01 0 0 0 0 0 0 0 0 0 0 0 21.6194 55.3548 0 144.461 
0.000761892960527023387 1.40481 0 59481 30.6952 9.20918 8.01571 0 01 0 0 0 0 0 0 0 0 0 0 0 15.3748 40.5133 144.887 240.409 
0.000761892960527023387 1.42326 0 140577 33.135 9.48061 8.25215 0 01 0 0 0 0 0 0 0 0 0 0 0 15.9227 46.4451 0 79.5572 
0.000761892960527023387 1.45546 0 169315 36.9321 9.88689 6.03484 0 71.4311 -30.7034 -33.9329 -54.8474 0 -0 0 0 0 -0 0 0 15.9227 46.4451 0 79.5572 
0.000761892960527023387 1.46247 0 149543 36.7563 9.87245 6.02622 0 40.07171 2.43871 23.0036 -32.7204 0 0 0 0 0 0 0 0 15.9227 46.4451 0 79.5572 
0.000761892960527023387 1.53195 0 183892 30.1223 9.20227 8.00969 0 01 0 0 0 0 0 0 0 0 0 0 0 10.583 49.6511 111.956 244.53 
0.000761892960527023387 1.56475 0 176355 32.2815 9.44988 8.22541 0 01 0 0 0 0 0 0 0 0 0 0 0 18.7806 56.3184 0 162.079 
0.000761892960527023387 1.64657 0 87366 35.2759 9.65713 5.90597 0 54.23281 46.9212 -20.2679 18.1331 0 0 0 0 0 0 0 0 12.9892 48.8611 0 98.7929 
0.000761892960527023387 1.71104 0 165929 34.8882 9.72732 5.94346 0 96.64331 -14.8611 -17.8614 -93.8086 0 0 -0 0 0 0 -0 0 10.1385 40.7146 0 5.15254 
0.000761892960527023387 1.73508 0 186579 35.8192 9.71592 5.93726 0 240.8281 -240.484 -11.6628 5.44313 0 0 0 0 0 0 0 0 19.4611 40.672 23.5198 74.6183 
0.000761892960527023387 1.95059 0 79775 30.7969 9.22683 8.03109 0 01 0 0 0 0 0 0 0 0 0 0 0 11.6869 27.3337 58.5279 60.525 
0.000761892960527023387 1.95805 0 184947 31.2345 9.30553 8.09967 0 01 0 0 -0 0 0 0 -0 0 0 0 -0 11.6869 27.3337 58.5279 60.525 
0.000761892960527023387 1.96013 0 196116 35.192 9.75683 5.95972 0 127.5891 -55.8577 2.26675 114.69 0 -0 0 0 0 -0 0 0 11.6869 27.3337 58.5279 60.525 
0.000761892960527023387 2.03055 0 194475 30.6804 9.20677 8.01361 0 01 0 0 0 0 0 0 0 0 0 0 0 14.4005 43.1399 0 73.3318 
0.000761892960527023387 2.05194 0 177987 30.7625 9.21705 8.02257 0 01 -0 0 0 0 -0 0 0 0 -0 0 0 14.4005 43.1399 0 73.3318 
0.000761892960527023387 2.49108 0 191220 35.2742 9.6568 5.9058 0 51.97851 -21.1638 -47.36 -3.2993 0 0 0 0 0 0 0 0 12.6873 30.104 53.237 53.237 
0.000761892960527023387 2.68578 0 137507 34.7929 9.71845 5.93863 0 98.37571 72.4957 35.3699 56.3126 0 0 0 0 0 0 0 0 2.8239 16.7967 2.13997 2.13997 
0.000761892960527023387 3.22303 0 194863 31.5906 9.3748 8.16002 0 01 0 -0 0 0 0 -0 0 0 0 -0 0 0 6.04161 0 0 
0.000761892960527023387 3.92059 0 198841 35.9894 9.74016 5.9505 0 46.69571 39.0523 -2.10266 25.5143 0 0 0 0 0 0 0 0 0 6.04161 0 0 
0.00076599835731617084 1.4989 0 61856 28.5407 8.95822 7.79682 0 01 0 0 0 0 0 0 0 0 0 0 0 0 1.52263 0 0 
0.000770091020715736076 0.559863 0 55732 28.4725 8.9426 7.78317 0 01 0 0 0 0 0 0 0 0 0 0 0 1.10958 6.12005 259.74 268.711 
0.000770091020715736076 0.751539 0 99537 28.3536 8.923 7.76607 0 01 -0 0 0 0 -0 0 0 0 -0 0 0 2.23363 5.21109 74.4317 74.4317 
0.000770091020715736076 1.28076 0 106288 28.3056 8.98431 7.81959 0 01 0 0 0 0 0 0 0 0 0 0 0 0 0 0 0 
0.000770091020715736076 1.5777 0 185355 28.3386 8.92087 7.76421 0 01 0 -0 0 0 0 -0 0 0 0 -0 0 0 3.24422 0 0 
0.000770091020715736076 1.77147 0 162556 28.4539 8.93921 7.78022 0 01 0 0 0 0 0 0 0 0 0 0 0 1.74097 5.25229 0 0 
0.000770091020715736076 3.13894 0 67839 28.2831 8.98232 7.81785 0 01 0 0 0 0 0 0 0 0 0 0 0 0 0 0 0 
0.000770091020715736076 4.0519 0 193763 28.3885 8.9282 7.77062 0 01 0 0 0 0 0 0 0 0 0 0 0 0 0 0 0 
0.000943607647088670577 0.20292 0 109592 23.684 8.49532 7.3925 0 01 0 0 0 0 0 0 0 0 0 0 0 34.3793 74.0266 705.42 1298.89 
0.000943607647088670577 0.224072 0 171631 28.0086 8.95381 7.79296 0 01 0 0 0 0 0 0 0 0 0 0 0 34.3793 74.0266 705.42 1298.89 
0.000943607647088670577 0.296636 0 18064 27.4481 8.88937 7.73672 0 01 0 0 -0 0 0 0 -0 0 0 0 -0 33.3377 73.9095 1003.78 1576.31 
0.000943607647088670577 0.297319 0 9348 0.0836938 8.84503 7.69802 0 01 0 -0 0 0 0 -0 0 0 0 -0 0 33.3377 73.9095 1003.78 1576.31 
0.000943607647088670577 0.458262 0 131510 26.0311 8.7316 7.59896 0 01 0 0 0 0 0 0 0 0 0 0 0 31.921 87.8046 180.437 459.505 
0.000943607647088670577 0.474012 0 41160 28.0132 8.95462 7.79368 0 01 -0 0 0 0 -0 0 0 0 -0 0 0 31.921 87.8046 180.437 459.505 
0.000943607647088670577 0.555261 0 63470 24.6264 8.55339 7.44325 0 01 0 0 0 0 0 0 0 0 0 0 0 39.8346 93.6816 450.357 1172.67 
0.000943607647088670577 0.556385 0 18681 26.3216 8.76313 7.62651 0 01 0 0 0 0 0 0 0 0 0 0 0 39.8346 93.6816 450.357 1172.67 
0.000943607647088670577 0.605826 0 64738 25.6395 8.68731 7.56027 0 01 0 0 0 0 0 0 0 0 0 0 0 38.2155 81.3945 150.072 499.26 
0.000943607647088670577 0.610292 0 39238 28.202 8.97508 7.81152 0 01 0 0 0 0 0 0 0 0 0 0 0 38.2155 81.3945 150.072 499.26 
0.000943607647088670577 0.621476 0 61838 27.3392 8.86698 7.71718 0 01 0 0 0 0 0 0 0 0 0 0 0 39.033 92.5416 359.188 1051.22 
0.000943607647088670577 0.623431 0 6219 28.0697 8.96132 7.79952 0 01 -0 0 0 0 -0 0 0 0 -0 0 0 39.033 92.5416 359.188 1051.22 
0.000943607647088670577 0.623633 0 149828 25.8174 8.70833 7.57864 0 01 0 0 0 0 0 0 0 0 0 0 0 39.033 92.5416 359.188 1051.22 
0.000943607647088670577 0.625214 0 86890 27.8716 8.9348 7.77637 0 01 -0 0 0 0 -0 0 0 0 -0 0 0 39.033 92.5416 359.188 1051.22 
0.000943607647088670577 0.648752 0 49516 26.5959 8.74132 7.60745 0 01 0 0 0 0 0 0 0 0 0 0 0 30.7062 86.9131 223.465 685.15 
0.000943607647088670577 0.65862 0 145174 26.2275 8.75505 7.61945 0 01 0 0 0 0 0 0 0 0 0 0 0 30.7062 86.9131 223.465 685.15 
0.000943607647088670577 0.666177 0 60209 25.824 8.71082 7.58081 0 01 0 0 0 0 0 0 0 0 0 0 0 33.8019 77.1633 270.324 794.643 
0.000943607647088670577 0.679918 0 81542 27.2419 8.84829 7.70086 0 01 -0 0 0 0 -0 0 0 0 -0 0 0 33.8019 77.1633 270.324 794.643 
0.000943607647088670577 0.690078 0 77879 24.5368 8.53621 7.42824 0 01 0 0 0 0 0 0 0 0 0 0 0 36.4354 82.0244 211.753 391.909 
0.000943607647088670577 0.690553 0 74516 23.4024 8.3684 7.53156 0 01 0 -0 0 0 0 -0 0 0 0 -0 0 36.4354 82.0244 211.753 391.909 
0.000943607647088670577 0.708413 0 98258 23.7794 8.50161 7.398 0 01 0 0 0 0 0 0 0 0 0 0 0 36.4354 82.0244 211.753 391.909 
0.000943607647088670577 0.720095 0 5708 23.4869 8.41994 7.57795 0 01 0 0 0 0 0 0 0 0 0 0 0 34.7774 77.5492 245.641 519.133 
0.000943607647088670577 0.749399 0 39421 48.302 8.77717 7.63878 0 01 0 0 0 0 0 0 0 0 0 0 0 27.0429 74.2961 97.664 599.535 
0.000943607647088670577 0.75268 0 77061 23.5 8.42802 7.58522 0 01 0 0 0 0 0 0 0 0 0 0 0 27.0429 74.2961 97.664 599.535 
0.000943607647088670577 0.766805 0 140637 24.8446 8.56311 7.45175 0 01 0 -0 0 0 0 -0 0 0 0 -0 0 34.9161 71.3291 102.843 535.015 
0.000943607647088670577 0.771644 0 96095 23.6268 8.48797 7.38609 0 01 0 -0 0 0 0 -0 0 0 0 -0 0 34.9161 71.3291 102.843 535.015 
0.000943607647088670577 0.821691 0 190351 23.2074 8.24581 7.42123 0 01 0 0 0 0 0 0 0 0 0 0 0 25.6378 69.4213 24.0859 403.473 
0.000943607647088670577 0.827948 0 126498 25.4469 8.65482 7.53188 0 01 0 0 -0 0 0 0 -0 0 0 0 -0 25.6378 69.4213 24.0859 403.473 
0.000943607647088670577 0.832707 0 105386 25.5418 8.66604 7.54168 0 01 0 0 0 0 0 0 0 0 0 0 0 25.6378 69.4213 24.0859 403.473 
0.000943607647088670577 0.858316 0 73656 24.4481 8.52973 7.42258 0 01 0 0 0 0 0 0 0 0 0 0 0 29.0103 81.933 538.533 945.373 
0.000943607647088670577 0.864209 0 8327 26.2079 8.74989 7.61494 0 01 0 0 -0 0 0 0 -0 0 0 0 -0 29.0103 81.933 538.533 945.373 
0.000943607647088670577 0.8685 0 89672 26.1819 8.74639 7.61188 0 01 0 0 0 0 0 0 0 0 0 0 0 27.3755 90.7891 48.3217 496.466 
0.000943607647088670577 0.869739 0 89495 27.5396 8.89748 7.7438 0 01 0 -0 0 0 0 -0 0 0 0 -0 0 27.3755 90.7891 48.3217 496.466 
0.000943607647088670577 0.986706 0 87460 24.6284 8.55376 7.44357 0 01 0 0 0 0 0 0 0 0 0 0 0 32.0105 94.0178 157.72 291.172 
0.000943607647088670577 1.00851 0 112460 25.4119 8.64922 7.52698 0 01 -0 0 0 0 -0 0 0 0 -0 0 0 32.0105 94.0178 157.72 291.172 
0.000943607647088670577 1.05318 0 73589 27.9947 8.95129 7.79076 0 01 0 -0 0 0 0 -0 0 0 0 -0 0 23.3539 63.7111 0 283.214 
0.000943607647088670577 1.10453 0 141353 27.2499 8.85302 7.70498 0 01 0 0 0 0 0 0 0 0 0 0 0 25.2477 68.1391 125.409 376.576 
0.000943607647088670577 1.1215 0 144498 24.3374 8.51497 7.40968 0 01 0 0 -0 0 0 0 -0 0 0 0 -0 24.8809 62.3988 0 17.5677 
0.000943607647088670577 1.16112 0 129944 28.0037 8.95289 7.79216 0 01 0 0 0 0 0 0 0 0 0 0 0 24.5477 58.4211 70.3284 503.598 
0.000943607647088670577 1.18436 0 125335 26.327 8.76228 7.62576 0 01 0 -0 0 0 0 -0 0 0 0 -0 0 24.5477 58.4211 70.3284 503.598 
0.000943607647088670577 1.20758 0 118226 24.3179 8.51128 7.40646 0 01 0 -0 0 0 0 -0 0 0 0 -0 0 32.6892 67.6882 145.706 204.401 
0.000943607647088670577 1.2723 0 149264 27.311 8.86245 7.71322 0 01 0 0 0 0 0 0 0 0 0 0 0 12.5332 56.2173 5.03438 217.803 
0.000943607647088670577 1.29069 0 81629 24.9271 8.57417 7.46141 0 01 0 0 0 0 0 0 0 0 0 0 0 22.0681 66.0761 159.98 376.998 
0.000943607647088670577 1.30342 0 186121 24.8636 8.5649 7.45331 0 01 0 0 0 0 0 0 0 0 0 0 0 22.0681 66.0761 159.98 376.998 
0.000943607647088670577 1.31192 0 171637 26.0749 8.7364 7.60315 0 01 0 0 0 0 0 0 0 0 0 0 0 22.0681 66.0761 159.98 376.998 
0.000943607647088670577 1.33163 0 185177 24.903 8.5722 7.45969 0 01 0 0 0 0 0 0 0 0 0 0 0 17.4168 56.1694 21.4529 297.49 
0.000943607647088670577 1.39509 0 165019 24.9833 8.58349 7.46956 0 01 0 0 0 0 0 0 0 0 0 0 0 20.7507 61.0273 31.1487 535.865 
0.000943607647088670577 1.39551 0 77143 25.7174 8.69766 7.56931 0 01 0 0 0 0 0 0 0 0 0 0 0 20.7507 61.0273 31.1487 535.865 
0.000943607647088670577 1.43507 0 129927 27.4288 8.88459 7.73255 0 01 0 0 0 0 0 0 0 0 0 0 0 14.3036 53.1282 11.8622 90.271 
0.000943607647088670577 1.44909 0 165677 24.2251 8.50088 7.39737 0 01 0 -0 0 0 0 -0 0 0 0 -0 0 14.3036 53.1282 11.8622 90.271 
0.000943607647088670577 1.45847 0 185527 27.9668 8.94711 7.78712 0 01 0 -0 0 0 0 -0 0 0 0 -0 0 14.3036 53.1282 11.8622 90.271 
0.000943607647088670577 1.4995 0 83813 23.7236 8.50021 7.39678 0 01 0 0 -0 0 0 0 -0 0 0 0 -0 20.8774 56.6066 85.1522 305.636 
0.000943607647088670577 1.50311 0 75139 25.8884 8.71598 7.58532 0 01 0 0 0 0 0 0 0 0 0 0 0 20.8774 56.6066 85.1522 305.636 
0.000943607647088670577 1.58918 0 166175 25.6275 8.68272 7.55625 0 01 0 0 -0 0 0 0 -0 0 0 0 -0 11.2653 59.4779 0 253.347 
0.000943607647088670577 1.60722 0 166801 27.6131 8.90537 7.75069 0 01 0 0 0 0 0 0 0 0 0 0 0 11.2653 59.4779 0 253.347 
0.000943607647088670577 1.6495 0 195209 26.2463 8.75388 7.61843 0 01 -0 0 0 0 -0 0 0 0 -0 0 0 13.301 48.4482 253.571 336.167 
0.000943607647088670577 1.65407 1 206604 28.5508 9.33288 8.1235 0 0 2 17.9923 -10.8379 15.6245 0 0 -0 0 0 0 -0 0 13.301 48.4482 253.571 336.167 
0.000943607647088670577 1.66144 0 158284 26.0693 8.73381 7.6009 0 01 0 0 0 0 0 0 0 0 0 0 0 13.301 48.4482 253.571 336.167 
0.000943607647088670577 1.69817 0 131361 26.4753 8.72491 7.59311 0 01 0 0 0 0 0 0 0 0 0 0 0 13.301 48.4482 253.571 336.167 
0.000943607647088670577 1.7043 0 163317 24.8582 8.56438 7.45286 0 01 0 0 0 0 0 0 0 0 0 0 0 10.3715 41.6561 0 77.1354 
0.000943607647088670577 1.97142 0 190546 25.1519 8.61024 7.49293 0 01 0 0 0 0 0 0 0 0 0 0 0 12.0554 36.0802 58.9207 126.384 
0.000943607647088670577 2.04659 0 187804 24.3237 8.51227 7.40733 0 01 0 0 0 0 0 0 0 0 0 0 0 12.0554 36.0802 58.9207 126.384 
0.000943607647088670577 2.19026 0 181037 27.2189 8.84813 7.70072 0 01 -0 0 0 0 -0 0 0 0 -0 0 0 9.1193 40.5656 50.7975 58.3999 
0.000943607647088670577 2.21355 0 187038 27.069 8.81818 7.67458 0 01 0 -0 0 0 0 -0 0 0 0 -0 0 9.1193 40.5656 50.7975 58.3999 
0.000943607647088670577 2.27013 0 132710 27.7405 8.91856 7.7622 0 01 0 0 0 0 0 0 0 0 0 0 0 9.1193 40.5656 50.7975 58.3999 
0.000943607647088670577 2.34799 0 170681 26.196 8.7516 7.61644 0 01 0 0 0 0 0 0 0 0 0 0 0 9.47626 40.5475 2.34904 189.154 
0.000943607647088670577 3.30288 0 197303 24.8468 8.56332 7.45193 0 01 0 0 0 0 0 0 0 0 0 0 0 10.6829 26.7614 0 2.92155 
0.00119554105200667875 0.989122 0 203034 0.206299 10.2784 6.29515 0 102.8681 76.9232 61.773 -29.1333 0 0 0 0 0 0 0 0 44.8817 95.5386 468.357 943.25 
0.00119554105200667875 2.93606 0 139643 0 8.3035 7.47315 0 01 0 0 0 0 0 0 0 0 0 0 0 8.80063 31.3782 0 0 
