#1:time #2:r #3.binary? #4:ID #5:zams_m #6:m_progenitor #7:bh mass #8:bh_spin #9:birth-kick(km/s) #10-25:vsarray
0.00254910708155795581 0.15656 0 61743 0.102922 16.7387 14.9401 0 01 0 0 0 0 0 0 0 0 0 0 0 5.04354 9.46328 1573.96 3274.36 
0.00255835662533426345 0.463948 0 246404 144.084 16.6074 14.8145 0 01 0 -0 0 0 0 -0 0 0 0 -0 0 7.50719 16.8439 70.1648 265.577 
0.00255835662533426345 0.667536 0 302244 143.97 16.6144 14.8212 0 01 0 0 -0 0 0 0 -0 0 0 0 -0 5.42259 13.5134 0 343.772 
0.00255835662533426345 1.4846 0 375794 145.132 16.7449 14.9461 0 01 0 0 0 0 0 0 0 0 0 0 0 2.95272 10.2711 0 0 
0.00256188481334700428 1.2265 0 396505 141.989 16.6585 14.8633 0 01 -0 0 0 0 -0 0 0 0 -0 0 0 1.24112 2.49235 0 10.1426 
0.00257708249162702692 0.0737412 0 264858 0.273394 16.066 14.2982 0 01 0 0 0 0 0 0 0 0 0 0 0 10.9438 18.1474 3027.89 11665.4 
0.00257708249162702692 0.205414 0 100504 0.882214 16.2031 14.4288 0 01 0 0 0 0 0 0 0 0 0 0 0 8.71831 18.316 2227.46 3326.57 
0.00257708249162702692 0.332769 0 220595 136.133 16.7344 14.9361 0 01 -0 0 0 0 -0 0 0 0 -0 0 0 12.4585 24.3062 1029.51 2327.12 
0.00257708249162702692 0.40215 0 307797 137.619 16.7555 14.9562 0 01 0 0 -0 0 0 0 -0 0 0 0 -0 9.8779 23.7397 463.454 1618.87 
0.00257708249162702692 1.09689 0 321417 134.348 16.7443 14.9455 0 01 0 -0 0 0 0 -0 0 0 0 -0 0 3.23859 16.3372 0 0 
0.00259109772160762229 0.129098 0 1230 0.133135 16.733 14.9347 0 01 0 0 -0 0 0 0 -0 0 0 0 -0 13.1594 20.8351 6626.6 12733.6 
0.00259109772160762229 0.233692 0 40380 0.139088 16.7449 14.9461 0 01 0 0 -0 0 0 0 -0 0 0 0 -0 13.1317 24.0861 1670.69 3924.35 
0.00259109772160762229 0.249195 0 344445 128.127 16.7284 14.9303 0 01 0 0 -0 0 0 0 -0 0 0 0 -0 12.536 23.1161 191.423 2259.95 
0.00259109772160762229 0.834374 0 115717 128.405 16.7212 14.9234 0 01 -0 0 0 0 -0 0 0 0 -0 0 0 9.09226 28.1609 22.0562 22.0562 
0.0025985492545629583 0.955269 0 174558 126.594 16.667 14.8715 0 01 -0 0 0 0 -0 0 0 0 -0 0 0 7.68084 20.2723 71.8868 94.5876 
0.0025985492545629583 2.56847 0 362931 125.318 16.7277 14.9296 0 01 0 0 0 0 0 0 0 0 0 0 0 0 2.49363 0 0 
0.00260082821166058263 0.253885 0 34504 0.215389 16.6936 14.8969 0 01 0 0 -0 0 0 0 -0 0 0 0 -0 3.18758 9.63213 0 581.171 
0.00262107567972965196 0.274271 1 119279 0 16.7177 14.9201 0 0 1 0.00053342 0.00602801 -0.0178824 0 0 0 -0 0 0 0 -0 7.96365 21.3911 276.591 855.007 
0.00263788548271707808 0.439388 0 525219 0.469321 16.3285 14.5483 0 01 0 0 0 0 0 0 0 0 0 0 0 5.39426 13.521 44.8324 519.554 
0.00263788548271707808 1.81164 0 175727 113.949 16.4126 14.6285 0 01 0 0 0 0 0 0 0 0 0 0 0 1.82925 7.2992 0 0 
0.00264735121373715129 0.794293 0 268677 111.171 16.1753 14.4022 0 01 0 0 -0 0 0 0 -0 0 0 0 -0 0 1.58121 0 0 
0.00265266974343034406 0.0987622 0 605055 0.452973 15.6425 13.8959 0 01 0 0 0 0 0 0 0 0 0 0 0 8.21432 15.1852 2723.39 5731.25 
0.00265266974343034406 0.507191 0 253790 109.514 16.1644 14.3919 0 01 0 0 0 0 0 0 0 0 0 0 0 5.02386 16.9805 0 12.2494 
0.00265266974343034406 0.689888 0 491733 0.281425 15.982 14.2183 0 01 0 0 -0 0 0 0 -0 0 0 0 -0 4.09995 16.4145 0 46.8409 
0.00266134880393901693 0.30639 0 188351 108.592 15.9999 14.2353 0 01 0 0 0 0 0 0 0 0 0 0 0 8.29062 18.7887 326.171 800.967 
0.00267029631861286651 0.210337 0 92882 0.0980009 15.7432 13.9915 0 01 0 0 0 0 0 0 0 0 0 0 0 9.98442 20.7462 1369.04 2761.18 
0.00267029631861286651 0.794483 0 265082 106.957 15.8432 14.0864 0 01 0 0 0 0 0 0 0 0 0 0 0 10.1774 25.0103 0 395.981 
0.00267029631861286651 1.66448 0 332286 106.732 15.8495 14.0924 0 01 0 0 0 0 0 0 0 0 0 0 0 3.28361 4.9204 0 0 
0.00268326611985112698 0.148318 0 48757 5.71583 15.3565 13.6251 0 01 0 0 0 0 0 0 0 0 0 0 0 8.23235 16.776 1182.22 4319.34 
0.00268326611985112698 0.153748 1 111187 0 15.3341 13.604 0 0 1 0.000880166 -0.0149551 0.00915862 0 0 -0 0 0 0 -0 0 8.23235 16.776 1182.22 4319.34 
0.00268326611985112698 1.32201 0 178115 0.130446 15.3734 13.6412 0 01 0 0 0 0 0 0 0 0 0 0 0 1.31448 10.6172 0 0 
0.00270107827382565918 1.30885 0 217686 100.932 15.4048 13.6708 0 01 -0 0 0 0 -0 0 0 0 -0 0 0 10.3533 24.5512 0 12.9797 
0.00270724271601462596 0.874502 0 381331 98.9901 15.2316 13.507 0 01 0 0 0 0 0 0 0 0 0 0 0 1.71652 6.93886 1.94954 1.94954 
0.00271041362154170922 1.16973 0 359428 98.4291 15.1913 13.4687 0 01 0 0 0 0 0 0 0 0 0 0 0 2.36321 5.87654 0 53.8566 
0.00272039742963992503 0.313343 0 51333 0 15.1398 13.4203 0 01 0 0 0 0 0 0 0 0 0 0 0 9.42845 21.026 181.11 542.33 
0.00272039742963992503 0.506394 0 306326 0.283595 14.9873 13.2764 0 01 0 0 0 0 0 0 0 0 0 0 0 7.06746 19.185 163.525 456.573 
0.00272039742963992503 1.16224 0 338933 97.2335 15.0694 13.3539 0 01 0 0 -0 0 0 0 -0 0 0 0 -0 3.50815 8.22539 73.9035 333.459 
0.00272435034312868253 0.274902 0 34242 0.131897 12.1363 8.26459 0 132.3381 95.8565 80.5778 42.8023 0 0 0 0 0 0 0 0 2.9743 11.1778 93.5919 104.748 
0.00273506432655517976 0.0723665 0 295028 0.385525 14.8113 13.1106 0 01 0 0 0 0 0 0 0 0 0 0 0 10.151 19.9608 911.611 4799.12 
0.00273506432655517976 0.114561 0 213487 18.4759 14.5139 12.6021 0 14.33261 -9.6139 2.26721 10.3854 0 0 0 0 0 0 0 0 10.151 19.9608 911.611 4799.12 
0.00273506432655517976 0.217084 1 64926 0 11.2283 7.14801 0 0 1 52.7192 -28.3197 41.4705 0 0 -0 0 0 0 -0 0 11.3521 24.5661 1896.71 4246.04 
0.00273506432655517976 0.37638 0 206747 0.143832 14.908 13.2016 0 01 0 0 0 0 0 0 0 0 0 0 0 8.27664 27.8454 225.263 443.049 
0.00273506432655517976 1.26076 0 345768 95.6185 14.9342 13.2263 0 01 -0 0 0 0 -0 0 0 0 -0 0 0 9.98016 22.4967 0 135.296 
0.00273506432655517976 1.90027 0 261806 94.5324 14.9331 13.2253 0 01 -0 0 0 0 -0 0 0 0 -0 0 0 1.93542 5.76754 0 0 
0.00274307652463798204 0.368166 0 168168 93.8479 14.804 13.1037 0 01 0 0 0 0 0 0 0 0 0 0 0 10.8794 24.4259 18.1626 648.381 
0.00274307652463798204 0.74214 0 269660 94.1229 14.8514 13.1483 0 01 0 -0 0 0 0 -0 0 0 0 -0 0 11.8102 16.9924 88.6469 228.856 
0.00275257177289478299 0.237056 0 242650 0.688504 14.334 12.2014 0 11.65551 10.5583 -4.91256 0.48989 0 0 0 0 0 0 0 0 10.6534 22.5975 1246.12 3073.3 
0.00275257177289478299 0.614703 0 61874 92.5073 14.6573 12.9302 0 1.087781 -0.859553 0.507801 0.431941 0 0 0 0 0 0 0 0 11.2162 29.269 1161.29 1257.74 
0.00275689393822261489 0.331837 0 206906 0.129402 14.5123 12.5984 0 4.639991 1.2683 3.5357 -2.72391 0 0 0 -0 0 0 0 -0 8.31272 15.6038 147.906 293.155 
0.00275689393822261489 1.02109 0 301737 91.1998 14.6083 12.8171 0 2.066991 1.70739 -1.13289 -0.271744 0 0 0 0 0 0 0 0 1.01636 4.07847 0 70.9854 
0.00276172789137164908 0.460621 0 136651 90.7845 14.5327 12.6447 0 3.396521 3.36888 -0.0528278 0.429195 0 0 0 0 0 0 0 0 3.21548 12.3682 221.553 635.863 
0.00276328125713028736 0.0901735 0 444910 0.203768 13.9078 11.2998 0 5.465861 5.21581 -1.60267 0.320061 0 0 0 0 0 0 0 0 4.13358 8.52106 1289.54 2208.02 
0.00276328125713028736 0.557423 0 241128 90.5167 14.5082 12.5891 0 11.6441 -6.56435 -0.391776 9.60935 0 -0 0 0 0 -0 0 0 1.68286 3.9048 0 0 
0.00276625930301629573 0.607353 0 259495 90.0112 14.46 12.4808 0 7.455651 4.71257 5.77454 -0.181535 0 0 0 0 0 0 0 0 1.19779 3.59252 0 384.779 
0.00276825850727747871 0.472437 0 239750 89.6003 14.5417 12.665 0 8.144581 -7.81797 2.1465 -0.778563 0 0 0 0 0 0 0 0 2.42651 7.24134 0 7.63442 
0.00278158962341113012 0.557502 0 301990 89.0787 14.4401 12.4362 0 9.214381 -6.23616 -5.735 3.62283 0 0 -0 0 0 0 -0 0 11.0989 34.4238 343.863 563.616 
0.00278158962341113012 0.744686 0 292476 87.8142 14.3264 12.1847 0 15.64861 15.0153 2.92878 3.29262 0 0 0 0 0 0 0 0 6.7033 25.2423 0 865.106 
0.00278158962341113012 0.846997 0 315059 88.2093 14.4014 12.3501 0 18.28451 -6.36652 -9.48711 -14.2754 0 0 0 -0 0 0 0 -0 9.27349 23.6132 227.153 552.535 
0.00278158962341113012 0.882172 0 581611 0.182002 14.3245 12.1804 0 13.15831 -8.44535 3.9217 9.29711 0 -0 0 0 0 -0 0 0 9.53075 24.3112 0 9.09292 
0.00278567213144017677 1.41956 0 317450 87.5857 14.2726 12.0673 0 10.99881 -4.0324 -2.72239 9.86412 0 0 0 0 0 0 0 0 1.42017 5.75718 0 0 
0.00278755689168466454 0.4463 0 159815 0.0849249 14.1951 11.9001 0 33.33011 27.6342 13.5832 12.7573 0 0 0 0 0 0 0 0 2.59849 5.66494 0 402.179 
0.00279407166162137918 0.113759 0 24087 0.133422 13.6566 10.7995 0 41.50961 7.02064 -11.7496 -39.188 0 0 0 0 0 0 0 0 7.98855 16.6594 1123.15 4842.66 
0.00279407166162137918 0.726537 0 176205 86.732 14.1876 11.884 0 38.25371 31.1943 -3.92453 21.7912 0 0 0 0 0 0 0 0 3.61098 15.1465 0 0 
0.00280327832019470558 0.44029 0 147898 0.12975 14.0182 11.5269 0 52.59531 -6.4911 32.5782 -40.7773 0 0 0 0 0 0 0 0 11.3175 32.6452 62.7121 1982.64 
0.00280327832019470558 1.18777 0 78203 85.2054 14.0221 11.5351 0 37.55921 36.0712 -4.50399 -9.44828 0 0 0 -0 0 0 0 -0 3.54796 9.49953 0 0 
0.00280894481896165095 0.2525 0 276984 84.596 13.9897 11.4677 0 19.11991 2.54447 -2.26931 -18.8134 0 0 0 -0 0 0 0 -0 4.03184 10.5241 113.938 164.294 
0.00280894481896165095 1.37497 0 361959 84.4833 13.967 11.421 0 51.19571 -49.8882 -9.94737 5.76294 0 0 0 0 0 0 0 0 0 1.40694 0 0 
0.00281145156015982171 0.853002 0 310574 84.2628 13.922 11.3286 0 30.9591 23.5225 7.67921 -18.606 0 0 0 0 0 0 0 0 0.854053 4.22372 0 0 
0.00281502054901095096 0.344427 0 334111 0.431723 13.907 11.298 0 26.27551 -15.0166 -21.5349 1.0736 0 0 0 0 0 0 0 0 1.40633 9.17304 0 89.164 
0.00281698383920298868 0.277034 0 248388 83.4287 13.973 11.4332 0 29.41221 -23.6593 2.7214 -17.26 0 0 0 0 0 0 0 0 5.60363 11.4297 358.655 806.668 
0.00283297248640897647 1.5407 0 379198 81.8962 13.6972 10.8789 0 61.43441 23.8554 37.1395 42.7289 0 0 0 0 0 0 0 0 1.56178 3.11131 0 81.2225 
0.00284483513553430338 0.167095 0 59411 1.12164 13.4485 10.403 0 44.97281 22.8505 38.42 4.9306 0 0 0 0 0 0 0 0 10.3021 20.6353 3923.42 5571.83 
0.00284483513553430338 0.664831 0 218214 81.2453 13.6626 10.8113 0 75.52241 74.8778 1.77918 9.68446 0 0 0 0 0 0 0 0 7.17028 24.2191 29.7738 40.2627 
0.00284483513553430338 1.40591 0 362265 81.1199 13.6309 10.7498 0 16.74831 16.3587 -3.42364 1.08428 0 0 0 0 0 0 0 0 5.61802 14.0302 209.144 313.533 
0.00285098123257773251 0.693311 0 219171 80.0316 13.5493 10.5932 0 49.2681 -48.8728 2.93955 5.49081 0 0 0 0 0 0 0 0 6.95463 16.7532 22.8779 255.689 
0.00285495759553618675 1.57111 0 395360 79.5825 13.474 10.4506 0 29.65631 17.3196 7.57313 -22.8512 0 0 0 0 0 0 0 0 0 0 0 0 
0.00286322119883912875 0.134274 0 161709 0.674221 13.1818 9.91765 0 38.26761 23.7036 -15.8988 -25.4908 0 0 0 0 0 0 0 0 9.15084 17.967 809.226 4364.73 
0.00286322119883912875 0.373924 0 115918 78.7712 13.4004 10.3134 0 19.53271 -18.8395 -4.37998 2.72296 0 -0 0 0 0 -0 0 0 11.0994 22.9817 289.934 1170.73 
0.00286322119883912875 0.599987 0 283475 79.1005 13.423 10.3555 0 97.34641 81.8343 -11.8955 51.3611 0 0 0 0 0 0 0 0 3.03417 13.3245 20.2905 75.1198 
0.00286748779560554775 2.16535 0 366895 78.4317 13.3625 10.2435 0 40.44751 -12.7975 -34.1601 -17.4731 0 0 0 0 0 0 0 0 0 0 0 0 
0.00287607909919716147 0.410356 1 0 0 12.0863 8.19549 0 0 1 13.3725 2.52409 -30.1967 1 -10.8676 -6.27209 -6.0511 0 -0 0 0 7.85526 19.7812 237.445 304.661 
0.00287607909919716147 0.831295 0 176470 78.0612 13.3563 10.2323 0 79.75161 -73.9978 13.1461 26.6801 0 -0 0 0 0 -0 0 0 7.43129 18.1948 0 317.138 
0.00287894744491729287 0.184196 1 0 0 13.2438 10.0281 0 0 1 50.2305 -55.1715 -15.878 1 40.1879 -66.5177 -7.63407 0 0 -0 0 3.72116 7.94242 820.203 846.235 
0.00289165525116285693 0.76217 0 362975 76.5562 13.1825 9.91887 0 90.92041 62.8955 -62.1118 -21.2788 0 0 0 -0 0 0 0 -0 5.22828 19.4889 164.842 171.714 
0.00289165525116285693 1.43204 0 389536 76.1127 13.1714 9.89924 0 70.60921 59.874 20.8328 -31.0929 0 0 0 0 0 0 0 0 1.43381 8.70346 0 0 
0.00289165525116285693 2.51018 0 330344 76.1778 13.1426 9.84855 0 90.69241 7.99006 -19.0165 88.3156 0 0 -0 0 0 0 -0 0 4.84962 9.62943 0 0 
0.00289908127953567149 0.174218 0 9114 0.294969 12.6708 9.06026 0 93.18171 -14.2307 -29.2273 -87.3275 0 0 -0 0 0 0 -0 0 10.4741 17.6712 1809.33 5322.9 
0.00289908127953567149 0.230445 0 100809 0.0949351 13.1011 9.77595 0 73.32021 71.0306 15.5883 -9.35455 0 0 0 0 0 0 0 0 8.90204 18.8895 335.538 1390.21 
0.00291212536760491504 0.386271 0 516357 0 12.8416 9.33622 0 50.7331 46.9057 2.20791 19.2045 0 0 0 0 0 0 0 0 3.10499 6.57847 303.219 435.465 
0.00292198298125039262 0.168464 0 4485 0.277248 12.9129 9.45464 0 90.89741 -88.4493 6.36936 19.9618 0 -0 0 0 0 -0 0 0 10.5147 18.9758 1893.04 5314.26 
0.00292198298125039262 0.4595 0 152617 73.6069 12.9444 9.50755 0 53.96381 52.2872 -1.84108 -13.2193 0 0 0 0 0 0 0 0 8.42049 24.7732 34.9474 102.401 
0.00293514375182691873 0.975946 0 369055 72.2816 12.7635 9.20868 0 58.77891 -22.5232 -7.25301 -53.8057 0 0 0 -0 0 0 0 -0 6.74515 20.3075 0 9.71879 
0.00293767346402970878 1.43029 0 328227 72.1206 12.7215 9.14108 0 102.4131 96.9483 -32.9078 -2.56296 0 0 0 -0 0 0 0 -0 0 2.85571 0 0 
0.0029458260134964504 0.308334 0 153939 71.4512 12.7575 9.19903 0 100.1831 88.2702 28.6194 -37.7608 0 0 0 0 0 0 0 0 11.2247 26.4529 1497.04 2423.7 
0.00295784156749844722 0.192503 0 114706 70.8061 12.6027 8.95316 0 77.51471 17.4233 -73.1948 18.6408 0 0 0 0 0 0 0 0 10.5752 19.9142 1247.92 4082.18 
0.00295784156749844722 0.685932 0 205777 70.9066 12.6257 8.98918 0 117.6771 7.13411 1.13813 -117.455 0 0 0 0 0 0 0 0 7.52063 18.4982 0 8.11202 
0.00296375033426656909 1.02663 0 335995 70.2877 12.5075 8.8062 0 44.65971 22.0212 25.858 -28.9986 0 0 0 0 0 0 0 0 1.01474 12.3491 0 0 
0.0029729266096666161 0.175006 0 51259 0.964994 12.3623 8.58841 0 56.23411 -23.9495 46.586 20.456 0 -0 0 0 0 -0 0 0 7.35456 12.9569 1352.95 4692.76 
0.0029729266096666161 0.373463 0 245884 0.232102 12.2891 8.48152 0 52.60631 51.291 -11.6531 0.928542 0 0 0 0 0 0 0 0 6.17191 14.7158 35.4163 122.509 
0.0029729266096666161 0.629523 0 174664 69.4959 12.4325 8.69279 0 64.80251 16.3473 -54.8976 -30.3049 0 0 0 0 0 0 0 0 3.19067 12.7188 0 0 
0.0029729266096666161 2.40154 0 372935 69.5046 12.4509 8.7204 0 195.6241 -194.889 -5.95454 15.8688 0 0 0 0 0 0 0 0 0 2.38888 0 0 
0.00299423690399268794 0.0839858 0 444013 0.450957 12.3639 8.59083 0 63.78641 -37.3391 -45.9168 -23.794 0 0 -0 0 0 0 -0 0 11.2274 21.3066 1713.94 5819.36 
0.00299423690399268794 0.759808 0 215727 68.5989 12.3169 8.5219 0 141.1991 -63.3514 95.3034 -82.7108 0 0 0 -0 0 0 0 -0 5.33869 24.3736 0 297.457 
0.00300473742950000192 0.286381 0 233206 67.6307 12.2291 8.39527 0 83.94921 -26.2916 38.5408 -69.7913 0 0 0 0 0 0 0 0 11.8343 23.91 818.213 1844.74 
0.00300473742950000192 0.292294 0 121014 67.3249 12.1653 8.30515 0 117.6981 -64.834 -73.5509 -65.1123 0 -0 0 0 0 -0 0 0 11.8343 23.91 818.213 1844.74 
0.0030133977522252206 0.229982 0 489291 0.0854611 11.9854 8.05864 0 116.9161 63.6289 -91.1215 36.2983 0 0 0 0 0 0 0 0 10.1572 22.2008 898.119 1580.8 
0.00302618213874604816 0.269601 0 203575 0.246391 12.0285 8.11663 0 253.2961 -108.351 136.524 -183.793 0 0 0 0 0 0 0 0 9.63789 21.1869 130.813 1334.49 
0.00302618213874604816 0.532984 1 0 66.0513 10.9192 6.83489 0 0 1 6.98065 38.642 -20.7331 1 6.90052 -8.66514 -7.88529 0 0 -0 0 8.37933 20.9541 49.8238 427.943 
0.00302618213874604816 0.712534 0 71530 66.0952 12.0488 8.14407 0 79.46761 -62.4412 40.5384 -27.7999 0 -0 0 0 0 -0 0 0 3.54234 15.5948 0 99.7229 
0.00302789455031491879 0.380598 0 228927 0.137996 11.998 8.07552 0 130.7671 58.4573 70.3531 -93.451 0 0 0 0 0 0 0 0 1.98686 6.69359 5.23669 11.7817 
0.0030342970520025052 0.690539 0 234580 65.5664 11.9699 8.03784 0 23.12471 -3.69914 -17.1589 -15.0546 0 0 0 -0 0 0 0 -0 4.08914 15.7289 3.10897 201.273 
0.0030342970520025052 0.969379 0 150382 65.3114 11.9977 8.07511 0 99.43821 86.0818 10.5186 -48.6542 0 0 0 0 0 0 0 0 7.78092 13.6191 0 0 
0.00305864521054016953 0.169035 0 12700 64.3014 11.8896 7.93206 0 75.69041 -13.8955 -42.1472 -61.3153 0 0 0 0 0 0 0 0 14.0636 25.8208 3827.52 6949.36 
0.00305864521054016953 0.199059 0 310350 64.3893 11.9088 7.9571 0 62.8731 62.6585 5.00991 1.35205 0 0 0 0 0 0 0 0 14.0636 25.8208 3827.52 6949.36 
0.00305864521054016953 0.218148 0 88100 64.7006 11.8712 7.90806 0 165.231 -165.206 2.73302 -0.613493 0 0 0 -0 0 0 0 -0 17.403 38.0228 1828.51 4668.47 
0.00305864521054016953 0.239998 0 196871 0 10.1755 6.22174 0 151.8761 50.0575 108.833 93.36 0 0 0 0 0 0 0 0 17.403 38.0228 1828.51 4668.47 
0.00305864521054016953 0.289382 0 11010 0.641052 11.7325 7.73161 0 106.9671 -104.559 -11.5636 19.381 0 -0 0 0 0 -0 0 0 15.7212 35.1026 579.737 2810.07 
0.00306783015073217773 1.22795 0 325363 63.3838 11.8001 7.81678 0 155.4311 -52.9114 -146.134 2.00346 0 0 -0 0 0 0 -0 0 2.49629 8.71906 0 0 
0.00307369797771447038 0.417223 0 177308 63.2174 11.7232 7.72007 0 246.8551 -240.008 56.8583 10.0347 0 0 0 0 0 0 0 0 7.22788 20.324 113.559 423.893 
0.00307369797771447038 0.499216 0 235912 63.1944 11.7241 7.72123 0 14.51081 -7.45144 -2.20503 12.2547 0 0 -0 0 0 0 -0 0 5.99842 17.5299 323.644 329.993 
0.00307369797771447038 0.712633 0 424491 1.32929 11.6572 7.63878 0 147.3941 38.1992 69.3234 124.338 0 0 0 0 0 0 0 0 2.13321 12.092 0 0 
0.00307369797771447038 0.764566 0 25684 63.0733 11.6941 7.68404 0 127.1251 58.9172 -112.022 11.8568 0 0 -0 0 0 0 -0 0 3.02912 8.38134 0 0 
0.00309169437973511952 0.657415 0 166865 62.8942 11.6662 7.64967 0 107.2531 71.2884 -36.0206 71.5803 0 0 0 0 0 0 0 0 10.0763 28.083 51.6815 319.428 
0.00309169437973511952 1.36374 0 295191 62.2835 11.6084 7.57957 0 77.89641 35.6132 -63.8103 26.9779 0 0 0 0 0 0 0 0 5.48938 13.7826 0 32.6031 
0.00310647048377216432 0.454539 0 164435 61.1483 11.5089 7.46167 0 131.7851 -13.4181 129.136 -22.6059 0 -0 0 0 0 -0 0 0 16.7542 38.8938 330.729 1012.86 
0.00310647048377216432 0.494431 0 25991 61.3019 11.5147 7.4685 0 129.7131 -95.3591 86.8038 14.0467 0 0 0 0 0 0 0 0 11.0849 34.7325 162.728 202.059 
0.00310647048377216432 0.638721 0 181303 61.4273 11.5229 7.478 0 283.8041 -181.337 159.879 -148.66 0 0 0 0 0 0 0 0 9.06852 34.89 0 539.784 
0.00310647048377216432 1.13534 0 110778 61.5212 11.5465 7.50587 0 121.7351 65.1361 -87.4228 -54.1655 0 0 0 0 0 0 0 0 6.8187 19.2655 4.97483 52.1047 
0.00310647048377216432 2.25164 0 362298 61.3799 11.5154 7.46923 0 51.67291 40.811 -0.570241 31.6896 0 0 0 0 0 0 0 0 4.55829 4.55829 0 0 
0.00311514404619532169 0.191698 0 422414 0.53647 11.4856 7.4345 0 159.9361 -38.6368 87.4491 128.216 0 -0 0 0 0 -0 0 0 9.97168 16.9473 1430.34 5766.97 
0.00311514404619532169 0.449543 0 197790 61.1754 11.4588 7.40364 0 107.5431 -29.9177 -62.9227 -81.9222 0 -0 0 0 0 -0 0 0 7.65929 25.7255 1.26342 102.905 
0.00311514404619532169 1.0988 0 295960 60.9026 11.4666 7.41255 0 127.8071 -25.9365 -14.3104 -124.327 0 -0 0 0 0 -0 0 0 8.84612 19.9502 0 0 
0.00311514404619532169 1.1642 0 269591 60.8854 11.4474 7.39054 0 73.04851 45.0169 -57.1002 7.00843 0 0 -0 0 0 0 -0 0 1.17368 12.9076 0 0 
0.00312546672925995486 0.192124 1 0 0 11.3931 7.32878 0 0 1 -13.2254 24.4878 -49.8853 1 -9.8576 20.5407 -52.7067 0 0 0 0 12.9929 21.0395 1884.31 6069.9 
0.00312546672925995486 1.11022 0 338207 60.5699 11.397 7.33321 0 246.2331 242.885 40.1111 -5.35939 0 0 0 0 0 0 0 0 5.52086 19.8602 0 7.04659 
0.00313727931108288968 1.26992 0 218505 59.8231 11.3194 7.2468 0 41.42891 28.0718 -17.588 24.8794 0 0 -0 0 0 0 -0 0 3.75573 7.47798 0 10.7804 
0.00313727931108288968 1.28771 0 231968 59.6735 11.3334 7.26222 0 47.49991 39.0466 23.092 14.0843 0 0 0 0 0 0 0 0 9.03969 15.472 0 109.297 
0.00314283655811257653 0.65127 0 176147 59.5084 11.256 7.17772 0 86.04891 23.7905 76.1732 32.1879 0 0 0 0 0 0 0 0 4.54528 15.5638 0 244.081 
0.00314283655811257653 1.27607 0 371644 59.5776 11.2717 7.19474 0 110.0641 88.2986 13.9994 64.1994 0 0 0 0 0 0 0 0 2.58549 6.51074 0 0 
0.00314283655811257653 1.43047 0 184514 59.5604 11.2752 7.19847 0 76.22781 74.7682 -8.19579 -12.3785 0 0 0 -0 0 0 0 -0 2.82111 5.66553 0 2.48972 
0.00315686329766452648 0.185013 1 0 0 11.2136 7.13233 0 0 1 -20.2091 7.0456 1.47711 1 -21.7579 2.81582 0.0243337 0 -0 0 0 8.30951 15.0415 746.687 3783.9 
0.00315686329766452648 0.896571 0 147276 58.7407 11.2125 7.13113 0 250.9721 -205.354 18.7969 143.05 0 -0 0 0 0 -0 0 0 1.80785 8.10701 51.3362 51.3362 
0.00316142509970853032 0.68568 1 0 57.5222 11.362 7.29407 0 0 1 -0.416535 -1.86877 38.8868 1 -13.1822 11.4782 -0.226646 0 -0 0 0 2.76099 16.7297 0 0 
0.00316142509970853032 1.35131 0 327684 58.6096 11.187 7.10423 0 144.1351 -144.015 2.49006 5.31375 0 0 0 0 0 0 0 0 1.36108 9.39658 0 0 
0.00317847126668761078 0.201377 1 156600 0 9.49134 8.26159 0 0 1 -0.547034 1.15572 -4.26785 0 0 0 0 0 0 0 0 14.7868 26.6619 2039.08 4908.24 
0.00317847126668761078 0.824116 0 52253 57.7001 11.0704 6.98381 0 302.9141 301.266 -31.4865 -2.12411 0 0 0 0 0 0 0 0 7.41255 23.0499 44.4774 279.443 
0.00317847126668761078 1.5512 0 396909 58.0621 11.0961 7.01001 0 166.3761 -5.79884 -20.6852 164.983 0 0 0 0 0 0 0 0 10.7576 21.4957 0 5.21673 
0.00318580802010283611 0.533416 0 317807 57.5989 11.0393 6.95258 0 157.481 145.402 55.6661 -23.6478 0 0 0 -0 0 0 0 -0 6.87933 25.9775 7.41335 429.536 
0.00318580802010283611 1.81901 0 291197 57.4143 11.0793 6.99282 0 70.57531 -70.1447 -4.35803 6.45014 0 0 0 0 0 0 0 0 1.81565 5.42753 0 0 
0.00319907069716757805 0.446952 0 317685 56.9542 10.962 6.87625 0 161.9241 159.917 -25.3494 -1.78302 0 0 0 0 0 0 0 0 10.923 31.093 175.524 347.123 
0.00319907069716757805 0.948319 0 243358 57.0413 10.9831 6.89683 0 64.28271 62.129 -8.95266 -13.8598 0 0 0 0 0 0 0 0 3.82691 21.9798 0 18.4772 
0.00319907069716757805 1.12917 0 179664 56.8427 10.9658 6.87998 0 131.6821 -106.87 -75.3637 -15.4679 0 0 0 -0 0 0 0 -0 10.268 22.8334 618.478 618.478 
0.00319907069716757805 2.33763 0 398758 57.0943 10.9981 6.91164 0 188.2041 184.362 37.8371 -0.147726 0 0 0 0 0 0 0 0 6.87371 13.9024 0 0 
0.00321075279462743881 0.134856 0 134142 0 10.9051 6.82138 0 254.7921 -253.333 -2.68861 27.0933 0 0 0 0 0 0 0 0 10.9034 20.1082 2936.59 5791.68 
0.00321075279462743881 0.706951 0 383467 56.599 10.9117 6.82776 0 84.42731 -47.6559 -13.3611 68.3986 0 0 0 0 0 0 0 0 10.488 33.5279 0 167.697 
0.0032374884696550546 0.142501 0 128897 0.13511 10.7751 6.7005 0 169.4391 138.154 49.7706 -84.5337 0 0 0 0 0 0 0 0 12.9573 24.6615 3603.6 5824.13 
0.0032374884696550546 0.723667 0 235966 55.6077 10.7951 6.7187 0 129.831 -125.08 -34.0336 -7.25969 0 -0 0 0 0 -0 0 0 9.42778 26.0521 48.5882 105.115 
0.0032374884696550546 0.809754 0 265002 55.269 10.7841 6.70862 0 185.3111 36.0977 -181.418 11.1719 0 0 0 0 0 0 0 0 8.01154 27.203 0 74.8622 
0.0032374884696550546 2.98502 0 58352 55.3119 10.7841 6.70865 0 77.05871 69.8788 -13.8713 29.3699 0 0 0 0 0 0 0 0 2.89073 5.83503 0 0 
0.0032541080725690349 0.339012 0 10715 1.05106 10.5699 6.52214 0 116.9581 -62.7777 -9.88509 -98.1852 0 0 0 0 0 0 0 0 8.39183 19.0927 56.0498 621.211 
0.0032687492438058627 0.313193 0 214436 54.3792 10.6283 6.57106 0 118.381 2.28284 -101.053 -61.6205 0 0 -0 0 0 0 -0 0 11.9416 30.9551 751.694 1562.38 
0.0032687492438058627 0.622247 0 324126 54.2403 10.6201 6.56412 0 215.3471 -186.34 -49.6167 95.8631 0 -0 0 0 0 -0 0 0 11.3597 34.0737 1.62058 1556.4 
0.0032687492438058627 0.630217 1 0 0 10.366 6.36042 0 0 1 36.6593 -11.6466 28.6188 1 43.0934 2.95288 8.41705 0 0 0 0 11.3597 34.0737 1.62058 1556.4 
0.0032687492438058627 0.915646 0 277897 54.1417 10.6078 6.55375 0 50.32471 -41.0704 -25.6132 13.7754 0 -0 0 0 0 -0 0 0 11.7294 27.0527 10.0903 46.2303 
0.0032687492438058627 1.74211 0 381642 54.1803 10.6164 6.56096 0 180.2671 -72.5983 151.251 -65.9467 0 0 0 0 0 0 0 0 8.59706 18.8778 0 200.055 
0.00327962852089516916 0.335772 1 13642 0 9.06677 7.8915 0 0 2 0.355415 0.297892 1.41305 0 0 0 0 0 0 0 0 8.04931 23.9109 514.356 1045.43 
0.00329890917377557947 0.116932 0 75494 52.6861 10.6341 6.57599 0 110.7261 108.922 14.9733 13.1154 0 0 0 0 0 0 0 0 11.3402 22.8377 1462.3 4329.24 
0.00329890917377557947 0.178153 0 432558 1.84389 10.7701 6.6959 0 101.2361 49.7562 -82.9581 -29.8496 0 0 -0 0 0 0 -0 0 11.3402 22.8377 1462.3 4329.24 
0.00329890917377557947 2.50096 0 379809 53.2254 10.6242 6.56755 0 204.7931 -183.314 -34.7259 84.4412 0 0 0 0 0 0 0 0 0 10.2128 0 0 
0.0033148616640488477 0.058589 1 0 0 9.72466 5.94201 0 0 1 -17.3449 -38.8768 18.992 1 -14.955 3.56144 -8.22763 0 0 0 -0 15.1437 25.8966 2163.36 4674.64 
0.0033148616640488477 0.436727 0 165646 52.3922 10.644 6.58451 0 187.7241 -152.783 -90.7651 -60.4924 0 -0 0 0 0 -0 0 0 13.8484 33.6905 3.71191 412.414 
0.0033148616640488477 0.441938 0 77606 52.4339 10.638 6.57938 0 79.43981 60.6036 -36.5869 -36.0455 0 0 0 0 0 0 0 0 13.8484 33.6905 3.71191 412.414 
0.0033148616640488477 1.36281 0 306489 52.3269 10.6315 6.5738 0 140.6241 108.899 71.1514 53.4176 0 0 0 0 0 0 0 0 8.09382 16.2343 0 55.4886 
0.0033148616640488477 1.72051 0 235149 52.2635 10.6472 6.58732 0 176.2841 145.478 72.4606 68.276 0 0 0 0 0 0 0 0 6.88192 20.7387 0 0 
0.00332518972111342384 0.169553 0 27716 0 10.6076 6.55359 0 114.5851 -63.6671 93.834 -16.4773 0 0 0 0 0 0 0 0 9.47649 18.2275 1998.65 4505.99 
0.00332518972111342384 0.179029 0 154047 0.116544 10.6504 6.59008 0 152.9761 -52.8991 17.9038 -142.417 0 0 0 0 0 0 0 0 9.47649 18.2275 1998.65 4505.99 
0.00332518972111342384 0.339043 0 194166 51.865 10.6569 6.59567 0 104.5681 66.6124 -25.7396 76.3848 0 0 0 0 0 0 0 0 12.4396 25.593 134.182 1025.99 
0.00334861238708033821 0.0999445 1 6409 0 9.02746 7.85721 0 0 1 0.360474 0.719615 0.568189 0 0 0 0 0 0 0 0 14.7961 28.8369 3018.02 5476.64 
0.00334861238708033821 0.152748 1 0 0 10.6576 6.59629 0 0 1 33.463 -100.58 3.27037 1 34.1123 -100.197 8.06734 0 0 0 0 14.7961 28.8369 3018.02 5476.64 
0.00334861238708033821 0.407858 0 56191 51.4257 10.6499 6.5896 0 85.48671 -85.442 -0.326123 -2.74509 0 0 0 -0 0 0 0 -0 14.9773 37.3886 1254.24 1738.85 
0.00334861238708033821 0.572829 0 74245 0.202374 10.6643 6.60207 0 176.0631 -44.4077 24.5389 168.594 0 0 0 0 0 0 0 0 15.2357 42.3773 0 410.621 
0.00334861238708033821 1.13036 0 361840 51.3662 10.6557 6.59464 0 171.9241 -13.6586 -59.9763 160.543 0 0 -0 0 0 0 -0 0 8.929 30.299 0 77.4745 
0.00334861238708033821 1.54126 0 344057 50.9575 10.6627 6.60065 0 48.40981 -48.4087 0.311809 -0.0899066 0 -0 0 0 0 -0 0 0 3.09616 16.9939 23.2953 23.2953 
0.00335509883154425353 1.25519 0 359834 50.5153 10.6736 6.61018 0 146.5731 123.014 -79.5454 4.86483 0 0 0 0 0 0 0 0 3.7921 6.35374 4.93867 4.93867 
0.00336860006542423832 0.567268 0 185627 50.0487 10.6875 6.6223 0 162.4621 -158.969 -2.09538 33.4416 0 0 0 0 0 0 0 0 2.82624 10.7487 0 77.1706 
0.00337862446842927084 0.1265 0 89578 0.50285 10.5447 6.50137 0 100.751 -5.29808 71.7547 -70.5247 0 0 0 -0 0 0 0 -0 5.66281 12.7001 672.721 1848.25 
0.00339652811853735203 0.17985 0 162029 0.53647 10.7118 6.64374 0 200.4411 -183.554 27.3789 75.7307 0 0 0 0 0 0 0 0 13.4815 25.2021 2103.06 3890.2 
0.00339652811853735203 0.222307 0 54190 49.2892 10.7155 6.64705 0 172.1191 91.5815 106.838 -99.1133 0 0 0 -0 0 0 0 -0 16.2562 31.8259 469.061 1895.25 
0.00339652811853735203 0.392167 0 183715 49.3078 10.7186 6.64977 0 151.4871 148.342 6.05775 -30.1075 0 0 0 0 0 0 0 0 13.8713 34.6613 737.949 1616.41 
0.00339652811853735203 0.639842 0 271044 49.4119 10.7425 6.67102 0 217.741 -217.732 -1.84384 0.0503354 0 0 -0 0 0 0 -0 0 13.9679 33.6196 9.02687 229.335 
0.00339652811853735203 0.71392 0 361078 49.0859 10.7141 6.64574 0 62.90821 37.0718 -28.2802 -42.2298 0 0 -0 0 0 0 -0 0 11.3209 34.6807 0 126.042 
0.00339652811853735203 0.921852 0 314533 49.0375 10.7127 6.64454 0 207.8981 -107.267 167.859 -59.4885 0 0 0 0 0 0 0 0 9.08652 28.2104 0 206.49 
0.00339652811853735203 1.42873 0 161343 49.6198 10.7329 6.66244 0 155.8831 50.5478 -24.4483 -145.419 0 0 0 -0 0 0 0 -0 8.78803 26.1759 0 94.8149 
0.00341225837708257051 0.145128 0 99846 48.7235 10.6962 6.63 0 92.99381 -67.9527 28.1133 -56.9204 0 0 0 0 0 0 0 0 13.628 25.8971 1484.15 4864.66 
0.00341225837708257051 0.277643 0 157557 48.6908 10.6812 6.61685 0 268.2171 -109.256 -202.444 -137.913 0 0 -0 0 0 0 -0 0 13.9129 32.65 1173.42 2358.43 
0.00341225837708257051 0.419501 0 116262 49.0266 10.7083 6.64065 0 78.68161 30.292 13.3668 71.3759 0 0 0 0 0 0 0 0 11.4736 31.1369 42.5112 765.571 
0.00341225837708257051 0.636024 0 256067 48.9333 10.6911 6.62547 0 108.9511 90.2187 -60.9962 3.23226 0 0 0 0 0 0 0 0 11.5673 35.3111 0 316.244 
0.00341225837708257051 1.30845 0 328792 48.8904 10.6987 6.63213 0 105.5441 79.2444 11.7168 68.7217 0 0 0 0 0 0 0 0 3.94732 15.8111 0 49.6775 
0.00341786436398101726 0.479176 0 183290 48.3797 10.6719 6.60867 0 161.1431 -30.0183 -84.84 133.671 0 0 0 0 0 0 0 0 8.8867 17.3697 75.5443 280.566 
0.00342214340605654158 0.251099 0 62226 48.302 10.6671 6.60449 0 128.7471 -9.67508 55.0825 115.965 0 0 0 0 0 0 0 0 7.334 17.7141 26.6289 502.265 
0.00342694396920430449 0.2452 0 27316 48.1001 10.6617 6.59982 0 120.0181 25.7815 -117.209 -1.29381 0 0 0 0 0 0 0 0 5.52514 15.5827 441.816 670.974 
0.00344099892707783574 0.575266 0 164882 47.7203 10.6274 6.57029 0 112.3051 -67.699 23.8167 86.3834 0 -0 0 0 0 -0 0 0 8.52046 14.2135 0 418.374 
0.00344640164050169376 0.916986 0 244454 47.648 10.6204 6.56433 0 208.3041 155.54 -75.6407 116.088 0 0 -0 0 0 0 -0 0 5.49788 9.14174 181.005 181.005 
0.00345564025451701754 0.158156 0 45741 0.200305 10.61 6.55555 0 92.62411 -61.4335 33.5265 60.6722 0 0 0 0 0 0 0 0 8.42123 16.2876 787.529 2298.9 
0.0034615490579964674 1.19382 0 285251 47.225 10.6045 6.55095 0 194.6911 -65.2213 -102.072 -152.42 0 0 -0 0 0 0 -0 0 2.39347 8.39277 0 3.85253 
0.0034615490579964674 1.50293 0 335674 47.1338 10.5982 6.54566 0 184.6751 125.104 51.7332 -125.608 0 0 0 0 0 0 0 0 1.49634 5.99619 0 0 
0.0034615490579964674 1.66704 0 392042 47.1703 10.586 6.5355 0 128.8931 43.7992 83.0768 88.2803 0 0 0 0 0 0 0 0 1.69079 6.70761 156.849 156.849 
0.0034615490579964674 1.77875 0 384887 47.1598 10.5897 6.53857 0 124.2351 -72.8646 -52.3809 85.914 0 0 0 0 0 0 0 0 0 3.44794 0 0 
0.00347116661518529586 0.841633 0 55710 0.198022 10.4671 6.4389 0 148.9111 116.775 85.3148 -35.4872 0 0 0 0 0 0 0 0 4.18824 24.3506 0 188.584 
0.00347116661518529586 2.00577 0 239587 46.862 10.5729 6.52465 0 84.28451 48.6931 -46.6154 50.5951 0 0 0 0 0 0 0 0 2.00655 6.01352 0 0 
0.0034731667654068956 0.378182 0 177060 46.786 10.5753 6.52658 0 148.9981 -142.273 20.3804 -39.2857 0 -0 0 0 0 -0 0 0 3.04024 9.10217 46.91 81.0552 
0.0034731667654068956 0.721981 0 953 0 10.5729 6.52464 0 171.6741 -139.744 9.96264 99.2185 0 -0 0 0 0 -0 0 0 0.701623 7.82127 0 31.6235 
0.00348437610863934705 0.217249 0 409609 0.0934053 15.8807 14.1221 0 01 0 -0 0 0 0 -0 0 0 0 -0 0 8.39893 20.9314 1914.21 3353.94 
0.00348437610863934705 0.76017 0 246886 46.5453 10.5563 6.5109 0 134.3611 -32.6818 74.0576 107.24 0 0 0 0 0 0 0 0 5.33212 19.7872 0 199.535 
0.00348437610863934705 0.764746 0 335084 0.139532 10.1595 6.21066 0 241.7321 233.684 -61.8559 -0.0627958 0 0 -0 0 0 0 -0 0 5.33212 19.7872 0 199.535 
0.00348437610863934705 1.29248 0 344190 46.6096 10.5602 6.51412 0 133.4081 111.191 -71.3228 18.6379 0 0 0 0 0 0 0 0 5.09805 15.3491 37.9652 308.12 
0.00348437610863934705 1.30645 0 415237 2.51081 13.1617 9.88214 0 91.83551 43.7734 46.492 -66.0011 0 0 0 -0 0 0 0 -0 5.26753 15.8339 0 0 
0.00348437610863934705 1.41845 0 282000 46.7004 10.5565 6.51108 0 39.70651 34.9567 11.6749 14.776 0 0 0 0 0 0 0 0 2.79164 18.2406 0 0 
0.00350072133559115907 0.573505 0 290261 46.1784 10.529 6.48859 0 182.5531 181.828 5.44068 15.3138 0 0 0 0 0 0 0 0 16.0214 37.8155 52.5841 225.784 
0.00350072133559115907 0.62054 0 144755 46.2284 10.5474 6.50358 0 103.3931 9.14354 -102.987 -0.47161 0 0 0 0 0 0 0 0 9.32204 30.3743 135.883 274.242 
0.00350072133559115907 2.15556 0 334216 46.162 10.5263 6.48644 0 121.0611 65.0621 7.2533 -101.834 0 0 0 0 0 0 0 0 2.21941 8.9257 0 0 
0.00352643972724610765 0.146269 0 37829 0 10.412 6.39565 0 164.6641 -152.427 -15.4786 -60.3375 0 0 -0 0 0 0 -0 0 16.2862 29.1296 2394.79 5841.95 
0.00352643972724610765 0.262629 0 57888 45.7057 10.5024 6.46705 0 126.821 39.2471 -107.554 -54.5435 0 0 -0 0 0 0 -0 0 17.1882 34.4684 298.667 2636.78 
0.00352643972724610765 0.355583 0 65477 45.4948 10.4829 6.45146 0 172.8431 33.2296 -164.059 -43.0699 0 0 0 0 0 0 0 0 17.9657 37.5866 73.7002 770.567 
0.00352643972724610765 0.402642 0 194155 45.6927 10.4993 6.46459 0 246.2671 -73.3163 228.426 55.6203 0 0 0 0 0 0 0 0 13.5806 38.6925 299.378 1057.95 
0.00352643972724610765 0.501376 0 63181 45.5723 10.4873 6.45499 0 69.35911 68.8271 8.24348 -2.35806 0 0 0 -0 0 0 0 -0 21.8496 50.5639 160.672 545.387 
0.00352643972724610765 0.529063 0 146828 45.4911 10.4805 6.44953 0 135.0231 129.369 -25.9685 -28.6445 0 0 0 -0 0 0 0 -0 15.156 41.2839 85.1039 1077.23 
0.00352643972724610765 0.951933 0 58596 45.3218 10.4804 6.44949 0 121.991 1.69015 77.8283 -93.9226 0 0 0 0 0 0 0 0 10.4002 40.7346 168.366 238.791 
0.00352643972724610765 1.995 0 351864 45.7105 10.5008 6.46577 0 164.2491 147.264 72.5602 -5.11155 0 0 0 0 0 0 0 0 4.00707 23.8517 73.364 73.364 
0.00354701791267804508 0.169087 0 245146 44.8596 10.4376 6.41561 0 135.7521 17.2359 74.0633 112.455 0 0 0 0 0 0 0 0 13.4992 27.1169 2503.75 6245.51 
0.00354701791267804508 0.683444 0 60170 45.2368 10.4764 6.44625 0 40.52861 32.3365 -11.1459 21.7412 0 0 0 0 0 0 0 0 8.30643 35.3905 54.5084 854.317 
0.00354701791267804508 0.949193 0 85683 44.9658 10.4471 6.42306 0 140.8931 -135.112 -35.9282 -17.4559 0 0 0 -0 0 0 0 -0 11.3922 40.7681 23.534 150.663 
0.00356562290947523347 0.422715 0 3048 0.186946 8.274 7.19895 0 01 0 0 0 0 0 0 0 0 0 0 0 15.8086 37.0002 264.462 549.48 
0.00356562290947523347 0.684602 0 303887 44.4687 10.4278 6.40798 0 172.3171 -83.6794 144.106 -43.8698 0 0 0 0 0 0 0 0 11.1471 27.1262 270.752 603.171 
0.0035709642014391421 0.306843 1 0 0 10.3929 6.38096 0 0 1 111.595 -70.062 -28.0765 1 116.332 -65.4694 -20.5377 0 0 0 0 2.16876 10.6243 35.363 35.363 
0.00357276353875620725 1.90349 0 361508 44.148 10.3846 6.37455 0 161.8561 108.399 -0.287206 -120.196 0 0 -0 0 0 0 -0 0 0 1.89501 0 0 
0.00358857878499492088 0.543266 0 141955 43.841 10.3946 6.38225 0 186.0721 -118.751 143.183 4.44511 0 0 0 0 0 0 0 0 14.8203 44.0122 623.064 1041.86 
0.00358857878499492088 0.815917 1 0 44.0079 10.1433 6.19954 0 0 1 30.179 12.08 -19.7571 1 -10.4198 15.7207 -4.78734 0 -0 0 0 11.4689 24.6162 128.808 231.92 
0.00359205392888699293 0.334954 0 20900 43.6574 10.3724 6.36527 0 109.811 -57.3696 -91.8182 -18.3431 0 0 0 0 0 0 0 0 3.15435 8.32142 505.573 1099.1 
0.00360124212642738738 0.311264 0 85753 43.43 10.3557 6.35255 0 124.4281 -119.888 -33.0893 -3.76887 0 0 -0 0 0 0 -0 0 7.34594 21.0732 3.09378 82.5196 
0.00360124212642738738 0.378383 0 83883 43.4998 10.3419 6.34218 0 221.4221 -148.076 141.103 -84.8016 0 0 0 0 0 0 0 0 10.0344 21.8589 213.448 506.746 
0.00360124212642738738 0.389217 0 68583 43.541 10.3441 6.34383 0 131.4921 115.084 -47.2245 -42.6134 0 0 -0 0 0 0 -0 0 10.0344 21.8589 213.448 506.746 
0.00360124212642738738 1.0295 0 284845 43.5769 10.3647 6.35942 0 92.38391 -78.6793 16.4131 45.5517 0 0 0 0 0 0 0 0 5.1914 18.7034 0 113.34 
0.00360124212642738738 1.26074 0 150523 43.4831 10.341 6.34147 0 249.7771 127.971 -1.42534 214.5 0 0 0 0 0 0 0 0 2.51813 7.50424 0 0 
0.00361054060939839262 0.159781 0 94719 43.369 10.3491 6.34763 0 186.2991 184.566 25.1055 3.55055 0 0 0 0 0 0 0 0 11.1218 21.9759 2156.34 4215.21 
0.00361681620235722139 1.06802 0 393629 43.1693 10.322 6.32727 0 112.1681 -103.958 -41.6347 6.40172 0 0 -0 0 0 0 -0 0 1.07169 9.63601 0 0 
0.00362269120812746398 1.83033 0 386480 42.959 10.3209 6.32646 0 83.011 11.7938 -82.0593 4.22406 0 0 0 0 0 0 0 0 0 1.79842 0 0 
0.00362893048337791088 0.658318 0 131772 42.8596 10.3158 6.32269 0 61.94081 61.4738 -3.37556 -6.80019 0 0 0 0 0 0 0 0 1.27921 8.41529 0 47.0239 
0.00363706420947153882 0.41158 0 170070 42.6563 10.2951 6.30738 0 161.2371 -153.662 -8.48431 48.0992 0 0 0 0 0 0 0 0 5.81649 24.1477 0 202.805 
0.00364548285660751259 0.260257 0 68259 42.4999 10.2809 6.29696 0 101.271 100.828 -9.13532 -2.44078 0 0 -0 0 0 0 -0 0 9.94936 20.5477 551.029 1629.45 
0.00364548285660751259 3.01524 1 0 43.7001 8.20811 2.32248 0 0 1 -11.1234 61.4934 78.2992 1 -23.6699 1.04345 -18.019 0 0 0 0 0 0 0 0 
0.00365678884590230242 0.142284 0 197910 42.2259 10.2609 6.28239 0 275.991 246.411 -63.0577 107.125 0 0 0 0 0 0 0 0 9.65187 18.4346 1108.63 4219.94 
0.00367731018545913594 3.01117 0 364519 41.8438 10.2236 6.25563 0 65.28691 -65.2206 -2.76695 -1.00014 0 0 0 0 0 0 0 0 12.6868 18.9947 0 129.049 
0.00369791502415531487 0.0907703 0 4347 0.190172 10.2209 6.25372 0 228.7791 -74.1408 -137.96 -166.763 0 -0 0 0 0 -0 0 0 10.9313 24.5296 499.943 3468.93 
0.00369791502415531487 0.16855 1 25648 0 8.22177 7.15328 0 0 1 0.231208 -0.773546 0.0892637 0 0 0 0 0 0 0 0 10.9313 24.5296 499.943 3468.93 
0.00369791502415531487 0.690496 0 111014 41.6225 10.2275 6.25843 0 126.5731 -93.1826 48.8511 70.3662 0 0 0 0 0 0 0 0 12.6674 45.5724 0 145.526 
0.00369791502415531487 1.01376 0 344240 41.4003 10.2023 6.24054 0 104.6721 90.2438 -32.6244 41.8093 0 0 0 0 0 0 0 0 6.0996 27.4883 1.60239 142.954 
0.00369791502415531487 1.47181 0 399060 41.5475 10.2084 6.24488 0 131.3911 -131.134 1.82814 8.00749 0 0 0 0 0 0 0 0 4.41095 23.5734 0 0 
0.00370245182209202406 0.522979 0 78974 41.3222 10.1986 6.23794 0 178.511 -169.351 -30.1381 47.7254 0 -0 0 0 0 -0 0 0 4.22857 13.7709 0 6.27725 
0.00370245182209202406 1.21542 0 373672 41.3139 10.1953 6.23563 0 261.8861 252.999 -35.4544 -57.6101 0 0 -0 0 0 0 -0 0 0 12.1111 0 0 
0.00370831183279458952 0.586084 0 244533 41.1435 10.1806 6.22532 0 105.281 -98.3927 -2.13161 37.392 0 0 0 0 0 0 0 0 0 2.90281 0 0 
0.00371107949624793765 1.4941 0 330060 41.0883 10.1719 6.21925 0 160.9451 -140.96 -64.1797 43.7535 0 0 0 0 0 0 0 0 0 1.47569 0 0 
0.0037138938198432842 2.57126 0 334260 41.0287 10.1641 6.21387 0 159.3941 -155.905 27.8243 18.0514 0 -0 0 0 0 -0 0 0 0 0 0 0 
0.00371837888215999441 0.237173 0 82477 40.9632 10.1701 6.21802 0 173.5541 -172.369 -13.5743 15.0113 0 0 0 0 0 0 0 0 4.48295 13.3456 1.14846 484.839 
0.00372569318848529809 0.500236 0 51605 40.827 10.1477 6.20257 0 170.4771 169.105 20.1988 7.59213 0 0 0 0 0 0 0 0 5.59704 21.8312 61.9766 76.6282 
0.00372768535897213208 0.518766 0 6025 40.7768 10.1512 6.20492 0 239.6711 2.82077 239.616 4.23958 0 0 0 0 0 0 0 0 2.02707 8.579 0 57.343 
0.00372869484138808535 0.688448 0 252721 40.7212 10.1508 6.20464 0 156.4711 138.65 40.4584 -60.1855 0 0 0 0 0 0 0 0 2.02958 6.12092 0 96.5785 
0.00372869484138808535 1.63578 0 295464 40.7464 10.1414 6.1982 0 130.4341 130.213 -6.65141 -3.65693 0 0 0 0 0 0 0 0 0 0 0 0 
0.00373152924826383736 0.566408 0 122995 40.6661 10.1462 6.20151 0 222.8661 -107.029 -69.2217 182.819 0 0 -0 0 0 0 -0 0 1.12726 3.35494 0 89.5772 
0.00374109569420638362 0.238481 0 5284 40.5322 10.1223 6.18521 0 207.4611 -43.9154 -103.815 174.166 0 0 -0 0 0 0 -0 0 7.72817 22.3048 64.4638 661.368 
0.00374841424482714146 0.211746 1 0 0.169482 10.1346 6.19355 0 0 1 -123.509 -21.0444 6.61025 1 -123.682 -21.074 3.20856 0 0 -0 0 7.43554 20.5174 883.716 3118.03 
0.00374841424482714146 0.99236 0 205163 40.3764 10.1318 6.19169 0 131.2351 86.5141 -22.6444 -96.0477 0 0 0 0 0 0 0 0 4.93878 9.8679 0 345.482 
0.00376206392153796655 1.07716 0 609256 0.11438 10.005 6.10797 0 116.5191 54.8127 13.7668 -101.896 0 0 0 -0 0 0 0 -0 5.41003 21.619 0 0 
0.00376206392153796655 1.09363 0 255934 40.1963 10.0933 6.16571 0 98.01671 63.6567 -6.13518 -74.2796 0 0 0 0 0 0 0 0 5.41003 21.619 0 0 
0.00377342746494497942 0.429075 0 195207 39.8973 10.0852 6.16028 0 242.1231 48.7852 -188.013 144.55 0 0 -0 0 0 0 -0 0 13.0984 33.8762 98.8457 543.023 
0.00377342746494497942 0.524407 0 340616 39.9961 10.0936 6.16591 0 118.3761 36.0046 32.9775 107.838 0 0 0 0 0 0 0 0 7.99037 25.0276 68.1359 230.026 
0.00377342746494497942 1.06184 0 207965 40.0184 10.0973 6.16837 0 178.8891 -178.841 1.67688 3.77082 0 0 0 0 0 0 0 0 5.26658 26.3398 0 173.465 
0.00377821086308678493 1.33368 0 234722 39.7889 10.0837 6.15929 0 245.061 102.806 188.134 118.705 0 0 0 0 0 0 0 0 1.32838 6.68322 1.71361 1.71361 
0.00377962316925582829 0.938229 0 219847 39.7453 10.078 6.15548 0 252.0731 250.836 21.0862 -13.3234 0 0 0 0 0 0 0 0 0.938967 4.65723 0 11.5094 
0.00379174044399043604 0.491826 0 185827 39.6373 10.0723 6.15173 0 152.9261 -48.1894 -114.869 -88.7086 0 0 -0 0 0 0 -0 0 11.5682 29.4454 450.301 669.166 
0.00379174044399043604 0.621326 0 264494 39.589 10.0571 6.14172 0 137.8661 89.1091 94.9127 -45.3668 0 0 0 0 0 0 0 0 8.55023 19.5732 24.7533 220.515 
0.00379174044399043604 1.7083 0 191234 39.5368 10.0556 6.14075 0 279.9141 54.7738 54.1904 269.1 0 0 0 0 0 0 0 0 1.71303 11.9747 0 43.8438 
0.00380148985584167435 0.521846 0 50618 39.3718 10.0423 6.13203 0 14.21611 11.9744 -7.61965 0.806673 0 0 0 0 0 0 0 0 6.61286 26.0099 11.122 117.49 
0.00380840043844326995 0.571398 0 209143 39.2928 10.0305 6.1244 0 160.9181 39.0407 -123.085 96.0244 0 0 0 0 0 0 0 0 3.9504 21.2493 0 73.4111 
0.00380840043844326995 2.07559 0 246436 39.3317 10.0358 6.12779 0 239.5711 209.806 75.4251 87.6725 0 0 0 0 0 0 0 0 2.10292 4.20233 0 0 
0.00380840043844326995 3.49955 0 398460 39.3299 10.0367 6.12837 0 1191 31.7356 91.3909 69.2926 0 0 0 0 0 0 0 0 0 3.4015 0 0 
0.00382032728212522172 0.381945 0 36465 39.0862 10.0112 6.11194 0 148.8111 67.743 76.0867 108.473 0 0 0 0 0 0 0 0 8.69354 24.8947 131.24 400.723 
0.00382032728212522172 1.37701 0 417192 0.979398 15.2292 13.5048 0 01 0 0 0 0 0 0 0 0 0 0 0 2.7881 20.8613 0 0 
0.00382258920583016231 0.951408 0 222067 38.9746 10.023 6.11955 0 271.7261 87.0815 -93.2883 -239.894 0 0 0 0 0 0 0 0 0 3.87176 0 0 
0.00384695022113344708 0.167815 0 170525 1.84389 9.98918 6.0979 0 182.6851 180.234 -4.35586 -29.5048 0 0 0 0 0 0 0 0 13.6657 27.1617 1128.35 3304.59 
0.00384695022113344708 0.566158 0 23355 38.7463 9.98383 6.09452 0 273.291 135.061 -31.4536 -235.493 0 0 0 -0 0 0 0 -0 19.0261 53.2201 77.5276 752.002 
0.00384695022113344708 0.927816 0 167586 38.5806 9.97617 6.08969 0 180.0891 132.571 -108.161 56.1979 0 0 0 0 0 0 0 0 12.2329 38.5865 180.928 263.149 
0.00386070068483301831 0.255682 0 36799 0.407279 10.6251 6.56832 0 193.371 109.693 -130.252 -91.6182 0 0 -0 0 0 0 -0 0 13.3389 29.824 297.837 1035.67 
0.00386070068483301831 0.552926 0 79197 38.3837 9.97294 6.08766 0 102.9941 94.0693 -18.6274 -37.5736 0 0 0 0 0 0 0 0 7.31229 22.0039 21.3668 94.6351 
0.00386070068483301831 0.679362 0 307821 38.4061 9.98578 6.09575 0 102.6621 102.461 6.2698 -1.34629 0 0 0 -0 0 0 0 -0 9.61736 26.0388 161.499 284.08 
0.00386070068483301831 0.834777 0 303941 38.4651 9.96233 6.08101 0 252.8611 252.002 20.6872 2.35781 0 0 0 0 0 0 0 0 7.5222 24.9734 12.3802 83.2713 
0.00386070068483301831 1.18871 0 303045 38.5069 9.96353 6.08176 0 133.3541 129.708 24.7102 -18.6697 0 0 0 0 0 0 0 0 3.57573 15.4724 0 0 
0.00386070068483301831 2.13466 0 292985 38.4492 9.96444 6.08233 0 107.2761 -106.797 3.57527 9.46635 0 0 0 0 0 0 0 0 2.12471 6.45094 0 0 
0.00386258051331934537 1.12965 0 159247 38.304 9.96388 6.08198 0 286.9851 -285.968 -13.2862 -20.1511 0 0 0 0 0 0 0 0 0 2.23337 0 0 
0.00388403483853444649 0.640715 0 261297 38.2168 9.95692 6.07763 0 132.9631 70.0865 54.2778 99.1009 0 0 0 0 0 0 0 0 10.1528 42.0251 12.5621 173.629 
0.00388403483853444649 1.43219 0 299694 38.0255 9.927 6.05915 0 191.4231 153.017 -36.8498 108.953 0 0 -0 0 0 0 -0 0 10.0485 31.5609 35.4974 35.4974 
0.00388403483853444649 2.40848 0 383571 38.192 9.95781 6.07819 0 168.6951 -152.409 55.0145 46.9374 0 -0 0 0 0 -0 0 0 0 11.9445 0 0 
0.00388911246215465495 2.1036 0 393305 37.8849 9.91066 6.04918 0 154.0881 99.0662 114.314 -29.35 0 0 0 0 0 0 0 0 0 2.09353 0 0 
0.00388911246215465495 2.43557 0 372622 37.8862 9.91016 6.04888 0 189.9111 135.421 -57.9126 -119.889 0 0 0 0 0 0 0 0 2.40341 4.84843 0 0 
0.00390443108728125588 0.251713 0 87721 37.6852 9.8965 6.04062 0 210.7081 70.086 173.246 -97.3224 0 0 0 0 0 0 0 0 15.7967 34.8645 768.228 1279.85 
0.00391597174517836245 0.754108 0 296006 37.4654 9.88047 6.031 0 186.1121 174.624 26.0429 58.872 0 0 0 0 0 0 0 0 6.07078 17.4582 337.472 789.345 
0.00391597174517836245 2.62251 0 389515 37.471 9.88306 6.03255 0 115.2181 15.327 -43.0812 -105.756 0 0 0 -0 0 0 0 -0 5.09614 7.71332 0 20.5133 
0.00392854702429785551 4.39492 0 323235 37.3721 9.87604 6.02835 0 74.70521 -71.6503 -21.0292 2.2091 0 0 -0 0 0 0 -0 0 0 0 0 0 
0.00393065474434818336 1.00852 0 220037 37.2213 9.85777 6.01753 0 133.0431 64.2835 -30.1379 112.516 0 0 0 0 0 0 0 0 0.997762 3.98013 0 30.3026 
0.00394890468765363937 0.146355 0 32995 37.0429 9.84375 6.00929 0 129.441 129.217 -6.95031 -3.03625 0 0 -0 0 0 0 -0 0 15.5778 28.7323 1083.5 4164.52 
0.00394890468765363937 0.406637 0 162583 37.01 9.83592 6.00472 0 164.8911 88.4656 104.014 -92.4347 0 0 0 0 0 0 0 0 10.7647 30.4709 97.7308 520.263 
0.00394890468765363937 0.603316 0 270802 37.0947 9.84607 6.01065 0 229.8171 201.23 -108.857 -21.7322 0 0 0 0 0 0 0 0 10.4446 33.8068 255.926 572.183 
0.00394890468765363937 0.974663 0 169315 36.9321 9.83211 6.00251 0 80.74981 -75.5436 24.6522 -14.3514 0 0 0 0 0 0 0 0 5.87056 30.1882 0 102.344 
0.00394890468765363937 1.46858 0 258580 37.0631 9.84538 6.01024 0 176.4391 159.722 63.8011 -39.359 0 0 0 0 0 0 0 0 5.94918 19.4516 0 0 
0.00397150026226594788 0.236281 0 149543 36.7563 9.80799 5.98859 0 147.1561 5.9421 11.0004 -146.624 0 0 0 0 0 0 0 0 17.821 40.6102 576.138 2790.37 
0.00397150026226594788 0.28222 0 24007 0.19926 9.64782 5.90112 0 136.4491 119.552 40.8051 -51.5806 0 0 0 0 0 0 0 0 17.821 40.6102 576.138 2790.37 
0.00397150026226594788 0.345503 0 144496 36.8656 9.81164 5.99068 0 67.53571 -24.2676 41.5293 -47.4074 0 0 0 0 0 0 0 0 11.5194 37.8035 412.895 474.491 
0.00397150026226594788 0.584984 0 58537 36.8577 9.81984 5.9954 0 110.9781 104.455 -23.9988 28.7983 0 0 -0 0 0 0 -0 0 11.8183 39.024 298.125 893.355 
0.00397150026226594788 0.807546 0 201617 36.6365 9.80174 5.98502 0 117.7951 -22.6116 51.0443 103.725 0 0 0 0 0 0 0 0 15.3895 42.9401 132.91 444.816 
0.00397970350891751166 0.64834 0 143944 36.4785 9.77849 5.97183 0 213.4761 -195.855 -84.4923 -8.61285 0 0 0 0 0 0 0 0 4.48346 21.8306 0 138.036 
0.00400148398943963018 0.503027 0 244983 36.3481 9.77518 5.96997 0 284.4451 249.781 104.112 87.6303 0 0 0 0 0 0 0 0 16.4745 48.387 150.243 889.111 
0.00400148398943963018 1.36519 0 287422 36.441 9.7754 5.9701 0 59.73211 55.6841 15.4705 15.0953 0 0 0 0 0 0 0 0 8.10165 27.0303 100.727 119.856 
0.00403706698593508766 0.291357 0 8274 35.9089 9.74001 5.95041 0 292.2571 53.3237 -222.566 -181.756 0 0 0 0 0 0 0 0 19.2487 41.1822 622.606 1650.61 
0.00403706698593508766 0.41554 0 198841 35.9894 9.75083 5.95638 0 109.0761 105.394 20.0965 -19.6416 0 0 0 0 0 0 0 0 18.0441 47.3309 50.5261 485.754 
0.00403706698593508766 0.55564 0 102873 35.6821 9.71821 5.9385 0 126.8421 -123.976 14.2061 -22.7416 0 -0 0 0 0 -0 0 0 23.8578 59.5498 149.542 540.701 
0.00403706698593508766 0.574868 0 52396 35.881 9.73306 5.9466 0 87.08691 -70.0839 -28.8079 -42.9241 0 0 0 0 0 0 0 0 23.8578 59.5498 149.542 540.701 
0.00403706698593508766 0.620635 0 211996 35.9461 9.74521 5.95328 0 134.1811 -104.344 61.3067 57.9521 0 0 0 0 0 0 0 0 14.8079 47.9849 234.894 522.853 
0.00403706698593508766 0.636998 0 242731 35.8408 9.71686 5.93777 0 114.4661 51.1082 -63.8112 80.1154 0 0 0 0 0 0 0 0 16.6756 54.5391 112.881 230.762 
0.00403706698593508766 0.679977 0 90793 35.7125 9.71822 5.93851 0 120.1311 -59.6456 -99.2923 31.8593 0 0 0 0 0 0 0 0 20.0467 55.8541 28.4862 255.617 
0.00403706698593508766 0.847255 0 186579 35.8192 9.72985 5.94484 0 216.8571 -84.4692 -13.0817 -199.301 0 0 0 0 0 0 0 0 15.0883 53.6766 13.1681 261.452 
0.00403706698593508766 2.01096 0 393168 35.7896 9.72631 5.94291 0 164.0951 16.0889 -16.4091 162.478 0 0 -0 0 0 0 -0 0 4.08944 24.6336 0 0 
0.00403706698593508766 2.56555 0 246660 35.8723 9.71934 5.93912 0 269.9511 -25.1652 55.1564 263.055 0 0 0 0 0 0 0 0 2.62689 10.4882 0 0 
0.00405434437939377734 1.13826 0 319276 35.5055 9.69141 5.92407 0 162.0361 99.6267 -125.323 -24.99 0 0 0 -0 0 0 0 -0 4.52797 15.8216 0 3.72135 
0.00405434437939377734 1.39572 0 382096 35.6012 9.70361 5.93061 0 130.961 93.0604 63.834 -66.4486 0 0 0 0 0 0 0 0 1.42059 15.493 0 0 
0.00407859553921708241 0.440176 0 87366 35.2759 9.67195 5.91374 0 71.64331 62.3064 2.63376 -35.2669 0 0 0 0 0 0 0 0 15.075 40.0278 98.8027 1076.37 
0.00407859553921708241 0.454443 0 191220 0.223279 9.66586 5.91054 0 93.87151 56.1226 -30.8901 68.6143 0 0 0 0 0 0 0 0 20.6258 47.2583 51.4076 949.216 
0.00407859553921708241 0.549061 0 196116 35.192 9.68338 5.91979 0 73.97781 -59.7917 42.3136 10.3547 0 -0 0 0 0 -0 0 0 12.9754 38.5461 522.105 573.67 
0.00407859553921708241 0.605667 0 57393 35.2741 9.66625 5.91074 0 237.5441 3.88088 204.02 121.605 0 0 0 0 0 0 0 0 16.6698 39.788 0 278.091 
0.00407859553921708241 1.06209 0 316784 35.195 9.68534 5.92084 0 128.6881 79.9738 100.552 -7.36184 0 0 0 -0 0 0 0 -0 9.63464 32.0512 38.2446 282.973 
0.00407859553921708241 1.53586 0 218673 35.2491 9.67179 5.91366 0 180.5471 -70.375 140.229 89.3346 0 -0 0 0 0 -0 0 0 6.18488 20.1554 0 9.0058 
0.00407859553921708241 1.85187 0 310669 35.289 9.67539 5.91556 0 94.071 -27.3788 89.9721 -2.13819 0 -0 0 0 0 -0 0 0 0 7.38316 0 0 
0.00407859553921708241 2.38802 0 302817 35.1486 9.67538 5.91555 0 71.88461 -55.0427 -27.6265 37.0739 0 0 0 0 0 0 0 0 0 0 0 0 
0.00407859553921708241 4.02564 1 0 35.1696 10.0819 6.15807 0 0 1 -74.9829 -16.4664 2.30117 1 -69.9526 11.7664 22.7452 0 0 0 0 0 0 0 0 
0.0041051135267352384 0.156587 0 137507 34.7929 9.64093 5.89755 0 137.5651 125.244 -34.8326 -44.999 0 0 0 0 0 0 0 0 15.8698 30.1139 1418.25 3875.87 
0.0041051135267352384 0.172201 0 134648 34.8295 9.6469 5.90064 0 174.3641 -104.976 117.774 -74.2427 0 0 0 -0 0 0 0 -0 15.8698 30.1139 1418.25 3875.87 
0.0041051135267352384 0.599519 0 165929 34.8882 9.62903 5.89142 0 127.2261 -9.75526 35.1288 121.89 0 -0 0 0 0 -0 0 0 15.9548 46.8069 59.8282 660.523 
0.0041051135267352384 1.9169 0 377351 34.8394 9.64352 5.89889 0 79.67961 -27.0612 49.6565 -56.1316 0 -0 0 0 0 -0 0 0 13.475 36.735 0 48.9697 
0.0041051135267352384 2.17441 0 380007 34.8455 9.64395 5.89911 0 209.0581 -206.117 25.5667 -23.8201 0 0 0 0 0 0 0 0 2.19593 6.45959 0 0 
0.00411771132084514258 0.233025 0 403854 0.274098 13.336 10.195 0 31.51221 -14.3067 24.8566 -13.057 0 0 0 0 0 0 0 0 3.52664 8.13944 270.435 1481.6 
0.00413077833839700127 0.431114 0 330567 34.5159 9.60094 5.87715 0 162.8121 141.776 65.551 -45.9408 0 0 0 -0 0 0 0 -0 12.6273 31.0096 149.968 652.123 
0.00413077833839700127 1.05207 0 296138 34.5542 9.59218 5.87275 0 163.081 -73.6807 -30.2779 -142.301 0 0 0 -0 0 0 0 -0 3.13867 19.7893 0 0 
0.00413077833839700127 3.08837 0 215195 34.5123 9.60266 5.87801 0 115.521 -80.2201 2.30306 -83.0924 0 -0 0 0 0 -0 0 0 3.24247 6.46274 0 0 
0.00415728701714129095 0.172141 0 38744 34.4193 9.59334 5.87333 0 122.9251 -115.017 43.3661 -1.01654 0 0 0 0 0 0 0 0 19.0991 32.2537 1259.22 4084.24 
0.00415728701714129095 0.265884 1 0 0 9.58556 5.86945 0 0 1 55.4416 -94.7768 94.9293 1 58.612 -92.4644 95.3794 0 0 0 0 19.5965 42.8421 903.38 2001.24 
0.00415728701714129095 0.465208 0 213781 34.3295 9.56872 5.8611 0 86.22051 -2.02967 -81.2047 -28.9077 0 0 0 -0 0 0 0 -0 17.666 45.8174 473.749 1135.99 
0.00416499706419955814 0.308017 0 429425 0.647548 13.4341 10.376 0 73.78551 73.4126 3.36407 6.6016 0 0 0 0 0 0 0 0 1.94228 5.8607 0 71.9835 
0.00416499706419955814 1.63293 0 386821 34.0314 9.55403 5.8539 0 76.5881 -65.7272 22.3018 32.3774 0 -0 0 0 0 -0 0 0 1.59868 3.22347 0 0 
0.0041688060803770936 1.33001 0 306675 33.9768 9.55424 5.854 0 63.78171 -58.3552 19.8164 -16.4342 0 0 0 0 0 0 0 0 0 0 0 0 
0.00417139338862122094 0.39975 0 202678 33.9515 9.5456 5.8498 0 157.6021 -112.441 44.0347 101.274 0 0 0 0 0 0 0 0 0.408424 3.6263 0 0 
0.0041967267237963974 0.443725 0 237905 33.8209 9.53502 5.84469 0 160.3461 -111.826 -18.961 113.342 0 0 -0 0 0 0 -0 0 23.6054 56.4047 627.158 1454.68 
0.0041967267237963974 0.57324 0 272267 33.8736 9.53871 5.84647 0 40.66711 13.8847 -34.792 15.8285 0 0 0 0 0 0 0 0 13.8601 44.3094 189.195 297.309 
0.0041967267237963974 1.208 0 334345 33.8645 9.53521 5.84478 0 148.7321 42.1379 -135.25 45.3121 0 0 0 0 0 0 0 0 6.07652 32.6075 0 55.2208 
0.00421971658115784243 0.432614 0 17420 33.4215 9.48302 8.25425 0 01 0 0 0 0 0 0 0 0 0 0 0 14.4628 41.1616 96.7328 462.121 
0.00421971658115784243 0.783316 0 195542 33.3682 9.49568 8.26526 0 01 0 0 0 0 0 0 0 0 0 0 0 13.9643 41.0693 84.2804 173.703 
0.00421971658115784243 0.920409 0 221647 33.4925 9.4976 8.2669 0 01 -0 0 0 0 -0 0 0 0 -0 0 0 14.8817 43.7346 0 332.147 
0.00421971658115784243 1.06466 0 363058 33.527 9.50208 8.27083 0 01 0 -0 0 0 0 -0 0 0 0 -0 0 12.9001 37.7183 69.833 183.06 
0.00424122251604323354 0.593929 0 149405 33.1739 9.45647 8.2311 0 01 0 -0 0 0 0 -0 0 0 0 -0 0 15.665 47.4021 486.832 622.446 
0.00424122251604323354 0.671242 0 140577 33.135 9.47782 8.24971 0 01 0 0 0 0 0 0 0 0 0 0 0 12.8134 42.598 22.6602 153.276 
0.00424343302261245229 1.16071 0 378323 33.1048 9.47169 8.24438 0 01 0 0 0 0 0 0 0 0 0 0 0 1.18913 3.55039 0 0 
0.0042459155188952994 1.45536 0 342636 33.0787 9.46642 8.23976 0 01 0 0 0 0 0 0 0 0 0 0 0 0 2.95333 0 0 
0.00427274265533532111 0.58471 0 224265 32.946 9.44109 8.21769 0 01 0 0 0 0 0 0 0 0 0 0 0 16.7656 51.2958 46.0534 347.465 
0.00427274265533532111 0.645531 0 138555 33.057 9.46084 8.23489 0 01 0 0 0 0 0 0 0 0 0 0 0 23.4311 64.4493 34.1954 845.294 
0.00427274265533532111 1.1602 0 296592 32.7839 9.43277 8.21051 0 01 -0 0 0 0 -0 0 0 0 -0 0 0 9.41683 38.8388 73.2526 92.5102 
0.00427274265533532111 2.33985 0 362838 32.8024 9.43241 8.2102 0 01 0 0 0 0 0 0 0 0 0 0 0 6.79287 18.0135 0 0 
0.00428611676566923502 0.06198 0 41308 32.768 9.42817 8.20647 0 01 -0 0 0 0 -0 0 0 0 -0 0 0 10.348 23.7977 1940.38 3973.21 
0.00428611676566923502 0.631743 0 236025 32.6713 9.40558 8.18683 0 01 0 0 0 0 0 0 0 0 0 0 0 15.053 35.7856 185.316 191.525 
0.00429410918814440712 1.17156 0 316050 32.5693 9.4015 8.18319 0 01 0 0 -0 0 0 0 -0 0 0 0 -0 2.36059 4.72709 0 0 
0.00432693855274644303 0.31645 0 223846 32.3411 9.37915 8.16381 0 01 0 0 0 0 0 0 0 0 0 0 0 26.2465 56.9724 580.817 2837.37 
0.00432693855274644303 0.416605 0 176355 32.2815 9.38973 8.17303 0 01 0 0 0 0 0 0 0 0 0 0 0 18.7301 54.9568 820.234 1225.52 
0.00432693855274644303 0.489725 0 213632 32.4818 9.38032 8.16475 0 01 0 0 0 0 0 0 0 0 0 0 0 16.4925 58.618 1.22926 191.945 
0.00432693855274644303 0.503123 0 175769 32.2172 9.35982 8.14698 0 01 0 0 0 0 0 0 0 0 0 0 0 16.4925 58.618 1.22926 191.945 
0.00432693855274644303 1.49524 0 107151 32.3059 9.38217 8.16645 0 01 0 0 0 0 0 0 0 0 0 0 0 6.04066 28.684 58.6429 58.6429 
0.00432693855274644303 2.72333 0 350599 32.4505 9.38461 8.16847 0 01 0 0 0 0 0 0 0 0 0 0 0 2.8261 20.0351 0 2.18829 
0.00434728355517855804 0.391641 0 121925 32.1195 9.35752 8.14494 0 01 0 0 -0 0 0 0 -0 0 0 0 -0 13.8907 36.6248 101.277 874.036 
0.00434728355517855804 1.28592 0 276444 32.0268 9.33228 8.12297 0 01 0 0 0 0 0 0 0 0 0 0 0 8.99931 32.2192 11.6835 11.6835 
0.00436486238483532307 0.611442 0 139792 31.9889 9.32981 8.1208 0 01 0 0 0 0 0 0 0 0 0 0 0 16.8731 43.3069 187.533 452.76 
0.00436486238483532307 1.23693 0 370212 31.8537 9.31966 8.11198 0 01 0 0 0 0 0 0 0 0 0 0 0 7.47713 22.4732 0 268.422 
0.00439438582756973735 1.06071 0 194863 31.5906 9.29296 8.08872 0 01 0 0 0 0 0 0 0 0 0 0 0 7.35169 35.7734 0 113.114 
0.00439438582756973735 1.59001 0 109173 31.5459 9.28869 8.085 0 01 -0 0 0 0 -0 0 0 0 -0 0 0 17.2283 42.213 0 162.226 
0.00443068320074220361 0.254429 0 55686 31.4713 9.28519 8.08194 0 01 0 -0 0 0 0 -0 0 0 0 -0 0 25.845 55.4078 748.155 2090.08 
0.00443068320074220361 0.337001 0 15422 31.4974 9.28307 8.0801 0 01 -0 0 0 0 -0 0 0 0 -0 0 0 25.5046 55.7174 816.974 1288.64 
0.00443068320074220361 0.343666 0 67849 0.0968894 9.07377 7.89765 0 01 0 0 0 0 0 0 0 0 0 0 0 25.5046 55.7174 816.974 1288.64 
0.00443068320074220361 0.392215 0 208370 31.2844 9.26847 8.06738 0 01 0 0 -0 0 0 0 -0 0 0 0 -0 27.2877 66.2958 520.625 1740.97 
0.00443068320074220361 0.422556 0 66897 31.2341 9.25943 8.0595 0 01 0 0 0 0 0 0 0 0 0 0 0 27.2877 66.2958 520.625 1740.97 
0.00443068320074220361 0.572892 0 184947 31.2345 9.25942 8.05949 0 01 0 -0 0 0 0 -0 0 0 0 -0 0 28.9653 62.6879 133.096 724.042 
0.00443068320074220361 0.674099 0 291088 31.4867 9.28541 8.08213 0 01 0 0 0 0 0 0 0 0 0 0 0 18.3872 53.7159 144.616 381.596 
0.00443068320074220361 0.798111 0 201977 31.3105 9.27226 8.07068 0 01 0 0 0 0 0 0 0 0 0 0 0 19.3325 53.0825 132.903 354.518 
0.00443068320074220361 1.53426 0 334776 31.5332 9.28741 8.08389 0 01 0 -0 0 0 0 -0 0 0 0 -0 0 10.5994 39.3175 0 0 
0.00447242206302198193 0.154996 0 468795 0.102575 14.7576 13.06 0 01 0 -0 0 0 0 -0 0 0 0 -0 0 18.6011 43.2711 1609.53 4862.26 
0.00447242206302198193 0.163334 0 454930 34.4193 9.17861 7.98906 0 01 0 0 0 0 0 0 0 0 0 0 0 18.6011 43.2711 1609.53 4862.26 
0.00447242206302198193 0.381583 0 30458 30.8936 9.22304 8.02779 0 01 0 0 0 0 0 0 0 0 0 0 0 26.9593 57.7792 962.938 2336.23 
0.00447242206302198193 0.405574 0 86848 30.8252 9.21359 8.01955 0 01 0 -0 0 0 0 -0 0 0 0 -0 0 21.9594 58.9794 99.6037 855.809 
0.00447242206302198193 1.01513 0 300179 31.0381 9.22166 8.0265 0 01 0 0 0 0 0 0 0 0 0 0 0 19.463 55.4596 0 514.074 
0.00447242206302198193 1.88042 0 304523 30.9467 9.22912 8.03306 0 01 0 -0 0 0 0 -0 0 0 0 -0 0 5.64239 20.7002 0 0 
0.00447488456032877832 0.522361 0 79775 30.7969 9.19804 8.00599 0 01 0 0 0 0 0 0 0 0 0 0 0 1.60354 6.87976 0 6.24838 
0.00447488456032877832 0.565652 0 52314 30.7935 9.20008 8.00777 0 01 0 0 0 0 0 0 0 0 0 0 0 1.12129 8.91963 0 0 
0.0044763714711959059 0.251449 0 69754 30.7762 9.19677 8.00485 0 01 0 0 0 0 0 0 0 0 0 0 0 1.66701 6.17468 85.2401 181.157 
0.00447793457701176068 0.618963 0 177987 30.7625 9.19339 8.0019 0 01 0 0 0 0 0 0 0 0 0 0 0 0.617675 4.87726 0 0 
0.00450911793335569307 0.224468 0 59481 30.6952 9.19758 8.00552 0 01 -0 0 0 0 -0 0 0 0 -0 0 0 19.013 36.2431 1431.44 4207.69 
0.00450911793335569307 0.373222 0 19678 30.5204 9.16821 7.98 0 01 -0 0 0 0 -0 0 0 0 -0 0 0 20.3404 50.5102 478.249 1201.28 
0.00450911793335569307 0.587537 0 132704 30.5626 9.18035 7.99058 0 01 0 -0 0 0 0 -0 0 0 0 -0 0 19.3217 55.4346 383.009 527.68 
0.00450911793335569307 0.680679 0 169885 30.6318 9.18842 7.99757 0 01 0 0 0 0 0 0 0 0 0 0 0 15.7384 41.0617 55.5659 499.193 
0.00450911793335569307 0.803583 0 194475 30.6804 9.19473 8.00304 0 01 0 0 0 0 0 0 0 0 0 0 0 19.4331 57.5365 120.381 572.527 
0.00450911793335569307 1.10354 0 26774 30.6602 9.1924 8.00101 0 01 0 0 -0 0 0 0 -0 0 0 0 -0 12.0019 34.9424 73.7934 131.998 
0.00450911793335569307 1.17626 0 304139 30.4969 9.1617 7.97432 0 01 0 -0 0 0 0 -0 0 0 0 -0 0 7.13879 34.3859 0 0 
0.00450911793335569307 2.57449 0 253960 30.5912 9.18897 7.99807 0 01 0 0 0 0 0 0 0 0 0 0 0 7.69382 18.1414 0 0 
0.00453463417530165867 0.229342 0 474089 0.221445 12.9797 9.56728 0 73.07031 -29.8628 38.4706 -54.4747 0 0 0 -0 0 0 0 -0 16.0573 36.4244 1102.56 2517.83 
0.00453463417530165867 0.409822 0 89901 30.3874 9.15505 7.9685 0 01 0 0 0 0 0 0 0 0 0 0 0 16.0232 44.8247 803.525 1339.08 
0.00453463417530165867 0.48305 0 71493 30.2655 9.15125 7.96521 0 01 0 0 0 0 0 0 0 0 0 0 0 20.4777 56.2089 172.871 363.381 
0.00453463417530165867 0.959191 0 263588 30.416 9.16027 7.97306 0 01 0 0 0 0 0 0 0 0 0 0 0 18.3374 43.5503 0 158.404 
0.00453463417530165867 1.21555 0 325015 30.3703 9.15312 7.96682 0 01 0 0 -0 0 0 0 -0 0 0 0 -0 4.8867 30.6073 0 0 
0.00453463417530165867 1.72595 0 357743 30.4199 9.16031 7.97311 0 01 0 0 0 0 0 0 0 0 0 0 0 7.04463 24.5382 0 34.6884 
0.00460827286232520783 0.170686 0 129259 29.8493 9.10469 7.92462 0 01 0 0 -0 0 0 0 -0 0 0 0 -0 25.602 55.4647 1775.8 4778.41 
0.00460827286232520783 0.302735 0 27397 30.0313 9.12564 7.94287 0 01 0 -0 0 0 0 -0 0 0 0 -0 0 35.0673 69.4962 996.685 2097.56 
0.00460827286232520783 0.311431 0 154589 30.0242 9.11104 7.93013 0 01 0 -0 0 0 0 -0 0 0 0 -0 0 34.7028 81.1113 1118.2 3415.58 
0.00460827286232520783 0.44566 0 43108 30.0418 9.13025 7.94686 0 01 -0 0 0 0 -0 0 0 0 -0 0 0 37.1182 93.4589 710.35 1729.85 
0.00460827286232520783 0.580073 0 293121 29.6463 9.07455 7.89833 0 01 0 0 0 0 0 0 0 0 0 0 0 37.5967 96.1913 256.054 1104.96 
0.00460827286232520783 0.637763 0 86949 29.7502 9.08514 7.90757 0 01 0 0 0 0 0 0 0 0 0 0 0 30.6339 80.4563 69.0942 522.225 
0.00460827286232520783 0.856555 0 183892 30.1223 9.14321 7.95813 0 01 0 0 0 0 0 0 0 0 0 0 0 37.0852 98.3326 35.302 944.205 
0.00460827286232520783 0.866094 0 292369 29.8038 9.0971 7.91799 0 01 0 0 0 0 0 0 0 0 0 0 0 37.0852 98.3326 35.302 944.205 
0.00460827286232520783 0.910572 0 387995 29.9841 9.11032 7.92953 0 01 0 0 0 0 0 0 0 0 0 0 0 23.8096 75.2151 239.076 473.89 
0.00460827286232520783 1.16842 0 291911 30.1002 9.13728 7.95295 0 01 0 0 0 0 0 0 0 0 0 0 0 27.7041 75.0526 84.1005 152.319 
0.00460827286232520783 1.16936 0 367285 29.6525 9.07311 7.89707 0 01 0 0 -0 0 0 0 -0 0 0 0 -0 27.7041 75.0526 84.1005 152.319 
0.00460827286232520783 1.24228 0 48688 29.678 9.08007 7.90315 0 01 0 -0 0 0 0 -0 0 0 0 -0 0 33.1496 74.8014 199.36 253.994 
0.00460827286232520783 1.4944 0 412630 0.672898 9.64212 5.89816 0 60.44881 -56.6454 4.50372 20.6172 0 0 0 0 0 0 0 0 23.6623 65.0028 0 131.314 
0.00460827286232520783 1.76335 0 271389 29.7789 9.09127 7.91292 0 01 0 0 0 0 0 0 0 0 0 0 0 28.0657 54.4858 105.127 268.313 
0.00463798126132628809 0.796803 0 153147 29.442 9.05926 7.88498 0 01 0 0 0 0 0 0 0 0 0 0 0 18.1586 51.2299 0 274.472 
0.00463798126132628809 0.880841 0 289599 29.5754 9.0808 7.90373 0 01 0 0 -0 0 0 0 -0 0 0 0 -0 14.2047 42.6325 117.04 450.133 
0.00463798126132628809 1.50934 0 694730 0.107058 9.03592 7.86458 0 01 0 0 0 0 0 0 0 0 0 0 0 1.52877 18.2333 0 0 
0.00463798126132628809 1.71378 0 366867 29.4376 9.05808 7.88396 0 01 0 0 0 0 0 0 0 0 0 0 0 15.1889 23.661 2.34845 191.357 
0.00463798126132628809 1.98063 0 360776 29.5502 9.08378 7.90634 0 01 0 0 0 0 0 0 0 0 0 0 0 2.00562 16.0292 0 0 
0.00463798126132628809 3.13388 0 392518 29.4353 9.05885 7.88463 0 01 0 0 -0 0 0 0 -0 0 0 0 -0 0 6.48341 0 0 
0.00466295511359241747 0.53184 0 335816 29.2236 9.03205 7.86124 0 01 -0 0 0 0 -0 0 0 0 -0 0 0 19.2287 52.3128 240.473 555.881 
0.00466295511359241747 0.923028 0 313243 29.2039 9.02609 7.85605 0 01 0 0 -0 0 0 0 -0 0 0 0 -0 17.4399 47.6909 0 39.4348 
0.00466295511359241747 1.41019 0 152125 29.2841 9.03441 7.86328 0 01 0 0 0 0 0 0 0 0 0 0 0 5.70878 24.3476 0 165.79 
0.00469017687371484776 0.282764 0 185079 0.104346 8.99743 7.83104 0 01 0 -0 0 0 0 -0 0 0 0 -0 0 22.3551 44.4371 235.126 2244.27 
0.00469017687371484776 0.348168 0 19650 29.1244 9.0169 7.84801 0 01 0 0 -0 0 0 0 -0 0 0 0 -0 21.4738 49.8813 565.54 1502.66 
0.00469017687371484776 0.563804 0 261741 29.0085 8.99695 7.83062 0 01 0 0 0 0 0 0 0 0 0 0 0 23.5189 54.9621 509.286 973.561 
0.00469017687371484776 0.726683 0 201415 28.9879 8.99179 7.82612 0 01 0 0 -0 0 0 0 -0 0 0 0 -0 19.1571 41.3256 2.20277 81.4865 
0.00469017687371484776 2.09353 0 353010 29.0679 9.01916 7.85 0 01 0 0 0 0 0 0 0 0 0 0 0 4.18193 20.9716 0 0 
0.00469017687371484776 2.2417 0 387605 29.0408 9.01366 7.84518 0 01 0 0 0 0 0 0 0 0 0 0 0 6.60635 19.8218 0 73.6815 
0.00470895242834183138 0.442462 0 179360 28.9337 8.99875 7.83219 0 01 0 0 0 0 0 0 0 0 0 0 0 12.1681 37.2552 144.447 202.038 
0.00470895242834183138 0.592337 0 426292 0.447104 8.80428 7.66242 0 01 0 0 0 0 0 0 0 0 0 0 0 13.0036 41.1648 0 229.85 
0.00474420610061535106 0.289289 0 23097 28.6906 8.96689 7.80438 0 01 0 0 0 0 0 0 0 0 0 0 0 23.8106 53.4757 277.093 2534.96 
0.00474420610061535106 0.314222 0 126118 28.7826 8.97458 7.81108 0 01 0 -0 0 0 0 -0 0 0 0 -0 0 24.7047 52.6627 1004.5 2111.48 
0.00474420610061535106 1.0527 0 239877 28.678 8.96573 7.80336 0 01 0 0 0 0 0 0 0 0 0 0 0 11.6296 33.9684 146.561 146.561 
0.00474420610061535106 1.61519 0 308710 28.6661 8.96259 7.80063 0 01 0 0 -0 0 0 0 -0 0 0 0 -0 11.4617 37.6372 60.2442 71.987 
0.00474420610061535106 1.61574 0 321271 28.7216 8.96268 7.80069 0 01 -0 0 0 0 -0 0 0 0 -0 0 0 11.4617 37.6372 60.2442 71.987 
0.00474420610061535106 2.18678 0 332721 28.6521 8.96062 7.79891 0 01 0 0 0 0 0 0 0 0 0 0 0 2.23587 10.9869 0 0 
0.00476599825473250464 0.288061 0 61856 28.5407 8.94655 7.78658 0 01 0 0 0 0 0 0 0 0 0 0 0 16.0723 41.5066 409.904 1430.73 
0.00476599825473250464 0.299592 0 37014 28.4169 8.94555 7.78571 0 01 0 0 0 0 0 0 0 0 0 0 0 16.0723 41.5066 409.904 1430.73 
0.00476599825473250464 0.615716 0 55732 28.4725 8.95547 7.79436 0 01 0 0 0 0 0 0 0 0 0 0 0 11.7018 33.9524 38.777 405.435 
0.00476599825473250464 0.915627 0 248774 28.5498 8.95125 7.79069 0 01 0 0 0 0 0 0 0 0 0 0 0 9.18628 25.8236 0 168.648 
0.00479731293858668643 0.313741 0 67839 28.2831 8.91833 7.76199 0 01 -0 0 0 0 -0 0 0 0 -0 0 0 20.2105 51.6709 204.456 933.239 
0.00479731293858668643 0.435072 0 224840 28.2861 8.91828 7.76196 0 01 0 0 0 0 0 0 0 0 0 0 0 22.8606 63.6917 109.934 1384.44 
0.00479731293858668643 0.439946 0 193763 28.3885 8.9325 7.77436 0 01 0 -0 0 0 0 -0 0 0 0 -0 0 22.8606 63.6917 109.934 1384.44 
0.00479731293858668643 0.484584 0 106288 28.3056 8.91864 7.76227 0 01 0 0 0 0 0 0 0 0 0 0 0 21.1689 60.5509 405.179 909.957 
0.00479731293858668643 0.543121 0 291918 28.3755 8.92858 7.77094 0 01 0 0 0 0 0 0 0 0 0 0 0 20.378 57.3505 404.157 850.086 
0.00479731293858668643 0.56567 0 185355 28.3386 8.92711 7.76965 0 01 0 0 -0 0 0 0 -0 0 0 0 -0 18.6081 64.344 0 663.821 
0.00479731293858668643 0.594502 0 39238 28.202 8.91568 7.75968 0 01 0 0 -0 0 0 0 -0 0 0 0 -0 16.454 45.9782 61.4703 135.089 
0.00479731293858668643 0.72116 0 99537 28.3536 8.92917 7.77145 0 01 0 0 0 0 0 0 0 0 0 0 0 23.5564 56.3904 321.624 521.97 
0.00479731293858668643 0.993032 0 296004 28.2226 8.91681 7.76067 0 01 0 0 0 0 0 0 0 0 0 0 0 14.1002 41.1855 21.5231 42.1156 
0.00479731293858668643 1.42575 0 223714 28.3313 8.92283 7.76592 0 01 -0 0 0 0 -0 0 0 0 -0 0 0 11.5215 30.1741 0 42.5874 
0.00479731293858668643 1.97954 0 344896 28.3557 8.9287 7.77105 0 01 0 0 0 0 0 0 0 0 0 0 0 9.92415 27.9226 0 40.2863 
0.00485491833876830915 0.248493 0 171631 28.0086 8.88706 7.73471 0 01 0 0 0 0 0 0 0 0 0 0 0 37.2975 67.7371 929.925 2441.08 
0.00485491833876830915 0.299827 0 41160 28.0132 8.88964 7.73695 0 01 0 0 0 0 0 0 0 0 0 0 0 37.2975 67.7371 929.925 2441.08 
0.00485491833876830915 0.410516 0 73589 27.9947 8.88504 7.73294 0 01 0 0 -0 0 0 0 -0 0 0 0 -0 33.5632 73.49 503.168 1671.44 
0.00485491833876830915 0.421962 0 86890 0.329531 9.13286 7.94916 0 01 -0 0 0 0 -0 0 0 0 -0 0 0 33.5632 73.49 503.168 1671.44 
0.00485491833876830915 0.516538 0 523830 0 8.86215 7.71296 0 01 0 0 0 0 0 0 0 0 0 0 0 32.0643 80.2432 91.6281 1031.61 
0.00485491833876830915 0.626981 0 185527 27.9668 8.8801 7.72863 0 01 0 0 0 0 0 0 0 0 0 0 0 32.0264 86.9301 176.051 1043.47 
0.00485491833876830915 0.766016 0 6219 0.194275 8.9115 7.75601 0 01 0 0 0 0 0 0 0 0 0 0 0 28.2949 80.2828 407.225 877.924 
0.00485491833876830915 1.05656 0 262055 27.8567 8.88324 7.73137 0 01 -0 0 0 0 -0 0 0 0 -0 0 0 22.3907 58.638 10.4838 108.723 
0.00485491833876830915 1.09573 0 243100 28.143 8.91719 7.76099 0 01 0 0 -0 0 0 0 -0 0 0 0 -0 20.8611 62.4861 4.667 149.959 
0.00485491833876830915 1.37092 0 346540 27.8273 8.87376 7.72309 0 01 0 0 0 0 0 0 0 0 0 0 0 15.2769 65.2884 0 93.1371 
0.00485491833876830915 1.51801 0 223552 27.8459 8.88205 7.73033 0 01 0 0 0 0 0 0 0 0 0 0 0 29.0346 62.6961 0 45.2167 
0.00485491833876830915 1.73985 0 279797 27.9416 8.8882 7.7357 0 01 0 0 0 0 0 0 0 0 0 0 0 15.7936 45.8586 36.1053 52.5867 
0.00485491833876830915 1.90371 0 365272 28.0702 8.91222 7.75663 0 01 0 0 0 0 0 0 0 0 0 0 0 9.58144 32.6883 130.042 130.042 
0.00485491833876830915 2.06709 0 300870 27.9003 8.88473 7.73267 0 01 0 0 -0 0 0 0 -0 0 0 0 -0 10.4193 29.1072 1.02077 6.79715 
0.00485491833876830915 2.27821 0 331934 28.0534 8.90405 7.74953 0 01 -0 0 0 0 -0 0 0 0 -0 0 0 2.26139 23.1138 0 0 
0.00490313210048673714 0.488231 0 89495 27.5396 8.85806 7.70939 0 01 0 -0 0 0 0 -0 0 0 0 -0 0 30.9064 76.3537 603.015 979.159 
0.00490313210048673714 0.508417 0 132710 27.7405 8.86697 7.71716 0 01 0 0 0 0 0 0 0 0 0 0 0 27.1742 71.794 155.469 839.344 
0.00490313210048673714 0.784363 0 339850 27.5548 8.85194 7.70405 0 01 0 0 0 0 0 0 0 0 0 0 0 25.3003 72.9563 70.4228 198.291 
0.00490313210048673714 1.01818 0 166801 27.6131 8.84199 7.69536 0 01 0 0 0 0 0 0 0 0 0 0 0 15.1141 61.5061 54.7353 104.813 
0.00490313210048673714 1.02628 0 309816 27.6032 8.83953 7.69321 0 01 0 0 -0 0 0 0 -0 0 0 0 -0 20.6972 57.0809 108.08 136.763 
0.00490313210048673714 1.57537 0 207143 27.6503 8.85765 7.70901 0 01 0 0 0 0 0 0 0 0 0 0 0 15.8569 41.0554 18.2256 76.6312 
0.00496717953584301444 0.104799 0 61838 27.3392 8.82484 7.68039 0 01 0 0 0 0 0 0 0 0 0 0 0 22.6263 51.7843 2422.41 4056.79 
0.00496717953584301444 0.209778 0 129927 0.214994 8.6128 7.49516 0 01 0 0 0 0 0 0 0 0 0 0 0 22.6263 51.7843 2422.41 4056.79 
0.00496717953584301444 0.253685 0 486500 0.0930718 8.72205 7.59062 0 01 0 0 0 0 0 0 0 0 0 0 0 34.9198 72.814 1410.36 2909.35 
0.00496717953584301444 0.302461 0 149264 0.243625 8.82118 7.67719 0 01 0 0 -0 0 0 0 -0 0 0 0 -0 34.9198 72.814 1410.36 2909.35 
0.00496717953584301444 0.354222 0 81542 27.2419 8.79474 7.65411 0 01 0 0 0 0 0 0 0 0 0 0 0 40.4455 89.6566 1135.35 3301.31 
0.00496717953584301444 0.47492 0 257243 27.2074 8.80108 7.65964 0 01 0 0 0 0 0 0 0 0 0 0 0 29.4389 85.9248 117.567 223.707 
0.00496717953584301444 0.545324 0 298005 27.3092 8.82203 7.67794 0 01 0 -0 0 0 0 -0 0 0 0 -0 0 35.0966 90.7662 300.265 1474.09 
0.00496717953584301444 0.546474 0 181037 27.2189 8.80305 7.66136 0 01 -0 0 0 0 -0 0 0 0 -0 0 0 35.0966 90.7662 300.265 1474.09 
0.00496717953584301444 0.603841 0 187038 0.66935 8.79449 7.65389 0 01 0 0 0 0 0 0 0 0 0 0 0 34.3925 98.2694 173.547 493.748 
0.00496717953584301444 0.604259 0 18064 27.4481 8.82895 7.68395 0 01 0 -0 0 0 0 -0 0 0 0 -0 0 34.3925 98.2694 173.547 493.748 
0.00496717953584301444 0.687143 0 338496 27.3373 8.82162 7.67756 0 01 0 0 0 0 0 0 0 0 0 0 0 29.7514 90.1544 307.108 813.995 
0.00496717953584301444 1.07816 0 223825 27.3517 8.81971 7.67591 0 01 0 -0 0 0 0 -0 0 0 0 -0 0 29.8341 77.8786 4.94091 84.5423 
0.00496717953584301444 1.21406 0 241647 27.1487 8.7997 7.65844 0 01 0 0 0 0 0 0 0 0 0 0 0 20.4671 57.6013 116.271 223.611 
0.00496717953584301444 1.2461 0 335263 27.4531 8.8269 7.68219 0 01 -0 0 0 0 -0 0 0 0 -0 0 0 16.122 74.2111 65.52 521.646 
0.00496717953584301444 1.4744 0 292326 27.1149 8.80303 7.66135 0 01 0 -0 0 0 0 -0 0 0 0 -0 0 17.8208 66.8554 9.68091 129.427 
0.00496717953584301444 1.74493 0 352578 27.1776 8.80887 7.66645 0 01 0 0 0 0 0 0 0 0 0 0 0 17.6966 38.9715 2.25688 109.654 
0.00496717953584301444 1.81371 0 340718 27.2398 8.80075 7.65936 0 01 0 0 0 0 0 0 0 0 0 0 0 12.8531 46.1128 0 3.03966 
0.00497228415566264466 0.0795124 0 430657 0.221445 12.5748 8.90973 0 22.11681 21.6105 -4.66948 0.580624 0 0 0 0 0 0 0 0 6.30075 14.5218 119.229 1097.59 
0.00497228415566264466 1.12672 0 250839 27.0503 8.79391 7.65338 0 01 0 0 -0 0 0 0 -0 0 0 0 -0 1.13414 6.81938 0 0 
0.00499879426870131378 0.464137 0 418711 0.116222 9.66894 5.91216 0 93.70191 20.0988 -57.1103 71.5157 0 0 0 0 0 0 0 0 19.0695 49.5535 263.756 903.18 
0.00499879426870131378 1.28191 0 304714 26.9905 8.78738 7.64763 0 01 0 0 0 0 0 0 0 0 0 0 0 11.5175 29.4534 0 2.32018 
0.00499879426870131378 1.31201 0 215333 26.9624 8.77494 7.63677 0 01 0 0 0 0 0 0 0 0 0 0 0 6.60982 26.3472 0 19.5171 
0.00501895051331988432 0.800389 0 330072 26.8562 8.76174 7.62527 0 01 0 -0 0 0 0 -0 0 0 0 -0 0 11.9669 37.5462 1.68142 19.3163 
0.00505037183331064499 0.250033 0 49516 26.5959 8.74576 7.61134 0 01 0 0 0 0 0 0 0 0 0 0 0 15.6286 36.1945 746.096 3148.36 
0.00505037183331064499 0.905803 0 242090 26.7187 8.75943 7.62325 0 01 0 0 0 0 0 0 0 0 0 0 0 18.9809 60.5091 15.6807 289.81 
0.00505037183331064499 1.90625 0 243230 26.6712 8.7397 7.60603 0 01 0 0 -0 0 0 0 -0 0 0 0 -0 7.65373 19.125 0 0 
0.00507233311038870083 0.236675 0 131361 26.4753 8.71448 7.58399 0 01 0 0 0 0 0 0 0 0 0 0 0 14.7894 34.6684 1223.87 2280.37 
0.00507233311038870083 0.48131 0 295684 26.5173 8.73514 7.60203 0 01 -0 0 0 0 -0 0 0 0 -0 0 0 19.5084 44.3734 123.11 1151.31 
0.00507233311038870083 0.86502 0 305193 26.4866 8.72105 7.58972 0 01 0 0 0 0 0 0 0 0 0 0 0 13.1701 37.7331 110.388 376.99 
0.00510649011857458764 0.389517 0 125335 26.327 8.71862 7.58762 0 01 -0 0 0 0 -0 0 0 0 -0 0 0 22.7884 57.9063 683.889 1760.14 
0.00510649011857458764 0.405155 0 18681 26.3216 8.71973 7.58857 0 01 0 0 0 0 0 0 0 0 0 0 0 22.7884 57.9063 683.889 1760.14 
0.00510649011857458764 0.53207 0 195209 26.2463 8.702 7.5731 0 01 0 0 0 0 0 0 0 0 0 0 0 23.9274 59.8668 198.871 766.248 
0.00510649011857458764 0.826288 0 279961 26.3148 8.71595 7.58529 0 01 0 -0 0 0 0 -0 0 0 0 -0 0 23.2234 54.7192 133.934 250.273 
0.00510649011857458764 0.864898 0 335749 26.272 8.70556 7.57621 0 01 0 0 0 0 0 0 0 0 0 0 0 23.8455 57.9918 3.20241 259.698 
0.00513531434613559001 0.178285 0 89672 26.1819 8.6941 7.56619 0 01 0 0 0 0 0 0 0 0 0 0 0 14.9081 38.9645 585.698 1047.4 
0.00513531434613559001 0.387244 0 232834 26.0945 8.69493 7.56692 0 01 -0 0 0 0 -0 0 0 0 -0 0 0 19.2504 54.3473 189.336 696.32 
0.00513531434613559001 0.46832 0 171637 26.0749 8.68827 7.56111 0 01 0 0 0 0 0 0 0 0 0 0 0 22.3959 58.5109 221.096 1127.68 
0.00513531434613559001 0.546691 0 145174 26.2275 8.69593 7.56777 0 01 0 -0 0 0 0 -0 0 0 0 -0 0 18.5678 63.2779 315.861 672.099 
0.00513531434613559001 0.567994 0 158284 26.0693 8.69104 7.56352 0 01 0 0 0 0 0 0 0 0 0 0 0 18.3497 48.1774 319.75 595.942 
0.00513531434613559001 0.600883 0 170681 26.196 8.69521 7.56716 0 01 0 0 0 0 0 0 0 0 0 0 0 20.3524 62.2866 56.7917 743.678 
0.00513531434613559001 1.6385 0 8327 26.2079 8.69609 7.56792 0 01 0 0 0 0 0 0 0 0 0 0 0 13.3637 31.5556 0 13.7863 
0.00520678551802779624 0.1254 0 60209 25.824 8.65455 7.53165 0 01 0 0 0 0 0 0 0 0 0 0 0 31.2354 61.23 2397.28 4662.15 
0.00520678551802779624 0.223058 0 75139 25.8884 8.67589 7.55029 0 01 0 0 0 0 0 0 0 0 0 0 0 31.2354 61.23 2397.28 4662.15 
0.00520678551802779624 0.413769 0 39421 25.673 8.64036 7.51924 0 01 -0 0 0 0 -0 0 0 0 -0 0 0 37.8312 87.3688 484.957 1071.24 
0.00520678551802779624 0.50218 0 9348 26.0415 8.68211 7.55572 0 01 0 0 0 0 0 0 0 0 0 0 0 37.1183 95.2952 658.261 1498.79 
0.00520678551802779624 0.596319 0 210569 26.0411 8.67472 7.54926 0 01 0 -0 0 0 0 -0 0 0 0 -0 0 38.8663 100.429 250.735 1106.49 
0.00520678551802779624 0.602786 0 260365 25.838 8.66077 7.53708 0 01 0 0 0 0 0 0 0 0 0 0 0 38.8663 100.429 250.735 1106.49 
0.00520678551802779624 0.740127 0 149828 25.8174 8.6615 7.53772 0 01 0 0 0 0 0 0 0 0 0 0 0 30.7787 96.0878 107.681 176.873 
0.00520678551802779624 0.80312 0 226518 25.803 8.65909 7.53561 0 01 0 0 0 0 0 0 0 0 0 0 0 24.8979 89.9038 269.905 604.091 
0.00520678551802779624 1.54525 0 325539 26.0189 8.68064 7.55443 0 01 0 0 0 0 0 0 0 0 0 0 0 13.9688 44.9913 38.3083 242.605 
0.00520678551802779624 1.65629 0 77143 25.7174 8.653 7.53029 0 01 0 0 0 0 0 0 0 0 0 0 0 19.769 65.9043 9.82339 9.82339 
0.00520678551802779624 1.66265 0 369436 25.9777 8.672 7.54688 0 01 0 0 0 0 0 0 0 0 0 0 0 19.769 65.9043 9.82339 9.82339 
0.00528220976642422221 0.447688 0 112460 25.4119 8.63561 7.51509 0 01 -0 0 0 0 -0 0 0 0 -0 0 0 37.5687 88.106 354.498 1279.81 
0.00528220976642422221 0.490462 0 64738 25.6395 8.6427 7.52128 0 01 0 0 0 0 0 0 0 0 0 0 0 41.1764 93.9482 583.682 1446.93 
0.00528220976642422221 0.533971 0 105386 25.5418 8.63113 7.51118 0 01 0 0 0 0 0 0 0 0 0 0 0 43.8019 100.117 556.47 1601.44 
0.00528220976642422221 0.564231 0 166175 25.6275 8.641 7.51979 0 01 0 0 0 0 0 0 0 0 0 0 0 39.0289 105.563 73.8256 646.462 
0.00528220976642422221 0.624139 0 305362 25.5252 8.62066 7.50203 0 01 0 0 0 0 0 0 0 0 0 0 0 41.2769 107.545 183.346 655.25 
0.00528220976642422221 0.734733 0 126498 25.4469 8.63773 7.51694 0 01 0 0 0 0 0 0 0 0 0 0 0 42.0831 101.618 191.744 879.719 
0.00528220976642422221 1.18768 0 350954 25.455 8.64169 7.52041 0 01 0 0 0 0 0 0 0 0 0 0 0 28.1375 86.9289 201.805 276.756 
0.00528220976642422221 1.22747 0 223851 25.3818 8.62576 7.50648 0 01 -0 0 0 0 -0 0 0 0 -0 0 0 21.8295 60.6319 7.92395 425.605 
0.00528220976642422221 1.2326 0 292351 25.3548 8.62655 7.50717 0 01 0 0 0 0 0 0 0 0 0 0 0 31.1624 94.75 44.2403 318.135 
0.00528220976642422221 1.25168 0 312777 25.2581 8.611 7.49359 0 01 0 0 0 0 0 0 0 0 0 0 0 31.1624 94.75 44.2403 318.135 
0.00528220976642422221 1.4103 0 315518 25.3638 8.62644 7.50708 0 01 0 0 0 0 0 0 0 0 0 0 0 19.7158 77.2791 25.3125 94.265 
0.00528220976642422221 1.60484 0 363707 0 10.1249 6.18698 0 96.55911 -96.358 -6.09009 1.30703 0 -0 0 0 0 -0 0 0 17.5341 57.6223 0 65.8952 
0.00528220976642422221 1.80668 0 373425 25.4531 8.64001 7.51894 0 01 0 0 0 0 0 0 0 0 0 0 0 23.2046 62.3765 8.76427 9.9128 
0.00528220976642422221 1.98365 0 332349 25.6333 8.63908 7.51812 0 01 -0 0 0 0 -0 0 0 0 -0 0 0 24.2238 62.6155 76.2664 91.5331 
0.0052897317706640792 1.12776 0 350281 25.2405 8.60383 7.48731 0 01 0 0 0 0 0 0 0 0 0 0 0 1.12183 2.24769 0 0 
0.00533474334431845772 0.672128 0 298399 25.1847 8.59168 7.47668 0 01 0 0 0 0 0 0 0 0 0 0 0 23.7374 67.205 38.9159 282.579 
0.00533474334431845772 0.714271 0 323371 25.0855 8.58068 7.4671 0 01 0 0 0 0 0 0 0 0 0 0 0 27.4581 72.549 241.047 478.967 
0.00533474334431845772 0.877224 0 190546 25.1519 8.59324 7.47807 0 01 0 -0 0 0 0 -0 0 0 0 -0 0 16.7231 62.5496 88.3202 247.445 
0.00533474334431845772 1.38975 0 224434 25.1471 8.59244 7.47735 0 01 0 0 0 0 0 0 0 0 0 0 0 9.86034 35.3136 0 0 
0.00536270484832822129 0.42023 0 81629 24.9271 8.56602 7.4543 0 01 0 0 -0 0 0 0 -0 0 0 0 -0 26.795 56.6515 214.155 1023.11 
0.00536270484832822129 0.475918 0 186121 24.8636 8.56634 7.45457 0 01 0 0 0 0 0 0 0 0 0 0 0 21.9425 55.5712 3.4613 546.543 
0.00536270484832822129 0.595914 0 165019 24.9833 8.57732 7.46416 0 01 0 0 0 0 0 0 0 0 0 0 0 17.563 50.1218 191.661 247.439 
0.00536270484832822129 1.00469 0 185177 24.903 8.55106 7.44122 0 01 0 -0 0 0 0 -0 0 0 0 -0 0 12.919 52.626 73.6365 412.71 
0.00536270484832822129 1.32147 0 345478 24.9648 8.5772 7.46404 0 01 0 0 0 0 0 0 0 0 0 0 0 9.34675 21.3186 0 132.828 
0.00536270484832822129 1.51554 0 262693 24.9211 8.56859 7.45653 0 01 0 0 0 0 0 0 0 0 0 0 0 4.50994 22.6439 0 1.76594 
0.00536270484832822129 1.72047 0 270726 24.975 8.58096 7.46734 0 01 0 0 0 0 0 0 0 0 0 0 0 3.45235 18.954 0 0 
0.00541642707292226602 0.243437 0 218580 24.8244 8.56426 7.45275 0 01 0 0 0 0 0 0 0 0 0 0 0 24.959 51.8644 1157.13 3625.8 
0.00541642707292226602 0.364486 0 63470 24.6264 8.54045 7.43194 0 01 0 0 0 0 0 0 0 0 0 0 0 29.0102 65.479 654.533 1985.58 
0.00541642707292226602 0.416154 0 163317 24.8582 8.56563 7.45393 0 01 0 -0 0 0 0 -0 0 0 0 -0 0 32.5274 78.2367 252.846 711.735 
0.00541642707292226602 0.678703 0 140637 24.8446 8.56147 7.45032 0 01 0 -0 0 0 0 -0 0 0 0 -0 0 36.0522 88.4204 322.251 566.28 
0.00541642707292226602 0.80736 0 197303 24.8468 8.56488 7.45329 0 01 0 0 0 0 0 0 0 0 0 0 0 27.4129 78.1477 66.78 217.452 
0.00541642707292226602 1.0877 0 87460 24.6284 8.53895 7.43063 0 01 0 -0 0 0 0 -0 0 0 0 -0 0 18.4122 61.767 0 25.2412 
0.00541642707292226602 1.09832 0 226925 24.6372 8.54263 7.43385 0 01 0 -0 0 0 0 -0 0 0 0 -0 0 18.4122 61.767 0 25.2412 
0.00541642707292226602 1.11579 0 279622 0.238731 8.80406 7.66225 0 01 0 0 0 0 0 0 0 0 0 0 0 17.844 55.7898 2.07162 8.52155 
0.00541642707292226602 1.44219 0 219251 24.7221 8.55573 7.4453 0 01 0 0 0 0 0 0 0 0 0 0 0 17.4788 56.9103 5.35276 20.6706 
0.00541642707292226602 2.19774 0 344291 24.714 8.5524 7.44239 0 01 0 0 0 0 0 0 0 0 0 0 0 11.0787 35.672 28.5658 71.589 
0.00546991278213350592 0.19478 0 515702 0.111815 10.5975 6.54507 0 190.3031 162.48 62.752 76.6642 0 0 0 0 0 0 0 0 21.8332 47.0715 1500.38 3794.97 
0.00546991278213350592 0.257826 0 77879 24.5368 8.53191 7.42447 0 01 0 0 0 0 0 0 0 0 0 0 0 31.9179 70.0535 1018.93 3087.63 
0.00546991278213350592 0.488668 0 273440 24.4999 8.52779 7.42089 0 01 -0 0 0 0 -0 0 0 0 -0 0 0 33.38 86.2919 166.837 743.598 
0.00546991278213350592 0.523707 0 73656 24.4481 8.52804 7.4211 0 01 0 0 -0 0 0 0 -0 0 0 0 -0 33.2035 83.1113 334.91 910.248 
0.00546991278213350592 0.583743 0 291484 24.5372 8.53171 7.4243 0 01 0 0 0 0 0 0 0 0 0 0 0 28.8379 87.1248 0 351.354 
0.00546991278213350592 0.842741 0 353771 24.5135 8.52862 7.42159 0 01 -0 0 0 0 -0 0 0 0 -0 0 0 29.8982 83.9996 13.1138 363.933 
0.00546991278213350592 1.19271 0 300953 24.441 8.52688 7.42009 0 01 0 0 0 0 0 0 0 0 0 0 0 24.7706 67.3942 29.5556 255.496 
0.00546991278213350592 1.43044 0 264646 24.3668 8.5217 7.41556 0 01 0 0 0 0 0 0 0 0 0 0 0 25.3554 62.0629 88.895 166.61 
0.00546991278213350592 1.70696 0 383924 24.5021 8.52057 7.41458 0 01 0 0 0 0 0 0 0 0 0 0 0 6.90248 37.9178 0 0 
0.00546991278213350592 1.85974 0 350672 24.4671 8.52897 7.42191 0 01 0 0 -0 0 0 0 -0 0 0 0 -0 7.41121 48.4027 0 0 
0.00546991278213350592 3.52851 0 284005 0.112216 10.6942 6.62822 0 87.64421 14.5561 11.9505 85.5968 0 0 0 0 0 0 0 0 0 6.35133 0 0 
0.00546991278213350592 3.65358 0 327342 24.5396 8.52956 7.42241 0 01 0 0 0 0 0 0 0 0 0 0 0 3.61648 3.61648 7.94849 7.94849 
0.00550098596491725191 0.312259 0 118226 0.0957662 8.5103 7.40556 0 01 0 -0 0 0 0 -0 0 0 0 -0 0 19.5564 42.2047 684.602 1232.28 
0.00550098596491725191 0.386114 0 165677 24.2251 8.50612 7.40195 0 01 0 -0 0 0 0 -0 0 0 0 -0 0 23.5561 56.9739 267.806 407.906 
0.00550098596491725191 0.811837 0 187804 24.3237 8.51156 7.40666 0 01 0 0 0 0 0 0 0 0 0 0 0 9.72904 51.7641 0 17.7568 
0.00550098596491725191 0.826517 0 144498 24.3374 8.51514 7.40981 0 01 0 -0 0 0 0 -0 0 0 0 -0 0 12.5471 41.7131 154.821 160.158 
0.00552888077575556212 0.775393 0 232722 24.1491 8.48486 7.38333 0 01 0 0 -0 0 0 0 -0 0 0 0 -0 15.6333 38.2727 15.3577 424.656 
0.00552888077575556212 1.43909 0 361214 24.1206 8.49494 7.39216 0 01 0 -0 0 0 0 -0 0 0 0 -0 0 5.88235 33.5776 0 56.2127 
0.00552888077575556212 3.05681 0 342776 24.1853 8.49757 7.39445 0 01 0 0 0 0 0 0 0 0 0 0 0 0 2.95813 0 0 
0.00559817979682910877 0.417523 0 215725 23.8596 8.47162 7.62446 0 01 -0 0 0 0 -0 0 0 0 -0 0 0 42.3836 102.721 492.406 1809.93 
0.00559817979682910877 0.929239 0 229597 23.781 8.41255 7.57129 0 01 -0 0 0 0 -0 0 0 0 -0 0 0 33.8655 89.4545 162.396 429.722 
0.00559817979682910877 1.04908 0 371033 23.9911 8.476 7.6284 0 01 0 0 0 0 0 0 0 0 0 0 0 34.9361 87.7497 48.5405 169.391 
0.00559817979682910877 1.2807 0 347707 23.91 8.48741 7.38559 0 01 0 0 0 0 0 0 0 0 0 0 0 24.5613 71.1264 20.9788 242.861 
0.00559817979682910877 1.40139 0 272148 23.8146 8.42655 7.5839 0 01 -0 0 0 0 -0 0 0 0 -0 0 0 22.6702 62.3176 0 702.549 
0.00572343455287266812 0.224443 0 77061 23.5 8.29981 7.46983 0 01 0 -0 0 0 0 -0 0 0 0 -0 0 39.4442 80.9356 2573.66 5637.52 
0.00572343455287266812 0.410346 0 74516 23.4024 8.30343 7.47308 0 01 0 0 0 0 0 0 0 0 0 0 0 61.236 128.821 477.407 1820.7 
0.00572343455287266812 0.520271 0 83813 23.7236 8.37007 7.53307 0 01 0 0 0 0 0 0 0 0 0 0 0 54.3293 129.988 841.388 1914.9 
0.00572343455287266812 0.520379 0 96095 23.6268 8.36175 7.52557 0 01 0 -0 0 0 0 -0 0 0 0 -0 0 54.3293 129.988 841.388 1914.9 
0.00572343455287266812 0.81363 0 212127 23.5537 8.31956 7.4876 0 01 0 -0 0 0 0 -0 0 0 0 -0 0 59.8008 160.901 79.7268 595.608 
0.00572343455287266812 0.835698 0 362626 23.6173 8.35613 7.52051 0 01 -0 0 0 0 -0 0 0 0 -0 0 0 38.3801 124.258 170.049 321.837 
0.00572343455287266812 1.01693 0 109592 23.684 8.35283 7.51755 0 01 0 0 -0 0 0 0 -0 0 0 0 -0 35.9082 113.844 260.064 343.287 
0.00572343455287266812 1.43928 0 327371 23.59 8.34008 7.50607 0 01 0 0 0 0 0 0 0 0 0 0 0 44.0637 129.13 5.66824 145.294 
0.00572343455287266812 1.65627 0 284557 23.6294 8.36328 7.52695 0 01 0 0 0 0 0 0 0 0 0 0 0 31.7257 98.6818 5.27223 136.648 
0.00572343455287266812 1.93185 0 251151 23.4299 8.24808 7.42327 0 01 -0 0 0 0 -0 0 0 0 -0 0 0 33.0566 101.357 40.9859 55.7115 
0.00572343455287266812 2.04688 0 376360 23.3435 8.25398 7.42858 0 01 0 0 0 0 0 0 0 0 0 0 0 16.2783 75.1107 0 91.5132 
0.0058089621992482585 0.578138 0 205268 0.34254 10.6531 6.59242 0 52.7911 26.5268 -45.6351 0.810567 0 0 0 0 0 0 0 0 38.1465 114.975 275.558 742.594 
0.00598003655848473436 0.155788 0 419771 0.0839912 8.69417 7.56626 0 01 0 0 0 0 0 0 0 0 0 0 0 42.3238 82.9043 1865.76 4285.53 
0.00614117021537468038 0.358203 0 35366 0.32481 10.5325 6.49142 0 181.1421 134.921 -119.237 -19.7828 0 0 0 0 0 0 0 0 59.7691 135.679 1647.07 3869.05 
0.00614117021537468038 0.567209 0 419786 0.758761 9.8266 5.99931 0 177.3291 -9.98231 -46.3273 -170.879 0 0 -0 0 0 0 -0 0 73.3745 172.36 595.661 1225.45 
0.00647794784877253962 0.219807 0 487681 0.228528 10.0768 6.15472 0 112.7351 -78.145 -2.85053 81.2067 0 0 0 0 0 0 0 0 50.1533 95.0224 3015.51 7092.79 
0.00647794784877253962 0.419923 0 412286 0.335201 10.3838 6.37399 0 37.48821 -1.99294 -17.2567 33.2205 0 -0 0 0 0 -0 0 0 85.4427 181.165 1085.57 2524.68 
0.00647794784877253962 0.98737 0 284405 0 10.2004 6.23917 0 208.1531 177.742 68.925 -83.574 0 0 0 0 0 0 0 0 68.7897 202.151 244.085 1265.7 
0.00723888538997548032 0.262393 0 473176 0.119168 8.9166 7.76048 0 01 0 0 0 0 0 0 0 0 0 0 0 57.1856 107.607 2046.15 5088.52 
0.00723888538997548032 0.49257 0 284133 0 9.8425 6.00856 0 44.83761 -24.8492 1.91318 37.2729 0 -0 0 0 0 -0 0 0 92.9431 202.351 1253.23 2539.88 
0.00723888538997548032 1.3498 0 409037 0 9.95227 6.07475 0 51.33891 51.0365 4.76521 2.87196 0 0 0 0 0 0 0 0 57.4822 158.728 209.951 425.492 
0.00797742881473951365 1.08148 0 412671 0.477327 9.58297 5.86815 0 197.331 88.7321 -147.741 -96.1166 0 0 -0 0 0 0 -0 0 38.679 121.608 131.201 339.02 
0.00816086641269526784 0.485219 0 258075 0.122865 10.6271 6.57002 0 164.4661 -81.3403 -116.104 83.3826 0 -0 0 0 0 -0 0 0 78.2226 188.058 768.678 1812.98 
0.00816086641269526784 2.01747 0 410580 0.360754 9.51163 5.83352 0 142.5751 -54.6451 102.169 -83.0841 0 0 0 0 0 0 0 0 28.3118 95.3987 101.413 151.071 
0.00853649896684867751 0.262514 0 54359 114.829 9.00287 7.83579 0 01 0 0 0 0 0 0 0 0 0 0 0 74.8889 145.417 2393.19 5971.21 
0.00926243276742698927 0.623256 0 418753 3.43763 8.99074 7.82518 0 01 0 0 0 0 0 0 0 0 0 0 0 106.245 252.127 456.819 1754.34 
0.00926243276742698927 1.55533 0 267316 87.188 9.03986 7.86805 0 01 0 0 0 0 0 0 0 0 0 0 0 54.4493 184.884 156.691 179.504 
0.0106539074671222981 1.42623 0 407098 22.1664 8.67249 7.54733 0 01 -0 0 0 0 -0 0 0 0 -0 0 0 89.3307 260.619 22.9899 402.917 
0.0110279475541004562 0.897784 0 400448 0.42884 8.74279 7.60874 0 01 0 0 0 0 0 0 0 0 0 0 0 94.138 283.522 251.243 889.387 
0.0118294272606459302 0.494641 0 416284 0 8.60007 7.48403 0 01 0 0 0 0 0 0 0 0 0 0 0 142.935 290.53 1549.13 3717.21 
0.012293152974981925 2.50873 0 412116 17.3142 8.89602 7.74253 0 01 -0 0 0 0 -0 0 0 0 -0 0 0 51.5366 151.69 57.7375 63.9424 
0.0129085669658803703 1.48168 0 401790 0.0898895 8.47169 7.62452 0 01 0 0 0 0 0 0 0 0 0 0 0 151.81 371.419 77.851 561.49 
6.03772246742347996 0.00993334 1 0 0 6.15297 15.8799 0.686405 0 0 0 0 0 0 0 0 0 0 0 0 0 14.7705 42.474 21.4938 71.1688 
6.32408095087188649 0.0357481 1 0 0 16.8454 16.7531 0.686405 0 0 0 0 0 0 0 0 0 0 0 0 0 27.4083 72.415 47.325 157.039 
7.30972704242397775 0.0285978 1 0 0 19.9253 19.8573 0 0 0 0 0 0 0 0 0 0 0 0 0 0 17.6001 48.7291 46.3808 115.82 
7.31450690390903979 0.023296 1 0 0 20.8263 20.7522 0 0 0 0 0 0 0 0 0 0 0 0 0 0 8.89983 25.9342 40.35 81.7177 
7.33300902532644372 0.0146399 1 0 0 5.03544 22.0696 0 0 0 0 0 0 0 0 0 0 0 0 0 0 13.5129 40.4827 13.1453 56.9157 
7.42093229054642034 0.0212642 1 0 0 24.3737 24.3724 0 0 0 0 0 0 0 0 0 0 0 0 0 0 8.65361 32.5567 48.1594 87.307 
8.78231405042414437 0.0101611 1 0 0 6.29449 31.2432 0 0 0 0 0 0 0 0 0 0 0 0 0 0 2.24696 6.95485 3.24726 10.698 
9.14844050372494699 0.00602955 1 0 0 34.2032 34.1602 0 0 0 0 0 0 0 0 0 0 0 0 0 0 0.508849 1.67158 29.691 29.691 
