#1:time #2:r #3.binary? #4:ID #5:zams_m #6:m_progenitor #7:bh mass #8:bh_spin #9:birth-kick(km/s) #10-25:vsarray
0.00117262671632879854 0.312901 0 48795 148.621 16.7389 14.9404 0 01 0 0 0 0 0 0 0 0 0 0 0 12.2869 34.1195 661.748 1273.61 
0.00117262671632879854 0.361554 1 73525 0 16.6961 14.8994 0 0 1 -0.00105415 -0.00698466 -0.00727045 0 0 0 0 0 0 0 0 11.4964 32.7434 306.859 801.405 
0.00117262671632879854 0.45097 1 62090 0 16.6693 14.8737 0 0 2 0.00432657 -0.0101023 0.00954416 0 0 0 0 0 0 0 0 11.9271 33.6331 709.559 1001.69 
0.00117262671632879854 0.550175 0 61743 148.621 16.739 14.9404 0 01 0 -0 0 0 0 -0 0 0 0 -0 0 11.6137 28.7637 1376.9 1878.98 
0.00117262671632879854 0.67271 0 100504 136.028 16.6146 14.8214 0 01 0 0 0 0 0 0 0 0 0 0 0 17.2608 32.4919 23.7645 499.789 
0.0011774472267509562 0.100192 0 1230 0.27925 16.7369 14.9384 0 01 0 0 0 0 0 0 0 0 0 0 0 1.51332 3.8192 193.472 929.279 
0.0011774472267509562 0.2436 0 40380 0 16.675 14.8792 0 01 -0 0 0 0 -0 0 0 0 -0 0 0 2.76027 8.8341 109.427 747.413 
0.00119153512520705444 0.463892 0 174558 126.594 16.6402 14.8459 0 01 -0 0 0 0 -0 0 0 0 -0 0 0 5.60398 13.5286 400.2 825.356 
0.00119153512520705444 0.729616 0 115717 0 16.754 14.9547 0 01 0 0 0 0 0 0 0 0 0 0 0 6.67209 21.4394 0 0 
0.0012332012805339322 0.052198 1 34242 102.31 13.3943 10.3022 0 0 1 5.64852 -1.61256 4.51017 0 0 0 0 0 0 0 0 7.12428 16.3178 1050.63 2689.16 
0.0012332012805339322 0.168418 0 188351 0.144841 16.1461 14.3744 0 01 0 0 0 0 0 0 0 0 0 0 0 7.12428 16.3178 1050.63 2689.16 
0.0012332012805339322 0.179909 0 34504 0.103365 11.528 7.48407 0 224.6361 207.564 14.8009 -84.6137 0 0 0 0 0 0 0 0 7.12428 16.3178 1050.63 2689.16 
0.0012332012805339322 0.0795801 1 10657 0 15.5309 13.7902 0 0 2 -0.00342458 0.00799633 -0.00719579 0 -0 0 0 0 -0 0 0 7.12428 16.3178 1050.63 2689.16 
0.0012332012805339322 0.447367 0 175727 0.389472 16.3553 14.5739 0 01 0 -0 0 0 0 -0 0 0 0 -0 0 12.5792 29.1557 1027.05 1140.46 
0.0012332012805339322 0.520978 0 111187 103.99 15.5965 13.8524 0 01 -0 0 0 0 -0 0 0 0 -0 0 0 11.3415 29.3435 6.09153 1249.7 
0.0012332012805339322 0.536017 0 64926 104.991 15.766 14.0131 0 01 0 -0 0 0 0 -0 0 0 0 -0 0 18.7663 35.9514 323.94 1680.51 
0.0012332012805339322 0.537325 0 149723 103.931 15.8292 14.0731 0 01 0 0 0 0 0 0 0 0 0 0 0 18.7663 35.9514 323.94 1680.51 
0.0012332012805339322 0.709508 0 48757 103.84 15.8112 14.0561 0 01 0 0 0 0 0 0 0 0 0 0 0 15.0093 30.7931 145.416 809.028 
0.0012332012805339322 0.783928 0 92882 107.222 15.9087 14.1487 0 01 0 -0 0 0 0 -0 0 0 0 -0 0 12.6467 28.4872 245.951 868.689 
0.0012332012805339322 0.821394 1 9424 0 15.4309 13.6955 0 0 1 -0.00599626 -0.000286841 -0.00393072 0 0 0 -0 0 0 0 -0 5.72941 22.0306 1.34454 96.5341 
0.0012332012805339322 0.893366 0 119279 118.641 16.703 14.906 0 01 0 0 0 0 0 0 0 0 0 0 0 7.12375 28.5809 107.674 197.608 
0.0012332012805339322 1.8809 0 178115 104.318 15.6509 13.904 0 01 0 0 0 0 0 0 0 0 0 0 0 1.94933 15.2878 0 20.0195 
0.00127008768023384455 0.16211 0 168168 93.8479 14.8264 13.1248 0 01 0 0 0 0 0 0 0 0 0 0 0 7.14577 14.1106 2199.17 3136.22 
0.00127008768023384455 0.218331 0 61874 0 14.5777 12.7471 0 5.019331 1.66839 4.43498 1.65562 0 0 0 0 0 0 0 0 7.86317 21.1219 1624.21 2488.1 
0.00127008768023384455 0.364381 1 0 0 14.3593 12.2571 0 0 1 -2.70938 2.8726 5.26845 1 -0.31706 -0.933699 8.50363 0 0 0 0 9.37364 28.9415 578.444 1059.43 
0.00127008768023384455 0.419752 0 51333 0.384509 14.9333 13.2255 0 01 -0 0 0 0 -0 0 0 0 -0 0 0 16.6183 33.5565 631.131 1545.02 
0.00127008768023384455 0.958431 0 150155 90.7141 14.5387 12.6583 0 5.497221 3.56298 3.65742 2.03661 0 0 0 0 0 0 0 0 8.57706 19.1078 0 17.3653 
0.00127008768023384455 1.00449 0 136651 90.7845 14.5583 12.7028 0 10.7561 7.36655 2.66253 -7.37135 0 0 0 0 0 0 0 0 11.1902 32.6341 104.352 328.779 
0.00127008768023384455 1.60032 0 159815 87.188 14.1864 11.8817 0 13.47041 5.16963 -5.98322 10.9054 0 0 0 0 0 0 0 0 9.54827 27.2067 40.9187 40.9187 
0.00127008768023384455 1.63757 0 167048 92.1791 14.7232 13.0277 0 01 0 0 0 0 0 0 0 0 0 0 0 10.0493 21.7437 0 3.62364 
0.00130390473045972552 0.402003 0 78203 85.2054 14.0451 11.583 0 18.17621 -7.49354 1.68447 16.4737 0 0 0 0 0 0 0 0 8.50569 21.4887 600.3 793.86 
0.00130390473045972552 0.550381 0 161709 0.365152 14.4873 12.5422 0 9.812641 6.05937 -7.10709 3.01018 0 0 0 0 0 0 0 0 10.3011 27.6851 57.7639 76.1444 
0.00130390473045972552 0.587044 0 147898 86.2269 14.1664 11.8388 0 16.55021 15.3822 4.05604 -4.56574 0 0 0 -0 0 0 0 -0 10.5779 25.8311 472.366 1116.83 
0.00130390473045972552 0.796158 0 122627 80.8837 13.629 10.7462 0 40.37131 32.5 -0.445156 -23.9456 0 0 -0 0 0 0 -0 0 7.96643 25.542 359.209 492.764 
0.00130390473045972552 1.0358 0 115918 78.7712 13.422 10.3536 0 45.33951 -27.8988 2.87519 -35.6239 0 0 0 -0 0 0 0 -0 10.1728 28.617 0 367.889 
0.00130390473045972552 1.80096 0 176205 86.732 14.2734 12.0691 0 3.652921 -0.215945 -3.55416 -0.815594 0 0 -0 0 0 0 -0 0 3.6867 11.0396 0 1.01998 
0.00134003289795812941 0.243188 0 217472 0.391505 13.085 9.74806 0 74.8011 35.877 -5.36199 -65.4162 0 0 0 -0 0 0 0 -0 12.272 28.6987 1147.81 1901.12 
0.00134003289795812941 0.552042 1 0 0 13.013 9.62395 0 0 1 50.0572 -2.24987 -56.143 1 48.1628 0.0480769 -57.9214 0 0 0 0 11.9858 31.5832 99.9515 557.092 
0.00134003289795812941 0.564643 0 102311 75.0149 13.0545 9.69513 0 61.30131 -9.85438 -56.0243 -22.8476 0 -0 0 0 0 -0 0 0 17.0384 34.6533 221.009 574.41 
0.00134003289795812941 0.921191 0 176470 78.0612 13.4307 10.3698 0 24.59431 21.936 -9.46806 5.83502 0 0 -0 0 0 0 -0 0 9.08977 32.7471 101.484 483.994 
0.00134003289795812941 0.945406 0 100809 75.8412 13.0963 9.76764 0 35.67541 34.2001 -2.51229 -9.83768 0 0 0 0 0 0 0 0 12.1893 27.1579 0 827.276 
0.00134003289795812941 1.23054 0 152617 73.6069 12.9013 9.43534 0 46.87611 46.8027 2.5832 -0.445058 0 0 0 0 0 0 0 0 3.66172 19.4929 0 0 
0.00134003289795812941 1.80577 0 42429 77.2398 13.2457 10.0317 0 47.03971 47.0397 -0.0224215 0.000904817 0 0 0 0 0 0 0 0 1.81481 11.057 0 61.3447 
0.00136260340808476107 0.431081 0 24013 0.286071 12.4357 8.69762 0 16.2121 16.2013 -0.393048 -0.439969 0 0 0 -0 0 0 0 -0 6.93842 23.8947 32.2418 99.7744 
0.00136260340808476107 0.608021 0 174664 69.4959 12.4588 8.73238 0 46.25211 -28.9187 10.1226 -34.6482 0 -0 0 0 0 -0 0 0 9.87392 24.6615 175.271 323.754 
0.00136260340808476107 0.939973 0 51259 69.5325 12.4599 8.73401 0 89.23011 -72.1916 -48.4787 20.0051 0 0 -0 0 0 0 -0 0 7.53457 17.8321 36.4151 59.0353 
0.00136260340808476107 1.29751 0 114706 70.8061 12.6521 9.03067 0 45.60561 -30.4982 9.10843 -32.6615 0 0 0 0 0 0 0 0 3.88316 22.0718 0 54.7613 
0.00136260340808476107 1.53635 0 153939 71.4512 12.6284 8.99342 0 115.421 115 -8.6651 -4.6629 0 0 0 0 0 0 0 0 4.68317 12.4982 0 0 
0.00140533015534119324 0.151418 0 11010 0.101762 11.8674 7.90325 0 182.3371 -20.9748 180.713 -12.242 0 -0 0 0 0 -0 0 0 8.78203 20.472 731.121 1166.02 
0.00140533015534119324 0.271568 0 88100 64.7006 11.9431 8.00231 0 66.99291 51.0411 -4.66357 43.1405 0 0 0 0 0 0 0 0 12.7346 33.6758 565.559 1064.51 
0.00140533015534119324 0.339932 0 37142 63.1007 11.7497 7.75317 0 292.5251 87.0371 -1.70811 -279.272 0 0 -0 0 0 0 -0 0 12.6383 30.6637 311.285 1546.9 
0.00140533015534119324 0.620114 0 12700 64.3014 11.8412 7.86935 0 118.8021 -105.812 -53.9889 1.68066 0 0 0 0 0 0 0 0 13.6428 31.0561 607.476 625.413 
0.00140533015534119324 0.699126 0 150382 65.3114 11.9672 8.03425 0 52.19081 28.5335 41.2788 14.3451 0 0 0 0 0 0 0 0 12.4411 28.3162 0 248.785 
0.00140533015534119324 0.74157 0 25684 63.0733 11.7314 7.73029 0 80.1821 -57.7276 13.2937 54.0366 0 -0 0 0 0 -0 0 0 14.8313 39.9649 216.683 408.686 
0.00140533015534119324 0.769525 0 71530 66.0952 12.0383 8.1299 0 85.90491 70.2861 -40.9388 -27.632 0 0 0 -0 0 0 0 -0 12.9866 43.5852 36.5677 291.277 
0.00140533015534119324 0.947632 0 111328 67.4826 12.24 8.4108 0 125.3091 122.553 25.4566 -5.92759 0 0 0 0 0 0 0 0 8.52379 31.3121 69.9426 127.907 
0.00140533015534119324 0.964313 0 121014 67.3249 12.2116 8.37048 0 142.4191 130.026 34.1417 -47.0166 0 0 0 0 0 0 0 0 8.52379 31.3121 69.9426 127.907 
0.00140533015534119324 1.18114 0 177308 63.2174 11.774 7.78373 0 68.46171 -6.50383 45.2171 50.9914 0 -0 0 0 0 -0 0 0 8.27298 36.6548 0 0 
0.00140533015534119324 1.35609 0 166865 62.8942 11.6904 7.67948 0 19.63171 10.4095 14.0363 -8.94589 0 0 0 0 0 0 0 0 6.79572 17.6582 0 37.6267 
0.00140533015534119324 2.86383 0 196871 67.4387 12.2362 8.40546 0 97.83521 89.0402 -1.43095 40.5159 0 0 -0 0 0 0 -0 0 2.77882 11.3544 0 0 
0.00145334044845343673 0.313948 0 110778 61.5212 11.4843 7.43302 0 182.0791 18.6535 161.216 82.5489 0 0 0 0 0 0 0 0 13.9474 31.5493 33.9804 651.799 
0.00145334044845343673 0.660315 0 184514 59.5604 11.6233 7.59751 0 66.07161 57.2265 25.789 -20.628 0 0 0 0 0 0 0 0 18.7036 45.4244 261.885 481.615 
0.00145334044845343673 0.730741 0 52253 57.7001 11.1586 7.07445 0 198.7881 -194.038 43.1767 -1.30622 0 0 0 0 0 0 0 0 10.3041 26.4767 113.723 299.029 
0.00145334044845343673 0.770985 0 85265 58.7173 11.4047 7.34198 0 55.87351 4.77887 -51.2093 -21.8316 0 0 0 0 0 0 0 0 14.4787 35.8291 8.45139 36.1573 
0.00145334044845343673 0.816539 0 25991 61.3019 12.129 8.25443 0 190.6751 -121.133 -56.5037 135.982 0 0 -0 0 0 0 -0 0 8.9333 27.6235 102.856 373.692 
0.00145334044845343673 0.870994 0 197790 61.1754 12.0673 8.16942 0 82.6031 -52.1765 -63.9529 -3.30268 0 0 0 -0 0 0 0 -0 8.65843 21.6109 0 348.24 
0.00145334044845343673 0.904259 0 147276 58.7407 11.4159 7.35461 0 125.9351 -120.521 1.40714 36.5005 0 -0 0 0 0 -0 0 0 14.2635 28.5363 139.236 375.223 
0.00145334044845343673 0.906205 0 107024 60.5044 11.8802 7.91984 0 43.15321 25.2332 -34.9943 -0.940451 0 0 0 0 0 0 0 0 7.34203 27.5584 4.37202 450.064 
0.00145334044845343673 1.04615 0 95702 60.5667 11.8968 7.94145 0 100.771 90.2654 -4.74487 -44.5444 0 0 -0 0 0 0 -0 0 9.37881 35.4599 0 321.976 
0.00145334044845343673 1.21682 0 181303 61.4273 12.148 8.28086 0 99.32161 -96.3964 3.6344 23.6498 0 -0 0 0 0 -0 0 0 14.6329 26.791 0 19.1524 
0.00145334044845343673 1.27597 0 164435 61.1483 12.0672 8.16924 0 63.96331 -26.8404 32.3131 -48.2365 0 -0 0 0 0 -0 0 0 6.32709 26.5142 18.6404 18.6404 
0.00145334044845343673 1.48901 0 176147 59.5084 11.6061 7.57681 0 55.52691 -54.0909 -12.4041 1.88528 0 0 -0 0 0 0 -0 0 7.58558 13.6381 0 167.625 
0.00145334044845343673 2.34672 0 156600 59.8262 11.6985 7.68945 0 69.00451 60.4152 24.0812 -23.0589 0 0 0 0 0 0 0 0 4.76994 16.4455 0 4.81216 
0.00149358209890878483 0.209051 1 0 0 10.7427 6.67127 0 0 1 -30.7865 3.77692 4.54695 1 -30.5385 4.7106 5.43552 0 0 0 0 10.4008 28.1803 887.205 1018.63 
0.00149358209890878483 0.242747 1 0 0 10.6825 6.61796 0 0 1 305.9 38.0197 -54.1513 1 305.721 34.1995 -57.8294 0 0 0 -0 10.4008 28.1803 887.205 1018.63 
0.00149358209890878483 0.329309 1 0 0 11.1009 7.01491 0 0 1 87.0694 0.268708 -0.0939235 1 87.0717 -5.26537 -1.34172 0 0 0 -0 15.5499 33.3811 1730.94 2012.42 
0.00149358209890878483 0.482739 0 58352 55.3119 10.9972 6.91071 0 151.951 -65.9282 -48.5813 -127.993 0 0 0 0 0 0 0 0 13.6907 32.8048 222.28 970.444 
0.00149358209890878483 0.592636 0 134142 56.2477 11.254 7.17564 0 173.1261 -109.839 124.885 -48.0798 0 -0 0 0 0 -0 0 0 10.829 31.2946 0 348.063 
0.00149358209890878483 0.723415 0 179664 56.8427 10.9283 6.84369 0 132.5061 -131.965 -9.87368 6.75308 0 0 -0 0 0 0 -0 0 10.0668 28.6907 23.1769 235.632 
0.00149358209890878483 1.30275 0 128897 55.4251 11.0244 6.9377 0 187.4831 177.41 58.0811 17.3896 0 0 0 0 0 0 0 0 2.63671 23.5536 0 0 
0.00154336627620811281 0.262372 1 0 0 10.6592 6.59766 0 0 1 -41.913 59.2503 -104.136 1 -37.9896 62.3624 -103.934 0 0 0 -0 12.6919 29.5 757.387 1201.84 
0.00154336627620811281 0.266075 1 56191 51.4257 8.94729 7.78733 0 0 1 -0.743244 1.05984 -0.0684091 0 0 0 0 0 0 0 0 12.6919 29.5 757.387 1201.84 
0.00154336627620811281 0.396002 0 44453 51.9633 10.6072 6.5532 0 124.9371 -124.064 -1.63388 -14.6575 0 0 0 0 0 0 0 0 12.9966 34.134 425.713 728.803 
0.00154336627620811281 0.449388 0 111644 52.5187 10.6524 6.59179 0 51.9351 8.07689 -25.6663 -44.4213 0 0 0 0 0 0 0 0 15.5304 34.5868 146.874 627.563 
0.00154336627620811281 0.511726 0 75494 52.6861 10.6896 6.62421 0 54.85421 -48.2165 -19.7764 17.1188 0 -0 0 0 0 -0 0 0 18.0684 39.1495 456.168 727.872 
0.00154336627620811281 0.511802 0 89578 49.7995 10.6375 6.57896 0 132.3141 114.767 48.3517 -44.6938 0 0 0 -0 0 0 0 -0 18.0684 39.1495 456.168 727.872 
0.00154336627620811281 0.540187 0 54190 49.2892 10.6611 6.59928 0 203.3371 32.72 104.358 171.419 0 0 0 0 0 0 0 0 21.4664 45.0822 57.4123 560.218 
0.00154336627620811281 0.546571 0 27716 51.6437 10.6294 6.57202 0 101.251 89.8161 -42.4796 19.4991 0 0 0 0 0 0 0 0 21.4664 45.0822 57.4123 560.218 
0.00154336627620811281 0.665718 0 74245 51.1709 10.644 6.5845 0 150.3351 85.9118 87.4299 87.0389 0 0 0 0 0 0 0 0 14.1952 37.8384 270.182 662.603 
0.00154336627620811281 0.744083 0 154047 51.7776 10.6288 6.57145 0 174.9661 -88.8164 15.7725 -149.92 0 0 0 0 0 0 0 0 11.9339 28.3161 13.1577 131.927 
0.00154336627620811281 1.03269 1 165646 52.3922 9.00628 7.83895 0 0 1 0.153789 -2.50284 0.206776 0 0 0 0 0 0 0 0 12.2345 38.6996 300.225 484.75 
0.00154336627620811281 1.12904 0 161343 0 10.6434 6.58401 0 87.93641 17.5242 -85.5164 10.6139 0 0 0 0 0 0 0 0 10.1304 30.2892 0 297.44 
0.00154336627620811281 1.44396 0 185627 50.0487 10.6326 6.57476 0 213.9011 166.58 -31.6262 130.402 0 0 0 0 0 0 0 0 10.3034 23.5243 0 3.07542 
0.00154336627620811281 1.59053 0 183715 49.3078 10.662 6.60006 0 116.9151 116.477 7.21417 -7.08273 0 0 0 0 0 0 0 0 6.32231 33.1923 0 0 
0.00154336627620811281 1.76935 0 194166 51.865 10.6164 6.56097 0 215.4281 -130.972 -25.5742 169.12 0 0 0 0 0 0 0 0 8.90641 19.6555 1.12095 1.12095 
0.00156885240298268881 0.306175 0 27316 48.1001 10.6555 6.5945 0 88.68051 -53.6118 -44.1522 55.1415 0 0 0 0 0 0 0 0 10.7696 26.2916 217.513 608.219 
0.00156885240298268881 0.440668 0 116262 49.0266 10.683 6.61839 0 197.3091 -51.6135 189.965 13.433 0 -0 0 0 0 -0 0 0 8.52411 21.9248 183.667 272.503 
0.00156885240298268881 0.573883 0 62226 48.302 10.6794 6.61523 0 104.9931 -60.5049 -4.51201 -85.6879 0 0 0 -0 0 0 0 -0 9.6096 27.0633 194.535 619.174 
0.00156885240298268881 0.824003 0 162029 49.042 10.6965 6.63019 0 224.9581 196.139 21.2706 -108.09 0 0 0 0 0 0 0 0 11.5627 25.6271 74.1976 181.359 
0.00156885240298268881 0.965415 0 164882 0.139175 10.8847 6.80204 0 320.5361 -210.438 110.353 -215.132 0 0 0 -0 0 0 0 -0 7.75847 20.3609 25.9139 157.752 
0.00156885240298268881 1.00682 0 99846 48.7235 10.7382 6.66721 0 125.7651 0.404292 59.325 -110.893 0 0 0 0 0 0 0 0 6.90821 16.8002 54.6373 148.855 
0.00156885240298268881 2.11548 0 157557 48.6908 10.7319 6.6616 0 118.2081 -113.145 15.211 30.6589 0 0 0 0 0 0 0 0 2.04656 8.32631 0 0 
0.00156885240298268881 2.55687 0 183290 48.3797 10.6911 6.62553 0 168.8331 35.9101 -109.66 -123.247 0 0 -0 0 0 0 -0 0 0 7.69582 0 0 
0.00157463686608397529 0.206127 0 45741 47.4805 10.6691 6.60625 0 117.6561 104.216 -46.2874 -28.9727 0 0 0 0 0 0 0 0 1.5411 5.12992 0 382.906 
0.00161271752463705282 0.273876 0 85683 44.9658 10.5262 6.48632 0 114.9361 -113.165 -14.6293 -13.7824 0 0 0 0 0 0 0 0 13.1964 31.9318 1313.01 2208.55 
0.00161271752463705282 0.274042 1 0 0 10.5811 6.53145 0 0 1 -22.329 -53.3672 19.2659 1 -25.4743 -50.3106 24.0606 0 -0 0 0 13.1964 31.9318 1313.01 2208.55 
0.00161271752463705282 0.415819 0 57888 0.550628 10.8408 6.76087 0 76.80431 76.4161 7.5562 1.54125 0 0 0 0 0 0 0 0 15.0109 32.9881 381.035 1004.71 
0.00161271752463705282 0.437786 0 55710 46.9203 10.601 6.548 0 142.3011 -65.5374 17.2752 125.123 0 0 0 0 0 0 0 0 15.0109 32.9881 381.035 1004.71 
0.00161271752463705282 0.492069 0 65477 45.4948 10.5805 6.53093 0 118.0031 -76.741 -10.3381 89.0433 0 0 0 0 0 0 0 0 10.4682 28.934 0 676.628 
0.00161271752463705282 0.590767 0 144755 46.2284 10.5169 6.47877 0 72.78011 -33.9781 46.3511 44.6542 0 0 0 0 0 0 0 0 12.4267 30.123 0 553.395 
0.00161271752463705282 0.655656 0 60170 45.2368 10.5495 6.50537 0 125.0791 81.0303 84.0171 44.9433 0 0 0 0 0 0 0 0 15.8538 31.7125 5.67175 64.1022 
0.00161271752463705282 0.754392 0 58596 45.3218 10.5594 6.51344 0 212.91 -112.838 39.4614 176.172 0 -0 0 0 0 -0 0 0 12.919 37.9564 0 244.616 
0.00161271752463705282 0.85559 0 63181 45.5723 10.5913 6.53992 0 161.6041 -81.3787 126.526 59.0289 0 0 0 0 0 0 0 0 8.58137 28.3378 0 127.699 
0.00161271752463705282 0.90943 0 37829 45.571 10.5918 6.54036 0 153.581 -63.3682 -84.0581 111.829 0 0 -0 0 0 0 -0 0 7.30732 30.2233 3.92832 37.3458 
0.00161271752463705282 1.08309 0 177060 46.786 10.5851 6.5348 0 174.8481 -98.9116 111.619 91.2664 0 0 0 0 0 0 0 0 8.53154 26.6712 0 41.3624 
0.00161271752463705282 1.70054 0 139943 46.444 10.5559 6.5106 0 123.8211 -40.0523 -114.39 25.3442 0 0 -0 0 0 0 -0 0 3.30303 13.2934 0 0 
0.00161271752463705282 1.70659 0 146828 45.4911 10.579 6.52972 0 218.7061 -23.4031 -172.041 -132.992 0 0 0 0 0 0 0 0 3.5108 15.7047 0 0 
0.00161271752463705282 3.23349 0 194155 45.6927 10.6239 6.56733 0 126.9821 -83.0891 -14.6198 -94.905 0 0 0 -0 0 0 0 -0 0 0 0 0 
0.00165379709704911899 0.347956 0 35366 43.6827 10.3462 6.34543 0 207.4581 176.174 -26.1541 106.382 0 0 0 0 0 0 0 0 16.6744 33.6828 873.149 1130.97 
0.00165379709704911899 0.399554 0 83883 43.4998 10.4947 6.46092 0 193.4071 147.347 -60.8842 109.491 0 0 0 0 0 0 0 0 12.4577 32.6576 582.602 874.872 
0.00165379709704911899 0.402062 0 141955 43.841 10.3653 6.35989 0 114.821 -105.711 -22.0575 -39.0173 0 -0 0 0 0 -0 0 0 12.4577 32.6576 582.602 874.872 
0.00165379709704911899 0.510143 0 68583 43.541 10.5 6.46511 0 155.5381 -146.607 -3.2609 51.8426 0 0 0 0 0 0 0 0 10.5659 35.7045 6.75838 852.529 
0.00165379709704911899 0.513962 0 131772 42.8596 10.4024 6.38828 0 129.7591 127.934 -19.0087 10.4275 0 0 0 0 0 0 0 0 10.5659 35.7045 6.75838 852.529 
0.00165379709704911899 0.694969 0 120626 44.1948 10.4093 6.39358 0 138.081 -34.8275 27.9957 130.649 0 -0 0 0 0 -0 0 0 9.64755 29.5608 44.6653 103.515 
0.00165379709704911899 0.969518 0 25648 43.9216 10.3754 6.36755 0 161.8491 -21.0553 57.1663 -149.946 0 0 0 0 0 0 0 0 8.75973 23.3905 275.049 369.333 
0.00165379709704911899 1.04254 0 85753 43.43 10.4719 6.4427 0 66.4191 50.527 0.879557 -43.1013 0 0 0 0 0 0 0 0 10.3905 34.2791 0 131.908 
0.00165379709704911899 1.5989 0 150523 43.4831 10.4952 6.46128 0 270.8341 -265.979 40.7322 30.7812 0 0 0 0 0 0 0 0 1.62243 14.428 0 0 
0.00165379709704911899 1.74705 0 94719 43.369 10.4643 6.43665 0 181.7281 -178.392 -32.9243 10.8321 0 0 -0 0 0 0 -0 0 6.99461 15.7122 0 44.692 
0.00171401535478949742 0.22918 1 0 43.6574 8.00395 2.28186 0 0 1 37.4955 72.1076 106.906 1 -1.19537 4.53612 -26.0202 0 0 0 -0 11.8119 29.8365 285.672 797.713 
0.00171401535478949742 0.307363 0 22499 40.4457 10.1748 6.22126 0 303.251 16.2621 -73.878 293.664 0 0 0 0 0 0 0 0 16.4605 40.3614 165.642 665.946 
0.00171401535478949742 0.393779 0 4347 41.5373 10.2139 6.24872 0 173.1031 -53.9781 -147.593 72.5775 0 0 0 0 0 0 0 0 15.9216 41.4307 65.6027 737.931 
0.00171401535478949742 0.526452 0 278259 0.551081 10.2493 6.27408 0 230.2451 -148.512 -171.922 -37.4137 0 0 0 -0 0 0 0 -0 20.1416 47.1381 354.446 1047.68 
0.00171401535478949742 0.72337 0 78974 41.3222 10.175 6.22142 0 30.33621 -9.20432 3.38013 -28.7078 0 0 0 0 0 0 0 0 17.8889 43.6087 35.2203 324.956 
0.00171401535478949742 0.880839 0 122995 40.6661 10.2078 6.24444 0 169.4451 -6.70704 167.668 -23.5382 0 0 0 -0 0 0 0 -0 16.4863 35.5887 9.2263 359.6 
0.00171401535478949742 0.88429 0 111014 41.6225 10.2235 6.25557 0 29.32371 -27.988 6.13266 -6.24053 0 0 0 -0 0 0 0 -0 15.2438 36.7126 126.629 509.684 
0.00171401535478949742 1.15351 0 5284 40.5322 10.1888 6.23105 0 225.1041 -70.9959 34.9102 -210.743 0 -0 0 0 0 -0 0 0 12.5811 33.2064 0 199.108 
0.00171401535478949742 1.21152 0 51605 40.827 10.2364 6.26474 0 152.991 -124.526 -88.6707 -6.04937 0 0 0 -0 0 0 0 -0 8.57188 30.5889 0 82.2077 
0.00171401535478949742 1.58651 0 189256 40.4504 10.1772 6.22296 0 141.791 141.774 1.11674 -1.81624 0 0 0 -0 0 0 0 -0 11.2818 28.9856 0 100.917 
0.00171401535478949742 1.98271 0 170070 42.6563 10.3641 6.35892 0 284.5331 181.651 -162.707 146.588 0 0 0 0 0 0 0 0 6.12336 14.1201 41.8838 41.8838 
0.00171401535478949742 2.30333 0 82477 40.9632 10.2542 6.27757 0 220.2951 119.991 153.563 102.715 0 0 0 0 0 0 0 0 6.66798 22.3715 0 177.85 
0.00171401535478949742 2.65809 0 121054 41.5427 10.216 6.25023 0 124.9591 124.957 0.467567 0.511424 0 0 0 0 0 0 0 0 5.09491 7.72415 0 209.13 
0.00171401535478949742 3.37308 0 197910 42.2259 10.3207 6.32631 0 170.1281 -169.972 0.938965 7.21436 0 -0 0 0 0 -0 0 0 3.25483 14.0832 0 0 
0.00171999815318646518 0.380403 0 195207 39.8973 10.0911 6.16425 0 34.81531 -32.5386 -12.348 0.93438 0 0 0 0 0 0 0 0 0.76451 2.66919 0 0 
0.00177177402950054724 0.152681 0 70798 38.6921 10.0557 6.14081 0 105.8841 -67.5986 81.2243 6.66796 0 0 0 0 0 0 0 0 9.39735 23.6091 243.712 1635.6 
0.00177177402950054724 0.290142 0 79197 38.3837 10.0022 6.10619 0 104.0931 -94.164 5.46584 -44.0301 0 0 0 0 0 0 0 0 15.7537 33.1515 132.266 636.389 
0.00177177402950054724 0.36716 0 7823 39.3151 10.1492 6.20356 0 120.1661 -101.62 22.7124 59.9782 0 -0 0 0 0 -0 0 0 12.8406 37.8617 156.713 920.127 
0.00177177402950054724 0.422856 0 50618 39.3718 10.1555 6.20793 0 113.6881 -105.912 -26.8361 31.425 0 0 0 0 0 0 0 0 18.9163 44.4689 63.5401 684.258 
0.00177177402950054724 0.655883 0 36465 39.0862 10.1278 6.18894 0 7.332151 -3.1533 4.59531 -4.76448 0 0 0 -0 0 0 0 -0 19.4296 41.4242 292.419 930.81 
0.00177177402950054724 0.982606 0 185827 39.6373 10.0556 6.1407 0 143.2421 -50.2676 -60.8228 -119.549 0 0 0 -0 0 0 0 -0 10.8342 24.6646 0 19.5225 
0.00177177402950054724 1.03353 0 191234 39.5368 10.0462 6.13458 0 150.2871 132.021 -71.8106 -0.0312839 0 0 0 0 0 0 0 0 15.3053 28.4923 202.745 336.159 
0.00177177402950054724 1.38944 0 170525 38.7956 10.073 6.15218 0 132.021 37.1503 122.396 32.6857 0 0 0 0 0 0 0 0 5.64314 22.4536 0 88.1549 
0.00177177402950054724 1.52033 0 159247 38.304 9.99201 6.0997 0 152.3871 131.605 8.80694 -76.3185 0 0 0 0 0 0 0 0 9.0291 19.6407 4.64387 160.713 
0.00177177402950054724 2.4395 0 167586 38.5806 10.0399 6.1305 0 100.4561 -6.08488 97.9407 21.4932 0 0 0 0 0 0 0 0 7.17242 21.6386 0 0 
0.00182329587249309769 0.200016 1 0 0 9.84061 6.00746 0 0 1 174.934 -73.1592 47.8068 1 175.021 -72.3504 48.7222 0 0 0 0 7.85728 19.9605 371.426 1021.19 
0.00182329587249309769 0.326872 0 32995 37.0429 9.86214 6.02011 0 70.37531 69.7336 8.90709 3.2506 0 0 0 0 0 0 0 0 13.8355 34.9621 101.024 1032.69 
0.00182329587249309769 0.490377 0 36799 37.7695 9.90518 6.04586 0 219.71 -25.6447 209.767 60.0703 0 0 0 0 0 0 0 0 13.6621 32.137 0 927.561 
0.00182329587249309769 0.504923 0 58537 36.8577 9.83287 6.00295 0 67.90031 67.011 -3.84937 -10.2547 0 0 0 0 0 0 0 0 12.3136 34.2032 190.219 448.283 
0.00182329587249309769 0.770627 0 162583 37.01 9.8547 6.01572 0 97.99251 -33.9926 -56.0174 -72.8635 0 0 0 -0 0 0 0 -0 18.5779 37.968 18.401 529.154 
0.00182329587249309769 0.879145 0 87721 37.6852 9.89572 6.04014 0 121.9781 -101.675 29.9393 -60.3694 0 0 0 -0 0 0 0 -0 7.02641 33.3898 67.7023 67.7023 
0.00182329587249309769 0.882504 0 62469 36.8054 9.8241 5.99786 0 229.9171 126.68 174.204 80.417 0 0 0 0 0 0 0 0 7.02641 33.3898 67.7023 67.7023 
0.00182329587249309769 0.884886 0 144496 36.8656 9.83365 6.0034 0 192.581 189.324 30.5816 17.5578 0 0 0 0 0 0 0 0 7.02641 33.3898 67.7023 67.7023 
0.00182329587249309769 0.944344 0 149543 36.7563 9.81714 5.99385 0 260.1311 -214.076 140.444 -45.9866 0 0 0 0 0 0 0 0 11.1809 30.736 75.5897 209.815 
0.00182329587249309769 1.13152 0 169315 36.9321 9.8407 6.00751 0 272.0381 -255.433 -39.1303 85.0129 0 0 -0 0 0 0 -0 0 4.48746 26.8996 0 0 
0.00182329587249309769 1.28515 0 143944 36.4785 9.77526 5.97002 0 182.6071 83.4125 119.035 110.537 0 0 0 0 0 0 0 0 3.82352 22.8683 152.671 152.671 
0.00182329587249309769 1.50576 0 159486 37.6837 9.89447 6.0394 0 151.9791 84.1843 112.579 -57.764 0 0 0 0 0 0 0 0 9.04144 31.6241 110.925 205.42 
0.0018271497064577891 0.317012 0 198841 35.9894 9.79637 5.98195 0 73.54241 -19.2727 -67.4643 22.0366 0 0 0 0 0 0 0 0 2.99814 6.30772 0 108.759 
0.00183139816077562256 0.382384 0 52396 35.881 9.78088 5.97318 0 125.5581 115.813 33.1141 35.4369 0 0 0 0 0 0 0 0 2.71483 8.9776 0 157.562 
0.00183139816077562256 0.686669 0 128347 35.8955 9.7889 5.97771 0 281.7181 43.4803 19.5886 -277.653 0 0 0 0 0 0 0 0 0.673093 5.46802 0 2.25569 
0.00183139816077562256 0.722914 0 8274 35.9089 9.78792 5.97716 0 244.5541 -42.1027 -240.834 -5.76634 0 0 0 0 0 0 0 0 1.45458 5.07828 0 17.4994 
0.00189942772498585669 0.264312 0 43247 34.425 9.62423 5.88896 0 51.19231 -44.9151 -10.0315 22.42 0 0 -0 0 0 0 -0 0 15.4402 34.4549 298.136 1149.22 
0.00189942772498585669 0.364778 0 165929 34.8882 9.70103 5.92922 0 215.9751 -172.671 -129.494 -7.83708 0 -0 0 0 0 -0 0 0 19.0124 47.5437 337.909 1113.84 
0.00189942772498585669 0.371446 0 38744 34.4193 9.62283 5.88825 0 215.8031 198.857 74.36 -38.6992 0 0 0 0 0 0 0 0 19.0124 47.5437 337.909 1113.84 
0.00189942772498585669 0.433518 0 102873 35.6821 9.74297 5.95205 0 92.37131 -80.551 38.3334 -23.9694 0 0 0 0 0 0 0 0 23.378 50.07 412.515 850.299 
0.00189942772498585669 0.548371 0 57393 35.2741 9.68817 5.92235 0 147.5781 -146.472 6.08783 -16.9787 0 0 0 0 0 0 0 0 20.0273 50.3807 221.004 576.573 
0.00189942772498585669 0.741002 0 90793 35.7125 9.74638 5.95393 0 225.1531 221.303 -12.5671 -39.5078 0 0 -0 0 0 0 -0 0 20.5098 52.6481 176.758 508.137 
0.00189942772498585669 1.04635 0 71669 34.3464 9.61018 5.88181 0 239.9451 -201.772 -123.031 -41.5365 0 0 0 -0 0 0 0 -0 12.3237 43.2622 0 192.367 
0.00189942772498585669 1.17889 0 87366 35.2759 9.68731 5.92189 0 176.0741 136.596 38.7815 -104.114 0 0 0 -0 0 0 0 -0 10.5398 36.1997 0 69.1767 
0.00189942772498585669 2.1823 0 186579 35.8192 9.76031 5.96165 0 159.0721 142.897 44.8799 -53.5735 0 0 0 0 0 0 0 0 8.52619 17.0585 0 29.3728 
0.00189942772498585669 2.51608 0 196116 35.192 9.66023 5.90759 0 211.161 -210.088 -16.6777 -13.1757 0 -0 0 0 0 -0 0 0 2.44769 19.3361 0 117.293 
0.00189942772498585669 2.63316 0 191220 35.2742 9.68811 5.92231 0 232.591 203.086 -100.734 52.0303 0 0 0 0 0 0 0 0 10.298 28.9326 0 111.973 
0.00189942772498585669 2.77705 0 137507 34.7929 9.68807 5.92229 0 82.16311 -66.9829 37.2223 -29.6406 0 0 0 0 0 0 0 0 10.298 28.9326 0 111.973 
0.00197603479795714632 0.369009 0 41308 32.768 9.45692 8.23153 0 01 0 0 0 0 0 0 0 0 0 0 0 17.7388 49.8908 116.919 972.03 
0.00197603479795714632 0.548873 0 30052 32.4488 9.39448 8.17716 0 01 0 0 0 0 0 0 0 0 0 0 0 20.595 52.0679 485.268 1196.72 
0.00197603479795714632 0.642034 0 17420 33.4215 9.57712 5.86525 0 86.9971 24.0743 73.0265 -40.6944 0 0 0 0 0 0 0 0 18.4473 49.0096 123.528 421.691 
0.00197603479795714632 0.772592 0 107151 32.3059 9.36955 8.15545 0 01 0 0 0 0 0 0 0 0 0 0 0 10.9929 45.3847 22.8043 28.2468 
0.00197603479795714632 0.895213 0 138555 33.057 9.5065 8.27467 0 01 0 0 0 0 0 0 0 0 0 0 0 18.5574 42.4518 209.67 587.521 
0.00197603479795714632 0.905183 0 121925 32.1195 9.34968 8.13814 0 01 0 0 0 0 0 0 0 0 0 0 0 17.366 42.9232 15.3248 30.7032 
0.00197603479795714632 1.22374 0 176355 32.2815 9.36591 8.15228 0 01 0 0 -0 0 0 0 -0 0 0 0 -0 14.9158 34.8526 1.49191 6.30743 
0.00197603479795714632 1.43586 0 140577 33.135 9.52897 5.84178 0 56.02841 -45.349 -7.14475 -32.1186 0 0 -0 0 0 0 -0 0 12.7417 34.0307 93.0026 174.954 
0.00197603479795714632 1.75066 0 149405 33.1739 9.5385 5.84637 0 68.80611 -30.6433 4.95158 -61.4064 0 0 0 -0 0 0 0 -0 8.8629 17.7318 118.5 118.5 
0.00197603479795714632 2.28865 0 195542 33.3682 9.57013 5.86179 0 56.20141 56.1563 1.19258 -1.90917 0 0 0 0 0 0 0 0 4.60533 11.3994 0 30.8493 
0.00204481452824127174 0.152906 0 66897 31.2341 9.27722 8.07501 0 01 0 0 0 0 0 0 0 0 0 0 0 10.7219 25.3433 505.755 1380.14 
0.00204481452824127174 0.226626 0 26774 30.6602 9.26505 8.0644 0 01 0 0 0 0 0 0 0 0 0 0 0 17.5364 37.043 604.544 1555.21 
0.00204481452824127174 0.351861 0 69754 30.7762 9.19889 8.00674 0 01 0 0 0 0 0 0 0 0 0 0 0 20.5777 54.8175 278.142 1119.45 
0.00204481452824127174 0.410425 0 30458 30.8936 9.21351 8.01948 0 01 0 0 0 0 0 0 0 0 0 0 0 23.2038 47.4579 32.6523 776.299 
0.00204481452824127174 0.451671 0 52314 30.7935 9.20101 8.00858 0 01 0 0 0 0 0 0 0 0 0 0 0 18.7376 49.4675 668.054 916.106 
0.00204481452824127174 0.475567 0 34930 31.0161 9.23812 8.04093 0 01 0 0 0 0 0 0 0 0 0 0 0 17.4957 43.9399 92.6957 453.753 
0.00204481452824127174 0.486135 0 55686 31.4713 9.32685 8.11825 0 01 0 0 0 0 0 0 0 0 0 0 0 17.4503 48.2963 425.796 564.916 
0.00204481452824127174 0.559507 0 109173 31.5459 9.33791 8.12788 0 01 0 0 0 0 0 0 0 0 0 0 0 19.3731 50.0482 277.763 444.07 
0.00204481452824127174 0.616383 1 204434 46.176 10.2851 6.30003 0 0 2 49.0547 -59.8381 49.6305 0 0 -0 0 0 0 -0 0 19.6861 49.195 305.689 747.769 
0.00204481452824127174 0.771475 0 67849 31.2414 9.28011 8.07752 0 01 0 0 0 0 0 0 0 0 0 0 0 14.4509 40.9888 0 12.3692 
0.00204481452824127174 0.870058 0 194863 31.5906 9.34612 8.13504 0 01 0 0 0 0 0 0 0 0 0 0 0 12.0044 49.9457 19.2761 175.674 
0.00204481452824127174 0.893149 0 15422 0 9.20556 8.01255 0 01 0 0 0 0 0 0 0 0 0 0 0 15.0657 40.8365 211.802 443.283 
0.00204481452824127174 1.05191 0 59481 30.6952 9.27853 8.07615 0 01 0 0 0 0 0 0 0 0 0 0 0 13.8054 36.2536 4.86006 117.022 
0.00204481452824127174 1.05478 0 139792 31.9889 9.41935 8.19881 0 01 0 0 0 0 0 0 0 0 0 0 0 13.8054 36.2536 4.86006 117.022 
0.00204481452824127174 1.43722 0 154920 31.2574 9.28068 8.07802 0 01 0 0 0 0 0 0 0 0 0 0 0 7.12292 29.9976 0 16.1881 
0.00204481452824127174 1.54832 0 169885 30.6318 9.26096 8.06084 0 01 0 0 0 0 0 0 0 0 0 0 0 13.8326 36.7725 0 13.8571 
0.00204481452824127174 1.57766 0 177987 30.7625 9.20079 8.00839 0 01 0 0 0 0 0 0 0 0 0 0 0 9.43602 36.4079 0 220.221 
0.00204481452824127174 1.60628 0 194475 30.6804 9.27015 8.06884 0 01 0 -0 0 0 0 -0 0 0 0 -0 0 9.43602 36.4079 0 220.221 
0.00204481452824127174 1.91119 0 79775 30.7969 9.20548 8.01248 0 01 0 0 0 0 0 0 0 0 0 0 0 11.7538 31.4189 8.23851 8.23851 
0.00204481452824127174 2.53956 0 184947 31.2345 9.27752 8.07527 0 01 0 0 0 0 0 0 0 0 0 0 0 7.51234 12.5138 8.77096 44.3107 
0.0022676819099958145 0.134188 0 23097 28.6906 8.99249 7.82672 0 01 0 0 -0 0 0 0 -0 0 0 0 -0 25.1155 51.7808 1335.64 3051.05 
0.0022676819099958145 0.249755 0 41160 28.0132 8.95091 7.79044 0 01 0 0 0 0 0 0 0 0 0 0 0 31.2412 71.8402 921.718 1700.73 
0.0022676819099958145 0.250885 0 81542 27.2419 8.83378 7.6882 0 01 0 0 0 0 0 0 0 0 0 0 0 31.2412 71.8402 921.718 1700.73 
0.0022676819099958145 0.342877 0 29137 28.8047 9.01849 7.84941 0 01 0 0 0 0 0 0 0 0 0 0 0 40.6866 88.4987 1208.86 2603.9 
0.0022676819099958145 0.340774 1 71493 0 9.18335 7.99319 0 0 2 0.0241142 -0.00538025 0.0169016 0 0 0 0 0 0 0 0 40.6866 88.4987 1208.86 2603.9 
0.0022676819099958145 0.358115 0 27397 30.0313 9.1404 7.95575 0 01 -0 0 0 0 -0 0 0 0 -0 0 0 45.4438 100.403 1282.77 2323.34 
0.0022676819099958145 0.36686 0 19650 29.1244 9.08481 7.90728 0 01 0 0 0 0 0 0 0 0 0 0 0 45.4438 100.403 1282.77 2323.34 
0.0022676819099958145 0.36848 0 89901 30.3874 9.20454 8.01167 0 01 0 -0 0 0 0 -0 0 0 0 -0 0 45.4438 100.403 1282.77 2323.34 
0.0022676819099958145 0.396003 0 141353 27.2499 8.83292 7.68744 0 01 0 0 0 0 0 0 0 0 0 0 0 45.0362 92.5216 879.64 1459.05 
0.0022676819099958145 0.433514 0 19678 30.5204 9.24379 8.04587 0 01 0 0 -0 0 0 0 -0 0 0 0 -0 38.2499 100.627 912.832 1613.12 
0.0022676819099958145 0.547961 0 132704 30.5626 9.23827 8.04106 0 01 0 0 0 0 0 0 0 0 0 0 0 40.8231 101.804 326.527 1376.71 
0.0022676819099958145 0.557007 0 48688 29.678 9.07217 7.89625 0 01 -0 0 0 0 -0 0 0 0 -0 0 0 40.8231 101.804 326.527 1376.71 
0.0022676819099958145 0.579315 0 43108 30.0418 9.138 7.95365 0 01 0 0 0 0 0 0 0 0 0 0 0 40.3692 98.5349 515.253 1480.25 
0.0022676819099958145 0.58667 0 61838 27.3392 8.84521 7.69817 0 01 0 -0 0 0 0 -0 0 0 0 -0 0 45.1079 100.23 527.605 959.412 
0.0022676819099958145 0.589433 0 18064 27.4481 8.86111 7.71205 0 01 0 0 0 0 0 0 0 0 0 0 0 45.1079 100.23 527.605 959.412 
0.0022676819099958145 0.614955 0 89495 27.5396 8.87732 7.7262 0 01 0 -0 0 0 0 -0 0 0 0 -0 0 34.638 96.802 234.837 797.475 
0.0022676819099958145 0.690747 0 55732 28.4725 8.95209 7.79147 0 01 -0 0 0 0 -0 0 0 0 -0 0 0 36.4468 94.9736 424.367 756.58 
0.0022676819099958145 0.748136 0 86949 29.7502 9.08584 7.90818 0 01 0 0 0 0 0 0 0 0 0 0 0 41.2357 96.4809 34.9828 466.186 
0.0022676819099958145 0.760969 0 162556 28.4539 8.9508 7.79034 0 01 0 0 0 0 0 0 0 0 0 0 0 32.0619 82.3238 58.5364 173.903 
0.0022676819099958145 0.840795 0 99537 28.3536 8.93521 7.77673 0 01 0 -0 0 0 0 -0 0 0 0 -0 0 39.4063 107.358 159.73 526.957 
0.0022676819099958145 0.862991 0 179360 28.9337 9.03828 7.86669 0 01 0 0 0 0 0 0 0 0 0 0 0 21.5712 71.7948 22.1888 95.3811 
0.0022676819099958145 0.905492 0 153147 29.442 9.12191 7.93963 0 01 0 0 0 0 0 0 0 0 0 0 0 33.9768 96.464 236.884 902.875 
0.0022676819099958145 0.913069 0 6219 28.0697 8.96017 7.79851 0 01 0 0 0 0 0 0 0 0 0 0 0 31.2628 95.7269 2.55001 499.148 
0.0022676819099958145 0.913586 0 67839 28.2831 8.91914 7.7627 0 01 0 -0 0 0 0 -0 0 0 0 -0 0 31.2628 95.7269 2.55001 499.148 
0.0022676819099958145 0.948909 0 95010 29.1241 9.08429 7.90682 0 01 0 0 0 0 0 0 0 0 0 0 0 37.0017 101.47 146.101 669.549 
0.0022676819099958145 0.975389 0 73589 27.9947 8.95276 7.79205 0 01 0 0 -0 0 0 0 -0 0 0 0 -0 39.1723 98.8089 229.747 387.531 
0.0022676819099958145 1.00096 0 126118 28.7826 9.01461 7.84603 0 01 0 0 0 0 0 0 0 0 0 0 0 40.2933 95.5698 199.519 488.949 
0.0022676819099958145 1.00351 0 129944 28.0037 8.9524 7.79174 0 01 -0 0 0 0 -0 0 0 0 -0 0 0 40.2933 95.5698 199.519 488.949 
0.0022676819099958145 1.05663 0 6292 29.1038 9.0789 7.90213 0 01 0 0 0 0 0 0 0 0 0 0 0 32.1563 89.8366 0 360.877 
0.0022676819099958145 1.09182 0 129259 29.8493 9.1034 7.92348 0 01 0 0 -0 0 0 0 -0 0 0 0 -0 17.6296 60.7432 56.392 108.174 
0.0022676819099958145 1.15828 0 86890 27.8716 8.93545 7.77694 0 01 0 0 0 0 0 0 0 0 0 0 0 29.3961 81.004 11.6248 411.73 
0.0022676819099958145 1.16654 0 181037 27.2189 8.82272 7.67853 0 01 0 0 0 0 0 0 0 0 0 0 0 29.3961 81.004 11.6248 411.73 
0.0022676819099958145 1.18977 0 152125 29.2841 9.10059 7.92104 0 01 0 0 0 0 0 0 0 0 0 0 0 29.3961 81.004 11.6248 411.73 
0.0022676819099958145 1.19158 0 154589 30.0242 9.13887 7.95441 0 01 0 0 0 0 0 0 0 0 0 0 0 29.3961 81.004 11.6248 411.73 
0.0022676819099958145 1.26455 0 61856 28.5407 8.96688 7.80437 0 01 0 0 -0 0 0 0 -0 0 0 0 -0 21.2724 71.2561 176.466 414.044 
0.0022676819099958145 1.27693 0 54359 28.9575 9.045 7.87255 0 01 0 0 0 0 0 0 0 0 0 0 0 28.3578 74.8639 9.88242 428.286 
0.0022676819099958145 1.28352 0 132710 27.7405 8.9216 7.76486 0 01 0 0 0 0 0 0 0 0 0 0 0 28.3578 74.8639 9.88242 428.286 
0.0022676819099958145 1.52302 0 106288 28.3056 8.92358 7.76658 0 01 0 0 0 0 0 0 0 0 0 0 0 30.7218 64.3993 0 165.196 
0.0022676819099958145 1.59037 0 183892 30.1223 9.15338 7.96706 0 01 0 -0 0 0 0 -0 0 0 0 -0 0 14.214 72.8552 0 166.509 
0.0022676819099958145 1.61844 0 185079 29.0216 9.0567 7.88276 0 01 0 0 -0 0 0 0 -0 0 0 0 -0 19.6588 67.46 8.34095 77.1858 
0.0022676819099958145 1.71097 0 39238 28.202 8.90905 7.7539 0 01 0 0 -0 0 0 0 -0 0 0 0 -0 25.7146 67.0814 7.52813 371.397 
0.0022676819099958145 1.71285 0 171631 28.0086 8.9514 7.79086 0 01 0 0 0 0 0 0 0 0 0 0 0 25.7146 67.0814 7.52813 371.397 
0.0022676819099958145 1.73833 0 149264 27.311 8.84085 7.69436 0 01 0 0 0 0 0 0 0 0 0 0 0 25.7146 67.0814 7.52813 371.397 
0.0022676819099958145 1.84757 0 129927 27.4288 8.86093 7.7119 0 01 0 -0 0 0 0 -0 0 0 0 -0 0 22.3921 84.1102 0 51.6627 
0.0022676819099958145 1.85264 0 185527 27.9668 8.94883 7.78862 0 01 0 0 0 0 0 0 0 0 0 0 0 22.3921 84.1102 0 51.6627 
0.0022676819099958145 1.86116 0 166801 27.6131 8.89372 7.74052 0 01 0 -0 0 0 0 -0 0 0 0 -0 0 22.3921 84.1102 0 51.6627 
0.0022676819099958145 1.87916 0 185355 28.3386 8.92869 7.77104 0 01 0 0 0 0 0 0 0 0 0 0 0 22.3921 84.1102 0 51.6627 
0.0022676819099958145 2.44044 0 187038 27.069 8.79664 7.65577 0 01 0 0 0 0 0 0 0 0 0 0 0 12.307 46.5309 8.77437 315.386 
0.0022676819099958145 3.64925 0 193763 28.3885 8.9385 7.7796 0 01 0 -0 0 0 0 -0 0 0 0 -0 0 3.34024 10.4931 1.91292 1.91292 
0.00243097575790043614 0.264729 0 8327 26.2079 8.71813 7.58719 0 01 0 0 0 0 0 0 0 0 0 0 0 31.992 61.1627 833.035 2053.61 
0.00243097575790043614 0.46369 0 9348 0.129767 8.91819 7.76188 0 01 0 0 0 0 0 0 0 0 0 0 0 32.7865 91.4533 337.146 1224.79 
0.00243097575790043614 0.465431 0 39421 0 8.81251 7.66963 0 01 0 0 0 0 0 0 0 0 0 0 0 32.7865 91.4533 337.146 1224.79 
0.00243097575790043614 0.481255 0 112460 25.4119 8.66411 7.54 0 01 -0 0 0 0 -0 0 0 0 -0 0 0 32.7865 91.4533 337.146 1224.79 
0.00243097575790043614 0.541548 0 60209 25.824 8.71112 7.58107 0 01 0 0 0 0 0 0 0 0 0 0 0 41.8581 90.2667 453.695 1036.52 
0.00243097575790043614 0.556 0 64738 25.6395 8.69117 7.56364 0 01 0 0 0 0 0 0 0 0 0 0 0 41.8581 90.2667 453.695 1036.52 
0.00243097575790043614 0.558873 0 145174 26.2275 8.72435 7.59263 0 01 0 0 0 0 0 0 0 0 0 0 0 41.8581 90.2667 453.695 1036.52 
0.00243097575790043614 0.611836 0 89672 26.1819 8.71981 7.58866 0 01 0 0 0 0 0 0 0 0 0 0 0 37.8629 87.47 246.226 443.079 
0.00243097575790043614 0.615659 0 18681 26.3216 8.73789 7.60446 0 01 0 0 -0 0 0 0 -0 0 0 0 -0 37.8629 87.47 246.226 443.079 
0.00243097575790043614 0.630197 0 75139 25.8884 8.66633 7.54194 0 01 0 0 0 0 0 0 0 0 0 0 0 37.8629 87.47 246.226 443.079 
0.00243097575790043614 0.696469 0 131510 26.0311 8.68639 7.55946 0 01 0 0 0 0 0 0 0 0 0 0 0 23.5534 60.1989 177.393 280.251 
0.00243097575790043614 0.792719 0 77143 25.7174 8.69573 7.56762 0 01 0 -0 0 0 0 -0 0 0 0 -0 0 30.0334 72.605 25.3808 395.545 
0.00243097575790043614 0.839729 0 105386 25.5418 8.67679 7.55108 0 01 -0 0 0 0 -0 0 0 0 -0 0 0 21.066 75.8235 64.1168 302.997 
0.00243097575790043614 0.883048 0 125335 26.327 8.73556 7.60242 0 01 0 0 -0 0 0 0 -0 0 0 0 -0 33.0254 84.3918 267.553 534.308 
0.00243097575790043614 1.09869 0 170681 26.196 8.72009 7.58891 0 01 -0 0 0 0 -0 0 0 0 -0 0 0 21.0617 67.6038 95.5814 348.55 
0.00243097575790043614 1.1166 0 131361 26.4753 8.76791 7.63068 0 01 0 0 0 0 0 0 0 0 0 0 0 21.0617 67.6038 95.5814 348.55 
0.00243097575790043614 1.20043 0 49516 26.5959 8.78149 7.64254 0 01 -0 0 0 0 -0 0 0 0 -0 0 0 30.7175 76.9001 346.995 552.182 
0.00243097575790043614 1.29848 0 166175 25.6275 8.68644 7.55951 0 01 0 0 0 0 0 0 0 0 0 0 0 18.1677 61.1319 20.7916 129.614 
0.00243097575790043614 1.35085 0 195209 26.2463 8.72471 7.59294 0 01 -0 0 0 0 -0 0 0 0 -0 0 0 18.7832 51.0514 22.1469 97.1639 
0.00243097575790043614 1.38404 0 149828 25.8174 8.7065 7.57703 0 01 -0 0 0 0 -0 0 0 0 -0 0 0 22.1325 74.8294 31.5162 236.029 
0.00243097575790043614 1.49983 0 158284 26.0693 8.69193 7.5643 0 01 0 0 0 0 0 0 0 0 0 0 0 16.4956 50.7068 0 7.96249 
0.00243097575790043614 1.55591 0 171637 26.0749 8.69633 7.56814 0 01 0 0 0 0 0 0 0 0 0 0 0 12.2974 63.1792 0 61.8701 
0.00243097575790043614 1.60343 0 126498 25.4469 8.66751 7.54297 0 01 0 0 0 0 0 0 0 0 0 0 0 14.3258 59.105 27.8515 85.2478 
0.00243097575790043614 1.69922 0 165019 24.9833 8.59688 7.48126 0 01 0 0 0 0 0 0 0 0 0 0 0 18.9422 74.1807 0 135.998 
0.00243097575790043614 1.70725 0 190546 25.1519 8.632 7.51194 0 01 0 0 0 0 0 0 0 0 0 0 0 18.9422 74.1807 0 135.998 
0.00243097575790043614 6.3467 0 204329 2.77542 11.1454 7.06074 0 251.9231 -230.759 -55.5004 -84.4709 0 0 0 0 0 0 0 0 7.01983 17.0023 0 37.9098 
0.00266179491803855781 0.307429 0 5708 23.4869 8.35393 7.51854 0 01 0 0 0 0 0 0 0 0 0 0 0 40.7725 90.4394 964.926 2202.33 
0.00266179491803855781 0.369491 0 63470 24.6264 8.54902 7.43944 0 01 0 0 0 0 0 0 0 0 0 0 0 47.8701 98.5273 579.607 1949.55 
0.00266179491803855781 0.618805 0 77061 23.5 8.36233 7.5261 0 01 0 0 0 0 0 0 0 0 0 0 0 47.5826 110.078 134.71 796.191 
0.00266179491803855781 0.638876 0 140637 24.8446 8.58729 7.47288 0 01 -0 0 0 0 -0 0 0 0 -0 0 0 32.4501 104.577 134.318 510.724 
0.00266179491803855781 0.661522 0 77879 24.5368 8.53816 7.42995 0 01 -0 0 0 0 -0 0 0 0 -0 0 0 39.7293 110.949 540.88 874.549 
0.00266179491803855781 0.691431 0 144498 24.3374 8.51342 7.40833 0 01 -0 0 0 0 -0 0 0 0 -0 0 0 48.8287 113.051 179.638 723.228 
0.00266179491803855781 0.712025 0 78975 22.9598 8.22745 7.4047 0 01 -0 0 0 0 -0 0 0 0 -0 0 0 45.3485 111.743 81.3761 550.694 
0.00266179491803855781 0.74557 0 87460 24.6284 8.55187 7.44192 0 01 0 0 -0 0 0 0 -0 0 0 0 -0 32.085 88.8574 149.793 567.473 
0.00266179491803855781 0.761305 0 73656 24.4481 8.52441 7.41793 0 01 0 0 0 0 0 0 0 0 0 0 0 38.5248 97.0558 204.636 1024.54 
0.00266179491803855781 0.769844 0 83813 23.7236 8.48522 7.38368 0 01 0 0 0 0 0 0 0 0 0 0 0 38.5248 97.0558 204.636 1024.54 
0.00266179491803855781 0.922032 0 31525 22.9882 8.23948 7.41554 0 01 0 -0 0 0 0 -0 0 0 0 -0 0 38.2258 97.843 229.718 334.334 
0.00266179491803855781 1.04167 0 74516 23.4024 8.31057 7.47952 0 01 -0 0 0 0 -0 0 0 0 -0 0 0 25.2658 86.3251 3.5162 46.2374 
0.00266179491803855781 1.06345 0 118226 24.3179 8.50699 7.40271 0 01 0 0 0 0 0 0 0 0 0 0 0 25.2658 86.3251 3.5162 46.2374 
0.00266179491803855781 1.13926 0 109592 23.684 8.48041 7.63237 0 01 0 0 0 0 0 0 0 0 0 0 0 26.5358 85.4777 37.3757 252.755 
0.00266179491803855781 1.23564 0 81629 24.9271 8.597 7.48135 0 01 0 0 0 0 0 0 0 0 0 0 0 19.6892 69.9016 167.508 190.164 
0.00266179491803855781 1.54261 0 163317 24.8582 8.58491 7.4708 0 01 0 0 0 0 0 0 0 0 0 0 0 18.5709 80.7881 0 95.0709 
0.00266179491803855781 1.84614 0 96095 23.6268 8.44364 7.59927 0 01 0 0 0 0 0 0 0 0 0 0 0 12.7228 68.922 38.8466 63.1042 
0.00266179491803855781 1.90043 0 165677 24.2251 8.54355 7.43465 0 01 0 -0 0 0 0 -0 0 0 0 -0 0 11.4478 45.385 0 5.57572 
0.00266179491803855781 2.04848 0 185177 24.903 8.593 7.47786 0 01 0 -0 0 0 0 -0 0 0 0 -0 0 16.5726 45.7265 0 3.58042 
0.00266179491803855781 2.10669 0 187804 24.3237 8.51332 7.40825 0 01 0 0 -0 0 0 0 -0 0 0 0 -0 16.5726 45.7265 0 3.58042 
0.00266179491803855781 2.27289 0 186121 24.8636 8.58641 7.47209 0 01 0 -0 0 0 0 -0 0 0 0 -0 0 14.046 60.7949 0 30.4617 
0.00266179491803855781 2.36691 0 98258 23.7794 8.49387 7.39124 0 01 0 0 0 0 0 0 0 0 0 0 0 14.046 60.7949 0 30.4617 
0.00266179491803855781 3.49164 0 197303 24.8468 8.58751 7.47307 0 01 0 0 0 0 0 0 0 0 0 0 0 0 0 0 0 
0.00281569105461559367 2.82639 0 139643 0 8.58089 7.46728 0 01 0 0 0 0 0 0 0 0 0 0 0 10.9581 21.9107 0 54.2287 
0.00303255633242726025 0.798893 0 144527 0 10.3133 6.32081 0 248.2681 57.8976 27.2909 -239.875 0 0 0 0 0 0 0 0 28.9196 100.01 30.3331 197.114 
0.00303541621175441216 2.51535 0 208454 0.71803 10.1688 6.21713 0 194.4751 68.0714 -53.5902 -174.111 0 0 0 0 0 0 0 0 0 0 0 0 
0.00467539104481027364 0.291459 0 204569 0.0822522 8.72155 7.59019 0 01 0 0 0 0 0 0 0 0 0 0 0 47.2932 95.1857 1145.3 2474.09 
0.00533721531064424749 1.28927 0 208460 3.44844 8.25735 7.43161 0 01 0 -0 0 0 0 -0 0 0 0 -0 0 29.2666 105.582 24.2484 257.731 
