#1:time #2:r #3.binary? #4:ID #5:zams_m #6:m_progenitor #7:bh mass #8:bh_spin #9:birth-kick(km/s) #10-25:vsarray
0.00311914108701953369 0.136357 1 48795 0 59.4582 53.5124 0 0 1 -0.00785744 -0.000340731 -0.00442425 0 -0 0 0 0 -0 0 0 1.63798 3.9536 2254.39 2855.69 
0.00314035728087553321 0.263973 1 0 0 64.3536 40.5 0 0 1 -0.0361579 0.647045 -1.26903 1 3.18544 131.877 65.5496 0 0 0 0 0.531239 1.63322 0 260.284 
0.00314978833267381313 0.215259 1 1230 0 54.2982 48.8684 0 0 1 0.00103836 0.00791744 -0.00664841 0 0 0 0 0 0 0 0 4.0099 6.57545 9.21706 1456.15 
0.00316164559617597299 0.23657 1 40380 0 56.1563 50.5406 0 0 1 0.000966822 0.00618324 -0.0125051 0 0 0 -0 0 0 0 -0 1.64596 4.578 0 674.296 
0.00317024991615151271 0.160241 0 115717 0.125366 54.384 48.9456 0 01 0 0 0 0 0 0 0 0 0 0 0 3.39349 4.95345 1668.83 3762.97 
0.00317024991615151271 0.549602 1 174558 0 52.6355 47.3719 0 0 1 -0.0537368 -0.184942 0.794473 0 -0 0 0 0 -0 0 0 0 1.62952 0 0 
0.00317907936793134817 0.166031 1 73525 0 130.45 40.5 0 0 2 0.0210652 0.0605661 0.174104 0 0 0 0 0 0 0 0 1.23382 3.50834 0 2465.72 
0.00318742300531112046 0.123895 1 232995 0 61.7468 40.5 0 0 2 0.758924 -0.331912 -0.823753 0 0 0 0 0 0 0 0 3.14271 4.92208 2994.06 3767.55 
0.00326580314868253315 0.233417 0 241018 0.116762 114.2 40.5 0 01 0 -0 0 0 0 -0 0 0 0 -0 0 0.490654 1.21633 0 0 
0.00328815163410482942 0.107345 1 227955 0 109.894 40.5 0 0 2 0.0039602 -0.0276427 -0.0514551 0 0 -0 0 0 0 -0 0 1.13184 3.21773 0 3366.33 
0.00332131282733379293 0.0317889 1 188351 0 105.022 40.5 0 0 1 -0.0202427 -0.00178902 0.0143126 0 0 0 0 0 0 0 0 1.24225 3.28283 204.649 492.085 
0.00333022393836553089 0.219634 1 92882 0 103.771 40.5 0 0 2 -0.0719655 0.0336574 -0.0830565 0 0 0 0 0 0 0 0 0.961143 2.18889 0 166.021 
0.00335140080410089572 0.224542 1 211171 0 101.812 40.5 0 0 2 -0.016849 0.00673636 -0.0182326 0 0 0 -0 0 0 0 -0 2.6128 5.28473 0 1597.82 
0.00335140080410089572 2.03084 0 178115 104.318 101.113 40.5 0 01 0 0 0 0 0 0 0 0 0 0 0 0 0 0 0 
0.00335977938570487583 0.587285 0 246076 0.245819 100.865 40.5 0 01 0 0 0 0 0 0 0 0 0 0 0 0.574063 2.92004 0 0 
0.0033650275790849506 0.217496 0 794 0.313347 43.353 39.0177 0 01 0 0 0 0 0 0 0 0 0 0 0 2.37663 4.46465 1.91427 1.91427 
0.00336795422077865994 0.0293644 1 212758 0 44.5864 40.1277 0 0 1 -0.324074 -0.606187 0.909963 0 0 -0 0 0 0 -0 0 1.73905 3.63983 2218.07 3657.27 
0.00339708722177164925 0.406389 1 9424 0 41.2921 37.1629 0 0 1 -0.00466338 -0.00857913 -0.00461099 0 0 -0 0 0 0 -0 0 2.07236 3.29351 0 397.145 
0.00340509042150580329 0.261705 1 51333 0 94.9375 40.3771 0 0 1 0.00892267 -0.00792612 0.000644534 0 0 0 -0 0 0 0 -0 1.24787 3.05045 0 0 
0.00344118763157565469 0.128128 1 168168 0 91.437 37.6235 0 0 1 0.000466024 -0.00185852 -0.00162804 0 0 0 0 0 0 0 0 3.17376 5.66822 2388.08 4072.48 
0.00344371727977244284 0.203523 0 126593 0.369968 37.7082 33.9374 0 01 0 -0 0 0 0 -0 0 0 0 -0 0 3.07221 6.08706 178.08 782.462 
0.00345264214335892121 0.434799 0 167048 92.1791 40.95 36.855 0 01 0 0 0 0 0 0 0 0 0 0 0 1.30773 3.93145 0 0 
0.00347296250175424146 0.11435 1 319970 0 40.3216 36.2894 0 0 1 -0.0164367 0.00873919 0.00246188 0 -0 0 0 0 -0 0 0 1.36792 3.20833 848.6 1081.06 
0.0034768994675354087 0.264113 1 61874 0 38.3567 34.521 0 0 2 -0.400228 1.9334 -0.0733517 0 0 0 0 0 0 0 0 0.504095 2.36087 0 0 
0.00350618229949327398 1.17251 0 159815 1.47472 38.4491 34.6042 0 01 0 0 0 0 0 0 0 0 0 0 0 1.18464 1.18464 0 0 
0.00351719747984686852 0.125281 0 147898 0.111037 37.8819 34.0937 0 01 -0 0 0 0 -0 0 0 0 -0 0 0 1.81018 4.78628 3766.73 4897.99 
0.00351719747984686852 0.287315 1 234087 0 38.3663 34.5297 0 0 2 -0.0123292 0.00646257 0.0143533 0 0 0 0 0 0 0 0 0.881476 2.63503 339.557 373.629 
0.0035210789511806004 0.83114 0 280059 0.323536 38.0983 34.2885 0 01 0 0 0 0 0 0 0 0 0 0 0 0 0.847075 0 0 
0.00353269872703518761 0.110764 0 241171 0.195317 36.5486 32.8938 0 01 0 0 -0 0 0 0 -0 0 0 0 -0 0.858761 2.2979 202.805 1228.55 
0.0035888522601639529 0.144368 1 213816 0 35.2023 31.6821 0 0 2 0.0100193 0.0062425 -0.0193792 0 0 0 0 0 0 0 0 1.0302 2.93268 0 2781.59 
0.00358983734035325103 0.160393 1 59411 0 35.1433 31.629 0 0 2 0.0143475 0.00479104 -0.00785713 0 0 0 0 0 0 0 0 0.954436 2.86646 572.109 1245.4 
0.00360823870287097425 0.262655 0 161709 0.354892 36.5616 32.9054 0 01 0 0 0 0 0 0 0 0 0 0 0 0 2.313 0 0 
0.00361652082800448162 0.489883 0 115918 78.7712 34.0876 30.6789 0 01 0 0 0 0 0 0 0 0 0 0 0 1.97409 3.96304 0 0 
0.00362787304969481011 0.909086 0 176470 78.0612 33.7895 30.4105 0 01 0 0 -0 0 0 0 -0 0 0 0 -0 0.894195 0.894195 0 0 
0.00364164426451923581 0.568916 0 42429 77.2398 33.423 30.0807 0 01 0 0 0 0 0 0 0 0 0 0 0 0 1.14596 0 0 
0.00366470935034667869 0.199399 1 9114 0 32.6362 29.3726 0 0 1 -0.00244834 0.00215165 -0.00628255 0 0 0 -0 0 0 0 -0 0.605495 3.91198 0 420.804 
0.00366470935034667869 0.405441 0 100809 75.8412 32.7052 29.4346 0 01 0 0 0 0 0 0 0 0 0 0 0 1.64411 4.58539 0 1.24432 
0.00367887334912566765 0.324113 0 102311 0.444689 31.9817 28.7836 0 01 0 0 -0 0 0 0 -0 0 0 0 -0 2.31629 4.29684 572.766 572.766 
0.00369330578765387704 0.15774 1 4485 0 31.8617 28.6755 0 0 1 0.0304056 0.0123928 0.0297307 0 0 0 0 0 0 0 0 2.5811 4.37475 844.751 2262.56 
0.00370289521498554488 0.960493 0 152617 73.6069 31.5997 28.4398 0 01 0 0 0 0 0 0 0 0 0 0 0 0 1.90943 0 0 
0.00374388113305733263 1.09203 0 153939 71.4512 30.5255 27.4729 0 01 0 0 -0 0 0 0 -0 0 0 0 -0 0 1.07065 0 0 
0.00375543413716933555 1.09995 0 114706 70.8061 30.1273 27.1145 0 01 -0 0 0 0 -0 0 0 0 -0 0 0 0 0 0 0 
0.0037799405201547594 0.341763 1 51259 0 28.9698 26.0728 0 0 1 -0.0136518 -0.00638937 -0.0231685 0 0 -0 0 0 0 -0 0 0.331049 1.67715 0 0 
0.00378335173106877747 1.49359 0 174664 69.4959 29.5511 26.596 0 01 0 0 0 0 0 0 0 0 0 0 0 0 1.51345 0 0 
0.00379729526467752296 0.247504 0 24013 0.0888266 29.2698 26.3429 0 01 0 0 0 0 0 0 0 0 0 0 0 0.534055 2.37104 0 0 
0.00382668293827120257 0.346081 0 111328 67.4826 28.5142 25.6628 0 01 0 0 0 0 0 0 0 0 0 0 0 2.0342 4.36609 82.3607 293.939 
0.00382826703965837055 3.00066 0 196871 67.4387 28.5962 25.7366 0 01 0 0 0 0 0 0 0 0 0 0 0 0 0 0 0 
0.00383094406960321878 0.879903 0 121014 67.3249 28.5457 25.6912 0 01 0 0 -0 0 0 0 -0 0 0 0 -0 0 0 0 0 
0.00385986502264614112 0.206311 1 71530 0 27.9514 25.1563 0 0 2 -0.00223908 0.00498269 -0.00212459 0 0 0 0 0 0 0 0 1.61603 3.31837 115.347 343.626 
0.00387793864596001989 1.80656 0 150382 65.3114 27.4574 24.7117 0 01 0 0 0 0 0 0 0 0 0 0 0 0 0 0 0 
0.00389381021067386002 0.118069 1 88100 0 27.2766 24.5489 0 0 2 -0.00136603 0.00983499 -0.00425351 0 0 0 -0 0 0 0 -0 1.86218 3.98748 1697.52 2329.02 
0.00390112752130928253 0.110798 1 11010 0 27.1354 24.4218 0 0 1 -0.00246489 -0.00542271 0.00826969 0 0 0 0 0 0 0 0 2.26438 4.71068 842.016 2916.26 
0.00393202580371062021 0.815604 0 177308 63.2174 26.4941 23.8447 0 01 -0 0 0 0 -0 0 0 0 -0 0 0 0 0 0 0 
0.00393316689403731563 0.231335 1 222555 0 26.4332 23.7899 0 0 2 -0.00369143 -0.0164489 -0.00714246 0 0 0 0 0 0 0 0 1.37602 2.96605 20.1837 727.625 
0.00393601229709158139 0.331033 0 37142 63.1007 26.3986 23.7588 0 01 0 0 -0 0 0 0 -0 0 0 0 -0 1.32565 2.96778 0 407.307 
0.00394133095870357122 1.78624 0 166865 62.8942 26.3957 23.7561 0 01 0 0 0 0 0 0 0 0 0 0 0 0 0 0 0 
0.00397938373869314611 0.147638 0 110778 0.554147 25.6885 23.1197 0 01 0 0 0 0 0 0 0 0 0 0 0 2.58541 4.92179 1060.75 1388.93 
0.00398362458254566086 1.24819 0 181303 61.4273 25.6453 23.0808 0 01 0 0 0 0 0 0 0 0 0 0 0 1.23812 1.23812 0 0 
0.00398579694434753311 0.0652333 0 25991 0.262256 25.6167 23.0551 0 01 0 -0 0 0 0 -0 0 0 0 -0 0 2.1286 4.32221 1146.24 1579.47 
0.00398926297633263316 0.98374 0 197790 61.1754 25.5304 22.9773 0 01 -0 0 0 0 -0 0 0 0 -0 0 0 0 1.97024 0 0 
0.0039903020217403962 1.22435 0 164435 61.1483 25.4631 22.9168 0 01 0 0 0 0 0 0 0 0 0 0 0 0 0 0 0 
0.00400778140781690977 0.484904 0 95702 60.5667 25.2032 22.6829 0 01 0 0 -0 0 0 0 -0 0 0 0 -0 2.34064 4.22634 361.03 446.046 
0.0040088906176761023 0.122179 1 107024 0 24.8629 22.3766 0 0 2 0.00268658 -0.405035 -0.650146 0 0 0 0 0 0 0 0 1.23651 4.30407 883.349 2815.4 
0.00403022051078658506 1.17985 0 156600 59.8262 24.8526 22.3674 0 01 0 0 0 0 0 0 0 0 0 0 0 0 0 0 0 
0.00403897047324686988 1.68015 0 184514 59.5604 24.6972 22.2275 0 01 0 0 0 0 0 0 0 0 0 0 0 1.70964 1.70964 0 0 
0.00404090744061018359 0.716039 0 176147 59.5084 24.717 22.2453 0 01 0 0 0 0 0 0 0 0 0 0 0 0.730725 0.730725 0 205.748 
0.00406573336297705139 0.258321 1 85265 0 24.3012 21.8711 0 0 2 -0.00154044 -0.00313323 -0.00388162 0 0 0 -0 0 0 0 -0 3.31939 5.90926 0 1076.29 
0.0040996979399316345 0.487029 0 52253 57.7001 23.7652 21.3887 0 01 0 0 -0 0 0 0 -0 0 0 0 -0 0 3.85104 0 0 
0.00412969183593713072 1.01034 0 179664 56.8427 23.3567 21.0211 0 01 0 0 0 0 0 0 0 0 0 0 0 1.01836 2.01734 0 0 
0.00415086466112900114 0.489857 0 134142 56.2477 23.0561 20.7505 0 01 0 0 0 0 0 0 0 0 0 0 0 0.954909 2.41633 0 0 
0.00417226480247074455 0.226135 1 13642 0 22.658 20.3922 0 0 1 0.00620684 0.00747934 0.00312794 0 0 0 0 0 0 0 0 4.25018 8.37431 306.316 625.832 
0.00418186939731488103 0.167944 0 276330 0.104821 22.6138 20.3525 0 01 0 -0 0 0 0 -0 0 0 0 -0 0 1.65232 4.60931 0 277.106 
0.00418547502750430886 0.145711 1 58352 0 22.5662 20.3096 0 0 1 -0.00802613 -0.0156548 -0.00584218 0 0 -0 0 0 0 -0 0 2.59637 4.91555 707.302 3589.56 
0.00420856769139823454 0.162783 0 10715 0.145932 22.2021 19.9819 0 01 0 0 -0 0 0 0 -0 0 0 0 -0 2.37707 5.46751 980.43 1881 
0.00422315090911856185 0.19527 1 28748 0 22.0823 19.8741 0 0 1 -0.0120525 0.0148299 0.00714362 0 0 0 -0 0 0 0 -0 0.907892 2.8688 78.2025 78.2025 
0.00423231100472913364 0.140421 1 6409 0 21.8568 19.6711 0 0 1 -0.0221535 -0.0164101 0.00100042 0 0 -0 0 0 0 -0 0 1.11382 2.27332 81.7273 2025.13 
0.00429084154128930601 0.264153 1 37483 0 21.1512 19.036 0 0 2 0.0148349 0.00964759 -0.00363574 0 0 0 0 0 0 0 0 1.85371 6.83904 0 673.483 
0.0042918122075231201 0.312377 1 75494 0 21.1486 19.0337 0 0 2 0.00397452 0.00315934 0.0141341 0 -0 0 0 0 -0 0 0 2.18562 4.61913 69.3864 429.008 
0.00429927756755626219 0.335314 0 111644 0.27621 21.1618 19.0456 0 01 0 0 -0 0 0 0 -0 0 0 0 -0 1.35581 5.04862 62.4781 62.4781 
0.00430232722922035439 0.434944 1 77606 0 21.1308 19.0177 0 0 1 0.00207116 0.00256613 -0.00207326 0 0 0 0 0 0 0 0 1.74561 4.7672 0 19.0665 
0.0043040483809802443 0.190458 1 165646 0 21.0804 18.9723 0 0 1 0.104668 -1.82433 3.61739 0 0 0 0 0 0 0 0 3.8645 6.71686 628.092 1187.51 
0.00432401943272799419 0.0921424 1 44453 0 20.8318 18.7486 0 0 2 -0.00459112 0.000379901 0.00366084 0 -0 0 0 0 -0 0 0 1.31699 4.10893 2252.09 2545.38 
0.00432742065086057746 1.25264 0 194166 51.865 20.7898 18.7109 0 01 0 0 0 0 0 0 0 0 0 0 0 0 0 0 0 
0.00433125906629642284 0.381184 0 154047 51.7776 20.7748 18.6974 0 01 0 0 0 0 0 0 0 0 0 0 0 0.381129 1.124 0 94.0125 
0.00433770382258343978 0.176581 0 27716 0.412934 20.6675 18.6008 0 01 0 0 0 0 0 0 0 0 0 0 0 2.11442 3.40368 665.545 3619.71 
0.00434871909485151035 0.0553718 1 56191 0 20.6649 18.5984 0 0 1 3.48029 1.36162 0.539828 0 0 0 0 0 0 0 0 3.04703 7.26317 2415.92 3668.06 
0.00435940019855133188 0.195839 0 74245 0.208409 20.3961 18.3565 0 01 0 0 0 0 0 0 0 0 0 0 0 2.64774 6.46854 109.515 290.677 
0.00437271103787267076 0.29941 1 43106 0 20.3172 18.2855 0 0 1 0.00995621 0.00331838 0.00621382 0 0 -0 0 0 0 -0 0 0.924447 4.59323 0 495.509 
0.00441313636319260339 1.43937 0 185627 50.0487 19.8934 17.9041 0 01 0 0 -0 0 0 0 -0 0 0 0 -0 0 1.4645 0 0 
0.0044253808801223201 0.148925 1 89578 0 19.7629 17.7866 0 0 2 0.0021152 0.00489198 0.00169045 0 0 0 0 0 0 0 0 2.81434 5.14537 540.558 1533.82 
0.00443409240123323386 0.264772 0 161343 0.115269 19.6719 17.7047 0 01 0 0 0 0 0 0 0 0 0 0 0 4.0158 6.72571 20.5613 921.734 
0.0044496526282844515 2.72159 0 183715 49.3078 19.5121 17.5609 0 01 0 0 0 0 0 0 0 0 0 0 0 0 0 0 0 
0.00445170300819332752 0.208816 0 54190 0.306586 19.4774 17.5296 0 01 0 0 0 0 0 0 0 0 0 0 0 3.38957 6.36333 284.689 1612.19 
0.00446394827881046573 0.205238 0 116262 0.217761 19.4185 17.4766 0 01 -0 0 0 0 -0 0 0 0 -0 0 0 2.31085 3.4473 0 554.738 
0.00446394827881046573 1.0311 0 162029 49.042 19.3267 17.3941 0 01 0 0 0 0 0 0 0 0 0 0 0 0 0 0 0 
0.00447986336604736836 0.530542 0 99846 48.7235 19.2552 17.3297 0 01 0 0 0 0 0 0 0 0 0 0 0 1.58827 3.67758 0 0 
0.00448130459045867173 1.39222 0 157557 48.6908 19.2666 17.3399 0 01 0 0 0 0 0 0 0 0 0 0 0 0 0 0 0 
0.00449886724638870993 6.81308 0 183290 48.3797 18.9623 17.0661 0 01 0 0 -0 0 0 0 -0 0 0 0 -0 0 0 0 0 
0.00450223021974770557 0.284028 0 62226 0.183915 19.0384 17.1345 0 01 0 0 0 0 0 0 0 0 0 0 0 0.804804 4.27791 0 433.376 
0.00450833170894917798 0.111071 0 164882 0.178028 21.4981 19.3483 0 01 0 -0 0 0 0 -0 0 0 0 -0 0 1.59266 3.67967 855.172 1121.7 
0.00451436423653754811 0.457455 1 27316 0 18.9144 17.023 0 0 2 0.0132708 -0.00737295 0.0119678 0 0 0 0 0 0 0 0 1.87105 3.73095 240.894 240.894 
0.00454928400743266452 0.566305 1 45741 0 18.5501 16.6949 0 0 2 0.00148689 0.0198012 -0.0145743 0 0 0 0 0 0 0 0 1.12808 4.00069 0 0 
0.00457872990537051654 0.24417 1 55710 0 18.5197 16.6675 0 0 2 -0.00349727 -0.0106821 -0.00328671 0 0 -0 0 0 0 -0 0 2.2102 5.36869 11.4529 661.09 
0.00458619781355425714 1.07983 0 177060 46.786 18.4248 16.582 0 01 0 0 0 0 0 0 0 0 0 0 0 0 2.17498 0 0 
0.00458849824342290671 0.240156 1 953 0 18.5185 16.6665 0 0 1 -0.0132515 0.070513 -0.00534216 0 0 0 0 0 0 0 0 2.53802 7.88126 428.172 607.635 
0.0046059317638786311 0.450189 0 139943 0.558127 18.4285 16.5853 0 01 0 0 0 0 0 0 0 0 0 0 0 0.445961 1.78645 0 0 
0.00461883800595998349 0.233255 0 144755 0.14552 18.3384 16.5041 0 01 0 0 0 0 0 0 0 0 0 0 0 4.36297 6.62468 0 879.056 
0.00462728862652016584 0.128456 0 57888 0.102083 20.0847 18.0762 0 01 0 0 0 0 0 0 0 0 0 0 0 1.54306 4.30181 1.90893 974.706 
0.00465081758400621298 1.5842 0 194155 45.6927 18.2391 16.4146 0 01 0 -0 0 0 0 -0 0 0 0 -0 0 0 1.56708 0 0 
0.00465952743980010357 0.343949 1 37829 0 18.0914 16.2814 0 0 1 0.00038593 -0.000973308 -0.00304857 0 0 0 0 0 0 0 0 3.53487 6.00074 0 413.017 
0.00465952743980010357 0.381103 0 63181 45.5723 18.0924 16.2824 0 01 0 0 0 0 0 0 0 0 0 0 0 3.034 6.8601 0 207.133 
0.00466371631216088572 0.438907 0 65477 45.4948 18.0905 16.2807 0 01 0 0 -0 0 0 0 -0 0 0 0 -0 0.450051 0.450051 0 0 
0.00466371631216088572 0.979702 0 146828 45.4911 18.1032 16.2921 0 01 -0 0 0 0 -0 0 0 0 -0 0 0 0 1.93778 0 0 
0.00467418488185301125 0.339047 0 58596 45.3218 18.116 16.3037 0 01 0 0 0 0 0 0 0 0 0 0 0 1.02792 3.17607 0 26.2983 
0.0046801337918230693 0.409678 1 60170 0 18.0651 16.2578 0 0 2 0.000111803 -0.0152284 -0.00618704 0 0 -0 0 0 0 -0 0 1.25306 3.74925 0 4.99276 
0.0046970199168957635 0.256962 0 85683 0.734205 17.876 16.0874 0 01 0 0 0 0 0 0 0 0 0 0 0 1.07096 3.05198 0 25.655 
0.00474860012677191367 0.936784 0 120626 44.1948 17.5796 15.8203 0 01 0 0 0 0 0 0 0 0 0 0 0 0.943052 0.943052 0 0 
0.00476688312639353146 0.200098 0 25648 43.9216 17.512 15.7593 0 01 -0 0 0 0 -0 0 0 0 -0 0 0 2.31182 6.0268 477.023 913.561 
0.00477091923080420754 0.25407 0 141955 0.407961 17.5431 15.7874 0 01 0 0 0 0 0 0 0 0 0 0 0 1.15089 3.39762 0 0 
0.004784410374355892 0.200037 1 35366 0 17.46 15.7125 0 0 2 -0.00026884 -0.00622056 0.0143533 0 0 0 0 0 0 0 0 3.01013 6.83348 0 1305.41 
0.004784410374355892 0.234013 1 20900 0 17.4229 15.679 0 0 1 -0.529018 -1.22197 2.88465 0 -0 0 0 0 -0 0 0 3.01013 6.83348 0 1305.41 
0.00479224491988925264 0.308046 0 68583 43.541 17.3907 15.65 0 01 0 0 0 0 0 0 0 0 0 0 0 3.50822 7.58099 232.302 516.685 
0.00479500489352138303 0.220871 1 83883 0 17.4017 15.6599 0 0 2 -0.00930492 0.00195569 0.00962709 0 0 0 0 0 0 0 0 3.27314 6.16765 947.486 1516.91 
0.0047965083862548984 0.512013 0 150523 43.4831 17.3435 15.6075 0 01 0 0 0 0 0 0 0 0 0 0 0 1.00104 3.99641 0 240.759 
0.00480199133480239872 0.778378 0 85753 43.43 17.3634 15.6253 0 01 0 0 0 0 0 0 0 0 0 0 0 0 2.31996 0 0 
0.00480510875826630195 0.809566 0 94719 43.369 17.2654 15.5371 0 01 0 0 0 0 0 0 0 0 0 0 0 1.61403 3.212 0 0 
0.00484172628186018122 0.228061 0 131772 42.8596 17.0696 15.3606 0 01 0 0 0 0 0 0 0 0 0 0 0 1.51869 5.28272 0 95.2819 
0.00485392526009866421 0.202422 1 204434 0 24.4878 22.039 0 0 2 0.664813 -0.840614 1.95715 0 0 -0 0 0 0 -0 0 1.83786 5.05424 0 60.23 
0.00485660221158298617 2.74579 0 170070 42.6563 17.0834 15.3731 0 01 0 0 0 0 0 0 0 0 0 0 0 0 2.74579 0 0 
0.00486729647182988778 0.386625 1 68259 0 16.9585 15.2606 0 0 2 0.00106896 0.0073889 -0.0061536 0 0 0 -0 0 0 0 -0 0.769672 2.3311 0 171.544 
0.00488903421215264138 2.37316 0 197910 42.2259 16.807 15.124 0 01 0 0 0 0 0 0 0 0 0 0 0 0 0 0 0 
0.00490458756841991028 0.141722 1 244504 0 117.366 40.5 0 0 2 -0.0722818 -0.0462663 0.0404264 0 0 -0 0 0 0 -0 0 4.88905 9.3577 739.159 1819.42 
0.00493571152658771068 0.753906 0 111014 41.6225 16.5659 14.9067 0 01 0 0 0 0 0 0 0 0 0 0 0 0 1.52187 0 0 
0.00494068934032390172 1.93324 0 121054 41.5427 16.5794 14.9189 0 01 0 0 0 0 0 0 0 0 0 0 0 0 0 0 0 
0.00494242486274104088 0.352854 1 4347 0 16.5741 14.9142 0 0 1 0.000252785 -0.00264107 -0.00143993 0 0 0 -0 0 0 0 -0 2.12158 3.21917 0 537.554 
0.00495947080255738915 0.598051 0 78974 0.87225 16.4474 14.8 0 01 0 0 0 0 0 0 0 0 0 0 0 1.16174 2.90074 0 0 
0.00498886799682933188 6.21278 0 82477 40.9632 16.2992 14.6664 0 01 0 0 0 0 0 0 0 0 0 0 0 0 0 0 0 
0.00499931489097822212 1.36386 0 51605 40.827 16.2409 14.6139 0 01 -0 0 0 0 -0 0 0 0 -0 0 0 0 0 0 0 
0.00500357011316511762 0.186891 1 6025 0 16.2865 14.655 0 0 1 -0.0294706 -0.0249781 -0.000648692 0 0 0 -0 0 0 0 -0 1.35142 4.67543 566.213 930.787 
0.0050116662093690912 0.593146 0 122995 40.6661 16.1809 14.5599 0 01 0 0 -0 0 0 0 -0 0 0 0 -0 1.17899 4.10397 0 0 
0.00502351702014812874 0.100002 1 5284 0 16.1274 14.5116 0 0 1 0.0101816 -0.00391716 -0.00399705 0 0 0 -0 0 0 0 -0 1.70458 4.27759 0 2185.21 
0.00503015945286775217 0.319976 1 22499 0 16.1456 14.5281 0 0 1 0.0100036 -0.00969836 0.0125047 0 0 0 0 0 0 0 0 1.63432 3.88421 17.7077 155.109 
0.00503015945286775217 1.91322 0 189256 40.4504 16.1502 14.5322 0 01 0 0 -0 0 0 0 -0 0 0 0 -0 0 0 0 0 
0.00507720136119728816 1.82517 0 195207 2.08028 15.8697 14.2794 0 01 0 0 0 0 0 0 0 0 0 0 0 0 1.85491 0 0 
0.00510077073936861941 1.68977 0 185827 39.6373 15.7621 14.1825 0 01 0 0 0 0 0 0 0 0 0 0 0 0 3.3947 0 0 
0.00511136518377918684 0.425358 0 191234 39.5368 15.7989 14.2157 0 01 0 0 0 0 0 0 0 0 0 0 0 1.27448 5.97978 0 0 
0.00512534676155338483 0.129713 1 50618 0 15.6523 14.0836 0 0 2 -0.00637365 -0.00799024 -0.00320808 0 0 0 0 0 0 0 0 3.58793 7.95016 556.418 1927.23 
0.00512921343733695276 0.126865 1 7823 0 15.6707 14.1002 0 0 1 -0.0061992 -0.000654916 -0.00591221 0 -0 0 0 0 -0 0 0 2.70984 5.36954 430.797 628.518 
0.00515284700885332552 0.047937 0 36465 0.418763 15.5389 13.9814 0 01 0 0 0 0 0 0 0 0 0 0 0 6.20549 9.69007 287.482 1708.84 
0.00517827720339755163 0.730882 0 170525 38.7956 15.52 13.9644 0 01 0 0 0 0 0 0 0 0 0 0 0 0 5.94028 0 0 
0.00518582957782943565 0.322409 1 23355 0 15.3835 13.8414 0 0 1 0.0189179 3.5707 -0.0422073 0 0 0 0 0 0 0 0 3.89891 8.49637 87.3375 656.189 
0.00518961766156711933 0.270096 0 70798 0.102588 15.4067 13.8623 0 01 -0 0 0 0 -0 0 0 0 -0 0 0 2.78632 7.3359 0 254.404 
0.00520005944945282558 1.41444 0 167586 38.5806 15.3359 13.7985 0 01 0 0 0 0 0 0 0 0 0 0 0 2.85671 4.26631 0 0 
0.00521588642355258394 0.144646 1 79197 0 15.3435 13.8054 0 0 2 0.0106132 -0.00201054 -0.00153244 0 0 -0 0 0 0 -0 0 5.30509 9.23071 965.025 2705.58 
0.00522636401316535406 0.230982 1 159247 0 15.2571 13.7275 0 0 2 0.00335201 -0.00175473 -0.00133845 0 0 -0 0 0 0 -0 0 5.78286 9.69098 58.7636 1224.4 
0.00528818969208927174 0.297695 0 246799 0.299148 15.1229 13.6066 0 01 0 0 0 0 0 0 0 0 0 0 0 6.77502 13.1287 999.818 1426.65 
0.00528818969208927174 0.758792 0 87721 37.6852 15.0441 13.5357 0 01 0 0 0 0 0 0 0 0 0 0 0 3.71242 8.93837 0 0 
0.00528818969208927174 1.01154 0 159486 37.6837 15.0235 13.5171 0 01 -0 0 0 0 -0 0 0 0 -0 0 0 2.04658 4.09993 0 0 
0.0053563781244753807 0.231793 0 162583 37.01 14.914 13.4185 0 01 0 0 -0 0 0 0 -0 0 0 0 -0 5.03915 11.6356 603.143 1229.54 
0.0053563781244753807 0.473063 1 32995 0 14.8897 13.3966 0 0 1 -0.000554311 0.0090408 -0.00658128 0 -0 0 0 0 -0 0 0 2.76523 10.1435 0 146.541 
0.00536791492288193808 0.211328 0 24007 0.150989 14.9811 13.4789 0 01 0 0 0 0 0 0 0 0 0 0 0 4.70683 8.8651 173.054 1226.85 
0.00536791492288193808 0.952701 0 169315 36.9321 14.9806 13.4785 0 01 0 -0 0 0 0 -0 0 0 0 -0 0 1.92825 3.84313 0 13.1864 
0.00537529268240122433 0.513613 0 144496 36.8656 15.004 13.4995 0 01 0 -0 0 0 0 -0 0 0 0 -0 0 2.04861 7.24561 0 0 
0.00538796224381419674 0.668078 0 62469 36.8054 14.9633 13.4629 0 01 0 -0 0 0 0 -0 0 0 0 -0 0 3.38127 12.879 0 81.1716 
0.00538796224381419674 1.35224 0 149543 36.7563 14.9956 13.492 0 01 -0 0 0 0 -0 0 0 0 -0 0 0 1.33409 12.1353 0 0 
0.00542512464768562727 0.862426 0 143944 36.4785 36.3642 17.2824 0 01 0 0 0 0 0 0 0 0 0 0 0 4.28863 14.5253 10.1098 536.602 
0.00547507799741468563 0.57093 0 198841 35.9894 35.8792 27.7988 0 01 0 0 0 0 0 0 0 0 0 0 0 0.584671 2.86895 0 0 
0.00548502679081210899 0.609164 0 128347 35.8955 35.7861 29.6982 0 01 0 0 0 0 0 0 0 0 0 0 0 5.40352 9.59632 17.5171 286.085 
0.00548595578645375698 0.493702 0 52396 35.881 35.7716 29.8965 0 01 0 0 0 0 0 0 0 0 0 0 0 0.503541 2.46371 0 0 
0.00549293364577909705 0.21884 1 186579 0 35.7104 30.0087 0 0 2 -0.00257624 0.0125362 -0.00669996 0 0 0 -0 0 0 0 -0 2.4913 8.62553 0 452.763 
0.00550500371837725835 0.27877 0 90793 0 35.6045 29.9211 0 01 0 0 0 0 0 0 0 0 0 0 0 4.02705 6.30841 379.838 561.675 
0.00550910403098726908 0.0940741 1 102873 0 35.5744 29.8857 0 0 1 -0.0111725 -0.00788149 -0.00297612 0 0 0 0 0 0 0 0 3.6594 6.02741 559.148 1769.87 
0.00553247458350451717 0.227977 0 212816 0.121014 36.2777 18.7247 0 01 0 0 0 0 0 0 0 0 0 0 0 9.0128 13.5756 1213.61 2716.19 
0.00555651853380533314 1.02056 0 87366 35.2759 35.1715 29.6806 0 01 0 -0 0 0 0 -0 0 0 0 -0 0 2.04232 13.2927 0 0 
0.00556123021553646749 0.50974 0 57393 35.2741 35.1696 29.6462 0 01 0 0 -0 0 0 0 -0 0 0 0 -0 2.58962 7.75683 0 0 
0.00556123021553646749 2.03583 0 191220 35.2742 35.1697 29.6481 0 01 0 0 0 0 0 0 0 0 0 0 0 0 6.18486 0 0 
0.00557431382997736202 2.39046 0 196116 35.192 35.0883 29.662 0 01 0 0 0 0 0 0 0 0 0 0 0 2.39046 2.39046 0 0 
0.00560132461085169776 0.340071 1 134648 0 14.1362 11.9582 0 0 1 5.10254 -42.5021 -0.895147 0 0 0 0 0 0 0 0 1.33396 5.61287 34.9568 135.843 
0.00560705740941672571 0.178802 1 165929 0 34.7868 29.5757 0 0 2 0.0020805 0.000938736 -0.00237281 0 0 0 0 0 0 0 0 5.09394 9.41167 666.029 2474.89 
0.00561688648712130485 0.779936 1 137507 0 34.6922 29.5042 0 0 1 0.00251921 -0.00363113 0.00502516 0 0 0 0 0 0 0 0 2.35057 4.6987 0 150.973 
0.00566221084462074139 0.162622 1 43247 0 34.3273 29.3583 0 0 1 -0.00240664 0.011261 0.00309856 0 0 0 0 0 0 0 0 4.5769 8.40913 56.5104 2010.22 
0.00567269143473782527 0.0416438 1 71669 0 34.2493 29.2322 0 0 2 -0.00378648 0.00530754 0.00477326 0 0 0 0 0 0 0 0 6.27779 10.6257 1449.82 3738.34 
0.00568834970259398352 0.265665 0 38744 0.16444 34.5791 28.6169 0 01 0 0 -0 0 0 0 -0 0 0 0 -0 0 0 0 0 
0.00579625093544129319 0.164032 1 17420 0 33.3313 28.9241 0 0 1 -0.00194515 -0.00301548 -0.00477722 0 0 0 0 0 0 0 0 0 0 0 0 
0.00580340275839337939 1.47636 0 195542 33.3682 33.2785 28.7635 0 01 0 0 0 0 0 0 0 0 0 0 0 2.96513 5.93162 0 96.0908 
0.00583490630131425821 0.682689 0 149405 33.1739 33.0856 28.7796 0 01 0 0 0 0 0 0 0 0 0 0 0 2.01707 9.4402 0 0 
0.00583641654244356108 0.50125 0 140577 33.135 33.0471 28.7748 0 01 0 0 0 0 0 0 0 0 0 0 0 0.984375 3.4201 0 0 
0.00585073172910905489 0.323772 0 138555 33.057 32.9696 28.6957 0 01 0 0 0 0 0 0 0 0 0 0 0 2.97395 8.62338 0 312.099 
0.00589094470613168303 0.59952 0 41308 32.768 32.6827 28.551 0 01 0 0 0 0 0 0 0 0 0 0 0 0 4.79622 0 0 
0.00593970239757777782 0.933968 0 30052 32.4488 32.3658 27.9302 0 10.78521 9.35401 -1.39277 -5.18488 0 0 -0 0 0 0 -0 0 1.88396 7.53949 0 194.178 
0.00595780403103576047 0.111498 0 107151 0.279836 32.2239 27.5588 0 8.808331 3.10923 -8.23547 -0.310576 0 0 -0 0 0 0 -0 0 2.8253 6.50982 95.0592 1829.79 
0.00596377158864066538 0.908503 0 176355 32.2815 32.1997 27.4978 0 18.89531 15.5298 5.79841 9.06833 0 0 0 0 0 0 0 0 1.8443 3.68629 0 0 
0.00597128268778199765 1.00381 1 175769 32.2172 32.1421 11.4119 0 0 1 1.77587 1.84682 1.01866 0 0 0 0 0 0 0 0 0 1.9992 0 0 
0.00598680283304970588 0.791246 0 121925 32.1195 32.0388 26.9109 0 20.18561 17.9841 7.57033 -5.16941 0 0 0 0 0 0 0 0 1.56738 3.9171 0 0 
0.00600872155800936773 0.589081 0 139792 31.9889 31.9091 26.6022 0 26.26311 14.0748 -7.73181 -20.7815 0 0 0 -0 0 0 0 -0 2.88958 3.45504 0 249.414 
0.00607236790630603582 1.96922 0 194863 31.5906 31.5136 25.3705 0 43.28261 -40.4883 11.1343 -10.4931 0 -0 0 0 0 -0 0 0 0 0 0 0 
0.00608499599703328335 0.616493 0 15422 0.261719 31.421 25.0827 0 32.36831 -21.29 -24.2421 -2.60071 0 0 0 -0 0 0 0 -0 0.610474 7.25302 0 49.5714 
0.00609038512485106029 0.565802 0 55686 31.4713 31.3951 25.0045 0 27.71641 -7.77057 -25.5446 7.43592 0 0 -0 0 0 0 -0 0 2.75665 4.44129 0 361.352 
0.00612377699050416831 0.195441 0 154920 31.2574 31.1827 24.3507 0 69.9821 23.3994 41.7703 -51.0412 0 0 0 0 0 0 0 0 0 0 0 0 
0.00616737539960516418 0.12464 0 67849 31.2414 31.1668 24.3016 0 67.92761 3.07072 43.6005 51.9974 0 0 0 0 0 0 0 0 0 0 0 0 
0.00616737539960516418 0.129323 0 34930 31.0161 30.943 23.6222 0 48.2451 15.7407 -7.81563 44.9303 0 0 0 0 0 0 0 0 0 0 0 0 
0.00616737539960516418 0.449008 0 66897 0.170389 31.1596 24.2807 0 89.50351 54.2956 55.3298 -44.7378 0 0 0 0 0 0 0 0 10.9218 24.436 304.151 866.386 
0.00616737539960516418 1.41587 0 184947 31.2345 31.1599 24.2818 0 24.51821 -24.5151 0.268197 -0.280284 0 0 0 0 0 0 0 0 5.62778 25.3592 20.6122 38.5299 
0.00619416386561342895 0.247885 0 30458 30.8936 30.8214 23.2595 0 21.57031 0.425523 -15.3425 -15.156 0 0 0 0 0 0 0 0 6.74235 13.7067 858.749 1695.59 
0.00619997869131665592 0.157985 1 86848 0 30.7535 11.6903 0 0 1 -6.23069 -8.91834 -2.03658 0 -0 0 0 0 -0 0 0 0 0 0 0 
0.00620139853366779084 0.125933 0 79775 30.7969 30.7253 22.9733 0 49.76491 40.5853 3.40257 28.5971 0 0 0 0 0 0 0 0 2.49204 7.05856 5.17762 350.329 
0.00620447459274721044 0.213665 1 0 0 30.7219 22.963 0 0 1 30.3807 66.7434 23.3632 1 34.2502 68.2007 14.1183 0 0 0 0 3.54494 9.24806 4.11713 37.2907 
0.00620861428387580946 1.90565 0 177987 30.7625 30.6911 22.8718 0 52.74391 -50.6391 7.2836 12.8279 0 -0 0 0 0 -0 0 0 0 0 0 0 
0.00621873582119410184 0.879542 0 59481 30.6952 30.6242 22.6752 0 98.25511 -55.3075 15.799 -79.6588 0 -0 0 0 0 -0 0 0 0.873277 0.873277 0 0 
0.00622140331377309726 1.37508 0 194475 30.6804 30.6095 22.6319 0 17.2981 9.69212 -12.1459 7.59989 0 0 0 0 0 0 0 0 0 1.35154 0 0 
0.00625380594460178772 0.293264 1 0 0 30.4506 22.1695 0 0 1 -52.1234 11.0967 -30.9735 1 -62.2085 -10.458 -21.6197 0 -0 0 0 9.9494 22.3864 482.558 1398.86 
0.00625380594460178772 0.669877 0 132704 30.5626 30.4925 22.2917 0 214.6231 -70.5101 -190.91 68.1519 0 0 0 0 0 0 0 0 11.8998 31.0642 22.978 55.9973 
0.00625380594460178772 1.04172 0 169885 30.6318 30.5612 22.4902 0 38.46551 -38.3993 -2.0506 -0.938521 0 0 -0 0 0 0 -0 0 6.22518 23.9493 4.95407 183.452 
0.00627326184775723553 0.0834193 0 89901 30.3874 30.3185 21.7886 0 105.391 -7.06437 23.5048 102.492 0 -0 0 0 0 -0 0 0 2.18993 7.03693 25.486 499.432 
0.00632209535640436329 1.0518 0 183892 30.1223 30.055 21.0442 0 76.57941 66.5017 23.8534 29.5455 0 0 0 0 0 0 0 0 1.0518 3.14638 0 0 
0.00633527412347577226 0.472035 0 43108 30.0418 29.9751 20.8212 0 61.76361 -20.2824 -18.2502 55.4103 0 -0 0 0 0 -0 0 0 1.41117 4.77017 0 97.3984 
0.00633752321665909894 0.369611 0 27397 30.0313 29.9646 20.791 0 93.90021 32.2876 -87.8153 -7.95158 0 0 0 -0 0 0 0 -0 1.12154 6.08009 256.204 256.204 
0.00634068147985658581 1.81322 0 154589 30.0242 29.9576 20.7711 0 171.2621 129.097 -96.5681 57.7862 0 0 0 0 0 0 0 0 0 0 0 0 
0.00639039789938534997 0.240787 1 0 0 29.6853 20.0256 0 0 1 95.5873 -73.3014 -41.0773 1 100.274 -63.7835 -47.1147 0 0 0 0 3.26655 7.14329 641.861 1068.69 
0.00640393731174516718 0.354223 0 48688 0.341704 29.6136 19.8307 0 52.66891 51.5128 8.20331 -7.29042 0 0 0 0 0 0 0 0 1.69902 3.76288 0 0 
0.00644121153524890386 0.187462 1 206604 0 14.7914 13.3081 0 0 2 -1.65721 2.16868 -1.14974 0 -0 0 0 0 -0 0 0 0 0 0 0 
0.00644938828102307495 0.794765 0 153147 29.442 29.3791 19.2053 0 195.3351 -116.802 -1.79792 156.556 0 0 0 0 0 0 0 0 3.21644 7.24862 0 0 
0.00647963835695070534 0.769233 0 152125 29.2841 29.2221 18.7933 0 86.66621 11.2265 85.9006 2.46535 0 0 0 0 0 0 0 0 0 1.56001 0 0 
0.00650323183555546937 0.249234 1 0 0 11.5812 7.46609 0 0 1 44.6215 68.2509 -109.088 1 859.892 -664.233 -233.19 0 0 0 0 1.50195 6.15896 0 348.927 
0.00651078748432001517 0.892135 0 95010 29.1241 29.0632 18.3822 0 146.4931 38.292 25.3431 -139.11 0 0 0 0 0 0 0 0 0.886584 4.43195 0 0 
0.00652009662744722478 0.383151 0 6292 29.1038 29.043 18.3311 0 201.3391 -152.379 38.3692 -125.881 0 0 0 0 0 0 0 0 1.57751 5.09025 0 202.606 
0.00653185196819795061 1.78073 0 185079 29.0216 28.9613 18.1228 0 99.93141 -94.7598 -1.54708 31.6936 0 -0 0 0 0 -0 0 0 0 0 0 0 
0.00654477678184585149 0.841342 0 54359 28.9575 28.8976 17.9606 0 135.1521 -125.339 -38.9947 32.1801 0 -0 0 0 0 -0 0 0 2.51131 4.18043 0 0 
0.0065491312567702558 0.224982 0 179360 28.9337 28.874 17.9019 0 147.311 -80.2172 -110.06 56.1448 0 0 0 0 0 0 0 0 3.20287 8.12623 155.667 1577.28 
0.00657361287344689071 0.243517 1 204329 0 16.3589 14.7202 0 0 2 0.522133 0.9043 2.32407 0 0 0 0 0 0 0 0 6.68311 13.1636 468.25 2004.33 
0.00657549060499826744 0.350926 0 29137 28.8047 28.7457 17.5794 0 128.8871 121.447 -37.9155 20.6155 0 0 0 0 0 0 0 0 1.05609 5.28004 5.92783 94.5157 
0.00657990004223738163 2.02587 0 126118 28.7826 28.7237 17.5244 0 196.6641 196.568 -5.20453 -3.31659 0 0 0 -0 0 0 0 -0 0 0 0 0 
0.00659815357925381055 0.199858 0 23097 0.0859069 28.6322 17.2979 0 137.1331 51.6588 82.9958 -96.1698 0 0 0 -0 0 0 0 -0 0 0 0 0 
0.00664101202370360327 0.895029 0 61856 28.5407 28.4833 16.9324 0 107.0331 -86.2002 14.1717 -61.8452 0 0 0 -0 0 0 0 -0 7.07865 15.9538 153.14 153.14 
0.00665563655065033732 0.214505 1 0 0 28.4154 16.768 0 0 1 87.7682 -24.3186 36.8184 1 86.8487 -44.8175 25.3344 0 0 0 0 12.2574 21.1557 1092.7 2482.71 
0.00665563655065033732 0.223331 1 0 28.4169 28.3605 13.3999 0 0 1 -31.1083 41.0703 -34.0685 1 -42.4163 12.4987 35.1489 0 0 0 0 12.2574 21.1557 1092.7 2482.71 
0.00665563655065033732 0.640963 0 162556 28.4539 28.397 16.7231 0 138.0451 24.7557 -86.4954 -104.7 0 0 0 -0 0 0 0 -0 3.24964 12.348 0 0 
0.0066825035680153173 0.558793 0 99537 28.3536 28.2973 16.4837 0 194.3521 -194.136 -8.04352 4.35483 0 0 0 0 0 0 0 0 11.3505 23.9288 12.4028 554.232 
0.0066825035680153173 0.729897 0 106288 28.3056 28.2495 16.3695 0 128.3981 29.1271 -93.5038 83.0348 0 0 0 0 0 0 0 0 10.9134 24.7127 330.804 710.283 
0.0066825035680153173 1.3336 0 185355 28.3386 28.2824 16.4477 0 127.971 4.39841 -126.324 -19.9784 0 0 0 -0 0 0 0 -0 3.973 21.1448 0 33.4733 
0.0066825035680153173 3.58624 0 193763 28.3885 28.3319 16.5673 0 140.8881 34.5637 -136.566 2.11086 0 0 0 0 0 0 0 0 0 3.3203 0 0 
0.00668736363481332863 1.3521 0 67839 28.2831 28.2272 16.3175 0 280.6481 -183.272 -168.003 130.189 0 0 -0 0 0 0 -0 0 0 5.42243 0 0 
0.006710332001392115 0.586933 0 39238 28.202 28.1466 16.1251 0 163.6891 29.0247 161.094 -0.751303 0 0 0 0 0 0 0 0 3.40741 11.4063 0 110.735 
0.00673810964738571008 0.837284 0 6219 28.0697 28.0151 15.8168 0 152.2981 -152.096 2.27623 7.49916 0 -0 0 0 0 -0 0 0 5.81729 20.8503 119.366 119.366 
0.00674507071262125512 0.334543 0 41160 28.0132 27.9589 15.6862 0 204.3381 -22.7844 -190.642 69.9333 0 0 -0 0 0 0 -0 0 3.11793 9.40768 0 959.209 
0.00674507071262125512 0.769119 0 129944 28.0037 27.9494 15.6642 0 184.8691 30.2623 -10.5658 -182.069 0 0 0 0 0 0 0 0 4.5228 8.30032 97.1693 186.787 
0.00674507071262125512 1.04081 0 171631 28.0086 27.9544 15.6753 0 130.4581 -97.5187 -85.7269 -12.6587 0 -0 0 0 0 -0 0 0 0 3.11337 0 0 
0.00674868879283913124 1.04831 0 73589 27.9947 27.9405 15.6436 0 253.221 192.134 -7.67034 -164.762 0 0 0 -0 0 0 0 -0 3.11795 5.1866 0 44.3024 
0.00675568762078124392 0.558052 0 185527 27.9668 27.9128 15.5792 0 141.4321 -98.2208 37.9978 94.402 0 0 0 0 0 0 0 0 1.08464 5.44929 33.1676 33.1676 
0.00679704262511285438 0.452851 1 0 0 11.0272 6.79156 0 0 1 -80.6556 10.7236 26.3498 1 -115.905 370.139 -234.43 0 -0 0 0 11.496 24.8932 138.737 229.394 
0.00682327088897374118 1.82688 0 132710 27.7405 27.6877 15.0647 0 117.5771 111.253 0.514604 -38.0367 0 0 0 -0 0 0 0 -0 1.87523 18.6447 0 0 
0.0068640756917565807 0.19148 0 211180 0.0971093 24.2035 21.7831 0 01 0 -0 0 0 0 -0 0 0 0 -0 0 0 0 0 0 
0.0068640756917565807 1.49154 0 166801 27.6131 27.5611 14.7801 0 248.731 119.647 130.807 174.473 0 0 0 0 0 0 0 0 4.50946 25.5918 0 82.5109 
0.00688197856932084868 0.328058 0 18064 0.133395 27.397 14.4166 0 106.6661 99.705 37.8152 -2.56112 0 0 0 -0 0 0 0 -0 6.7953 17.3149 422.806 1171.66 
0.00688197856932084868 0.889694 0 129927 27.4288 27.3778 14.3748 0 256.8691 -221.124 111.996 67.4014 0 0 0 0 0 0 0 0 2.68766 10.7404 0 19.1757 
0.0069155622637030725 0.703825 0 149264 27.311 27.2607 14.119 0 201.0131 183.883 -45.8809 -66.9953 0 0 -0 0 0 0 -0 0 7.07684 17.0365 0 234.679 
0.00693415030993310959 0.129635 0 141353 27.2499 27.1999 13.9864 0 85.28921 -24.368 -77.7059 -25.3426 0 0 -0 0 0 0 -0 0 0 0 0 0 
0.00693415030993310959 1.01828 0 181037 27.2189 27.1691 13.9202 0 214.2521 -174.058 -102.8 -70.9926 0 0 0 -0 0 0 0 -0 3.02978 9.12516 92.952 92.952 
0.00695937350235446405 0.281067 0 81542 0.212788 27.4939 14.2869 0 316.5371 252.436 -67.3415 -178.709 0 0 0 0 0 0 0 0 12.6456 25.0833 646.46 1896.57 
0.0069634598587219312 1.89779 0 187038 27.069 27.0199 13.602 0 203.6071 202.504 -20.6393 -4.69248 0 0 0 0 0 0 0 0 0 0 0 0 
0.00710892851885522748 0.248581 0 49516 26.5959 26.5495 12.6275 0 164.9171 -135.005 13.0823 -93.8088 0 0 0 -0 0 0 0 -0 13.2708 26.8459 715.208 2974.12 
0.00710892851885522748 0.911347 0 131361 26.4753 26.4295 12.3867 0 281.3221 -20.4082 -88.7304 -266.181 0 -0 0 0 0 -0 0 0 7.23969 26.1708 110.894 480.134 
0.00714861914674092859 0.171679 0 18681 26.3216 26.2766 12.0832 0 137.8881 -90.2903 -103.029 -15.6824 0 -0 0 0 0 -0 0 0 0 0 0 0 
0.00714861914674092859 0.417298 0 125335 26.327 26.282 12.0941 0 360.2741 353.256 42.5026 56.5772 0 0 0 0 0 0 0 0 1.70604 6.41166 0 47.7168 
0.00719472132769179065 0.364787 0 89672 26.1819 26.1376 11.8116 0 73.89311 9.62194 14.5735 -71.7999 0 0 0 0 0 0 0 0 11.7166 24.9696 334.143 1134.37 
0.00719472132769179065 0.507375 0 8327 0.642819 26.1635 11.8625 0 260.0221 228.657 -94.7947 -79.633 0 0 -0 0 0 0 -0 0 9.9626 23.8908 166.264 658.831 
0.00719472132769179065 0.690414 0 145174 26.2275 26.183 11.9004 0 214.8971 97.1075 -174.129 -80.1871 0 0 0 0 0 0 0 0 13.1275 28.2993 272.043 660.659 
0.00719472132769179065 0.922746 0 170681 26.196 26.1516 11.839 0 356.3721 -353.064 -46.8201 12.4271 0 0 0 0 0 0 0 0 9.30177 20.4322 60.5364 186.233 
0.00719472132769179065 2.55463 0 195209 26.2463 26.2017 11.9366 0 117.5741 -113.668 4.1759 29.7618 0 0 0 0 0 0 0 0 0 5.13798 0 0 
0.00722864106296141912 0.869783 0 131510 26.0311 25.9876 11.5237 0 71.87821 -50.5912 33.426 -38.5968 0 0 0 0 0 0 0 0 6.98454 17.4171 0 178.764 
0.00722864106296141912 0.892561 0 171637 26.0749 26.0312 11.6071 0 275.7511 -99.8016 -248.332 -66.405 0 0 -0 0 0 0 -0 0 8.10206 17.1103 79.1222 102.285 
0.00722864106296141912 1.27365 0 158284 26.0693 26.0256 11.5961 0 432.981 -21.33 -286.691 -323.766 0 -0 0 0 0 -0 0 0 5.18382 22.0176 16.052 16.052 
0.00725658951373575264 0.11926 0 9348 0.591674 26.1761 12.4264 0 289.591 265.325 -115.436 -11.8173 0 0 0 -0 0 0 0 -0 0 0 0 0 
0.00727247140472963346 0.580147 0 75139 25.8884 25.8456 11.2553 0 211.8171 34.438 177.085 111.002 0 0 0 0 0 0 0 0 2.92012 14.0262 0 616.414 
0.00728985222436067618 0.547731 0 149828 25.8174 25.775 11.1231 0 241.7081 -241.586 7.12161 -2.85471 0 0 0 0 0 0 0 0 5.04498 13.9965 0 0 
0.00728985222436067618 0.689194 0 60209 25.824 25.7816 11.1348 0 321.481 258.236 12.5781 191.063 0 0 0 0 0 0 0 0 6.27077 23.5748 0 35.6969 
0.00731606653160148633 0.263692 0 39421 0.104131 26.642 12.8157 0 53.50561 37.6503 -14.5375 35.1278 0 0 0 0 0 0 0 0 10.8567 20.0962 681.937 1495.26 
0.00731606653160148633 0.910296 0 77143 25.7174 25.6756 10.9381 0 240.1561 -77.5815 156.714 164.611 0 0 0 0 0 0 0 0 3.65018 22.6716 0 22.2192 
0.00733147065812118047 0.451312 0 64738 25.6395 25.598 10.7957 0 223.3081 -202.187 74.8052 -58.2356 0 -0 0 0 0 -0 0 0 2.55842 9.06855 58.5164 450.947 
0.00734525717879155448 0.702787 0 166175 25.6275 25.5862 10.7744 0 388.2671 218.65 -189.926 -258.595 0 0 0 0 0 0 0 0 5.56369 15.3364 60.6251 232.988 
0.00736513195449806004 1.36465 0 105386 25.5418 25.5008 10.619 0 339.9721 -211.856 145.521 222.534 0 -0 0 0 0 -0 0 0 2.76826 12.4313 0 0 
0.00738603733632143926 0.878446 0 126498 25.4469 25.4064 10.4488 0 214.5951 127.758 -160.546 -62.8805 0 0 -0 0 0 0 -0 0 9.70735 23.7996 182.757 208.382 
0.00739735745168470897 0.291194 0 112460 25.4119 25.3715 10.3863 0 203.0741 201.015 8.11398 -27.6764 0 0 0 -0 0 0 0 -0 4.62598 11.3563 0 717.147 
0.00747609766422303347 3.16337 0 190546 25.1519 25.1129 9.93172 0 311.5691 308.086 40.2229 -23.2462 0 0 0 0 0 0 0 0 0 0 0 0 
0.00752150072009413924 1.24645 0 165019 24.9833 24.9451 9.64376 0 313.9291 135.665 83.4274 -270.529 0 0 0 0 0 0 0 0 4.89298 7.33745 0 0 
0.00753775189672074419 1.31667 0 81629 24.9271 24.8892 9.5488 0 145.7571 80.9343 -63.8467 -103.045 0 0 -0 0 0 0 -0 0 1.31554 3.90019 141.991 141.991 
0.00754460561616053169 1.89967 0 185177 24.903 24.8652 9.5082 0 441.7471 432.054 87.3437 -28.997 0 0 0 0 0 0 0 0 0 1.87518 0 0 
0.0075600846917010401 0.0675593 0 186121 24.8636 24.826 9.44236 0 143.6051 27.0162 0.163428 141.041 0 0 0 0 0 0 0 0 0 0 0 0 
0.0075600846917010401 1.69885 0 163317 24.8582 24.8206 9.4332 0 202.0951 -50.8925 -187.908 -54.2498 0 0 0 -0 0 0 0 -0 0 0 0 0 
0.00756393464714473062 2.86317 0 197303 24.8468 24.8093 9.41449 0 220.9191 84.6465 -119.006 165.765 0 0 -0 0 0 0 -0 0 0 2.86317 0 0 
0.0076313940641916508 0.592325 0 87460 24.6284 24.5919 9.05478 0 267.3851 74.1404 -251.447 -52.6534 0 0 0 0 0 0 0 0 8.81836 19.4893 0 191.182 
0.00765776481394934028 0.374248 1 0 0 24.5008 8.9066 0 0 1 -8.06493 -220.248 170.512 1 10.0307 -209.547 185.13 0 0 0 0 2.91165 6.85258 0 211.875 
0.00768653156675954026 0.126518 0 73656 1.10946 24.4124 8.76455 0 86.26821 11.7493 -83.3999 18.6712 0 0 0 0 0 0 0 0 0 0 0 0 
0.00772031994065500334 1.77706 0 144498 24.3374 24.3022 8.58951 0 203.4511 136.302 150.739 -9.58267 0 0 0 -0 0 0 0 -0 0 10.5195 0 0 
0.00772534119571368066 0.962884 0 187804 24.3237 24.2886 8.56808 0 176.7351 5.36144 105.268 -141.863 0 0 0 0 0 0 0 0 1.95589 2.93121 0 0 
0.00772950286478878753 0.557555 0 118226 24.3179 24.2828 8.55889 0 283.4721 -244.504 -77.2994 -120.827 0 0 -0 0 0 0 -0 0 0.552358 6.2383 0 0 
0.00776179830014155341 2.3964 0 165677 24.2251 24.1905 8.41443 0 340.7531 -155.622 -302.239 -23.3655 0 0 -0 0 0 0 -0 0 0 0 0 0 
0.00790565565925746908 2.41931 0 98258 23.7794 23.7468 7.74216 0 395.3851 394.523 15.179 -21.2254 0 0 0 0 0 0 0 0 0 2.38778 0 0 
0.00792704200513832426 0.741369 0 83813 23.7236 23.6912 7.66052 0 50.57881 10.4744 -42.1522 25.9171 0 0 0 0 0 0 0 0 1.50374 5.29474 0 0 
0.00793842983744825863 0.777354 0 109592 23.684 23.6518 7.60303 0 127.7761 22.3251 -97.5666 79.429 0 0 -0 0 0 0 -0 0 3.94028 11.8205 8.21168 124.423 
0.00795699867796039774 0.874066 0 96095 23.6268 23.5949 7.52048 0 320.0591 -195.005 -192.613 -165.261 0 0 0 -0 0 0 0 -0 0.862762 4.3188 57.8736 57.8736 
0.0080035451892464804 0.215747 0 77061 23.5 23.4686 7.33945 0 280.7021 -33.2224 -270.639 66.6674 0 0 0 0 0 0 0 0 0 0 0 0 
0.00800723626535084811 0.264482 0 5708 0.509819 23.4555 7.32065 0 382.3281 7.8936 -304.237 231.414 0 0 0 0 0 0 0 0 2.34231 8.89773 165.871 193.615 
0.00804625613843115012 0.749477 0 74516 23.4024 23.3714 7.202 0 213.2281 2.18185 210.418 -34.4333 0 0 0 0 0 0 0 0 3.78887 8.31281 0 12.5434 
0.00810808780602560383 0.816887 0 190351 23.2074 23.1773 6.93284 0 108.151 4.0403 -19.3103 106.336 0 0 0 0 0 0 0 0 0.798552 3.21538 0 0 
0.00813338400553555857 2.8948 0 199257 23.1499 23.12 6.85467 0 236.5281 -95.8726 -78.1759 -201.599 0 -0 0 0 0 -0 0 0 0 5.52378 0 0 
0.00819062678217674991 0.225544 0 31525 0.1988 22.959 6.63812 0 439.7871 406.153 -143.637 -88.4327 0 0 -0 0 0 0 -0 0 0 0 0 0 
0.0081978123563603237 0.443811 0 78975 22.9598 22.9307 6.60054 0 153.1451 -146.748 -42.794 9.32344 0 0 0 0 0 0 0 0 3.11019 6.63808 3.80439 275.059 
0.00822972283893102542 1.15061 0 175854 22.8738 22.8451 6.48784 0 169.8361 -96.8765 -109.093 86.9376 0 -0 0 0 0 -0 0 0 0 2.25596 0 0 
0.00823981152972205581 0.789684 0 159018 22.8485 22.8199 6.4549 0 379.2781 -379.258 1.76223 -3.45979 0 0 0 0 0 0 0 0 0.802673 6.3354 0 0 
0.00824425886568145617 0.0642219 0 106367 0.772467 22.8167 6.45076 0 289.5211 106.251 91.8013 253.191 0 0 0 0 0 0 0 0 0 0 0 0 
0.00826567471181812764 1.52237 0 153408 22.7891 22.7607 6.37795 0 416.7211 -365.323 -197.291 -35.659 0 0 0 -0 0 0 0 -0 1.5316 6.15828 0 34.5345 
0.00834769263744153389 0.897144 0 148434 22.568 22.5405 6.09711 0 247.9561 -240.46 -39.6004 -45.7463 0 -0 0 0 0 -0 0 0 0 0.911547 0 0 
0.00839702268826957206 0.275588 1 0 0 22.4181 5.9448 0 0 1 -109.318 -236.445 -6.47338 1 -110.045 -236.928 25.5255 0 0 0 0 4.02394 9.74023 52.0218 400.674 
0.00841191284126430357 0.315023 0 45426 22.4067 22.3799 5.8978 0 209.2871 91.7427 -2.31958 -188.093 0 0 0 -0 0 0 0 -0 0.617224 4.45873 0 211.854 
0.00846669932677901992 0.133408 0 234806 0.184525 14.913 13.4176 0 01 -0 0 0 0 -0 0 0 0 -0 0 0 0 0 0 0 
0.00846669932677901992 0.438292 0 5085 0.459282 22.2507 5.74073 0 105.8811 105.795 -1.54157 -3.97145 0 0 0 -0 0 0 0 -0 3.10598 6.16079 0 45.0244 
0.00851046755342727522 1.26102 0 161955 22.1664 22.1406 5.60913 0 285.4931 -274.148 -2.65405 -79.6385 0 0 0 -0 0 0 0 -0 0 1.24395 0 0 
0.0085172103251714322 0.744917 0 1919 22.1494 22.1235 5.58901 0 327.4931 -277.263 -121.832 -124.635 0 0 -0 0 0 0 -0 0 0 0.737423 0 0 
0.00854105234314391122 2.60113 0 189779 22.0877 22.0621 5.51668 0 160.1661 -141.855 74.0748 -6.56899 0 0 0 0 0 0 0 0 0 0 0 0 
0.00855752105752431019 0.277783 0 153745 22.0528 22.0274 19.6482 0 01 0 0 0 0 0 0 0 0 0 0 0 1.87434 6.08017 0 0 
0.00855752105752431019 1.60011 0 163978 22.052 22.0265 19.6474 0 01 0 0 0 0 0 0 0 0 0 0 0 0 0 0 0 
0.00858293330411588618 1.84819 0 143717 21.9963 21.9711 19.5997 0 01 -0 0 0 0 -0 0 0 0 -0 0 0 0 5.54974 0 0 
0.00863413163354575554 1.02192 0 150319 21.8709 21.8462 19.4882 0 01 0 -0 0 0 0 -0 0 0 0 -0 0 2.01855 9.17209 0 0 
0.00866973895933689787 1.06677 0 18397 21.7831 21.7586 19.4117 0 01 0 0 0 0 0 0 0 0 0 0 0 2.09434 5.2662 0 16.958 
0.00867422207318814011 0.353197 0 5802 21.7804 21.756 19.4092 0 01 0 0 0 0 0 0 0 0 0 0 0 1.48074 8.19421 145.717 164.663 
0.00868297380384873072 3.36374 0 147298 21.7574 21.7331 19.3885 0 01 0 0 0 0 0 0 0 0 0 0 0 0 3.637 0 0 
0.00869434557952261135 1.41749 0 172139 21.7289 21.7047 19.3634 0 01 -0 0 0 0 -0 0 0 0 -0 0 0 0 4.21199 0 0 
0.00870901106496686436 0.140996 1 57626 0 21.6897 11.0277 0 0 1 -1.54309 0.858536 0.865492 0 0 0 0 0 0 0 0 0 0 0 0 
0.00870901106496686436 1.74137 0 62404 21.7151 21.6909 19.3512 0 01 0 0 0 0 0 0 0 0 0 0 0 3.42391 6.89338 36.9451 36.9451 
0.008745986744785543 0.979884 0 63111 21.6082 21.5844 19.2578 0 01 0 0 0 0 0 0 0 0 0 0 0 0 3.98553 0 0 
0.00877363169091969694 1.69261 0 190379 21.548 21.5245 19.2039 0 01 -0 0 0 0 -0 0 0 0 -0 0 0 0 0 0 0 
0.00878633533412270622 1.06655 0 150526 21.52 21.4966 19.1797 0 01 -0 0 0 0 -0 0 0 0 -0 0 0 0 0 0 0 
0.00879371102505220777 0.083071 0 34929 0.4591 21.4843 19.1686 0 01 0 0 0 0 0 0 0 0 0 0 0 0 0 0 0 
0.00884990705708600493 1.59416 0 139643 0 21.5342 21.7386 0 01 0 0 -0 0 0 0 -0 0 0 0 -0 0 0 0 0 
0.00887914231004458682 0.624989 0 74810 21.3199 21.2972 19.0029 0 01 0 0 0 0 0 0 0 0 0 0 0 1.89158 5.71664 0 27.5078 
0.0088859653722158493 0.854961 0 125439 21.3014 21.2788 18.9864 0 01 0 0 0 0 0 0 0 0 0 0 0 0 2.54071 0 0 
0.00890795836845867384 0.335577 0 2133 0.214982 21.227 18.9403 0 01 0 -0 0 0 0 -0 0 0 0 -0 0 0.627043 5.17605 30.3188 30.3188 
0.00891983600087565415 0.880937 0 74169 21.2241 21.2018 18.918 0 01 0 0 0 0 0 0 0 0 0 0 0 4.39007 10.5464 0 150.004 
0.00893712794865791221 0.92185 0 161127 21.1922 21.1699 18.89 0 01 0 0 0 0 0 0 0 0 0 0 0 0 3.72845 0 0 
0.00900171817716931277 0.341264 0 13778 21.0531 21.0313 18.7669 0 01 0 -0 0 0 0 -0 0 0 0 -0 0 4.1675 9.7636 1.82484 371.094 
0.00902115566851873461 0.343351 0 61834 0.290984 20.9921 18.732 0 01 0 -0 0 0 0 -0 0 0 0 -0 0 2.52006 6.35169 48.3034 141.857 
0.00905963172766599371 1.50374 0 164300 20.9292 20.9079 18.6576 0 01 0 0 0 0 0 0 0 0 0 0 0 1.51214 3.04296 0 0 
0.00906547153065940213 2.08606 0 199578 20.9148 20.8935 18.6448 0 01 0 0 0 0 0 0 0 0 0 0 0 0 2.08606 0 0 
0.00910298343555982978 0.131505 1 203034 0 15.3463 13.808 0 0 2 -0.348362 -0.883529 -0.56209 0 0 -0 0 0 0 -0 0 0 0 0 0 
0.00913534989959313704 1.12293 0 171741 20.7738 20.753 18.5211 0 01 0 0 0 0 0 0 0 0 0 0 0 1.11299 8.99047 0 11.8404 
0.00920538980728347403 0.166331 0 52009 20.6358 20.6155 18.3991 0 01 0 0 0 0 0 0 0 0 0 0 0 0 0 0 0 
0.00922524693199606484 0.0698271 0 33876 1.11937 20.5715 18.36 0 01 0 0 0 0 0 0 0 0 0 0 0 0 0 0 0 
0.0092360042242327911 0.756665 0 163707 20.5744 20.5543 18.3452 0 01 0 0 0 0 0 0 0 0 0 0 0 3.69651 6.68211 0 0 
0.00925327027274015605 0.167344 0 98571 1.03642 20.534 18.3266 0 01 0 0 0 0 0 0 0 0 0 0 0 0 0 0 0 
0.00926530087478216399 0.113522 0 23718 20.5115 20.4916 18.2892 0 01 0 -0 0 0 0 -0 0 0 0 -0 0 0 0 0 0 
0.00930677628128389993 0.608612 0 82874 20.4299 20.4104 18.2169 0 01 0 0 0 0 0 0 0 0 0 0 0 0 0 0 0 
0.009314693026039279 0.915578 0 143635 20.4154 20.3959 18.2046 0 01 0 0 0 0 0 0 0 0 0 0 0 0.924291 5.47073 0 0 
0.00933502815549788929 0.759754 0 148444 20.3789 20.3595 18.1717 0 01 0 0 0 0 0 0 0 0 0 0 0 1.5372 6.15346 0 13.3623 
0.0093450053711930485 0.539775 0 151331 20.3561 20.3367 18.1517 0 01 0 0 0 0 0 0 0 0 0 0 0 2.21412 4.39669 0 0 
0.0093555321553299986 0.396088 0 17368 0 20.3211 18.1374 0 01 0 0 0 0 0 0 0 0 0 0 0 0.728688 5.63808 0 0 
0.00937145098805763042 0.665496 0 29294 20.3085 20.2894 18.1101 0 01 0 0 0 0 0 0 0 0 0 0 0 1.32718 4.01189 0 31.7314 
0.00939522113902848538 0.649676 0 44830 20.2644 20.2454 18.0707 0 01 0 0 0 0 0 0 0 0 0 0 0 2.56142 8.94501 0 0 
0.00941467726670620897 2.09938 0 167944 20.2305 20.2116 18.0408 0 01 0 0 0 0 0 0 0 0 0 0 0 0 4.22175 0 0 
0.0094190004583965814 0.450858 0 88115 20.2206 20.2017 18.0327 0 01 0 0 -0 0 0 0 -0 0 0 0 -0 2.22486 4.4914 7.00373 294.874 
0.0094543214410798132 1.28729 0 148344 20.1477 20.1291 17.968 0 01 0 -0 0 0 0 -0 0 0 0 -0 0 1.30299 6.5365 0 0 
0.00945851365570823943 1.10305 0 59383 20.1415 20.1228 17.9619 0 01 -0 0 0 0 -0 0 0 0 -0 0 0 1.10699 7.67244 0 27.8827 
0.00946814222579700146 0.123323 0 171146 20.1221 20.1035 17.9451 0 01 0 0 0 0 0 0 0 0 0 0 0 7.68723 13.7435 1287.43 2784.2 
0.00951992291752881692 1.74398 0 196880 0.120233 20.2157 20.2324 0 01 0 0 0 0 0 0 0 0 0 0 0 0 0 0 0 
0.00955407825820974409 0.172786 1 144527 0 19.9451 6.86343 0 0 1 -0.0428628 0.805994 1.24708 0 0 0 0 0 0 0 0 0 0 0 0 
0.00956257201687468056 1.65705 0 185677 0.221659 19.9306 21.5809 0 01 0 0 0 0 0 0 0 0 0 0 0 0 0 0 0 
0.00959436966758056391 1.1253 0 173828 19.8898 19.872 17.7388 0 01 0 0 0 0 0 0 0 0 0 0 0 3.38882 6.74626 0 18.4392 
0.00963213798742675736 0.131807 0 1612 19.8229 19.8054 17.6802 0 01 -0 0 0 0 -0 0 0 0 -0 0 0 2.75573 8.56052 214.072 1439.6 
0.00963213798742675736 0.258803 0 7154 19.822 19.8044 17.6792 0 01 0 0 0 0 0 0 0 0 0 0 0 1.30636 5.95215 0 34.8782 
0.00966108722895939881 0.813454 0 73017 19.7728 19.7554 17.6354 0 01 -0 0 0 0 -0 0 0 0 -0 0 0 1.62744 5.63228 0 0 
0.00967997541191860378 5.00582 0 53826 0 19.724 17.6071 0 01 0 0 0 0 0 0 0 0 0 0 0 0 0 0 0 
0.00969649402281160845 0.43838 0 29937 19.7082 19.6909 17.5776 0 01 0 0 0 0 0 0 0 0 0 0 0 1.80771 4.51036 0 0 
0.00970915584373754914 1.82095 0 175405 19.6829 19.6658 17.5558 0 01 0 0 0 0 0 0 0 0 0 0 0 0 0 0 0 
0.00973050412551695887 1.9453 0 184723 19.6454 19.6284 17.5221 0 01 0 0 -0 0 0 0 -0 0 0 0 -0 0 0 0 0 
0.00973300008046733105 0.799843 0 15890 19.6421 19.625 17.5191 0 01 0 0 0 0 0 0 0 0 0 0 0 2.39479 3.99697 0 14.9014 
0.00975193556541468706 1.7293 0 179770 19.6083 19.5914 17.4895 0 01 -0 0 0 0 -0 0 0 0 -0 0 0 0 0 0 0 
0.00994228413294699284 0.313019 0 234100 0.499559 19.6645 15.8199 0 01 0 -0 0 0 0 -0 0 0 0 -0 0 2.2619 6.1224 0 0 
0.0118350396188455463 0.0900881 1 205885 0 8.23232 7.40909 0 0 2 6.11767 -28.6025 -40.1264 0 0 0 0 0 0 0 0 2.37585 5.95789 55.9845 606.025 
0.0129780078862619126 0.0929582 1 201564 0 9.20996 8.28377 0 0 2 4.36131 -6.87098 14.677 0 0 0 0 0 0 0 0 0 0 0 0 
4.94964708809526854 0.0215971 1 0 0 4.08153 13.9702 0 0 0 0 0 0 0 0 0 0 0 0 0 0 39.8268 103.755 59.9896 165.396 
