#1:time #2:r #3.binary? #4:ID #5:zams_m #6:m_progenitor #7:bh mass #8:bh_spin #9:birth-kick(km/s) #10-25:vsarray
0.00315992994230708795 0.278249 1 48795 0 36.5673 32.9106 0 0 1 -0.0143818 -0.00544228 0.00887161 0 0 0 0 0 0 0 0 1.4693 5.03837 43.219 719.614 
0.00316146438190651347 0.309595 1 62090 0 36.1297 32.5167 0 0 2 0.485821 -0.606967 0.286074 0 0 0 0 0 0 0 0 2.34658 4.38303 841.084 1147.76 
0.0031925562666299907 0.161556 1 73525 0 36.4119 32.7707 0 0 2 -0.000442354 -0.0112916 0.0133811 0 0 -0 0 0 0 -0 0 3.73466 6.24059 1922.71 3555.32 
0.00320881642983371958 0.152099 1 40380 0 36.4726 32.8253 0 0 1 -0.225907 0.532411 0.392592 0 0 0 0 0 0 0 0 5.97479 8.54528 259.163 2769.91 
0.00323244683338679917 0.564119 1 245374 0 43.4315 39.0884 0 0 1 -0.290309 -0.0471681 -0.104216 0 0 -0 0 0 0 -0 0 0 2.26034 0 0 
0.00325483505873026867 0.137184 1 257347 0 37.0272 33.3245 0 0 1 0.00612696 0.159285 -0.233402 0 0 0 -0 0 0 0 -0 3.16428 5.9073 111.36 2527.54 
0.0032660822725196592 0.195903 0 115717 0.236562 46.3404 41.7063 0 01 0 0 0 0 0 0 0 0 0 0 0 3.55316 7.80166 343.967 863.173 
0.0032660822725196592 0.346309 1 211230 0 45.9636 41.3673 0 0 2 0.0139777 0.0143866 0.0030515 0 0 0 0 0 0 0 0 3.70892 7.0826 254.886 280.326 
0.00327237009114732637 0.340661 0 174558 126.594 46.1673 41.5506 0 01 0 0 0 0 0 0 0 0 0 0 0 1.66617 3.95112 0 12.0175 
0.00329007264094777338 0.242979 1 175727 0 36.1475 32.5328 0 0 1 -0.048915 -0.343418 0.455095 0 0 -0 0 0 0 -0 0 4.14709 6.21869 558.567 3055.85 
0.00332689447345010545 0.193033 1 337992 0 36.3248 32.6923 0 0 2 0.00186433 -0.00772465 0.00750153 0 0 0 0 0 0 0 0 3.14559 7.26323 282.376 2055.6 
0.0033576072254063046 0.194914 1 10657 0 36.4814 32.8332 0 0 1 0.243202 0.31767 -0.617279 0 0 0 0 0 0 0 0 4.9274 8.01878 609.904 2664.51 
0.0033576072254063046 0.235479 1 111187 0 36.7151 33.0436 0 0 1 0.201397 0.630685 -0.266983 0 0 0 0 0 0 0 0 4.9274 8.01878 609.904 2664.51 
0.0033576072254063046 0.322549 1 232994 0 35.9067 32.3161 0 0 1 0.0138753 -0.0474862 0.553651 0 0 0 0 0 0 0 0 4.36598 7.73872 154.805 915.063 
0.00339246852785886864 1.93915 0 178115 104.318 45.1936 40.6742 0 01 0 0 -0 0 0 0 -0 0 0 0 -0 0 0 0 0 
0.00339460315249960187 0.371231 0 149723 103.931 44.966 40.4694 0 01 0 0 0 0 0 0 0 0 0 0 0 1.11659 2.21003 0 383.007 
0.00342675210044188563 0.126999 1 34242 0 35.436 31.8924 0 0 1 -0.0510163 -0.592153 -0.343385 0 0 0 0 0 0 0 0 4.15674 6.50277 1049.43 2709.05 
0.00347890102272097393 0.258964 0 168168 93.8479 39.584 35.6256 0 01 0 0 0 0 0 0 0 0 0 0 0 3.44949 8.52032 556.15 802.889 
0.00347890102272097393 0.341512 1 61874 0 32.071 28.8639 0 0 1 0.243905 -0.79179 -0.241611 0 0 0 -0 0 0 0 -0 3.08187 6.7622 0 0 
0.00348389050314077547 0.245907 1 150155 0 31.4505 28.3055 0 0 1 -0.346195 0.274725 0.732925 0 0 0 0 0 0 0 0 4.69862 8.72882 1102.43 2231.93 
0.00348389050314077547 0.387902 1 136651 0 31.5165 28.3649 0 0 1 -0.0483171 -0.234113 0.652287 0 -0 0 0 0 -0 0 0 3.25439 9.28829 0 498.723 
0.00349564974086270797 0.751979 0 167048 92.1791 38.6993 34.8294 0 01 0 0 0 0 0 0 0 0 0 0 0 0.743339 1.49929 0 0 
0.00349725382676876594 0.23523 1 51333 0 34.1833 30.765 0 0 2 0.0198607 0.348084 0.715931 0 0 0 0 0 0 0 0 2.04066 5.05015 0 55.9607 
0.00350652854345688894 0.1594 1 9424 0 34.8485 31.3637 0 0 1 0.104679 0.207163 -0.387001 0 0 0 0 0 0 0 0 4.8734 8.15102 1520.39 4936.7 
0.00355113365835977093 0.235924 1 24087 0 35.7557 32.1801 0 0 1 0.00856081 0.0128264 0.0239123 0 0 0 0 0 0 0 0 4.85274 9.39578 501.697 2270.08 
0.00355113365835977093 1.01043 0 159815 87.188 36.1003 32.4903 0 01 0 0 0 0 0 0 0 0 0 0 0 0 4.05635 0 0 
0.00355981865576441951 1.25581 0 374886 0 35.93 32.337 0 01 0 0 0 0 0 0 0 0 0 0 0 3.82373 8.91918 18.084 18.084 
0.00356490902366603333 0.185966 1 78203 0 29.4262 26.4836 0 0 1 0.109763 0.633725 0.0177418 0 0 0 0 0 0 0 0 6.08347 8.64328 3380.54 6333.92 
0.0036644463753116507 0.229442 0 115918 78.7712 31.777 28.5993 0 01 -0 0 0 0 -0 0 0 0 -0 0 0 4.39482 9.7929 153.71 2622.78 
0.0036752760845404687 0.0605713 0 176470 0.227875 31.4155 28.2739 0 01 0 0 -0 0 0 0 -0 0 0 0 -0 3.71806 8.16431 594.332 4042.76 
0.00368959829772048074 0.649747 0 42429 77.2398 30.9963 27.8967 0 01 0 0 0 0 0 0 0 0 0 0 0 3.26945 8.55301 136.465 206.99 
0.00371211011349984995 0.199043 1 239898 0 30.8933 27.804 0 0 2 -0.0810956 -0.277503 -0.301211 0 0 0 -0 0 0 0 -0 3.3328 7.96236 183.002 1353.83 
0.00371211011349984995 0.242839 1 59411 0 28.3933 25.554 0 0 1 -0.277109 -0.132493 0.279126 0 0 -0 0 0 0 -0 0 3.3328 7.96236 183.002 1353.83 
0.00371211011349984995 0.394386 0 100809 75.8412 30.3085 27.2776 0 01 -0 0 0 0 -0 0 0 0 -0 0 0 3.71014 8.20649 0 75.6649 
0.00372145680372328079 0.256603 0 219115 0.0828122 29.641 26.6769 0 01 0 0 0 0 0 0 0 0 0 0 0 4.51383 8.34753 253.607 414.536 
0.00372729632960418352 0.329276 0 102311 75.0149 29.9422 26.948 0 01 0 -0 0 0 0 -0 0 0 0 -0 0 3.78765 11.0072 90.2937 255.637 
0.00375300112588268986 0.645323 0 152617 73.6069 29.2394 26.3155 0 01 -0 0 0 0 -0 0 0 0 -0 0 0 1.92151 5.7336 0 780.99 
0.00379190901910383916 1.22158 0 153939 71.4512 28.1562 25.3406 0 01 -0 0 0 0 -0 0 0 0 -0 0 0 0 7.22834 0 0 
0.00380133661798303431 0.0847451 1 225941 0 36.2973 32.6676 0 0 2 -0.167215 -0.55195 -0.691604 0 0 0 -0 0 0 0 -0 3.65846 8.6985 771.695 2884.7 
0.00380916012346809449 0.948054 0 114706 70.8061 27.846 25.0614 0 01 0 0 0 0 0 0 0 0 0 0 0 0.949398 5.69763 0 0 
0.00382692568858916844 0.234058 1 4485 0 26.0143 23.4128 0 0 1 0.200253 -0.343993 -0.210832 0 0 0 0 0 0 0 0 5.51421 9.98678 1119.25 2501.89 
0.00383499452554628443 0.205832 1 51259 0 27.2128 24.4915 0 0 1 0.00440258 0.00672185 0.0017694 0 0 0 0 0 0 0 0 6.06535 10.3956 492.708 2310.11 
0.00383617464026352138 0.966806 0 290909 0.0931354 27.2197 24.4977 0 01 0 0 0 0 0 0 0 0 0 0 0 0 1.94659 0 0 
0.00385676601349781243 0.407984 0 210723 0.138448 26.7602 24.0841 0 01 0 0 0 0 0 0 0 0 0 0 0 4.93336 10.6669 0 193.78 
0.00388236159687660584 0.307704 0 111328 67.4826 26.2439 23.6195 0 01 0 0 0 0 0 0 0 0 0 0 0 5.08094 12.3108 442.398 752.702 
0.00388236159687660584 0.682666 0 196871 67.4387 26.1878 23.569 0 01 0 0 0 0 0 0 0 0 0 0 0 3.47403 9.69858 0 513.601 
0.00388236159687660584 1.29068 0 121014 67.3249 26.192 23.5728 0 01 0 -0 0 0 0 -0 0 0 0 -0 0 3.85403 9.03115 0 3.49856 
0.00391103748960462769 0.284384 0 71530 66.0952 25.5425 22.9882 0 01 -0 0 0 0 -0 0 0 0 -0 0 0 3.03088 7.42546 0 934.207 
0.00392967546080602668 1.47459 0 150382 65.3114 25.1649 22.6484 0 01 0 0 0 0 0 0 0 0 0 0 0 2.94996 4.41805 0 0 
0.00395537982096777832 0.0626179 1 221010 0 24.8185 22.3367 0 0 2 1.93699e-05 0.00152345 -0.00179373 0 0 0 0 0 0 0 0 6.48474 10.1532 756.518 3654.97 
0.00396281136120174658 0.166766 1 222700 0 25.1032 22.5928 0 0 2 -0.0046509 -0.0114818 -0.00474022 0 0 0 -0 0 0 0 -0 7.25241 11.694 3110.86 4849.01 
0.00396602025997280609 0.0508164 1 88100 0 22.022 19.8198 0 0 1 0.473777 0.484042 -0.730563 0 0 0 -0 0 0 0 -0 2.99416 7.29534 1123.76 3306.56 
0.00398715116938690942 0.412272 0 37142 63.1007 24.1422 21.728 0 01 0 0 0 0 0 0 0 0 0 0 0 1.25635 6.69828 229.793 229.793 
0.00398715116938690942 0.742051 0 287548 2.05071 24.1746 21.7571 0 01 -0 0 0 0 -0 0 0 0 -0 0 0 0 3.72013 0 0 
0.00398864275742539555 0.191476 0 25684 0.478387 24.1048 21.6943 0 01 0 0 0 0 0 0 0 0 0 0 0 2.42859 5.49689 826.385 1841.29 
0.0039933674024413739 0.838045 0 166865 62.8942 24.0203 21.6182 0 01 0 0 0 0 0 0 0 0 0 0 0 2.56776 5.1027 0 0 
0.00403201547794044841 0.237429 1 110778 0 23.3698 21.0328 0 0 2 0.00564085 0.000340907 -0.00244628 0 0 0 0 0 0 0 0 2.90362 7.10684 231.967 1097.45 
0.00403614523552947319 1.14136 0 181303 61.4273 23.328 20.9952 0 01 0 -0 0 0 0 -0 0 0 0 -0 0 0 1.15508 0 0 
0.00404057306226731586 0.344082 1 25991 0 20.6266 18.5639 0 0 1 -0.310848 0.722917 0.205098 0 0 0 0 0 0 0 0 1.42974 3.97049 0 0 
0.0040503573695207986 0.167203 0 197790 61.1754 23.2096 20.8886 0 01 0 0 -0 0 0 0 -0 0 0 0 -0 7.64817 11.2735 2471.58 6582.89 
0.0040503573695207986 1.01915 0 164435 61.1483 23.2224 20.9002 0 01 0 0 0 0 0 0 0 0 0 0 0 1.0118 8.17645 0 0 
0.00406268828987376568 0.523796 0 95702 60.5667 22.9614 20.6652 0 01 0 0 0 0 0 0 0 0 0 0 0 2.11896 7.9515 0 268.376 
0.00406268828987376568 0.577451 0 107024 60.5044 22.9321 20.6389 0 01 0 0 0 0 0 0 0 0 0 0 0 5.2281 11.5536 0 20.1661 
0.00408941389098444168 0.930007 0 156600 59.8262 22.5794 20.3215 0 01 0 0 0 0 0 0 0 0 0 0 0 0 8.35147 0 0 
0.00409221908571945001 0.654262 0 184514 59.5604 22.5115 20.2603 0 01 0 0 -0 0 0 0 -0 0 0 0 -0 0.64637 3.9196 0 0 
0.0040939803300983962 0.700202 0 176147 59.5084 22.4467 20.2021 0 01 0 -0 0 0 0 -0 0 0 0 -0 0 0 1.42255 0 0 
0.00412046109807336254 0.204755 0 85265 0.0829831 21.886 19.6974 0 01 0 0 0 0 0 0 0 0 0 0 0 1.31295 4.46799 193.423 704.296 
0.00415805601027924906 0.307684 1 147276 0 19.9021 17.9119 0 0 2 -0.122784 -0.370402 -0.51329 0 0 -0 0 0 0 -0 0 3.22978 8.71923 259.817 264.842 
0.00415805601027924906 0.452192 0 52253 57.7001 21.6156 19.454 0 01 0 0 0 0 0 0 0 0 0 0 0 4.04339 10.4255 0 50.9459 
0.00418484391155884376 0.647051 0 179664 56.8427 21.2001 19.0801 0 01 0 0 0 0 0 0 0 0 0 0 0 1.99112 4.60746 71.8843 71.8843 
0.00420867835604970576 0.716136 0 134142 56.2477 20.9266 18.834 0 01 0 0 -0 0 0 0 -0 0 0 0 -0 3.52857 7.76355 0 35.0046 
0.00422897413646353918 0.195642 1 223642 0 20.5998 18.5398 0 0 1 -0.00936405 0.00447407 -0.00925037 0 0 0 0 0 0 0 0 5.48556 10.098 601.16 1893.47 
0.00423580577861267741 1.10182 0 128897 55.4251 20.5864 18.5277 0 01 0 0 0 0 0 0 0 0 0 0 0 1.10163 6.5681 0 0 
0.00426715782633526903 0.212171 0 10715 1.46546 20.2366 18.2129 0 01 0 0 0 0 0 0 0 0 0 0 0 4.88381 11.2854 18.6055 881.001 
0.00427897765309591741 0.221638 0 28748 1.10983 19.788 17.8092 0 01 0 -0 0 0 0 -0 0 0 0 -0 0 2.18117 6.35177 47.8084 47.8084 
0.00429440561718702051 0.495279 0 6409 0.105271 19.9542 17.9588 0 01 0 0 -0 0 0 0 -0 0 0 0 -0 2.44112 8.26936 0 17.2215 
0.004303439642914751 0.207401 1 268352 0 18.8136 16.9323 0 0 2 -0.683495 0.120363 0.393688 0 0 0 0 0 0 0 0 3.19939 6.11093 474.428 1319.35 
0.00434556104791893657 0.168266 0 37483 0.1902 19.3467 17.4121 0 01 -0 0 0 0 -0 0 0 0 -0 0 0 4.99076 9.61137 1861.42 3806.21 
0.00434556104791893657 0.346975 0 75494 52.6861 19.3146 17.3832 0 01 0 0 0 0 0 0 0 0 0 0 0 0.646737 4.6337 0 0 
0.00435536903819272112 0.334649 1 111644 0 19.2743 17.3468 0 0 2 0.00382268 0.000519283 0.0171605 0 0 0 0 0 0 0 0 4.33583 12.2264 0 392.956 
0.00435911405452867311 0.165087 0 77606 1.04201 19.1573 17.2416 0 01 0 0 0 0 0 0 0 0 0 0 0 4.52865 9.3662 1875.84 3500.34 
0.00436355811173556526 0.154462 1 165646 52.3922 17.7599 15.9753 0 0 1 -0.0586861 1.62913 -0.527619 0 -0 0 0 0 -0 0 0 5.01184 9.51908 308.932 3950.29 
0.0043770125165255051 0.304136 0 44453 0.273818 18.9923 17.0931 0 01 0 0 0 0 0 0 0 0 0 0 0 2.92133 9.2512 76.451 229.908 
0.00438380241052147013 1.08533 0 194166 1.25603 18.972 17.0748 0 01 0 0 0 0 0 0 0 0 0 0 0 1.08776 2.19983 36.2203 36.2203 
0.00439417609065885419 0.256583 0 27716 0.341167 18.7459 16.8713 0 01 -0 0 0 0 -0 0 0 0 -0 0 0 5.04457 13.4534 1054.81 2182.9 
0.00439417609065885419 0.460922 0 154047 51.7776 18.9185 17.0266 0 01 0 0 0 0 0 0 0 0 0 0 0 5.52036 12.8996 33.0804 420.928 
0.0044076330945272725 0.0828486 1 56191 0 17.3859 15.6354 0 0 1 0.888855 1.49162 -0.414162 0 0 0 -0 0 0 0 -0 1.94329 5.01118 22.0298 924.57 
0.00441406293953410835 0.349576 1 74245 0 18.6303 16.7667 0 0 2 -0.0109209 -0.0125726 0.00411216 0 -0 0 0 0 -0 0 0 2.66343 4.30389 0 205.368 
0.00443047914485786114 0.256552 0 43106 0.144532 18.4772 16.6274 0 01 0 0 0 0 0 0 0 0 0 0 0 5.86706 10.4487 701.149 1138.44 
0.00447053895673807031 0.497826 0 185627 50.0487 18.1247 16.3069 0 01 0 0 0 0 0 0 0 0 0 0 0 2.45044 7.41248 30.1423 55.3681 
0.0044872290445233257 0.140666 1 280415 0 18.0455 16.2349 0 0 2 0.000731471 -0.00463382 0.0039476 0 0 0 0 0 0 0 0 2.44072 6.42628 24.5079 817.075 
0.00449113962986574973 0.542685 0 161343 0.135358 17.9248 16.1252 0 01 0 0 0 0 0 0 0 0 0 0 0 1.08269 3.84319 0 0 
0.00450909690260125305 0.296519 0 54190 49.2892 17.7725 15.9867 0 01 0 0 0 0 0 0 0 0 0 0 0 2.66693 6.16725 0 205.937 
0.00451793426377406458 0.861122 1 183715 0 16.6329 14.9516 0 0 2 -0.509858 0.678825 -0.247265 0 0 0 0 0 0 0 0 0.841701 4.25223 0 1.62724 
0.00452371375953414864 0.22984 0 116262 49.0266 17.6755 15.8985 0 01 -0 0 0 0 -0 0 0 0 -0 0 0 1.24874 5.26699 85.2195 85.2195 
0.00452371375953414864 0.493799 0 162029 49.042 17.6918 15.9134 0 01 0 0 0 0 0 0 0 0 0 0 0 0.494737 4.4323 0 0 
0.00454399017890027169 0.630272 0 99846 48.7235 17.5684 15.8012 0 01 0 0 0 0 0 0 0 0 0 0 0 1.23596 4.96918 0 40.4316 
0.00454399017890027169 1.22017 0 157557 48.6908 17.5529 15.7872 0 01 0 0 0 0 0 0 0 0 0 0 0 3.6308 6.04401 0 8.43481 
0.00456017557977501323 1.46555 0 183290 48.3797 17.4093 15.6567 0 01 0 0 0 0 0 0 0 0 0 0 0 1.49436 5.97099 0 47.5543 
0.00456295031567957327 0.221371 0 164882 0.124189 19.9342 17.9408 0 01 0 0 0 0 0 0 0 0 0 0 0 3.14322 7.292 403.377 1862.71 
0.00456295031567957327 0.327211 0 62226 48.302 17.3764 15.6267 0 01 0 -0 0 0 0 -0 0 0 0 -0 0 0.657796 6.46182 0 0 
0.004575961209423547 0.248507 1 27316 0 17.261 15.5219 0 0 1 -0.00243819 -0.000708949 -0.00222888 0 0 0 -0 0 0 0 -0 5.9406 11.1158 197.656 845.307 
0.00461397625789586926 0.193613 0 255741 0.869758 16.8741 15.1705 0 01 0 0 0 0 0 0 0 0 0 0 0 7.934 12.6787 1878.91 6779.04 
0.00464878779716497784 0.114041 0 245364 0.162415 16.7231 15.0335 0 01 -0 0 0 0 -0 0 0 0 -0 0 0 7.32748 12.5052 645.308 4959.64 
0.00465539490108516849 0.94907 0 177060 46.786 16.6483 14.9655 0 01 0 0 -0 0 0 0 -0 0 0 0 -0 2.81332 9.41574 0 162.027 
0.00465745281438710319 0.172759 1 210953 0 16.6571 14.9735 0 0 2 -0.013999 -0.0153633 0.00921493 0 0 -0 0 0 0 -0 0 3.44979 9.51705 1902.66 2067.25 
0.00467427308781679599 1.25232 0 139943 46.444 16.5425 14.8695 0 01 0 0 0 0 0 0 0 0 0 0 0 2.52102 2.52102 0 0 
0.00468417371812440697 0.81636 0 144755 46.2284 16.3981 14.7384 0 01 0 0 0 0 0 0 0 0 0 0 0 4.0249 8.03049 129.701 223.653 
0.00471809577717620821 2.73181 0 194155 45.6927 16.207 14.565 0 01 0 0 0 0 0 0 0 0 0 0 0 0 0 0 0 
0.00472831072722949657 0.351456 0 37829 45.571 16.1512 14.5144 0 01 0 0 0 0 0 0 0 0 0 0 0 4.01995 10.783 0 546.751 
0.00472831072722949657 1.09126 0 63181 45.5723 16.1523 14.5155 0 01 0 0 0 0 0 0 0 0 0 0 0 2.16856 4.34474 0 0 
0.00473592320393018042 0.300298 0 146828 45.4911 16.0728 14.4433 0 01 0 0 0 0 0 0 0 0 0 0 0 2.67621 8.93679 0 9.59246 
0.00473592320393018042 0.714981 0 65477 45.4948 16.1156 14.4822 0 01 0 -0 0 0 0 -0 0 0 0 -0 0 5.66171 10.5683 426.291 548.313 
0.00474311230408538259 0.479266 0 58596 45.3218 16.0421 14.4154 0 01 0 0 0 0 0 0 0 0 0 0 0 1.89614 7.074 0 71.3965 
0.00474846671059108924 0.237441 0 60170 0.405513 15.9769 14.3564 0 01 0 -0 0 0 0 -0 0 0 0 -0 0 1.73198 4.93474 0 475.647 
0.00476598779370953837 0.364158 0 85683 44.9658 15.8378 14.2302 0 01 -0 0 0 0 -0 0 0 0 -0 0 0 3.81055 9.46181 156.557 156.557 
0.00482073494784093608 0.459304 0 120626 44.1948 15.5104 13.9333 0 01 0 0 0 0 0 0 0 0 0 0 0 2.65722 9.34974 0 15.8755 
0.00483935687720686569 0.209812 0 25648 43.9216 15.3799 13.815 0 01 0 0 0 0 0 0 0 0 0 0 0 5.45595 9.74804 187.403 2579.11 
0.00484360179194460051 0.11086 1 141955 0 15.3423 13.7809 0 0 2 -0.0268364 0.00617916 -0.00650283 0 0 0 -0 0 0 0 -0 5.41584 9.8354 1831.66 4539.57 
0.00485542647004391387 0.272854 0 35366 0.145197 15.2729 13.7181 0 01 0 0 0 0 0 0 0 0 0 0 0 3.68735 7.79963 553.745 1030.23 
0.00486324208672155121 0.0520496 1 20900 0 14.5602 12.9006 0 0 1 -0.480226 -0.192551 3.16763 0 0 0 0 0 0 0 0 4.8176 10.9227 1.15768 3961.94 
0.00486676185189753065 0.240049 0 68583 43.541 15.2096 13.6607 0 01 -0 0 0 0 -0 0 0 0 -0 0 0 3.06918 7.74953 99.0904 484.241 
0.00487223008869092263 0.153561 0 150523 43.4831 15.1865 13.6398 0 01 0 0 0 0 0 0 0 0 0 0 0 6.36617 10.5719 2117.79 5176.53 
0.00487459469742364433 0.553989 0 85753 43.43 15.1872 13.6404 0 01 0 -0 0 0 0 -0 0 0 0 -0 0 0.540798 4.98084 0 61.5437 
0.0048766293326759436 0.0844922 0 83883 0.400149 14.8849 13.3665 0 01 0 0 0 0 0 0 0 0 0 0 0 3.92003 6.76099 160.232 1366.9 
0.00488232100718862319 0.975793 0 94719 43.369 15.1581 13.614 0 01 -0 0 0 0 -0 0 0 0 -0 0 0 0.975629 6.77594 0 0 
0.00491646714297498157 0.290832 0 131772 42.8596 14.9121 13.3912 0 01 0 0 0 0 0 0 0 0 0 0 0 5.62862 13.4088 213.965 1315.23 
0.00493052962800857864 2.09464 0 170070 42.6563 14.8228 13.3103 0 01 0 0 0 0 0 0 0 0 0 0 0 2.13941 6.42683 4.83625 4.83625 
0.0049515782098083494 0.0770115 0 68259 0.100185 14.572 12.9274 0 6.77061 -5.33808 3.34466 2.48177 0 0 0 0 0 0 0 0 2.45923 6.81152 930.192 2262.3 
0.00496496313815843367 1.63851 0 197910 42.2259 14.6376 13.0783 0 1.027181 0.498598 0.183972 -0.87901 0 0 0 0 0 0 0 0 3.31554 3.31554 0 1.41247 
0.00501173602132990934 0.741954 0 111014 41.6225 14.3926 12.5228 0 22.1381 -14.4424 14.4582 -8.51271 0 0 0 0 0 0 0 0 0.729994 2.18024 0 0 
0.005021310744092654 2.576 0 121054 41.5427 14.3414 12.4094 0 23.72881 22.3428 0.166923 -7.98899 0 0 0 0 0 0 0 0 0 0 0 0 
0.00504001713221948356 0.567103 0 78974 41.3222 14.2606 12.2322 0 20.12321 2.93516 19.7133 2.77721 0 0 0 0 0 0 0 0 6.64902 12.2385 161.487 755.162 
0.0050687911270009189 2.91268 0 82477 40.9632 14.0983 11.8835 0 29.79141 -7.91633 12.5435 -25.8365 0 0 0 -0 0 0 0 -0 0 0 0 0 
0.00507895945327268075 0.60201 0 51605 40.827 14.0409 11.7622 0 54.50041 48.4192 -4.06183 -24.6856 0 0 -0 0 0 0 -0 0 1.22583 12.1571 85.6781 85.6781 
0.00508304180507335862 0.188808 0 6025 0.117776 14.0196 11.7175 0 59.36021 3.62757 -57.9319 -12.4243 0 0 0 0 0 0 0 0 4.79059 10.675 2506.9 3598.7 
0.00509481234639979404 0.791712 0 122995 40.6661 14.0794 11.8434 0 27.44291 -3.86341 9.18213 -25.571 0 0 0 -0 0 0 0 -0 1.5655 3.92905 0 0 
0.00511191925635261831 0.202339 1 0 0 14.0996 11.8862 0 0 1 -4.73212 2.60031 5.77876 1 -6.33252 4.03578 3.76449 0 0 0 0 9.3477 15.7925 3200.57 6241.24 
0.00511191925635261831 0.285871 0 22499 0.080728 14.1468 11.9866 0 10.32891 8.40622 -5.33689 -2.74589 0 0 0 -0 0 0 0 -0 8.8762 17.5445 20.4554 1202.92 
0.00511191925635261831 1.63747 0 189256 40.4504 14.1672 12.0304 0 20.04331 7.06213 9.36637 16.2522 0 0 0 0 0 0 0 0 4.93968 8.30971 12.5034 58.961 
0.00515408726454665966 1.47088 0 195207 0.101204 14.4049 12.5502 0 31.14071 0.684959 -30.2126 -7.51454 0 0 0 0 0 0 0 0 0 0 0 0 
0.00517820896368948076 1.01705 0 185827 39.6373 14.5297 12.8311 0 7.063371 5.93182 0.755415 -3.75953 0 0 0 0 0 0 0 0 1.99747 6.03812 33.5981 361.872 
0.0051823738127446603 0.223705 1 244283 0 28.7773 25.8996 0 0 2 -0.261619 0.341167 -0.238347 0 0 0 -0 0 0 0 -0 2.26001 7.83374 161.435 430.717 
0.00518727705489961579 1.77297 0 191234 39.5368 14.5417 12.8584 0 12.51081 11.6766 3.59346 -2.69509 0 0 0 -0 0 0 0 -0 0 3.58453 0 0 
0.00520190417800595311 0.473275 0 50618 37.7695 14.6125 13.0204 0 4.749861 -3.53502 2.55951 -1.87449 0 0 0 0 0 0 0 0 3.40445 8.72123 0 11.2228 
0.00523738224194357851 0.274416 0 36465 39.0862 14.6707 13.1551 0 1.491421 0.741496 -0.586774 1.15334 0 0 0 0 0 0 0 0 7.59153 12.7029 531.858 1181.19 
0.00525579324987646927 0.933067 0 170525 38.7956 14.7835 13.2747 0 01 0 0 0 0 0 0 0 0 0 0 0 0.930072 10.1966 0 0 
0.00526987669686932846 0.205381 1 23355 0 13.2437 10.1988 0 0 1 -3.40625 -15.7746 5.03173 0 0 -0 0 0 0 -0 0 8.92683 16.2174 1710.85 4756.8 
0.00526987669686932846 0.330788 0 70798 38.6921 14.7955 13.2855 0 01 0 0 0 0 0 0 0 0 0 0 0 10.4528 17.714 472.326 1500.35 
0.00528079191786950519 2.56187 0 167586 38.5806 14.8784 13.3606 0 01 0 0 0 0 0 0 0 0 0 0 0 0 2.71491 0 0 
0.00530099773130815206 0.154396 1 79197 0 14.9052 13.3849 0 0 2 0.0208383 0.00885354 0.0172036 0 0 0 0 0 0 0 0 7.13189 12.8703 986.806 4511.82 
0.00531692513491839255 0.42949 0 159247 38.304 14.938 13.4147 0 01 0 0 0 0 0 0 0 0 0 0 0 6.31502 13.9559 43.5831 353.265 
0.0053626003770117581 0.15215 0 36799 13.5616 15.1479 13.6048 0 01 0 0 0 0 0 0 0 0 0 0 0 4.56218 8.81356 1145.69 2499.42 
0.00538195864256725727 0.191535 0 209141 0.710444 14.6867 13.187 0 01 0 0 0 0 0 0 0 0 0 0 0 8.02574 15.6796 1830.28 5049.5 
0.00538195864256725727 0.536403 0 87721 37.6852 15.2047 13.6563 0 01 0 0 0 0 0 0 0 0 0 0 0 3.26992 13.6262 1.12717 65.9921 
0.00538195864256725727 1.10018 0 159486 37.6837 15.2128 13.6636 0 01 0 0 0 0 0 0 0 0 0 0 0 7.81949 12.248 263.428 263.428 
0.00544221537430895907 0.138717 0 32995 37.0429 15.2609 13.7348 0 01 0 0 0 0 0 0 0 0 0 0 0 2.86329 7.31794 377.108 1923.89 
0.00545043423583648542 0.169702 0 235060 0.100618 33.7176 30.3459 0 01 0 0 0 0 0 0 0 0 0 0 0 7.39787 12.1176 1014.67 3283.54 
0.00545043423583648542 0.259556 0 162583 37.01 15.2455 13.7209 0 01 0 -0 0 0 0 -0 0 0 0 -0 0 5.87856 14.9819 10.9689 855.439 
0.00547640484488738904 0.0646746 0 58537 0.114103 15.1508 13.6074 0 01 0 0 -0 0 0 0 -0 0 0 0 -0 12.5152 19.2906 3259.66 6824.69 
0.00547640484488738904 0.230276 0 62469 36.8054 15.1497 13.6347 0 01 0 0 0 0 0 0 0 0 0 0 0 9.03836 17.4299 689.78 1816.51 
0.00547640484488738904 0.341508 1 24007 0 36.1811 13.7207 0 0 1 0.00257823 0.00135084 0.00940003 0 0 0 0 0 0 0 0 10.6308 20.2627 506.714 1046.96 
0.00547640484488738904 0.357275 1 144496 0 36.1191 13.6866 0 0 2 0.0151532 0.0011317 0.00965293 0 0 -0 0 0 0 -0 0 10.6308 20.2627 506.714 1046.96 
0.00547640484488738904 0.537619 0 169315 36.9321 36.182 13.7084 0 01 0 0 0 0 0 0 0 0 0 0 0 6.52245 19.0255 2.74325 560.328 
0.00548190816995063664 0.922214 0 149543 36.7563 36.0157 13.6445 0 01 0 0 0 0 0 0 0 0 0 0 0 0.933054 2.79293 0 0 
0.00551285663940560486 0.615428 0 143944 36.4785 35.7532 13.6715 0 01 -0 0 0 0 -0 0 0 0 -0 0 0 1.88417 6.25708 0 40.4901 
0.0055684008643855443 1.93985 0 198841 35.9894 35.2903 14.1533 0 01 0 0 0 0 0 0 0 0 0 0 0 0 0 0 0 
0.00558249038291052345 0.3253 0 52396 0.653075 13.5025 10.6818 0 68.55931 -21.5763 3.35361 -64.9892 0 0 0 -0 0 0 0 -0 5.69082 13.3044 889.569 1444.04 
0.00558249038291052345 0.629892 0 128347 35.8955 35.2015 14.3034 0 01 0 0 0 0 0 0 0 0 0 0 0 6.91101 15.7548 0 59.7213 
0.00558791743690872662 0.158879 0 186579 35.8192 35.1293 14.33 0 01 0 0 -0 0 0 0 -0 0 0 0 -0 6.04703 12.2311 478.73 2183.64 
0.00560392477908689107 0.212519 0 102873 35.6821 34.9995 14.4857 0 01 0 0 0 0 0 0 0 0 0 0 0 7.52543 16.9289 585.568 2231.36 
0.00560392477908689107 0.277807 0 90793 0.0945607 35.0282 14.4465 0 01 0 0 0 0 0 0 0 0 0 0 0 7.15175 15.0703 76.496 309.004 
0.0056512963647372353 0.102221 1 204434 0 24.9596 22.4636 0 0 2 -0.00177837 -24.7258 -4.67016 0 0 0 0 0 0 0 0 7.87801 15.0682 1243.24 3865.5 
0.0056512963647372353 0.60807 0 87366 35.2759 34.6144 14.8705 0 01 0 0 -0 0 0 0 -0 0 0 0 -0 3.0081 10.7895 0 173.465 
0.0056512963647372353 0.6534 0 191220 35.2742 34.6128 14.8531 0 01 0 0 0 0 0 0 0 0 0 0 0 3.89032 13.0314 0 41.0943 
0.0056512963647372353 0.67032 0 57393 35.2741 34.6127 14.852 0 01 0 0 0 0 0 0 0 0 0 0 0 2.6979 11.5282 93.9381 93.9381 
0.00566153394824039837 1.04667 0 196116 35.192 34.5348 14.9061 0 01 0 0 0 0 0 0 0 0 0 0 0 1.05456 7.31896 0 0 
0.00570534617584073783 0.623967 0 165929 34.8882 34.2466 15.147 0 01 0 -0 0 0 0 -0 0 0 0 -0 0 5.04644 13.2699 45.8426 355.274 
0.00575231271238034903 0.0571097 1 0 0 11.6014 7.67909 0 0 1 -42.7117 44.4785 19.0446 1 -22.3299 -19.2951 -15.2011 0 0 -0 0 16.1484 25.7796 3239.01 6527.12 
0.00575231271238034903 0.236016 1 8274 0 12.0603 8.2882 0 0 1 118.769 -17.3843 92.9715 0 0 0 0 0 0 0 0 16.3773 27.2017 1016.72 2407.98 
0.00575231271238034903 1.60386 0 137507 34.7929 34.1562 15.2479 0 01 0 0 0 0 0 0 0 0 0 0 0 4.73187 25.094 0 41.8293 
0.0057712810671551552 0.134523 1 212352 0 33.9214 15.3259 0 0 1 -0.000288416 0.00122674 0.00644806 0 0 0 0 0 0 0 0 12.9523 19.4122 1892.73 5115.55 
0.0057712810671551552 0.235805 0 43247 0 33.8067 15.5322 0 01 0 -0 0 0 0 -0 0 0 0 -0 0 7.85794 19.5327 88.4436 344.806 
0.0057712810671551552 0.489265 0 71669 34.3464 33.7321 15.5825 0 01 0 0 0 0 0 0 0 0 0 0 0 6.44952 18.9023 31.6849 471.524 
0.00579547863497791894 0.172211 0 92882 1.43855 34.2046 30.7841 0 01 0 0 0 0 0 0 0 0 0 0 0 11.9713 18.6314 466.22 3476.67 
0.00589800788057044927 0.397314 0 17420 33.4215 32.8527 15.5281 0 10.66341 -9.82901 -2.33037 -3.41598 0 0 0 -0 0 0 0 -0 7.9538 18.8773 83.6902 337.009 
0.0059068835757308041 1.70197 0 195542 33.3682 32.802 15.5392 0 30.61371 26.897 10.3874 -10.2884 0 0 0 0 0 0 0 0 1.67499 3.40126 0 0 
0.00594166620279380428 0.52549 0 149405 33.1739 32.6169 15.4771 0 18.93351 -16.8619 8.33283 -2.17268 0 0 0 0 0 0 0 0 6.88383 21.188 77.0764 156.855 
0.00594166620279380428 0.97884 0 140577 33.135 32.5801 15.4406 0 40.02951 14.7309 35.5777 10.9357 0 0 0 0 0 0 0 0 1.93095 11.7138 1.2989 1.2989 
0.00594979864137197816 0.708327 0 138555 33.057 32.5057 15.4226 0 47.5731 -10.693 -4.82202 -46.1042 0 -0 0 0 0 -0 0 0 2.84292 5.68721 0 5.28542 
0.00596262214679272543 0.0891514 1 214999 0 35.9342 32.3408 0 0 1 0.241628 -0.57352 0.369903 0 0 0 0 0 0 0 0 10.2167 17.5758 822.494 3891.97 
0.00599201228681834046 0.386321 0 41308 0.0979327 32.2303 15.2352 0 65.44611 58.2365 29.8611 -0.107616 0 0 0 -0 0 0 0 -0 9.65471 18.5623 58.0907 253.173 
0.00605328136507048229 0.12562 0 30052 0.338361 32.0643 14.0183 0 38.02051 29.9691 -11.847 -20.1757 0 0 0 0 0 0 0 0 8.61462 18.1565 1196.13 2790.46 
0.00606885406573657703 0.59245 0 107151 32.3059 31.79 14.9008 0 30.71251 1.95372 -30.3859 -4.01734 0 0 -0 0 0 0 -0 0 6.41863 17.5582 173.971 197.181 
0.00606885406573657703 1.2328 0 176355 32.2815 31.7667 14.8841 0 31.49571 -26.1292 -10.7819 -13.8922 0 0 -0 0 0 0 -0 0 4.97777 11.1492 0 0 
0.00607717859486451781 1.24356 1 175769 32.2172 10.5525 6.56271 0 0 1 -0.33161 -9.63924 18.3853 0 0 0 0 0 0 0 0 0 4.9649 0 0 
0.00608985552155231168 0.658953 0 121925 32.1195 31.6119 14.7545 0 87.61761 16.1809 -75.214 41.927 0 0 0 0 0 0 0 0 1.33316 4.0085 0 0 
0.00611119554716896534 0.61234 0 139792 31.9889 31.4871 14.6477 0 17.2171 -11.4927 11.9623 4.60906 0 0 0 0 0 0 0 0 7.95422 22.6699 92.5448 398.962 
0.00617872203643584066 0.967607 0 194863 31.5906 31.1068 14.3143 0 76.34531 65.6572 -13.1758 36.6624 0 0 0 0 0 0 0 0 6.71144 18.2121 0 188.132 
0.00619206233768184854 0.296087 0 109173 31.5459 31.0641 14.2761 0 97.6451 49.7107 76.7539 34.2376 0 0 0 0 0 0 0 0 7.96585 17.1742 168.968 1083.95 
0.00619206233768184854 0.572684 0 15422 31.4974 31.0178 14.2326 0 128.391 127.868 -7.58097 8.72476 0 0 0 0 0 0 0 0 4.49603 10.176 0 4.39867 
0.00619473956461466177 0.0969631 0 55686 31.4713 30.9928 14.2099 0 47.95471 -3.39212 38.6181 -28.2275 0 0 0 0 0 0 0 0 3.71089 9.07987 336.878 1637.12 
0.00623711300986056448 0.346984 0 184947 31.2345 30.7664 13.9999 0 78.37041 -63.5158 -26.596 -37.4207 0 0 0 -0 0 0 0 -0 8.88839 17.1151 535.317 1024.42 
0.00623711300986056448 0.367774 0 66897 31.2341 30.7661 13.9998 0 52.45821 -34.8371 38.3294 8.31202 0 -0 0 0 0 -0 0 0 8.59992 19.4125 332.211 713.597 
0.00623711300986056448 0.705178 0 154920 31.2574 30.7883 14.0216 0 58.8671 16.0782 44.2616 35.3231 0 0 0 0 0 0 0 0 6.24214 19.5096 0 137.863 
0.00623711300986056448 1.24926 0 67849 31.2414 30.773 14.0058 0 133.8231 62.0574 118.18 -9.53979 0 0 0 0 0 0 0 0 0 7.49378 0 0 
0.0062936950511584171 0.386767 0 30458 30.8936 30.4405 13.6897 0 107.2931 103.803 -26.7195 -4.78406 0 0 0 0 0 0 0 0 1.47393 4.87224 0 105.434 
0.00630192119589821024 0.125067 1 0 30.8252 10.499 6.51613 0 0 1 -49.4339 12.7314 65.066 1 -10.8161 -25.7798 -16.9759 0 0 -0 0 7.27349 16.4224 634.43 3422.48 
0.00630192119589821024 0.450796 0 223967 0.273391 30.8562 13.4999 0 66.80951 -62.571 -6.65254 22.4526 0 0 0 0 0 0 0 0 4.04299 12.9952 1.83615 174.516 
0.0063094141033095321 0.271669 0 79775 30.7969 30.3481 13.6006 0 81.64941 81.2858 -0.783549 -7.65654 0 0 0 -0 0 0 0 -0 0 0 0 0 
0.00631423514556595563 0.183697 0 69754 30.7762 30.3284 13.5798 0 167.2791 124.718 54.1348 97.4534 0 0 0 0 0 0 0 0 4.47737 13.2528 288.603 1444.13 
0.00634393047558737006 0.0873067 0 26774 0.209693 30.2179 13.4716 0 124.661 120.806 -30.7061 1.78499 0 0 -0 0 0 0 -0 0 13.6793 21.1874 894.628 3565.63 
0.00634393047558737006 0.659733 1 0 0 30.2512 13.5036 0 0 1 -53.7877 -93.7352 13.3554 1 -53.3956 -94.6745 8.32658 0 0 -0 0 5.32497 19.4874 14.6822 254.427 
0.00634393047558737006 1.20074 0 169885 30.6318 30.1907 13.4437 0 119.1551 77.0451 2.94511 90.8475 0 0 0 0 0 0 0 0 4.84503 16.9324 0 1.19878 
0.00634393047558737006 2.06396 0 194475 30.6804 30.2371 13.491 0 161.4741 -161.263 -1.78623 -8.04021 0 0 -0 0 0 0 -0 0 4.1292 10.2166 0 58.045 
0.00634393047558737006 2.12233 0 177987 30.7625 30.3154 13.5688 0 106.0641 103.521 2.49047 22.9514 0 0 0 0 0 0 0 0 2.14511 12.6976 0 0 
0.00635150054593920568 0.696948 0 132704 30.5626 30.1242 13.3763 0 123.231 112.384 -44.8419 -23.3409 0 0 0 0 0 0 0 0 2.10704 8.39607 0 2.03082 
0.00637259989834370721 0.111528 0 19678 30.5204 30.0836 13.3374 0 131.7721 96.2302 -0.80546 90.016 0 0 -0 0 0 0 -0 0 11.7568 20.3845 1207.3 3292.33 
0.00640004520743617852 0.473881 0 89901 30.3874 29.9559 13.2469 0 222.0711 -145.154 149.437 -76.9066 0 0 0 -0 0 0 0 -0 9.66028 26.522 145.069 431.848 
0.00644700523381237962 1.13757 0 183892 30.1223 29.7017 13.006 0 56.87621 -56.8745 -0.402148 -0.199982 0 0 0 0 0 0 0 0 10.4027 30.0169 86.4386 146.742 
0.00646105448797884216 0.758704 0 154589 30.0242 29.6079 12.914 0 169.6091 130.148 77.1846 76.6253 0 0 0 0 0 0 0 0 6.04031 12.8728 0 30.5162 
0.00646105448797884216 0.941785 0 27397 30.0313 29.6146 12.9212 0 123.5691 -11.6032 32.0285 118.781 0 0 0 0 0 0 0 0 0.934399 8.47725 0 0 
0.00649518344846681649 1.15659 0 129259 29.8493 29.4403 12.7414 0 67.4271 -52.4646 -41.2694 9.52422 0 0 0 0 0 0 0 0 2.33314 11.5128 0 0 
0.00650334607694258698 0.56334 0 86949 29.7502 29.3454 12.6395 0 75.24021 -65.5818 21.5452 29.9319 0 0 0 0 0 0 0 0 1.14003 8.61777 0 0 
0.00652475450162552564 0.148481 1 161709 0 28.0806 25.2725 0 0 1 -0.223194 -0.12945 0.704683 0 0 0 0 0 0 0 0 14.0211 22.487 1666.9 4255.24 
0.00652475450162552564 0.211522 0 48688 29.678 29.276 12.5673 0 358.061 -267.844 63.4491 -228.999 0 0 0 0 0 0 0 0 14.0211 22.487 1666.9 4255.24 
0.00658410232643897014 0.13209 1 52314 0 10.5028 6.51938 0 0 2 -80.0939 -19.8111 -4.79538 0 -0 0 0 0 -0 0 0 16.8215 28.4187 3942.55 6916.56 
0.00658410232643897014 0.362499 0 153147 29.442 29.0495 12.3243 0 162.7041 99.4566 112.489 -62.668 0 0 0 0 0 0 0 0 17.3998 40.4735 631.591 938.157 
0.00661920610883163108 0.355631 0 152125 29.2841 28.8978 12.162 0 153.8931 -153.888 0.894122 -0.835967 0 0 0 0 0 0 0 0 12.0472 24.7557 74.7318 712.923 
0.00664591024569604217 0.519617 1 6292 0 10.049 6.16327 0 0 1 121.315 32.1978 12.3306 0 0 0 0 0 0 0 0 9.35604 26.9705 436.48 859.474 
0.00664591024569604217 1.16645 0 95010 29.1241 28.7444 11.996 0 83.29591 17.3283 60.5473 54.5157 0 0 0 0 0 0 0 0 5.80856 16.2422 7.69243 151.508 
0.00664591024569604217 2.16799 0 185079 29.0216 28.6459 11.889 0 74.62691 54.5226 -38.5352 -33.3393 0 0 -0 0 0 0 -0 0 0 2.11723 0 0 
0.00666098603567954767 0.602185 0 229650 0.0824813 29.0492 11.928 0 227.9721 18.5237 222.78 44.6878 0 0 0 0 0 0 0 0 4.23834 15.7156 0 78.3053 
0.00666098603567954767 1.44966 0 54359 28.9575 28.5843 11.8194 0 105.161 -102.754 10.5895 19.7022 0 0 0 0 0 0 0 0 1.43877 7.14567 0 0 
0.00666590269222034834 1.17513 0 179360 28.9337 28.5615 11.7946 0 126.7541 -56.5282 -109.455 -29.8469 0 -0 0 0 0 -0 0 0 1.16608 5.80547 0 0 
0.00673481646079431354 0.143639 0 29137 28.8047 28.4374 11.6551 0 147.6161 53.7811 26.5986 134.873 0 0 0 0 0 0 0 0 16.1211 24.1541 2388.78 4469.89 
0.00673481646079431354 1.71713 0 126118 28.7826 28.4162 11.6334 0 120.1411 -113.195 27.4211 -29.4766 0 0 0 0 0 0 0 0 10.5202 29.7223 0 0 
0.00674774505775671985 0.286433 0 61856 0.15468 28.1837 11.3755 0 225.8041 -223.876 -26.6616 -12.4877 0 0 0 0 0 0 0 0 2.84654 7.53413 0 165.195 
0.00683143446953730308 0.0838746 0 230877 0.279049 28.3831 18.8076 0 274.0521 230.474 -34.2171 144.275 0 0 0 0 0 0 0 0 20.7733 33.7033 2548.84 8723.73 
0.00683143446953730308 0.383716 0 55732 28.4725 28.1181 11.3023 0 141.8231 -101.062 -81.9787 56.3911 0 -0 0 0 0 -0 0 0 18.8827 39.6517 345.437 1260.2 
0.00683143446953730308 0.415123 0 99537 28.3536 28.0039 11.1717 0 197.5531 -119.153 48.6161 -149.887 0 0 0 0 0 0 0 0 15.9736 39.7131 286.135 935.403 
0.00683143446953730308 0.66319 0 185355 28.3386 27.9894 11.1558 0 177.1991 23.5859 -128.148 -120.09 0 0 0 -0 0 0 0 -0 17.2079 44.9073 697.564 761.514 
0.00683143446953730308 0.799537 0 67839 28.2831 27.9359 11.0943 0 102.1441 97.5314 -12.1532 27.8094 0 0 0 0 0 0 0 0 12.6815 38.049 8.43818 263.209 
0.00683143446953730308 1.03406 1 43108 0 10.4689 6.49033 0 0 1 -99.5613 -73.6862 20.3437 0 -0 0 0 0 -0 0 0 15.5625 38.38 0 20.697 
0.00683143446953730308 1.26787 0 39238 28.202 27.858 11.0084 0 101.3471 -97.3298 -26.2982 10.3206 0 0 0 0 0 0 0 0 12.7257 31.8006 77.7093 307.879 
0.00683143446953730308 1.48184 0 106288 28.3056 27.9575 11.1202 0 150.0241 -47.5794 -32.7824 138.451 0 0 -0 0 0 0 -0 0 10.3296 38.42 0 50.4343 
0.00683143446953730308 1.69304 0 162556 28.4539 28.1004 11.2796 0 116.9521 59.6209 -31.5684 -95.5333 0 0 0 0 0 0 0 0 3.37392 21.8954 0 93.3372 
0.00683143446953730308 2.98111 0 193763 28.3885 28.0375 11.2089 0 147.5041 -136.433 -55.774 -5.7251 0 0 -0 0 0 0 -0 0 0 8.97224 0 0 
0.00685371496084152473 0.842529 0 6219 28.0697 27.7305 10.8623 0 233.6821 -172.885 6.83823 157.071 0 0 0 0 0 0 0 0 4.24763 10.9802 0 34.5151 
0.00687015841753140649 0.153245 0 171631 28.0086 27.6716 10.7967 0 205.961 -174.899 -8.91142 108.401 0 0 -0 0 0 0 -0 0 8.34652 18.9622 306.251 1405.8 
0.00687015841753140649 0.406744 0 41160 28.0132 27.676 10.8019 0 119.4931 -22.6216 116.452 14.3399 0 0 0 0 0 0 0 0 4.64085 13.5559 0 8.8171 
0.00687015841753140649 0.417916 0 73589 27.9947 27.6582 10.7816 0 223.0931 -200.628 -52.384 82.3094 0 0 0 0 0 0 0 0 6.35833 14.0516 5.43252 242.592 
0.00687015841753140649 0.558693 0 129944 28.0037 27.6668 10.7926 0 126.4621 124.6 11.4579 -18.3399 0 0 0 0 0 0 0 0 2.78193 10.0047 0 33.4472 
0.00689379532170087805 0.187184 1 206604 0 17.8587 16.0651 0 0 2 13.0897 7.90713 -9.67852 0 0 0 -0 0 0 0 -0 11.9743 20.9775 1381.78 4120.27 
0.00689379532170087805 2.29112 0 185527 27.9668 27.6315 10.7523 0 289.991 -190.187 -193.176 102.987 0 0 0 0 0 0 0 0 2.29504 6.88501 0 0 
0.006960997407312269 0.881877 0 86890 27.8716 27.5398 10.648 0 281.9761 -262.921 -97.1151 -30.8483 0 -0 0 0 0 -0 0 0 18.4133 47.3734 0 546.068 
0.006960997407312269 1.39664 0 132710 27.7405 27.4137 10.5044 0 258.7221 -5.89345 -68.739 249.354 0 0 0 0 0 0 0 0 13.9238 27.8698 26.8722 205.563 
0.006960997407312269 1.47719 0 166801 27.6131 27.2908 10.3641 0 360.1921 -41.5419 355.037 44.2883 0 0 0 0 0 0 0 0 5.94564 37.1305 0 0 
0.00698518522986651784 0.361815 0 89495 27.5396 27.2198 10.2842 0 338.4731 58.3068 314.289 111.295 0 0 0 0 0 0 0 0 6.15425 17.1507 342.134 606.538 
0.00703646193658385814 0.153287 1 204329 0 17.7921 16.0045 0 0 2 -10.5878 -11.7215 -26.4149 0 0 -0 0 0 0 -0 0 17.2546 27.3685 2648.74 6577.04 
0.00703646193658385814 0.177817 1 23097 0 9.69564 5.93528 0 0 1 7.73493 121.15 -87.35 0 0 0 -0 0 0 0 -0 17.2546 27.3685 2648.74 6577.04 
0.00703646193658385814 0.532446 0 61838 27.3392 27.0269 10.0664 0 55.59091 -43.7781 -32.6738 -10.308 0 0 0 -0 0 0 0 -0 13.1586 33.6558 320.737 1037.24 
0.00703646193658385814 0.555838 0 18064 27.4481 27.132 10.1846 0 111.1861 73.1766 -74.7078 -37.7655 0 0 0 -0 0 0 0 -0 7.28633 29.9262 0 41.3167 
0.00703646193658385814 1.73504 0 149264 27.311 26.9998 10.0351 0 149.4171 78.0785 44.7366 119.28 0 0 0 0 0 0 0 0 10.4431 28.0179 0 79.1386 
0.00703646193658385814 1.78789 0 129927 27.4288 27.1134 10.1644 0 19.57661 17.3227 -8.54131 3.19606 0 0 0 0 0 0 0 0 10.4431 28.0179 0 79.1386 
0.00705127955663464694 0.466371 0 81542 27.2419 26.9329 9.95624 0 128.4781 122.131 15.564 -36.7214 0 0 0 0 0 0 0 0 6.5016 19.5125 0 144.437 
0.00705127955663464694 0.841568 0 141353 27.2499 26.9406 9.96621 0 324.4031 321.449 34.3845 -26.9341 0 0 0 0 0 0 0 0 1.70274 6.83114 0 0 
0.00705127955663464694 1.45097 0 181037 27.2189 26.9108 9.93171 0 44.96871 -43.6717 -1.79177 -10.5713 0 0 0 0 0 0 0 0 2.91075 5.79492 81.8159 81.8159 
0.00714324049074363011 0.703812 0 187038 27.069 26.7662 9.76929 0 104.6931 -79.3489 56.0692 -38.9944 0 0 0 0 0 0 0 0 0 0 0 0 
0.0072147478122164448 0.643875 0 49516 26.5959 26.3097 9.25046 0 179.2841 97.1721 115.64 96.5799 0 0 0 0 0 0 0 0 6.43998 14.8241 0 88.9087 
0.00726129471951488057 1.09367 0 131361 26.4753 26.1936 9.1198 0 212.081 149.168 -96.6954 115.659 0 0 0 0 0 0 0 0 3.2618 27.116 0 105.377 
0.0072767496445002508 0.228388 0 125335 26.327 26.0501 8.95746 0 163.9221 -160.354 33.9889 -1.27381 0 0 0 0 0 0 0 0 6.12272 13.8133 379.399 475.196 
0.00728804330401386369 0.638822 0 18681 26.3216 26.0449 8.95099 0 237.371 193.281 137.573 -7.7941 0 0 0 0 0 0 0 0 1.28246 10.3313 0 2.76622 
0.0073019246729039769 1.15865 0 195209 26.2463 25.9722 8.87122 0 126.7351 -98.7552 -58.4393 -53.7972 0 0 -0 0 0 0 -0 0 0 8.04778 0 0 
0.00735178843647073515 0.250153 0 145174 26.2275 25.9541 8.84985 0 308.581 -290.361 27.0627 100.897 0 0 0 0 0 0 0 0 17.0257 28.0047 1945.73 4695.28 
0.00735178843647073515 0.262892 0 8327 26.2079 25.9349 8.82894 0 178.5371 66.7157 43.0714 159.904 0 0 0 0 0 0 0 0 19.1971 34.2189 1204.31 2517.2 
0.00735178843647073515 0.385511 0 89672 0 25.9098 8.80029 0 245.0691 -241.01 44.181 4.59433 0 0 0 0 0 0 0 0 16.4128 36.7011 414.388 737.639 
0.00735178843647073515 1.24839 0 170681 26.196 25.9234 8.81631 0 211.7531 135.465 113.845 -116.309 0 0 0 0 0 0 0 0 6.27059 23.8371 0 1.78507 
0.00735178843647073515 1.32852 0 158284 26.0693 25.8009 8.67866 0 253.1721 -251.8 6.62625 -25.4719 0 0 0 0 0 0 0 0 10.6462 29.2823 29.2133 97.7442 
0.00735178843647073515 1.33741 0 171637 26.0749 25.8063 8.68526 0 93.20721 -71.3627 -53.6907 26.688 0 -0 0 0 0 -0 0 0 10.6462 29.2823 29.2133 97.7442 
0.00739432390869280802 0.470271 0 131510 26.0311 25.7639 8.63774 0 316.5381 -136.181 -111.855 262.944 0 0 0 0 0 0 0 0 15.8911 33.1342 331.538 615.17 
0.00739787782324692524 0.587333 0 75139 25.8884 25.6259 8.48367 0 224.2251 -74.176 -24.0791 210.226 0 0 0 0 0 0 0 0 2.3596 4.731 22.2494 32.8906 
0.00741414037409440351 0.73291 0 60209 25.824 25.5639 8.41543 0 166.5011 152.395 -58.4499 -32.89 0 0 0 0 0 0 0 0 2.21007 7.32769 0 0 
0.00742221356304082272 0.275004 0 149828 25.8174 25.5575 8.4078 0 256.2111 -234.126 97.574 36.1687 0 0 0 0 0 0 0 0 5.95978 11.7886 102.755 822.388 
0.00745706501121029888 0.442706 0 39421 0.551218 26.4599 9.42094 0 183.7041 -183.39 -6.13389 -8.82147 0 0 0 0 0 0 0 0 10.4901 28.7853 356.888 449.364 
0.00745706501121029888 0.708442 0 77143 25.7174 25.4606 8.30016 0 32.16681 31.4435 0.432504 -6.76923 0 0 0 0 0 0 0 0 8.43204 35.1307 26.5672 189.5 
0.00746625152524503337 0.788932 0 64738 25.6395 25.385 8.21689 0 184.491 180.31 -19.1682 -34.0175 0 0 0 0 0 0 0 0 1.56358 6.27267 0 0 
0.00747432472403941096 0.774195 0 166175 25.6275 25.3735 8.2041 0 173.7221 -164.079 12.7079 -55.6436 0 -0 0 0 0 -0 0 0 1.57856 7.85526 0 1.5329 
0.00750447295462245041 1.30806 0 105386 25.5418 25.2908 8.11323 0 105.7271 105.503 5.99268 -3.35785 0 0 0 0 0 0 0 0 0 11.7269 0 0 
0.00754184098455972299 0.245535 0 112460 25.4119 25.1653 7.9751 0 74.08421 -73.2521 -6.75166 -8.77523 0 -0 0 0 0 -0 0 0 13.8661 24.9331 1870.06 5420.19 
0.00754184098455972299 1.26118 0 126498 25.4469 25.1992 8.01305 0 96.79711 86.9547 -39.1327 -16.6491 0 0 -0 0 0 0 -0 0 8.82542 22.7279 42.3545 60.6036 
0.00762409751269938277 2.33806 0 190546 25.1519 24.9131 7.70108 0 323.6911 -242.943 -183.364 -110.145 0 0 0 0 0 0 0 0 2.34112 20.8741 0 0 
0.00766575533608859425 1.39598 0 165019 24.9833 24.7501 7.52458 0 146.2831 66.5853 -55.576 -117.798 0 0 0 0 0 0 0 0 4.1689 16.6106 8.61213 8.61213 
0.00769486696044791463 0.243225 0 185177 24.903 24.6721 7.44086 0 367.9871 -183.316 318.578 17.83 0 0 0 0 0 0 0 0 10.2479 18.6009 678.057 3525.96 
0.00769486696044791463 1.09523 0 81629 24.9271 24.6957 7.46622 0 247.8461 -19.027 -246.268 -20.4429 0 0 0 -0 0 0 0 -0 1.0987 6.59818 0 0 
0.00771833917692084544 0.835903 0 140637 24.8446 24.6152 7.37988 0 209.0791 196.819 68.4899 -16.9 0 0 0 0 0 0 0 0 9.20627 28.57 67.2494 515.349 
0.00771833917692084544 2.09926 0 163317 24.8582 24.6284 7.39459 0 283.41 -267.51 -93.5171 -2.90228 0 0 -0 0 0 0 -0 0 2.0478 4.09839 0 4.61609 
0.00771833917692084544 2.3387 0 186121 24.8636 24.6337 7.39952 0 266.6331 -250.487 -61.3814 -67.6888 0 -0 0 0 0 -0 0 0 2.3387 2.3387 0 0 
0.00771833917692084544 2.41889 0 197303 24.8468 24.6174 7.3823 0 353.6661 284.951 207.073 -31.6746 0 0 0 0 0 0 0 0 4.97328 9.92022 0 108.685 
0.00778900746520626297 0.201901 0 63470 24.6264 24.4038 7.15558 0 232.7951 129.634 -34.6097 190.238 0 0 0 0 0 0 0 0 13.4924 24.5296 1181.76 3558.58 
0.00778900746520626297 3.12685 0 87460 24.6284 24.4058 7.15777 0 286.8671 156.933 -70.7882 -229.465 0 0 0 -0 0 0 0 -0 3.19605 3.19605 0 0 
0.00780007181764042282 0.376102 0 77879 24.5368 24.3168 7.06428 0 307.451 -138.483 -185.151 -202.651 0 -0 0 0 0 -0 0 0 3.56729 12.2512 0 8.13967 
0.00785728164124670225 0.212514 0 73656 24.4481 24.2308 6.97374 0 367.6471 147.259 278.836 189.024 0 0 0 0 0 0 0 0 14.9265 25.4068 2324.46 6505.73 
0.00786666285655218678 1.22434 0 144498 24.3374 24.1237 6.86207 0 305.2811 304.979 13.0077 3.85025 0 0 0 0 0 0 0 0 0 6.14208 0 0 
0.00787029582463481987 0.478653 0 187804 24.3237 24.1104 6.84801 0 438.2331 -115.345 -171.272 386.535 0 0 0 0 0 0 0 0 1.89111 4.71303 4.13962 49.5453 
0.00787737871345534253 0.202137 0 118226 24.3179 24.1048 6.84247 0 79.67581 78.6699 -7.08564 10.4438 0 0 0 0 0 0 0 0 6.13529 13.2158 985.229 1802.75 
0.0079052999322523354 1.85595 0 165677 24.2251 24.0145 6.74866 0 578.4431 -246.661 521.627 40.7377 0 0 0 0 0 0 0 0 5.60379 13.0182 0 0 
0.00805678105561535678 1.99333 0 98258 23.7794 23.5813 6.30685 0 269.5131 -263.005 -57.8124 -11.1051 0 -0 0 0 0 -0 0 0 1.98346 4.01333 0 47.6874 
0.00807700605720957678 1.20275 0 83813 23.7236 23.5272 6.25265 0 288.8011 -282.256 -57.1922 -21.6064 0 -0 0 0 0 -0 0 0 3.58234 19.2111 0 0 
0.00809363992073203371 0.108481 0 109592 23.684 23.4889 6.21425 0 318.0431 85.6768 -243.818 185.375 0 0 0 0 0 0 0 0 10.1854 20.1482 1221.16 2326.46 
0.00813154719759499531 1.16914 0 96095 23.6268 23.4335 6.1591 0 155.8331 -96.5408 -20.0472 -120.673 0 0 0 0 0 0 0 0 4.6716 19.8835 0 0 
0.00815392195068034321 0.134393 0 77061 23.5 23.3102 6.03674 0 197.5921 -39.4288 193.616 -0.853744 0 0 0 0 0 0 0 0 12.5016 21.1175 900.75 2704.98 
0.0081787459663928818 0.188039 0 5708 23.4869 23.2974 6.02425 0 348.641 348.556 3.86894 6.5911 0 0 0 0 0 0 0 0 12.6553 20.6075 945.855 2769.84 
0.00819768222538367654 0.800073 0 74516 23.4024 23.215 5.94316 0 377.6581 357.634 -28.2542 -118.005 0 0 0 0 0 0 0 0 2.3805 11.9407 0 0 
0.00827959215631731381 0.438716 0 57888 2.21808 18.3118 16.477 0 01 0 0 0 0 0 0 0 0 0 0 0 10.9655 34.823 1.17575 381.859 
0.00827959215631731381 2.16726 0 190351 23.2074 23.0253 5.75871 0 230.2171 -220.599 -36.4102 54.8645 0 0 0 0 0 0 0 0 6.6455 22.0761 0 7.57267 
0.00828387071712101929 2.13508 0 199257 23.1499 22.9694 5.70485 0 221.1891 218.066 -32.8944 17.022 0 0 0 0 0 0 0 0 0 0 0 0 
0.00834411337548932909 1.27303 0 31525 22.9882 22.812 5.55466 0 442.3631 -361.555 253.493 -26.5367 0 0 0 0 0 0 0 0 0 6.33027 0 0 
0.00839423848253770949 0.596926 0 78975 22.9598 22.7844 5.52847 0 233.511 -142.225 168.143 77.6315 0 0 0 0 0 0 0 0 14.4964 29.659 58.0339 219.679 
0.00839423848253770949 0.694924 0 175854 22.8738 22.701 17.2313 0 01 0 0 -0 0 0 0 -0 0 0 0 -0 14.4587 35.1089 195.431 195.431 
0.0084168442999350019 0.38832 0 159018 1.37777 22.6764 17.2225 0 01 -0 0 0 0 -0 0 0 0 -0 0 0 8.7753 22.7099 0 141.347 
0.0084168442999350019 0.823833 0 106367 22.8454 22.6734 17.2234 0 01 0 0 0 0 0 0 0 0 0 0 0 4.13865 14.8773 0 0 
0.00842051637730383169 1.10476 0 153408 22.7891 22.6184 17.2065 0 01 0 0 0 0 0 0 0 0 0 0 0 1.11162 2.23487 0 0 
0.0085419816985695847 1.66544 0 148434 22.568 22.4028 17.124 0 01 0 0 0 0 0 0 0 0 0 0 0 3.36949 8.42986 0 1.52421 
0.00856207180665330067 0.304795 0 13000 22.4451 22.2832 17.0775 0 01 0 0 -0 0 0 0 -0 0 0 0 -0 12.7404 22.7038 583.957 1581.52 
0.00859147889623235704 1.25836 0 45426 22.4067 22.2458 17.0642 0 01 0 0 0 0 0 0 0 0 0 0 0 9.9218 17.3704 0 96.1601 
0.00862860894832234195 0.252613 0 5085 22.277 22.1193 17.0174 0 01 -0 0 0 0 -0 0 0 0 -0 0 0 6.18792 13.2033 389.492 846.547 
0.00872992286449223061 0.277375 0 161955 22.1664 22.0115 16.975 0 01 0 0 0 0 0 0 0 0 0 0 0 16.8592 36.2857 711.823 1544.76 
0.00872992286449223061 0.758559 0 189779 22.0877 21.9346 16.9422 0 01 -0 0 0 0 -0 0 0 0 -0 0 0 17.9222 41.0633 66.7508 472.546 
0.00872992286449223061 1.23697 0 153745 22.0528 21.9007 16.9296 0 01 0 0 0 0 0 0 0 0 0 0 0 13.7298 26.2066 303.833 382.552 
0.00872992286449223061 1.8601 0 163978 22.052 21.8999 16.9292 0 01 0 0 0 0 0 0 0 0 0 0 0 9.32454 26.1714 0 83.1113 
0.0087483818803443282 0.721669 0 143717 21.9963 21.8455 16.9066 0 01 0 0 0 0 0 0 0 0 0 0 0 0 10.0633 0 0 
0.00883318295949806452 0.0662252 1 24795 0.450537 21.6652 16.8294 0 0 1 0.000524813 -0.000449775 0.0206976 0 0 0 0 0 0 0 0 16.071 27.2105 3447.85 7085.91 
0.00883318295949806452 0.772975 0 150319 21.8709 21.7234 16.8568 0 01 0 0 0 0 0 0 0 0 0 0 0 6.17657 30.9562 0 122.137 
0.00884039197850350865 0.20054 1 18397 0 21.6375 16.8164 0 0 1 0.0140936 -0.00850311 0.0139857 0 0 0 0 0 0 0 0 6.90597 13.5219 114.012 1749.89 
0.00885319375954299152 1.76976 0 147298 21.7574 21.6124 16.8078 0 01 0 0 0 0 0 0 0 0 0 0 0 0 6.92321 0 0 
0.00887095161936937368 0.337942 0 62404 0.344921 21.5711 16.789 0 01 0 0 0 0 0 0 0 0 0 0 0 4.2403 12.6636 59.9293 193.206 
0.00887095161936937368 2.12026 0 172139 21.7289 21.5846 16.7936 0 01 0 0 -0 0 0 0 -0 0 0 0 -0 2.08793 2.08793 0 0 
0.00891076361125294966 0.50306 0 215802 0.54003 21.9174 16.5231 0 01 -0 0 0 0 -0 0 0 0 -0 0 0 10.2404 28.2473 147.227 362.905 
0.00891076361125294966 1.10819 0 139643 0.0993423 24.403 7.15528 0 187.591 183.421 -38.6406 7.32911 0 0 0 0 0 0 0 0 8.92565 28.9248 17.7345 17.7345 
0.00892178560617539612 0.924941 0 63111 21.6082 21.4668 16.7434 0 01 0 -0 0 0 0 -0 0 0 0 -0 0 0 5.62766 0 0 
0.00896298218055543126 0.66815 0 150526 21.52 21.3807 16.71 0 01 0 -0 0 0 0 -0 0 0 0 -0 0 0 0 0 0 
0.00896298218055543126 1.29029 0 190379 21.548 21.408 16.72 0 01 0 0 0 0 0 0 0 0 0 0 0 7.69536 25.696 13.4265 36.3949 
0.00896609938479000536 0.423063 0 34929 21.5077 21.3687 16.7064 0 01 0 0 0 0 0 0 0 0 0 0 0 3.18258 5.65448 0 0 
0.00905970209670964484 1.07037 0 203034 0.239371 14.5328 12.8382 0 11.89961 -3.13275 -10.4414 -4.77117 0 0 -0 0 0 0 -0 0 6.32061 11.6248 46.9456 50.3129 
0.00905970209670964484 1.17278 0 74810 21.3199 21.1852 16.6213 0 01 0 0 0 0 0 0 0 0 0 0 0 2.34292 15.277 3.10724 3.10724 
0.00906390411419980696 0.122967 0 125439 21.3014 21.1671 16.6131 0 01 0 0 0 0 0 0 0 0 0 0 0 4.00831 11.9824 592.232 1940.34 
0.00908533202335891701 0.0980527 0 2133 0.0809367 21.1164 16.5893 0 01 0 0 0 0 0 0 0 0 0 0 0 4.49143 11.4746 45.8151 619.723 
0.00909741611350185948 0.944557 0 74169 21.2241 21.0918 16.5785 0 01 0 0 0 0 0 0 0 0 0 0 0 1.88088 9.46083 0 0 
0.00911422959834508155 1.66022 0 161127 21.1922 21.0607 16.5618 0 01 -0 0 0 0 -0 0 0 0 -0 0 0 0 1.64075 0 0 
0.00918217090657648741 0.091661 0 13778 0.257927 20.9244 16.5024 0 01 0 0 0 0 0 0 0 0 0 0 0 10.1375 18.4588 493.884 1475.85 
0.00921528834979059262 0.279325 0 61834 21.0137 20.8861 16.4839 0 01 0 -0 0 0 0 -0 0 0 0 -0 0 14.1806 27.9112 470.432 1198.45 
0.00927068927570813897 1.22676 0 164300 20.9292 20.8035 16.4447 0 01 0 -0 0 0 0 -0 0 0 0 -0 0 7.29125 31.6741 0 107.191 
0.00927068927570813897 2.90242 0 199578 20.9148 20.7894 16.4377 0 01 -0 0 0 0 -0 0 0 0 -0 0 0 2.93535 11.2836 0 0 
0.00932482607901560963 1.61987 0 171741 20.7738 20.6513 16.3711 0 01 -0 0 0 0 -0 0 0 0 -0 0 0 0 1.63822 0 0 
0.00939295975733365866 0.935046 0 52009 20.6358 20.5165 16.3078 0 01 -0 0 0 0 -0 0 0 0 -0 0 0 0.959715 10.4295 0 0 
0.00942076398099887108 0.552542 0 33876 20.5916 20.4733 16.2861 0 01 0 -0 0 0 0 -0 0 0 0 -0 0 2.75536 11.5631 51.1006 507.36 
0.00942076398099887108 0.759987 0 163707 20.5744 20.4564 16.2778 0 01 0 0 -0 0 0 0 -0 0 0 0 -0 2.2381 8.97217 0 11.2218 
0.00943449141817745418 0.854459 0 98571 20.554 20.4364 16.2687 0 01 0 0 0 0 0 0 0 0 0 0 0 2.61663 8.66108 1.86772 1.86772 
0.00949496317823323582 0.153342 0 23718 20.5115 20.3947 16.2509 0 01 0 0 0 0 0 0 0 0 0 0 0 17.5766 29.1867 2281.27 6581.63 
0.00950238700589092766 0.750232 0 82874 20.4299 20.3148 16.2122 0 01 0 0 -0 0 0 0 -0 0 0 0 -0 2.26248 9.01902 0 128.043 
0.00951781596950578533 0.967927 0 143635 20.4154 20.3006 16.2052 0 01 0 0 0 0 0 0 0 0 0 0 0 7.76913 16.4732 0 2.61084 
0.00953084746758581063 1.34194 0 148444 20.3789 20.2649 16.1877 0 01 0 0 -0 0 0 0 -0 0 0 0 -0 5.34409 10.6277 142.322 175.144 
0.00953916037241743855 0.737165 0 151331 20.3561 20.2425 16.1756 0 01 0 0 0 0 0 0 0 0 0 0 0 1.4308 4.32326 0 46.8736 
0.00954989759028560328 0.282306 0 17368 20.3403 20.2271 16.1677 0 01 0 0 -0 0 0 0 -0 0 0 0 -0 0 0 0 0 
0.00958642405334182365 0.755699 0 44830 20.2644 20.1528 16.1318 0 01 0 0 0 0 0 0 0 0 0 0 0 0.751703 5.25369 0 0 
0.009605672546587226 0.079642 0 239294 0.130734 20.416 17.3517 0 01 0 0 0 0 0 0 0 0 0 0 0 6.67207 13.4886 346.127 1568.2 
0.00968469844020455016 0.276357 0 205928 0.440563 14.8593 13.3433 0 01 0 -0 0 0 0 -0 0 0 0 -0 0 11.4807 29.5286 174.116 515.57 
0.00973243184540511196 1.10762 0 269383 0 20.2833 15.8342 0 01 -0 0 0 0 -0 0 0 0 -0 0 0 4.51277 17.9721 0 81.7168 
0.00982899794653150673 0.287488 1 205885 0 12.199 8.48682 0 0 2 -74.9664 28.3304 -29.8783 0 0 0 0 0 0 0 0 19.757 39.7346 789.727 2392.53 
0.0113796727259025433 0.242688 0 219348 0.627713 28.1488 11.3392 0 210.1611 -10.2309 -7.15122 209.79 0 0 0 0 0 0 0 0 10.8209 18.7052 1291.25 2846.74 
0.0151194767808078053 0.156725 0 211919 0.0915238 22.4307 17.1335 0 01 0 0 0 0 0 0 0 0 0 0 0 16.0648 32.4906 702.358 3136.98 
0.0152470933805931054 2.20052 0 204569 0.581121 24.7291 7.50227 0 245.1671 83.9508 172.817 152.294 0 0 0 0 0 0 0 0 0 0 0 0 
6.49432881436458231 0.0137224 1 0 0 13.4913 13.4855 0 0 0 0 0 0 0 0 0 0 0 0 0 0 16.1548 38.8825 30.6866 87.2858 
7.21138116611810887 0.0398138 1 0 0 5.01037 13.516 0 0 0 0 0 0 0 0 0 0 0 0 0 0 30.3306 77.1861 39.7251 143.889 
8.7898347620343813 0.0209748 1 0 0 15.3094 15.2898 0 0 0 0 0 0 0 0 0 0 0 0 0 0 13.2412 39.2507 33.9122 74.7034 
