#1:time #2:r #3.binary? #4:ID #5:zams_m #6:m_progenitor #7:bh mass #8:bh_spin #9:birth-kick(km/s) #10-25:vsarray
0.00254966823049032534 0.10393 0 61743 0.346107 16.523 14.7339 0 01 0 0 0 0 0 0 0 0 0 0 0 6.76513 12.4096 1511.04 3651.7 
0.00255580153752692739 0.325882 0 62090 0.604593 15.8743 14.116 0 01 0 -0 0 0 0 -0 0 0 0 -0 0 9.4431 18.5095 232.275 422.624 
0.00255580153752692739 0.97799 0 375794 145.132 16.6605 14.8654 0 01 -0 0 0 0 -0 0 0 0 -0 0 0 2.00328 13.8795 35.7158 35.7158 
0.00256077924949126663 0.710925 0 302244 143.97 16.6878 14.8914 0 01 -0 0 0 0 -0 0 0 0 -0 0 0 2.1209 7.74328 0 15.6402 
0.00256077924949126663 1.74716 0 396505 141.989 16.7188 14.9211 0 01 0 0 0 0 0 0 0 0 0 0 0 0 5.10117 0 0 
0.0025703666451760733 0.594101 0 307797 137.619 16.697 14.9002 0 01 0 0 0 0 0 0 0 0 0 0 0 2.93588 14.1368 90.6266 137.588 
0.00257564025523432296 0.24007 1 100504 0 16.7394 14.9406 0 0 1 0.000626015 0.00536863 -0.00276872 0 0 0 0 0 0 0 0 7.94279 17.8574 416.292 1570.23 
0.00257564025523432296 1.10875 0 321417 134.348 16.6709 14.8753 0 01 0 0 0 0 0 0 0 0 0 0 0 3.29676 10.9541 0 0 
0.00258407246260643165 0.0576357 0 514872 0.15052 16.2376 14.4616 0 01 0 0 0 0 0 0 0 0 0 0 0 8.01912 14.7583 1617.74 4348.65 
0.00258802270220446617 0.12972 0 1230 0.217524 16.6309 14.837 0 01 -0 0 0 0 -0 0 0 0 -0 0 0 7.69262 13.6085 1321.9 3772.14 
0.00258925569177858965 0.837806 0 115717 128.405 16.6801 14.884 0 01 0 0 0 0 0 0 0 0 0 0 0 1.66107 3.31775 0 0 
0.00259095056296888707 0.75937 1 344445 0.210169 16.6654 14.8699 0 0 2 -0.0165364 0.0281809 -0.0106588 0 0 0 -0 0 0 0 -0 2.99539 6.73446 280.918 280.918 
0.00259769616443476488 0.377281 0 538321 0.128496 13.5029 10.505 0 69.48081 53.482 26.8196 -35.3265 0 0 0 0 0 0 0 0 8.84992 22.877 275.036 2626.38 
0.00259769616443476488 0.828829 0 174558 126.594 16.7066 14.9094 0 01 -0 0 0 0 -0 0 0 0 -0 0 0 8.28323 15.7408 0 182.423 
0.0025994872682793776 1.759 0 362931 125.318 16.6082 14.8153 0 01 0 0 0 0 0 0 0 0 0 0 0 0 3.4185 0 0 
0.00260696947928481691 0.307853 0 34504 0.528807 16.6073 14.8143 0 01 0 0 0 0 0 0 0 0 0 0 0 12.5678 26.467 1.07673 1965.25 
0.00261168994566657537 0.170707 1 40380 0 13.1089 9.78947 0 0 1 -28.9058 -11.0866 37.4573 0 0 -0 0 0 0 -0 0 7.69933 14.7212 1145.71 4506.2 
0.00261168994566657537 0.51796 1 246404 0 11.5238 7.47904 0 0 2 66.9846 74.639 -54.6515 0 0 0 -0 0 0 0 -0 3.66651 12.5095 0 71.0071 
0.00263441913006195062 0.154685 1 535097 0 17.3057 15.4838 0 0 2 -6.4163e-06 0.00708964 -0.00419631 0 0 0 -0 0 0 0 -0 9.52973 17.4485 1314.99 6389.84 
0.00263441913006195062 1.39593 0 175727 113.949 16.402 14.6184 0 01 0 0 0 0 0 0 0 0 0 0 0 4.1518 8.26742 0 8.5025 
0.00264224856042047851 0.0977893 1 73525 0 11.5889 7.5562 0 0 1 5.37395 35.0114 41.2097 0 0 0 0 0 0 0 0 8.93221 16.8841 1685.69 4008.73 
0.00264224856042047851 0.721065 0 281701 112.129 16.2534 14.4767 0 01 0 0 0 0 0 0 0 0 0 0 0 2.12056 16.968 22.9036 300.52 
0.00264507001882373317 0.556891 0 226076 111.459 16.2031 14.4287 0 01 0 0 0 0 0 0 0 0 0 0 0 0 0.557474 0 0 
0.00265795223145585784 0.271128 0 268677 111.171 16.2062 14.4316 0 01 0 0 0 0 0 0 0 0 0 0 0 13.9823 29.9769 1418.95 2803.92 
0.00265795223145585784 0.627245 0 253790 109.514 16.1063 14.3366 0 01 -0 0 0 0 -0 0 0 0 -0 0 0 7.44552 24.1722 300.161 351.658 
0.00265795223145585784 1.36707 0 188351 108.592 16.0249 14.2591 0 01 -0 0 0 0 -0 0 0 0 -0 0 0 5.52935 22.1228 15.3878 15.3878 
0.00267615224653880565 0.0970374 0 64926 0.234209 15.6209 13.8755 0 01 0 -0 0 0 0 -0 0 0 0 -0 0 11.5923 22.825 2626.68 5824.82 
0.00267615224653880565 0.216841 0 10657 0.0860928 15.4856 13.7472 0 01 0 -0 0 0 0 -0 0 0 0 -0 0 12.4683 26.1238 1812.49 3088.63 
0.00267615224653880565 0.303465 0 92882 107.222 15.9173 14.1568 0 01 -0 0 0 0 -0 0 0 0 -0 0 0 14.3193 27.2731 945.048 2035.34 
0.00267615224653880565 0.523256 0 265082 106.957 15.8749 14.1165 0 01 0 0 0 0 0 0 0 0 0 0 0 15.705 33.5671 0 125.108 
0.00267615224653880565 1.55069 0 332286 106.732 15.8699 14.1118 0 01 0 0 -0 0 0 0 -0 0 0 0 -0 7.68852 18.456 0 1.65887 
0.00268264698882774658 0.306787 0 48757 0 15.3084 13.5796 0 01 0 0 0 0 0 0 0 0 0 0 0 9.52032 20.9915 957.572 2685.25 
0.00268264698882774658 0.329326 0 149723 103.931 15.6331 13.8871 0 01 0 0 0 0 0 0 0 0 0 0 0 9.13553 17.9853 601.44 1458.35 
0.00268264698882774658 1.19061 1 178115 104.318 14.8005 13.1004 0 0 1 0.00644847 -0.478687 -0.238015 0 0 0 0 0 0 0 0 3.51964 15.2172 0 0 
0.00270360652322799858 0.48218 0 422882 0.126384 15.303 13.5745 0 01 -0 0 0 0 -0 0 0 0 -0 0 0 10.0464 27.2351 634.84 1000.53 
0.00271051209679543104 1.01376 0 359428 98.4291 15.2081 13.4848 0 01 0 0 0 0 0 0 0 0 0 0 0 3.02037 12.0979 48.6633 90.7693 
0.00271051209679543104 1.21868 0 381331 98.9901 15.2491 13.5235 0 01 -0 0 0 0 -0 0 0 0 -0 0 0 0 7.29262 0 0 
0.00272438453789314869 0.129966 0 297104 97.652 15.1895 13.4671 0 01 0 0 0 0 0 0 0 0 0 0 0 11.3226 20.5819 2364.61 5054.06 
0.00272438453789314869 0.187849 1 51333 0 15.1839 13.4619 0 0 1 -0.00910999 -0.0148061 0.00324688 0 -0 0 0 0 -0 0 0 11.3226 20.5819 2364.61 5054.06 
0.00272438453789314869 0.516746 1 213487 0 15.0379 13.3242 0 0 2 0.0426545 -0.00487914 -0.00188023 0 0 0 0 0 0 0 0 12.1208 29.31 254.005 444.661 
0.00272438453789314869 0.582893 0 306326 96.9957 15.0698 13.3542 0 01 0 -0 0 0 0 -0 0 0 0 -0 0 6.89228 22.4002 7.4954 387.345 
0.00272438453789314869 0.620679 0 206747 96.1646 15.0243 13.3114 0 01 0 0 -0 0 0 0 -0 0 0 0 -0 8.66632 26.7581 14.4445 113.984 
0.00272438453789314869 0.653636 0 338933 97.2335 15.1143 13.3963 0 01 -0 0 0 0 -0 0 0 0 -0 0 0 8.4234 21.9459 55.5477 468.525 
0.00272911437571447119 1.07223 0 345768 95.6185 14.9395 13.2313 0 01 0 0 0 0 0 0 0 0 0 0 0 0 10.7744 0 0 
0.00273256648870417356 0.429213 1 295028 0 14.8963 13.1906 0 0 2 -0.00984896 -0.00144429 0.0103444 0 0 0 0 0 0 0 0 4.2808 12.5038 435.488 435.488 
0.00274630778453686768 0.14875 1 9424 0 11.9204 7.97234 0 0 1 76.4763 2.56205 69.9646 0 0 0 0 0 0 0 0 11.8264 22.5676 2850.69 5590.49 
0.00274630778453686768 0.111126 1 168168 0 14.811 13.1103 0 0 2 0.0446867 0.00165168 -0.0070417 0 0 0 0 0 0 0 0 11.8264 22.5676 2850.69 5590.49 
0.00274630778453686768 0.288118 0 242650 92.7104 14.7302 13.0343 0 01 -0 0 0 0 -0 0 0 0 -0 0 0 12.8696 27.4605 780.792 2454.34 
0.00274630778453686768 0.4714 0 269660 94.1229 14.8168 13.1157 0 01 0 0 0 0 0 0 0 0 0 0 0 15.2054 29.868 593.749 805.151 
0.00274630778453686768 1.85677 0 681806 0.357203 14.6561 12.9275 0 0.3552251 0.0223567 0.263442 0.237241 0 0 0 0 0 0 0 0 5.42158 12.7754 0 0 
0.00276192524967490416 0.207831 0 206906 91.7153 14.6711 12.9622 0 1.02021 0.0536217 -0.788224 -0.645471 0 0 0 0 0 0 0 0 15.1352 30.3401 2724.84 5619.48 
0.00276192524967490416 0.258356 0 167048 0.260953 14.3745 12.2905 0 16.2731 -14.5603 0.352003 7.25832 0 0 0 0 0 0 0 0 14.8517 31.275 425.957 2451.56 
0.00276192524967490416 0.365039 0 61874 92.5073 14.686 12.9926 0 01 0 0 0 0 0 0 0 0 0 0 0 18.0891 41.0814 334.468 1803.85 
0.00276192524967490416 0.536445 0 241128 90.5167 14.5122 12.5983 0 7.934511 2.56887 5.46865 -5.14308 0 0 0 0 0 0 0 0 7.93914 30.2404 101.656 616.669 
0.00276192524967490416 0.590647 0 136651 90.7845 14.5303 12.6393 0 4.036271 3.21465 0.900512 -2.26862 0 0 0 0 0 0 0 0 9.61742 31.8264 179.612 780.837 
0.00276192524967490416 1.55246 0 301737 91.1998 14.5602 12.7072 0 5.438181 1.39628 -4.63993 -2.46886 0 0 0 0 0 0 0 0 9.2781 17.004 368.011 368.011 
0.00276567288506881365 0.0644774 1 34242 0 11.2846 7.20868 0 0 1 -149.066 -0.0553152 12.9156 0 0 0 0 0 0 0 0 4.94693 10.0147 2.76217 1881.11 
0.00276567288506881365 0.541943 0 345065 90.159 14.4747 12.5137 0 14.66691 9.42826 6.8183 -8.92957 0 0 0 -0 0 0 0 -0 3.16554 9.54959 0 35.9855 
0.00278050420275600388 0.264752 1 111187 0 11.4986 7.44964 0 0 1 -79.9293 76.4763 51.803 0 -0 0 0 0 -0 0 0 13.9266 31.1257 543.728 891.385 
0.00278050420275600388 0.521309 0 315059 88.2093 14.2896 12.1043 0 13.77171 8.76133 4.90434 -9.42585 0 0 0 -0 0 0 0 -0 13.3005 36.1369 31.9785 451.453 
0.00278050420275600388 0.64587 0 301990 89.0787 14.3801 12.3029 0 19.27221 15.0264 -9.82121 7.01217 0 0 0 0 0 0 0 0 5.77996 21.2807 0 2.02855 
0.00278050420275600388 0.712711 0 239750 89.6003 14.4366 12.4285 0 7.034181 -5.85671 -2.53273 -2.96038 0 0 0 0 0 0 0 0 7.90171 24.3729 0 116.043 
0.00278050420275600388 0.795014 0 259495 90.0112 14.4411 12.4384 0 9.145941 9.13455 -0.0941535 0.446474 0 0 -0 0 0 0 -0 0 12.7063 30.9195 75.2401 595.482 
0.00278496540977559402 0.719136 0 292476 0.362914 14.2052 11.9218 0 22.71311 -4.39666 -17.6709 -13.5754 0 -0 0 0 0 -0 0 0 3.57798 14.3647 0 94.1695 
0.00278496540977559402 0.875491 0 317450 87.5857 14.2593 12.0385 0 14.66621 -8.34124 -8.21291 -8.8357 0 0 -0 0 0 0 -0 0 3.49238 8.70347 0 60.8176 
0.00279356515897656284 0.70765 0 24087 0.216917 14.2209 11.9556 0 10.01371 9.9659 -0.781747 -0.586977 0 0 0 0 0 0 0 0 8.36307 18.1046 0 94.6304 
0.00279356515897656284 0.969364 0 159815 0.553875 14.2288 11.9726 0 27.91471 27.6459 -1.15674 -3.68692 0 0 0 0 0 0 0 0 3.8288 19.1979 0 0 
0.00279356515897656284 1.04496 0 176205 86.732 14.1588 11.8226 0 18.29731 17.0545 6.19744 -2.35099 0 0 0 -0 0 0 0 -0 3.15708 11.5624 0 0 
0.00279793056990076299 0.217262 0 147898 0.101974 13.7222 10.928 0 27.71851 -8.90298 -20.1169 -16.863 0 -0 0 0 0 -0 0 0 3.27504 9.5025 153.102 327.112 
0.00281500240153849911 0.199612 0 334111 0.278295 13.9408 11.3672 0 18.39241 6.10424 16.4569 5.49458 0 0 0 0 0 0 0 0 11.4431 21.3179 987.068 5018.64 
0.00281500240153849911 0.616723 0 78203 85.2054 14.0064 11.5024 0 17.32521 -15.1563 0.528648 -8.37669 0 0 0 0 0 0 0 0 10.3268 30.3413 0 532.062 
0.00281500240153849911 0.653691 0 276984 84.596 13.9535 11.3933 0 47.11781 -35.6128 25.8312 16.8691 0 0 0 0 0 0 0 0 10.4268 29.349 0 171.208 
0.00281500240153849911 0.8271 0 310574 84.2628 13.9377 11.3608 0 35.2131 6.09266 -6.86688 33.9953 0 0 0 0 0 0 0 0 6.58835 15.6063 285.175 715.025 
0.00281500240153849911 1.70379 0 361959 84.4833 13.9621 11.4109 0 13.60871 13.2484 0.949555 2.96233 0 0 0 0 0 0 0 0 1.68837 15.0335 0 0 
0.00283573023213769303 0.115953 0 248388 0.198765 13.6445 10.7762 0 53.9911 -40.0773 -8.7603 -35.1011 0 -0 0 0 0 -0 0 0 13.7087 29.1293 2458.86 6344.27 
0.00283573023213769303 0.710602 0 379198 81.8962 13.7239 10.9313 0 49.1771 -40.1784 27.8542 -5.31256 0 -0 0 0 0 -0 0 0 14.7095 42.7297 13.72 456.264 
0.00283802999641671102 0.949073 0 218214 81.2453 13.6761 10.8376 0 38.28851 13.9233 12.0424 -33.5728 0 0 0 0 0 0 0 0 1.94257 5.7689 0 302.144 
0.00283915069219477364 1.77652 0 362265 81.1199 13.6583 10.8029 0 23.49221 -20.5125 11.428 0.723351 0 -0 0 0 0 -0 0 0 0 0 0 0 
0.0028417462790608322 0.21544 0 122627 0.101447 13.5808 10.6533 0 32.0321 18.3047 20.5895 -16.3419 0 0 0 -0 0 0 0 -0 4.63012 11.1826 119.67 1128.02 
0.00286315032555489821 0.132313 0 235378 0.080254 13.7477 10.9784 0 57.67631 -22.0957 35.354 39.8551 0 0 0 0 0 0 0 0 14.64 24.9906 3152.34 7380.72 
0.00286315032555489821 0.220747 0 59411 0.453907 12.8284 9.31459 0 111.6871 95.45 27.4209 -51.1007 0 0 0 0 0 0 0 0 16.5084 33.961 2333.26 4610.21 
0.00286315032555489821 0.302998 0 115918 78.7712 13.3967 10.3067 0 69.97771 65.466 24.607 2.36212 0 0 0 0 0 0 0 0 16.0822 30.4858 370.128 1619.09 
0.00286315032555489821 0.736676 0 283475 79.1005 13.4697 10.4426 0 28.21851 23.9562 -11.6498 -9.30944 0 0 0 0 0 0 0 0 13.1161 35.6495 361.29 562.417 
0.00286315032555489821 0.798452 0 219171 80.0316 13.5085 10.5157 0 4.672571 4.10827 -2.10303 -0.729601 0 0 0 -0 0 0 0 -0 7.20135 28.059 12.2985 427.908 
0.00286315032555489821 2.63971 0 395360 79.5825 13.4761 10.4547 0 148.6231 77.272 126.864 -4.85265 0 0 0 -0 0 0 0 -0 2.6012 7.8617 0 0 
0.00288773982700066875 0.0862222 0 42429 0.379601 13.1347 9.83469 0 109.5971 -16.16 100.422 40.8125 0 0 0 0 0 0 0 0 17.575 29.3741 2117.94 6529.04 
0.00288773982700066875 0.944297 0 176470 78.0612 13.3233 10.1719 0 112.2781 -83.4412 22.5754 71.6544 0 -0 0 0 0 -0 0 0 9.3454 29.8905 11.5288 165.264 
0.00288773982700066875 1.04147 0 366895 78.4317 13.3714 10.2599 0 95.17681 79.8712 13.2513 -50.0361 0 0 0 0 0 0 0 0 14.8103 40.1192 96.0699 509.5 
0.00288773982700066875 1.87038 0 362975 76.5562 13.1689 9.89491 0 17.57411 17.1004 -0.914995 3.94845 0 0 0 0 0 0 0 0 7.32897 14.7531 0 55.9827 
0.00290837234609755101 0.139777 0 9114 0.115384 13.0342 9.66026 0 111.2311 87.4946 64.1052 24.6507 0 0 0 0 0 0 0 0 16.0847 29.0064 2268.74 5648.71 
0.00290837234609755101 0.580374 0 102311 75.0149 13.0087 9.61654 0 82.16571 -74.5225 19.8576 28.3423 0 0 0 0 0 0 0 0 19.9623 48.1521 531.362 1518.39 
0.00290837234609755101 1.88008 0 389536 76.1127 13.1256 9.81862 0 63.13011 -8.65961 13.6081 61.0347 0 0 0 0 0 0 0 0 3.6564 16.581 5.98755 5.98755 
0.00290837234609755101 2.67641 0 330344 76.1778 13.1378 9.84012 0 91.36971 -70.8943 12.4976 56.2693 0 0 0 0 0 0 0 0 0 5.43076 0 0 
0.00292386461544668838 0.411781 0 152617 73.6069 12.9085 9.44732 0 72.18341 35.6914 18.5257 -59.9446 0 0 0 0 0 0 0 0 8.32231 23.5768 0 512.249 
0.00295312568306700315 0.222372 0 153939 71.4512 12.6433 9.01684 0 192.2141 -34.8599 -105.623 156.763 0 0 -0 0 0 0 -0 0 17.7211 33.8996 504.052 3067.02 
0.00295312568306700315 0.642256 0 205777 70.9066 12.592 8.93642 0 70.9831 41.9248 53.1561 -21.3382 0 0 0 0 0 0 0 0 12.7602 34.4999 84.8055 532.86 
0.00295312568306700315 1.5066 0 369055 72.2816 12.7796 9.2348 0 98.7791 -98.7789 -0.144384 -0.0677242 0 0 -0 0 0 0 -0 0 6.08775 15.1771 0 10.1961 
0.00295312568306700315 1.54255 0 328227 72.1206 12.7293 9.15358 0 99.49161 96.6854 18.1133 -14.9135 0 0 0 0 0 0 0 0 4.67781 28.1295 0 9.02504 
0.00296622618728909328 0.219259 0 114706 70.8061 12.5815 8.92011 0 86.72991 -18.1536 84.7844 -2.0306 0 0 0 0 0 0 0 0 14.8053 29.3326 930.236 2565.18 
0.00296622618728909328 1.35248 0 335995 70.2877 12.5345 8.84752 0 101.9351 -36.4298 -92.135 23.9742 0 0 0 0 0 0 0 0 8.19212 16.3372 13.6323 13.6323 
0.00297726940716323005 0.15779 0 51259 69.5325 12.4218 8.6767 0 46.48581 42.4661 18.169 5.23912 0 0 0 0 0 0 0 0 9.31402 18.4556 1273.62 3258.89 
0.00297726940716323005 0.219075 1 100809 0 10.379 6.37032 0 0 1 33.7026 -66.624 -55.0832 0 0 0 0 0 0 0 0 10.9842 20.5371 639.254 1635.49 
0.00297726940716323005 0.277271 0 174664 69.4959 12.4055 8.65233 0 58.74611 29.9458 -14.1205 -48.528 0 0 0 0 0 0 0 0 12.8692 25.9176 621.435 2085.45 
0.00297726940716323005 1.67247 0 372935 69.5046 12.4077 8.6557 0 86.1421 -83.1303 -22.3803 -2.98656 0 0 0 -0 0 0 0 -0 0 3.39603 0 0 
0.00300031703023430265 0.0903202 0 215727 68.5989 12.3247 8.53334 0 211.921 54.056 178.966 -99.7954 0 0 0 -0 0 0 0 -0 14.9586 27.1265 2534.54 7465.55 
0.00300031703023430265 0.173424 1 4485 0 10.3001 6.31111 0 0 1 133.42 -43.869 -11.7595 0 0 0 -0 0 0 0 -0 14.9586 27.1265 2534.54 7465.55 
0.00300031703023430265 0.278129 0 245884 0.430062 11.1162 7.03061 0 181.3721 173.11 53.0557 10.6683 0 0 0 0 0 0 0 0 17.6772 37.9058 1308.75 2646.1 
0.00300031703023430265 0.340486 0 24013 0.13492 12.1262 8.25056 0 76.28341 71.489 -21.9182 15.1019 0 0 0 0 0 0 0 0 18.9768 44.635 1966.63 3572.09 
0.00300031703023430265 0.431987 0 233206 67.6307 12.2418 8.41348 0 66.13181 -53.5266 -18.5236 34.1349 0 0 -0 0 0 0 -0 0 15.5708 36.2299 635.658 1178.51 
0.00300266476609549948 0.481457 0 111328 67.4826 12.2109 8.36937 0 135.2221 -132.659 19.6833 -17.3 0 0 0 0 0 0 0 0 2.3713 8.09564 0 93.1492 
0.0030289957650277608 0.184937 1 0 4.86849 12.0358 8.12655 0 0 1 27.7545 58.8385 -59.4384 1 28.374 64.1927 -53.8089 0 0 0 0 19.312 33.4113 2858.31 5992.75 
0.0030289957650277608 0.497438 0 121014 0.220641 12.0209 8.10621 0 125.6131 -49.0042 95.7643 -64.8574 0 0 0 0 0 0 0 0 26.9678 58.9219 387.222 1418.23 
0.00303014459796620197 0.739176 0 234580 65.5664 12.0162 8.09999 0 70.98071 -69.4273 14.2026 -4.04962 0 0 0 -0 0 0 0 -0 0 0.740843 0 0 
0.00304580983758552526 0.201939 0 88100 64.7006 11.8822 7.92244 0 162.7061 118.792 -78.0281 79.2049 0 0 0 0 0 0 0 0 12.7868 26.5168 1149.87 4526.01 
0.00304580983758552526 0.842728 1 371012 66.0513 10.2281 6.25884 0 0 1 -11.7155 11.7561 -2.85721 0 0 0 0 0 0 0 0 11.7116 28.4763 996.943 1435.01 
0.00304580983758552526 0.932855 0 150382 65.3114 11.9483 8.0092 0 85.64491 64.626 31.3891 46.6182 0 0 0 0 0 0 0 0 3.81027 22.7169 0 0 
0.00309517537023669236 0.0627725 0 12700 1.40457 11.8333 7.85919 0 95.25971 -93.1992 4.08028 19.2788 0 -0 0 0 0 -0 0 0 22.8306 41.6753 2772.85 7015.32 
0.00309517537023669236 0.172418 0 11010 0.261277 11.8531 7.88469 0 203.4161 203.085 -6.28894 9.75359 0 0 0 0 0 0 0 0 22.8306 41.6753 2772.85 7015.32 
0.00309517537023669236 0.313136 0 166865 62.8942 11.7049 7.69743 0 21.81431 -21.5709 2.72873 -1.76361 0 -0 0 0 0 -0 0 0 27.4779 58.6786 1277.17 2251.25 
0.00309517537023669236 0.379463 0 37142 63.1007 11.6858 7.67383 0 200.1661 196.777 27.1393 -24.6668 0 0 0 -0 0 0 0 -0 24.5056 68.7646 561.197 1094.28 
0.00309517537023669236 0.384429 0 177308 63.2174 11.7059 7.69857 0 138.7051 -137.721 2.37746 -16.3235 0 -0 0 0 0 -0 0 0 25.7537 64.6721 673.477 1405.05 
0.00309517537023669236 0.55068 0 235912 63.1944 11.693 7.68265 0 115.0331 38.4152 95.4658 51.4119 0 0 0 0 0 0 0 0 31.4065 82.6067 588.639 1225.54 
0.00309517537023669236 0.623168 0 295191 62.2835 11.6247 7.59923 0 49.3431 11.0456 41.654 -24.0347 0 0 0 -0 0 0 0 -0 43.0681 81.627 597.297 1499.15 
0.00309517537023669236 0.843875 0 25684 63.0733 11.6854 7.67332 0 216.4421 158.269 -18.5938 -146.466 0 0 -0 0 0 0 -0 0 20.2014 82.2495 434.936 804.883 
0.00309517537023669236 1.58738 0 325363 63.3838 11.7397 7.74071 0 166.1281 -140.698 72.3904 50.62 0 0 0 0 0 0 0 0 22.0681 59.9615 0 260.862 
0.00310409939089772774 0.176112 0 181303 0.487537 11.5385 7.49634 0 103.1261 98.1302 -26.5004 17.4138 0 0 0 0 0 0 0 0 10.266 19.1118 2405.29 3648.53 
0.00310409939089772774 0.853491 0 110778 61.5212 11.5069 7.45928 0 121.2381 -115.318 3.61618 37.2463 0 0 0 0 0 0 0 0 5.05439 18.4567 244.299 279.076 
0.00310409939089772774 0.901467 0 25991 61.3019 11.5103 7.46323 0 115.2051 109.215 35.3421 9.75207 0 0 0 0 0 0 0 0 5.35729 18.7768 0 16.8443 
0.00310409939089772774 2.2192 0 362298 61.3799 11.5203 7.47502 0 187.7361 130.273 28.7126 132.096 0 0 0 0 0 0 0 0 0 2.11949 0 0 
0.00313191574357544805 0.11061 0 197790 0.172924 11.3671 7.29964 0 200.9981 -58.5314 -128.743 -142.827 0 0 0 -0 0 0 0 -0 17.1401 34.3808 1510.72 5834.61 
0.00313191574357544805 0.168938 0 213283 0.124545 11.4098 7.34771 0 245.8451 -81.2011 8.48215 231.893 0 -0 0 0 0 -0 0 0 17.1401 34.3808 1510.72 5834.61 
0.00313191574357544805 0.26284 0 295960 60.9026 11.4172 7.35603 0 158.4541 156.91 9.31033 20.0094 0 0 0 0 0 0 0 0 20.6892 37.718 746.237 2972.86 
0.00313191574357544805 0.363247 0 218505 59.8231 11.3662 7.29866 0 194.4411 117.962 42.2201 -148.693 0 0 0 0 0 0 0 0 24.0387 50.16 517.119 1969.88 
0.00313191574357544805 0.467516 0 107024 0.579154 11.2005 7.11854 0 166.991 -112.252 -67.7875 -103.392 0 0 0 -0 0 0 0 -0 22.2861 46.0075 128.759 1136.55 
0.00313191574357544805 0.606156 0 164435 61.1483 11.4823 7.43071 0 193.8021 -147.151 -15.5186 125.159 0 0 -0 0 0 0 -0 0 17.4497 51.1743 390.156 1095.35 
0.00313191574357544805 0.915988 0 269591 60.8854 11.4178 7.35678 0 62.49891 -42.1413 -45.505 -7.71492 0 -0 0 0 0 -0 0 0 14.7529 55.3561 23.5778 1345.07 
0.00313191574357544805 1.63456 0 338207 60.5699 11.3999 7.33649 0 135.5131 117.253 47.0108 49.0478 0 0 0 0 0 0 0 0 3.24253 19.6833 0 0 
0.00315533681932015416 0.365788 0 85265 58.7173 11.2106 7.12915 0 95.1161 64.4654 -67.1135 -19.6732 0 0 0 0 0 0 0 0 18.0589 44.2734 1323.32 1553.45 
0.00315533681932015416 0.524669 0 176147 59.5084 11.3 7.2255 0 105.2421 89.0736 -44.5158 34.0599 0 0 -0 0 0 0 -0 0 22.4244 47.521 149.404 1173.87 
0.00315533681932015416 0.584206 0 231968 59.6735 11.339 7.26843 0 146.3471 64.3028 63.8642 -114.909 0 0 0 0 0 0 0 0 14.54 36.6429 1088.22 1405.89 
0.00315533681932015416 0.675419 0 147276 58.7407 11.2567 7.17855 0 160.6821 -5.87348 144.493 -70.0419 0 -0 0 0 0 -0 0 0 12.7806 31.0375 29.8028 400.65 
0.00315533681932015416 1.11052 0 184514 59.5604 11.311 7.2375 0 116.8471 29.4329 80.0069 -79.9115 0 0 0 0 0 0 0 0 5.54698 33.2847 61.1703 367.341 
0.00315533681932015416 1.84714 0 371644 59.5776 11.3138 7.24063 0 198.3791 -19.2013 155.081 -122.211 0 0 0 -0 0 0 0 -0 5.67593 11.2751 0 218.468 
0.00315749823592112022 1.55271 0 327684 58.6096 11.1839 7.10098 0 106.4981 87.8374 -10.9804 59.2108 0 0 0 0 0 0 0 0 0 1.53361 0 0 
0.00317680646560077789 0.179321 1 156600 0 9.55692 5.85532 0 0 1 4.40074 20.2072 -4.5919 0 0 0 0 0 0 0 0 11.3699 22.7379 1997.72 4604.7 
0.00317680646560077789 3.94846 0 396909 58.0621 11.1289 7.04361 0 90.90951 -5.80096 -65.2021 63.0839 0 -0 0 0 0 -0 0 0 0 0 0 0 
0.00318842328572808672 0.578866 0 52253 57.7001 11.0486 6.96186 0 211.7571 71.2628 177.291 -91.2718 0 0 0 0 0 0 0 0 8.15222 31.3441 271.161 583.563 
0.00318842328572808672 1.25787 0 317807 57.5989 11.0311 6.9444 0 141.0231 112.198 -66.9387 -53.0898 0 0 0 0 0 0 0 0 3.75771 17.613 0 81.5377 
0.00318842328572808672 1.65052 0 291197 57.4143 11.0687 6.98214 0 152.5281 -10.9186 -148.861 -31.397 0 -0 0 0 0 -0 0 0 6.67851 11.6653 0 0 
0.00319490329582886425 0.267229 0 317685 56.9542 10.9432 6.85804 0 187.5391 -84.2739 167.227 10.191 0 0 0 0 0 0 0 0 8.56424 19.1767 520.698 1024.29 
0.00319490329582886425 0.951807 1 289012 57.5222 9.76314 5.96324 0 0 1 -11.5121 -3.63894 -4.59166 0 -0 0 0 0 -0 0 0 5.73857 15.3279 489.625 557.522 
0.00319490329582886425 1.05711 0 243358 57.0413 11.0011 6.91459 0 144.1611 -9.17181 -51.5718 -134.308 0 0 0 0 0 0 0 0 4.20832 12.629 0 8.92113 
0.00319490329582886425 2.65203 0 398758 57.0943 11.0016 6.91511 0 78.57821 18.077 -76.463 -1.0771 0 0 0 0 0 0 0 0 0 0 0 0 
0.00319894932501590089 0.0858562 0 409609 0.117822 13.346 10.2133 0 54.92371 -54.8335 -2.99082 0.973914 0 -0 0 0 0 -0 0 0 5.77691 15.5613 188.096 612.142 
0.00319894932501590089 1.27341 0 179664 56.8427 10.9155 6.83135 0 188.5421 156.847 20.4093 -102.618 0 0 0 -0 0 0 0 -0 1.26077 7.57702 0 0 
0.00320872649526425871 0.071659 1 95702 0 9.58492 5.86912 0 0 1 -62.5734 -47.9384 86.363 0 0 0 0 0 0 0 0 8.88954 17.9814 869.814 2738.44 
0.00320872649526425871 0.803319 0 383467 56.599 10.8985 6.81516 0 216.1971 74.9288 77.6324 -187.35 0 0 0 0 0 0 0 0 3.21944 16.8637 92.7981 92.7981 
0.00323548993495792253 0.062348 0 13642 0.642875 10.7794 6.7044 0 104.9831 85.8404 -4.48259 60.2716 0 0 0 0 0 0 0 0 12.8643 22.3472 932.562 3581.33 
0.00323548993495792253 0.631847 0 128897 55.4251 10.8015 6.72457 0 107.0891 2.50297 -53.3306 -92.8318 0 0 0 0 0 0 0 0 5.70455 27.1969 0 351.136 
0.00323548993495792253 0.802997 0 235966 55.6077 10.8025 6.72547 0 144.0151 -76.6144 -105.314 -61.4785 0 0 0 -0 0 0 0 -0 5.61181 24.0033 302.472 302.472 
0.00323548993495792253 0.928635 0 265002 55.269 10.7702 6.69601 0 234.3661 -64.9265 -200.286 102.944 0 0 0 0 0 0 0 0 9.34928 27.0333 0 297.442 
0.00323548993495792253 2.15063 0 58352 55.3119 10.7743 6.69972 0 144.7431 -134.217 46.8137 -27.2941 0 0 0 0 0 0 0 0 0 13.0289 0 0 
0.00326228530914940244 1.27775 0 324126 54.2403 10.6024 6.5492 0 171.5841 69.7423 131.716 -85.0162 0 0 0 0 0 0 0 0 5.04005 31.6361 0 0 
0.00326228530914940244 1.33956 0 10715 54.7275 10.7516 6.6792 0 48.2031 -47.6345 -1.26198 -7.2725 0 0 0 -0 0 0 0 -0 6.75736 24.2699 28.4618 98.5334 
0.00326228530914940244 2.57934 0 381642 54.1803 10.6008 6.54786 0 154.0081 -102.405 107.915 39.824 0 0 0 0 0 0 0 0 5.029 9.89712 0 127.198 
0.00328688432954832212 0.217539 0 6409 0.932951 10.4841 6.45238 0 223.6241 189.602 -92.4218 -74.2786 0 0 0 0 0 0 0 0 17.1057 33.944 2065.66 6743.01 
0.00328688432954832212 0.29614 0 277897 54.1417 10.5903 6.5391 0 99.62431 -84.2326 44.2333 29.5514 0 0 0 0 0 0 0 0 19.5844 40.8439 544.301 2324.31 
0.00328688432954832212 0.386235 0 270680 0.117222 10.4472 6.42314 0 106.9111 -23.4216 -88.3442 -55.4672 0 0 0 -0 0 0 0 -0 17.5654 46.0878 687.025 2284.83 
0.00328688432954832212 1.67211 0 379809 53.2254 10.6215 6.56531 0 137.5911 119.602 -61.6633 28.7115 0 0 0 0 0 0 0 0 1.65179 26.7493 0 0 
0.00329069211433040843 0.12379 1 134142 0 9.28755 8.08398 0 0 1 -0.425245 -0.412326 -0.163974 0 0 0 -0 0 0 0 -0 3.87006 10.4371 531.834 1694.83 
0.00329452226182352448 0.456563 1 28748 54.3326 9.10135 7.92172 0 0 1 1.68979 -2.75314 -0.813747 0 0 0 -0 0 0 0 -0 1.38716 5.57294 0 0 
0.00331764183288351224 0.119451 0 111644 0.146236 10.5037 6.46809 0 67.71871 -67.4357 -2.81404 5.50672 0 0 0 0 0 0 0 0 18.1853 29.8132 2793.12 5736.21 
0.00331764183288351224 0.146837 1 214436 0 8.91314 7.7574 0 0 1 -0.271278 -1.23946 0.562831 0 -0 0 0 0 -0 0 0 18.1853 29.8132 2793.12 5736.21 
0.00331764183288351224 0.262028 1 0 0 10.6473 6.58736 0 0 1 176.069 14.0445 0.991906 1 176.508 8.80933 -3.55796 0 0 0 0 21.8555 42.4756 646.172 2278.48 
0.00331764183288351224 0.270968 0 75494 0.289485 10.6364 6.57793 0 131.0031 51.168 48.5105 -110.409 0 0 0 0 0 0 0 0 21.8555 42.4756 646.172 2278.48 
0.00331764183288351224 0.305565 0 37483 52.7163 10.6381 6.57944 0 99.29211 -85.2294 39.0913 -32.6611 0 0 0 0 0 0 0 0 20.279 44.8378 328.953 1872.4 
0.00331764183288351224 0.427037 0 306489 52.3269 10.6279 6.5707 0 95.24371 95.0339 5.80306 2.50165 0 0 0 0 0 0 0 0 13.5784 35.467 78.6071 935.593 
0.00331764183288351224 0.477649 0 194166 2.2816 10.6385 6.57982 0 230.6081 -174.029 151.05 -8.83036 0 -0 0 0 0 -0 0 0 18.1341 41.4523 295.046 1688.77 
0.00331764183288351224 0.641841 0 77606 52.4339 10.627 6.56996 0 180.7281 157.597 70.3423 53.643 0 0 0 0 0 0 0 0 16.5798 40.1467 7.93393 87.4186 
0.00331764183288351224 0.693281 0 165646 52.3922 10.6303 6.57277 0 53.75761 36.2844 -7.02053 -39.0389 0 0 0 -0 0 0 0 -0 9.58752 37.6737 0 188.298 
0.00331764183288351224 0.99777 0 235149 52.2635 10.6388 6.58003 0 116.7611 68.5331 -83.4065 -44.4926 0 0 -0 0 0 0 -0 0 20.9922 53.7991 155.324 632.592 
0.00333993276006655819 0.245447 0 27716 0.093999 10.5269 6.48692 0 169.8041 167.521 17.7069 21.3641 0 0 0 0 0 0 0 0 17.1761 37.9603 340.414 1755.94 
0.00333993276006655819 0.436248 0 154047 51.7776 10.6401 6.58113 0 127.1131 20.6051 77.3517 -98.7416 0 0 0 0 0 0 0 0 19.1745 42.6641 415.317 762.169 
0.00333993276006655819 0.541967 0 56191 51.4257 10.6481 6.58808 0 200.921 -193.67 -52.8806 8.01654 0 0 0 0 0 0 0 0 12.4096 35.6144 385.308 578.51 
0.00333993276006655819 0.639722 0 74245 51.1709 10.6558 6.59473 0 115.141 57.4673 -55.2253 -83.0953 0 0 0 0 0 0 0 0 14.5954 41.3363 470.926 844.602 
0.00334703605181792306 0.169123 0 43106 50.8741 10.6718 6.60857 0 84.93541 -67.0144 -42.9387 29.6539 0 -0 0 0 0 -0 0 0 9.0349 20.9649 1374.9 3413.84 
0.00334703605181792306 1.40561 0 344057 50.9575 10.6535 6.59275 0 164.761 159.941 -5.05106 39.2333 0 0 0 0 0 0 0 0 4.22891 15.4336 0 0 
0.00335461454052035299 1.26943 0 359834 50.5153 10.6676 6.60497 0 177.031 -37.3503 17.1191 -172.196 0 0 0 -0 0 0 0 -0 2.55378 15.279 0 0 
0.00336931978465091972 2.10222 0 185627 50.0487 10.6713 6.60814 0 135.3931 -122.759 1.53576 57.091 0 0 0 0 0 0 0 0 0 4.15053 0 0 
0.0033741392536270811 0.148078 0 89578 49.7995 10.6938 6.62779 0 110.7841 -28.9133 -66.1308 84.0463 0 0 0 0 0 0 0 0 3.02728 7.77907 46.1996 791.574 
0.00339821442775716485 0.350893 0 162029 49.042 10.7158 6.64729 0 239.1461 -78.1714 5.63259 -225.939 0 0 0 0 0 0 0 0 22.0473 46.1177 509.986 3049.84 
0.00339821442775716485 0.445705 0 183715 0.953892 10.6373 6.57879 0 52.55341 0.223587 -47.8685 -21.689 0 0 0 0 0 0 0 0 18.4011 43.8569 159.379 879.507 
0.00339821442775716485 0.50266 0 116262 49.0266 10.7152 6.64671 0 222.6811 210.995 -19.9763 -68.3288 0 0 0 0 0 0 0 0 15.3012 36.9718 144.734 318.771 
0.00339821442775716485 0.902443 0 361078 49.0859 10.7338 6.6633 0 62.26571 0.493155 54.5 -30.1086 0 0 0 -0 0 0 0 -0 12.768 45.6178 0 3.731 
0.00339821442775716485 0.991308 0 161343 49.6198 10.7443 6.67271 0 144.1511 -135.371 44.7754 21.1979 0 0 0 0 0 0 0 0 13.9941 43.9293 162.268 448.919 
0.00339821442775716485 1.10218 0 271044 49.4119 10.7251 6.65555 0 101.0011 38.8487 -84.651 -39.0668 0 0 0 0 0 0 0 0 12.028 36.125 0 1057.04 
0.00339821442775716485 2.71278 0 314533 49.0375 10.7163 6.64772 0 77.02081 34.5415 -65.5364 -21.0727 0 0 0 0 0 0 0 0 5.44672 13.5411 0 0 
0.00340378119195191816 0.934427 0 256067 48.9333 10.704 6.63683 0 205.9641 133.915 109.997 111.305 0 0 0 0 0 0 0 0 0.938071 13.1943 0 0 
0.00340378119195191816 1.2342 0 328792 48.8904 10.7012 6.63438 0 30.37631 5.15583 -2.23543 29.8519 0 0 -0 0 0 0 -0 0 1.22991 8.70111 0 0 
0.00344722126417198235 0.268484 0 425624 1.05319 10.7158 6.64727 0 73.47131 40.0301 19.4686 -58.4517 0 0 0 0 0 0 0 0 29.7502 57.6975 1171.84 3563.03 
0.00344722126417198235 0.36304 0 27316 51.3662 10.5189 6.48041 0 39.06491 32.1336 22.1247 1.99961 0 0 0 0 0 0 0 0 31.9637 70.5933 557.986 1581.89 
0.00344722126417198235 0.456409 0 183290 48.3797 10.6738 6.61034 0 221.2051 93.1295 -135.342 -148.124 0 0 0 -0 0 0 0 -0 22.8614 59.2291 625.621 940.649 
0.00344722126417198235 0.541814 0 99846 48.7235 10.6816 6.61714 0 166.3051 125.621 -36.3223 102.749 0 0 0 0 0 0 0 0 25.6435 61.6118 306.864 1370.45 
0.00344722126417198235 0.664652 0 164882 47.7203 10.653 6.59234 0 212.6011 -168.67 -122.768 40.9575 0 0 0 0 0 0 0 0 27.2419 67.178 61.5573 1107.45 
0.00344722126417198235 1.02395 0 62226 48.302 10.6726 6.6093 0 162.831 -56.3481 29.8852 149.817 0 -0 0 0 0 -0 0 0 16.4436 53.5946 0 38.3121 
0.00344722126417198235 1.1119 0 244454 47.648 10.6454 6.58574 0 69.0831 -67.9512 -9.4707 -8.08767 0 0 -0 0 0 0 -0 0 17.9761 56.3228 22.5049 234.957 
0.00344854988523880584 0.22879 0 45741 47.4805 10.6172 6.56161 0 132.1751 -89.7715 32.5112 91.4023 0 0 0 0 0 0 0 0 3.09781 7.38996 524.778 601.874 
0.00345682444421838457 1.17457 0 285251 47.225 10.6061 6.55227 0 123.6421 76.9645 94.743 -19.6859 0 0 0 0 0 0 0 0 0 7.03018 0 0 
0.00348308051304764641 0.217424 0 54190 0.0959638 8.66491 7.54066 0 01 0 0 0 0 0 0 0 0 0 0 0 18.7255 32.5335 1191.67 4432.47 
0.00348308051304764641 0.542 0 246886 46.5453 10.5855 6.53507 0 142.8281 -77.4363 59.9679 103.959 0 0 0 0 0 0 0 0 21.894 59.1522 467.851 1254.04 
0.00348308051304764641 0.61847 0 239587 46.862 10.58 6.53047 0 172.7121 -160.848 -54.6501 -31.1578 0 0 0 -0 0 0 0 -0 18.6549 49.7042 39.9731 93.3235 
0.00348308051304764641 0.866121 0 282000 46.7004 10.5599 6.5139 0 72.50341 61.103 -13.1681 36.7392 0 0 -0 0 0 0 -0 0 15.6245 48.5177 37.7443 215.43 
0.00348308051304764641 1.22093 0 344190 46.6096 10.5518 6.50721 0 136.8881 -127.943 -19.0588 44.7846 0 0 0 0 0 0 0 0 6.00824 28.8326 161.941 223.6 
0.00348308051304764641 1.50688 0 335674 47.1338 10.5953 6.54322 0 197.7461 170.783 -83.5034 -54.4409 0 0 0 -0 0 0 0 -0 12.0919 22.6189 0 4.63139 
0.00348308051304764641 1.74023 0 392042 47.1703 10.5991 6.5464 0 78.75741 -78.1712 -8.84511 -3.70889 0 -0 0 0 0 -0 0 0 6.94328 26.2083 0 108.235 
0.00348308051304764641 1.91131 0 384887 47.1598 10.6005 6.54762 0 146.3661 68.8748 128.999 6.21207 0 0 0 0 0 0 0 0 5.69388 18.9373 0 0 
0.00348668878704164967 0.509764 0 472876 0.200902 10.4139 6.39718 0 226.0771 -129.854 -0.444125 185.064 0 0 0 0 0 0 0 0 4.68458 10.9493 13.5563 125.945 
0.00351311013779434349 0.130763 0 144755 0.121978 10.4402 6.41763 0 166.1561 128.613 64.3874 -83.1903 0 0 0 0 0 0 0 0 16.7294 33.721 1294.12 4937.54 
0.00351311013779434349 0.175636 1 0 0 10.5331 6.49192 0 0 1 0.0810843 -3.80227 105.262 1 -3.38205 0.240558 105.406 0 0 0 0 16.7294 33.721 1294.12 4937.54 
0.00351311013779434349 0.663697 0 194155 45.6927 10.5253 6.48559 0 179.8511 85.1415 83.7052 134.502 0 0 0 0 0 0 0 0 17.3829 41.3528 128.696 284.341 
0.00351311013779434349 0.736423 0 351864 45.7105 10.5314 6.49059 0 160.4941 148.202 -44.6524 42.4345 0 0 0 0 0 0 0 0 14.7855 36.921 3.17855 300.729 
0.00351311013779434349 1.15906 0 290261 46.1784 10.5463 6.50273 0 216.9521 -112.92 -36.4528 181.628 0 0 0 0 0 0 0 0 8.20129 31.541 0 90.7777 
0.00351311013779434349 1.23418 0 334216 46.162 10.5455 6.50205 0 179.111 21.7798 -53.8595 169.426 0 0 0 0 0 0 0 0 16.1659 46.0743 31.4656 92.7302 
0.0035427975928543202 0.170568 0 65477 45.4948 10.4986 6.46403 0 183.0411 -149.192 -67.3595 81.9062 0 0 0 0 0 0 0 0 13.7235 31.2694 2386.44 3500.77 
0.0035427975928543202 0.305468 0 58596 0.297906 10.4269 6.40729 0 207.141 195.727 37.5855 56.4372 0 0 0 0 0 0 0 0 27.9517 58 844.261 2974.13 
0.0035427975928543202 0.347115 0 37829 45.571 10.5077 6.47133 0 98.22331 -59.6327 -77.5194 -9.08337 0 0 0 0 0 0 0 0 21.9074 52.2866 397.079 1135 
0.0035427975928543202 0.358299 0 60170 45.2368 10.4726 6.44323 0 104.9481 76.3351 67.5242 -25.0513 0 0 0 0 0 0 0 0 21.9074 52.2866 397.079 1135 
0.0035427975928543202 0.536753 0 146828 45.4911 10.4998 6.46502 0 166.731 94.6731 84.4256 108.204 0 0 0 0 0 0 0 0 19.4238 55.1928 220.457 893.191 
0.0035427975928543202 0.795055 0 85683 44.9658 10.4599 6.43315 0 183.7211 131.754 -86.7166 -94.2049 0 0 0 -0 0 0 0 -0 19.0045 53.9205 111.67 862.594 
0.0035427975928543202 1.14068 0 63181 45.5723 10.506 6.47 0 206.9731 178.162 -102.942 -22.3382 0 0 -0 0 0 0 -0 0 18.2011 40.9435 233.53 613.948 
0.0035427975928543202 1.15121 1 335084 46.4154 8.54944 7.43999 0 0 1 1.354 2.72855 -0.220687 0 0 0 0 0 0 0 0 18.2011 40.9435 233.53 613.948 
0.00354626527050170941 0.959403 0 245146 44.8596 10.4431 6.41996 0 109.951 95.2847 -41.4108 -35.9848 0 0 0 -0 0 0 0 -0 0.950754 5.69978 0 8.28721 
0.00358886615545683622 0.32164 0 141955 43.841 10.409 6.39338 0 140.1881 106.473 -90.4819 11.3644 0 0 0 0 0 0 0 0 28.2168 58.9738 859.751 3950.27 
0.00358886615545683622 0.795328 1 139943 0 8.30808 7.22872 0 0 2 0.56683 0.505505 -1.80283 0 0 0 0 0 0 0 0 21.401 57.0095 308.203 355.637 
0.00358886615545683622 0.838884 0 303887 44.4687 10.4823 6.45098 0 234.9971 71.2029 -207.399 -84.4961 0 0 0 0 0 0 0 0 24.4418 67.4753 47.5004 814.056 
0.00358886615545683622 2.54653 0 361508 44.148 10.4314 6.41077 0 116.4391 28.1114 -47.5242 -102.515 0 0 -0 0 0 0 -0 0 5.2204 10.1672 0 0 
0.00363353799360528664 0.135593 0 85753 43.43 10.3412 6.34165 0 245.6991 -244.53 -15.7148 -18.0535 0 0 -0 0 0 0 -0 0 20.9864 42.2223 2538.04 4722.67 
0.00363353799360528664 0.181555 0 488583 0.430752 10.3535 6.35089 0 205.9821 194.61 -66.7309 -10.1247 0 0 0 0 0 0 0 0 20.9864 42.2223 2538.04 4722.67 
0.00363353799360528664 0.167024 1 0 0 10.3439 6.34368 0 0 1 153.669 35.0785 100.367 1 160.088 31.3757 91.7659 0 0 0 0 20.9864 42.2223 2538.04 4722.67 
0.00363353799360528664 0.266499 0 131772 42.8596 10.319 6.32507 0 245.0031 -194.234 -53.2563 139.511 0 0 -0 0 0 0 -0 0 23.4347 53.7664 713.91 3038.97 
0.00363353799360528664 0.35103 1 322789 44.0079 8.2252 7.1564 0 0 1 2.86555 0.201326 1.80358 0 0 0 0 0 0 0 0 30.9034 63.7666 1279.04 3099.62 
0.00363353799360528664 0.657526 0 20900 43.6574 10.3663 6.36059 0 204.6121 200.793 -31.9484 -22.9655 0 0 0 0 0 0 0 0 24.6515 55.8846 264.03 693.794 
0.00363353799360528664 0.725468 0 386480 42.959 10.3261 6.33037 0 202.6681 25.6923 -61.2818 191.465 0 0 0 0 0 0 0 0 27.494 77.3365 194.339 452.843 
0.00363353799360528664 0.809041 0 267239 42.8741 10.3208 6.3264 0 171.1091 92.164 135.696 -48.6897 0 0 0 -0 0 0 0 -0 25.461 72.383 673.713 1037.94 
0.00363353799360528664 1.32056 0 150523 43.4831 10.3446 6.3442 0 157.7991 -10.81 157.336 5.38434 0 -0 0 0 0 -0 0 0 10.6036 30.5741 0 171.319 
0.00363353799360528664 1.36288 0 284845 43.5769 10.3618 6.35722 0 147.0051 -90.208 85.7548 -78.2249 0 0 0 0 0 0 0 0 24.6922 61.8101 245.819 609.493 
0.00363353799360528664 2.18474 0 393629 43.1693 10.3228 6.32791 0 129.471 129.462 -1.22743 -0.847327 0 0 0 0 0 0 0 0 2.25245 33.4995 0 0 
0.00366547511881955149 0.288356 0 75104 0.802935 8.07663 2.29632 0 280.5471 29.4235 -121.758 251.03 0 0 0 0 0 0 0 0 20.9418 46.7736 390.992 2426.32 
0.00366547511881955149 0.300896 1 0 0 8.02224 2.2855 0 0 1 -26.4032 -147.976 -252.134 1 -378.877 7.74169 -298.978 0 0 0 0 20.9418 46.7736 390.992 2426.32 
0.00366547511881955149 0.331731 0 68259 42.4999 10.2689 6.28822 0 116.8111 -57.7312 -13.2062 -100.685 0 0 -0 0 0 0 -0 0 20.9418 46.7736 390.992 2426.32 
0.00366547511881955149 0.688133 0 170070 42.6563 10.3003 6.3112 0 113.2221 71.7012 12.4857 86.7305 0 0 0 0 0 0 0 0 20.9292 55.1463 527.234 1188.89 
0.00366547511881955149 1.79518 0 197910 42.2259 10.2803 6.29657 0 171.3811 6.50176 -106.485 134.128 0 0 0 0 0 0 0 0 8.73774 19.3292 0 0 
0.00366547511881955149 2.71357 1 0 43.7001 8.20605 2.32207 0 0 1 26.7753 55.7838 -143.856 1 2.21165 16.882 30.9593 0 0 0 0 0 13.945 0 0 
0.00367502754966243577 2.94747 0 364519 41.8438 10.2436 6.26993 0 203.5211 -199.059 2.19454 42.3229 0 0 0 0 0 0 0 0 0 15.8667 0 0 
0.00372654463959589018 0.129411 0 82477 0 10.1474 6.20232 0 90.24761 8.19839 -5.60091 -89.6998 0 0 0 -0 0 0 0 -0 22.9461 42.1285 1854.13 4677.99 
0.00372654463959589018 0.151001 0 4347 41.5373 10.1961 6.23614 0 197.091 -123.487 122.5 -92.6782 0 0 0 0 0 0 0 0 22.9461 42.1285 1854.13 4677.99 
0.00372654463959589018 0.229131 0 6025 11.7277 10.1463 6.20156 0 180.161 165.714 27.5632 65.0895 0 0 0 0 0 0 0 0 22.9461 42.1285 1854.13 4677.99 
0.00372654463959589018 0.249293 0 51605 40.827 10.1385 6.19622 0 196.6331 191.525 -40.1171 -19.3205 0 0 0 0 0 0 0 0 27.6021 55.8824 744.643 3068.46 
0.00372654463959589018 0.350862 0 78974 0.104973 10.0673 6.14845 0 241.4171 202.145 -130.371 -20.5641 0 0 0 0 0 0 0 0 28.7026 67.2865 1314.42 2807.2 
0.00372654463959589018 0.399268 0 111014 41.6225 10.2061 6.2432 0 112.9791 84.5335 21.8696 71.6936 0 0 0 0 0 0 0 0 30.7739 68.5665 694.613 1937.34 
0.00372654463959589018 0.699519 0 244533 41.1435 10.18 6.22493 0 77.99311 -63.3103 40.3256 21.1797 0 0 0 0 0 0 0 0 21.655 70.1528 152.229 570.361 
0.00372654463959589018 1.08401 0 334260 41.0287 10.1694 6.21754 0 127.9591 -121.347 -38.4841 12.9298 0 0 -0 0 0 0 -0 0 15.133 48.7376 370.672 379.3 
0.00372654463959589018 1.63416 0 373672 41.3139 10.1847 6.22816 0 291.4041 42.167 198.675 208.965 0 0 0 0 0 0 0 0 6.47294 37.6209 4.81102 4.81102 
0.00372654463959589018 1.87527 0 344240 41.4003 10.1963 6.23633 0 135.4771 122.259 23.8187 53.2871 0 0 0 0 0 0 0 0 9.20972 25.8052 0 10.593 
0.00372654463959589018 1.93055 0 330060 41.0883 10.1702 6.21812 0 185.7521 -29.0102 -76.519 -166.754 0 -0 0 0 0 -0 0 0 19.2452 34.6111 0 269.887 
0.00372654463959589018 3.04177 0 399060 41.5475 10.2003 6.2391 0 220.8261 -203.276 -69.9493 50.4993 0 -0 0 0 0 -0 0 0 0 0 0 0 
0.003741428008947919 0.108299 0 5284 40.5322 10.1277 6.18892 0 200.8071 -200.11 -14.1155 8.97114 0 -0 0 0 0 -0 0 0 15.0077 28.2259 1237.79 4020.14 
0.003741428008947919 0.70238 0 122995 40.6661 10.1336 6.19288 0 227.2331 191.977 -45.8628 -112.59 0 0 0 0 0 0 0 0 9.85142 26.0024 0 150.269 
0.003741428008947919 1.29129 0 252721 40.7212 10.1372 6.19538 0 226.7891 -211.869 -78.574 -19.2581 0 0 0 -0 0 0 0 -0 3.89816 14.2613 0 57.9065 
0.003741428008947919 1.85322 0 295464 40.7464 10.1432 6.19946 0 197.9381 16.4807 -168.464 102.604 0 0 0 0 0 0 0 0 1.81088 10.991 0 72.4441 
0.00374216860957744812 0.529615 0 189256 40.4504 10.1359 6.19449 0 91.38491 -61.2167 -49.8684 -46.0093 0 0 -0 0 0 0 -0 0 0 4.2381 0 0 
0.00376951392963495316 0.289988 0 442499 0.193378 9.98026 6.09226 0 152.5831 -68.9599 76.8789 112.32 0 0 0 0 0 0 0 0 22.5009 49.5333 904.413 2322.97 
0.00376951392963495316 0.495193 0 600167 0.0927266 10.6156 6.5603 0 174.1241 158.838 -47.9896 -52.7896 0 0 -0 0 0 0 -0 0 20.8006 48.7161 178.41 1046.14 
0.00376951392963495316 0.67432 0 207965 40.0184 10.1115 6.17789 0 125.0821 -112.714 -53.5536 -8.53789 0 0 0 0 0 0 0 0 20.3964 51.651 12.4721 169.765 
0.00376951392963495316 0.926168 0 255934 40.1963 10.0882 6.16231 0 291.0061 285.22 2.48901 57.6911 0 0 0 0 0 0 0 0 11.156 44.8642 256.837 324.308 
0.00376951392963495316 1.96961 0 205163 40.3764 10.1146 6.18002 0 175.0821 172.14 -31.6619 4.37195 0 0 0 0 0 0 0 0 3.90681 15.4114 0 15.4884 
0.003771089905865198 0.56822 0 195207 39.8973 10.091 6.16413 0 104.9021 0.26436 -8.2974 -104.573 0 0 -0 0 0 0 -0 0 1.12707 6.16581 0 120.343 
0.00381842326514983225 0.297972 0 7823 0.0836759 10.0209 6.11817 0 146.0411 -144.485 18.6978 10.1205 0 0 0 0 0 0 0 0 30.5637 64.7069 1095.64 3538.84 
0.00381842326514983225 0.36914 0 50618 39.3718 10.0459 6.13437 0 122.7521 119.881 -15.7168 21.2043 0 0 0 0 0 0 0 0 27.6831 65.3726 170.995 2146.43 
0.00381842326514983225 0.375411 0 185827 39.6373 10.0854 6.16039 0 46.54581 -4.92762 -4.50397 46.0646 0 0 0 0 0 0 0 0 30.9669 71.4831 1075.42 2213.8 
0.00381842326514983225 0.701312 0 234722 39.7889 10.0695 6.14987 0 132.4561 -29.261 127.308 21.9332 0 0 0 0 0 0 0 0 20.521 71.4721 492.295 1216.98 
0.00381842326514983225 0.777633 0 36465 39.0862 10.0012 6.10554 0 208.6541 -205.856 -30.4019 15.34 0 -0 0 0 0 -0 0 0 23.4239 59.3419 33.8621 450.771 
0.00381842326514983225 0.823424 0 219847 39.7453 10.0662 6.14773 0 63.39981 -56.403 28.3936 -5.65935 0 0 0 -0 0 0 0 -0 26.588 73.9853 699.118 704.826 
0.00381842326514983225 0.888815 0 191234 39.5368 10.0629 6.14553 0 250.2611 -58.6032 -67.1646 -233.849 0 0 0 -0 0 0 0 -0 27.3243 65.3316 49.1111 92.4823 
0.00381842326514983225 0.897658 0 209143 39.2928 10.0184 6.11658 0 245.4741 52.055 27.6905 -238.288 0 0 0 0 0 0 0 0 21.8355 64.5573 349.137 523.533 
0.00381842326514983225 1.08469 0 264494 39.589 10.0807 6.15731 0 136.0181 49.9708 -79.7644 98.1906 0 0 0 0 0 0 0 0 13.0996 60.8438 59.4017 723.74 
0.00381842326514983225 1.98917 0 246436 39.3317 10.0392 6.13005 0 144.1941 11.3819 141.545 25.0504 0 0 0 0 0 0 0 0 6.10956 22.2907 0 0 
0.00381842326514983225 2.35488 0 398460 39.3299 10.04 6.13056 0 218.5891 217.184 23.0665 -8.95314 0 0 0 0 0 0 0 0 12.097 31.2659 134.543 134.543 
0.00382441983239555604 0.983833 0 222067 38.9746 10.0192 6.11708 0 190.7141 177.527 20.0379 66.7426 0 0 0 0 0 0 0 0 2.9969 8.96907 0 0 
0.00387162455330644769 0.0913308 0 159247 38.304 9.94217 6.06849 0 100.8361 -67.7385 24.1637 70.6785 0 -0 0 0 0 -0 0 0 23.35 41.8594 3364.26 6178.71 
0.00387162455330644769 0.102425 0 70798 38.6921 9.96737 6.08416 0 173.8081 94.4807 86.6036 117.398 0 0 0 0 0 0 0 0 23.35 41.8594 3364.26 6178.71 
0.00387162455330644769 0.379411 0 170525 1.51831 9.9942 6.10108 0 152.9421 57.0868 140.396 -20.525 0 0 0 0 0 0 0 0 29.6017 76.5233 493.975 1346.23 
0.00387162455330644769 0.405077 0 36799 0.156274 10.6169 6.56141 0 151.7271 -142.281 -35.7165 -38.7527 0 0 -0 0 0 0 -0 0 29.6017 76.5233 493.975 1346.23 
0.00387162455330644769 0.487795 0 443355 0.229596 9.79899 5.98345 0 47.5461 -41.1613 23.7829 0.862196 0 0 0 0 0 0 0 0 29.187 80.7229 350.029 990.643 
0.00387162455330644769 0.728869 0 307821 38.4061 9.96054 6.0799 0 200.7151 -135.712 -4.17532 147.822 0 0 -0 0 0 0 -0 0 17.595 59.4165 230.088 358.012 
0.00387162455330644769 0.809608 0 261297 38.2168 9.94068 6.06757 0 147.5421 97.1385 99.3054 49.7104 0 0 0 0 0 0 0 0 29.9405 75.166 488.248 850.925 
0.00387162455330644769 0.939624 0 167586 38.5806 9.97959 6.09185 0 221.641 -108.748 -190.597 -31.156 0 0 0 -0 0 0 0 -0 26.3211 68.6474 39.0774 736.008 
0.00387162455330644769 1.08045 0 303941 38.4651 9.96458 6.08242 0 129.6611 -123.557 32.8872 21.5449 0 -0 0 0 0 -0 0 0 22.8667 64.2701 85.1601 132.543 
0.00387162455330644769 1.2034 0 303045 38.5069 9.97131 6.08664 0 215.571 105.049 131.411 134.782 0 0 0 0 0 0 0 0 16.6036 43.9252 275.761 545.115 
0.00387162455330644769 2.33221 0 383571 38.192 9.93824 6.06607 0 209.6181 -209.084 -0.933624 14.9261 0 0 -0 0 0 0 -0 0 7.22266 16.7571 0 76.6676 
0.00387162455330644769 2.85599 0 292985 38.4492 9.96279 6.0813 0 71.57381 64.2615 -5.00059 -31.1169 0 0 0 -0 0 0 0 -0 5.66928 16.9377 0 0 
0.00390414577372420355 0.161826 0 499197 0.269928 9.85288 6.01465 0 80.95721 -37.6102 3.02784 -71.6266 0 0 0 0 0 0 0 0 16.4695 38.6355 1484.73 3314.89 
0.00390414577372420355 0.263848 0 299694 38.0255 9.92041 6.05512 0 81.45141 81.4336 -0.215714 1.68575 0 0 0 0 0 0 0 0 25.5852 52.2807 1194.57 3235.35 
0.00390414577372420355 2.28221 0 372622 37.8862 9.91221 6.05013 0 238.611 162.116 -78.4144 -156.538 0 0 0 0 0 0 0 0 6.80048 20.2411 0 38.447 
0.00390414577372420355 2.33035 0 393305 37.8849 9.91283 6.0505 0 146.0921 -21.7832 -68.7009 -127.077 0 0 0 -0 0 0 0 -0 4.84616 23.9492 0 3.63098 
0.00390414577372420355 2.99031 0 87721 37.6852 9.88332 6.0327 0 111.5921 102.487 -34.5773 -27.452 0 0 -0 0 0 0 -0 0 0 0 0 0 
0.00393538544540485147 0.194909 0 481372 0.220357 11.2745 7.19776 0 153.3041 -129.908 -60.0515 -54.9528 0 0 -0 0 0 0 -0 0 19.805 38.8942 2338.78 4109.36 
0.00393538544540485147 0.28718 0 220037 37.2213 9.83066 6.00167 0 251.3741 196.893 -5.3369 156.184 0 0 0 0 0 0 0 0 21.2681 48.1408 725.506 2404.02 
0.00393538544540485147 1.55135 0 296006 37.4654 9.88444 6.03337 0 98.23371 85.0623 39.1032 29.7525 0 0 0 0 0 0 0 0 7.76638 32.4491 0 235.788 
0.00393538544540485147 2.41043 0 389515 37.471 9.88569 6.03412 0 108.3451 -2.16297 108.303 2.09683 0 0 0 0 0 0 0 0 0 16.5776 0 0 
0.00393538544540485147 4.40179 0 323235 37.3721 9.87596 6.02831 0 139.8381 40.9043 132.968 14.1726 0 0 0 0 0 0 0 0 0 4.51945 0 0 
0.00393966252517676148 0.254486 0 270802 37.0947 9.82542 5.99862 0 78.97821 -78.5225 2.39158 8.12794 0 -0 0 0 0 -0 0 0 2.37699 7.25485 13.7617 23.913 
0.00393966252517676148 0.289525 0 32995 37.0429 9.86865 6.02396 0 120.7051 58.784 104.882 10.676 0 0 0 0 0 0 0 0 2.37699 7.25485 13.7617 23.913 
0.00396604900424290131 0.168615 0 24007 0.220357 9.85491 6.01584 0 183.0371 -84.7548 -141.144 -79.9836 0 0 0 -0 0 0 0 -0 18.6542 32.9984 1453.38 4182.5 
0.00396604900424290131 0.174743 1 0 0 9.8388 6.0064 0 0 1 -90.2307 14.451 -166.839 1 -95.8371 14.7207 -163.763 0 -0 0 0 18.6542 32.9984 1453.38 4182.5 
0.00396604900424290131 0.343425 0 58537 0.884694 9.8491 6.01242 0 210.5861 -19.3097 -181.844 104.434 0 0 -0 0 0 0 -0 0 20.2638 46.2157 41.9882 1215.86 
0.00396604900424290131 0.451416 0 144496 36.8656 9.84884 6.01228 0 46.25371 -21.5355 40.7588 3.78664 0 0 0 0 0 0 0 0 20.8042 55.5356 629.812 1274.62 
0.00396604900424290131 0.530832 0 169315 36.9321 9.85574 6.01633 0 130.4431 118.099 -37.7769 -40.5099 0 0 0 0 0 0 0 0 18.4883 57.5268 692.455 1108.13 
0.00396604900424290131 0.599187 0 162583 37.01 9.86206 6.02006 0 93.48951 67.804 -60.7148 -21.3682 0 0 -0 0 0 0 -0 0 18.9657 53.3259 27.5992 639.473 
0.00396604900424290131 0.605768 0 149543 36.7563 9.8217 5.99648 0 100.6341 -53.2749 83.4109 -18.2097 0 -0 0 0 0 -0 0 0 18.9657 53.3259 27.5992 639.473 
0.00396604900424290131 1.35406 0 526141 0.636603 9.70175 5.92961 0 116.4581 -103.292 -35.8914 40.0648 0 0 0 0 0 0 0 0 13.5837 28.4543 0 18.0866 
0.00396877364434703676 1.19389 0 201617 36.6365 9.80156 5.98491 0 272.0951 -229.051 77.3134 124.876 0 0 0 0 0 0 0 0 1.20509 3.61574 0 0 
0.00400110325437063544 0.264152 0 143944 36.4785 9.77711 5.97105 0 147.0571 127.834 67.2109 27.6923 0 0 0 0 0 0 0 0 22.6539 47.7162 1333.41 3148.17 
0.00400110325437063544 0.3407 0 244983 36.3481 9.77592 5.97039 0 115.4581 -106.312 11.7933 43.4632 0 0 0 0 0 0 0 0 26.6707 54.0743 474.926 2450.37 
0.00400110325437063544 0.765429 0 287422 36.441 9.77902 5.97213 0 265.7151 204.68 13.5848 -168.896 0 0 0 0 0 0 0 0 12.9603 41.075 157.59 240.133 
0.00406075912207122264 0.318746 0 211996 35.9461 9.73105 5.9455 0 106.6031 100.046 20.566 30.5277 0 0 0 0 0 0 0 0 34.3934 77.9047 1237.19 3378.76 
0.00406075912207122264 0.426737 0 8274 35.9089 9.72567 5.94256 0 117.0281 116.475 -10.8797 -3.27853 0 0 0 0 0 0 0 0 37.9465 88.5629 858.773 1713.32 
0.00406075912207122264 0.468873 0 90793 35.7125 9.73056 5.94523 0 174.021 158.455 -47.3862 54.1257 0 0 0 0 0 0 0 0 31.8933 82.4114 577.091 1452.52 
0.00406075912207122264 0.525458 0 242731 35.8408 9.71644 5.93754 0 156.5921 153.415 -25.4769 18.3284 0 0 0 0 0 0 0 0 29.0296 85.3647 60.2706 822.615 
0.00406075912207122264 0.625746 0 186579 35.8192 9.71326 5.93582 0 31.38171 -24.4975 -16.9665 -9.83994 0 -0 0 0 0 -0 0 0 38.9864 87.2569 229.668 831.42 
0.00406075912207122264 0.636454 0 102873 35.6821 9.72837 5.94403 0 201.9931 103.976 106.011 -136.936 0 0 0 0 0 0 0 0 23.2298 74.6725 322.72 635.762 
0.00406075912207122264 0.755631 1 417192 58.1308 11.0386 6.95186 0 0 2 30.5161 60.6744 -132.561 0 0 0 -0 0 0 0 -0 30.6717 80.4795 15.8164 488.198 
0.00406075912207122264 0.858537 0 52396 35.881 9.71951 5.93921 0 151.621 81.9649 100.362 -78.7266 0 0 0 0 0 0 0 0 35.5454 84.0976 439.154 870.285 
0.00406075912207122264 0.959339 0 246660 35.8723 9.72004 5.93949 0 110.2991 -110.154 1.05926 5.56828 0 -0 0 0 0 -0 0 0 22.7683 80.6585 36.2378 292.563 
0.00406075912207122264 0.99956 0 198841 35.9894 9.73642 5.94844 0 188.3071 135.733 -120.688 49.7044 0 0 0 0 0 0 0 0 24.0813 75.4262 0 563.898 
0.00406075912207122264 1.68255 0 393168 35.7896 9.71474 5.93662 0 165.4811 -52.6194 121.18 -99.6525 0 -0 0 0 0 -0 0 0 11.6291 38.0947 0 51.5774 
0.00406075912207122264 1.95482 0 319276 35.5055 9.68758 5.92203 0 103.0591 -101.988 -10.6654 10.2812 0 0 0 0 0 0 0 0 15.5557 52.6983 0 83.4161 
0.00406075912207122264 2.89423 0 382096 35.6012 9.70282 5.93018 0 180.9891 55.748 -50.9266 164.486 0 0 0 0 0 0 0 0 11.2702 22.3151 131.498 295.838 
0.00411223600819629262 0.147874 0 477393 0.932951 9.69761 5.92739 0 254.191 -164.59 -164.746 101.888 0 0 -0 0 0 0 -0 0 25.2171 51.5322 2491.88 4838.95 
0.00411223600819629262 0.245225 0 134648 34.8295 9.61826 5.88592 0 107.7331 92.57 46.8858 28.9647 0 0 0 0 0 0 0 0 29.1481 58.2877 949.997 2375.5 
0.00411223600819629262 0.258241 0 137507 34.7929 9.65002 5.90226 0 231.8511 227.397 -39.7355 21.6017 0 0 0 0 0 0 0 0 29.1481 58.2877 949.997 2375.5 
0.00411223600819629262 0.500378 0 165929 34.8882 9.62634 5.89004 0 149.1521 49.5061 -132.396 47.6126 0 0 0 0 0 0 0 0 35.8023 83.9339 228.411 1142.29 
0.00411223600819629262 0.612476 0 191220 35.2742 9.68263 5.9194 0 64.30491 62.2646 -13.4657 -8.77007 0 0 -0 0 0 0 -0 0 24.7676 67.5518 143.64 630.023 
0.00411223600819629262 0.769707 0 380007 34.8455 9.61865 5.88612 0 127.5981 -76.6508 96.0523 34.348 0 0 0 0 0 0 0 0 23.7669 59.8248 541.066 995.205 
0.00411223600819629262 0.888874 0 302817 35.1486 9.67072 5.9131 0 225.1721 54.3322 -15.0394 218.001 0 0 -0 0 0 0 -0 0 25.9159 71.5036 83.4569 249.274 
0.00411223600819629262 0.899835 0 310669 35.289 9.68659 5.9215 0 173.761 -173.371 -1.14563 -11.5569 0 -0 0 0 0 -0 0 0 25.9159 71.5036 83.4569 249.274 
0.00411223600819629262 0.934168 0 218673 35.2491 9.67988 5.91794 0 73.46041 20.6907 -38.2367 59.2138 0 0 0 0 0 0 0 0 28.5689 68.3027 13.8973 729.794 
0.00411223600819629262 0.951347 0 87366 35.2759 9.67636 5.91608 0 109.4961 -62.9954 -71.1858 54.346 0 0 -0 0 0 0 -0 0 22.8396 73.2363 253.44 616.879 
0.00411223600819629262 0.98678 0 196116 35.192 9.67458 5.91513 0 82.46451 -68.8153 31.1833 -33.0523 0 -0 0 0 0 -0 0 0 25.3757 61.5597 305.253 336.442 
0.00411223600819629262 1.65259 0 316784 35.195 9.67309 5.91435 0 143.7411 -132.056 -44.9108 -34.723 0 0 0 0 0 0 0 0 14.9478 54.8219 0 121.995 
0.00411223600819629262 2.15879 0 377351 34.8394 9.61709 5.88532 0 54.70391 -33.5709 -43.1098 -2.65622 0 -0 0 0 0 -0 0 0 4.31553 30.2371 0 0 
0.00412397243894557525 1.11231 0 296138 34.5542 9.61578 5.88465 0 140.3381 127.158 44.4227 -39.3955 0 0 0 0 0 0 0 0 3.33118 9.98071 0 610.711 
0.00417333266828070169 0.355995 0 71669 34.3464 9.58124 5.86729 0 167.4621 -76.1341 148.89 8.88504 0 -0 0 0 0 -0 0 0 32.3864 67.8045 614.175 1882.53 
0.00417333266828070169 0.456865 0 43247 34.425 9.59871 5.87603 0 116.5681 -89.269 49.8341 55.9974 0 0 0 0 0 0 0 0 28.3556 67.0348 78.4885 927.801 
0.00417333266828070169 0.740284 0 213781 34.3295 9.56618 5.85985 0 184.1381 -182.889 -10.4993 18.6574 0 0 0 0 0 0 0 0 22.3821 58.9169 466.844 583.826 
0.00417333266828070169 0.766531 0 306675 33.9768 9.55461 5.85418 0 245.7751 226.337 93.9674 18.6349 0 0 0 0 0 0 0 0 23.1868 69.3555 40.2555 185.479 
0.00417333266828070169 1.00735 0 330567 34.5159 9.6011 5.87723 0 193.2451 -160.295 -103.125 31.8468 0 0 -0 0 0 0 -0 0 18.1829 66.7982 88.9675 467.816 
0.00417333266828070169 1.14698 0 38744 34.4193 9.59602 5.87468 0 106.0341 82.027 64.2408 19.6973 0 0 0 0 0 0 0 0 20.5483 55.7903 93.8014 184.888 
0.00417333266828070169 1.9622 0 386821 34.0314 9.56364 5.8586 0 148.8451 -140.51 -6.75351 48.6422 0 -0 0 0 0 -0 0 0 1.96394 21.5222 0 0 
0.00417333266828070169 2.54126 0 215195 34.5123 9.60112 5.87724 0 173.3151 -138.085 24.607 -101.81 0 -0 0 0 0 -0 0 0 12.8392 25.9981 0 0 
0.00420572928460281621 0.875701 0 237905 33.8209 9.53354 5.84398 0 200.3781 -183.042 -21.1768 -78.7299 0 0 0 -0 0 0 0 -0 16.5399 49.679 60.9552 596.054 
0.00420572928460281621 1.13647 0 334345 33.8645 9.53863 5.84643 0 205.7051 204.42 4.54368 -22.4998 0 0 0 0 0 0 0 0 15.9386 46.6465 6.80924 77.6158 
0.00420572928460281621 1.18058 0 272267 33.8736 9.54018 5.84718 0 128.541 48.4298 32.7482 114.476 0 0 0 0 0 0 0 0 8.17579 30.4167 63.7812 161.472 
0.00420572928460281621 1.97386 0 363058 33.527 9.50831 8.27625 0 01 0 0 0 0 0 0 0 0 0 0 0 1.93715 13.7675 0 0 
0.00423460247898837291 0.415953 0 17420 33.4215 9.48391 8.25501 0 01 0 -0 0 0 0 -0 0 0 0 -0 0 26.347 61.2385 324.342 1300.46 
0.00423460247898837291 0.678076 0 221647 33.4925 9.49882 8.268 0 01 0 0 -0 0 0 0 -0 0 0 0 -0 20.9629 55.4888 221.516 323.292 
0.00423460247898837291 0.910945 0 195542 33.3682 9.47832 8.25013 0 01 0 0 0 0 0 0 0 0 0 0 0 12.665 45.0851 24.8159 236.376 
0.0042644730201578428 0.274661 0 138555 33.057 9.47748 8.24942 0 01 0 0 0 0 0 0 0 0 0 0 0 24.2083 51.4654 604.508 2302.53 
0.0042644730201578428 0.469479 0 342636 33.0787 9.47998 8.25157 0 01 -0 0 0 0 -0 0 0 0 -0 0 0 23.9039 56.6819 201.571 1114.44 
0.0042644730201578428 0.581261 0 140577 33.135 9.44819 8.2239 0 01 0 0 0 0 0 0 0 0 0 0 0 15.509 47.1139 295.231 366.431 
0.0042644730201578428 0.723598 0 149405 33.1739 9.46626 8.23966 0 01 0 0 0 0 0 0 0 0 0 0 0 12.2563 46.3144 122.797 286.472 
0.0042644730201578428 0.943982 0 224265 32.946 9.45962 8.23388 0 01 0 -0 0 0 0 -0 0 0 0 -0 0 10.2372 33.467 175.459 353.414 
0.0042644730201578428 1.91375 0 378323 33.1048 9.48699 8.25766 0 01 0 -0 0 0 0 -0 0 0 0 -0 0 3.70245 18.7672 0 0 
0.00427094911807491748 2.4881 0 362838 32.8024 9.43501 8.21244 0 01 0 0 0 0 0 0 0 0 0 0 0 0 2.38913 0 0 
0.00431287134043214278 0.0992215 0 30052 32.4488 9.38087 8.16531 0 01 -0 0 0 0 -0 0 0 0 -0 0 0 21.3281 42.2541 765.249 2880.73 
0.00431287134043214278 0.210941 0 213632 32.4818 9.39952 8.18156 0 01 0 0 0 0 0 0 0 0 0 0 0 21.3281 42.2541 765.249 2880.73 
0.00431287134043214278 0.627861 0 41308 32.768 9.43231 8.21003 0 01 -0 0 0 0 -0 0 0 0 -0 0 0 20.7133 59.0055 62.0608 223.723 
0.00431287134043214278 0.740767 0 296592 32.7839 9.4359 8.21317 0 01 0 0 0 0 0 0 0 0 0 0 0 17.3001 53.2653 2.30395 425.987 
0.00431287134043214278 0.807293 0 236025 32.6713 9.4069 8.18793 0 01 0 0 0 0 0 0 0 0 0 0 0 24.0152 69.6788 1.40429 545.157 
0.00431287134043214278 1.10732 0 316050 32.5693 9.40001 8.18198 0 01 0 0 0 0 0 0 0 0 0 0 0 17.8184 61.2141 191.38 199.027 
0.00431287134043214278 2.07109 0 350599 32.4505 9.38003 8.16458 0 01 0 0 0 0 0 0 0 0 0 0 0 10.2145 43.0794 1.14987 24.8902 
0.0043709529508768755 0.212698 0 121925 32.1195 9.34704 8.13584 0 01 0 0 0 0 0 0 0 0 0 0 0 25.6418 48.5863 2266.26 5285.22 
0.0043709529508768755 0.219128 0 175769 32.2172 9.36404 8.15062 0 01 0 0 0 0 0 0 0 0 0 0 0 25.6418 48.5863 2266.26 5285.22 
0.0043709529508768755 0.516758 0 176355 32.2815 9.37785 8.16268 0 01 0 0 0 0 0 0 0 0 0 0 0 35.7462 83.3612 337.999 898.645 
0.0043709529508768755 0.600997 0 139792 31.9889 9.37244 8.15797 0 01 0 -0 0 0 0 -0 0 0 0 -0 0 30.8035 80.8662 683.962 1639.37 
0.0043709529508768755 0.649356 0 223846 32.3411 9.38767 8.1712 0 01 0 0 0 0 0 0 0 0 0 0 0 32.7071 83.7585 684.023 1700.89 
0.0043709529508768755 0.666395 0 107151 32.3059 9.38134 8.16571 0 01 0 0 0 0 0 0 0 0 0 0 0 32.6593 82.111 31.2566 655.467 
0.0043709529508768755 0.712524 0 370212 31.8537 9.33294 8.12355 0 01 0 0 0 0 0 0 0 0 0 0 0 33.5876 93.2955 22.6318 797.864 
0.0043709529508768755 1.26908 0 276444 32.0268 9.37588 8.16097 0 01 0 0 0 0 0 0 0 0 0 0 0 18.0907 55.3548 9.38095 133.153 
0.0044401953738595892 0.201258 0 67849 31.2414 9.27014 8.06884 0 01 0 0 0 0 0 0 0 0 0 0 0 26.0021 51.3813 1876.46 4484.83 
0.0044401953738595892 0.217468 0 208370 31.2844 9.28194 8.07912 0 01 0 -0 0 0 0 -0 0 0 0 -0 0 26.0021 51.3813 1876.46 4484.83 
0.0044401953738595892 0.330847 0 15422 31.4974 9.27211 8.07055 0 01 0 0 -0 0 0 0 -0 0 0 0 -0 34.3044 85.9203 1001.53 2110.68 
0.0044401953738595892 0.368581 0 485606 46.786 9.33079 8.12168 0 01 0 0 -0 0 0 0 -0 0 0 0 -0 35.9564 93.4449 769.462 2511.52 
0.0044401953738595892 0.629099 0 55686 31.4713 9.27381 8.07204 0 01 0 0 0 0 0 0 0 0 0 0 0 39.4796 97.843 301.066 1248.58 
0.0044401953738595892 0.782682 0 201977 31.3105 9.29183 8.08774 0 01 0 0 0 0 0 0 0 0 0 0 0 31.1039 93.2185 110.867 374.681 
0.0044401953738595892 0.860673 0 334776 31.5332 9.27698 8.0748 0 01 0 0 0 0 0 0 0 0 0 0 0 28.1315 90.41 23.7564 832.417 
0.0044401953738595892 0.966459 0 194863 31.5906 9.28738 8.08385 0 01 0 0 0 0 0 0 0 0 0 0 0 23.0634 75.8431 67.7685 287.613 
0.0044401953738595892 1.26255 0 184947 31.2345 9.27902 8.07657 0 01 0 0 0 0 0 0 0 0 0 0 0 16.3175 70.0062 0 354.926 
0.0044401953738595892 1.26969 0 291088 31.4867 9.27707 8.07488 0 01 0 0 0 0 0 0 0 0 0 0 0 16.3175 70.0062 0 354.926 
0.00444833257697432004 1.08643 0 300179 31.0381 9.23599 8.03907 0 01 -0 0 0 0 -0 0 0 0 -0 0 0 4.36303 13.0125 0 44.5586 
0.00452193170773391474 0.127723 0 26774 30.6602 9.18871 7.99787 0 01 -0 0 0 0 -0 0 0 0 -0 0 0 29.0689 57.628 1666.21 5077.25 
0.00452193170773391474 0.247146 0 69754 30.7762 9.20477 8.01186 0 01 0 -0 0 0 0 -0 0 0 0 -0 0 38.3024 79.915 2502.5 4673.94 
0.00452193170773391474 0.308719 0 89901 30.3874 9.15694 7.97016 0 01 0 0 0 0 0 0 0 0 0 0 0 40.7987 78.8769 1577.5 3822.11 
0.00452193170773391474 0.395001 0 79775 30.7969 9.20977 8.01622 0 01 0 0 0 0 0 0 0 0 0 0 0 40.802 94.5269 1249.83 2325.26 
0.00452193170773391474 0.429926 0 30458 30.8936 9.22739 8.03157 0 01 0 0 0 0 0 0 0 0 0 0 0 34.9791 100.723 1199.69 2786.16 
0.00452193170773391474 0.435365 0 86848 30.8252 9.2131 8.01912 0 01 0 0 0 0 0 0 0 0 0 0 0 34.9791 100.723 1199.69 2786.16 
0.00452193170773391474 0.48436 0 177987 30.7625 9.19586 8.0041 0 01 0 -0 0 0 0 -0 0 0 0 -0 0 34.55 85.7128 1090.87 1984.66 
0.00452193170773391474 0.514312 0 52314 30.7935 9.20143 8.00896 0 01 0 -0 0 0 0 -0 0 0 0 -0 0 38.2003 103.734 631.942 1262.4 
0.00452193170773391474 0.670003 0 169885 30.6318 9.18867 7.99783 0 01 0 -0 0 0 0 -0 0 0 0 -0 0 37.4645 99.8961 166.69 919.89 
0.00452193170773391474 0.68899 0 194475 30.6804 9.19182 8.00058 0 01 0 -0 0 0 0 -0 0 0 0 -0 0 37.4645 99.8961 166.69 919.89 
0.00452193170773391474 0.733479 0 59481 30.6952 9.18696 7.99633 0 01 0 0 0 0 0 0 0 0 0 0 0 33.6494 110.509 425.888 762.176 
0.00452193170773391474 0.737343 0 19678 30.5204 9.18474 7.9944 0 01 0 0 0 0 0 0 0 0 0 0 0 33.6494 110.509 425.888 762.176 
0.00452193170773391474 0.738364 0 325015 30.3703 9.15567 7.96906 0 01 0 0 0 0 0 0 0 0 0 0 0 33.6494 110.509 425.888 762.176 
0.00452193170773391474 1.04651 0 132704 30.5626 9.18879 7.99794 0 01 0 0 -0 0 0 0 -0 0 0 0 -0 26.2988 67.4392 69.0062 333.413 
0.00452193170773391474 1.18174 0 304139 30.4969 9.17691 7.98758 0 01 0 0 0 0 0 0 0 0 0 0 0 22.5703 72.3847 348.367 481.945 
0.00452193170773391474 1.18362 0 304523 30.9467 9.22253 8.02731 0 01 0 0 -0 0 0 0 -0 0 0 0 -0 22.5703 72.3847 348.367 481.945 
0.00452193170773391474 1.19295 0 263588 30.416 9.16225 7.9748 0 01 -0 0 0 0 -0 0 0 0 -0 0 0 22.5703 72.3847 348.367 481.945 
0.00452193170773391474 1.76946 0 357743 30.4199 9.15729 7.97048 0 01 0 0 0 0 0 0 0 0 0 0 0 14.0758 57.8527 48.0919 139.046 
0.00452193170773391474 2.77853 0 253960 30.5912 9.20637 8.01326 0 01 -0 0 0 0 -0 0 0 0 -0 0 0 0 31.3631 0 0 
0.0046264188741052762 0.312246 0 154589 30.0242 9.1203 7.93823 0 01 0 0 0 0 0 0 0 0 0 0 0 48.1176 107.311 2129.5 4078.6 
0.0046264188741052762 0.392989 0 424005 3.461 9.0142 7.84567 0 01 0 0 0 0 0 0 0 0 0 0 0 53.3017 120.22 1135.84 3133.29 
0.0046264188741052762 0.407595 0 43108 30.0418 9.12347 7.94098 0 01 0 0 0 0 0 0 0 0 0 0 0 53.3017 120.22 1135.84 3133.29 
0.0046264188741052762 0.426782 0 129259 29.8493 9.10197 7.92225 0 01 0 -0 0 0 0 -0 0 0 0 -0 0 50.0067 129.912 369.971 1880.04 
0.0046264188741052762 0.494919 0 292369 29.8038 9.0956 7.91669 0 01 0 0 0 0 0 0 0 0 0 0 0 46.6971 123.931 356.59 1601.57 
0.0046264188741052762 0.568539 0 27397 30.0313 9.11941 7.93745 0 01 0 0 0 0 0 0 0 0 0 0 0 52.7962 132.841 225.108 1046.2 
0.0046264188741052762 0.726101 0 271389 29.7789 9.08937 7.91125 0 01 0 0 -0 0 0 0 -0 0 0 0 -0 46.8238 122.883 578.803 1176.11 
0.0046264188741052762 0.777357 0 48688 29.678 9.07041 7.89472 0 01 0 0 0 0 0 0 0 0 0 0 0 40.6146 120.192 435.475 815.033 
0.0046264188741052762 0.835465 0 293121 29.6463 9.06321 7.88844 0 01 0 0 0 0 0 0 0 0 0 0 0 34.9192 112.141 113.606 614.437 
0.0046264188741052762 0.853315 0 291911 30.1002 9.12649 7.94362 0 01 0 0 -0 0 0 0 -0 0 0 0 -0 47.109 135.278 61.6253 527.47 
0.0046264188741052762 0.859602 0 289599 29.5754 9.10248 7.92269 0 01 0 0 0 0 0 0 0 0 0 0 0 47.109 135.278 61.6253 527.47 
0.0046264188741052762 0.903634 0 71493 30.2655 9.13559 7.95153 0 01 0 0 -0 0 0 0 -0 0 0 0 -0 45.4288 109.995 194.938 1137.57 
0.0046264188741052762 0.991856 0 183892 30.1223 9.13516 7.95118 0 01 0 0 0 0 0 0 0 0 0 0 0 41.7042 125.091 263.401 564.827 
0.0046264188741052762 1.43028 0 274730 29.6653 9.0625 7.88782 0 01 0 0 0 0 0 0 0 0 0 0 0 25.5981 79.6177 46.0641 98.1591 
0.0046264188741052762 1.73788 0 367285 29.6525 9.06765 7.89231 0 01 -0 0 0 0 -0 0 0 0 -0 0 0 27.9986 76.9041 237.082 338.656 
0.0046264188741052762 2.03564 0 360776 29.5502 9.09554 7.91664 0 01 0 0 0 0 0 0 0 0 0 0 0 14.3589 61.6856 1.23689 62.6007 
0.0046264188741052762 2.49618 0 387995 29.9841 9.10351 7.92358 0 01 0 0 0 0 0 0 0 0 0 0 0 12.3815 49.1033 0 0 
0.00466826687573649798 0.548304 0 153147 29.442 9.06627 7.8911 0 01 0 0 -0 0 0 0 -0 0 0 0 -0 26.1959 66.9174 75.3885 401.532 
0.00466826687573649798 1.30794 0 152125 29.2841 9.03845 7.86683 0 01 0 0 0 0 0 0 0 0 0 0 0 16.8577 42.8366 4.12556 120.078 
0.00466826687573649798 1.39411 0 366867 29.4376 9.06488 7.88989 0 01 0 0 -0 0 0 0 -0 0 0 0 -0 15.1794 45.5459 146.463 146.463 
0.00466826687573649798 1.43647 0 313243 29.2039 9.02322 7.85354 0 01 0 0 0 0 0 0 0 0 0 0 0 4.26558 34.2324 0 0 
0.00466826687573649798 1.84815 0 335816 29.2236 9.02451 7.85467 0 01 0 -0 0 0 0 -0 0 0 0 -0 0 5.55072 27.3755 0 0 
0.00466826687573649798 2.61163 0 392518 29.4353 9.06232 7.88762 0 01 0 -0 0 0 0 -0 0 0 0 -0 0 5.37166 26.4655 0 129.165 
0.00472828972457472151 0.131874 0 179360 28.9337 9.00296 7.83586 0 01 0 0 0 0 0 0 0 0 0 0 0 24.8853 53.506 1574.67 4028.83 
0.00472828972457472151 0.22999 0 126118 28.7826 8.98374 7.81909 0 01 0 0 0 0 0 0 0 0 0 0 0 24.8853 53.506 1574.67 4028.83 
0.00472828972457472151 0.500588 0 19650 29.1244 9.00793 7.8402 0 01 0 0 0 0 0 0 0 0 0 0 0 38.7038 87.9306 501.675 1084.3 
0.00472828972457472151 0.548766 0 321271 28.7216 8.96404 7.8019 0 01 0 0 -0 0 0 0 -0 0 0 0 -0 29.6138 90.4788 21.5746 397.326 
0.00472828972457472151 0.589498 0 6292 29.1038 9.00462 7.83729 0 01 0 0 0 0 0 0 0 0 0 0 0 25.1379 77.1272 269.322 752.18 
0.00472828972457472151 0.615545 0 185079 29.0216 9.03096 7.86029 0 01 0 -0 0 0 0 -0 0 0 0 -0 0 34.7571 84.1829 271.287 1481.91 
0.00472828972457472151 0.646853 0 201415 28.9879 9.01397 7.84544 0 01 0 0 -0 0 0 0 -0 0 0 0 -0 36.8336 98.4901 729.092 1272.93 
0.00472828972457472151 0.779304 0 353010 29.0679 9.03399 7.86292 0 01 0 0 0 0 0 0 0 0 0 0 0 27.4772 83.1877 0 856.889 
0.00472828972457472151 0.954408 0 261741 29.0085 9.03014 7.85957 0 01 0 -0 0 0 0 -0 0 0 0 -0 0 21.6208 70.5836 0 246.594 
0.00472828972457472151 2.12999 0 387605 29.0408 9.0344 7.86327 0 01 0 0 0 0 0 0 0 0 0 0 0 8.3535 33.3514 0 10.4943 
0.00479826205081456975 0.134605 0 37014 28.4169 8.94522 7.78547 0 01 0 0 0 0 0 0 0 0 0 0 0 25.5349 52.3244 1854.46 3871.9 
0.00479826205081456975 0.162148 0 193763 28.3885 8.94001 7.78092 0 01 0 0 0 0 0 0 0 0 0 0 0 25.5349 52.3244 1854.46 3871.9 
0.00479826205081456975 0.198549 0 468795 0.826307 13.3956 10.3047 0 86.42551 -41.348 -17.7288 -73.7929 0 0 0 0 0 0 0 0 25.5349 52.3244 1854.46 3871.9 
0.00479826205081456975 0.220269 0 106288 0.335595 8.85407 7.7059 0 01 0 0 0 0 0 0 0 0 0 0 0 25.5349 52.3244 1854.46 3871.9 
0.00479826205081456975 0.239195 0 224840 0.199849 8.93273 7.77456 0 01 0 0 0 0 0 0 0 0 0 0 0 25.5349 52.3244 1854.46 3871.9 
0.00479826205081456975 0.259453 0 162556 0.100891 8.95352 7.79271 0 01 0 -0 0 0 0 -0 0 0 0 -0 0 34.3731 82.6503 1482.1 3150.41 
0.00479826205081456975 0.342357 0 39238 28.202 8.90815 7.75311 0 01 0 0 -0 0 0 0 -0 0 0 0 -0 31.7015 74.8084 1018.06 3077.8 
0.00479826205081456975 0.393412 0 344896 28.3557 8.93976 7.7807 0 01 0 0 0 0 0 0 0 0 0 0 0 38.7182 89.3973 669.395 2262.24 
0.00479826205081456975 0.426364 0 99537 28.3536 8.94499 7.78527 0 01 0 0 0 0 0 0 0 0 0 0 0 42.5581 93.1529 430.955 1464.81 
0.00479826205081456975 0.431075 0 61856 28.5407 8.97433 7.81086 0 01 0 0 -0 0 0 0 -0 0 0 0 -0 40.7972 95.6498 727.254 1220.94 
0.00479826205081456975 0.601175 0 55732 28.4725 8.9557 7.79461 0 01 0 0 0 0 0 0 0 0 0 0 0 36.1464 96.724 501.959 1247.36 
0.00479826205081456975 0.630557 0 228406 28.3649 8.94117 7.78193 0 01 0 0 0 0 0 0 0 0 0 0 0 31.1879 92.9818 257.617 845.546 
0.00479826205081456975 0.661328 0 23097 28.6906 8.9619 7.80001 0 01 -0 0 0 0 -0 0 0 0 -0 0 0 37.1054 104.028 0 409.137 
0.00479826205081456975 0.760004 0 67839 28.2831 8.93241 7.77428 0 01 0 0 0 0 0 0 0 0 0 0 0 23.6507 84.4887 46.4005 441.862 
0.00479826205081456975 0.81831 0 223714 28.3313 8.93814 7.77929 0 01 -0 0 0 0 -0 0 0 0 -0 0 0 29.2458 86.8492 524.257 1033.99 
0.00479826205081456975 0.866087 0 291918 28.3755 8.93958 7.78055 0 01 0 0 0 0 0 0 0 0 0 0 0 37.9947 104.352 155.745 784.049 
0.00479826205081456975 1.08568 0 185355 28.3386 8.9358 7.77725 0 01 0 0 0 0 0 0 0 0 0 0 0 31.6997 94.0384 75.0161 532.977 
0.00479826205081456975 1.4135 0 296004 28.2226 8.92151 7.76478 0 01 -0 0 0 0 -0 0 0 0 -0 0 0 27.1183 75.7174 0 301.868 
0.00479826205081456975 1.54732 0 308710 28.6661 8.95494 7.79395 0 01 0 -0 0 0 0 -0 0 0 0 -0 0 22.874 64.0722 0 14.3185 
0.00479826205081456975 1.57746 0 248774 28.5498 8.94678 7.78683 0 01 0 0 0 0 0 0 0 0 0 0 0 14.1741 59.9786 0 29.2937 
0.00479826205081456975 1.89275 0 332721 28.6521 8.95787 7.79651 0 01 0 -0 0 0 0 -0 0 0 0 -0 0 11.3927 47.5993 0 0 
0.00479826205081456975 2.89466 0 239877 28.678 8.95675 7.79553 0 01 0 0 0 0 0 0 0 0 0 0 0 8.72624 37.1028 0 0 
0.0048930023247295935 0.173515 0 73589 27.9947 8.89086 7.73802 0 01 0 0 0 0 0 0 0 0 0 0 0 32.807 58.6309 2167.92 4698.29 
0.0048930023247295935 0.250537 0 132710 27.7405 8.86491 7.71537 0 01 0 0 0 0 0 0 0 0 0 0 0 40.2813 83.9534 1439.63 3196.1 
0.0048930023247295935 0.298028 0 6219 28.0697 8.90185 7.74762 0 01 -0 0 0 0 -0 0 0 0 -0 0 0 40.2813 83.9534 1439.63 3196.1 
0.0048930023247295935 0.345958 0 86890 0.154392 9.13737 7.9531 0 01 0 0 0 0 0 0 0 0 0 0 0 47.7808 102.65 1011.96 3715.51 
0.0048930023247295935 0.388226 0 41160 28.0132 8.89359 7.7404 0 01 0 -0 0 0 0 -0 0 0 0 -0 0 45.0661 102.071 1157.54 2604.08 
0.0048930023247295935 0.446461 0 89495 27.5396 8.84821 7.70079 0 01 -0 0 0 0 -0 0 0 0 -0 0 0 43.9405 109.74 834.638 1962.43 
0.0048930023247295935 0.447283 0 185527 27.9668 8.89178 7.73882 0 01 0 0 0 0 0 0 0 0 0 0 0 43.9405 109.74 834.638 1962.43 
0.0048930023247295935 0.464978 0 243100 28.143 8.89369 7.7405 0 01 0 -0 0 0 0 -0 0 0 0 -0 0 51.5521 119.851 473.222 1591.92 
0.0048930023247295935 0.486542 0 309816 27.6032 8.85579 7.70741 0 01 0 0 0 0 0 0 0 0 0 0 0 51.5521 119.851 473.222 1591.92 
0.0048930023247295935 0.530402 0 129944 28.0037 8.89498 7.74162 0 01 0 0 -0 0 0 0 -0 0 0 0 -0 49.7894 117.816 345.785 1744.57 
0.0048930023247295935 0.609967 0 339850 27.5548 8.84732 7.70002 0 01 0 0 0 0 0 0 0 0 0 0 0 45.8558 114.499 301.508 1262.82 
0.0048930023247295935 0.894774 0 166801 27.6131 8.85448 7.70626 0 01 0 0 -0 0 0 0 -0 0 0 0 -0 47.1663 121.824 278.11 999.639 
0.0048930023247295935 0.999589 0 262055 27.8567 8.87481 7.72401 0 01 0 0 -0 0 0 0 -0 0 0 0 -0 30.9618 95.9987 59.0044 334.803 
0.0048930023247295935 1.05137 0 346540 27.8273 8.87677 7.72572 0 01 0 0 0 0 0 0 0 0 0 0 0 28.7398 81.7092 3.56108 236.61 
0.0048930023247295935 1.08075 0 171631 28.0086 8.89395 7.74072 0 01 0 0 -0 0 0 0 -0 0 0 0 -0 37.1611 105.922 128.653 939.606 
0.0048930023247295935 1.2114 0 223552 27.8459 8.87867 7.72738 0 01 0 0 0 0 0 0 0 0 0 0 0 35.7629 94.3409 305.264 398.518 
0.0048930023247295935 1.45725 0 207143 27.6503 8.84561 7.69852 0 01 0 0 0 0 0 0 0 0 0 0 0 32.4954 82.8077 203.666 373.033 
0.0048930023247295935 1.70044 0 300870 27.9003 8.88474 7.73268 0 01 0 0 0 0 0 0 0 0 0 0 0 33.8443 91.7424 54.0509 178.211 
0.0048930023247295935 1.82967 0 279797 27.9416 8.88632 7.73405 0 01 0 0 0 0 0 0 0 0 0 0 0 16.3941 67.711 10.2479 42.6117 
0.0048930023247295935 1.89856 0 331934 28.0534 8.89817 7.7444 0 01 0 0 0 0 0 0 0 0 0 0 0 24.6904 70.4475 196.563 256.307 
0.0048930023247295935 2.05479 0 365272 28.0702 8.90105 7.74691 0 01 0 0 0 0 0 0 0 0 0 0 0 12.6224 33.4173 7.1271 25.576 
0.00492607592943304119 0.273439 0 18064 27.4481 8.82524 7.68072 0 01 0 0 0 0 0 0 0 0 0 0 0 21.3336 53.9473 610.636 1260.46 
0.00492607592943304119 0.328457 0 61838 27.3392 8.83321 7.68769 0 01 0 0 0 0 0 0 0 0 0 0 0 29.4148 58.4936 424.492 1569.92 
0.00492607592943304119 0.542889 0 338496 27.3373 8.83386 7.68826 0 01 0 0 0 0 0 0 0 0 0 0 0 20.4535 60.1779 201.154 359.933 
0.00492607592943304119 0.681955 0 129927 27.4288 8.8228 7.67861 0 01 0 -0 0 0 0 -0 0 0 0 -0 0 18.691 49.1317 40.6747 313.638 
0.00492607592943304119 0.874841 0 223825 27.3517 8.83583 7.68998 0 01 -0 0 0 0 -0 0 0 0 -0 0 0 22.4994 58.1203 87.0296 496.524 
0.00492607592943304119 1.53453 0 335263 27.4531 8.82494 7.68046 0 01 0 0 0 0 0 0 0 0 0 0 0 9.16875 41.3743 0 4.03707 
0.00501976904051353468 0.267406 0 187038 27.069 8.78219 7.64316 0 01 0 0 0 0 0 0 0 0 0 0 0 38.4336 88.8324 820.963 3049.02 
0.00501976904051353468 0.35544 0 149264 27.311 8.82954 7.68448 0 01 0 0 0 0 0 0 0 0 0 0 0 45.953 99.9842 864.986 2640.78 
0.00501976904051353468 0.431109 0 241647 27.1487 8.79757 7.65658 0 01 0 -0 0 0 0 -0 0 0 0 -0 0 55.346 118.512 746.575 1663.98 
0.00501976904051353468 0.435469 0 141353 27.2499 8.8138 7.67072 0 01 0 0 0 0 0 0 0 0 0 0 0 55.346 118.512 746.575 1663.98 
0.00501976904051353468 0.538308 0 81542 27.2419 8.81752 7.67397 0 01 0 0 0 0 0 0 0 0 0 0 0 52.9331 126.355 525.774 1316.07 
0.00501976904051353468 0.767053 0 181037 27.2189 8.81079 7.6681 0 01 0 -0 0 0 0 -0 0 0 0 -0 0 34.6053 100.79 25.1677 352.272 
0.00501976904051353468 0.863401 0 298005 27.3092 8.82725 7.68248 0 01 0 0 0 0 0 0 0 0 0 0 0 40.1077 101.985 88.6022 539.035 
0.00501976904051353468 0.921116 0 257243 27.2074 8.80153 7.66004 0 01 0 0 0 0 0 0 0 0 0 0 0 44.4317 123.127 166.258 646.806 
0.00501976904051353468 0.976613 0 352578 27.1776 8.79707 7.65615 0 01 0 0 0 0 0 0 0 0 0 0 0 30.4489 108.853 56.9483 109.63 
0.00501976904051353468 1.06989 0 340718 27.2398 8.81556 7.67229 0 01 0 0 -0 0 0 0 -0 0 0 0 -0 38.4511 99.5113 68.0351 498.243 
0.00501976904051353468 1.26347 0 330072 26.8562 8.77665 7.63832 0 01 -0 0 0 0 -0 0 0 0 -0 0 0 25.4855 91.7519 0 235.118 
0.00501976904051353468 1.31777 0 304714 26.9905 8.80809 7.66576 0 01 -0 0 0 0 -0 0 0 0 -0 0 0 28.8821 90.7089 0 199.462 
0.00501976904051353468 1.4817 0 215333 26.9624 8.80802 7.6657 0 01 -0 0 0 0 -0 0 0 0 -0 0 0 20.8984 68.4623 162.717 480.524 
0.00501976904051353468 1.53204 0 292326 27.1149 8.79071 7.65059 0 01 0 0 0 0 0 0 0 0 0 0 0 15.3882 61.4544 0 189.345 
0.00501976904051353468 1.65762 0 250839 27.0503 8.78271 7.64361 0 01 0 0 0 0 0 0 0 0 0 0 0 23.1406 72.5887 158.779 215.022 
0.00509246849193577787 0.28035 0 131361 26.4753 8.74811 7.61339 0 01 0 0 -0 0 0 0 -0 0 0 0 -0 35.5217 81.2325 822.055 3249.13 
0.00509246849193577787 0.48211 0 49516 26.5959 8.76142 7.625 0 01 0 0 0 0 0 0 0 0 0 0 0 38.1689 95.9496 389.171 1282.34 
0.00509246849193577787 0.482174 0 18681 26.3216 8.7168 7.58603 0 01 0 0 0 0 0 0 0 0 0 0 0 38.1689 95.9496 389.171 1282.34 
0.00509246849193577787 0.618881 0 125335 26.327 8.7115 7.5814 0 01 -0 0 0 0 -0 0 0 0 -0 0 0 34.6516 104.083 57.4028 843.184 
0.00509246849193577787 1.00025 0 295684 26.5173 8.74893 7.61411 0 01 0 0 0 0 0 0 0 0 0 0 0 24.2451 82.9188 157.525 400.74 
0.00509246849193577787 1.0553 0 279961 26.3148 8.71491 7.58438 0 01 0 -0 0 0 0 -0 0 0 0 -0 0 23.8959 75.9255 14.0746 125.474 
0.00509246849193577787 1.06235 0 305193 26.4866 8.74526 7.6109 0 01 -0 0 0 0 -0 0 0 0 -0 0 0 18.1994 67.4573 57.9935 401.974 
0.00509246849193577787 1.2059 0 243230 26.6712 8.74349 7.60932 0 01 0 0 0 0 0 0 0 0 0 0 0 26.4702 66.2097 1.59306 159.218 
0.00509246849193577787 1.21187 0 242090 26.7187 8.75258 7.61726 0 01 0 -0 0 0 0 -0 0 0 0 -0 0 26.4702 66.2097 1.59306 159.218 
0.00514591619142619645 0.120838 0 335749 0.111704 8.70859 7.57884 0 01 -0 0 0 0 -0 0 0 0 -0 0 0 25.5171 51.0918 1040.24 3176.71 
0.00514591619142619645 0.220242 0 9348 26.0415 8.70213 7.57322 0 01 0 0 0 0 0 0 0 0 0 0 0 25.5171 51.0918 1040.24 3176.71 
0.00514591619142619645 0.292219 0 170681 26.196 8.69295 7.56519 0 01 0 -0 0 0 0 -0 0 0 0 -0 0 31.9919 73.618 855.102 2917.18 
0.00514591619142619645 0.359534 0 131510 26.0311 8.70455 7.57533 0 01 -0 0 0 0 -0 0 0 0 -0 0 0 32.135 76.7546 1145.89 2399.32 
0.00514591619142619645 0.382592 0 145174 26.2275 8.70262 7.57363 0 01 0 0 0 0 0 0 0 0 0 0 0 37.5578 88.7387 721.282 2027.03 
0.00514591619142619645 0.408206 0 171637 26.0749 8.70857 7.57884 0 01 0 -0 0 0 0 -0 0 0 0 -0 0 34.126 79.6903 455.916 1054.55 
0.00514591619142619645 0.439112 0 210569 26.0411 8.70186 7.57298 0 01 0 0 0 0 0 0 0 0 0 0 0 32.7295 78.4656 527.474 1086.91 
0.00514591619142619645 0.558367 0 232834 26.0945 8.68426 7.5576 0 01 0 0 0 0 0 0 0 0 0 0 0 31.8697 90.831 128.919 1242.81 
0.00514591619142619645 0.84301 0 195209 26.2463 8.70265 7.57366 0 01 0 0 -0 0 0 0 -0 0 0 0 -0 22.9156 65.2377 118.575 392.494 
0.00514591619142619645 1.03639 0 158284 26.0693 8.7107 7.5807 0 01 0 0 0 0 0 0 0 0 0 0 0 30.236 65.7488 42.3859 321.576 
0.00514591619142619645 1.08254 0 89672 26.1819 8.69285 7.56511 0 01 0 0 0 0 0 0 0 0 0 0 0 21.454 70.9373 106.043 255.466 
0.00514591619142619645 1.58235 0 325539 26.0189 8.70266 7.57368 0 01 -0 0 0 0 -0 0 0 0 -0 0 0 20.7289 67.0867 0 79.4019 
0.0051914221772831155 0.284811 0 60209 25.824 8.66999 7.54513 0 01 0 0 0 0 0 0 0 0 0 0 0 28.9226 66.9324 1108.06 2320.45 
0.0051914221772831155 0.320131 0 226518 25.803 8.6645 7.54034 0 01 0 0 0 0 0 0 0 0 0 0 0 34.7719 69.8591 477.975 1460.62 
0.0051914221772831155 0.358445 0 260365 25.838 8.67148 7.54644 0 01 0 0 0 0 0 0 0 0 0 0 0 34.7719 69.8591 477.975 1460.62 
0.0051914221772831155 0.388499 0 75139 25.8884 8.66874 7.54403 0 01 -0 0 0 0 -0 0 0 0 -0 0 0 30.8662 74.8301 669.658 1141.98 
0.0051914221772831155 0.49653 0 149828 25.8174 8.65949 7.53596 0 01 0 0 0 0 0 0 0 0 0 0 0 32.2195 73.3391 314.163 714.333 
0.0051914221772831155 1.02743 0 440667 2.71314 10.6803 6.61598 0 211.4751 -211.328 4.97402 -6.10516 0 0 0 -0 0 0 0 -0 14.213 51.7454 8.84552 123.426 
0.0051914221772831155 1.93677 0 369436 25.9777 8.69674 7.5685 0 01 -0 0 0 0 -0 0 0 0 -0 0 0 5.81827 28.969 0 18.4887 
0.00530796869593944034 0.152047 0 64738 25.6395 8.6335 7.51324 0 01 -0 0 0 0 -0 0 0 0 -0 0 0 33.3137 74.6418 1641.03 4303.33 
0.00530796869593944034 0.210897 0 126498 0.171387 8.6436 7.52207 0 01 0 0 0 0 0 0 0 0 0 0 0 33.3137 74.6418 1641.03 4303.33 
0.00530796869593944034 0.371342 0 459421 0 8.45521 7.35744 0 01 0 0 0 0 0 0 0 0 0 0 0 57.1076 121.281 592.131 2859.32 
0.00530796869593944034 0.401805 0 112460 25.4119 8.64166 7.52038 0 01 0 -0 0 0 0 -0 0 0 0 -0 0 57.1076 121.281 592.131 2859.32 
0.00530796869593944034 0.462627 0 166175 25.6275 8.63587 7.51532 0 01 0 0 -0 0 0 0 -0 0 0 0 -0 54.478 128.07 1029.04 1929.23 
0.00530796869593944034 0.57032 0 305362 25.5252 8.66358 7.53953 0 01 0 0 0 0 0 0 0 0 0 0 0 56.2542 132.013 148.671 1356.88 
0.00530796869593944034 0.571601 0 190546 25.1519 8.60185 7.4856 0 01 0 0 0 0 0 0 0 0 0 0 0 56.2542 132.013 148.671 1356.88 
0.00530796869593944034 0.656994 0 350954 25.455 8.64461 7.52296 0 01 0 0 0 0 0 0 0 0 0 0 0 61.286 140.739 748.584 1482.85 
0.00530796869593944034 0.667775 0 350281 25.2405 8.61262 7.49501 0 01 -0 0 0 0 -0 0 0 0 -0 0 0 41.2366 124.398 219.968 605.159 
0.00530796869593944034 0.674786 0 415520 0.37766 10.8869 6.80413 0 53.75841 47.8406 -24.0437 4.80977 0 0 -0 0 0 0 -0 0 41.2366 124.398 219.968 605.159 
0.00530796869593944034 0.776931 0 224434 25.1471 8.59443 7.47911 0 01 0 0 0 0 0 0 0 0 0 0 0 45.874 132.201 564.091 994.636 
0.00530796869593944034 0.893143 0 105386 25.5418 8.6634 7.53938 0 01 0 0 0 0 0 0 0 0 0 0 0 38.7284 109.979 34.5086 572.056 
0.00530796869593944034 1.02644 0 77143 25.7174 8.65117 7.52866 0 01 0 0 0 0 0 0 0 0 0 0 0 51.0239 142.737 114.736 347.381 
0.00530796869593944034 1.13892 0 312777 25.2581 8.61352 7.4958 0 01 0 0 0 0 0 0 0 0 0 0 0 36.6729 106.431 175.492 477.594 
0.00530796869593944034 1.31299 0 315518 25.3638 8.63272 7.51257 0 01 0 0 0 0 0 0 0 0 0 0 0 31.8886 118.12 401.199 641.518 
0.00530796869593944034 1.39771 0 223851 25.3818 8.63805 7.51722 0 01 0 0 0 0 0 0 0 0 0 0 0 30.9973 101.315 100.683 448.287 
0.00530796869593944034 1.40481 0 298399 25.1847 8.60829 7.49123 0 01 0 0 0 0 0 0 0 0 0 0 0 30.9973 101.315 100.683 448.287 
0.00530796869593944034 1.59878 0 332349 25.6333 8.63623 7.51563 0 01 0 -0 0 0 0 -0 0 0 0 -0 0 20.8695 77.0286 0 294.353 
0.00530796869593944034 1.77442 0 373425 25.4531 8.64578 7.52398 0 01 -0 0 0 0 -0 0 0 0 -0 0 0 21.4692 64.3674 2.5482 33.1956 
0.00530796869593944034 1.97813 0 363707 0 10.1392 6.19676 0 147.6381 -141.243 5.73768 -42.5949 0 0 0 -0 0 0 0 -0 16.2085 62.6671 34.0987 229.068 
0.00530796869593944034 2.59246 0 292351 25.3548 8.63272 7.51257 0 01 0 0 0 0 0 0 0 0 0 0 0 13.2662 53.0585 2.01455 2.01455 
0.00543575598232015622 0.302631 0 165019 24.9833 8.57333 7.46068 0 01 0 0 -0 0 0 0 -0 0 0 0 -0 53.0928 103.556 1293.17 3552.65 
0.00543575598232015622 0.378717 0 163317 24.8582 8.56666 7.45485 0 01 0 0 -0 0 0 0 -0 0 0 0 -0 50.027 125.065 662.673 2949.2 
0.00543575598232015622 0.433944 0 186121 24.8636 8.56765 7.45571 0 01 0 0 0 0 0 0 0 0 0 0 0 64.9957 137.889 754.751 3127.86 
0.00543575598232015622 0.457742 0 63470 24.6264 8.54859 7.43906 0 01 0 0 0 0 0 0 0 0 0 0 0 50.6799 124.377 302.848 1594.38 
0.00543575598232015622 0.471646 0 699622 0.101242 8.61801 7.49972 0 01 0 0 0 0 0 0 0 0 0 0 0 50.6799 124.377 302.848 1594.38 
0.00543575598232015622 0.486568 0 77879 24.5368 8.53972 7.43131 0 01 0 0 0 0 0 0 0 0 0 0 0 60.3213 140.061 540.032 1730.21 
0.00543575598232015622 0.537143 0 81629 24.9271 8.58123 7.46758 0 01 0 0 0 0 0 0 0 0 0 0 0 56.7879 145.84 305.128 1576.78 
0.00543575598232015622 0.601 0 218580 24.8244 8.56127 7.45014 0 01 0 0 0 0 0 0 0 0 0 0 0 53.3469 146.821 291.048 1087.39 
0.00543575598232015622 0.669755 0 87460 24.6284 8.55143 7.44154 0 01 0 0 0 0 0 0 0 0 0 0 0 48.1709 141.725 271.777 980.822 
0.00543575598232015622 0.740307 0 327342 24.5396 8.53892 7.43061 0 01 0 0 0 0 0 0 0 0 0 0 0 54.1446 155.564 490.907 1226.11 
0.00543575598232015622 0.852999 0 197303 24.8468 8.56492 7.45333 0 01 0 0 0 0 0 0 0 0 0 0 0 48.6603 134.175 631.755 1389.23 
0.00543575598232015622 0.861911 0 226925 24.6372 8.55009 7.44037 0 01 0 0 0 0 0 0 0 0 0 0 0 48.6603 134.175 631.755 1389.23 
0.00543575598232015622 0.870165 0 140637 24.8446 8.56889 7.45679 0 01 0 0 0 0 0 0 0 0 0 0 0 48.4113 137.367 385.265 519.434 
0.00543575598232015622 0.921867 0 291484 24.5372 8.53978 7.43136 0 01 0 0 -0 0 0 0 -0 0 0 0 -0 53.3652 123.614 372.497 1077.86 
0.00543575598232015622 0.985135 0 353771 24.5135 8.53342 7.42581 0 01 0 0 -0 0 0 0 -0 0 0 0 -0 50.481 131.785 308.979 775.789 
0.00543575598232015622 1.10594 0 323371 25.0855 8.58893 7.47429 0 01 0 0 0 0 0 0 0 0 0 0 0 50.1255 140.369 106.754 669.382 
0.00543575598232015622 1.18751 0 345478 24.9648 8.57218 7.45967 0 01 0 0 -0 0 0 0 -0 0 0 0 -0 41.243 121.458 22.6138 343.021 
0.00543575598232015622 1.25944 0 219251 24.7221 8.54459 7.43557 0 01 0 -0 0 0 0 -0 0 0 0 -0 0 40.0021 113.766 0 256.527 
0.00543575598232015622 1.67151 0 262693 24.9211 8.5753 7.4624 0 01 0 0 0 0 0 0 0 0 0 0 0 28.1078 92.9668 124.51 143.973 
0.00543575598232015622 1.68297 0 270726 24.975 8.56983 7.45762 0 01 0 0 0 0 0 0 0 0 0 0 0 28.1078 92.9668 124.51 143.973 
0.00543575598232015622 1.85749 0 185177 24.903 8.57097 7.45861 0 01 -0 0 0 0 -0 0 0 0 -0 0 0 20.5092 80.1029 0 71.5307 
0.00543575598232015622 3.82723 0 344291 24.714 8.54506 7.43598 0 01 0 0 0 0 0 0 0 0 0 0 0 0 7.64664 0 0 
0.00552170195167613152 0.312228 0 187804 24.3237 8.51913 7.41332 0 01 0 0 0 0 0 0 0 0 0 0 0 40.1661 92.1549 1627.51 3581.84 
0.00552170195167613152 0.480166 0 144498 24.3374 8.52924 7.42215 0 01 0 0 0 0 0 0 0 0 0 0 0 42.0982 107.194 607.584 1464.23 
0.00552170195167613152 0.548566 0 273440 24.4999 8.531 7.42367 0 01 0 0 0 0 0 0 0 0 0 0 0 40.9782 106.649 515.126 1044.81 
0.00552170195167613152 0.552522 0 165677 24.2251 8.50707 7.40277 0 01 0 0 0 0 0 0 0 0 0 0 0 40.9782 106.649 515.126 1044.81 
0.00552170195167613152 0.806078 0 118226 24.3179 8.52908 7.42201 0 01 0 0 -0 0 0 0 -0 0 0 0 -0 32.0576 95.5215 169.4 328.36 
0.00552170195167613152 1.13933 0 232722 24.1491 8.50448 7.40051 0 01 -0 0 0 0 -0 0 0 0 -0 0 0 30.8651 90.492 260.218 436.27 
0.00552170195167613152 1.32133 0 361214 24.1206 8.50092 7.39741 0 01 0 0 -0 0 0 0 -0 0 0 0 -0 18.5872 80.7463 1.66154 60.372 
0.00552170195167613152 1.32625 0 73656 24.4481 8.52718 7.42035 0 01 0 0 0 0 0 0 0 0 0 0 0 18.5872 80.7463 1.66154 60.372 
0.00552170195167613152 1.40266 0 264646 24.3668 8.51576 7.41037 0 01 0 0 0 0 0 0 0 0 0 0 0 42.246 97.0454 131.842 350.415 
0.00552170195167613152 1.46315 0 342776 24.1853 8.50698 7.4027 0 01 0 0 0 0 0 0 0 0 0 0 0 23.3121 71.3242 49.2771 167.858 
0.00552170195167613152 1.76905 0 350672 24.4671 8.52867 7.42163 0 01 0 -0 0 0 0 -0 0 0 0 -0 0 8.96731 57.3269 0 27.3153 
0.00552170195167613152 1.90998 0 300953 24.441 8.52211 7.41589 0 01 0 -0 0 0 0 -0 0 0 0 -0 0 17.3391 44.4467 22.3064 131.865 
0.00552170195167613152 3.36858 0 284005 87.188 10.7399 6.66875 0 143.3341 -13.6234 -12.4727 142.139 0 0 -0 0 0 0 -0 0 3.50803 9.78554 0 0 
0.00552170195167613152 3.36898 0 383924 24.5021 8.5252 7.41861 0 01 0 0 0 0 0 0 0 0 0 0 0 3.50803 9.78554 0 0 
0.00552721352462605658 0.279185 0 419771 0.490008 10.0915 6.16448 0 100.6571 -100.65 0.635088 1.06564 0 0 0 0 0 0 0 0 1.20765 6.69215 0 20.8947 
0.00558748599168480513 0.368148 0 215725 23.8596 8.50095 7.65085 0 01 0 0 0 0 0 0 0 0 0 0 0 34.6351 79.4718 504.264 1911.83 
0.00558748599168480513 0.370169 0 272148 23.8146 8.47224 7.62502 0 01 0 0 0 0 0 0 0 0 0 0 0 42.1606 84.6598 1145.1 2471.98 
0.00558748599168480513 0.58527 0 229597 23.781 8.45093 7.60584 0 01 0 0 0 0 0 0 0 0 0 0 0 37.9482 100.744 428.318 1202.17 
0.00558748599168480513 1.88038 0 347707 23.91 8.49329 7.39074 0 01 0 0 0 0 0 0 0 0 0 0 0 11.1884 50.1508 0 15.1212 
0.00558748599168480513 2.504 0 371033 23.9911 8.47417 7.62675 0 01 0 0 0 0 0 0 0 0 0 0 0 5.03628 38.0097 0 16.8316 
0.00574855829268818355 0.313061 0 96095 23.6268 8.34954 7.51459 0 01 0 0 0 0 0 0 0 0 0 0 0 57.4147 125.212 2527.48 4845.41 
0.00574855829268818355 0.429003 0 190351 23.2074 8.22235 7.40011 0 01 0 0 0 0 0 0 0 0 0 0 0 60.5945 140.45 778.234 2116.1 
0.00574855829268818355 0.430661 0 5708 23.4869 8.26695 7.44025 0 01 0 0 0 0 0 0 0 0 0 0 0 60.5945 140.45 778.234 2116.1 
0.00574855829268818355 0.499725 0 529592 25.673 8.40995 7.56895 0 01 0 0 0 0 0 0 0 0 0 0 0 72.3056 171.096 1243.95 3116.76 
0.00574855829268818355 0.628153 0 83813 23.7236 8.41461 7.57315 0 01 0 0 0 0 0 0 0 0 0 0 0 70.3613 181.735 232.151 930.785 
0.00574855829268818355 0.696585 0 205268 0.216393 10.6326 6.57476 0 88.80931 -68.6925 -46.4753 -31.7568 0 0 0 0 0 0 0 0 67.5459 178.827 369.29 656.279 
0.00574855829268818355 1.06984 0 284557 23.6294 8.35111 7.516 0 01 0 0 0 0 0 0 0 0 0 0 0 50.6822 137.131 379.558 639.839 
0.00574855829268818355 1.10299 0 212127 23.5537 8.30622 7.4756 0 01 0 0 0 0 0 0 0 0 0 0 0 68.2382 156.641 130.736 926.411 
0.00574855829268818355 1.14629 0 77061 0.201207 8.27479 7.44731 0 01 0 0 0 0 0 0 0 0 0 0 0 52.8814 144.83 65.843 496.04 
0.00574855829268818355 1.22414 0 74516 23.4024 8.24921 7.42429 0 01 0 0 0 0 0 0 0 0 0 0 0 51.0627 131.488 57.651 335.608 
0.00574855829268818355 1.66607 0 251151 23.4299 8.26613 7.43952 0 01 0 -0 0 0 0 -0 0 0 0 -0 0 26.6552 103.444 38.1631 368.319 
0.00574855829268818355 1.7238 0 362626 23.6173 8.34378 7.5094 0 01 0 -0 0 0 0 -0 0 0 0 -0 0 39.7252 112.491 41.1673 337.861 
0.00574855829268818355 1.8716 0 327371 23.59 8.32749 7.49474 0 01 0 0 -0 0 0 0 -0 0 0 0 -0 24.0261 96.9146 0 162.013 
0.00574855829268818355 2.91707 0 376360 23.3435 8.21716 7.39545 0 01 0 0 0 0 0 0 0 0 0 0 0 23.3293 61.1707 0 65.1088 
0.00619044426462296311 0.85196 1 0 0 10.5162 6.47822 0 0 1 -78.2261 126.746 22.504 1 -84.6418 122.563 23.6737 0 0 0 0 69.0958 162.567 140.954 480.245 
0.0063255546109041421 0.59267 0 284405 0.807757 10.2459 6.27161 0 225.9581 52.0594 134.399 174.023 0 0 0 0 0 0 0 0 61.1668 149.821 864.583 1465.22 
0.00709060296459465556 0.318108 0 428327 0.129568 8.68696 7.55994 0 01 0 0 0 0 0 0 0 0 0 0 0 82.6785 170.805 2749.47 5223.97 
0.00729014009780009319 0.680279 0 284133 0.244588 9.77034 5.96725 0 231.4281 211.981 -70.4995 -60.4394 0 0 -0 0 0 0 -0 0 77.8628 188.178 341.638 1128.5 
0.00729014009780009319 2.22029 0 401528 0 9.68202 5.91907 0 75.84971 24.2145 -68.0366 -23.1917 0 0 0 0 0 0 0 0 28.3587 89.1574 8.17807 147.91 
0.0079622553020871744 0.401926 0 450549 0.195619 10.107 6.1749 0 42.19621 26.7903 -0.738255 32.5922 0 0 0 0 0 0 0 0 96.9308 215.943 745.396 2478.66 
0.0079622553020871744 1.79123 0 412671 0.276529 9.62283 5.88825 0 189.5641 107.47 121.324 98.3125 0 0 0 0 0 0 0 0 57.1012 168.198 160.713 309.87 
0.00839093599614299489 0.586759 0 258075 0.11257 10.6245 6.56777 0 100.3471 -92.8873 -10.4438 36.502 0 0 0 0 0 0 0 0 123.583 302.376 1062.11 2315.32 
0.00858777774351053222 0.286895 0 54359 0.175686 9.00695 7.83932 0 01 0 0 0 0 0 0 0 0 0 0 0 67.7786 150.747 1626.89 3565.31 
0.00858777774351053222 1.46519 0 403415 0.14115 9.3892 8.17256 0 01 0 0 0 0 0 0 0 0 0 0 0 35.4091 119.77 104.265 333.526 
0.00943553977621097717 0.346056 1 267316 0 9.07585 7.89947 0 0 2 -0.00172281 0.00369419 -0.0149964 0 0 0 0 0 0 0 0 113.41 221.538 2290.28 5171.63 
0.0100792146376891354 0.762754 0 409171 0 8.93375 7.77546 0 01 0 0 0 0 0 0 0 0 0 0 0 182.95 414.553 991.763 2191.35 
0.0106211119509250652 3.48968 0 407098 0.234167 8.64547 7.52371 0 01 0 0 -0 0 0 0 -0 0 0 0 -0 43.3734 127.28 78.9841 200.263 
0.0116240781349821552 0.754961 0 407341 0 8.59672 7.48111 0 01 -0 0 0 0 -0 0 0 0 -0 0 0 147.408 363.932 557.615 1515.19 
0.0120192587567342357 1.80165 0 416284 17.2881 8.62603 7.50671 0 01 0 -0 0 0 0 -0 0 0 0 -0 0 52.4873 202.744 141.027 316.552 
0.0131024579442368741 2.6524 0 401790 0 8.39377 7.55439 0 01 0 0 -0 0 0 0 -0 0 0 0 -0 49.0569 160.204 0 35.2657 
6.6724090767161206 0.0222699 1 0 0 8.44673 8.42686 0 0 0 0 0 0 0 0 0 0 0 0 0 0 148.579 332.315 180.228 496.693 
