#1:time #2:r #3.binary? #4:ID #5:zams_m #6:m_progenitor #7:bh mass #8:bh_spin #9:birth-kick(km/s) #10-25:vsarray
0.00329045218942844962 0.24587 0 62090 2.81498 16.433 14.6479 0 01 0 0 0 0 0 0 0 0 0 0 0 3.51843 9.5648 0 437.297 
0.00330937505089176718 0.125145 1 61743 0 13.8554 11.1936 0 0 1 -0.841681 -15.1648 -39.1835 0 -0 0 0 0 -0 0 0 4.63513 6.85132 358.551 2959.95 
0.00333135965907312625 0.128604 0 1230 0.08306 16.615 14.8218 0 01 0 0 0 0 0 0 0 0 0 0 0 7.41755 12.041 2199.55 5520.38 
0.00333135965907312625 0.275222 0 250380 0.426193 16.4719 14.6851 0 01 0 0 0 0 0 0 0 0 0 0 0 5.85708 11.4239 762.08 1672.68 
0.00333974715450741219 0.0605107 1 48795 0 12.0372 8.12831 0 0 1 139.857 -15.9606 26.7293 0 0 0 0 0 0 0 0 4.61959 8.86344 2.5118 2765.98 
0.00335031585534346183 0.101746 0 214958 0.466718 16.3571 14.5756 0 01 0 0 0 0 0 0 0 0 0 0 0 6.32777 9.16139 1462.24 4271.98 
0.00335031585534346183 0.308464 0 174558 126.594 16.7207 14.9229 0 01 0 0 0 0 0 0 0 0 0 0 0 5.8852 11.1018 874.113 1181.12 
0.00338419669199423742 0.465029 0 119279 118.641 16.7388 14.9403 0 01 0 0 0 0 0 0 0 0 0 0 0 5.53416 13.8478 37.4193 63.4212 
0.00340568297159795762 0.627925 1 175727 0 16.3799 14.5972 0 0 1 0.00910631 -0.00442996 -0.0108273 0 0 -0 0 0 0 -0 0 3.14508 12.6577 70.4531 70.4531 
0.00341688970440544347 0.0970098 1 34504 0 11.623 7.59713 0 0 1 -40.056 11.0175 -9.25084 0 -0 0 0 0 -0 0 0 5.07604 9.39601 277.459 1557.47 
0.00341688970440544347 0.1569 0 244243 0.333295 23.2676 20.9408 0 01 0 0 0 0 0 0 0 0 0 0 0 5.07604 9.39601 277.459 1557.47 
0.00343088308134817865 0.210359 0 188351 0.127377 16.0082 14.2433 0 01 0 -0 0 0 0 -0 0 0 0 -0 0 9.93297 15.3492 2923.12 4645.39 
0.00343416235402486296 0.257995 0 92882 107.222 15.898 14.1385 0 01 0 0 -0 0 0 0 -0 0 0 0 -0 4.62735 7.91165 17.3969 866.419 
0.00345414520425423033 0.158485 0 64926 0.243422 15.5555 13.8134 0 01 0 0 0 0 0 0 0 0 0 0 0 6.42353 8.88854 1979.88 5166.35 
0.00345414520425423033 0.167906 1 10657 0 15.8894 14.1303 0 0 1 0.00236311 -0.0054729 0.00551693 0 0 0 0 0 0 0 0 6.42353 8.88854 1979.88 5166.35 
0.00345414520425423033 0.899518 0 149723 103.931 15.6593 13.9119 0 01 0 -0 0 0 0 -0 0 0 0 -0 0 7.2842 15.4407 0 133.892 
0.00345414520425423033 1.89882 0 178115 104.318 15.6666 13.9189 0 01 0 -0 0 0 0 -0 0 0 0 -0 0 3.84227 3.84227 0 0 
0.00346140771775270591 0.522808 0 319127 0.156989 15.478 13.7401 0 01 0 0 0 0 0 0 0 0 0 0 0 2.07744 5.15598 0 1.97881 
0.0034823236418069785 0.226996 0 218506 0.398556 14.8777 13.173 0 01 0 0 0 0 0 0 0 0 0 0 0 5.12645 12.8718 534.244 1527.95 
0.00350081334450644353 0.321983 0 9424 0.294196 15.2928 13.5649 0 01 0 -0 0 0 0 -0 0 0 0 -0 0 8.52905 17.7461 463.102 3753.15 
0.00350081334450644353 0.335124 0 51333 0.0883243 14.8897 13.1845 0 01 0 0 0 0 0 0 0 0 0 0 0 8.52905 17.7461 463.102 3753.15 
0.00354324331181999231 0.345248 0 61874 0.666539 14.5347 12.6493 0 7.808281 -7.20368 -0.488004 2.97287 0 0 -0 0 0 0 -0 0 5.61376 14.3856 31.6574 821.992 
0.00354598260962444211 0.568352 0 167048 0.582633 14.568 12.7251 0 8.657011 -8.38171 -0.521759 -2.10203 0 0 0 -0 0 0 0 -0 1.68772 5.64975 0 0 
0.0035698907354375772 0.303473 0 136651 0.089066 14.5411 12.6638 0 10.47351 -5.71467 -3.82482 7.89979 0 0 0 0 0 0 0 0 7.26472 19.9639 110.808 967.184 
0.0035698907354375772 0.646786 0 150155 90.7141 14.536 12.6521 0 5.923411 -5.91792 -0.231011 -0.107503 0 0 0 0 0 0 0 0 6.34873 18.4296 292.622 471.993 
0.00359135655849493777 2.13362 0 159815 87.188 14.2751 12.0729 0 26.02651 25.9051 0.976574 -2.31387 0 0 0 0 0 0 0 0 0 0 0 0 
0.00360056793619300706 1.15169 0 176205 86.732 14.197 11.9043 0 15.22291 0.919053 -0.32698 -15.1917 0 0 0 0 0 0 0 0 1.17643 8.23734 0 24.5035 
0.00360728727438943807 0.109657 0 147898 0.186784 13.6276 10.7434 0 64.46391 -46.6084 -38.9143 21.6548 0 0 -0 0 0 0 -0 0 4.28229 8.07147 516.039 1989 
0.00360728727438943807 0.161588 0 234088 1.77902 14.0616 11.6175 0 21.07071 -9.93332 -8.79485 16.3694 0 -0 0 0 0 -0 0 0 4.28229 8.07147 516.039 1989 
0.00361323672486377201 0.209899 0 78203 0.426401 14.0121 11.5141 0 37.07391 9.95116 35.0201 7.00273 0 0 0 0 0 0 0 0 3.57407 10.0799 632.303 1023.89 
0.00362301277395443277 0.160592 1 168168 0 10.999 6.91249 0 0 2 -17.4511 -80.8177 69.6321 0 0 0 0 0 0 0 0 6.56768 11.7372 778.565 4396.9 
0.00367056680228956128 0.249924 0 59411 0.259167 13.5253 10.5475 0 43.16721 -42.9277 3.44912 2.95373 0 0 0 0 0 0 0 0 7.26931 14.9284 856.812 1852.07 
0.00370209979427385408 0.910591 0 176470 78.0612 13.3192 10.1643 0 82.18391 -73.7225 -15.8728 32.6686 0 0 -0 0 0 0 -0 0 1.7911 6.30611 0 0 
0.00370209979427385408 0.968359 0 115918 0.168289 13.0859 9.74942 0 94.97531 -92.8792 7.86216 -18.2192 0 -0 0 0 0 -0 0 0 3.8202 8.583 0 0 
0.003713641463550299 0.93714 0 42429 77.2398 13.2639 10.0642 0 63.94261 39.0865 -48.4156 14.7249 0 0 0 0 0 0 0 0 2.7747 7.39688 0 33.4398 
0.00373785410147944733 0.714176 0 100809 75.8412 13.1081 9.78812 0 85.5451 -56.6807 33.4891 54.6235 0 0 0 0 0 0 0 0 5.07591 12.9999 150.706 176.189 
0.00374293306453461153 0.547464 0 102311 75.0149 13.0202 9.63629 0 39.52321 -24.1046 19.7201 24.3346 0 -0 0 0 0 -0 0 0 2.21576 7.19803 0 0 
0.00375600990304703107 0.0398949 0 4485 0.471581 12.9104 9.45049 0 21.36821 18.1283 -6.16429 -9.48502 0 0 -0 0 0 0 -0 0 6.48078 10.8475 1025.06 1919.83 
0.00376973042387580056 0.955659 0 152617 73.6069 12.8625 9.3707 0 136.2831 57.2308 -38.6228 -117.499 0 0 0 0 0 0 0 0 2.88609 6.7278 0 51.3989 
0.00380959059448467054 1.05875 0 114706 70.8061 12.5454 8.86426 0 76.57931 75.0671 -15.0385 -1.77944 0 0 0 0 0 0 0 0 3.17019 6.35329 0 0 
0.00380959059448467054 1.39666 0 153939 71.4512 12.6471 9.02272 0 91.05251 89.9903 -1.16931 -13.8182 0 0 0 0 0 0 0 0 0 4.1488 0 0 
0.00382866075615296815 0.218048 0 51259 69.5325 12.4507 8.72009 0 70.38181 -65.5407 25.2198 -4.6887 0 -0 0 0 0 -0 0 0 2.96207 8.87549 201.33 501.841 
0.00384012907395594062 2.30626 0 174664 69.4959 12.4351 8.6967 0 73.83551 -24.7082 68.1195 -14.1749 0 0 0 0 0 0 0 0 0 2.35474 0 0 
0.00385393103825515393 0.176121 0 24013 0.107 12.1838 8.33112 0 65.20171 58.5301 9.31337 27.1801 0 0 0 0 0 0 0 0 6.80991 11.904 1821.71 3318.27 
0.00387342392431078717 0.228808 0 111328 67.4826 12.1907 8.34088 0 101.291 -43.2307 71.8451 -56.8254 0 0 0 -0 0 0 0 -0 6.16982 13.1384 690.796 1191.39 
0.00387342392431078717 0.886574 0 121014 67.3249 12.1625 8.30125 0 149.571 -2.31387 -51.2492 -140.497 0 -0 0 0 0 -0 0 0 4.44649 16.8224 0 0 
0.00387342392431078717 2.25557 0 196871 67.4387 12.1918 8.3424 0 74.3341 -74.1341 5.40076 -0.70603 0 0 0 -0 0 0 0 -0 0 15.159 0 0 
0.00392127867340551651 0.467669 0 150382 65.3114 12.0459 8.1402 0 75.46681 -21.4097 -72.285 3.42575 0 0 0 0 0 0 0 0 9.67745 22.6053 121.185 503.068 
0.00393499398222171143 0.273431 0 12700 0.413175 11.8505 7.88131 0 127.6121 -127.054 6.98577 -9.65211 0 0 0 -0 0 0 0 -0 7.00354 15.9057 21.373 1240.02 
0.00393499398222171143 0.276847 0 11010 2.8937 11.8471 7.87691 0 175.7251 76.7629 -144.753 63.5079 0 0 0 0 0 0 0 0 7.00354 15.9057 21.373 1240.02 
0.00396420747688969264 0.159908 0 37142 0.0911117 11.7008 7.69225 0 119.0591 112.899 -19.1251 -32.606 0 0 0 0 0 0 0 0 7.01238 14.1342 1477.15 3153.13 
0.00396420747688969264 0.934231 0 177308 63.2174 11.7111 7.70506 0 208.9121 203.963 -4.87089 44.9369 0 0 0 0 0 0 0 0 0 6.65291 0 0 
0.00396420747688969264 1.30768 0 166865 62.8942 11.6784 7.66465 0 158.9281 -14.6918 67.6173 -143.074 0 0 0 0 0 0 0 0 5.2774 10.4968 0 21.6093 
0.00399518323584096072 1.74191 0 181303 61.4273 11.5721 7.53618 0 110.321 -72.1479 81.6594 17.2288 0 -0 0 0 0 -0 0 0 1.72059 3.48941 0 0 
0.00400603198025229878 0.154402 0 25991 61.3019 11.5246 7.47999 0 68.66891 44.4811 42.0982 31.0578 0 0 0 0 0 0 0 0 6.77156 12.1935 2200.43 3498.37 
0.00400603198025229878 0.946962 0 164435 61.1483 11.4882 7.43751 0 115.7421 -100.614 0.752538 57.2057 0 0 0 0 0 0 0 0 1.91015 6.64834 0 79.7101 
0.00400603198025229878 2.45161 0 197790 61.1754 11.4957 7.44626 0 109.7281 63.9901 79.1573 40.984 0 0 0 0 0 0 0 0 2.48812 5.06944 0 0 
0.00403494629344717907 0.159672 1 88100 0 9.84233 6.00846 0 0 2 40.022 -24.2799 95.7556 0 0 0 0 0 0 0 0 7.00069 15.9241 2632.45 4654 
0.00403494629344717907 0.549251 0 303987 0.0877455 11.4142 7.35263 0 148.7821 134.576 -51.0843 -37.6275 0 0 0 -0 0 0 0 -0 7.12774 20.2214 156.725 405.794 
0.00403494629344717907 0.668015 0 95702 60.5667 11.4158 7.35451 0 110.7941 19.6473 -95.896 51.8968 0 0 0 0 0 0 0 0 8.04606 16.7083 87.1939 114.911 
0.00403883463737424609 0.132508 1 25684 0 9.60228 5.87782 0 0 1 -44.4708 -39.9208 -36.5734 0 0 0 0 0 0 0 0 2.11546 6.531 0 746.017 
0.00403883463737424609 0.662359 0 156600 59.8262 11.3032 7.22898 0 121.8411 121.778 -3.77978 1.04687 0 0 0 0 0 0 0 0 1.98064 3.31914 107.679 196.989 
0.00405518440500872782 0.628245 0 176147 59.5084 11.2572 7.17902 0 69.84561 47.1774 -48.8931 -16.1915 0 0 0 0 0 0 0 0 6.17182 18.5764 3.31328 202.173 
0.00405518440500872782 0.99465 0 184514 59.5604 11.2727 7.19576 0 191.8811 191.641 9.48096 1.48915 0 0 0 0 0 0 0 0 2.91693 10.7747 0 74.947 
0.00407901249404022965 0.26221 0 85265 0.590318 11.1912 7.10869 0 127.3511 -5.02612 -121.784 -36.9012 0 0 0 0 0 0 0 0 8.60232 18.7812 402.15 2306.79 
0.00407901249404022965 0.51679 0 147276 58.7407 11.184 7.10104 0 101.4021 40.6639 45.0003 -81.2633 0 0 0 -0 0 0 0 -0 8.39832 25.7354 266.386 367.479 
0.00409934527034374382 0.375601 0 52253 57.7001 11.0561 6.96943 0 101.2471 -77.9387 39.7737 50.9359 0 0 0 0 0 0 0 0 4.56178 9.90611 1.53954 26.844 
0.00412184591861276556 0.997939 0 179664 56.8427 10.9428 6.85764 0 227.8551 -227.619 -1.39569 10.2624 0 0 0 0 0 0 0 0 8.90297 22.7093 0 147.539 
0.00414494762042764454 1.31906 0 134142 56.2477 10.8703 6.78849 0 194.6731 -53.3605 175.591 64.9482 0 0 0 0 0 0 0 0 1.32903 9.37526 0 23.3313 
0.0041683094369849771 0.268291 0 13642 0.140539 10.7896 6.71367 0 177.2431 -92.8597 69.8688 -133.83 0 -0 0 0 0 -0 0 0 9.23721 18.1752 175.593 1096.66 
0.0041683094369849771 0.683859 0 128897 55.4251 10.7541 6.68148 0 130.6261 100.429 -65.1766 52.24 0 0 0 0 0 0 0 0 9.51796 27.1339 0 126.576 
0.00419496357879465143 0.257731 1 0 0 10.6501 6.5898 0 0 1 -64.7857 -6.37168 -29.6289 1 -64.8258 7.90538 -32.4596 0 0 0 -0 8.49809 16.3656 149.356 1241.27 
0.00421516847094874619 0.172456 1 0 0 10.6164 6.56097 0 0 1 67.0849 85.5893 -86.2713 1 73.791 87.4575 -79.1442 0 0 0 0 10.1331 18.2133 2005.82 2946.39 
0.00421516847094874619 0.265389 0 28748 0.259615 10.612 6.55725 0 111.5211 -42.1625 -36.6854 -96.5061 0 -0 0 0 0 -0 0 0 7.14244 19.4533 1113.24 2085.13 
0.00425703851796053762 0.143756 0 37483 0.166177 10.6267 6.56972 0 263.3021 262.34 -20.6527 -8.90951 0 0 0 -0 0 0 0 -0 9.74954 17.604 1416.03 3318.73 
0.00425703851796053762 0.364066 0 75494 0.658068 10.4812 6.45004 0 221.341 -45.5097 -43.9698 212.101 0 -0 0 0 0 -0 0 0 10.1836 22.458 450.287 931.333 
0.00427476216211710846 0.209812 0 77606 0.204633 10.6031 6.54981 0 234.0231 176.044 -149.861 36.2893 0 0 0 0 0 0 0 0 6.01151 13.1293 1991.53 3096.04 
0.00427476216211710846 0.265297 0 44453 51.9633 10.6496 6.58936 0 135.531 -131.367 32.8729 5.52028 0 0 0 0 0 0 0 0 8.31618 15.9677 118.592 1130.05 
0.00428949933103271903 0.204851 0 154047 0.119929 10.6508 6.59034 0 152.8781 113.769 -99.3 -23.8301 0 0 0 0 0 0 0 0 6.54988 13.96 1588.13 2320.63 
0.00428949933103271903 0.469558 0 194166 51.865 10.6424 6.58316 0 204.9331 171.391 14.2558 -111.443 0 0 0 0 0 0 0 0 4.75761 17.1084 63.1983 102.732 
0.00431142533668969069 0.216909 0 74245 51.1709 10.6492 6.58903 0 244.6621 146.14 -133.518 -143.79 0 0 0 0 0 0 0 0 8.80964 16.9152 946.795 2571.73 
0.00431142533668969069 0.257221 1 165646 52.3922 9.18781 7.99728 0 0 1 -1.63461 1.57275 2.12638 0 0 0 0 0 0 0 0 9.26703 15.9517 497.467 1437.54 
0.00437073663614969896 0.0330986 1 56191 0 8.90057 7.74656 0 0 1 1.01273 0.346979 0.790334 0 0 0 0 0 0 0 0 14.673 25.2425 3388.74 6033.52 
0.00437073663614969896 0.163216 0 54190 49.2892 10.7083 6.64067 0 242.5221 -134.431 -100.034 175.324 0 0 0 0 0 0 0 0 14.673 25.2425 3388.74 6033.52 
0.00437073663614969896 0.233653 0 161343 0.22334 10.7397 6.66861 0 152.1821 106.195 99.5009 44.5154 0 0 0 0 0 0 0 0 15.3611 29.4311 134.319 738.689 
0.00437073663614969896 0.284402 0 89578 49.7995 10.71 6.64215 0 29.08641 -15.1521 -0.602153 -24.8208 0 -0 0 0 0 -0 0 0 15.3611 29.4311 134.319 738.689 
0.00437073663614969896 0.644799 0 27716 0.10556 8.78313 7.64398 0 01 0 0 0 0 0 0 0 0 0 0 0 12.0085 38.0193 21.3009 49.5943 
0.00437073663614969896 1.86804 0 185627 50.0487 10.6863 6.62126 0 166.0281 -137.739 -71.3138 59.227 0 0 0 0 0 0 0 0 7.40071 24.147 0 0 
0.00438813249155510249 0.569062 0 116262 49.0266 10.7098 6.64199 0 151.451 -17.6281 59.2493 -138.26 0 -0 0 0 0 -0 0 0 12.3244 31.4693 422.321 630.457 
0.00438813249155510249 0.968437 0 162029 49.042 10.7103 6.64243 0 124.1191 66.7742 98.0436 36.5275 0 0 0 0 0 0 0 0 3.85623 23.1939 1.43958 16.2626 
0.00439226856943274527 0.500606 0 157557 48.6908 10.6879 6.62263 0 167.6231 40.1921 -145.567 -72.7487 0 0 -0 0 0 0 -0 0 1.01772 3.1051 0 0 
0.00439226856943274527 0.592849 0 99846 48.7235 10.6894 6.62403 0 169.1591 167.447 17.9873 -15.8878 0 0 0 0 0 0 0 0 1.76252 2.92274 0 0 
0.00440179683412444261 0.681648 0 164882 0.47918 11.3205 7.24794 0 183.8641 -100.488 129.696 -82.988 0 0 0 -0 0 0 0 -0 6.89998 13.8079 0 120.517 
0.0044260552062421717 0.151747 0 183290 48.3797 10.6663 6.60382 0 203.4251 -44.9182 189.294 -59.4296 0 0 0 -0 0 0 0 -0 10.2799 18.5746 2023.6 5516.39 
0.0044260552062421717 0.294766 0 62226 48.302 10.6577 6.59631 0 88.14261 87.6641 0.434974 9.16148 0 0 0 0 0 0 0 0 9.71007 20.6586 423.392 1313.4 
0.00445957104170197766 0.209214 0 45741 0.406824 10.5174 6.47915 0 214.0121 122.377 -174.786 -16.5772 0 0 0 0 0 0 0 0 10.5146 22.1512 3250.27 4843.39 
0.00445957104170197766 0.256717 1 9114 0 10.1173 6.18183 0 0 1 41.2213 -139.059 116.69 0 0 0 0 0 0 0 0 10.1654 23.8027 1466.48 2524.01 
0.00445957104170197766 0.50393 1 183715 0 8.4799 7.379 0 0 2 -0.168479 -1.87039 -0.511374 0 -0 0 0 0 -0 0 0 8.68762 27.074 422.17 558.601 
0.00448850644946317042 0.130131 0 953 0.110935 10.3828 6.37319 0 176.8931 -118.802 -93.1111 -92.2377 0 -0 0 0 0 -0 0 0 9.41301 19.1751 1232.37 2661.9 
0.00448850644946317042 0.138827 0 55710 0.446533 10.5661 6.51897 0 242.1851 237.905 24.2122 38.3183 0 0 0 0 0 0 0 0 9.41301 19.1751 1232.37 2661.9 
0.00448850644946317042 1.38072 0 139943 46.444 10.5502 6.50595 0 145.9891 -131.263 -43.9014 -46.4274 0 0 0 -0 0 0 0 -0 6.99202 15.3354 0 29.7288 
0.00448850644946317042 2.88071 0 177060 46.786 10.5649 6.51798 0 132.761 117.343 40.8529 -46.7624 0 0 0 0 0 0 0 0 0 2.97608 0 0 
0.00451884432687678188 0.320572 0 144755 46.2284 10.5339 6.4926 0 142.5961 35.4293 138.107 -2.23753 0 0 0 -0 0 0 0 -0 10.001 24.2566 84.8733 483.95 
0.00453276032514437696 0.872878 0 37829 45.571 10.4988 6.46415 0 226.1861 -224.246 27.6613 -10.4368 0 0 0 0 0 0 0 0 3.45366 12.2327 0 0 
0.00453276032514437696 1.44972 0 63181 45.5723 10.4943 6.46057 0 224.3821 -105.061 -27.8157 196.305 0 0 0 0 0 0 0 0 0 2.91364 0 0 
0.00453276032514437696 2.35201 0 194155 45.6927 10.4999 6.46507 0 216.3871 -147.879 -35.1369 154.015 0 0 0 0 0 0 0 0 0 7.19049 0 0 
0.00454919066520761452 0.34324 0 58596 45.3218 10.4607 6.43377 0 124.0161 95.4566 34.4628 -71.2762 0 0 0 -0 0 0 0 -0 8.60921 21.5513 235.328 454.375 
0.00454919066520761452 0.35332 0 65477 45.4948 10.4964 6.46228 0 46.44311 34.927 2.7642 30.4866 0 0 0 0 0 0 0 0 8.60921 21.5513 235.328 454.375 
0.00454919066520761452 0.431012 0 60170 45.2368 10.4882 6.45567 0 96.51271 -88.0872 -35.3496 -17.4857 0 -0 0 0 0 -0 0 0 6.45952 18.4761 0 137.99 
0.00454919066520761452 1.60816 0 146828 45.4911 10.4945 6.46069 0 100.0271 34.4719 -29.4243 89.1696 0 0 0 0 0 0 0 0 0 7.99992 0 0 
0.00457216878347310902 0.444813 0 85683 44.9658 10.4654 6.43756 0 203.2181 201.664 3.64987 -24.8134 0 0 0 0 0 0 0 0 11.2357 26.7392 58.897 171.893 
0.0046035378406957296 0.848723 0 120626 44.1948 10.3949 6.38249 0 71.59621 50.0704 -36.8664 35.4941 0 0 0 0 0 0 0 0 1.70754 8.48228 0 0 
0.0046273509973089981 0.311693 0 141955 0.310203 10.3721 6.36506 0 74.75041 51.8694 49.7881 20.453 0 0 0 0 0 0 0 0 5.85451 14.3069 502.789 1188.1 
0.0046273509973089981 0.729283 0 35366 43.6827 10.3812 6.37194 0 126.4321 126.345 4.65355 -0.560424 0 0 0 0 0 0 0 0 2.16391 10.8697 0 0 
0.00464948614645550873 0.304436 0 68583 43.541 10.3473 6.34628 0 183.1051 151.495 -102.836 -1.22372 0 0 -0 0 0 0 -0 0 6.7943 17.0493 0 347.511 
0.00464948614645550873 0.306186 0 83883 43.4998 10.3425 6.34265 0 84.57411 -55.2476 24.8112 -59.033 0 0 0 -0 0 0 0 -0 6.7943 17.0493 0 347.511 
0.00464948614645550873 0.659458 0 150523 43.4831 10.3397 6.34055 0 149.2961 -14.7922 146.176 26.5114 0 0 0 0 0 0 0 0 7.88195 20.9975 151.954 151.954 
0.00464948614645550873 0.745705 0 85753 43.43 10.336 6.33774 0 113.1851 79.9118 80.1549 0.441818 0 0 0 0 0 0 0 0 4.50442 11.3127 0 41.7963 
0.00464948614645550873 1.55418 0 94719 43.369 10.3347 6.33675 0 136.5441 -24.0804 79.0503 108.699 0 0 0 0 0 0 0 0 0 10.9042 0 0 
0.00468414234368252306 0.554016 0 131772 9.80068 10.3206 6.32626 0 143.7081 64.7807 -104.436 -74.4887 0 0 0 0 0 0 0 0 11.6449 25.4463 28.8478 182.909 
0.00469497099232552353 0.216712 1 20900 0 8.23708 7.16684 0 0 1 0.520949 1.90184 2.01026 0 0 0 0 0 0 0 0 5.39261 12.523 818.018 1880.9 
0.00469497099232552353 2.03843 0 170070 42.6563 10.286 6.3007 0 85.10571 21.595 77.323 -28.2453 0 0 0 0 0 0 0 0 0 2.11902 0 0 
0.00473490010791193915 3.07732 0 197910 42.2259 10.2593 6.28126 0 65.25761 -20.0368 -60.3586 -14.6262 0 -0 0 0 0 -0 0 0 3.33733 3.33733 0 0 
0.00476755742718906923 0.122298 0 78974 3.01234 10.2022 6.24048 0 66.2021 51.7989 5.60186 40.8435 0 0 0 0 0 0 0 0 10.5647 19.6734 1070.02 3098.99 
0.00476755742718906923 0.917668 0 111014 41.6225 10.2068 6.24372 0 218.9891 213.68 -42.913 -21.3423 0 0 0 0 0 0 0 0 5.44107 14.5552 293.596 439.896 
0.00476755742718906923 3.41417 0 121054 41.5427 10.2062 6.24328 0 143.6951 131.823 -30.8197 48.1789 0 0 0 0 0 0 0 0 0 3.3586 0 0 
0.00480940654665249975 0.197215 1 0 0 10.161 6.2117 0 0 1 183.839 -6.82151 -26.4014 1 183.917 -10.3105 -24.9468 0 0 -0 0 12.2226 18.8615 1704.19 3371.9 
0.00480940654665249975 0.64981 0 122995 40.6661 10.1345 6.19353 0 97.75191 -13.6527 -64.3592 72.2975 0 0 0 0 0 0 0 0 13.7365 26.1462 99.3206 497.262 
0.00480940654665249975 1.04344 0 51605 40.827 10.1528 6.20606 0 169.9151 -20.1611 -140.979 -92.6802 0 -0 0 0 0 -0 0 0 6.3362 19.0475 0 80.0259 
0.00480940654665249975 3.03662 0 82477 40.9632 10.1598 6.21091 0 31.6991 30.125 9.34667 3.15397 0 0 0 0 0 0 0 0 0 3.17686 0 0 
0.00482270227421569778 0.235475 0 22499 40.4457 10.1247 6.18682 0 105.9061 -54.6597 -50.9303 75.0639 0 0 -0 0 0 0 -0 0 4.85944 11.6395 703.603 2001.65 
0.00482270227421569778 0.238187 1 0 0 10.1471 6.20214 0 0 1 89.6624 -78.139 -71.376 1 86.7654 -80.9726 -71.9097 0 0 -0 0 4.85944 11.6395 703.603 2001.65 
0.00482270227421569778 1.59444 0 189256 40.4504 10.1226 6.18546 0 123.4681 -113.104 31.5075 38.197 0 0 0 0 0 0 0 0 0 0 0 0 
0.00486308693248542912 2.6203 0 195207 39.8973 10.0849 6.16012 0 134.4831 59.8832 114.988 35.7417 0 0 0 0 0 0 0 0 0 5.25668 0 0 
0.00488430720049394442 1.05295 0 185827 39.6373 10.0532 6.13916 0 196.61 138.473 56.5878 -127.571 0 0 0 0 0 0 0 0 4.22138 16.9206 0 0 
0.00492781240594432953 0.195286 1 0 0 10.0329 6.12591 0 0 1 128.089 -2.77197 -8.39618 1 128.235 -4.66977 -5.52811 0 0 -0 0 12.0646 21.1328 3040.32 4218.69 
0.00492781240594432953 0.320614 0 50618 39.3718 10.035 6.12732 0 249.8671 135.496 -174.123 117.283 0 0 -0 0 0 0 -0 0 17.2718 32.3111 657.48 1544.18 
0.00492781240594432953 0.338776 0 36465 39.0862 10.0177 6.11612 0 180.7041 155.37 26.3475 88.4315 0 0 0 0 0 0 0 0 17.2718 32.3111 657.48 1544.18 
0.00492781240594432953 2.21706 0 191234 39.5368 10.0406 6.13092 0 94.33341 -49.5147 -35.3137 -72.1111 0 0 0 0 0 0 0 0 2.2193 8.82901 0 0 
0.00495796292128556065 2.14715 0 170525 38.7956 9.99509 6.10165 0 135.4311 -75.0974 9.84127 -112.273 0 0 0 -0 0 0 0 -0 0 2.17347 0 0 
0.00495796292128556065 2.16844 0 167586 38.5806 9.97492 6.08891 0 194.6551 110.631 139.86 78.0405 0 0 0 0 0 0 0 0 0 2.17347 0 0 
0.00499912723418345119 0.170558 0 79197 0.99314 9.76358 5.96347 0 216.8151 -56.371 36.25 206.197 0 0 0 0 0 0 0 0 10.3103 19.8799 1573.76 3313.4 
0.00499912723418345119 1.78896 0 159247 38.304 9.95145 6.07424 0 165.9811 -129.538 -20.6359 101.704 0 -0 0 0 0 -0 0 0 7.06213 19.2278 0 34.6896 
0.00503762228395457888 0.303925 0 36799 37.7695 9.92977 6.06085 0 154.4791 145.354 2.6202 52.2412 0 0 0 0 0 0 0 0 9.16308 18.8403 292.868 1108.18 
0.00503762228395457888 0.920183 0 159486 37.6837 9.91909 6.05431 0 84.19441 62.4121 -9.12888 -55.7683 0 0 -0 0 0 0 -0 0 2.76358 11.9527 0 0 
0.00503762228395457888 0.933846 0 87721 37.6852 9.91833 6.05385 0 210.2071 -39.8025 53.5736 -199.33 0 0 0 -0 0 0 0 -0 5.67338 22.7638 0 19.5929 
0.00509258483901425113 0.217816 0 32995 0.406824 9.70116 5.92929 0 112.6611 -105.477 26.2415 -29.6393 0 0 0 0 0 0 0 0 7.16704 14.2586 1479.14 2923.13 
0.00509258483901425113 0.236279 0 144496 36.8656 9.83085 6.00177 0 154.2221 140.811 -3.54107 -62.8022 0 0 -0 0 0 0 -0 0 7.16704 14.2586 1479.14 2923.13 
0.00509258483901425113 0.76087 0 162583 37.01 9.83379 6.00348 0 172.5541 154.39 46.2414 61.6473 0 0 0 0 0 0 0 0 5.34181 22.2766 150.797 276.955 
0.00509258483901425113 1.2537 0 169315 36.9321 9.82586 5.99888 0 121.681 118.594 -22.0405 15.9927 0 0 0 0 0 0 0 0 7.47754 12.4382 15.9357 227.427 
0.00513968268695949929 0.345224 0 62469 36.8054 9.82797 6.00011 0 159.6281 -68.0349 122.208 -76.9253 0 -0 0 0 0 -0 0 0 17.4494 35.9855 292.287 1013.97 
0.00513968268695949929 0.442075 0 58537 36.8577 9.82874 6.00055 0 212.1991 89.1721 16.2408 191.867 0 0 0 0 0 0 0 0 15.0038 36.1781 127.303 799.167 
0.00513968268695949929 1.39154 0 143944 36.4785 9.79247 5.97974 0 165.5911 -2.22425 -147.028 -76.1457 0 -0 0 0 0 -0 0 0 6.89453 31.9808 0 51.2692 
0.00513968268695949929 1.77564 0 149543 36.7563 9.82066 5.99588 0 251.1611 31.4132 81.7729 -235.389 0 0 0 0 0 0 0 0 3.4961 14.1246 96.6794 96.6794 
0.00517294327322659949 4.45872 0 198841 35.9894 9.73972 5.95026 0 198.8331 188.756 -35.376 -51.5176 0 0 0 -0 0 0 0 -0 0 3.92861 0 0 
0.00520593935132604609 0.0800253 0 52396 0 9.73248 5.94628 0 163.2491 -108.87 -112.681 45.8311 0 0 -0 0 0 0 -0 0 9.49545 20.6466 513.64 2262.15 
0.00520593935132604609 0.249659 0 8274 35.9089 9.73338 5.94677 0 229.6551 -129.181 -187.49 -30.0191 0 0 -0 0 0 0 -0 0 11.7077 26.3165 277.074 1246.56 
0.00520593935132604609 0.375579 0 90793 35.7125 9.72098 5.94001 0 146.3341 81.7168 94.8749 75.7277 0 0 0 0 0 0 0 0 11.3457 26.7852 323.303 925.055 
0.00520593935132604609 0.616209 0 128347 35.8955 9.73428 5.94727 0 171.181 -111.957 126.147 -29.2456 0 0 0 -0 0 0 0 -0 12.4242 30.3922 2.11526 234.928 
0.00520593935132604609 0.824185 0 186579 35.8192 9.74175 5.95137 0 169.391 71.4496 -152.925 -14.2099 0 0 0 -0 0 0 0 -0 8.22169 22.9977 33.7959 99.544 
0.0052278820959942799 0.319832 0 221783 0.129085 10.3151 6.32215 0 142.3821 85.7279 -112.464 -16.59 0 0 -0 0 0 0 -0 0 12.0032 21.8236 396.073 1330.06 
0.00527883954879718956 0.455896 0 191220 35.2742 9.6686 5.91198 0 314.5321 266.369 -16.1318 -166.486 0 0 0 -0 0 0 0 -0 14.4376 36.198 150.597 574.113 
0.00527883954879718956 0.494767 0 57393 35.2741 9.66859 5.91198 0 121.6241 58.6317 -102.082 30.5597 0 0 0 0 0 0 0 0 16.5451 37.4566 621.555 1202.36 
0.00527883954879718956 0.820843 0 165929 34.8882 9.6324 5.89315 0 167.0321 4.16595 163.604 33.4058 0 0 0 0 0 0 0 0 15.6764 40.3959 19.811 117.746 
0.00527883954879718956 1.28702 0 196116 35.192 9.65482 5.90476 0 240.9231 171.401 -146.237 -85.3247 0 0 0 0 0 0 0 0 11.5098 30.6747 0 131.412 
0.00527883954879718956 1.3581 0 87366 35.2759 9.67092 5.9132 0 199.8481 1.81821 -65.0737 -188.947 0 0 -0 0 0 0 -0 0 13.5791 35.3314 4.94948 8.40234 
0.00532353496999990548 2.04223 0 137507 34.7929 9.6297 5.89177 0 178.3041 -70.8234 61.622 151.588 0 0 0 0 0 0 0 0 1.98844 22.1562 0 0 
0.00536344527209971656 0.138775 1 0 0 9.59005 5.87168 0 0 1 -19.7588 -103.916 -53.1771 1 -27.5987 -105.203 -47.712 0 -0 0 0 11.6786 23.1866 1786.13 3108.53 
0.00536344527209971656 0.267235 0 38744 34.4193 9.59071 5.87202 0 152.1361 -21.2778 100.873 -111.88 0 0 0 -0 0 0 0 -0 11.8762 26.5811 600.805 1380.33 
0.00536344527209971656 0.716359 0 71669 34.3464 9.5832 5.86827 0 175.2011 -28.0444 83.926 -151.212 0 -0 0 0 0 -0 0 0 10.8965 32.7002 2.00753 60.0502 
0.00544192673074687158 0.465025 0 17420 33.4215 9.50552 8.27382 0 01 -0 0 0 0 -0 0 0 0 -0 0 0 20.2096 43.0834 0 454.266 
0.00544192673074687158 2.63737 0 195542 33.3682 9.49247 8.26247 0 01 0 0 -0 0 0 0 -0 0 0 0 -0 0 15.9784 0 0 
0.00549645610749098425 0.22042 0 138555 33.057 9.45361 8.22863 0 01 0 0 0 0 0 0 0 0 0 0 0 12.16 25.3847 2161.31 3186.97 
0.00549645610749098425 0.758306 0 140577 33.135 9.45814 8.23255 0 01 0 0 0 0 0 0 0 0 0 0 0 9.81877 33.1945 0 189.616 
0.00549645610749098425 1.18391 0 149405 33.1739 9.46252 8.23637 0 01 -0 0 0 0 -0 0 0 0 -0 0 0 3.52144 23.6276 0 95.1101 
0.00553961648221289616 0.200771 0 41308 32.768 9.43015 8.20823 0 01 0 -0 0 0 0 -0 0 0 0 -0 0 12.5919 24.0432 1268.03 2135.04 
0.00559142166683624254 0.445825 0 107151 32.3059 9.36811 8.1542 0 01 0 0 0 0 0 0 0 0 0 0 0 14.7666 39.5976 294.161 552.549 
0.00559142166683624254 0.547162 0 121925 32.1195 9.35139 8.13963 0 01 0 0 0 0 0 0 0 0 0 0 0 14.3549 39.2311 22.1271 296.15 
0.00559142166683624254 0.613444 0 30052 32.4488 9.3801 8.16461 0 01 -0 0 0 0 -0 0 0 0 -0 0 0 16.3756 39.3972 135.699 324.855 
0.00559142166683624254 1.48515 0 176355 32.2815 9.36816 8.15424 0 01 0 0 -0 0 0 0 -0 0 0 0 -0 10.5542 33.1235 0 12.3364 
0.00563219364504159974 1.07939 0 139792 31.9889 9.34199 8.13144 0 01 -0 0 0 0 -0 0 0 0 -0 0 0 5.43345 23.9597 0 63.7908 
0.00567188519878050225 0.150968 0 15422 31.4974 9.27782 8.07553 0 01 0 0 -0 0 0 0 -0 0 0 0 -0 12.9983 22.926 1225.46 2706.49 
0.00567188519878050225 0.371091 0 109173 31.5459 9.29944 8.09437 0 01 0 0 0 0 0 0 0 0 0 0 0 12.1296 26.649 302.656 532.32 
0.00567188519878050225 0.597701 0 55686 31.4713 9.27173 8.07023 0 01 -0 0 0 0 -0 0 0 0 -0 0 0 18.9575 41.4812 432.517 600.266 
0.00567188519878050225 2.50756 0 194863 31.5906 9.3034 8.09782 0 01 0 0 0 0 0 0 0 0 0 0 0 0 2.47338 0 0 
0.00573057230299494486 0.307697 0 154920 31.2574 9.25203 8.05305 0 01 0 0 -0 0 0 0 -0 0 0 0 -0 18.0919 37.9387 821.636 2972.29 
0.00573057230299494486 0.315875 1 204434 0 10.3203 6.32607 0 0 2 99.5727 -52.6265 -22.5772 0 0 0 0 0 0 0 0 18.0919 37.9387 821.636 2972.29 
0.00573057230299494486 0.420106 0 277849 0.41615 9.12973 7.94644 0 01 0 -0 0 0 0 -0 0 0 0 -0 0 18.4864 44.3458 679.397 1041.04 
0.00573057230299494486 0.68596 0 66897 31.2341 9.24627 8.04803 0 01 0 0 0 0 0 0 0 0 0 0 0 11.6179 35.6103 129.874 453.763 
0.00573057230299494486 1.16321 0 184947 31.2345 9.24666 8.04838 0 01 0 0 0 0 0 0 0 0 0 0 0 10.3689 31.1262 0 16.3934 
0.00574442720183324183 0.401435 0 34930 0.258245 9.23789 8.04072 0 01 0 0 0 0 0 0 0 0 0 0 0 6.28457 16.5108 251.846 433.121 
0.00577234794988455008 0.380793 0 52314 30.7935 9.20578 8.01274 0 01 0 -0 0 0 0 -0 0 0 0 -0 0 6.20176 20.354 141.7 289.624 
0.00577234794988455008 0.45416 0 235075 0.0941299 9.19174 8.0005 0 01 0 0 0 0 0 0 0 0 0 0 0 11.1844 24.6603 38.1827 192.419 
0.00577234794988455008 0.462922 0 30458 30.8936 9.21204 8.0182 0 01 0 0 0 0 0 0 0 0 0 0 0 11.1844 24.6603 38.1827 192.419 
0.00577234794988455008 1.33347 0 79775 30.7969 9.20736 8.01412 0 01 0 0 0 0 0 0 0 0 0 0 0 2.69432 13.4005 0 0 
0.00577234794988455008 2.04449 0 177987 30.7625 9.20005 8.00774 0 01 0 0 0 0 0 0 0 0 0 0 0 6.12639 16.4401 0 0 
0.0058288392397213909 0.25715 0 19678 30.5204 9.18752 7.99683 0 01 0 0 0 0 0 0 0 0 0 0 0 13.6319 30.4512 307.204 1762.01 
0.0058288392397213909 0.262699 0 26774 30.6602 9.18735 7.99668 0 01 -0 0 0 0 -0 0 0 0 -0 0 0 13.6319 30.4512 307.204 1762.01 
0.0058288392397213909 0.490045 0 89901 30.3874 9.15571 7.96909 0 01 0 0 0 0 0 0 0 0 0 0 0 24.431 41.9087 181.56 565.534 
0.0058288392397213909 0.623195 0 59481 30.6952 9.19597 8.00419 0 01 0 0 -0 0 0 0 -0 0 0 0 -0 17.7402 39.6298 156.175 497.228 
0.0058288392397213909 1.02664 0 132704 30.5626 9.17531 7.98619 0 01 0 0 0 0 0 0 0 0 0 0 0 10.3335 28.9939 0 4.99733 
0.0058288392397213909 1.13926 0 169885 30.6318 9.18192 7.99192 0 01 0 0 0 0 0 0 0 0 0 0 0 8.97902 33.6755 0 1.47029 
0.0058288392397213909 1.78693 0 194475 30.6804 9.19251 8.00118 0 01 0 0 -0 0 0 0 -0 0 0 0 -0 3.61422 34.3945 0 0 
0.00586625656625083033 2.25233 0 183892 30.1223 9.12636 7.94351 0 01 0 0 0 0 0 0 0 0 0 0 0 4.42349 13.4884 17.8999 17.8999 
0.00597470692459502791 0.169776 0 43108 0.299342 9.12865 7.9455 0 01 0 0 0 0 0 0 0 0 0 0 0 20.9855 36.1246 1393.36 2379.21 
0.00597470692459502791 0.575759 0 86949 29.7502 9.0996 7.92018 0 01 0 0 0 0 0 0 0 0 0 0 0 23.4454 69.8418 114.465 506.065 
0.00597470692459502791 0.59017 0 48688 0.0999055 9.08386 7.90645 0 01 0 0 0 0 0 0 0 0 0 0 0 23.4454 69.8418 114.465 506.065 
0.00597470692459502791 0.609285 0 129259 0.758283 9.10165 7.92196 0 01 0 0 0 0 0 0 0 0 0 0 0 28.7777 72.9166 283.212 730.791 
0.00597470692459502791 0.848938 0 153147 29.442 9.06083 7.88636 0 01 -0 0 0 0 -0 0 0 0 -0 0 0 30.403 64.955 50.5759 718.135 
0.00597470692459502791 1.20897 0 27397 30.0313 9.13066 7.94724 0 01 0 0 0 0 0 0 0 0 0 0 0 21.5347 63.2483 327.311 519.806 
0.00597470692459502791 1.2686 0 154589 30.0242 9.1257 7.94291 0 01 0 0 0 0 0 0 0 0 0 0 0 21.5596 64.5827 0 262.416 
0.00602978514973448107 0.491276 0 6292 29.1038 9.03048 7.85988 0 01 0 -0 0 0 0 -0 0 0 0 -0 0 19.4443 53.2383 743.213 1149.59 
0.00602978514973448107 0.623265 0 19650 29.1244 9.04034 7.86848 0 01 0 0 0 0 0 0 0 0 0 0 0 17.7682 40.5659 4.97011 255.911 
0.00602978514973448107 0.777473 0 152125 29.2841 9.0345 7.86338 0 01 0 -0 0 0 0 -0 0 0 0 -0 0 17.7082 42.3816 0 334.794 
0.00602978514973448107 0.814558 1 95010 0 9.03976 7.86798 0 0 1 -0.00332889 0.0253181 0.0257586 0 0 0 0 0 0 0 0 19.6887 48.4318 15.9822 274.045 
0.00608975100474551737 0.402822 0 29137 28.8047 8.97533 7.81174 0 01 0 0 0 0 0 0 0 0 0 0 0 19.0475 43.1642 693.816 1568.61 
0.00608975100474551737 0.936412 0 161709 0 12.4934 8.78472 0 105.2011 -21.5723 -40.9125 -94.4886 0 0 -0 0 0 0 -0 0 17.5524 39.7732 0 557.409 
0.00608975100474551737 0.968692 0 126118 28.7826 8.96243 7.80049 0 01 0 0 0 0 0 0 0 0 0 0 0 11.801 35.3544 68.4708 99.4889 
0.00608975100474551737 1.13152 0 179360 28.9337 8.99131 7.82568 0 01 0 -0 0 0 0 -0 0 0 0 -0 0 18.1179 39.6623 0 167.318 
0.00608975100474551737 1.29557 0 54359 28.9575 9.00006 7.83331 0 01 0 0 -0 0 0 0 -0 0 0 0 -0 10.5031 45.8907 0 12.9591 
0.00608975100474551737 1.8612 0 185079 29.0216 9.01677 7.84789 0 01 0 0 0 0 0 0 0 0 0 0 0 5.64388 22.5786 20.3035 20.3035 
0.00614465728939230741 0.300109 0 55732 0.136497 8.7599 7.62369 0 01 0 -0 0 0 0 -0 0 0 0 -0 0 13.1466 26.1585 177.784 687.497 
0.00614465728939230741 0.406796 0 23097 0.0924734 8.97697 7.81318 0 01 0 -0 0 0 0 -0 0 0 0 -0 0 21.6211 42.3853 141.611 1042.34 
0.00614465728939230741 0.78429 0 61856 28.5407 8.95278 7.79207 0 01 0 -0 0 0 0 -0 0 0 0 -0 0 12.7165 38.2892 5.49463 235.851 
0.00614465728939230741 2.43709 0 162556 28.4539 8.94721 7.78721 0 01 0 0 0 0 0 0 0 0 0 0 0 9.56372 21.6064 0 128.64 
0.00620937754502806291 0.196121 1 6219 0 8.91499 7.75908 0 0 1 -0.0103632 0.00873834 0.013523 0 0 0 0 0 0 0 0 13.5731 28.5394 863.289 1745 
0.00620937754502806291 0.701019 0 39238 28.202 8.91258 7.75698 0 01 0 -0 0 0 0 -0 0 0 0 -0 0 11.187 34.9402 0 190.51 
0.00620937754502806291 0.748321 0 99537 28.3536 8.93401 7.77568 0 01 0 0 0 0 0 0 0 0 0 0 0 12.7485 38.9943 0 60.8461 
0.00620937754502806291 1.15887 0 193763 28.3885 8.92976 7.77196 0 01 0 0 0 0 0 0 0 0 0 0 0 11.7218 39.8226 0 20.0103 
0.00620937754502806291 1.67778 0 67839 28.2831 8.92452 7.7674 0 01 0 0 -0 0 0 0 -0 0 0 0 -0 16.902 33.7744 4.48779 26.2398 
0.00620937754502806291 1.75409 0 106288 28.3056 8.92852 7.77089 0 01 0 0 -0 0 0 0 -0 0 0 0 -0 8.78645 38.6438 0 44.6452 
0.00620937754502806291 1.8533 0 185355 28.3386 8.93215 7.77405 0 01 -0 0 0 0 -0 0 0 0 -0 0 0 10.9152 25.4509 0 0 
0.00627650896696921399 0.118251 0 214347 0.283967 10.1185 6.18263 0 95.48171 10.309 88.2715 34.9087 0 0 0 0 0 0 0 0 16.1326 31.2696 780.517 1893.67 
0.00627650896696921399 0.205222 0 41160 28.0132 8.91342 7.7577 0 01 0 0 -0 0 0 0 -0 0 0 0 -0 16.1326 31.2696 780.517 1893.67 
0.00627650896696921399 0.542493 0 73589 27.9947 8.90796 7.75294 0 01 0 0 0 0 0 0 0 0 0 0 0 21.5783 46.9821 0 938.299 
0.00627650896696921399 0.556122 0 171631 28.0086 8.90864 7.75354 0 01 0 0 -0 0 0 0 -0 0 0 0 -0 20.4044 48.7577 25.1633 793.869 
0.00627650896696921399 0.564382 0 86890 27.8716 8.87797 7.72677 0 01 0 0 0 0 0 0 0 0 0 0 0 20.4044 48.7577 25.1633 793.869 
0.00627650896696921399 0.740379 0 129944 28.0037 8.9098 7.75454 0 01 0 -0 0 0 0 -0 0 0 0 -0 0 14.2859 45.1639 339.925 425.012 
0.00627650896696921399 1.21055 0 185527 27.9668 8.89865 7.74481 0 01 0 0 0 0 0 0 0 0 0 0 0 10.8496 42.1846 0 141.918 
0.00627650896696921399 2.5487 0 132710 27.7405 8.86245 7.71322 0 01 0 0 0 0 0 0 0 0 0 0 0 2.6052 25.2933 0 0 
0.00642863180530984547 0.193949 0 61838 27.3392 8.82702 7.68229 0 01 0 0 -0 0 0 0 -0 0 0 0 -0 21.3476 44.8507 976.383 2603.01 
0.00642863180530984547 0.498733 0 283525 0.299989 12.398 8.64132 0 85.23211 72.0937 45.0238 6.31402 0 0 0 0 0 0 0 0 30.1275 74.1182 101.745 550.372 
0.00642863180530984547 0.630177 1 18064 0 8.82738 7.68261 0 0 1 0.00690056 0.0170601 -0.0163648 0 0 0 -0 0 0 0 -0 34.3677 86.3658 850.295 1087.79 
0.00642863180530984547 0.714049 0 141353 27.2499 8.8144 7.67127 0 01 0 0 0 0 0 0 0 0 0 0 0 30.3228 71.9069 68.1006 949.829 
0.00642863180530984547 0.761402 0 89495 27.5396 8.84338 7.69656 0 01 0 0 -0 0 0 0 -0 0 0 0 -0 27.9919 78.5386 347.029 454.366 
0.00642863180530984547 0.857152 0 81542 27.2419 8.81714 7.67366 0 01 0 0 0 0 0 0 0 0 0 0 0 23.9481 67.6882 153.72 596.635 
0.00642863180530984547 1.20333 0 129927 27.4288 8.81941 7.67565 0 01 0 0 0 0 0 0 0 0 0 0 0 33.8888 78.643 172.175 630.566 
0.00642863180530984547 1.60282 0 181037 27.2189 8.79574 7.65498 0 01 -0 0 0 0 -0 0 0 0 -0 0 0 22.2389 55.6232 14.5212 31.7392 
0.00642863180530984547 1.67707 0 187038 27.069 8.79427 7.6537 0 01 0 0 0 0 0 0 0 0 0 0 0 22.2708 58.0754 189.786 409.185 
0.00642863180530984547 1.94162 0 149264 27.311 8.82399 7.67965 0 01 0 -0 0 0 0 -0 0 0 0 -0 0 13.9756 43.7312 0 59.5321 
0.00642863180530984547 2.0601 0 166801 27.6131 8.85185 7.70397 0 01 0 0 0 0 0 0 0 0 0 0 0 10.3697 37.4293 0 7.69703 
0.00659052154699667301 0.0664392 0 145174 26.2275 8.71056 7.58058 0 01 -0 0 0 0 -0 0 0 0 -0 0 0 25.8515 47.7815 771.458 2666.78 
0.00659052154699667301 0.255326 0 89672 26.1819 8.69587 7.56774 0 01 0 0 0 0 0 0 0 0 0 0 0 25.8515 47.7815 771.458 2666.78 
0.00659052154699667301 0.328252 0 9348 35.2741 8.98539 7.82053 0 01 0 0 0 0 0 0 0 0 0 0 0 35.1312 61.5469 1399.36 2421.18 
0.00659052154699667301 0.533602 0 125335 26.327 8.72242 7.59094 0 01 0 0 0 0 0 0 0 0 0 0 0 30.765 79.5609 29.509 1016.56 
0.00659052154699667301 0.596023 0 18681 26.3216 8.71744 7.58659 0 01 0 0 0 0 0 0 0 0 0 0 0 37.0691 94.4534 491.427 740.777 
0.00659052154699667301 0.60865 0 49516 26.5959 8.74802 7.61331 0 01 0 0 0 0 0 0 0 0 0 0 0 37.0691 94.4534 491.427 740.777 
0.00659052154699667301 0.738053 0 8327 26.2079 8.69856 7.57009 0 01 0 0 0 0 0 0 0 0 0 0 0 27.7432 78.936 42.5355 646.293 
0.00659052154699667301 1.24365 0 170681 26.196 8.69873 7.57024 0 01 0 0 -0 0 0 0 -0 0 0 0 -0 12.4779 61.3327 17.5785 48.9926 
0.00659052154699667301 1.40737 0 131361 26.4753 8.73678 7.60349 0 01 0 0 0 0 0 0 0 0 0 0 0 26.9016 74.8067 13.2238 241.617 
0.00659052154699667301 2.37976 0 195209 26.2463 8.71253 7.5823 0 01 0 0 -0 0 0 0 -0 0 0 0 -0 26.378 45.4769 0 166.618 
0.00673556199601168561 0.586473 0 77143 25.7174 8.65618 7.53307 0 01 0 0 0 0 0 0 0 0 0 0 0 28.6728 71.8327 224.442 470.272 
0.00673556199601168561 0.676417 0 131510 26.0311 8.67905 7.55305 0 01 0 0 0 0 0 0 0 0 0 0 0 31.3222 79.7734 105.237 659.857 
0.00673556199601168561 0.832887 0 60209 25.824 8.66102 7.5373 0 01 0 0 0 0 0 0 0 0 0 0 0 37.5538 78.5124 296.726 484.432 
0.00673556199601168561 0.896505 0 149828 25.8174 8.66701 7.54253 0 01 0 0 0 0 0 0 0 0 0 0 0 21.3788 83.6086 184.443 310.548 
0.00673556199601168561 1.08031 0 158284 26.0693 8.6778 7.55196 0 01 0 0 0 0 0 0 0 0 0 0 0 15.3071 62.0393 0 0 
0.00673556199601168561 1.32778 0 166175 25.6275 8.63765 7.51688 0 01 -0 0 0 0 -0 0 0 0 -0 0 0 21.1975 54.3422 96.4779 108.091 
0.00673556199601168561 1.328 0 75139 25.8884 8.66331 7.5393 0 01 0 0 0 0 0 0 0 0 0 0 0 21.1975 54.3422 96.4779 108.091 
0.00673556199601168561 1.81952 0 171637 26.0749 8.68612 7.55921 0 01 -0 0 0 0 -0 0 0 0 -0 0 0 16.4917 49.5624 61.5392 61.5392 
0.00689177286486572678 0.477131 0 112460 25.4119 8.61216 7.4946 0 01 0 0 -0 0 0 0 -0 0 0 0 -0 33.1577 76.9389 331.488 960.168 
0.00689177286486572678 0.574753 0 105386 25.5418 8.63555 7.51503 0 01 0 0 -0 0 0 0 -0 0 0 0 -0 35.5295 79.6991 375.622 993.529 
0.00689177286486572678 0.65455 0 243381 0.35327 8.46874 7.36926 0 01 0 0 0 0 0 0 0 0 0 0 0 34.8833 88.2365 451.299 1022.62 
0.00689177286486572678 1.35882 0 126498 25.4469 8.62156 7.50282 0 01 0 -0 0 0 0 -0 0 0 0 -0 0 23.2738 65.7885 0 70.0573 
0.00689177286486572678 1.75467 0 190546 25.1519 8.59963 7.48366 0 01 0 0 -0 0 0 0 -0 0 0 0 -0 23.0401 56.685 0 81.3533 
0.00689177286486572678 1.78612 0 165019 24.9833 8.57703 7.46391 0 01 0 0 0 0 0 0 0 0 0 0 0 23.0401 56.685 0 81.3533 
0.0069864855498152148 0.192276 0 63470 24.6264 8.55387 7.44368 0 01 0 0 0 0 0 0 0 0 0 0 0 17.1793 33.9687 1240.42 2578.67 
0.0069864855498152148 0.264375 0 140637 24.8446 8.5704 7.4581 0 01 0 0 0 0 0 0 0 0 0 0 0 17.1793 33.9687 1240.42 2578.67 
0.0069864855498152148 0.580594 0 185177 24.903 8.56319 7.4518 0 01 0 0 0 0 0 0 0 0 0 0 0 26.888 62.3907 747.32 1079.5 
0.0069864855498152148 0.845966 0 291629 0.159079 8.44136 7.34531 0 01 -0 0 0 0 -0 0 0 0 -0 0 0 19.3581 52.9695 175.686 374.169 
0.0069864855498152148 0.936645 0 87460 24.6284 8.54973 7.44006 0 01 0 -0 0 0 0 -0 0 0 0 -0 0 20.8535 54.9799 0 104.732 
0.0069864855498152148 1.5955 0 186121 24.8636 8.57106 7.45868 0 01 0 0 0 0 0 0 0 0 0 0 0 6.40077 25.6553 0 8.83804 
0.0069864855498152148 1.95051 0 163317 24.8582 8.57261 7.46004 0 01 0 0 0 0 0 0 0 0 0 0 0 9.61246 34.524 0 0 
0.0069864855498152148 2.57802 0 197303 24.8468 8.5708 7.45846 0 01 0 0 0 0 0 0 0 0 0 0 0 2.6398 33.979 0 0 
0.00714722107027420013 0.442024 0 77879 24.5368 8.53561 7.4277 0 01 0 0 -0 0 0 0 -0 0 0 0 -0 33.6328 81.9785 771.157 1458.76 
0.00714722107027420013 0.566719 0 144498 24.3374 8.51746 7.41186 0 01 0 0 0 0 0 0 0 0 0 0 0 30.3956 79.8635 836.274 1373.93 
0.00714722107027420013 0.61114 0 73656 24.4481 8.52413 7.41768 0 01 0 0 0 0 0 0 0 0 0 0 0 28.8633 64.4762 165.044 653.354 
0.00714722107027420013 0.938372 0 118226 24.3179 8.51798 7.41232 0 01 0 0 -0 0 0 0 -0 0 0 0 -0 32.2313 97.676 90.6317 177.522 
0.00714722107027420013 1.44136 0 187804 24.3237 8.51681 7.41129 0 01 0 0 0 0 0 0 0 0 0 0 0 20.3673 59.6606 120.752 120.752 
0.00714722107027420013 2.1897 0 165677 24.2251 8.50563 7.40151 0 01 0 0 0 0 0 0 0 0 0 0 0 10.8625 43.6847 0 20.6853 
0.00727961015978759521 0.390465 0 109592 0.141217 8.36475 7.52827 0 01 0 0 0 0 0 0 0 0 0 0 0 29.5967 60.8839 266.486 1161.9 
0.00727961015978759521 0.675078 0 77061 23.5 8.37853 7.54067 0 01 0 0 0 0 0 0 0 0 0 0 0 29.0295 74.0095 200.656 316.251 
0.00727961015978759521 0.745997 0 98258 23.7794 8.44093 7.59683 0 01 0 -0 0 0 0 -0 0 0 0 -0 0 26.0169 69.6272 59.8222 348.413 
0.00727961015978759521 0.822538 0 83813 23.7236 8.38804 7.54924 0 01 0 -0 0 0 0 -0 0 0 0 -0 0 31.1264 84.1637 175.801 408.453 
0.00727961015978759521 1.8277 0 96095 23.6268 8.33081 7.49773 0 01 -0 0 0 0 -0 0 0 0 -0 0 0 12.9077 44.2695 0 57.9852 
0.00750647036281644302 0.297742 0 215708 0 8.21944 7.15129 0 01 0 0 -0 0 0 0 -0 0 0 0 -0 39.5624 71.6153 868.031 2308.12 
0.00750647036281644302 0.583367 0 74516 23.4024 8.316 7.4844 0 01 0 0 0 0 0 0 0 0 0 0 0 43.8889 91.7807 527.786 982.473 
0.00775767974686284931 0.340251 0 57888 0.616512 10.5818 6.532 0 171.0471 -41.3611 -155.777 57.2705 0 0 0 0 0 0 0 0 44.3399 90.2918 1026.17 2014.72 
0.0080612076360501838 2.58096 0 139643 0 8.60302 7.48662 0 01 0 -0 0 0 0 -0 0 0 0 -0 0 13.0385 54.8481 0 35.5292 
0.00822728577899634397 0.288306 0 237316 0.576863 10.2346 6.26347 0 134.7971 -115.396 26.833 -64.2958 0 0 0 0 0 0 0 0 31.8187 64.1599 643.749 2085.93 
0.00861785662211353616 1.16101 0 196880 0.212719 8.40107 7.56096 0 01 -0 0 0 0 -0 0 0 0 -0 0 0 49.1773 130.553 55.4291 309.136 
0.00861785662211353616 1.20709 0 144527 0 10.4282 6.40828 0 166.7311 130.701 103.146 -8.80975 0 0 0 0 0 0 0 0 56.9976 139.371 181.554 580.453 
0.00861785662211353616 4.03013 0 208454 0.443433 9.14207 7.95721 0 01 0 0 0 0 0 0 0 0 0 0 0 12.8739 21.5605 0 0 
0.0121112483060905156 0.498263 0 39421 0.246358 8.7027 7.5737 0 01 0 0 0 0 0 0 0 0 0 0 0 76.2215 163.118 652.089 1682.07 
0.0135326613312027905 2.0605 0 204569 0.140382 8.72417 7.59247 0 01 -0 0 0 0 -0 0 0 0 -0 0 0 30.864 104.957 4.53839 50.0103 
0.0140156163240287221 2.01656 0 185677 49.6198 8.56706 7.45521 0 01 0 0 0 0 0 0 0 0 0 0 0 29.8268 101.566 0 216.373 
6.50058471496614754 0.0135871 1 0 0 8.9919 8.81443 0 0 0 0 0 0 0 0 0 0 0 0 0 0 24.8077 69.2911 54.4154 135.796 
6.56741892845546715 0.123502 1 0 0 9.72034 9.49132 0 0 0 0 0 0 0 0 0 0 0 0 0 0 46.2239 102.537 93.0933 253.053 
8.16333576761510571 0.017603 1 0 0 10.71 10.5102 0 0 0 0 0 0 0 0 0 0 0 0 0 0 39.7197 90.054 76.7708 193.269 
