#1:time #2:r #3.binary? #4:ID #5:zams_m #6:m_progenitor #7:bh mass #8:bh_spin #9:birth-kick(km/s) #10-25:vsarray
0.00110834665399543991 0.20994 0 48795 0.124853 64.2155 57.7939 0 01 0 -0 0 0 0 -0 0 0 0 -0 0 2.05863 4.5646 476.879 1805.92 
0.00111294854503351691 0.178574 1 62090 0 133.972 40.5 0 0 2 -0.0576575 0.0124998 -0.143667 0 -0 0 0 0 -0 0 0 2.25065 5.31709 376.639 913.664 
0.00111294854503351691 0.372156 0 61743 148.621 134.469 40.5 0 01 0 0 0 0 0 0 0 0 0 0 0 3.39711 7.93318 366.062 730.274 
0.00112210392390966075 0.450997 0 231111 131.501 61.0374 54.9337 0 01 0 0 0 0 0 0 0 0 0 0 0 3.61351 5.87616 0 0 
0.00112422330910294651 0.116187 1 73525 0 130.452 40.5 0 0 1 0.0103464 0.0155273 0.00163826 0 0 0 0 0 0 0 0 1.81075 3.19949 2286.37 4401.54 
0.00113384534437600002 0.272567 1 40380 0 125.558 40.5 0 0 1 -0.0196283 -0.108847 0.0112755 0 0 -0 0 0 0 -0 0 1.1327 3.34323 64.4383 64.4383 
0.00113848320032810353 0.662135 1 115717 0 122.837 40.5 0 0 1 -0.0160299 0.0151417 0.00491719 0 0 0 0 0 0 0 0 3.94621 7.22729 0 338.048 
0.00114079000783957299 1.19355 0 174558 126.594 121.227 40.5 0 01 0 0 0 0 0 0 0 0 0 0 0 0 3.62042 0 0 
0.00115499061913627681 0.578385 0 119279 118.641 114.121 40.5 0 01 -0 0 0 0 -0 0 0 0 -0 0 0 1.76075 4.11334 473.058 506.654 
0.00116266299472187092 0.799957 0 175727 0.289053 109.893 40.5 0 01 0 0 -0 0 0 0 -0 0 0 0 -0 3.20364 4.0036 0 249.358 
0.0011755511708468106 0.93434 0 188351 0.466528 105.028 40.5 0 01 0 0 0 0 0 0 0 0 0 0 0 0 1.86728 0 0 
0.00117795840769776726 0.0306433 1 10657 0 103.783 40.5 0 0 1 -0.00971176 -0.00973331 -0.010533 0 -0 0 0 0 -0 0 0 1.15722 2.54976 279.471 1664.2 
0.00117795840769776726 0.586761 0 92882 107.222 103.775 40.5 0 01 0 0 0 0 0 0 0 0 0 0 0 0.586761 2.95617 578.761 578.761 
0.00118401588518644765 0.577251 0 64926 104.991 101.731 40.5 0 01 0 0 0 0 0 0 0 0 0 0 0 1.13986 3.98012 0 49.5074 
0.0011851266579325343 1.73423 0 178115 104.318 101.113 40.5 0 01 0 0 0 0 0 0 0 0 0 0 0 1.69615 1.69615 0 0 
0.00118611140146385251 0.434125 0 48757 103.84 100.674 40.5 0 01 0 0 0 0 0 0 0 0 0 0 0 1.30889 3.04704 0 0 
0.00118611140146385251 0.773165 0 111187 103.99 100.813 40.5 0 01 0 0 0 0 0 0 0 0 0 0 0 0 2.35334 0 0 
0.00118611140146385251 1.21603 0 149723 103.931 100.758 40.5 0 01 0 0 0 0 0 0 0 0 0 0 0 0 1.21487 0 0 
0.00119173485826436915 0.0718054 1 34242 102.31 99.2715 40.5 0 0 1 -0.101245 -1.51223 -0.783544 0 0 0 0 0 0 0 0 1.99526 3.73741 1636.15 2459.58 
0.00120026616913235457 0.77632 1 9424 0 96.4182 41.0179 0 0 1 0.00165532 -0.0146996 0.000892302 0 0 0 0 0 0 0 0 0 0.77632 0 0 
0.00120511378440414782 0.180278 0 51333 0.125765 94.9517 39.7641 0 01 0 0 0 0 0 0 0 0 0 0 0 2.19317 4.73695 0 210.149 
0.00121480968387783226 1.1101 0 168168 93.8479 41.7557 37.5802 0 01 0 0 0 0 0 0 0 0 0 0 0 0 1.11994 0 0 
0.00121597336218308883 0.131051 1 61874 0 40.0104 36.0094 0 0 1 0.536968 0.155912 -0.382603 0 0 0 0 0 0 0 0 1.22305 3.12698 0 1633.18 
0.00122393929623492554 1.06624 0 167048 92.1791 89.8853 36.8991 0 01 -0 0 0 0 -0 0 0 0 -0 0 0 0 5.35315 0 0 
0.00122754279469731412 0.468402 0 150155 90.7141 40.1297 36.1168 0 01 0 0 0 0 0 0 0 0 0 0 0 1.83514 5.55637 0 0 
0.00122754279469731412 0.913741 0 136651 90.7845 40.1694 36.1524 0 01 0 0 0 0 0 0 0 0 0 0 0 2.73821 2.73821 0 0 
0.00124005012824017946 0.340913 0 24087 87.1549 38.3058 34.4752 0 01 0 0 0 0 0 0 0 0 0 0 0 1.67361 3.71047 74.1521 131.961 
0.00124005012824017946 1.85988 0 159815 87.188 38.3244 34.492 0 01 0 0 0 0 0 0 0 0 0 0 0 0 0 0 0 
0.00124296602853296015 2.06849 0 176205 86.732 38.0975 34.2877 0 01 0 0 0 0 0 0 0 0 0 0 0 4.18127 6.32498 0 0 
0.00124417166678691222 0.826821 0 147898 86.2269 37.8854 34.0968 0 01 0 0 0 0 0 0 0 0 0 0 0 0 0 0 0 
0.00124982091027595662 0.232288 0 78203 0.926187 37.2339 33.5105 0 01 -0 0 0 0 -0 0 0 0 -0 0 0 2.76719 7.02186 0 0 
0.00126772756331379813 0.804333 0 122627 80.8837 35.1242 31.6118 0 01 0 0 0 0 0 0 0 0 0 0 0 2.41924 3.24502 0 0 
0.00126948730264436912 0.132336 0 59411 0.0957583 35.0235 31.5211 0 01 0 0 -0 0 0 0 -0 0 0 0 -0 2.4755 4.29359 314.099 1382.98 
0.00127649763621648002 0.276265 0 161709 0.247056 35.8885 32.2997 0 01 0 -0 0 0 0 -0 0 0 0 -0 0 1.37192 3.87873 338.369 338.369 
0.00127933657526173999 1.2093 0 115918 78.7712 34.1903 30.7713 0 01 0 0 0 0 0 0 0 0 0 0 0 1.21521 3.69981 0 0 
0.00128300178068963965 0.692254 0 176470 78.0612 33.7644 30.388 0 01 0 0 -0 0 0 0 -0 0 0 0 -0 0.694692 2.07398 0 0 
0.00129028919044847689 1.91074 0 42429 77.2398 33.3043 29.9738 0 01 0 0 -0 0 0 0 -0 0 0 0 -0 0 1.91448 0 0 
0.0012980233035483498 0.304954 1 9114 0 32.6498 29.3848 0 0 1 0.00597192 -0.00473346 -0.024778 0 -0 0 0 0 -0 0 0 1.89761 5.06654 0 638.679 
0.0012980233035483498 1.34989 0 100809 75.8412 32.6512 29.3861 0 01 0 0 -0 0 0 0 -0 0 0 0 -0 0 1.34036 0 0 
0.00130030116711675209 0.811378 0 102311 75.0149 32.1992 28.9793 0 01 0 0 0 0 0 0 0 0 0 0 0 1.62012 5.69364 30.9256 30.9256 
0.00130681404956014798 0.157258 0 4485 0.11217 31.7611 28.585 0 01 0 0 0 0 0 0 0 0 0 0 0 1.50043 3.83144 1035.66 2100.99 
0.00131022279049858564 1.31193 0 152617 73.6069 31.5655 28.409 0 01 0 0 -0 0 0 0 -0 0 0 0 -0 0 3.94227 0 0 
0.00132453005506929372 1.19108 0 153939 71.4512 30.4438 27.3995 0 01 -0 0 0 0 -0 0 0 0 -0 0 0 0 1.21151 0 0 
0.00132860828012356042 1.00196 0 114706 70.8061 30.1706 27.1536 0 01 0 0 0 0 0 0 0 0 0 0 0 0 0 0 0 
0.00133753716970891551 0.343797 0 51259 69.5325 29.5361 26.5825 0 01 0 0 0 0 0 0 0 0 0 0 0 1.69515 6.21754 0 382.637 
0.00133753716970891551 2.09615 0 174664 69.4959 29.5897 26.6308 0 01 0 0 -0 0 0 0 -0 0 0 0 -0 2.1431 2.1431 0 0 
0.00134379080749208349 0.373906 0 24013 0.463799 29.1424 26.2281 0 01 0 0 0 0 0 0 0 0 0 0 0 1.8842 4.15283 390.609 458.869 
0.00135307459225603209 0.649511 0 111328 67.4826 28.5083 25.6575 0 01 0 0 0 0 0 0 0 0 0 0 0 0.654203 4.57193 0 0 
0.00135552579713327909 1.01731 0 121014 67.3249 28.5218 25.6697 0 01 0 0 0 0 0 0 0 0 0 0 0 0 4.10578 0 0 
0.00135552579713327909 2.66647 0 196871 67.4387 28.5394 25.6855 0 01 0 0 0 0 0 0 0 0 0 0 0 0 0 0 0 
0.00136490240203763656 0.640205 0 71530 66.0952 27.8379 25.0541 0 01 0 0 0 0 0 0 0 0 0 0 0 0.654476 3.27267 0 0 
0.00137124600041757701 1.49362 0 150382 65.3114 27.5492 24.7943 0 01 0 0 0 0 0 0 0 0 0 0 0 0 2.94207 0 0 
0.00137729545187225658 0.434226 0 88100 64.7006 27.1654 24.4489 0 01 0 0 -0 0 0 0 -0 0 0 0 -0 2.59647 4.7384 112.399 112.399 
0.00138023382741335964 0.330338 0 12700 64.3014 26.9745 24.2771 0 01 0 0 0 0 0 0 0 0 0 0 0 1.93364 6.42199 500.752 669.624 
0.00138023382741335964 0.536275 0 11010 64.4191 27.0583 24.3525 0 01 0 0 0 0 0 0 0 0 0 0 0 2.14087 5.35955 0 0 
0.00139016857606412132 1.12501 0 177308 63.2174 26.4533 23.8079 0 01 0 0 0 0 0 0 0 0 0 0 0 0 4.50932 0 0 
0.00139170577263138468 0.182647 0 37142 63.1007 26.5069 23.8562 0 01 0 0 -0 0 0 0 -0 0 0 0 -0 1.00359 3.28585 0 12.1374 
0.00139170577263138468 0.714878 0 25684 63.0733 26.3835 23.7452 0 01 -0 0 0 0 -0 0 0 0 -0 0 0 1.43778 1.43778 0 263.268 
0.00139376578894480959 1.30127 0 166865 62.8942 26.2999 23.6699 0 01 0 0 0 0 0 0 0 0 0 0 0 0 0 0 0 
0.00140717598819111562 0.140688 1 110778 0 25.6434 23.079 0 0 1 -0.000295741 -0.0253945 0.00902981 0 0 -0 0 0 0 -0 0 1.14251 2.46187 101.821 1969.15 
0.00140923189306108769 0.889193 0 25991 61.3019 25.5653 23.0088 0 01 0 0 0 0 0 0 0 0 0 0 0 1.75918 4.38231 0 0 
0.00140923189306108769 2.17955 0 181303 61.4273 25.6473 23.0826 0 01 -0 0 0 0 -0 0 0 0 -0 0 0 2.1932 2.1932 0 0 
0.00141041338494694531 1.19272 0 197790 61.1754 25.4676 22.9209 0 01 0 0 0 0 0 0 0 0 0 0 0 0 0 0 0 
0.00141200976093661676 1.06869 0 164435 61.1483 25.4627 22.9164 0 01 0 -0 0 0 0 -0 0 0 0 -0 0 0 2.09128 0 0 
0.00141735910857387903 0.712067 0 95702 60.5667 25.2002 22.6802 0 01 0 0 0 0 0 0 0 0 0 0 0 0.691282 2.08092 0 0 
0.00142087721348943216 0.474594 0 107024 60.5044 25.1714 22.6543 0 01 0 0 0 0 0 0 0 0 0 0 0 1.43012 6.19743 0 0 
0.00142515469114859266 0.700154 0 156600 59.8262 24.8696 22.3826 0 01 0 0 0 0 0 0 0 0 0 0 0 0.704603 0.704603 0 0 
0.0014300457655859126 1.29488 0 184514 59.5604 24.6403 22.1762 0 01 0 0 -0 0 0 0 -0 0 0 0 -0 1.29487 6.47978 0 0 
0.0014300457655859126 1.49234 0 176147 59.5084 24.6142 22.1528 0 01 -0 0 0 0 -0 0 0 0 -0 0 0 0 1.4843 0 0 
0.00143784986190138354 0.133755 0 85265 58.7173 24.2088 21.7879 0 01 0 0 0 0 0 0 0 0 0 0 0 1.53884 3.35593 53.537 1464.28 
0.00143784986190138354 0.336814 0 147276 58.7407 24.3248 21.8923 0 01 0 -0 0 0 0 -0 0 0 0 -0 0 1.63576 5.48951 41.7457 132.567 
0.00145052194248752875 0.357069 0 52253 57.7001 23.7671 21.3904 0 01 0 -0 0 0 0 -0 0 0 0 -0 0 2.83046 8.12777 53.1236 286.405 
0.0014602542489084375 0.741787 0 179664 56.8427 23.253 20.9277 0 01 -0 0 0 0 -0 0 0 0 -0 0 0 0 2.22358 0 0 
0.0014758252408103318 0.292254 0 13642 0 22.6926 20.4234 0 01 0 0 0 0 0 0 0 0 0 0 0 5.3074 11.8356 752.282 1215.59 
0.0014758252408103318 1.66729 0 134142 56.2477 22.9887 20.6899 0 01 0 0 0 0 0 0 0 0 0 0 0 0 6.71246 0 0 
0.00148234736547359991 0.0957934 0 211230 1.50089 124.46 40.5 0 01 0 0 -0 0 0 0 -0 0 0 0 -0 2.84275 4.82157 1601.65 3437.45 
0.00148234736547359991 0.345111 0 58352 55.3119 22.472 20.2248 0 01 0 -0 0 0 0 -0 0 0 0 -0 0 4.27504 11.0931 319.07 659.458 
0.00148234736547359991 0.937677 0 128897 55.4251 22.6068 20.3461 0 01 0 0 0 0 0 0 0 0 0 0 0 3.76929 6.59521 0 0 
0.00149037164644999671 0.283728 1 10715 0 22.2185 19.9967 0 0 1 0.00463462 0.00231054 -0.00480064 0 0 0 0 0 0 0 0 2.07356 8.35486 0 161.109 
0.00149704560505314107 0.16581 1 28748 0 22.0551 19.8496 0 0 2 -0.00488397 0.00301991 0.00042747 0 0 0 0 0 0 0 0 2.8295 6.38565 1642.75 2958.52 
0.00149704560505314107 0.184015 0 6409 0.398976 21.8578 19.672 0 01 0 0 0 0 0 0 0 0 0 0 0 2.08249 7.46411 2.50222 583.143 
0.00152068029074578395 0.0632128 0 111644 0.288998 21.0532 18.9479 0 01 0 0 0 0 0 0 0 0 0 0 0 3.33826 5.7908 1080.23 2057.22 
0.00152068029074578395 0.134568 0 37483 52.7163 21.1538 19.0384 0 01 0 0 0 0 0 0 0 0 0 0 0 3.33826 5.7908 1080.23 2057.22 
0.00152068029074578395 0.151295 0 75494 52.6861 21.1572 19.0415 0 01 0 0 0 0 0 0 0 0 0 0 0 3.33826 5.7908 1080.23 2057.22 
0.00152577205056350575 0.618783 1 77606 0 21.1007 18.9906 0 0 2 0.0042391 0.00444768 -0.00219284 0 0 0 -0 0 0 0 -0 1.23808 3.73307 0 139.144 
0.00152577205056350575 0.847605 1 165646 52.3922 21.1209 19.0088 0 0 1 -0.257322 0.855518 -3.97776 0 -0 0 0 0 -0 0 0 4.21293 5.91268 29.9268 73.1011 
0.00152969409643073499 0.155113 1 44453 0 20.8239 18.7415 0 0 1 -0.00362492 -0.00113586 0.000778006 0 0 0 0 0 0 0 0 2.76621 6.44428 1768.71 3028.8 
0.00153158296649692489 0.19417 0 154047 51.7776 20.734 18.6606 0 01 0 0 -0 0 0 0 -0 0 0 0 -0 2.6116 5.35516 0 376.112 
0.00153158296649692489 1.52104 0 194166 51.865 20.839 18.7551 0 01 0 0 0 0 0 0 0 0 0 0 0 0 2.9803 0 0 
0.00153865789320196912 0.147306 1 56191 51.4257 20.6174 18.5557 0 0 1 -2.28375 2.14096 2.72861 0 0 0 0 0 0 0 0 4.57567 6.92911 1801.57 3150.27 
0.00153865789320196912 0.2636 1 27716 0 20.6585 18.5927 0 0 1 0.00920392 -0.0184694 0.00561042 0 0 0 0 0 0 0 0 3.62383 6.77634 313.449 526.043 
0.00154359651240223278 0.503566 0 74245 51.1709 20.4494 18.4045 0 01 -0 0 0 0 -0 0 0 0 -0 0 0 3.05348 6.62857 0 25.0357 
0.00154849373395980153 0.618503 1 43106 0 20.2603 18.2343 0 0 1 0.00173678 -0.00763451 0.000109213 0 0 0 0 0 0 0 0 2.4883 6.22454 97.0936 110.348 
0.00156135329607861944 1.67705 0 185627 50.0487 19.8635 17.8771 0 01 0 -0 0 0 0 -0 0 0 0 -0 0 0 0 0 0 
0.0015703450422644438 0.704893 0 89578 49.7995 19.7572 17.7815 0 01 0 -0 0 0 0 -0 0 0 0 -0 0 4.17669 11.1411 0 0 
0.0015703450422644438 0.872467 0 161343 0 19.6626 17.6963 0 01 -0 0 0 0 -0 0 0 0 -0 0 0 1.74042 4.35809 0 0 
0.00157316706449408855 2.29506 0 183715 49.3078 19.5431 17.5888 0 01 0 0 -0 0 0 0 -0 0 0 0 -0 0 0 0 0 
0.00157452146737531071 0.554026 0 54190 49.2892 19.4888 17.5399 0 01 0 0 0 0 0 0 0 0 0 0 0 1.66975 3.90109 0 231.628 
0.00158239584184592555 0.297241 1 116262 0 19.2984 17.3686 0 0 2 -0.0110889 0.00670272 -0.0222673 0 0 0 0 0 0 0 0 5.15687 10.6263 161.43 628.411 
0.00158239584184592555 1.2304 0 162029 49.042 19.3892 17.4503 0 01 0 0 0 0 0 0 0 0 0 0 0 2.44224 3.67404 0 0 
0.00158538474129452816 0.662607 0 99846 48.7235 19.2121 17.2909 0 01 0 -0 0 0 0 -0 0 0 0 -0 0 1.36276 3.40076 0 147.592 
0.00158538474129452816 0.955214 0 157557 48.6908 19.1691 17.2522 0 01 -0 0 0 0 -0 0 0 0 -0 0 0 0.962381 4.76652 0 0 
0.0015956064735119296 0.187342 1 34504 0 117.763 40.5 0 0 1 0.020076 0.0290873 0.0133076 0 0 0 0 0 0 0 0 5.11929 8.7397 1269 3546.09 
0.0015956064735119296 0.447056 0 27316 48.1001 18.8874 16.9986 0 01 -0 0 0 0 -0 0 0 0 -0 0 0 6.21192 12.4619 17.8191 832.364 
0.0015956064735119296 0.594957 0 62226 48.302 19.0361 17.1325 0 01 0 0 0 0 0 0 0 0 0 0 0 4.23335 13.9029 0 76.0226 
0.0015956064735119296 1.70536 0 183290 48.3797 19.0941 17.1847 0 01 0 0 0 0 0 0 0 0 0 0 0 0 1.66951 0 0 
0.00160943172473449218 0.112072 0 45741 0.385856 18.5988 16.7388 0 01 0 0 0 0 0 0 0 0 0 0 0 4.57848 8.87581 2186.28 2902.48 
0.00160943172473449218 1.82188 1 164882 47.7203 18.7743 16.8969 0 0 1 -1.7218 -3.41434 0.105934 0 0 -0 0 0 0 -0 0 1.82188 9.34204 0 0 
0.00162205724660051268 0.347454 0 55710 46.9203 18.5601 16.7039 0 01 0 0 0 0 0 0 0 0 0 0 0 3.65771 11.7126 44.3802 738.315 
0.00162205724660051268 0.983735 0 177060 46.786 18.4761 16.6282 0 01 0 0 0 0 0 0 0 0 0 0 0 2.95906 5.87646 0 24.4739 
0.00162323369911862169 0.225703 1 953 0 18.4232 16.5805 0 0 1 -0.0152582 -0.00127378 -0.0103489 0 0 0 -0 0 0 0 -0 1.08578 3.14266 0 101.866 
0.00163110571666345394 1.63541 0 139943 46.444 18.3725 16.5348 0 01 0 0 0 0 0 0 0 0 0 0 0 3.22933 6.53043 0 0 
0.00163292627974509236 0.725083 0 144755 46.2284 18.3355 16.5015 0 01 0 0 0 0 0 0 0 0 0 0 0 0 0 0 0 
0.00164743024657970031 0.445897 0 57888 0.465821 19.6293 17.6663 0 01 -0 0 0 0 -0 0 0 0 -0 0 0 3.57453 11.5993 5.51463 151.59 
0.00164743024657970031 0.747516 0 37829 45.571 18.1164 16.304 0 01 0 -0 0 0 0 -0 0 0 0 -0 0 4.49481 8.24763 0 2.26243 
0.00164743024657970031 1.69266 0 63181 45.5723 18.1174 16.3049 0 01 -0 0 0 0 -0 0 0 0 -0 0 0 0 1.69849 0 0 
0.00164743024657970031 1.79995 0 194155 45.6927 18.2603 16.4338 0 01 0 0 0 0 0 0 0 0 0 0 0 1.81814 7.20946 0 0 
0.00164958642726784521 0.765324 0 65477 45.4948 18.0788 16.2701 0 01 0 0 0 0 0 0 0 0 0 0 0 0.781403 3.85424 0 320.167 
0.00164958642726784521 2.75247 0 146828 45.4911 18.0757 16.2673 0 01 0 0 0 0 0 0 0 0 0 0 0 0 0 0 0 
0.00165574604484780303 0.125908 1 60170 0 18.018 16.2153 0 0 1 0.000906282 -0.00585825 0.0128699 0 0 0 0 0 0 0 0 3.13277 7.18527 40.5471 386.172 
0.00165574604484780303 0.769463 0 58596 45.3218 18.1029 16.2919 0 01 0 0 0 0 0 0 0 0 0 0 0 3.10194 9.30895 0 33.3415 
0.00166412634257448889 0.229974 0 85683 44.9658 17.9197 16.1267 0 01 0 0 0 0 0 0 0 0 0 0 0 5.7218 11.8117 165.141 1823.73 
0.00167937982301481162 0.439002 0 120626 44.1948 17.6332 15.8685 0 01 0 0 0 0 0 0 0 0 0 0 0 1.33642 3.99591 0 21.7337 
0.00168942914008056401 0.338329 0 25648 43.9216 17.5968 15.8357 0 01 0 0 0 0 0 0 0 0 0 0 0 3.98634 12.3639 45.4386 53.1125 
0.00168942914008056401 0.763547 0 141955 43.841 17.4473 15.701 0 01 0 0 -0 0 0 0 -0 0 0 0 -0 3.10005 8.5022 0 0 
0.00169243737283182225 0.136187 1 20900 0 17.4099 15.6673 0 0 1 0.915025 3.43709 0.232652 0 0 0 0 0 0 0 0 1.39776 3.85671 0 1012.95 
0.00169243737283182225 0.322459 0 35366 43.6827 17.4602 15.7126 0 01 -0 0 0 0 -0 0 0 0 -0 0 0 0.997126 4.74523 0 1.1721 
0.00169461012379859186 0.347214 0 68583 43.541 17.3409 15.6051 0 01 0 0 0 0 0 0 0 0 0 0 0 0.652081 2.63778 0 0 
0.00169552982429693202 0.385457 0 83883 43.4998 17.3836 15.6436 0 01 0 0 0 0 0 0 0 0 0 0 0 0.395748 1.16571 130.796 130.796 
0.00170279456728582128 0.545824 0 150523 43.4831 17.3683 15.6298 0 01 0 0 -0 0 0 0 -0 0 0 0 -0 3.81199 10.3376 0 93.3332 
0.00170279456728582128 0.64774 0 85753 43.43 17.3037 15.5716 0 01 0 0 -0 0 0 0 -0 0 0 0 -0 2.62054 6.55641 0 0 
0.00170279456728582128 0.89824 0 94719 43.369 17.3353 15.6001 0 01 0 0 -0 0 0 0 -0 0 0 0 -0 2.73232 9.08479 0 417.831 
0.00171215903269632849 1.0295 0 131772 42.8596 17.1274 15.4127 0 01 0 -0 0 0 0 -0 0 0 0 -0 0 0 0 0 0 
0.00171704901908580759 1.27982 0 170070 42.6563 16.9832 15.2827 0 01 -0 0 0 0 -0 0 0 0 -0 0 0 1.27246 1.27246 0 0 
0.00172664019816510324 0.570515 0 68259 42.4999 16.9153 15.2216 0 01 0 0 0 0 0 0 0 0 0 0 0 2.28018 11.9718 0 132.177 
0.00172953826788420405 1.83952 0 197910 42.2259 16.8056 15.1228 0 01 0 0 -0 0 0 0 -0 0 0 0 -0 0 1.88139 0 0 
0.00174634625977981069 0.817932 0 111014 41.6225 16.5799 14.9194 0 01 0 -0 0 0 0 -0 0 0 0 -0 0 6.56473 18.1274 0 520.877 
0.00174733802607417513 0.21654 0 4347 41.5373 16.6012 14.9386 0 01 0 0 0 0 0 0 0 0 0 0 0 0 1.28722 0 0 
0.00174733802607417513 1.29578 0 121054 41.5427 16.6064 14.9432 0 01 0 0 0 0 0 0 0 0 0 0 0 0 0 0 0 
0.00175440039643272013 0.31533 0 78974 41.3222 16.4999 14.8473 0 01 -0 0 0 0 -0 0 0 0 -0 0 0 1.21124 5.5333 0 9.4663 
0.00175811278006138814 0.17798 1 204434 46.176 24.0999 21.6899 0 0 2 -20.805 6.58332 -27.5373 0 0 0 -0 0 0 0 -0 3.05695 5.06007 689.601 1650.38 
0.00177494101469301323 0.119999 1 6025 0 16.3181 14.6835 0 0 2 -0.0257231 -0.00829383 0.0116901 0 0 0 0 0 0 0 0 6.03004 11.6261 677.995 3367.88 
0.00177494101469301323 0.938869 0 122995 40.6661 16.2434 14.6161 0 01 -0 0 0 0 -0 0 0 0 -0 0 0 4.70125 18.7556 0 0 
0.00177494101469301323 1.66194 0 51605 40.827 16.3196 14.6848 0 01 0 0 -0 0 0 0 -0 0 0 0 -0 3.29881 11.5676 0 0 
0.00177494101469301323 2.44043 0 82477 40.9632 16.3122 14.6781 0 01 0 0 0 0 0 0 0 0 0 0 0 0 12.1423 0 0 
0.00177943008406904494 0.303937 0 22499 40.4457 16.1184 14.5036 0 01 0 -0 0 0 0 -0 0 0 0 -0 0 4.29618 11.0627 5.08465 311.032 
0.00177943008406904494 0.66443 0 5284 40.5322 16.1221 14.5069 0 01 0 0 0 0 0 0 0 0 0 0 0 3.27124 5.23431 10.5398 108.544 
0.00177943008406904494 0.94263 0 189256 40.4504 16.122 14.5068 0 01 0 0 0 0 0 0 0 0 0 0 0 0 0.946109 0 0 
0.00181393992910547038 0.31206 0 7823 0 15.7477 14.1695 0 01 0 0 0 0 0 0 0 0 0 0 0 8.1209 21.2657 25.7454 523.138 
0.00181393992910547038 0.83925 0 50618 39.3718 15.7466 14.1685 0 01 0 0 0 0 0 0 0 0 0 0 0 9.99366 21.6737 0 193.548 
0.00181393992910547038 0.892331 0 191234 39.5368 15.8168 14.2318 0 01 0 0 0 0 0 0 0 0 0 0 0 7.92581 16.8136 32.3293 96.0664 
0.00181393992910547038 1.93075 0 185827 39.6373 15.7838 14.202 0 01 -0 0 0 0 -0 0 0 0 -0 0 0 7.61854 18.962 0 0 
0.00181393992910547038 1.93832 0 195207 39.8973 15.8663 14.2764 0 01 0 0 0 0 0 0 0 0 0 0 0 2.03185 4.00131 0 0 
0.00182272887830990313 0.896346 0 36465 39.0862 15.556 13.9968 0 01 0 0 0 0 0 0 0 0 0 0 0 2.66232 8.8752 0 412.577 
0.00186119578946540706 0.118909 1 209141 0 18.919 17.0271 0 0 2 0.616196 -0.506491 -0.197255 0 0 0 0 0 0 0 0 7.99921 15.7819 1673.3 2906.11 
0.00186119578946540706 0.1528 1 23355 38.7463 15.4573 13.9079 0 0 1 -2.97017 0.521889 2.76031 0 -0 0 0 0 -0 0 0 7.99921 15.7819 1673.3 2906.11 
0.00186119578946540706 0.22731 1 70798 0 15.3881 13.8456 0 0 2 0.00244392 0.00234681 -0.00126349 0 -0 0 0 0 -0 0 0 10.3532 22.2834 303.988 1014.77 
0.00186119578946540706 0.4292 0 79197 38.3837 15.2744 13.7432 0 01 0 0 0 0 0 0 0 0 0 0 0 11.5958 31.6884 259.088 1427.56 
0.00186119578946540706 0.958994 0 159247 38.304 15.2508 13.7219 0 01 0 0 0 0 0 0 0 0 0 0 0 9.72707 24.3157 70.803 276.01 
0.00186119578946540706 1.91402 0 170525 38.7956 15.5232 13.9673 0 01 -0 0 0 0 -0 0 0 0 -0 0 0 3.76281 16.9444 0 31.1715 
0.00186119578946540706 2.47424 0 167586 38.5806 15.3352 13.7979 0 01 0 0 0 0 0 0 0 0 0 0 0 2.63747 2.63747 158.787 158.787 
0.0018757313442730769 0.341047 1 87721 0 15.0618 13.5517 0 0 2 -0.000772565 0.00463706 -0.00945603 0 0 0 -0 0 0 0 -0 6.17205 14.3541 11.9998 567.209 
0.0018757313442730769 0.384908 0 36799 37.7695 15.0236 13.5172 0 01 -0 0 0 0 -0 0 0 0 -0 0 0 4.82818 15.6738 11.5681 86.1322 
0.0018757313442730769 1.03104 0 159486 37.6837 15.0608 13.5507 0 01 0 -0 0 0 0 -0 0 0 0 -0 0 9.28644 16.4869 0 95.9273 
0.00190544027950829845 0.191905 0 32995 37.0429 14.9241 13.4276 0 01 0 0 0 0 0 0 0 0 0 0 0 0 0 0 0 
0.00190544027950829845 0.139536 1 24007 0 14.9693 13.4683 0 0 1 0.00306583 -0.0152801 -0.00210693 0 0 0 0 0 0 0 0 0 0 0 0 
0.00190544027950829845 0.222031 0 58537 36.8577 15.0399 13.5319 0 01 0 0 -0 0 0 0 -0 0 0 0 -0 8.5521 20.3924 298.011 1502.47 
0.00190544027950829845 0.343026 0 144496 36.8656 15.0438 13.5355 0 01 0 0 0 0 0 0 0 0 0 0 0 9.38569 20.1719 35.9088 185.335 
0.00190544027950829845 1.01594 0 62469 36.8054 14.9767 13.475 0 01 0 0 0 0 0 0 0 0 0 0 0 8.98485 20.069 0 202.163 
0.00190544027950829845 1.15499 0 149543 36.7563 14.9992 13.4952 0 01 -0 0 0 0 -0 0 0 0 -0 0 0 8.1572 17.5044 1.81395 1.81395 
0.00190544027950829845 1.39303 0 162583 37.01 14.9296 13.4325 0 01 0 0 -0 0 0 0 -0 0 0 0 -0 5.50856 16.5249 0 42.6142 
0.00190544027950829845 1.75825 0 169315 36.9321 14.9699 13.4689 0 01 0 0 0 0 0 0 0 0 0 0 0 1.7175 10.4501 0 0 
0.00191842362729569677 1.1577 0 143944 36.4785 36.3646 17.1688 0 01 0 -0 0 0 0 -0 0 0 0 -0 0 1.15642 1.15642 0 0 
0.0019393686553999907 0.479701 0 8274 35.9089 35.7996 29.4559 0 01 0 0 -0 0 0 0 -0 0 0 0 -0 11.1023 21.1744 120.923 648.083 
0.0019393686553999907 0.540427 0 128347 35.8955 35.7863 29.9058 0 01 0 0 0 0 0 0 0 0 0 0 0 7.41692 16.4274 482.904 566.138 
0.0019393686553999907 1.20335 0 52396 1.06432 35.7719 29.9028 0 01 0 0 0 0 0 0 0 0 0 0 0 3.62853 6.07177 0 27.4212 
0.0019393686553999907 2.88261 0 198841 35.9894 35.8794 28.1164 0 01 0 0 -0 0 0 0 -0 0 0 0 -0 0 0 0 0 
0.00194334912974751832 0.960029 0 186579 35.8192 35.7107 30.0109 0 01 0 0 0 0 0 0 0 0 0 0 0 2.91248 4.85172 0 11.2687 
0.00197810957178586391 0.41772 0 90793 35.7125 35.6049 29.9259 0 01 -0 0 0 0 -0 0 0 0 -0 0 0 13.483 28.6035 880.04 1083.29 
0.00197810957178586391 0.538218 0 87366 35.2759 35.1716 29.7389 0 01 0 0 0 0 0 0 0 0 0 0 0 11.1686 23.8988 85.6368 655.56 
0.00197810957178586391 0.567679 0 102873 35.6821 35.5748 29.903 0 01 -0 0 0 0 -0 0 0 0 -0 0 0 16.1133 32.8861 182.018 343.637 
0.00197810957178586391 0.611265 0 57393 35.2741 35.1698 29.7372 0 01 -0 0 0 0 -0 0 0 0 -0 0 0 9.65689 29.4989 66.2965 175.672 
0.00197810957178586391 2.39484 0 191220 35.2742 35.1699 29.7373 0 01 0 0 0 0 0 0 0 0 0 0 0 4.73365 9.54464 0 0 
0.00197810957178586391 2.80618 0 196116 35.192 35.0885 29.6706 0 01 0 0 0 0 0 0 0 0 0 0 0 0 5.63005 0 0 
0.00199244791805920207 0.0569855 0 165929 34.8882 34.7872 29.5672 0 01 0 0 0 0 0 0 0 0 0 0 0 5.89247 11.1148 598.243 3381.1 
0.00199244791805920207 0.865402 1 134648 34.8295 13.6273 10.9483 0 0 1 0.315663 10.1345 -3.02474 0 0 0 0 0 0 0 0 7.75907 16.3639 1.37958 116.051 
0.00199244791805920207 2.29781 0 137507 34.7929 34.6926 29.5075 0 01 0 -0 0 0 0 -0 0 0 0 -0 0 0 2.25803 0 0 
0.00200271744428775871 0.344831 0 43247 34.425 34.3274 29.3164 0 01 -0 0 0 0 -0 0 0 0 -0 0 0 1.04617 3.13269 476.809 480.636 
0.00200271744428775871 0.375326 0 38744 34.4193 34.3218 29.3606 0 01 0 0 0 0 0 0 0 0 0 0 0 0.751005 3.42825 0 0 
0.00201362428249649309 0.839602 0 71669 34.3464 34.2494 29.2963 0 01 0 -0 0 0 0 -0 0 0 0 -0 0 2.52131 9.25304 0 0 
0.00205088729559078919 0.326276 0 17420 33.4215 33.3315 28.9106 0 01 -0 0 0 0 -0 0 0 0 -0 0 0 2.57963 5.06594 113.115 141.31 
0.00205336439224823759 1.16952 0 195542 33.3682 33.2786 28.8148 0 01 0 0 -0 0 0 0 -0 0 0 0 -0 0 1.16877 0 0 
0.00206189853148470211 0.923207 0 149405 33.1739 33.0858 28.8086 0 01 0 0 0 0 0 0 0 0 0 0 0 1.85216 8.31843 0 0 
0.00208052839033998072 0.590081 0 138555 33.057 32.9697 28.7147 0 01 0 0 -0 0 0 0 -0 0 0 0 -0 8.70051 21.9556 0 651.03 
0.00208052839033998072 1.32593 0 140577 33.135 33.0472 28.6953 0 01 0 0 0 0 0 0 0 0 0 0 0 2.66001 10.7038 0 0 
0.00208052839033998072 2.03576 0 175769 0.169854 22.317 20.0853 0 01 0 0 0 0 0 0 0 0 0 0 0 1.95132 10.0251 0 96.8404 
0.00210217995355490217 0.449021 0 30052 32.4488 32.366 27.8749 0 11.05121 10.3429 3.33885 2.00138 0 0 0 0 0 0 0 0 6.89723 19.7351 81.9238 384.807 
0.00210217995355490217 0.468016 0 41308 32.768 32.6829 28.5392 0 01 -0 0 0 0 -0 0 0 0 -0 0 0 6.89723 19.7351 81.9238 384.807 
0.00210908442405387687 0.538301 0 107151 32.3059 32.224 27.5449 0 10.79871 -0.370367 -4.72109 -9.70494 0 0 0 -0 0 0 0 -0 1.60196 9.07784 0 0 
0.00210908442405387687 1.48071 0 176355 32.2815 32.1998 27.4248 0 16.79711 -15.9652 -0.151203 -5.21844 0 0 0 0 0 0 0 0 1.49349 2.97279 0 0 
0.00212781849588829751 0.865006 0 121925 32.1195 32.0389 26.9489 0 20.13441 -10.3733 14.3155 9.63619 0 0 0 0 0 0 0 0 8.67824 20.8044 165.23 165.23 
0.00212781849588829751 1.26541 0 139792 31.9889 31.9093 26.533 0 19.36641 0.824243 -15.8903 -11.0398 0 0 0 0 0 0 0 0 5.02624 15.0487 0 115.449 
0.00215092486084237679 0.954606 0 109173 31.5459 31.4694 25.2375 0 40.20431 -37.4486 9.81377 10.8482 0 0 0 0 0 0 0 0 12.4008 27.6189 171.183 344.301 
0.00215092486084237679 2.7563 0 194863 31.5906 31.5138 25.3734 0 24.15371 -15.6379 -8.3208 -16.4202 0 -0 0 0 0 -0 0 0 0 0 0 0 
0.0021649943354118714 0.304222 0 154920 31.2574 31.1829 24.353 0 27.20621 15.109 22.6248 -0.120303 0 0 0 -0 0 0 0 -0 8.27169 18.1359 781.82 1796.41 
0.0021649943354118714 0.477459 0 55686 31.4713 31.3954 25.0074 0 60.25571 -56.5698 -18.5029 -9.39403 0 0 0 0 0 0 0 0 5.80998 11.5891 58.2172 95.3411 
0.0021649943354118714 1.14933 1 0 0 31.4213 25.0867 0 0 1 -52.829 32.4792 2.50505 1 -47.9883 40.42 1.42118 0 0 0 0 2.29689 11.413 0 0 
0.00217030024536053094 0.555247 0 66897 31.2341 31.1598 24.2831 0 115.7981 114.114 4.22169 19.2198 0 0 0 0 0 0 0 0 2.78696 5.56777 6.38792 37.7938 
0.00217030024536053094 0.692969 0 67849 31.2414 31.167 24.3061 0 20.07681 13.5111 1.57131 -14.7669 0 0 0 0 0 0 0 0 0.707852 4.84624 0 0 
0.00217030024536053094 1.63809 0 184947 31.2345 31.1601 24.2841 0 47.36751 11.3185 -24.6552 38.829 0 0 0 0 0 0 0 0 1.67775 1.67775 0 0 
0.00218166096561347826 0.472466 0 34930 31.0161 30.9431 23.6253 0 35.71261 -14.0695 5.80745 32.3065 0 -0 0 0 0 -0 0 0 2.76329 6.92367 7.97223 24.9474 
0.00218690563095208209 0.673386 0 30458 30.8936 30.8216 23.2596 0 105.2171 92.6567 -41.61 27.4588 0 0 0 0 0 0 0 0 2.00192 10.063 0 266.502 
0.00219300447830468549 0.390507 1 0 30.8252 30.7536 18.2191 0 0 1 13.0239 -24.3324 46.419 1 40.5606 -29.6407 -5.61542 0 0 0 0 1.16499 4.99187 105.976 105.976 
0.00219300447830468549 0.404597 0 52314 30.7935 30.722 22.9667 0 71.87541 71.8147 2.03913 -2.13391 0 0 0 0 0 0 0 0 3.31169 6.60407 0 335.05 
0.00219300447830468549 1.76401 0 79775 30.7969 30.7254 22.9738 0 45.621 14.5685 31.0977 -30.0312 0 0 0 0 0 0 0 0 0 0 0 0 
0.00219486535749344527 0.886437 0 69754 30.7762 30.7049 22.914 0 91.63691 90.57 -6.14639 -12.5148 0 0 0 0 0 0 0 0 0 0 0 0 
0.00219486535749344527 1.95047 0 177987 30.7625 30.6913 22.8724 0 68.38681 64.535 15.4318 16.5481 0 0 0 0 0 0 0 0 0 0 0 0 
0.00220898866043877469 0.227564 0 26774 30.6602 30.5896 22.5762 0 99.66251 49.0486 77.9513 -38.0847 0 0 0 -0 0 0 0 -0 5.40045 11.7527 712.116 1350.74 
0.00220898866043877469 0.807554 0 132704 30.5626 30.4926 22.2925 0 40.38921 19.7167 11.1973 33.4239 0 0 0 0 0 0 0 0 4.9141 8.17897 192.548 192.548 
0.00220898866043877469 1.28705 0 59481 30.6952 30.6243 22.6783 0 63.51491 -28.6125 14.4485 -54.8335 0 0 0 -0 0 0 0 -0 5.22444 10.4314 41.1509 41.1509 
0.00220898866043877469 1.52121 0 194475 30.6804 30.6096 22.6335 0 112.9611 -100.289 -19.0263 -48.3767 0 0 0 0 0 0 0 0 4.44451 7.45623 0 32.1466 
0.00220898866043877469 1.61245 0 169885 30.6318 30.5613 22.4937 0 38.24971 38.114 0.646811 -3.15317 0 0 0 0 0 0 0 0 1.63615 12.8722 0 19.3894 
0.00221188189354095928 0.329804 0 19678 30.5204 30.4507 22.1703 0 55.24031 -4.44502 53.6896 -12.2131 0 -0 0 0 0 -0 0 0 2.55188 5.72272 0 3.90165 
0.00221910990784137665 0.135304 0 89901 30.3874 30.3186 21.7922 0 47.48851 45.6264 8.25973 -10.255 0 0 0 0 0 0 0 0 0 0 0 0 
0.00223146260913560743 0.346171 0 71493 0.153597 30.1976 21.446 0 88.48341 -21.5774 15.873 84.3313 0 0 0 0 0 0 0 0 5.74985 13.1396 359.206 819.663 
0.0022356970844144195 0.888914 0 183892 30.1223 30.0553 21.0461 0 150.6721 -142.661 -42.805 22.7503 0 0 -0 0 0 0 -0 0 0 0.881207 0 0 
0.00224474560910585064 0.862622 0 154589 30.0242 29.9579 20.7735 0 57.71671 51.7571 4.89754 25.0686 0 0 0 0 0 0 0 0 0.862622 8.49445 0 0 
0.00224474560910585064 0.977244 0 43108 30.0418 29.9754 20.8237 0 112.4731 -111.448 -0.394869 15.1473 0 0 0 0 0 0 0 0 3.95387 6.91066 0 0 
0.00224474560910585064 1.55161 0 27397 30.0313 29.9649 20.7934 0 74.83211 -60.1191 -24.9375 36.9278 0 0 -0 0 0 0 -0 0 0 1.56028 0 0 
0.0022549445502364116 0.942313 0 129259 29.8493 29.7839 20.2946 0 45.70221 1.14888 -45.6719 1.20182 0 0 -0 0 0 0 -0 0 0.931074 11.1913 217.813 217.813 
0.00225895451942008212 0.67576 0 86949 29.7502 29.6854 20.0276 0 56.04271 38.6689 -38.8654 11.6184 0 0 0 0 0 0 0 0 0.672822 2.70269 0 0 
0.00226393534650569644 0.741417 0 48688 29.678 29.6137 19.8326 0 103.691 -60.1684 -23.963 80.9758 0 0 0 0 0 0 0 0 0 0 0 0 
0.00229568246646060219 0.236896 0 152125 29.2841 29.2223 18.7971 0 59.99821 59.9962 -0.409397 0.284259 0 0 0 0 0 0 0 0 7.44934 21.7189 853.002 1111 
0.00229568246646060219 0.329075 0 153147 29.442 29.3793 19.209 0 79.89881 65.5604 -30.2713 -34.1951 0 0 0 0 0 0 0 0 12.1608 26.651 1168.45 1872.68 
0.00230213310391333501 0.809713 0 95010 29.1241 29.0634 18.3856 0 105.4671 105.099 0.0828738 8.79147 0 0 0 0 0 0 0 0 2.41525 8.83645 0 106.334 
0.00230492173663328142 0.460032 0 6292 29.1038 29.0432 18.3335 0 47.86871 47.2086 2.31372 -7.57653 0 0 0 0 0 0 0 0 1.39787 2.77823 35.2847 35.2847 
0.00230929490814234337 0.866189 0 185079 29.0216 28.9615 18.1249 0 138.4221 99.2505 -94.9292 17.2764 0 0 -0 0 0 0 -0 0 1.70802 4.27319 0 0 
0.00232122249284959659 0.406238 0 19650 2.78914 29.3372 18.7674 0 95.78681 -93.7948 2.37165 -19.288 0 0 0 0 0 0 0 0 4.99186 15.7946 310.589 373.765 
0.00232122249284959659 1.61256 0 54359 28.9575 28.8977 17.9623 0 136.3851 38.8851 30.994 -126.997 0 0 0 -0 0 0 0 -0 3.2293 4.88478 0 101.313 
0.00232122249284959659 1.7547 0 179360 28.9337 28.8741 17.903 0 155.3321 -44.6165 -76.9174 127.362 0 0 0 0 0 0 0 0 3.53756 10.5761 0 136.792 
0.00232715385573721264 0.334563 0 29137 28.8047 28.7458 17.5813 0 41.06961 -27.3234 -14.7745 -26.8674 0 0 0 -0 0 0 0 -0 0.964199 3.85785 0 0 
0.00232715385573721264 1.00264 0 126118 28.7826 28.7238 17.5269 0 97.25251 -9.14925 81.4843 52.2938 0 -0 0 0 0 -0 0 0 0 3.00919 0 0 
0.00233435218323156321 0.143615 0 23097 0.766624 28.6324 17.2996 0 132.5411 -102.488 2.88882 83.9945 0 0 0 0 0 0 0 0 0.985729 4.10094 0 25.7827 
0.00234675961822108318 1.06014 0 61856 28.5407 28.4834 16.9353 0 106.0361 -76.2206 57.387 -46.2687 0 0 0 0 0 0 0 0 3.17174 11.6915 0 1.6145 
0.00234904352852672877 0.150834 0 55732 28.4725 28.4156 16.7697 0 155.2791 101.438 -25.0559 114.865 0 0 -0 0 0 0 -0 0 0 0 0 0 
0.00236193188712407109 0.494416 1 37014 28.4169 11.2681 7.07176 0 0 1 -14.1871 6.85659 -4.29546 0 0 0 0 0 0 0 0 5.40919 15.1909 22.6848 133.681 
0.00236193188712407109 0.715715 0 162556 28.4539 28.3972 16.7259 0 171.2441 17.6744 167.08 -33.1114 0 0 0 0 0 0 0 0 3.518 8.45949 0 0 
0.00236193188712407109 0.868886 0 106288 28.3056 28.2498 16.3706 0 144.0761 126.687 -60.5119 32.3506 0 0 0 0 0 0 0 0 3.52793 15.0428 0 2.9859 
0.00236193188712407109 1.02623 0 99537 28.3536 28.2975 16.486 0 178.3781 -135.244 -95.5829 -66.2703 0 -0 0 0 0 -0 0 0 3.0703 14.3446 0 19.9234 
0.00236193188712407109 1.62297 0 193763 28.3885 28.3322 16.5678 0 217.8761 -182.857 98.7962 65.3665 0 0 0 0 0 0 0 0 0 3.24151 0 0 
0.00236193188712407109 3.04252 0 185355 28.3386 28.2827 16.4494 0 189.2791 -28.3362 -55.2003 178.82 0 0 0 0 0 0 0 0 2.96441 8.98157 0 0 
0.0023668085488744257 2.08072 0 67839 28.2831 28.2274 16.3178 0 247.651 -232.424 -79.5599 -31.2978 0 0 0 -0 0 0 0 -0 0 2.07634 0 0 
0.00237962046110548565 0.283312 0 6219 0.099032 28.0152 15.8172 0 53.04291 16.28 37.1276 -34.206 0 0 0 0 0 0 0 0 4.78942 13.5214 472.696 752.005 
0.00237962046110548565 1.70547 0 39238 28.202 28.1468 16.1275 0 78.9461 71.562 -21.1878 25.7377 0 0 -0 0 0 0 -0 0 1.68561 8.49794 48.3839 48.3839 
0.00238471324045423346 0.186928 0 41160 28.0132 27.959 15.6866 0 168.3091 133.789 -42.7745 92.7303 0 0 0 0 0 0 0 0 3.03649 7.54257 1007.55 1402.24 
0.00238471324045423346 0.712901 0 129944 28.0037 27.9495 15.6656 0 135.2251 58.5866 67.0494 -101.773 0 0 0 0 0 0 0 0 1.41152 2.12442 0 0 
0.00239227984399156953 0.625347 0 73589 27.9947 27.9406 15.6443 0 88.59461 -75.0905 -44.0717 16.374 0 0 -0 0 0 0 -0 0 3.09224 10.5076 84.7095 84.7095 
0.00239227984399156953 2.37589 0 185527 27.9668 27.9129 15.581 0 134.0131 133.97 3.11788 -1.36086 0 0 0 0 0 0 0 0 0 0 0 0 
0.00240271277196804243 0.324958 0 86890 27.8716 27.8181 15.3625 0 110.7361 48.5568 52.3674 84.6309 0 0 0 0 0 0 0 0 4.94662 13.1139 0 128.841 
0.00242280295034752978 0.52996 0 89495 27.5396 27.4881 14.6179 0 204.1241 201.219 -33.4745 -7.5722 0 0 -0 0 0 0 -0 0 5.25773 20.9869 0 20.1385 
0.00242280295034752978 1.16982 1 206604 28.5508 20.8946 18.8051 0 0 2 -1.3846 2.54821 -1.80221 0 0 0 0 0 0 0 0 9.30671 17.4827 0 58.5866 
0.00242280295034752978 2.42446 0 166801 27.6131 27.5612 14.7803 0 207.7471 1.76696 -13.4107 207.307 0 0 0 0 0 0 0 0 0 2.3659 0 0 
0.00242280295034752978 2.46972 0 132710 27.7405 27.6878 15.0658 0 303.4171 111.141 280.375 -33.1548 0 0 0 0 0 0 0 0 0 2.3659 0 0 
0.00243199670034264766 0.230541 1 0 0 27.3971 14.4175 0 0 1 -24.6297 -53.1742 19.6373 1 -30.0432 -53.608 11.625 0 0 -0 0 2.90594 6.22044 159.508 640.191 
0.00243199670034264766 1.07891 0 129927 27.4288 27.3779 14.3742 0 114.7471 111.884 -24.8995 -5.37589 0 0 0 -0 0 0 0 -0 0 3.17729 0 0 
0.00244008112088086758 0.118408 0 61838 27.3392 27.2888 14.1802 0 215.9581 -63.3541 -65.0984 195.924 0 0 -0 0 0 0 -0 0 2.90771 6.17585 4.87522 1229.83 
0.00244342218581292516 1.51473 0 149264 27.311 27.2608 14.1186 0 179.1551 -55.4453 -76.6661 -152.134 0 0 0 0 0 0 0 0 0 1.49399 0 0 
0.00244639205664089546 0.358223 0 81542 27.2419 27.192 13.9695 0 274.8371 -212.604 130.557 -115.281 0 0 0 0 0 0 0 0 2.57851 5.50227 12.254 324.735 
0.00244639205664089546 1.03433 0 141353 27.2499 27.2 13.987 0 231.9381 -215.814 26.1167 80.8547 0 0 0 0 0 0 0 0 0 1.03433 0 0 
0.00244817893002792671 0.851872 0 181037 27.2189 27.1693 13.9204 0 241.4941 132.74 200.386 -23.3456 0 0 0 -0 0 0 0 -0 0.87072 2.57873 0 0 
0.00246576744577447528 1.88552 0 187038 27.069 27.0201 13.6023 0 132.4511 71.05 18.3999 -110.257 0 0 0 0 0 0 0 0 3.71887 7.45397 0 0 
0.00250419824134464957 0.747289 0 49516 26.5959 26.5497 12.6279 0 209.2251 -107.611 -177.182 28.308 0 0 0 0 0 0 0 0 4.41859 8.13382 0 356.156 
0.00251465468952892426 0.996891 0 131361 26.4753 26.4297 12.3867 0 178.4671 -50.2967 170.11 -19.5789 0 -0 0 0 0 -0 0 0 6.02066 10.0438 0 67.336 
0.002533575093261165 0.205702 0 18681 0.827629 26.2768 12.0839 0 310.7821 -108.538 -97.1344 274.536 0 0 0 0 0 0 0 0 0 0 0 0 
0.002533575093261165 0.313476 1 204329 0 22.5354 20.2819 0 0 2 -0.110184 2.31051 2.63321 0 0 0 0 0 0 0 0 7.62396 16.1043 99.8292 951.678 
0.002533575093261165 0.750868 0 125335 26.327 26.2822 12.0947 0 362.6651 81.4118 -107.568 -336.641 0 0 0 -0 0 0 0 -0 4.57102 10.646 0 36.3875 
0.00255928470565292216 0.595394 0 145174 26.2275 26.1831 11.9003 0 321.9191 -259.976 131.674 -136.771 0 0 0 0 0 0 0 0 7.16299 22.6328 69.9619 212.936 
0.00255928470565292216 0.609903 0 89672 26.1819 26.1377 11.8122 0 97.57271 84.1812 12.4832 -47.7298 0 0 0 -0 0 0 0 -0 9.93033 27.9016 0 294.43 
0.00255928470565292216 0.962823 0 8327 26.2079 26.1636 11.8624 0 152.2511 151.487 -9.12925 12.1971 0 0 0 0 0 0 0 0 7.76817 20.4685 0 17.8837 
0.00255928470565292216 1.00023 0 131510 26.0311 25.9878 11.5237 0 91.55921 -78.8546 31.4318 34.3085 0 0 0 0 0 0 0 0 7.04345 17.176 0 134.009 
0.00255928470565292216 1.57025 0 158284 26.0693 26.0258 11.5969 0 328.3641 79.4018 300.287 -106.516 0 0 0 0 0 0 0 0 1.56467 10.979 0 0 
0.00255928470565292216 2.03589 0 170681 26.196 26.1517 11.8399 0 297.0291 46.9345 -178.177 232.973 0 0 -0 0 0 0 -0 0 6.18004 14.3557 0 732.654 
0.00255928470565292216 2.20993 0 171637 26.0749 26.0314 11.6078 0 253.3041 98.4588 169.691 160.231 0 0 0 0 0 0 0 0 0 6.49481 0 0 
0.00255928470565292216 2.61909 0 195209 26.2463 26.2018 11.9375 0 134.9971 12.059 -58.7925 -120.923 0 0 0 -0 0 0 0 -0 0 8.00859 0 0 
0.00257121715714870355 0.386547 0 9348 0.428994 26.2443 12.2079 0 147.8741 130.188 -45.4422 53.4113 0 0 -0 0 0 0 -0 0 6.32702 15.7121 393.496 627.855 
0.00257121715714870355 1.94879 0 75139 25.8884 25.8457 11.2551 0 279.0081 206.066 -1.12141 188.097 0 0 -0 0 0 0 -0 0 0 1.94879 0 0 
0.0025739700307262363 0.721779 0 60209 25.824 25.7817 11.1356 0 231.9371 -196.823 121.091 19.8124 0 0 0 0 0 0 0 0 0 0.718493 0 0 
0.00257560445664020005 0.501065 0 149828 25.8174 25.7752 11.1231 0 339.7071 197.938 133.41 241.708 0 0 0 0 0 0 0 0 0.996444 2.00369 0 0 
0.00260746730662564244 0.573818 0 64738 25.6395 25.5981 10.7963 0 313.9741 -281.102 -76.6497 -116.99 0 0 0 0 0 0 0 0 12.0051 28.0252 244.73 495.667 
0.00260746730662564244 1.00369 0 105386 25.5418 25.5009 10.6194 0 132.4721 -98.9645 16.0456 86.5871 0 -0 0 0 0 -0 0 0 7.06466 24.175 0 154.046 
0.00260746730662564244 1.67039 0 166175 25.6275 25.5863 10.7742 0 269.061 195.493 -125.083 136.125 0 0 0 0 0 0 0 0 0 8.16937 0 0 
0.00260746730662564244 2.02927 0 77143 25.7174 25.6757 10.9382 0 350.3661 239.502 -243.549 77.9687 0 0 0 0 0 0 0 0 6.16779 10.2743 0 0 
0.00260746730662564244 2.31958 0 39421 0 25.8181 11.3742 0 423.5561 14.9044 -22.0054 -422.722 0 0 0 0 0 0 0 0 0 11.4986 0 0 
0.00262296667575448927 0.901235 0 112460 25.4119 25.3717 10.3867 0 402.3741 -226.433 -100.192 317.166 0 0 0 0 0 0 0 0 4.50945 18.014 0 0 
0.00262296667575448927 0.908875 0 126498 25.4469 25.4065 10.4494 0 258.5011 -214.549 9.67434 -143.867 0 0 0 0 0 0 0 0 4.50945 18.014 0 0 
0.00264655713999816054 0.979401 0 190546 25.1519 25.113 9.93179 0 132.2451 -46.6595 58.426 109.079 0 0 0 0 0 0 0 0 0.996664 1.99048 0 0 
0.00267178411673625951 0.860498 0 81629 24.9271 24.8893 9.54887 0 394.1851 87.6138 -306.835 231.426 0 0 0 0 0 0 0 0 4.32473 24.4801 272.661 280.602 
0.00267178411673625951 0.986176 0 186121 24.8636 24.826 9.44244 0 196.481 -190.93 40.366 -22.8213 0 -0 0 0 0 -0 0 0 3.94261 13.8056 0 0 
0.00267178411673625951 1.72326 0 165019 24.9833 24.9452 9.64389 0 229.3761 -214.48 74.0007 33.6968 0 -0 0 0 0 -0 0 0 1.72476 8.63658 0 0 
0.00267178411673625951 1.92593 0 185177 24.903 24.8653 9.50823 0 357.4141 17.4604 -309.473 177.951 0 0 0 0 0 0 0 0 1.94801 5.83302 0 3.46633 
0.00267934927048211081 0.966609 0 140637 24.8446 24.8071 9.4107 0 289.8651 -286.892 -24.9366 -33.055 0 -0 0 0 0 -0 0 0 2.88031 6.70284 0 0 
0.00267934927048211081 1.52538 0 163317 24.8582 24.8207 9.43328 0 158.0981 52.347 115.503 -94.4132 0 0 0 0 0 0 0 0 1.55955 1.55955 0 0 
0.00267934927048211081 4.12496 0 197303 24.8468 24.8093 9.41446 0 129.0291 -109.63 -31.4609 -60.3315 0 0 -0 0 0 0 -0 0 0 0 0 0 
0.00269807028151215983 0.137571 0 63470 24.6264 24.5899 9.05154 0 283.4521 -253.221 44.792 -119.238 0 -0 0 0 0 -0 0 0 0 0 0 0 
0.00269807028151215983 2.14805 0 87460 24.6284 24.5919 9.05487 0 89.84271 -70.8032 55.0695 -5.09612 0 0 0 -0 0 0 0 -0 0 2.22986 0 0 
0.00270921456393814764 0.642501 0 77879 24.5368 24.5008 8.90687 0 73.97521 -73.4714 -2.29427 8.30815 0 0 0 0 0 0 0 0 0.655799 1.94991 0 0 
0.00272558500244090857 0.506354 0 73656 24.4481 24.4125 8.76471 0 155.4581 111.158 -96.879 49.2505 0 0 0 0 0 0 0 0 5.55642 12.1145 110.106 217.088 
0.00273485841993877619 0.558687 0 144498 24.3374 24.3023 8.58996 0 361.9981 131.366 -285.287 179.991 0 0 0 0 0 0 0 0 3.88608 10.5143 61.5669 61.5669 
0.00273485841993877619 0.891242 0 187804 24.3237 24.2887 8.56863 0 276.0221 98.8358 105.565 -235.108 0 0 0 0 0 0 0 0 3.61424 15.3125 0 116.567 
0.00273485841993877619 1.17135 0 118226 24.3179 24.2829 8.55943 0 157.3461 6.33299 135.263 -80.1357 0 0 0 0 0 0 0 0 1.17135 4.69768 0 0 
0.00277834666758424234 2.05694 0 165677 24.2251 24.1906 8.41477 0 133.6151 6.75589 -30.1508 -129.993 0 0 0 -0 0 0 0 -0 8.25512 12.387 0 430.759 
0.0028105108065558989 0.59174 0 109592 23.684 23.6519 7.60344 0 167.5871 144.878 -25.5694 -80.2612 0 0 0 -0 0 0 0 -0 3.58798 22.8558 125.797 206.715 
0.0028105108065558989 1.06168 0 98258 23.7794 23.7469 7.74255 0 327.2391 -35.0359 -225.51 234.527 0 0 0 0 0 0 0 0 5.39257 17.2265 0 34.1671 
0.0028105108065558989 1.39858 0 83813 23.7236 23.6914 7.66109 0 139.661 -87.3191 100.12 43.0848 0 -0 0 0 0 -0 0 0 4.20815 8.38789 0 0 
0.00282891921013822762 0.629975 0 77061 23.5 23.4687 7.33972 0 294.3391 -145.199 -32.2388 -253.995 0 -0 0 0 0 -0 0 0 5.66021 17.5559 0 213.107 
0.00282891921013822762 2.19528 0 96095 23.6268 23.595 7.52089 0 397.1961 -396.052 -16.9828 24.886 0 0 0 0 0 0 0 0 0 4.50242 0 0 
0.00283319597002191711 0.58852 0 5708 23.4869 23.4556 7.32114 0 178.3071 49.8091 28.4388 168.83 0 0 0 0 0 0 0 0 0 1.74414 0 0 
0.00284256718640622449 0.884297 0 74516 23.4024 23.3715 7.20237 0 157.8381 90.4587 124.611 -34.6716 0 0 0 0 0 0 0 0 0.874038 3.49501 0 232.647 
0.00286875347928679247 2.20538 0 190351 23.2074 23.1774 6.93308 0 407.7881 407.601 3.81114 -11.762 0 0 0 0 0 0 0 0 0 6.58553 0 0 
0.00287366636698044688 3.27197 0 199257 23.1499 23.1201 6.85491 0 247.6041 -224.826 53.1966 89.0553 0 0 0 0 0 0 0 0 0 3.71796 0 0 
0.00292706429961536816 0.48739 0 31525 22.9882 22.959 6.63831 0 162.3231 -68.4911 26.3697 -144.784 0 0 0 0 0 0 0 0 12.9814 36.1105 556.172 1072.93 
0.00292706429961536816 0.710412 0 78975 22.9598 22.9307 6.60068 0 344.941 -276.964 203.711 27.8581 0 -0 0 0 0 -0 0 0 10.4817 35.66 195.46 681.543 
0.00292706429961536816 0.925686 0 106367 22.8454 22.8168 6.4509 0 415.471 -148.627 382.907 -62.5159 0 -0 0 0 0 -0 0 0 7.41197 33.4625 2.77941 2.77941 
0.00292706429961536816 1.35347 0 159018 22.8485 22.8199 6.45504 0 270.3751 -269.078 12.1621 -23.4889 0 0 0 -0 0 0 0 -0 4.01987 26.8165 0 106.307 
0.00292706429961536816 1.57036 0 175854 22.8738 22.8452 6.48804 0 274.9621 -267.614 51.4683 36.5793 0 0 0 0 0 0 0 0 6.40119 19.2592 0 112.918 
0.00292706429961536816 1.66882 0 153408 22.7891 22.7608 6.3781 0 155.3391 138.396 -46.5505 53.0076 0 0 0 0 0 0 0 0 13.2504 24.8064 70.2436 180.631 
0.00296015863752871911 1.30498 0 148434 22.568 22.5405 6.0973 0 224.7681 223.311 15.5159 20.3 0 0 0 0 0 0 0 0 2.63562 7.86628 0 0 
0.0029686220144456237 0.213158 1 0 0 22.4181 5.94491 0 0 1 272.643 -102.376 -4.46723 1 269.37 -110.687 -13.428 0 0 0 -0 0 0 0 0 
0.00297476745929022143 0.585752 0 45426 22.4067 22.38 5.89793 0 291.8221 96.5054 -44.3433 -271.81 0 0 -0 0 0 0 -0 0 0.592333 4.10256 0 0 
0.00299720783132242799 0.436586 0 5085 22.277 22.2508 5.74084 0 282.0951 10.1748 95.1754 265.36 0 0 0 0 0 0 0 0 5.55666 15.0579 0 126.863 
0.0030336401196463191 0.119898 0 1919 22.1494 22.1236 5.58909 0 331.2821 -284.085 125.786 114.984 0 0 0 0 0 0 0 0 0 0 0 0 
0.0030336401196463191 0.825006 0 143717 21.9963 21.9712 19.601 0 01 0 0 0 0 0 0 0 0 0 0 0 10.7714 24.0353 100.977 163.546 
0.0030336401196463191 1.2018 0 153745 22.0528 22.0275 19.6507 0 01 0 -0 0 0 0 -0 0 0 0 -0 0 8.30669 17.8155 3.1984 67.8926 
0.0030336401196463191 1.59182 0 161955 22.1664 22.1406 5.60923 0 198.0791 91.9223 34.5168 -172.03 0 0 0 0 0 0 0 0 8.00905 20.7624 0 321.196 
0.0030336401196463191 1.79403 0 163978 22.052 22.0266 19.6499 0 01 0 -0 0 0 0 -0 0 0 0 -0 0 1.81783 7.30309 0 0 
0.0030336401196463191 2.36541 0 189779 22.0877 22.0622 5.51678 0 226.4881 -88.2094 -5.54339 208.532 0 0 -0 0 0 0 -0 0 0 6.96607 0 0 
0.00305883659842339298 0.98705 0 150319 21.8709 21.8463 19.4905 0 01 0 -0 0 0 0 -0 0 0 0 -0 0 2.95419 11.87 0 19.001 
0.00306143189213319879 0.292941 0 24795 21.8114 21.7869 19.4386 0 01 -0 0 0 0 -0 0 0 0 -0 0 0 1.79818 4.70445 0 0 
0.00306716090733923693 0.0723925 0 18397 21.7831 21.7587 19.4126 0 01 0 0 0 0 0 0 0 0 0 0 0 0 0 0 0 
0.00306716090733923693 0.515306 0 5802 21.7804 21.7561 19.4101 0 01 0 0 0 0 0 0 0 0 0 0 0 2.06147 4.12719 0 0 
0.00306972888074271213 1.61426 0 147298 21.7574 21.7331 19.3909 0 01 0 -0 0 0 0 -0 0 0 0 -0 0 0 0 0 0 
0.00307501529931138813 1.46015 0 172139 21.7289 21.7048 19.3648 0 01 0 -0 0 0 0 -0 0 0 0 -0 0 1.4597 5.7785 0 0 
0.00307700914631267195 0.885867 0 62404 21.7151 21.691 19.353 0 01 0 0 0 0 0 0 0 0 0 0 0 0 3.52011 0 0 
0.00310672280000794197 0.192602 1 57626 21.7137 8.24507 7.41586 0 0 1 -1.14353 -1.0475 -2.09754 0 -0 0 0 0 -0 0 0 0 0 0 0 
0.00310672280000794197 0.690189 0 190379 21.548 21.5246 19.2056 0 01 0 -0 0 0 0 -0 0 0 0 -0 0 6.82551 24.5402 0 4.07085 
0.00310672280000794197 0.772669 0 63111 21.6082 21.5845 19.259 0 01 0 0 0 0 0 0 0 0 0 0 0 10.9226 25.6784 120.494 200.651 
0.00310672280000794197 1.71265 0 150526 21.52 21.4967 19.1815 0 01 0 0 0 0 0 0 0 0 0 0 0 1.72998 6.93726 0 0 
0.00311074154129855436 0.435243 0 34929 21.5077 21.4844 19.1712 0 01 0 0 0 0 0 0 0 0 0 0 0 2.60778 9.0717 480.68 652.73 
0.0031524440812440626 0.192366 0 2133 21.2494 21.2271 18.9421 0 01 0 0 -0 0 0 0 -0 0 0 0 -0 0 0 0 0 
0.0031524440812440626 0.780339 0 125439 21.3014 21.2788 18.9878 0 01 -0 0 0 0 -0 0 0 0 -0 0 0 3.86902 19.3924 0 7.68943 
0.0031524440812440626 0.901397 0 74810 21.3199 21.2973 19.0042 0 01 0 0 0 0 0 0 0 0 0 0 0 7.23748 20.866 16.5066 95.6587 
0.0031524440812440626 1.98444 0 139643 0 21.6182 20.7277 0 01 0 0 0 0 0 0 0 0 0 0 0 1.9468 11.869 0 0 
0.00316522472272626806 0.423333 0 74169 21.2241 21.2019 18.9199 0 01 0 0 -0 0 0 0 -0 0 0 0 -0 5.17203 11.5841 29.969 93.3353 
0.00316522472272626806 1.84488 0 161127 21.1922 21.17 18.8921 0 01 0 0 -0 0 0 0 -0 0 0 0 -0 1.82486 12.6328 0 0 
0.00318252185005855805 0.538056 0 13778 21.0531 21.0314 18.7691 0 01 0 -0 0 0 0 -0 0 0 0 -0 0 1.61392 3.77809 16.5549 16.5549 
0.00320520997959803516 0.342153 0 61834 21.0137 20.9922 18.735 0 01 0 0 -0 0 0 0 -0 0 0 0 -0 10.7409 21.2495 176.783 1082.67 
0.00320520997959803516 0.745759 0 164300 20.9292 20.908 18.6601 0 01 0 0 0 0 0 0 0 0 0 0 0 8.33287 18.9351 104.09 154.859 
0.00320520997959803516 2.42362 0 199578 20.9148 20.8937 18.647 0 01 -0 0 0 0 -0 0 0 0 -0 0 0 2.5259 7.43667 0 0 
0.00323423554870532273 1.17775 0 171741 20.7738 20.7531 18.5225 0 01 -0 0 0 0 -0 0 0 0 -0 0 0 1.18217 3.56127 0 12.1414 
0.00326031202382911275 0.661832 0 52009 0.424295 20.6156 18.4002 0 01 0 0 0 0 0 0 0 0 0 0 0 3.93185 9.19374 0 80.6108 
0.00326488655620312549 0.670772 0 33876 20.5916 20.5716 18.3615 0 01 0 0 0 0 0 0 0 0 0 0 0 0 1.36022 0 0 
0.00326488655620312549 1.13223 0 163707 20.5744 20.5544 18.3463 0 01 0 0 0 0 0 0 0 0 0 0 0 1.13564 2.2611 0 0 
0.0032706203699302311 0.311381 0 98571 20.554 20.5341 18.328 0 01 0 0 0 0 0 0 0 0 0 0 0 1.24061 4.4999 0 44.7996 
0.00327954131070157728 0.353004 0 23718 20.5115 20.4917 18.291 0 01 -0 0 0 0 -0 0 0 0 -0 0 0 2.99041 8.91078 0 39.8206 
0.00329569867216000442 0.63203 0 82874 20.4299 20.4104 18.2186 0 01 0 0 0 0 0 0 0 0 0 0 0 2.54609 15.8278 0 333.497 
0.00329569867216000442 1.09491 0 143635 20.4154 20.3959 18.206 0 01 0 0 0 0 0 0 0 0 0 0 0 4.36493 13.0923 0 159.216 
0.00330193626380598324 1.01225 0 148444 20.3789 20.3596 18.1739 0 01 0 0 0 0 0 0 0 0 0 0 0 0 3.00164 0 0 
0.00330871810013786197 0.601177 0 17368 20.3403 20.3211 18.139 0 01 0 0 0 0 0 0 0 0 0 0 0 1.21533 9.77618 0 0 
0.00330871810013786197 0.89777 0 151331 20.3561 20.3368 18.1528 0 01 0 0 0 0 0 0 0 0 0 0 0 0 4.54975 0 0 
0.00331518486450110448 0.177464 0 29294 0.128924 20.2894 18.1109 0 01 0 0 0 0 0 0 0 0 0 0 0 0 0 0 0 
0.00335022251885881608 0.758326 0 44830 20.2644 20.2454 18.0721 0 01 0 -0 0 0 0 -0 0 0 0 -0 0 11.3345 29.4472 15.0849 220.687 
0.00335022251885881608 0.786783 0 171146 20.1221 20.1036 17.9467 0 01 0 0 0 0 0 0 0 0 0 0 0 9.31149 24.9058 13.074 97.3782 
0.00335022251885881608 1.10292 0 88115 20.2206 20.2018 18.0333 0 01 0 0 0 0 0 0 0 0 0 0 0 5.4589 16.3246 82.861 133.607 
0.00335022251885881608 1.28167 0 167944 20.2305 20.2117 18.0421 0 01 0 0 0 0 0 0 0 0 0 0 0 2.54423 18.9903 0 20.6234 
0.00335022251885881608 1.35217 0 59383 20.1415 20.1229 17.9638 0 01 0 0 -0 0 0 0 -0 0 0 0 -0 1.37488 13.4935 0 0 
0.00335022251885881608 1.53401 0 148344 20.1477 20.1292 17.9686 0 01 0 0 0 0 0 0 0 0 0 0 0 4.63098 26.2812 0 0 
0.00338320448176591742 1.74052 0 196880 0 20.2761 19.2831 0 01 0 0 0 0 0 0 0 0 0 0 0 3.51324 8.70944 0 0 
0.00338700932681552415 2.91046 0 185677 0 20.0594 21.2263 0 01 0 0 0 0 0 0 0 0 0 0 0 0 0 0 0 
0.0033950186881489589 1.85016 0 173828 19.8898 19.872 17.7417 0 01 0 0 0 0 0 0 0 0 0 0 0 1.78077 1.78077 0 0 
0.00343574642955808999 0.295319 0 1612 19.8229 19.8054 17.6815 0 01 0 0 0 0 0 0 0 0 0 0 0 13.1574 29.6121 1400.61 1926.13 
0.00343574642955808999 0.345955 0 7154 19.822 19.8044 17.6805 0 01 0 0 0 0 0 0 0 0 0 0 0 15.1856 30.3957 627.614 1297.7 
0.00343574642955808999 0.365808 0 29937 19.7082 19.691 17.5808 0 01 0 -0 0 0 0 -0 0 0 0 -0 0 9.09513 28.1729 123.997 276.892 
0.00343574642955808999 0.375823 0 53826 19.7413 19.7241 17.6103 0 01 0 0 0 0 0 0 0 0 0 0 0 9.09513 28.1729 123.997 276.892 
0.00343574642955808999 0.75356 1 208454 21.3968 15.3103 13.7755 0 0 2 0.461627 -0.461954 -0.341785 0 0 0 -0 0 0 0 -0 9.0735 27.984 127.839 161.513 
0.00343574642955808999 2.04636 0 175405 19.6829 19.6658 17.5577 0 01 0 -0 0 0 0 -0 0 0 0 -0 0 4.1177 16.6339 0 14.9981 
0.00343574642955808999 2.8362 0 73017 19.7728 19.7554 17.6381 0 01 0 0 0 0 0 0 0 0 0 0 0 2.6521 5.51595 0 0 
0.0034694087759750236 0.450515 0 15890 19.6421 19.6251 17.5215 0 01 -0 0 0 0 -0 0 0 0 -0 0 0 12.4612 30.91 237.11 570.347 
0.0034694087759750236 1.24995 0 184723 19.6454 19.6284 17.5246 0 01 0 0 0 0 0 0 0 0 0 0 0 7.40371 20.9365 0 175.288 
0.0034694087759750236 2.38502 0 179770 19.6083 19.5915 17.4927 0 01 0 0 -0 0 0 0 -0 0 0 0 -0 4.6933 14.0987 0 151.429 
0.00347549742750899969 0.401107 1 205885 13.5601 14.5436 12.8894 0 0 2 -0.573899 4.49572 -3.46845 0 0 0 0 0 0 0 0 4.0266 11.7322 0 130.135 
0.00465315791027154802 0.176298 1 201564 15.6681 10.9532 6.95438 0 0 2 -40.7676 130.253 -2.56805 0 0 0 0 0 0 0 0 0 0 0 0 
