#1:time #2:r #3.binary? #4:ID #5:zams_m #6:m_progenitor #7:bh mass #8:bh_spin #9:birth-kick(km/s) #10-25:vsarray
0.0011616637983475394 0.446859 0 48795 148.621 16.622 14.8285 0 01 0 0 0 0 0 0 0 0 0 0 0 2.1899 5.68804 0 500.523 
0.00118078172852568389 0.122131 0 1230 0.206538 16.7307 14.9325 0 01 -0 0 0 0 -0 0 0 0 -0 0 0 4.83438 10.6405 2230.64 3073.79 
0.00118078172852568389 0.111351 1 62090 0.133517 16.6494 14.8547 0 0 2 -0.000161227 0.00673859 0.0142382 0 0 0 0 0 0 0 0 4.83438 10.6405 2230.64 3073.79 
0.00118078172852568389 0.169322 1 40380 0 16.7205 14.9227 0 0 2 -0.00400853 -0.000433832 0.0106097 0 -0 0 0 0 -0 0 0 4.83438 10.6405 2230.64 3073.79 
0.00118078172852568389 0.361038 0 73525 0.183892 16.6553 14.8603 0 01 0 -0 0 0 0 -0 0 0 0 -0 0 9.1413 21.0056 610.599 2061.37 
0.00118078172852568389 0.556591 0 100504 136.028 16.6747 14.8789 0 01 0 0 -0 0 0 0 -0 0 0 0 -0 6.05846 14.2897 92.8148 549.016 
0.00118078172852568389 0.684533 0 115717 0 16.6377 14.8436 0 01 0 0 -0 0 0 0 -0 0 0 0 -0 4.1163 17.1617 0 120.399 
0.00119465356162174298 0.311715 1 34504 0 16.7624 14.9628 0 0 1 0.0522907 -0.0490407 0.00380998 0 0 0 -0 0 0 0 -0 3.78588 15.2393 1.22081 952.454 
0.00119465356162174298 0.926716 0 119279 118.641 16.6354 14.8413 0 01 -0 0 0 0 -0 0 0 0 -0 0 0 3.66769 8.24982 93.9734 109.63 
0.00119465356162174298 1.48018 0 174558 126.594 16.6263 14.8326 0 01 0 0 -0 0 0 0 -0 0 0 0 -0 4.4373 13.2402 0 11.7921 
0.00120613720261210583 0.790274 0 175727 0 16.422 14.6375 0 01 0 0 0 0 0 0 0 0 0 0 0 5.49124 10.2092 0 1.5831 
0.00123261158684337901 0.215229 1 10657 0 15.8642 14.1064 0 0 1 0.0113214 -0.00367506 -0.00505057 0 0 0 0 0 0 0 0 7.19309 17.6158 1134.07 1887.35 
0.00123261158684337901 0.238709 0 64926 104.991 15.7252 13.9744 0 01 0 -0 0 0 0 -0 0 0 0 -0 0 7.96223 23.022 506.791 1253.03 
0.00123261158684337901 0.576469 0 48757 103.84 15.6459 13.8992 0 01 0 0 0 0 0 0 0 0 0 0 0 6.92548 24.2119 40.1132 766.795 
0.00123261158684337901 0.693852 1 92882 0 15.8646 14.1068 0 0 2 -0.00800399 0.00648273 0.0235548 0 0 0 0 0 0 0 0 6.88106 22.0548 0 34.6834 
0.00123261158684337901 0.850425 0 9424 0.621368 15.3136 13.5845 0 01 0 0 0 0 0 0 0 0 0 0 0 9.23707 31.0229 133.456 340.503 
0.00123261158684337901 0.827959 1 188351 0 16.0639 14.2962 0 0 2 0.000864001 0.0032991 -0.00124891 0 0 0 -0 0 0 0 -0 9.23707 31.0229 133.456 340.503 
0.00123261158684337901 0.929083 0 149723 103.931 15.6632 13.9156 0 01 0 0 0 0 0 0 0 0 0 0 0 1.83807 12.0209 0 0 
0.00123261158684337901 1.25791 0 111187 103.99 15.6759 13.9277 0 01 0 0 0 0 0 0 0 0 0 0 0 7.60717 21.6039 61.1158 137.493 
0.00123261158684337901 1.96198 0 178115 104.318 15.7343 13.9831 0 01 0 0 0 0 0 0 0 0 0 0 0 2.03794 4.09285 1.02475 1.02475 
0.00125094094468228777 0.185795 1 0 102.31 11.6924 7.6819 0 0 1 -1.47707 -26.3473 -33.2925 1 9.45419 -6.90243 8.99529 0 0 0 0 4.82186 10.1736 584.835 2044.14 
0.00125094094468228777 1.47837 0 168168 93.8479 14.761 13.0632 0 01 0 0 0 0 0 0 0 0 0 0 0 0 8.88974 0 0 
0.00128363852879794372 0.192545 1 0 0 14.1717 11.8503 0 0 1 -6.82014 4.02057 -26.532 1 -6.36757 5.69483 -26.3852 0 0 0 0 8.17676 19.1372 1230.52 1844.16 
0.00128363852879794372 0.283291 1 51333 0 11.1198 7.0343 0 0 2 32.0938 -131.078 105.291 0 0 0 0 0 0 0 0 10.2 25.3843 29.3185 552.232 
0.00128363852879794372 0.491433 0 147898 86.2269 14.1715 11.8497 0 24.05951 23.6872 -1.12734 4.06269 0 0 0 0 0 0 0 0 10.948 31.2926 319.05 369.991 
0.00128363852879794372 0.557354 0 61874 0.0871055 14.4082 12.3653 0 10.75191 7.92793 5.88535 -4.25609 0 0 0 0 0 0 0 0 10.7325 26.4568 516.997 1619.02 
0.00128363852879794372 0.657686 0 167048 92.1791 14.6471 12.9065 0 1.756561 -0.499634 -1.53902 -0.683569 0 -0 0 0 0 -0 0 0 5.23256 21.5442 0 187.557 
0.00128363852879794372 0.887522 0 150155 90.7141 14.5668 12.7223 0 7.033721 4.51169 -4.73687 -2.58455 0 0 -0 0 0 0 -0 0 7.8921 20.9978 0 59.5981 
0.00128363852879794372 1.23397 0 136651 90.7845 14.5812 12.7551 0 2.829841 -2.49885 -1.32796 -0.016367 0 0 0 -0 0 0 0 -0 8.69883 22.3194 0 0 
0.00128363852879794372 1.9636 0 176205 86.732 14.274 12.0704 0 15.25381 -11.9855 4.23607 8.43114 0 0 0 0 0 0 0 0 1.88539 13.349 0 0 
0.00128363852879794372 1.97394 0 159815 87.188 14.1807 11.8695 0 27.54341 -13.1976 7.52347 22.9752 0 0 0 0 0 0 0 0 6.10796 18.3538 0 4.3217 
0.00130354773879165064 0.25305 1 0 0 13.711 10.9061 0 0 1 -5.86119 -14.5795 -44.1746 1 -9.74501 -11.888 -44.5415 0 0 0 0 8.23346 17.7 882.895 1611.03 
0.00130354773879165064 0.744031 0 122627 80.8837 13.5941 10.6789 0 53.5681 50.1059 -13.3551 13.4375 0 0 0 0 0 0 0 0 8.92121 15.6268 59.0192 258.395 
0.00130354773879165064 1.25026 0 161709 107.222 14.5297 12.6379 0 14.68121 8.70291 -0.00703608 11.8235 0 0 0 0 0 0 0 0 2.46015 13.615 0 0 
0.00132432904555632256 0.312818 1 0 0 13.1795 9.91357 0 0 1 -72.7959 25.3315 -56.9284 1 -71.9628 27.8993 -56.8498 0 0 0 0 6.82326 20.3102 141.612 554.515 
0.00132432904555632256 0.359526 1 78203 0 10.9275 6.84291 0 0 2 61.9055 -94.49 84.9352 0 0 0 0 0 0 0 0 7.72262 19.0185 451.437 727.845 
0.00132432904555632256 0.549865 0 100809 75.8412 13.1465 9.85533 0 65.02551 5.59499 -17.3748 62.411 0 0 0 0 0 0 0 0 12.407 25.3983 181.81 1234.16 
0.00132432904555632256 0.805832 0 102311 75.0149 13.0933 9.76245 0 75.7861 -37.9415 49.2904 -43.2945 0 0 0 0 0 0 0 0 8.73858 19.9213 153.776 153.776 
0.00132432904555632256 1.1106 0 176470 78.0612 13.3753 10.2672 0 31.16641 -7.7922 -25.525 -16.0965 0 -0 0 0 0 -0 0 0 3.39455 22.6354 0 186.149 
0.00132432904555632256 1.48522 0 42429 77.2398 13.3343 10.192 0 49.40961 48.2157 5.15753 9.48438 0 0 0 0 0 0 0 0 1.47132 7.33747 0 0 
0.00132432904555632256 1.58922 0 115918 78.7712 13.3659 10.2499 0 91.31231 -31.6028 -7.78842 -85.3144 0 -0 0 0 0 -0 0 0 3.22226 9.63047 0 0 
0.00133962039381928938 0.561787 1 0 0 12.8941 9.4232 0 0 1 -42.4218 -6.6734 -2.55572 1 -42.0218 -7.5022 -6.90428 0 0 0 -0 8.47631 16.9637 45.6194 165.527 
0.00133962039381928938 1.25904 0 152617 73.6069 12.921 9.46813 0 45.83721 -39.853 -4.77037 22.1367 0 0 0 0 0 0 0 0 7.42199 16.1753 0 154.703 
0.00135416336113282983 0.646371 0 51259 69.5325 12.4431 8.70869 0 130.3561 57.8265 99.4953 61.2328 0 0 0 0 0 0 0 0 2.53322 14.0009 0 14.0292 
0.00135416336113282983 1.17389 0 114706 70.8061 12.6026 8.95301 0 81.76431 65.0229 -28.7985 -40.3493 0 0 -0 0 0 0 -0 0 3.52817 8.22384 0 0 
0.00135416336113282983 1.75233 0 174664 69.4959 12.4281 8.68614 0 91.50921 -19.6838 -88.1672 -14.5957 0 0 -0 0 0 0 -0 0 0 8.8177 0 0 
0.00135416336113282983 2.01309 0 153939 71.4512 12.6156 8.97329 0 106.9221 -98.6187 40.3643 -8.79729 0 0 0 0 0 0 0 0 4.00437 6.07307 0 0 
0.00137946741994540841 0.26815 0 24013 68.8349 12.406 8.65312 0 51.06341 -51.0601 -0.411144 -0.409255 0 0 0 -0 0 0 0 -0 8.67408 19.8347 203.28 1202.1 
0.00137946741994540841 0.594434 0 71530 66.0952 12.0306 8.11941 0 82.02711 -30.4151 69.93 30.2186 0 0 0 0 0 0 0 0 11.8139 23.0412 73.3705 230.303 
0.00137946741994540841 0.705222 0 111328 67.4826 12.2113 8.36999 0 64.59911 -32.0121 -22.1494 51.5527 0 0 -0 0 0 0 -0 0 9.89624 19.7556 27.5435 589.43 
0.00137946741994540841 1.37635 0 121014 67.3249 12.1854 8.33342 0 192.2351 -82.0786 147.435 -92.0886 0 -0 0 0 0 -0 0 0 2.80282 5.5724 0 0 
0.00137946741994540841 2.40294 0 196871 67.4387 12.2095 8.3675 0 65.05881 -61.0911 -12.9006 18.2783 0 0 0 0 0 0 0 0 4.69148 25.7325 0 0 
0.00139563902523901461 0.383324 0 88100 0.379483 11.7167 7.71201 0 110.4971 -23.1772 84.8159 66.9221 0 0 0 0 0 0 0 0 6.47944 21.71 299.968 612.243 
0.00139563902523901461 0.517097 0 12700 64.3014 11.8735 7.9111 0 44.63221 43.2347 4.18471 10.2608 0 0 0 0 0 0 0 0 4.72163 18.8553 144.33 508.023 
0.00139563902523901461 0.848829 0 11010 64.4191 11.9293 7.98408 0 52.83231 27.8644 -10.5953 43.6185 0 0 0 0 0 0 0 0 6.84466 11.987 0 11.407 
0.00139563902523901461 1.62501 0 150382 65.3114 12.0071 8.08768 0 96.25221 33.4216 -8.2239 -89.888 0 0 0 -0 0 0 0 -0 0 8.02692 0 0 
0.00142728400940346045 0.691599 0 176147 59.5084 11.6161 7.58886 0 142.041 134.184 -35.5317 -30.1247 0 0 0 0 0 0 0 0 11.0356 22.0393 105.262 876.279 
0.00142728400940346045 0.753947 0 25991 61.3019 11.4823 7.43073 0 57.55741 13.8078 32.167 -45.6891 0 0 0 -0 0 0 0 -0 12.954 30.4672 105.817 474.541 
0.00142728400940346045 0.776483 0 110778 61.5212 11.541 7.49934 0 83.8121 53.9077 56.8008 -29.8676 0 0 0 0 0 0 0 0 8.67472 17.3419 264.559 360.434 
0.00142728400940346045 0.788501 0 197790 61.1754 11.4718 7.41864 0 130.3181 128.206 -22.3509 -6.80932 0 0 0 0 0 0 0 0 8.67472 17.3419 264.559 360.434 
0.00142728400940346045 0.813518 0 25684 63.0733 11.717 7.71239 0 197.2561 -43.7469 -189.303 -34.0689 0 0 -0 0 0 0 -0 0 4.86802 18.7035 51.63 182.118 
0.00142728400940346045 0.837763 0 95702 60.5667 11.4818 7.43013 0 123.9231 122.28 -16.0227 -12.1594 0 0 0 0 0 0 0 0 5.87775 20.128 0 9.60586 
0.00142728400940346045 0.842798 0 177308 63.2174 11.7332 7.73248 0 136.0741 -133.401 -20.7916 -16.972 0 0 0 0 0 0 0 0 5.87775 20.128 0 9.60586 
0.00142728400940346045 0.879936 0 107024 60.5044 11.4662 7.41209 0 78.39841 2.39712 -78.3577 -0.801732 0 0 0 0 0 0 0 0 6.22707 22.3046 0 77.6278 
0.00142728400940346045 1.08 0 166865 62.8942 11.751 7.75476 0 193.1831 171.236 -72.3458 -52.571 0 0 0 0 0 0 0 0 5.36347 12.9715 0 87.8829 
0.00142728400940346045 1.49306 0 164435 61.1483 11.4629 7.4083 0 118.7771 -90.1905 76.3624 -11.9377 0 0 0 -0 0 0 0 -0 4.46015 14.9296 0 0 
0.00142728400940346045 1.86037 0 184514 59.5604 11.62 7.5936 0 110.9251 67.0327 39.3826 -79.1202 0 0 0 0 0 0 0 0 1.90451 13.2146 0 0 
0.00142728400940346045 2.17691 0 181303 61.4273 11.509 7.46178 0 147.1241 53.3209 -129.862 -44.0267 0 0 0 0 0 0 0 0 0 13.1899 0 0 
0.00143242758759704134 0.966209 0 156600 59.8262 11.2953 7.22037 0 77.93831 76.8077 9.22468 9.47946 0 0 0 0 0 0 0 0 0.952704 8.55672 0 0 
0.00144854712836604577 0.438347 0 52253 57.7001 11.1309 7.04574 0 235.191 -195.158 117.045 59.3967 0 0 0 0 0 0 0 0 6.14406 18.8641 4.61617 238.779 
0.00144854712836604577 1.02857 0 85265 58.7173 11.393 7.32877 0 269.0661 -109.541 -35.8807 -243.126 0 0 0 -0 0 0 0 -0 5.0996 14.24 0 0 
0.00144854712836604577 1.22263 0 147276 58.7407 11.4097 7.34756 0 88.65711 -82.4831 -19.3816 26.0954 0 0 0 0 0 0 0 0 4.91208 9.8171 0 362.626 
0.00148601345741810839 0.117651 1 0 0 10.8651 6.7836 0 0 1 79.8442 77.9092 15.4571 1 79.534 77.6438 18.3839 0 0 0 0 7.18066 14.7195 1223.47 2190.01 
0.00148601345741810839 0.263683 0 28748 0.195265 10.9214 6.83701 0 140.1981 104.566 92.9077 9.4675 0 0 0 0 0 0 0 0 12.0665 24.8603 402.663 1210.41 
0.00148601345741810839 0.507339 0 58352 55.3119 10.7676 6.6937 0 192.3921 -147.559 -33.4424 118.84 0 0 0 0 0 0 0 0 11.8345 23.1663 89.1073 112.98 
0.00148601345741810839 1.26031 0 128897 55.4251 10.7916 6.71554 0 57.01351 55.642 -11.8002 3.90592 0 0 0 0 0 0 0 0 1.27877 16.6064 0 0 
0.00148601345741810839 1.33096 0 179664 56.8427 10.9135 6.8294 0 130.4571 -130.241 0.856348 -7.46341 0 0 0 -0 0 0 0 -0 0 5.30005 0 0 
0.00148601345741810839 2.08001 0 134142 56.2477 11.0216 6.93485 0 130.8561 -61.4043 -109.177 -37.8576 0 0 0 0 0 0 0 0 8.34138 20.8753 0 610.725 
0.00150277721196260291 0.0811505 1 10715 0 9.14102 7.95629 0 0 1 -0.260081 1.11039 0.762524 0 -0 0 0 0 -0 0 0 3.59647 6.55125 68.9221 924.128 
0.00150277721196260291 0.303774 0 37483 52.7163 10.6204 6.56436 0 140.281 53.1117 70.6962 -108.903 0 0 0 0 0 0 0 0 5.51475 14.0611 138.02 456.834 
0.00150277721196260291 0.960847 0 75494 52.6861 10.6203 6.56425 0 183.3331 -61.4937 99.7763 -140.976 0 0 0 0 0 0 0 0 1.93089 7.6993 0 0 
0.00153476166145398961 0.119955 1 56191 51.4257 8.95223 7.79161 0 0 1 -1.2621 0.279507 -0.110225 0 0 0 0 0 0 0 0 7.1931 14.5013 1374.53 2041.74 
0.00153476166145398961 0.251948 0 27716 0.0883301 10.6209 6.5648 0 137.3631 22.3921 -60.8331 -121.106 0 0 0 0 0 0 0 0 11.9461 27.2143 170.679 863.346 
0.00153476166145398961 0.370403 0 43106 0.31809 10.6046 6.55101 0 52.35881 -37.4868 -31.0333 -19.3163 0 0 0 0 0 0 0 0 12.1632 26.1588 159.812 355.045 
0.00153476166145398961 0.470813 0 74245 51.1709 10.6376 6.57898 0 128.7411 74.0789 -74.3664 74.5404 0 0 0 0 0 0 0 0 10.3795 31.162 672.623 870.672 
0.00153476166145398961 0.52752 0 44453 51.9633 10.6326 6.57476 0 212.8911 212.194 -8.15721 15.1636 0 0 -0 0 0 0 -0 0 8.77752 22.7658 141.765 261.713 
0.00153476166145398961 0.882422 0 111644 52.5187 10.6187 6.56288 0 27.99691 -1.78127 10.3865 25.9379 0 0 0 0 0 0 0 0 3.4781 22.713 0 4.14637 
0.00153476166145398961 1.05169 0 154047 1.22818 10.6194 6.5635 0 81.76561 80.6403 -13.4686 -1.1659 0 0 -0 0 0 0 -0 0 8.45774 20.0809 0 11.5949 
0.00153476166145398961 1.13489 1 165646 52.3922 8.8663 7.71669 0 0 1 1.23512 1.77673 -1.15496 0 0 0 -0 0 0 0 -0 8.96138 24.6761 0 5.3637 
0.00153476166145398961 1.43182 0 185627 50.0487 10.6589 6.59736 0 179.5831 77.6603 -27.1909 -159.623 0 0 -0 0 0 0 -0 0 1.41777 21.277 0 0 
0.00153476166145398961 2.45272 0 194166 51.865 10.6076 6.55359 0 89.30351 53.0523 14.4634 70.3661 0 0 0 0 0 0 0 0 2.37635 9.50606 0 196.628 
0.00153970299010075637 0.596434 0 161343 0.128666 10.6803 6.61605 0 56.53821 -56.0874 6.55111 2.80246 0 0 0 0 0 0 0 0 1.82528 5.47172 0 0 
0.00153970299010075637 0.792545 0 89578 49.7995 10.664 6.60183 0 207.0161 -206.792 9.18492 -2.88265 0 -0 0 0 0 -0 0 0 0.795372 1.60484 0 4.94021 
0.00154394246047280851 0.727458 0 54190 49.2892 10.7335 6.66301 0 115.7131 -99.2085 32.1955 50.1066 0 0 0 0 0 0 0 0 2.90404 10.8582 0 4.55099 
0.00154394246047280851 2.18516 0 183715 49.3078 10.7344 6.66378 0 191.0691 144.23 12.5535 124.689 0 0 0 0 0 0 0 0 0 4.46408 0 0 
0.00155023044100291701 0.497962 0 116262 0.0872263 10.7042 6.63701 0 171.821 11.1867 -82.2128 150.459 0 0 0 0 0 0 0 0 2.44491 6.4199 130.407 318.882 
0.00155023044100291701 1.54434 0 162029 49.042 10.7069 6.63939 0 246.181 136.51 8.62324 -204.684 0 0 0 0 0 0 0 0 0 4.63338 0 0 
0.00158046027437123504 0.244899 1 0 0.094778 10.5844 6.5342 0 0 1 62.9547 140.711 -55.6044 1 62.1415 140.596 -56.8167 0 0 0 -0 10.3562 23.9812 774.403 1032.4 
0.00158046027437123504 0.278378 0 45741 47.4805 10.6531 6.59235 0 129.2551 -50.1041 -103.544 58.9501 0 -0 0 0 0 -0 0 0 10.419 25.3238 832.496 1193.67 
0.00158046027437123504 0.353478 0 27316 48.1001 10.6545 6.59357 0 103.2481 44.1906 7.90677 -92.9778 0 0 0 -0 0 0 0 -0 9.5811 26.0183 148.632 560.564 
0.00158046027437123504 0.41316 0 183290 48.3797 10.6946 6.62855 0 184.0231 177.246 41.7413 26.5726 0 0 0 0 0 0 0 0 16.9431 31.045 289.304 1133.76 
0.00158046027437123504 0.458015 0 62226 48.302 10.6897 6.62428 0 117.8791 -30.914 -33.2262 108.792 0 -0 0 0 0 -0 0 0 11.6555 25.1496 21.846 322.007 
0.00158046027437123504 0.92207 0 164882 1.18194 10.7505 6.67822 0 174.3461 173.982 -11.2563 -0.473595 0 0 0 -0 0 0 0 -0 3.64701 22.8031 0 0 
0.00158046027437123504 1.14392 0 99846 48.7235 10.736 6.66526 0 84.26491 -6.57647 -83.7643 6.39229 0 0 0 0 0 0 0 0 7.91626 19.1935 0 56.0187 
0.00158046027437123504 1.59349 0 157557 48.6908 10.7339 6.66337 0 193.0591 -173.627 36.294 -76.2121 0 0 0 -0 0 0 0 -0 3.2049 11.1975 0 12.49 
0.00162490054445656932 0.498725 0 85683 44.9658 10.4779 6.44745 0 249.6521 188.305 -153.297 -58.0294 0 0 0 0 0 0 0 0 14.9922 42.4504 185.93 496.326 
0.00162490054445656932 0.504006 0 57888 0.526649 10.6264 6.56938 0 214.2641 -201.307 -68.7655 25.6043 0 -0 0 0 0 -0 0 0 14.9922 42.4504 185.93 496.326 
0.00162490054445656932 0.542795 0 58596 45.3218 10.4668 6.43862 0 235.5271 -83.4337 -203.459 -84.3572 0 0 -0 0 0 0 -0 0 13.0651 38.6637 45.2511 50.0813 
0.00162490054445656932 0.546922 0 60170 45.2368 10.4549 6.42922 0 243.5961 149.631 52.3514 184.957 0 0 0 0 0 0 0 0 13.0651 38.6637 45.2511 50.0813 
0.00162490054445656932 0.942943 0 37829 45.571 10.5026 6.46724 0 188.7751 -177.31 -25.9344 59.3683 0 0 0 0 0 0 0 0 12.243 26.3707 0 9.57958 
0.00162490054445656932 1.00739 0 65477 45.4948 10.4993 6.46455 0 229.2161 -92.3632 118.054 173.414 0 0 0 0 0 0 0 0 10.9416 23.9984 0 157.641 
0.00162490054445656932 1.04318 0 146828 45.4911 10.497 6.46272 0 47.7761 33.7544 30.2081 -15.1873 0 0 0 0 0 0 0 0 5.19498 23.8481 0 0 
0.00162490054445656932 1.07256 0 144755 46.2284 10.5954 6.54337 0 124.0841 55.6582 -81.8362 -74.8458 0 0 -0 0 0 0 -0 0 5.31641 18.0697 0 163.641 
0.00162490054445656932 1.35622 0 139943 46.444 10.6106 6.55609 0 143.751 -126.848 33.7867 58.5852 0 -0 0 0 0 -0 0 0 6.91307 26.1484 0 66.4572 
0.00162490054445656932 1.57235 0 63181 45.5723 10.5026 6.46721 0 64.1231 -57.18 -24.7667 -15.1264 0 0 0 0 0 0 0 0 11.2045 27.2075 0 0 
0.00162490054445656932 1.93998 0 177060 46.786 10.5551 6.50996 0 195.0051 138.645 -113.355 77.1711 0 0 -0 0 0 0 -0 0 5.63057 22.6969 0 12.8842 
0.00162490054445656932 2.96915 0 194155 45.6927 10.5187 6.48023 0 112.7881 100.607 -50.7442 -4.93255 0 0 0 0 0 0 0 0 2.8155 14.6896 0 52.3859 
0.00164746521945865706 0.24139 0 35366 43.6827 10.4193 6.40131 0 122.9371 -110.984 28.9286 44.2626 0 0 0 0 0 0 0 0 10.0902 21.187 297.577 1168.63 
0.00164746521945865706 0.343693 0 83883 43.4998 10.4058 6.39086 0 127.9761 -9.33558 -17.274 -126.461 0 0 -0 0 0 0 -0 0 9.65801 21.9359 237.299 494.849 
0.00164746521945865706 0.400421 0 25648 43.9216 10.4565 6.43046 0 172.9961 -154.825 -70.7464 -30.8501 0 0 -0 0 0 0 -0 0 14.2653 31.489 57.7402 562.52 
0.00164746521945865706 0.554715 0 150523 43.4831 10.4061 6.39114 0 165.7351 -111.137 -68.7371 101.942 0 0 0 0 0 0 0 0 3.82451 13.6614 40.9798 40.9798 
0.00164746521945865706 0.659096 0 120626 44.1948 10.3807 6.37163 0 125.1551 116.277 -35.6751 29.5093 0 0 -0 0 0 0 -0 0 5.95726 15.191 12.6707 12.6707 
0.00164746521945865706 0.778869 0 68583 43.541 10.4101 6.39423 0 116.1911 -97.701 -52.2892 34.9392 0 0 -0 0 0 0 -0 0 6.24447 16.3877 1.95312 1.95312 
0.00164746521945865706 0.907793 0 85753 43.43 10.385 6.37487 0 179.7471 14.8908 -57.0051 169.816 0 0 -0 0 0 0 -0 0 2.75032 11.8599 0 40.0556 
0.00164746521945865706 1.16681 0 141955 43.841 10.4511 6.42624 0 157.1121 77.6572 97.2201 95.9263 0 0 0 0 0 0 0 0 3.55004 12.9003 18.5132 18.5132 
0.00164746521945865706 1.88443 0 94719 43.369 10.3816 6.37231 0 147.081 12.6914 10.339 146.166 0 0 0 0 0 0 0 0 7.61957 13.2615 0 6.33194 
0.00167524571770445198 0.217398 1 20900 43.6574 8.12872 2.30668 0 0 1 4.77215 7.28827 -14.1077 0 0 0 -0 0 0 0 -0 11.2934 23.9609 1199.86 1635.64 
0.00167524571770445198 0.24568 0 131772 42.8596 10.3202 6.32598 0 136.6281 -134.229 24.0417 -8.47083 0 0 0 0 0 0 0 0 11.2934 23.9609 1199.86 1635.64 
0.00167524571770445198 0.536852 0 68259 42.4999 10.2617 6.28304 0 180.0741 159.567 81.9233 15.934 0 0 0 0 0 0 0 0 9.81968 29.4701 11.0147 132.649 
0.00167524571770445198 0.671636 0 170070 42.6563 10.2821 6.29783 0 151.2211 -11.971 148.829 23.9624 0 -0 0 0 0 -0 0 0 8.59253 21.1647 113.128 210.754 
0.00167524571770445198 3.27131 0 197910 42.2259 10.2435 6.26988 0 44.51151 -43.1474 7.18236 8.24572 0 0 0 0 0 0 0 0 0 7.73862 0 0 
0.00173636666366045627 0.136659 0 78974 41.3222 10.1927 6.23378 0 122.4111 -19.0745 115.104 -37.0379 0 -0 0 0 0 -0 0 0 9.83211 23.4002 1101.37 2168.53 
0.00173636666366045627 0.191125 1 0 0 10.1708 6.21848 0 0 1 -172.065 35.1265 12.1712 1 -172.52 32.7924 12.4525 0 0 0 0 9.83211 23.4002 1101.37 2168.53 
0.00173636666366045627 0.213896 0 6025 0.172761 10.2029 6.24099 0 181.0611 165.992 -23.2851 68.4657 0 0 -0 0 0 0 -0 0 15.8467 29.6979 292.088 1192.14 
0.00173636666366045627 0.221329 1 0 0 10.0419 6.13181 0 0 1 160.269 -31.9192 78.0704 1 158.366 -30.5931 82.51 0 0 0 0 15.8467 29.6979 292.088 1192.14 
0.00173636666366045627 0.329161 0 4347 41.5373 10.1959 6.23602 0 176.1161 -163.47 33.7864 56.1511 0 0 0 0 0 0 0 0 15.239 36.7496 890.751 1700.81 
0.00173636666366045627 0.659139 0 22499 40.4457 10.1532 6.20632 0 167.8191 -31.414 -132.048 -98.6899 0 0 0 0 0 0 0 0 15.9302 45.2057 95.0379 231.706 
0.00173636666366045627 0.743132 0 50618 39.3718 10.0214 6.1185 0 154.0491 -17.1941 148.27 38.1004 0 0 0 0 0 0 0 0 9.61256 28.7739 48.7521 284.245 
0.00173636666366045627 0.896092 0 111014 41.6225 10.2055 6.24283 0 156.8771 43.2564 -133.503 -70.1168 0 0 0 -0 0 0 0 -0 8.03635 32.0477 109.728 198.86 
0.00173636666366045627 1.13353 0 122995 40.6661 10.1862 6.22925 0 228.1861 -104.693 -169.227 111.671 0 -0 0 0 0 -0 0 0 10.2116 30.7043 0 367.781 
0.00173636666366045627 1.31952 0 51605 40.827 10.2123 6.2476 0 119.1991 117.609 -8.62731 -17.3768 0 0 0 0 0 0 0 0 9.07975 23.4463 48.7564 95.4566 
0.00173636666366045627 2.022 0 185827 39.6373 10.0697 6.15001 0 210.2881 -196.102 56.4271 50.8019 0 0 0 0 0 0 0 0 1.95623 19.9783 2.12018 2.12018 
0.00173636666366045627 2.20374 0 189256 40.4504 10.1556 6.20797 0 175.1281 47.8813 -128.32 109.139 0 0 0 0 0 0 0 0 2.2059 11.0608 166.803 166.803 
0.00173636666366045627 2.69134 0 195207 39.8973 10.0754 6.15381 0 325.2671 324.42 22.3269 -7.20431 0 0 0 0 0 0 0 0 0 10.483 0 0 
0.00173636666366045627 2.90368 0 191234 39.5368 10.0487 6.13622 0 190.7261 -27.5461 -138.564 128.131 0 -0 0 0 0 -0 0 0 3.07037 8.99356 0 36.9833 
0.00173636666366045627 3.24338 0 121054 41.5427 10.1967 6.23659 0 96.94171 -87.2906 -25.6166 33.494 0 0 -0 0 0 0 -0 0 0 6.59315 0 0 
0.00173636666366045627 3.46661 0 82477 40.9632 10.2402 6.2675 0 120.7471 49.4993 89.2871 -64.4791 0 0 0 -0 0 0 0 -0 0 6.59315 0 0 
0.0017931512190654318 0.24243 0 79197 38.3837 9.98708 6.09658 0 174.4581 54.1008 22.2339 -164.36 0 0 0 0 0 0 0 0 14.3233 33.1665 763.07 1255.98 
0.0017931512190654318 0.318054 0 36465 39.0862 10.0118 6.1123 0 151.7221 -75.487 -121.545 50.4808 0 -0 0 0 0 -0 0 0 17.6824 42.2916 499.922 1228.56 
0.0017931512190654318 0.54438 0 36799 37.7695 9.88754 6.03523 0 146.8761 -73.6187 125.904 -17.3517 0 0 0 -0 0 0 0 -0 21.0102 55.2086 515.557 1223.93 
0.0017931512190654318 0.654107 0 70798 38.6921 10.0291 6.12344 0 116.4751 41.6121 -94.3751 54.1131 0 0 0 0 0 0 0 0 14.1705 43.8472 11.3259 294.197 
0.0017931512190654318 1.1337 0 87721 37.6852 9.89527 6.03988 0 155.6581 -134.116 69.0897 -38.3257 0 0 0 0 0 0 0 0 11.3987 26.2428 0 222.114 
0.0017931512190654318 1.20197 0 159486 37.6837 9.89503 6.03973 0 88.61491 -38.644 -67.3405 42.714 0 -0 0 0 0 -0 0 0 9.77463 30.615 39.3627 113.058 
0.0017931512190654318 1.47656 0 159247 38.304 9.97745 6.0905 0 179.6551 114.318 23.3816 -136.604 0 0 0 0 0 0 0 0 7.47583 17.9252 132.16 200.46 
0.0017931512190654318 2.12194 0 170525 38.7956 10.0571 6.14171 0 185.8921 -182.693 0.462488 -34.3348 0 0 0 0 0 0 0 0 2.1617 6.42959 0 24.0915 
0.0017931512190654318 2.35593 0 167586 38.5806 10.0083 6.11007 0 336.9491 324.966 64.1652 -61.766 0 0 0 0 0 0 0 0 4.91159 24.2917 0 0 
0.00181803036208714238 0.11428 1 0 0 9.87036 6.02498 0 0 1 -229.343 53.1751 -51.2671 1 -228.903 52.5068 -53.9275 0 -0 0 0 5.51407 12.7464 483.289 1137.23 
0.00181803036208714238 0.222786 0 32995 37.0429 9.90205 6.04397 0 120.781 73.9472 -81.8835 49.1407 0 0 -0 0 0 0 -0 0 7.88769 19.5413 783.336 1040.98 
0.00181803036208714238 0.275557 0 58537 36.8577 9.86177 6.01989 0 217.1731 125.364 -99.4598 146.819 0 0 0 0 0 0 0 0 11.5332 25.287 213.062 955.01 
0.00181803036208714238 0.895795 0 143944 36.4785 9.8072 5.98814 0 207.2491 128.25 162.787 2.06633 0 0 0 0 0 0 0 0 4.50645 20.6654 0 111.536 
0.00181803036208714238 0.947712 0 62469 36.8054 9.85064 6.01333 0 109.9761 -91.6713 -3.67927 60.6423 0 0 0 0 0 0 0 0 4.77138 19.0281 12.5611 12.5611 
0.00181803036208714238 1.23655 0 162583 37.01 9.8993 6.0423 0 115.9231 -113.394 -14.3503 19.3382 0 -0 0 0 0 -0 0 0 2.45333 17.1464 110.515 110.515 
0.00181803036208714238 1.49767 0 144496 36.8656 9.8605 6.01914 0 120.2481 70.9435 -62.0564 74.6695 0 0 0 0 0 0 0 0 4.44935 16.4693 0 0 
0.00181803036208714238 1.82141 0 149543 36.7563 9.84515 6.01011 0 98.44571 7.46638 40.2284 -89.5404 0 0 0 0 0 0 0 0 5.47875 9.13035 0 0 
0.00181803036208714238 2.04549 0 169315 36.9321 9.87058 6.02511 0 47.47281 37.0017 -20.6185 21.4342 0 0 0 0 0 0 0 0 2.02325 10.074 0 0 
0.00184866697303383417 0.246829 0 52396 35.881 9.80879 5.98905 0 205.9181 -205.85 5.1226 1.34647 0 0 0 0 0 0 0 0 7.98294 25.1851 188.501 757.234 
0.00184866697303383417 0.482843 0 8274 35.9089 9.81537 5.99283 0 290.3551 211.506 -7.91361 198.768 0 0 0 0 0 0 0 0 7.33043 20.5239 13.4579 187.33 
0.00184866697303383417 0.527511 0 102873 35.6821 9.7781 5.97161 0 101.2041 -52.5953 -78.1185 37.0617 0 0 -0 0 0 0 -0 0 14.3845 31.4867 170.95 754.131 
0.00184866697303383417 0.545694 0 90793 35.7125 9.77969 5.97251 0 127.5521 -77.5774 94.7044 -35.8089 0 0 0 -0 0 0 0 -0 14.3845 31.4867 170.95 754.131 
0.00184866697303383417 1.08635 0 128347 35.8955 9.81381 5.99193 0 169.5031 67.2421 145.231 -55.8385 0 0 0 0 0 0 0 0 4.30397 15.1532 13.2826 13.2826 
0.00184866697303383417 1.3638 0 186579 35.8192 9.79958 5.98378 0 119.2181 116.767 14.5292 19.1683 0 0 0 0 0 0 0 0 9.49548 20.3271 0 11.5997 
0.00184866697303383417 3.40559 0 198841 35.9894 9.83821 6.00606 0 105.6641 -71.4692 -45.06 63.4555 0 0 0 0 0 0 0 0 0 0 0 0 
0.00194242312662078849 0.280385 0 71669 34.3464 9.59698 5.87516 0 142.7471 -98.6698 54.7333 87.4376 0 0 0 0 0 0 0 0 20.3083 47.6584 513.561 1238.58 
0.00194242312662078849 0.351437 0 38744 34.4193 9.61634 5.88494 0 135.0491 -9.75336 -14.396 133.925 0 0 -0 0 0 0 -0 0 18.6743 48.0343 305.472 908.876 
0.00194242312662078849 0.424244 0 43247 34.425 9.61992 5.88677 0 108.3641 94.0656 3.0473 53.713 0 0 0 0 0 0 0 0 20.367 56.0431 542.617 1026.27 
0.00194242312662078849 0.619653 0 17420 33.4215 9.49382 8.26364 0 01 0 0 0 0 0 0 0 0 0 0 0 31.0134 69.3773 340.615 794.598 
0.00194242312662078849 0.800934 0 87366 35.2759 9.71435 5.93641 0 159.7651 -56.2131 -139.329 54.3355 0 -0 0 0 0 -0 0 0 21.5873 51.9568 0 276.396 
0.00194242312662078849 0.849281 0 57393 35.2741 9.71501 5.93676 0 136.5161 -134.414 -6.87558 -22.8507 0 0 -0 0 0 0 -0 0 17.8525 45.1582 15.4288 531.922 
0.00194242312662078849 0.936875 0 196116 35.192 9.6886 5.92257 0 166.1661 164.904 19.8097 5.05422 0 0 0 0 0 0 0 0 18.7222 54.2041 0 247.037 
0.00194242312662078849 1.44362 0 140577 33.135 9.54416 5.8491 0 162.3741 -128.223 77.0232 -63.1791 0 0 0 -0 0 0 0 -0 10.1864 36.3583 0 244.321 
0.00194242312662078849 1.45366 0 138555 33.057 9.53758 5.84592 0 85.32811 34.3287 -66.3063 -41.3025 0 0 0 0 0 0 0 0 10.1864 36.3583 0 244.321 
0.00194242312662078849 1.45647 0 149405 33.1739 9.44742 8.22326 0 01 0 0 0 0 0 0 0 0 0 0 0 10.1864 36.3583 0 244.321 
0.00194242312662078849 1.72695 0 165929 34.8882 9.64043 5.89729 0 157.5061 146.329 -0.635918 58.2706 0 0 0 0 0 0 0 0 8.53124 30.6213 0 2.53707 
0.00194242312662078849 2.35246 0 191220 35.2742 9.71496 5.93674 0 204.871 -39.895 -19.3879 200.01 0 -0 0 0 0 -0 0 0 9.76209 34.0427 0 0 
0.00194242312662078849 2.78759 0 195542 33.3682 9.49052 8.26077 0 01 0 0 0 0 0 0 0 0 0 0 0 3.12265 17.9239 0 0 
0.00194242312662078849 2.83745 0 137507 34.7929 9.62264 5.88815 0 124.4581 -3.41765 113.646 -50.6244 0 0 0 -0 0 0 0 -0 3.12265 17.9239 0 0 
0.00197325249161301591 0.231528 0 41308 32.768 9.50573 8.27398 0 01 0 0 0 0 0 0 0 0 0 0 0 12.5266 24.3277 577.598 1367.8 
0.00197325249161301591 0.394435 0 30052 32.4488 9.44082 8.21752 0 01 0 0 0 0 0 0 0 0 0 0 0 10.569 26.1988 207.567 651.509 
0.00197325249161301591 0.812882 0 107151 32.3059 9.4179 8.19756 0 01 0 0 0 0 0 0 0 0 0 0 0 13.6771 28.9885 55.1224 153.875 
0.00197325249161301591 1.29354 0 176355 32.2815 9.41273 8.19306 0 01 0 0 0 0 0 0 0 0 0 0 0 6.39806 19.237 0 450.873 
0.0020618421001403135 0.17555 0 26774 30.6602 9.20562 8.0126 0 01 0 0 -0 0 0 0 -0 0 0 0 -0 13.2206 28.728 1102.8 2201.41 
0.0020618421001403135 0.206155 0 66897 31.2341 9.31872 8.11117 0 01 0 0 0 0 0 0 0 0 0 0 0 13.2206 28.728 1102.8 2201.41 
0.0020618421001403135 0.25397 0 52314 30.7935 9.23774 8.0406 0 01 0 0 0 0 0 0 0 0 0 0 0 19.316 44.4315 848.313 1685.33 
0.0020618421001403135 0.313509 1 204434 46.176 10.2892 6.30305 0 0 2 -13.8114 114.899 90.9291 0 0 0 0 0 0 0 0 20.6182 54.3924 250.647 567.186 
0.0020618421001403135 0.330455 0 209141 0.469093 12.7761 9.22917 0 127.2121 109.771 17.9372 61.7382 0 0 0 0 0 0 0 0 20.6182 54.3924 250.647 567.186 
0.0020618421001403135 0.490769 0 61743 0.19956 14.8327 13.1307 0 01 0 -0 0 0 0 -0 0 0 0 -0 0 25.7413 53.4818 97.9733 673.641 
0.0020618421001403135 0.50328 0 154920 31.2574 9.32077 8.11295 0 01 0 -0 0 0 0 -0 0 0 0 -0 0 25.7413 53.4818 97.9733 673.641 
0.0020618421001403135 0.589556 0 109173 31.5459 9.37143 8.15709 0 01 0 0 0 0 0 0 0 0 0 0 0 25.3844 57.1289 272.272 506.029 
0.0020618421001403135 0.599861 0 19678 30.5204 9.1804 7.99062 0 01 -0 0 0 0 -0 0 0 0 -0 0 0 25.3844 57.1289 272.272 506.029 
0.0020618421001403135 0.616569 0 30458 30.8936 9.25244 8.05341 0 01 0 0 0 0 0 0 0 0 0 0 0 19.6714 53.3434 277.361 478.785 
0.0020618421001403135 0.718151 0 34930 31.0161 9.2794 8.07691 0 01 0 0 0 0 0 0 0 0 0 0 0 21.9382 60.0587 15.8736 150.61 
0.0020618421001403135 0.777163 0 89901 30.3874 9.1582 7.97127 0 01 0 0 0 0 0 0 0 0 0 0 0 14.0583 40.6177 28.3381 177.595 
0.0020618421001403135 0.861258 0 121925 32.1195 9.37999 8.16455 0 01 0 0 0 0 0 0 0 0 0 0 0 21.3747 51.3054 4.06234 162.009 
0.0020618421001403135 0.974621 0 67849 0.185132 9.31293 8.10612 0 01 0 0 -0 0 0 0 -0 0 0 0 -0 12.6161 45.6273 11.1012 38.1486 
0.0020618421001403135 0.980444 0 139792 31.9889 9.35385 8.14178 0 01 0 0 0 0 0 0 0 0 0 0 0 12.6161 45.6273 11.1012 38.1486 
0.0020618421001403135 0.993562 0 69754 30.7762 9.23895 8.04165 0 01 0 0 -0 0 0 0 -0 0 0 0 -0 16.0727 48.0862 221.498 258.488 
0.0020618421001403135 1.07726 0 15422 31.4974 9.36527 8.15172 0 01 0 -0 0 0 0 -0 0 0 0 -0 0 15.9604 40.4595 0 1033.51 
0.0020618421001403135 1.16797 0 132704 30.5626 9.18736 7.99669 0 01 0 0 0 0 0 0 0 0 0 0 0 15.1823 41.9806 0 2.57566 
0.0020618421001403135 1.17256 0 59481 30.6952 9.21434 8.0202 0 01 0 0 0 0 0 0 0 0 0 0 0 15.1823 41.9806 0 2.57566 
0.0020618421001403135 1.181 0 55686 31.4713 9.36151 8.14845 0 01 -0 0 0 0 -0 0 0 0 -0 0 0 15.1823 41.9806 0 2.57566 
0.0020618421001403135 1.4106 0 177987 30.7625 9.24002 8.04259 0 01 0 0 0 0 0 0 0 0 0 0 0 7.11631 31.2858 0 144.165 
0.0020618421001403135 1.46893 0 184947 31.2345 9.31888 8.1113 0 01 0 0 0 0 0 0 0 0 0 0 0 11.7539 32.3308 0 37.5786 
0.0020618421001403135 1.60638 0 194475 30.6804 9.21181 8.018 0 01 0 0 0 0 0 0 0 0 0 0 0 3.1679 28.437 0 0 
0.0020618421001403135 1.74011 0 169885 30.6318 9.20317 8.01047 0 01 0 -0 0 0 0 -0 0 0 0 -0 0 7.0467 12.3243 98.3259 98.3259 
0.0020618421001403135 2.32801 0 194863 31.5906 9.28139 8.07864 0 01 -0 0 0 0 -0 0 0 0 -0 0 0 2.22524 18.259 0 0 
0.0020618421001403135 2.49863 0 79775 30.7969 9.24478 8.04674 0 01 0 0 0 0 0 0 0 0 0 0 0 7.4373 24.4993 0 0 
0.00220066208701413671 0.173919 0 23097 28.6906 9.03256 7.86169 0 01 -0 0 0 0 -0 0 0 0 -0 0 0 15.8218 36.2025 806.849 1755.17 
0.00220066208701413671 0.20811 1 55732 0 8.99934 7.8327 0 0 2 0.0200726 0.0295585 -0.00976567 0 0 0 0 0 0 0 0 15.8218 36.2025 806.849 1755.17 
0.00220066208701413671 0.244824 0 6219 28.0697 8.93478 7.77635 0 01 -0 0 0 0 -0 0 0 0 -0 0 0 25.7169 52.74 418.815 1528.79 
0.00220066208701413671 0.30416 0 48688 29.678 9.11128 7.93036 0 01 0 0 0 0 0 0 0 0 0 0 0 28.6202 67.0129 356.624 1110.24 
0.00220066208701413671 0.369171 0 27397 30.0313 9.12442 7.94182 0 01 0 0 0 0 0 0 0 0 0 0 0 24.672 69.6038 685.235 814.161 
0.00220066208701413671 0.392143 0 41160 28.0132 8.92379 7.76676 0 01 0 0 -0 0 0 0 -0 0 0 0 -0 28.7416 70.7599 223.594 625.553 
0.00220066208701413671 0.407727 0 19650 29.1244 9.08544 7.90783 0 01 0 -0 0 0 0 -0 0 0 0 -0 0 28.1916 65.1054 275.133 948.348 
0.00220066208701413671 0.465796 0 29137 28.8047 9.04604 7.87346 0 01 0 -0 0 0 0 -0 0 0 0 -0 0 26.8525 76.007 357.707 945.899 
0.00220066208701413671 0.577608 0 73589 27.9947 8.92324 7.76628 0 01 0 0 0 0 0 0 0 0 0 0 0 30.8606 71.8859 439.776 1054.04 
0.00220066208701413671 0.594067 0 43108 30.0418 9.13041 7.94704 0 01 0 0 0 0 0 0 0 0 0 0 0 38.6163 84.7789 217.188 808.393 
0.00220066208701413671 0.64306 0 154589 30.0242 9.12694 7.94401 0 01 0 0 0 0 0 0 0 0 0 0 0 30.8154 75.6003 529.318 1086.5 
0.00220066208701413671 0.683614 0 54359 28.9575 9.06413 7.88924 0 01 0 0 0 0 0 0 0 0 0 0 0 25.4433 77.7901 73.6975 287.637 
0.00220066208701413671 0.688251 0 129259 29.8493 9.09434 7.91559 0 01 0 0 0 0 0 0 0 0 0 0 0 25.4433 77.7901 73.6975 287.637 
0.00220066208701413671 0.697503 0 153147 29.442 9.06472 7.88975 0 01 0 0 0 0 0 0 0 0 0 0 0 25.4433 77.7901 73.6975 287.637 
0.00220066208701413671 0.70218 0 126118 28.7826 9.04397 7.87165 0 01 0 0 0 0 0 0 0 0 0 0 0 31.365 81.7265 104.771 461.155 
0.00220066208701413671 0.715549 0 185527 27.9668 8.91827 7.76195 0 01 0 0 0 0 0 0 0 0 0 0 0 31.365 81.7265 104.771 461.155 
0.00220066208701413671 0.722056 0 71493 30.2655 9.17763 7.98819 0 01 -0 0 0 0 -0 0 0 0 -0 0 0 31.365 81.7265 104.771 461.155 
0.00220066208701413671 0.778638 0 99537 28.3536 8.98902 7.82369 0 01 0 0 -0 0 0 0 -0 0 0 0 -0 22.8251 73.0474 84.0395 472.575 
0.00220066208701413671 0.797139 0 86949 29.7502 9.12545 7.94271 0 01 -0 0 0 0 -0 0 0 0 -0 0 0 22.8251 73.0474 84.0395 472.575 
0.00220066208701413671 0.955521 0 6292 29.1038 9.07919 7.90238 0 01 0 0 0 0 0 0 0 0 0 0 0 27.4001 66.1633 14.8066 268.445 
0.00220066208701413671 1.13009 0 152125 29.2841 9.0337 7.86269 0 01 0 0 0 0 0 0 0 0 0 0 0 19.2944 55.6524 255.077 587.883 
0.00220066208701413671 1.14276 0 39238 28.202 8.9601 7.79845 0 01 -0 0 0 0 -0 0 0 0 -0 0 0 19.2944 55.6524 255.077 587.883 
0.00220066208701413671 1.14562 0 179360 28.9337 9.05837 7.88421 0 01 0 0 0 0 0 0 0 0 0 0 0 19.2944 55.6524 255.077 587.883 
0.00220066208701413671 1.1952 0 129944 28.0037 8.92293 7.76601 0 01 0 0 0 0 0 0 0 0 0 0 0 14.4209 46.9427 0 101.539 
0.00220066208701413671 1.325 0 61856 28.5407 9.01125 7.8431 0 01 0 0 0 0 0 0 0 0 0 0 0 17.2656 72.9624 0 187.092 
0.00220066208701413671 1.37605 0 95010 29.1241 9.08485 7.90731 0 01 0 -0 0 0 0 -0 0 0 0 -0 0 21.9582 54.8348 149.985 517.766 
0.00220066208701413671 1.37635 0 171631 28.0086 8.92037 7.76378 0 01 0 0 0 0 0 0 0 0 0 0 0 21.9582 54.8348 149.985 517.766 
0.00220066208701413671 1.51711 0 162556 28.4539 9.00132 7.83443 0 01 0 0 0 0 0 0 0 0 0 0 0 27.4788 62.4628 168.4 359.992 
0.00220066208701413671 1.67681 0 185355 28.3386 8.98918 7.82383 0 01 0 0 0 0 0 0 0 0 0 0 0 5.11189 27.2967 0 0 
0.00220066208701413671 1.88563 0 183892 30.1223 9.15153 7.96546 0 01 0 0 0 0 0 0 0 0 0 0 0 13.0807 44.8038 0 8.76987 
0.00220066208701413671 1.89034 0 106288 28.3056 8.983 7.81844 0 01 0 0 -0 0 0 0 -0 0 0 0 -0 13.0807 44.8038 0 8.76987 
0.00220066208701413671 1.92264 0 67839 28.2831 8.98005 7.81587 0 01 0 0 0 0 0 0 0 0 0 0 0 5.86712 23.5184 0 0 
0.00220066208701413671 2.00034 0 185079 29.0216 9.07209 7.89618 0 01 0 0 0 0 0 0 0 0 0 0 0 8.33656 38.791 1.5524 20.0367 
0.00220066208701413671 4.17092 0 193763 28.3885 8.99716 7.8308 0 01 0 0 0 0 0 0 0 0 0 0 0 0 7.78404 0 0 
0.00230939390985603586 0.30374 0 81542 27.2419 8.82019 7.67633 0 01 0 0 -0 0 0 0 -0 0 0 0 -0 25.3843 54.7317 696.178 1725.79 
0.00230939390985603586 0.359274 0 18064 27.4481 8.82708 7.68235 0 01 0 0 0 0 0 0 0 0 0 0 0 30.0154 62.2199 366.998 848.674 
0.00230939390985603586 0.381845 0 89495 27.5396 8.84263 7.69592 0 01 0 0 0 0 0 0 0 0 0 0 0 26.919 63.0368 137.742 868.808 
0.00230939390985603586 0.47917 0 61838 27.3392 8.84129 7.69475 0 01 0 0 0 0 0 0 0 0 0 0 0 20.9268 50.4429 334.69 700.68 
0.00230939390985603586 0.918368 0 187038 27.069 8.79192 7.65165 0 01 0 0 0 0 0 0 0 0 0 0 0 17.5488 47.0878 0 268.092 
0.00230939390985603586 0.952225 0 141353 27.2499 8.82559 7.68104 0 01 0 -0 0 0 0 -0 0 0 0 -0 0 21.0212 46.7606 12.8247 196.279 
0.00230939390985603586 1.03055 0 86890 27.8716 8.90423 7.74969 0 01 0 0 0 0 0 0 0 0 0 0 0 14.5989 43.842 123.207 145.581 
0.00230939390985603586 1.23499 0 49516 26.5959 8.79158 7.65136 0 01 0 0 0 0 0 0 0 0 0 0 0 16.3099 33.8389 66.0579 73.5928 
0.00230939390985603586 1.28439 0 131361 26.4753 8.77873 7.64014 0 01 0 0 0 0 0 0 0 0 0 0 0 7.72367 32.212 27.5389 27.5389 
0.00230939390985603586 1.468 0 132710 27.7405 8.86916 7.71908 0 01 0 0 0 0 0 0 0 0 0 0 0 10.3347 34.0892 0 25.3128 
0.00230939390985603586 1.4973 0 181037 27.2189 8.81619 7.67284 0 01 0 0 -0 0 0 0 -0 0 0 0 -0 10.3347 34.0892 0 25.3128 
0.00230939390985603586 1.53156 0 149264 27.311 8.84106 7.69455 0 01 0 0 0 0 0 0 0 0 0 0 0 9.16637 36.7602 0 123.307 
0.00230939390985603586 1.91958 0 129927 27.4288 8.82118 7.67719 0 01 0 0 0 0 0 0 0 0 0 0 0 15.7972 29.6792 2.92245 149.559 
0.00230939390985603586 2.64673 0 166801 27.6131 8.85222 7.70429 0 01 0 0 0 0 0 0 0 0 0 0 0 10.6358 32.1344 3.00488 18.0205 
0.00242810380153294508 0.217648 0 236436 0.217162 10.6476 6.5876 0 189.1181 -169.106 60.5718 -59.1592 0 0 0 -0 0 0 0 -0 16.5255 34.3661 1038.24 1907.09 
0.00242810380153294508 0.247415 0 39421 0.163614 8.76108 7.62472 0 01 0 0 -0 0 0 0 -0 0 0 0 -0 16.8368 43.6518 545.035 1136.89 
0.00242810380153294508 0.29461 0 9348 0.146923 8.93531 7.77682 0 01 0 0 0 0 0 0 0 0 0 0 0 27.588 58.0473 478.655 1197.3 
0.00242810380153294508 0.442802 0 60209 25.824 8.66698 7.5425 0 01 0 0 0 0 0 0 0 0 0 0 0 30.1397 69.7501 311.992 740.736 
0.00242810380153294508 0.460588 0 89672 26.1819 8.72755 7.59542 0 01 0 0 0 0 0 0 0 0 0 0 0 26.9592 73.1537 419.355 1268.1 
0.00242810380153294508 0.478739 0 64738 25.6395 8.63708 7.51637 0 01 0 0 0 0 0 0 0 0 0 0 0 32.8172 74.8757 305.9 783.926 
0.00242810380153294508 0.532976 0 131510 26.0311 8.7043 7.57511 0 01 0 0 -0 0 0 0 -0 0 0 0 -0 26.7533 82.787 131.163 719.055 
0.00242810380153294508 0.561977 0 18681 26.3216 8.74524 7.61083 0 01 0 0 0 0 0 0 0 0 0 0 0 30.1706 76.9511 112.719 538.656 
0.00242810380153294508 0.563521 0 112460 25.4119 8.6651 7.54086 0 01 0 0 -0 0 0 0 -0 0 0 0 -0 30.1706 76.9511 112.719 538.656 
0.00242810380153294508 0.638318 0 145174 26.2275 8.73399 7.60105 0 01 0 0 0 0 0 0 0 0 0 0 0 29.6427 73.0098 183.885 1077.47 
0.00242810380153294508 0.796959 0 149828 25.8174 8.66662 7.54219 0 01 0 0 0 0 0 0 0 0 0 0 0 25.5897 62.2886 1.29067 123.719 
0.00242810380153294508 0.83562 0 105386 25.5418 8.68022 7.55407 0 01 0 0 0 0 0 0 0 0 0 0 0 23.074 51.0899 10.2323 498.107 
0.00242810380153294508 0.855915 0 125335 26.327 8.75204 7.6168 0 01 0 0 0 0 0 0 0 0 0 0 0 27.1824 67.1058 7.56734 204.599 
0.00242810380153294508 1.12719 0 8327 26.2079 8.73297 7.60016 0 01 0 0 0 0 0 0 0 0 0 0 0 19.0205 57.12 0 61.8021 
0.00242810380153294508 1.17101 0 75139 25.8884 8.67974 7.55366 0 01 0 0 0 0 0 0 0 0 0 0 0 12.7196 64.5813 0 100.624 
0.00242810380153294508 1.21545 0 171637 26.0749 8.70821 7.57853 0 01 0 0 0 0 0 0 0 0 0 0 0 17.244 51.6224 0 44.7174 
0.00242810380153294508 1.40921 0 77143 25.7174 8.65163 7.52909 0 01 0 -0 0 0 0 -0 0 0 0 -0 0 18.1675 55.8625 1.04928 193.508 
0.00242810380153294508 1.42417 0 158284 26.0693 8.70753 7.57793 0 01 0 0 0 0 0 0 0 0 0 0 0 10.1514 43.4408 0 35.8112 
0.00242810380153294508 1.61035 0 126498 25.4469 8.66905 7.54432 0 01 -0 0 0 0 -0 0 0 0 -0 0 0 19.3302 48.1378 187.663 225.255 
0.00242810380153294508 1.94534 0 166175 25.6275 8.63466 7.51426 0 01 0 0 0 0 0 0 0 0 0 0 0 15.7781 35.4157 0 5.78337 
0.00242810380153294508 2.11446 0 165019 24.9833 8.62007 7.50152 0 01 0 0 -0 0 0 0 -0 0 0 0 -0 12.5896 33.3386 5.75846 40.2118 
0.00242810380153294508 2.26572 0 170681 26.196 8.7303 7.59783 0 01 0 0 0 0 0 0 0 0 0 0 0 4.66751 21.0022 0 7.15869 
0.00242810380153294508 2.3368 0 190546 25.1519 8.63947 7.51847 0 01 0 0 0 0 0 0 0 0 0 0 0 4.66751 21.0022 0 7.15869 
0.00242810380153294508 2.56178 0 195209 26.2463 8.73839 7.6049 0 01 -0 0 0 0 -0 0 0 0 -0 0 0 20.0062 34.8609 0 31.7152 
0.0024406754625875323 1.32292 0 81629 24.9271 8.60589 7.48912 0 01 0 0 0 0 0 0 0 0 0 0 0 3.9185 13.1382 0 99.2462 
0.0024406754625875323 1.65896 0 163317 24.8582 8.59665 7.48105 0 01 0 0 0 0 0 0 0 0 0 0 0 3.3106 8.30358 5.30828 33.9336 
0.0024406754625875323 1.91606 0 185177 24.903 8.60448 7.4879 0 01 0 -0 0 0 0 -0 0 0 0 -0 0 1.88745 3.81839 0 0 
0.0024406754625875323 2.5581 0 186121 24.8636 8.59741 7.48172 0 01 0 -0 0 0 0 -0 0 0 0 -0 0 0 2.56553 0 0 
0.00247422215247982639 0.29129 0 77879 24.5368 8.55213 7.44216 0 01 0 0 0 0 0 0 0 0 0 0 0 13.005 29.5424 152.942 538.98 
0.00247422215247982639 0.406074 0 63470 24.6264 8.56384 7.45239 0 01 0 0 0 0 0 0 0 0 0 0 0 15.9018 30.9697 239.17 787.42 
0.00247422215247982639 0.777034 0 140637 24.8446 8.59867 7.48282 0 01 0 0 0 0 0 0 0 0 0 0 0 16.3411 30.3394 31.2627 97.792 
0.00247422215247982639 0.804496 0 87460 24.6284 8.5639 7.45244 0 01 0 0 0 0 0 0 0 0 0 0 0 10.4543 29.717 240.661 273.239 
0.00247422215247982639 3.64368 0 197303 24.8468 8.59857 7.48272 0 01 -0 0 0 0 -0 0 0 0 -0 0 0 0 0 0 0 
0.00251593902512216305 0.326535 0 73656 24.4481 8.5351 7.42727 0 01 0 0 0 0 0 0 0 0 0 0 0 15.5069 38.091 396.99 636.082 
0.00251593902512216305 0.603335 0 187804 24.3237 8.51873 7.41297 0 01 0 0 -0 0 0 0 -0 0 0 0 -0 14.0307 35.9879 104.101 350.609 
0.00251593902512216305 0.697498 0 118226 24.3179 8.51846 7.41273 0 01 0 -0 0 0 0 -0 0 0 0 -0 0 12.7644 36.8032 14.9527 68.1078 
0.00251593902512216305 0.752833 0 144498 24.3374 8.51479 7.40952 0 01 0 0 0 0 0 0 0 0 0 0 0 8.2841 23.4364 30.1066 59.3027 
0.00251593902512216305 2.09021 0 165677 24.2251 8.50217 7.3985 0 01 0 0 0 0 0 0 0 0 0 0 0 2.07978 8.41248 0 0 
0.00256965298088894685 0.504049 0 77061 23.5 8.45493 7.60944 0 01 0 0 0 0 0 0 0 0 0 0 0 9.38309 23.7073 228.79 303.107 
0.00256965298088894685 0.715138 0 109592 23.684 8.49511 7.39232 0 01 0 0 -0 0 0 0 -0 0 0 0 -0 11.4177 27.8065 0 16.5685 
0.00256965298088894685 0.899965 0 5708 23.4869 8.44933 7.6044 0 01 0 0 0 0 0 0 0 0 0 0 0 5.37492 15.1504 0 3.47158 
0.00256965298088894685 0.930538 0 96095 23.6268 8.48523 7.38369 0 01 0 0 0 0 0 0 0 0 0 0 0 5.53046 18.4112 0 0 
0.00256965298088894685 1.29513 0 83813 23.7236 8.48825 7.38631 0 01 0 0 -0 0 0 0 -0 0 0 0 -0 2.5646 15.4082 0 0 
0.00256965298088894685 2.4899 0 98258 23.7794 8.50367 7.39977 0 01 0 0 -0 0 0 0 -0 0 0 0 -0 2.60257 5.06399 0 17.5514 
0.00259705499034262703 0.864266 0 74516 23.4024 8.4133 7.57197 0 01 -0 0 0 0 -0 0 0 0 -0 0 0 9.48687 24.9854 126.106 158.12 
0.0027402209398463542 0.634662 0 190351 23.2074 8.27244 7.44519 0 01 0 0 0 0 0 0 0 0 0 0 0 44.8644 99.3065 592.12 896.1 
0.0027402209398463542 1.47347 0 199257 23.1499 8.23562 7.41206 0 01 0 0 0 0 0 0 0 0 0 0 0 16.0714 56.9037 6.87305 81.87 
0.00296061561483390231 2.52112 0 139643 0.110333 8.5422 7.43347 0 01 0 0 0 0 0 0 0 0 0 0 0 7.52987 42.915 0 0 
