#1:time #2:r #3.binary? #4:ID #5:zams_m #6:m_progenitor #7:bh mass #8:bh_spin #9:birth-kick(km/s) #10-25:vsarray
0.00309458681577188177 0.209519 1 48795 0 60.4446 54.4002 0 0 1 0.00268822 0.00105458 0.0191366 0 0 -0 0 0 0 -0 0 3.94953 6.95565 1218.91 3567.3 
0.00310454027376782203 0.3835 1 61743 0 59.3465 53.4119 0 0 1 0.00502912 -0.00257924 -0.00186802 0 0 0 0 0 0 0 0 2.99282 4.47224 15.9415 232.365 
0.00312288543742632362 0.269153 0 100504 0.306649 56.5301 50.8771 0 01 0 0 0 0 0 0 0 0 0 0 0 2.77831 5.84167 1.45812 1109.26 
0.0032155908249232386 0.216545 1 115717 0 122.364 40.5 0 0 2 0.0711241 -0.143561 -0.307441 0 0 -0 0 0 0 -0 0 1.20442 3.7966 402.836 402.836 
0.00322092096089992251 0.18186 1 211231 0 124.741 40.5 0 0 1 -0.0205757 -0.0930926 -0.095846 0 0 0 -0 0 0 0 -0 1.96932 4.76278 0 1234.37 
0.00323594006541826594 0.250157 1 257469 0 121.486 40.5 0 0 1 0.0207482 0.0128956 -0.129607 0 0 0 0 0 0 0 0 3.92125 5.90366 272.217 619.799 
0.00325861344356087905 0.193118 1 62090 0 60.9154 54.8238 0 0 1 -0.0674352 -0.76366 0.582725 0 0 -0 0 0 0 -0 0 4.93057 8.10897 754.821 2061.4 
0.00326228694375382692 0.160329 0 119279 118.641 114.12 40.5 0 01 0 -0 0 0 0 -0 0 0 0 -0 0 2.9811 5.26196 793.423 3249.78 
0.00329312497645025716 0.158507 1 254156 0 109.971 40.5 0 0 2 -0.0174206 -0.0122309 0.00893146 0 0 0 0 0 0 0 0 2.86192 5.24865 1099.55 2827.96 
0.00333149676249172534 0.0904678 0 10657 1.3573 103.767 40.5 0 01 0 0 0 0 0 0 0 0 0 0 0 4.99146 6.34168 4148.28 8467.06 
0.00333149676249172534 0.113088 1 92882 0 103.771 40.5 0 0 2 -0.0041977 -0.0114879 -0.0228117 0 -0 0 0 0 -0 0 0 4.99146 6.34168 4148.28 8467.06 
0.00333286401587835554 0.429788 1 232182 0 105.215 40.5 0 0 2 0.000595174 -0.0213498 0.00879597 0 -0 0 0 0 -0 0 0 1.30675 4.37063 0 30.8111 
0.00334665147329268626 0.0899039 0 64926 0.301049 101.73 40.5 0 01 0 0 0 0 0 0 0 0 0 0 0 4.05578 6.65946 1857.46 5149.41 
0.00335032325675854031 1.67197 0 178115 104.318 101.112 40.5 0 01 0 0 0 0 0 0 0 0 0 0 0 0 1.63452 0 0 
0.00335570908081445551 0.111635 1 48757 0 100.673 40.5 0 0 2 -0.00155312 -0.00101102 -0.0104903 0 0 0 -0 0 0 0 -0 4.22421 7.32426 1938.74 5740.18 
0.00335570908081445551 0.488178 0 149723 103.931 100.756 40.5 0 01 0 0 0 0 0 0 0 0 0 0 0 2.46612 5.41994 203.142 206.608 
0.00339116368347227703 0.113492 1 9424 0 96.4024 41.8938 0 0 1 -0.00511398 -0.00820809 -0.013486 0 0 0 0 0 0 0 0 4.25898 6.47869 1695.9 4093.52 
0.00340475766618323055 0.121728 1 51333 0 94.937 40.3769 0 0 2 -0.0183789 0.000228617 0.000770429 0 0 0 0 0 0 0 0 3.26253 6.52664 603.664 4428.55 
0.00342856026410740932 0.25581 0 111187 0.118521 43.9667 39.57 0 01 0 0 -0 0 0 0 -0 0 0 0 -0 3.2915 7.1038 150.94 1478.45 
0.00343541639385427358 0.110968 0 168168 0.100692 41.6173 37.4556 0 01 -0 0 0 0 -0 0 0 0 -0 0 0 2.62127 3.84599 975.622 1617.1 
0.00345433488544146265 0.129675 1 61874 0 41.1408 37.0267 0 0 1 0.0108669 0.00323512 0.000991722 0 0 0 0 0 0 0 0 5.04917 8.12111 1302.74 5105.98 
0.00345433488544146265 0.250055 0 150155 0.100052 38.466 34.6194 0 01 0 0 -0 0 0 0 -0 0 0 0 -0 5.65034 8.93325 893.262 1794.51 
0.00345433488544146265 1.05756 0 167048 92.1791 40.9714 36.8743 0 01 0 0 0 0 0 0 0 0 0 0 0 2.13774 10.7295 0 0 
0.00346521406142118182 0.179934 0 136651 0.285445 39.9406 35.9466 0 01 -0 0 0 0 -0 0 0 0 -0 0 0 6.1662 8.19762 2011.42 7094.51 
0.0035050079845665009 1.35093 0 159815 87.188 38.3449 34.5104 0 01 0 0 0 0 0 0 0 0 0 0 0 0 0 0 0 
0.00350683401432727495 0.201023 1 24087 0 38.3641 34.5277 0 0 1 -0.000746527 -0.00729024 -0.0125529 0 0 -0 0 0 0 -0 0 2.18299 7.07177 0 1364.3 
0.00351274999882640734 0.736071 0 176205 86.732 38.0891 34.2802 0 01 0 -0 0 0 0 -0 0 0 0 -0 0 1.47365 5.91984 0 0 
0.00351862726691950893 0.179714 1 147898 0 37.8336 34.0502 0 0 2 -0.00438142 0.018185 0.0335766 0 0 0 0 0 0 0 0 6.58154 9.42937 1153.95 7100.67 
0.00352883499805340707 0.0798636 0 78203 0.182778 37.3661 33.6295 0 01 0 0 -0 0 0 0 -0 0 0 0 -0 2.32545 5.29169 32.7625 2333.26 
0.0035879195121168799 0.557622 0 122627 0.387833 34.8404 31.3564 0 01 0 0 -0 0 0 0 -0 0 0 0 -0 0 0 0 0 
0.00359113744576737125 0.056211 1 59411 0 35.085 31.5765 0 0 1 -0.0078441 -0.0072737 0.0105465 0 0 0 0 0 0 0 0 5.35513 8.51384 1431.09 3335.57 
0.00362781713034242238 1.19068 0 176470 78.0612 33.7138 30.3424 0 01 0 0 0 0 0 0 0 0 0 0 0 1.19068 3.56205 0 0 
0.00364147926824798934 0.546685 0 42429 77.2398 33.3048 29.9743 0 01 0 0 0 0 0 0 0 0 0 0 0 2.20994 6.0781 0 0 
0.00366413579211344841 0.313709 0 9114 0.124432 32.6397 29.3758 0 01 0 0 0 0 0 0 0 0 0 0 0 2.98279 6.28887 0 0 
0.00366413579211344841 0.469584 0 100809 1.0935 32.6073 29.3465 0 01 0 -0 0 0 0 -0 0 0 0 -0 0 2.39296 7.15855 138.909 197.543 
0.00368050829817141018 0.210571 0 102311 0.2053 32.2505 29.0254 0 01 0 0 0 0 0 0 0 0 0 0 0 6.96623 11.4217 113.333 2264.99 
0.00369672647442701027 0.305682 1 4485 0 31.7605 28.5845 0 0 1 -0.016098 -0.0183717 -0.00612915 0 -0 0 0 0 -0 0 0 3.6373 8.94619 0 290.385 
0.00370789422713978375 1.13175 0 152617 73.6069 31.5034 28.3531 0 01 0 0 0 0 0 0 0 0 0 0 0 2.25947 5.63392 0 0 
0.00372586547398760749 0.225932 1 161709 0 34.9437 31.4493 0 0 1 -0.00155196 -0.311866 -0.707003 0 0 0 0 0 0 0 0 6.87403 11.2681 1293.8 3193.36 
0.00374334554613906271 1.81779 0 153939 71.4512 30.4411 27.397 0 01 0 0 0 0 0 0 0 0 0 0 0 0 0 0 0 
0.0037562943609581274 0.86921 0 114706 70.8061 30.1245 27.112 0 01 0 0 0 0 0 0 0 0 0 0 0 1.73199 4.29208 0 299.533 
0.00378249172782620579 0.228249 0 51259 3.24284 29.5057 26.5552 0 01 0 -0 0 0 0 -0 0 0 0 -0 0 4.26358 6.72049 727.505 1543.34 
0.00378249172782620579 1.79358 0 174664 69.4959 29.5313 26.5781 0 01 0 0 0 0 0 0 0 0 0 0 0 0 0 0 0 
0.00380202947371959541 0.413209 1 24013 0 29.2335 26.3102 0 0 1 0.00444167 -0.0224038 -0.00126807 0 0 0 0 0 0 0 0 4.39768 11.2928 151.26 508.161 
0.00383286624015237096 0.120721 0 111328 0.14331 28.5516 25.6964 0 01 0 0 0 0 0 0 0 0 0 0 0 8.03906 11.4608 2363.41 8870.52 
0.00383286624015237096 0.51112 0 121014 67.3249 28.4326 25.5893 0 01 0 0 0 0 0 0 0 0 0 0 0 2.53541 6.62456 0 37.1234 
0.00383286624015237096 2.48721 0 196871 67.4387 28.4871 25.6384 0 01 -0 0 0 0 -0 0 0 0 -0 0 0 2.41918 2.41918 0 0 
0.0038614437657785044 0.337046 0 71530 66.0952 27.9318 25.1386 0 01 0 0 -0 0 0 0 -0 0 0 0 -0 2.03269 7.18405 308.023 600.112 
0.00387956391791431003 1.72384 0 150382 65.3114 27.4941 24.7447 0 01 0 0 0 0 0 0 0 0 0 0 0 1.71742 5.20336 0 0 
0.003896902696538146 0.118583 0 88100 0.0805222 27.2627 24.5365 0 01 -0 0 0 0 -0 0 0 0 -0 0 0 7.00763 11.0469 3778.79 6968.29 
0.00390542385927907399 0.19493 0 12700 64.3014 27.0368 24.3331 0 01 0 0 0 0 0 0 0 0 0 0 0 2.82726 8.5039 0 920.788 
0.00393338707344069536 0.502105 0 177308 63.2174 26.5313 23.8782 0 01 0 0 0 0 0 0 0 0 0 0 0 1.98019 4.92296 0 0 
0.0039366074521865399 0.191484 1 25684 0 26.3842 23.7458 0 0 1 0.0171995 0.0234286 0.0136178 0 0 0 0 0 0 0 0 3.65533 6.4905 332.071 1890.36 
0.0039366074521865399 0.277836 1 37142 0 26.4676 23.8208 0 0 1 -0.0709061 -0.0291637 0.0838972 0 0 0 0 0 0 0 0 4.85471 7.01217 561.379 1918.12 
0.00394217992422069008 1.07438 0 166865 62.8942 26.41 23.769 0 01 0 0 0 0 0 0 0 0 0 0 0 0 4.29401 0 0 
0.00397928693818973452 0.130584 1 110778 0 25.6459 23.0813 0 0 2 -0.000200718 0.00523508 0.0161461 0 0 0 0 0 0 0 0 2.83129 5.94242 2.33651 1113.49 
0.00398337829732016684 1.25577 0 181303 61.4273 25.6856 23.1171 0 01 0 0 0 0 0 0 0 0 0 0 0 0 1.24086 0 0 
0.00398671967156519463 0.109992 0 25991 0.187757 25.53 22.977 0 01 0 0 0 0 0 0 0 0 0 0 0 5.28496 8.21807 1431.22 4552.79 
0.00398953375587538742 1.43891 0 197790 61.1754 25.4656 22.9191 0 01 0 0 0 0 0 0 0 0 0 0 0 1.41938 4.28411 0 0 
0.0039917467475640454 1.30293 0 164435 61.1483 25.4957 22.9461 0 01 0 0 -0 0 0 0 -0 0 0 0 -0 0 1.30152 0 0 
0.004008548531712724 0.638913 0 95702 60.5667 25.2081 22.6873 0 01 0 0 0 0 0 0 0 0 0 0 0 2.56398 3.85567 0 187.713 
0.00401024302643210578 0.31132 0 107024 60.5044 25.1707 22.6536 0 01 0 0 -0 0 0 0 -0 0 0 0 -0 2.20947 5.00515 58.8989 149.692 
0.00403048217372451931 1.54531 0 156600 59.8262 24.8302 22.3472 0 01 0 0 0 0 0 0 0 0 0 0 0 0 0 0 0 
0.00403915082544989076 0.562809 0 184514 59.5604 24.6927 22.2235 0 01 0 0 0 0 0 0 0 0 0 0 0 0.563303 2.27423 0 0 
0.0040401578141524043 0.752208 0 176147 59.5084 24.6129 22.1516 0 01 0 -0 0 0 0 -0 0 0 0 -0 0 0 0.775103 0 0 
0.00406489160634999555 0.166363 0 147276 0.102573 24.2556 21.83 0 01 0 -0 0 0 0 -0 0 0 0 -0 0 2.80423 6.53967 1105.52 3160.23 
0.00406743061218684324 0.333816 0 85265 0.423847 24.2102 21.7892 0 01 0 0 0 0 0 0 0 0 0 0 0 1.89279 6.65358 0 207.962 
0.00410141000485124679 0.302437 0 52253 0.279031 23.7475 21.3728 0 01 0 0 0 0 0 0 0 0 0 0 0 0.650227 3.16741 0 0 
0.0041292386388522978 1.37876 0 179664 56.8427 23.2513 20.9262 0 01 0 0 -0 0 0 0 -0 0 0 0 -0 0 0 0 0 
0.00415117123404340569 0.659227 0 134142 56.2477 22.9503 20.6553 0 01 0 0 -0 0 0 0 -0 0 0 0 -0 0 1.29678 0 0 
0.0041718974759936767 0.231438 1 13642 0 22.6969 20.4272 0 0 1 -0.02032 0.00907534 0.00419188 0 0 0 0 0 0 0 0 2.47141 5.34941 110.861 550.202 
0.00418125293883949388 0.465767 0 128897 55.4251 22.5298 20.2769 0 01 0 0 0 0 0 0 0 0 0 0 0 3.34313 7.63952 123.397 123.397 
0.00418510921441249319 0.0985031 0 58352 0.647297 22.4713 20.2242 0 01 0 0 0 0 0 0 0 0 0 0 0 1.93202 4.89091 1338.36 3166.93 
0.00420822003322343999 0.231722 1 10715 0 22.1742 19.9568 0 0 2 -0.00222907 0.00640634 0.000768998 0 0 0 0 0 0 0 0 3.71641 6.43618 162.125 721.54 
0.00422465988746287702 0.308183 1 28748 0 22.0824 19.8741 0 0 1 0.00368897 -0.00371893 -0.00186478 0 0 0 0 0 0 0 0 0.610943 2.53294 0 0 
0.00423550405581855308 0.264416 1 6409 0 21.8582 19.6723 0 0 1 -0.0104709 -0.0144134 0.000905146 0 0 -0 0 0 0 -0 0 2.52613 5.8142 0 254.618 
0.00429153890357751502 0.0870685 0 37483 0.128737 21.152 19.0368 0 01 0 0 0 0 0 0 0 0 0 0 0 4.20013 8.49917 447.792 2460.91 
0.00429153890357751502 0.10969 1 75494 0 21.2532 19.1279 0 0 1 0.0013837 -0.00526177 0.00240491 0 0 0 0 0 0 0 0 4.20013 8.49917 447.792 2460.91 
0.0043007810603993054 0.333735 0 111644 3.54251 21.0545 18.949 0 01 -0 0 0 0 -0 0 0 0 -0 0 0 2.22227 8.37476 0 117.996 
0.00430414903103422831 0.113725 1 77606 0 21.0769 18.9693 0 0 1 -0.00233901 0.00226504 0.00141187 0 0 0 0 0 0 0 0 5.46091 9.05067 769.456 4223.77 
0.00430414903103422831 0.236431 1 165646 52.3922 21.029 18.9261 0 0 1 0.933746 -3.76361 0.651716 0 0 0 0 0 0 0 0 4.29038 8.21293 308.925 577.86 
0.00432530129857374573 0.0959865 1 44453 0 20.771 18.6939 0 0 1 0.00044962 -0.00864449 0.00693579 0 0 -0 0 0 0 -0 0 5.03809 9.54962 2057.67 3571.59 
0.00432777003117946688 0.589785 0 194166 51.865 20.7891 18.7102 0 01 0 0 0 0 0 0 0 0 0 0 0 1.14167 3.46911 0 0 
0.00433155756005742121 0.132968 1 154047 0 20.7133 18.642 0 0 2 0.00318005 -0.0046007 -0.0256301 0 0 0 0 0 0 0 0 4.51726 9.07862 1836.73 3464.14 
0.0043373558609949639 0.85937 0 27716 0.288832 20.6368 18.5731 0 01 0 0 0 0 0 0 0 0 0 0 0 1.71612 2.57552 0 186.573 
0.0043483004779413274 0.0259731 1 56191 0 20.7416 18.6674 0 0 1 1.46313 0.83139 -3.08602 0 0 0 -0 0 0 0 -0 4.74235 8.99754 1393.93 2469.52 
0.00435916068888984615 0.71925 1 74245 0 20.3793 18.3414 0 0 1 -0.00574242 0.0158868 -0.0148671 0 0 0 0 0 0 0 0 1.41695 7.78927 0 0 
0.004378035942754239 0.335291 1 43106 0 20.2477 18.223 0 0 2 0.00949356 0.00660942 -0.0280189 0 0 0 0 0 0 0 0 1.62188 8.09025 0 178.291 
0.0044136571431799337 1.47388 0 185627 50.0487 19.9396 17.9456 0 01 0 -0 0 0 0 -0 0 0 0 -0 0 0 1.46141 0 0 
0.00442617854501026631 0.178401 1 89578 0 19.7691 17.7922 0 0 2 0.0221359 -0.0266856 0.0437312 0 0 0 0 0 0 0 0 4.38365 9.4046 341.311 1188.23 
0.00443771367267099641 0.395019 0 161343 49.6198 19.6921 17.7229 0 01 -0 0 0 0 -0 0 0 0 -0 0 0 3.18415 8.7516 243.928 343.721 
0.00445275006057645542 0.496644 0 54190 49.2892 19.4594 17.5135 0 01 0 0 0 0 0 0 0 0 0 0 0 3.55763 8.66548 62.7933 210.765 
0.00445275006057645542 0.674154 0 183715 0.182572 19.5247 17.5722 0 01 0 -0 0 0 0 -0 0 0 0 -0 0 1.37374 8.90102 0 4.94734 
0.00446807587487239345 0.164965 0 116262 49.0266 19.3879 17.4491 0 01 0 -0 0 0 0 -0 0 0 0 -0 0 6.16181 12.0194 1379.1 3514.02 
0.00446807587487239345 0.567814 0 162029 49.042 19.297 17.3673 0 01 0 0 -0 0 0 0 -0 0 0 0 -0 1.11991 7.87728 0 19.1089 
0.00448272180996156424 0.473595 0 99846 48.7235 19.1888 17.27 0 01 0 0 -0 0 0 0 -0 0 0 0 -0 1.9542 7.74201 331.096 414.373 
0.00448272180996156424 1.59114 0 157557 48.6908 19.2023 17.2821 0 01 -0 0 0 0 -0 0 0 0 -0 0 0 0 0 0 0 
0.00450031401266658311 1.03972 0 183290 0.0836385 19.0455 17.1409 0 01 0 0 0 0 0 0 0 0 0 0 0 0 2.05761 0 0 
0.0045022848514051873 0.7464 0 62226 48.302 19.0357 17.1321 0 01 0 0 0 0 0 0 0 0 0 0 0 1.52412 4.56935 0 169.171 
0.00450825154007236228 0.517628 0 164882 0.195382 21.5518 19.3966 0 01 0 0 0 0 0 0 0 0 0 0 0 1.53475 4.07277 0 0 
0.00451373001499635364 0.332858 0 27316 0.248589 18.9759 17.0783 0 01 0 0 0 0 0 0 0 0 0 0 0 1.6455 5.21394 0 163.874 
0.0045471802520204354 0.250427 1 45741 0 18.6419 16.7777 0 0 1 0.000244401 -0.0016941 -0.00218277 0 0 0 -0 0 0 0 -0 4.48955 9.50732 0 1105.67 
0.00457898898522582885 0.219845 1 55710 0 18.4804 16.6321 0 0 2 -0.00963305 0.00191024 -0.00103839 0 0 0 -0 0 0 0 -0 3.38495 7.23592 849.535 1175.05 
0.00458704615806889652 1.29404 0 177060 46.786 18.5478 16.6928 0 01 0 0 0 0 0 0 0 0 0 0 0 1.26898 1.26898 0 0 
0.00459220595917769758 0.124617 1 953 0 18.4263 16.5833 0 0 1 0.0124183 0.0162658 0.0361922 0 0 0 0 0 0 0 0 7.05475 11.0307 4148.97 6707.47 
0.00460543042689720919 0.459058 0 139943 46.444 18.4539 16.6082 0 01 0 0 0 0 0 0 0 0 0 0 0 0.932555 1.86131 0 0 
0.00462219178630844749 0.901144 0 144755 0.779805 18.3038 16.473 0 01 0 0 0 0 0 0 0 0 0 0 0 0.884307 8.99453 0 0 
0.00462769636965598696 0.314102 0 57888 0.224813 20.0531 18.0478 0 01 0 0 0 0 0 0 0 0 0 0 0 2.90734 4.1718 0 394.986 
0.0046308658236069904 0.0981721 1 225378 0 54.6728 49.2055 0 0 2 -0.00579168 -0.0103422 -0.0131192 0 0 0 0 0 0 0 0 5.88419 9.8771 2144.28 4460.1 
0.0046508836107501941 1.46153 0 194155 45.6927 18.2463 16.4211 0 01 0 0 0 0 0 0 0 0 0 0 0 0 1.45072 0 0 
0.00465899548039323472 0.247374 0 63181 45.5723 18.1242 16.3111 0 01 0 0 0 0 0 0 0 0 0 0 0 2.29087 5.28344 744.626 1722.47 
0.00465899548039323472 0.296364 0 37829 45.571 18.123 16.3099 0 01 0 0 -0 0 0 0 -0 0 0 0 -0 0.554763 4.64813 0 0 
0.00466315513996796906 0.249065 0 65477 45.4948 18.1732 16.3552 0 01 0 -0 0 0 0 -0 0 0 0 -0 0 1.60549 5.43141 0 319.712 
0.00466315513996796906 0.392237 0 146828 45.4911 18.1697 16.3521 0 01 0 -0 0 0 0 -0 0 0 0 -0 0 1.20259 3.59522 0 0 
0.00467657419539193112 0.333093 0 58596 45.3218 18.0059 16.2044 0 01 0 0 0 0 0 0 0 0 0 0 0 3.87148 9.11772 0 493.852 
0.00468260590553307241 0.254549 1 60170 0 18.0563 16.2499 0 0 2 -0.000735898 0.00353518 -0.00601117 0 0 0 0 0 0 0 0 4.54867 9.24748 951.068 1321.51 
0.00469675148265851893 0.355257 0 85683 0.351592 17.8934 16.103 0 01 0 0 0 0 0 0 0 0 0 0 0 2.57455 7.31111 0 0 
0.00474926352706656237 0.835238 0 120626 44.1948 17.5817 15.8221 0 01 0 0 0 0 0 0 0 0 0 0 0 1.67408 3.37204 0 0 
0.00476649836633569798 0.652045 0 25648 43.9216 17.5547 15.7978 0 01 0 0 0 0 0 0 0 0 0 0 0 3.89419 10.3504 0 121.334 
0.0047742392574964803 0.346558 1 141955 0 17.4712 15.7225 0 0 2 5.88295e-05 0.00800816 0.00330308 0 0 0 0 0 0 0 0 2.40108 7.06146 33.8331 233.663 
0.00478316052512664687 0.375941 1 35366 0 17.4689 15.7204 0 0 2 0.00305118 0.00484026 0.000666362 0 0 0 0 0 0 0 0 0.371389 2.93109 0 0 
0.00478549200210948329 0.139574 1 20900 0 17.4126 15.6698 0 0 1 -2.19199 0.524642 2.62087 0 0 0 0 0 0 0 0 4.07796 7.7855 1534.57 3044.85 
0.00479319526625518379 0.431117 0 68583 0.443209 17.3377 15.6022 0 01 0 0 -0 0 0 0 -0 0 0 0 -0 1.29407 3.45617 179.3 179.3 
0.00479607142296292668 0.0939875 1 83883 0 17.3147 15.5815 0 0 2 -0.00259249 -0.00165137 0.0041536 0 -0 0 0 0 -0 0 0 4.26684 8.50224 516.948 2375.1 
0.00479748343999840572 0.624374 0 150523 43.4831 17.3802 15.6406 0 01 0 0 0 0 0 0 0 0 0 0 0 0.61208 0.61208 0 0 
0.00480274857944206282 0.589602 0 85753 43.43 17.326 15.5917 0 01 0 0 0 0 0 0 0 0 0 0 0 1.19327 2.99244 0 183.548 
0.00480814611318274455 0.579244 0 94719 43.369 17.2592 15.5315 0 01 0 0 0 0 0 0 0 0 0 0 0 2.84489 7.97932 0 3.69308 
0.00484463007163191042 0.113357 1 131772 0 17.1199 15.406 0 0 2 0.00644867 0.00315671 -0.0115794 0 0 0 0 0 0 0 0 6.22638 11.4793 1215.49 3131.24 
0.00485867063232309302 0.697863 0 170070 42.6563 16.9989 15.2969 0 01 0 0 0 0 0 0 0 0 0 0 0 1.38352 10.4636 24.1325 124.997 
0.00486882599941318005 0.420407 0 68259 42.4999 17.0052 15.3026 0 01 0 0 -0 0 0 0 -0 0 0 0 -0 0.829311 2.45269 0 0 
0.00489239436802624966 1.3362 0 197910 42.2259 16.8094 15.1262 0 01 0 0 -0 0 0 0 -0 0 0 0 -0 1.3434 6.67806 0 0 
0.00493576488026512949 0.709497 0 111014 41.6225 16.6638 14.995 0 01 0 0 0 0 0 0 0 0 0 0 0 0 1.39449 0 0 
0.00494152145471916937 0.0743919 0 4347 0.446564 16.5261 14.8709 0 01 0 -0 0 0 0 -0 0 0 0 -0 0 8.03329 13.5088 1748.23 4562.77 
0.00494152145471916937 1.6704 0 121054 41.5427 16.5311 14.8754 0 01 0 0 0 0 0 0 0 0 0 0 0 1.67311 4.96079 0 71.2136 
0.00495939654996920953 0.0939752 0 78974 0.201402 16.5233 14.8684 0 01 -0 0 0 0 -0 0 0 0 -0 0 0 4.58931 7.8939 817.823 2839.26 
0.00498464359345485684 0.158794 1 220138 0 45.3745 40.8371 0 0 2 -0.359815 -1.09739 -0.810596 0 0 -0 0 0 0 -0 0 7.37495 13.6349 446.253 2116.98 
0.004987744971689103 1.22184 0 82477 40.9632 16.3292 14.6935 0 01 0 0 0 0 0 0 0 0 0 0 0 1.24473 3.70669 0 0 
0.00500391332171232217 1.56945 0 51605 40.827 16.2547 14.6264 0 01 0 0 0 0 0 0 0 0 0 0 0 1.58746 9.53185 0 0 
0.00501480071055351428 0.565456 0 122995 40.6661 16.1961 14.5736 0 01 0 0 0 0 0 0 0 0 0 0 0 2.20233 4.97547 0 0 
0.00501908147279732549 0.159753 0 6025 1.13541 16.1319 14.5157 0 01 0 0 0 0 0 0 0 0 0 0 0 1.49326 5.89149 0 1118.62 
0.00502716616398985253 0.673264 0 5284 40.5322 16.1739 14.5535 0 01 0 0 0 0 0 0 0 0 0 0 0 1.3505 5.42594 0 0 
0.0050329361291861158 0.174164 0 22499 0 16.0873 14.4755 0 01 0 0 0 0 0 0 0 0 0 0 0 6.47607 11.9148 2647.14 5542.01 
0.0050329361291861158 1.63398 0 189256 40.4504 16.0916 14.4794 0 01 0 0 0 0 0 0 0 0 0 0 0 0 3.33433 0 0 
0.00507948491221027129 0.774368 0 195207 39.8973 15.9768 14.3759 0 01 0 -0 0 0 0 -0 0 0 0 -0 0 0.774368 3.90825 0 0 
0.005103112825397901 1.70032 0 185827 39.6373 15.7592 14.1799 0 01 0 0 0 0 0 0 0 0 0 0 0 0 0 0 0 
0.00511237444053375383 1.33968 0 191234 39.5368 15.7758 14.1948 0 01 0 0 0 0 0 0 0 0 0 0 0 1.32949 1.32949 0 0 
0.00512419430122022096 0.396517 0 50618 0.266769 15.6896 14.1172 0 01 0 -0 0 0 0 -0 0 0 0 -0 0 1.21034 4.44064 0 20.8309 
0.00512942841414790185 0.149084 0 7823 0.0848931 15.7166 14.1416 0 01 0 0 0 0 0 0 0 0 0 0 0 5.08004 9.63927 1967.16 4943.98 
0.00515068039159208117 0.096937 1 204434 0 25.394 22.8546 0 0 2 12.973 -18.3962 -24.7699 0 0 0 0 0 0 0 0 8.62917 13.3836 1705.11 4517.08 
0.00515068039159208117 0.211812 0 36465 39.0862 15.6005 14.0369 0 01 0 0 0 0 0 0 0 0 0 0 0 3.05362 8.05021 0 471.661 
0.00517833937410499753 1.86217 0 170525 38.7956 15.4218 13.8759 0 01 -0 0 0 0 -0 0 0 0 -0 0 0 0 0 0 0 
0.00518139738253589957 0.181872 1 23355 38.7463 15.497 13.9437 0 0 1 0.739421 3.49635 -0.562871 0 0 0 -0 0 0 0 -0 5.97304 10.8451 564.019 1985.42 
0.00520218111402201075 0.259574 0 234514 0.121133 15.4766 13.9253 0 01 0 0 -0 0 0 0 -0 0 0 0 -0 4.05424 10.4085 171.7 1593.99 
0.00520218111402201075 2.32605 0 167586 38.5806 15.3979 13.8544 0 01 0 0 0 0 0 0 0 0 0 0 0 0 2.31372 0 0 
0.00521696562161781587 0.192262 1 79197 0 15.3277 13.7912 0 0 2 0.00293327 0.00442094 -0.000892543 0 0 0 0 0 0 0 0 6.30766 13.3664 1657.27 4251.48 
0.00522373544059812327 0.962041 0 159247 38.304 15.3197 13.7839 0 01 0 0 0 0 0 0 0 0 0 0 0 0.962042 2.91636 0 0 
0.00527953882264209189 0.159437 0 36799 37.7695 15.0405 13.5325 0 01 0 0 0 0 0 0 0 0 0 0 0 4.90142 9.21657 1236.96 2229.73 
0.00528564276134319867 0.11077 1 87721 0 14.98 13.4779 0 0 2 -0.000340248 0.00233228 -0.00946639 0 -0 0 0 0 -0 0 0 2.76876 6.2058 592.914 944.395 
0.00528564276134319867 0.63045 0 159486 37.6837 14.9784 13.4765 0 01 0 0 0 0 0 0 0 0 0 0 0 0.627201 1.24927 0 0 
0.00535682559035004831 0.122846 1 32995 0 14.8002 13.316 0 0 1 0.474715 -0.0330056 -0.591616 0 0 0 0 0 0 0 0 5.77453 11.5536 503.877 4099.53 
0.00535682559035004831 0.783564 0 162583 37.01 14.9256 13.429 0 01 0 -0 0 0 0 -0 0 0 0 -0 0 0.787975 3.18425 0 69.3078 
0.00536620149396811741 0.161838 0 24007 0.299514 14.9334 13.436 0 01 0 0 0 0 0 0 0 0 0 0 0 6.44712 12.4057 1248.83 4892.34 
0.00536620149396811741 1.07622 0 169315 36.9321 15.0058 13.5012 0 01 0 0 0 0 0 0 0 0 0 0 0 1.07541 7.44532 0 0 
0.00537709157998508391 0.24197 0 58537 0.0863323 15.0487 13.5398 0 01 0 -0 0 0 0 -0 0 0 0 -0 0 4.03605 10.5747 373.489 976.335 
0.00538531644116189458 0.145421 0 144496 0.278592 14.9691 13.4681 0 01 0 0 -0 0 0 0 -0 0 0 0 -0 8.73621 14.0869 3485.84 6228.09 
0.00538531644116189458 0.235531 1 62469 0 14.9918 13.4886 0 0 1 0.0039192 -0.00603256 -0.00102899 0 0 0 0 0 0 0 0 7.14614 11.2385 703.339 1967.55 
0.00539354996459882191 1.49378 0 149543 36.7563 36.6397 13.541 0 01 -0 0 0 0 -0 0 0 0 -0 0 0 1.50366 7.55916 0 0 
0.00541966112121327042 1.13023 0 143944 36.4785 36.3642 17.5521 0 01 0 0 -0 0 0 0 -0 0 0 0 -0 0 4.53948 0 0 
0.00549138381063299895 0.0466673 1 52396 0 35.7717 29.8988 0 0 1 0.00899449 0.00586689 -0.00240457 0 0 0 0 0 0 0 0 9.64024 15.829 2028.47 5096.72 
0.00549138381063299895 0.567222 0 128347 35.8955 35.7861 29.8189 0 01 0 0 0 0 0 0 0 0 0 0 0 3.37268 8.98694 0 219.842 
0.00549138381063299895 0.684948 1 8274 0 35.7994 29.4272 0 0 1 -0.010208 0.00724399 0.00510019 0 0 0 0 0 0 0 0 0 4.79908 0 0 
0.00549871983846891149 0.067427 0 186579 35.8192 35.7104 30.0092 0 01 -0 0 0 0 -0 0 0 0 -0 0 0 7.49427 13.2032 1811.06 5108.04 
0.0055075091837358519 0.2059 0 90793 14.8701 35.6045 29.9231 0 01 0 0 0 0 0 0 0 0 0 0 0 6.07454 10.7107 967.22 2193.74 
0.00551218990144164596 0.405552 1 102873 0 35.5744 29.9246 0 0 2 -0.00168917 0.00237503 -0.00431704 0 0 0 0 0 0 0 0 0.838267 7.4501 0 0 
0.00555907747386847478 0.404342 0 57393 0.416552 35.1697 29.7294 0 01 0 0 0 0 0 0 0 0 0 0 0 3.29247 7.86491 0 180.083 
0.00555907747386847478 0.873948 0 87366 35.2759 35.1715 29.7313 0 01 0 0 0 0 0 0 0 0 0 0 0 0.873948 4.37931 0 47.3606 
0.00555907747386847478 2.64795 0 191220 35.2742 35.1698 29.7296 0 01 0 0 0 0 0 0 0 0 0 0 0 0 0 0 0 
0.00557579890259108507 1.58762 0 196116 35.192 35.0883 29.6681 0 01 0 0 0 0 0 0 0 0 0 0 0 0 0 0 0 
0.00560455569846342143 0.242807 0 165929 0.141178 34.7869 29.4895 0 01 0 0 0 0 0 0 0 0 0 0 0 2.14533 8.01623 224.02 224.02 
0.00561324741226372319 0.214214 1 134648 34.8295 34.729 12.9305 0 0 1 0.186206 0.760795 1.52623 0 0 0 0 0 0 0 0 4.11224 13.0045 413.363 1274.06 
0.00562576686221541878 2.34697 0 137507 34.7929 34.6923 29.4997 0 01 0 0 0 0 0 0 0 0 0 0 0 0 2.34697 0 0 
0.00564552488060899443 0.143346 1 209141 0 19.546 17.5914 0 0 1 0.370838 -0.0580618 0.63355 0 0 0 0 0 0 0 0 8.03552 12.3126 1792 6063.08 
0.00566468747184336804 0.0931718 0 43247 34.425 34.3273 29.3706 0 01 0 0 0 0 0 0 0 0 0 0 0 5.69812 11.7461 650.5 4123.4 
0.00566468747184336804 0.438901 0 38744 34.4193 34.3217 29.2662 0 01 -0 0 0 0 -0 0 0 0 -0 0 0 1.35199 7.16652 97.9584 97.9584 
0.00567378605003998615 0.414055 0 71669 34.3464 34.2493 29.3184 0 01 0 0 -0 0 0 0 -0 0 0 0 -0 0.414055 4.62316 0 0 
0.0057439141951871062 0.137251 0 34504 1.01919 52.1017 46.8915 0 01 -0 0 0 0 -0 0 0 0 -0 0 0 0 0 0 0 
0.00579670717146275969 0.488311 1 17420 0 33.3314 28.8802 0 0 1 8.23862e-05 0.00144084 -0.00888814 0 0 -0 0 0 0 -0 0 1.89052 5.22008 0 0 
0.00580745299490334661 1.07844 0 195542 33.3682 33.2785 28.8485 0 01 -0 0 0 0 -0 0 0 0 -0 0 0 1.06858 4.30687 0 0 
0.00583093278104726206 0.853493 0 149405 33.1739 33.0856 28.8074 0 01 0 0 -0 0 0 0 -0 0 0 0 -0 0.841236 1.69422 0 0 
0.00583807527737995827 0.998745 0 140577 33.135 33.0471 28.7018 0 01 0 0 0 0 0 0 0 0 0 0 0 2.97094 3.96801 0 336.891 
0.00584732309245933075 0.595959 0 138555 33.057 32.9696 28.6523 0 01 -0 0 0 0 -0 0 0 0 -0 0 0 1.1809 3.52623 0 147.046 
0.00589140456308213326 0.227002 1 41308 0 32.6827 28.5354 0 0 1 0.000327785 0.00243156 0.00600335 0 0 -0 0 0 0 -0 0 5.77814 13.0013 423.448 863.51 
0.00594064803840346854 0.245235 0 30052 32.4488 32.3658 27.9314 0 6.843491 1.88928 6.27686 1.96599 0 0 0 0 0 0 0 0 4.20759 9.61297 138.883 511.463 
0.00595886102585583936 1.30407 0 107151 32.3059 32.2239 27.4885 0 11.79341 9.4076 6.48835 -2.91232 0 0 0 0 0 0 0 0 0 2.6184 0 0 
0.00596977202656602274 1.80031 0 176355 32.2815 32.1997 27.4997 0 10.13431 8.5568 3.83532 3.8439 0 0 0 0 0 0 0 0 1.85884 3.71051 0 0 
0.00597779106881533677 1.2821 1 175769 32.2172 12.8555 9.53996 0 0 1 -3.92211 6.54368 -4.78813 0 -0 0 0 0 -0 0 0 2.58772 7.79126 0 391.242 
0.00599131730032677074 0.769863 0 121925 32.1195 32.0388 26.9198 0 28.52131 3.90106 -17.5163 -22.1682 0 0 0 0 0 0 0 0 0.785596 5.4457 0 0 
0.0060098146442857164 1.16536 0 139792 31.9889 31.9091 26.5832 0 14.22831 -10.0939 -4.28712 -9.06523 0 0 -0 0 0 0 -0 0 1.17915 3.54333 0 0 
0.0060715437331805254 0.718186 0 194863 31.5906 31.5137 25.371 0 51.40041 50.7784 4.74617 -6.4056 0 0 0 0 0 0 0 0 0 0 0 0 
0.00608459615040012319 0.821758 0 15422 31.4974 31.421 25.0844 0 15.2311 12.6046 -1.36718 8.44024 0 0 -0 0 0 0 -0 0 0 3.29469 0 0 
0.0060901335805337662 0.191204 0 55686 0.154588 31.3951 25.0049 0 40.23321 -19.3505 -29.5837 -19.2113 0 0 -0 0 0 0 -0 0 0 0 0 0 
0.00613018746507786386 0.401337 0 184947 31.2345 31.1599 24.2799 0 39.81891 32.163 -16.9721 16.2182 0 0 0 0 0 0 0 0 1.92876 4.99238 0 203.263 
0.00613018746507786386 0.650768 0 66897 31.2341 31.1596 24.2789 0 48.69291 -15.3056 -12.573 -44.4821 0 0 0 0 0 0 0 0 0 1.94442 0 0 
0.00616472325164285628 0.403786 0 34930 31.0161 30.943 23.6203 0 81.43561 80.5035 12.0779 -2.24992 0 0 0 -0 0 0 0 -0 1.98183 6.67012 0 0 
0.00618552382415812462 0.163794 1 86848 0 12.3377 8.55941 0 0 1 -10.6696 42.8583 31.1688 0 0 0 0 0 0 0 0 0 0 0 0 
0.00618552382415812462 0.507113 0 30458 30.8936 30.8214 23.2574 0 84.29881 -67.5468 30.0072 40.5375 0 0 0 0 0 0 0 0 1.53618 5.14348 0 60.2356 
0.00620133718047384715 1.42092 0 79775 30.7969 30.7253 22.9704 0 18.78881 -13.6533 -5.61994 11.6199 0 0 0 0 0 0 0 0 0 1.45035 0 0 
0.00621203699962171157 1.73725 0 177987 30.7625 30.6912 22.8701 0 46.12481 15.8094 33.1981 -27.8467 0 0 0 -0 0 0 0 -0 0 3.5097 0 0 
0.00621914197672904148 0.0821739 0 59481 30.6952 30.6242 22.6745 0 155.3171 54.8278 12.1947 -144.805 0 0 0 0 0 0 0 0 0 0 0 0 
0.00622365023379801811 2.29176 0 194475 30.6804 30.6095 22.63 0 75.55141 71.2994 -18.9663 16.2692 0 0 0 0 0 0 0 0 0 4.57147 0 0 
0.00622925366160990025 0.135779 1 0 0 30.5895 22.5721 0 0 1 30.9148 -84.9796 22.5676 1 20.7838 -79.0821 58.4045 0 0 0 0 0 0 0 0 
0.00622925366160990025 0.202953 0 222663 0.494898 30.9981 23.348 0 94.11851 94.0225 -1.83481 -3.83178 0 0 -0 0 0 0 -0 0 0 0 0 0 
0.00623285120606643754 1.65587 0 169885 30.6318 30.5612 22.4898 0 119.8761 -20.8058 47.0231 -108.288 0 -0 0 0 0 -0 0 0 0 1.62682 0 0 
0.00624797347707282263 0.282579 0 132704 30.5626 30.4925 22.2899 0 62.3131 40.5059 -40.0066 -25.331 0 0 0 -0 0 0 0 -0 5.7274 10.5472 467.703 644.57 
0.00624930970228087992 0.178259 0 19678 30.5204 30.4506 22.1685 0 78.56271 -9.92882 -29.6361 72.0778 0 0 0 0 0 0 0 0 0 0 0 0 
0.00627250473248596938 0.442811 0 89901 30.3874 30.3185 21.7887 0 68.99611 19.4364 -61.692 -24.0163 0 0 0 0 0 0 0 0 0.414595 3.43523 0 0 
0.00630242166999991481 0.370748 0 71493 30.2655 30.1973 21.4439 0 144.2181 -66.0508 43.7455 -120.51 0 0 0 -0 0 0 0 -0 8.20914 21.0222 230.631 471.354 
0.00632181683554667445 0.983778 0 183892 30.1223 30.0551 21.0438 0 115.6631 -75.5068 -87.5542 -3.30178 0 -0 0 0 0 -0 0 0 3.91544 7.83882 0 0 
0.00633765669370888948 0.159706 0 27397 30.0313 29.9646 20.7907 0 133.3741 -53.267 -100.331 -69.8938 0 0 -0 0 0 0 -0 0 0 0 0 0 
0.00634132164177977475 0.69624 0 154589 30.0242 29.9577 20.7718 0 102.2911 -91.8607 -12.5406 -43.2178 0 0 0 -0 0 0 0 -0 1.41014 4.89952 0 1.26149 
0.00636170568999624639 0.374847 0 43108 0.229152 30.2382 21.163 0 186.951 -161 -89.8273 30.9867 0 0 0 0 0 0 0 0 2.11212 9.54432 4.03069 373.772 
0.006391967788298758 0.41144 0 86949 29.7502 29.6854 20.026 0 121.7971 -63.7835 96.4656 -38.2184 0 0 0 -0 0 0 0 -0 2.14956 9.42472 0 0 
0.00640336609758713083 0.216374 0 48688 0.341704 29.6136 19.8311 0 136.6431 -46.1529 65.9763 -110.401 0 -0 0 0 0 -0 0 0 0 0 0 0 
0.00644826624725359544 0.537662 0 153147 29.442 29.3791 19.2067 0 155.0131 -149.515 -2.88626 40.8173 0 0 0 0 0 0 0 0 0.515748 7.88588 0 0 
0.00648083585335902483 0.600354 0 152125 29.2841 29.2222 18.795 0 91.36021 -9.43517 19.5781 -88.7376 0 -0 0 0 0 -0 0 0 1.20782 5.47281 0 0 
0.00651207966741373153 0.269586 0 19650 29.1244 29.0635 18.3844 0 152.3611 -149.702 11.6754 -25.8272 0 -0 0 0 0 -0 0 0 3.08655 9.66104 184.445 234.463 
0.00651207966741373153 1.15517 0 95010 29.1241 29.0632 18.3835 0 159.7691 51.5524 132.021 -73.7498 0 0 0 0 0 0 0 0 0 2.28701 0 0 
0.00651691543982991194 0.519061 0 6292 29.1038 29.043 18.3312 0 131.7891 -50.3991 74.2238 -96.5353 0 0 0 -0 0 0 0 -0 2.63953 6.83055 0 231.478 
0.00653054095070217892 0.555147 0 185079 29.0216 28.9613 18.1229 0 159.3731 -85.7453 -127.389 42.6581 0 0 0 0 0 0 0 0 2.23423 5.56899 43.6148 43.6148 
0.00654362231953463033 0.450128 0 54359 28.9575 28.8975 17.9615 0 79.72941 20.6213 -51.9025 56.9005 0 0 0 0 0 0 0 0 0.857676 9.11952 0 0 
0.00655058361254439499 1.25346 0 179360 28.9337 28.874 17.9027 0 44.19511 44.1944 -0.242844 -0.0345348 0 0 -0 0 0 0 -0 0 0 2.46442 0 0 
0.00657679597522996869 0.30143 1 0 0 28.7457 17.5802 0 0 1 -134.024 0.506477 -60.9087 1 -135.713 -10.172 -57.2187 0 -0 0 0 2.81497 7.5299 0 51.9789 
0.0065812238144319973 0.320207 0 126118 28.7826 28.7237 17.5256 0 79.54451 23.3603 -46.4894 60.1694 0 0 -0 0 0 0 -0 0 3.09391 6.23659 369.842 393.032 
0.00659946209828649911 0.291352 0 23097 0 28.6322 17.2988 0 106.8951 104.812 -1.80147 -20.92 0 0 0 -0 0 0 0 -0 5.59661 11.7717 22.5261 243.68 
0.00662969286207180236 0.574227 0 61856 28.5407 28.4833 16.9327 0 206.3491 -127.838 150.352 60.262 0 0 0 0 0 0 0 0 4.07511 15.1388 9.41024 282.861 
0.00664391429658534038 0.295158 0 55732 28.4725 28.4154 16.7684 0 148.5141 -49.3085 135.206 36.6663 0 0 0 0 0 0 0 0 2.17711 5.32747 44.8582 395.38 
0.00664976022026588995 1.11886 0 162556 28.4539 28.397 16.7236 0 225.7871 -54.7626 199.213 91.0786 0 -0 0 0 0 -0 0 0 0 6.64351 0 0 
0.00666248968895246426 0.10911 1 37014 0 28.3605 8.14037 0 0 1 -6.17416 -6.48639 7.48148 0 0 -0 0 0 0 -0 0 0 0 0 0 
0.00666248968895246426 1.76013 0 193763 28.3885 28.332 16.5665 0 177.4131 22.4316 175.977 -2.05566 0 0 0 0 0 0 0 0 1.82019 8.95852 0 0 
0.0066703091509706363 0.559786 0 99537 28.3536 28.2973 16.4849 0 233.4771 -135.134 -67.3257 -178.094 0 -0 0 0 0 -0 0 0 0.565514 3.33313 0 0 
0.00667845134984014141 0.10394 1 206604 0 17.575 15.8161 0 0 2 -1.19837 -3.01865 -0.462289 0 0 0 -0 0 0 0 -0 0 0 0 0 
0.00667845134984014141 0.51215 0 185355 28.3386 28.2824 16.4483 0 45.42491 -41.0072 -19.0843 4.1985 0 0 0 0 0 0 0 0 4.01715 10.9649 0 195.073 
0.00668565449400515023 0.976571 0 67839 28.2831 28.2272 16.3163 0 76.21571 -50.1161 56.6707 9.25351 0 0 0 0 0 0 0 0 2.90678 4.8322 250.054 250.054 
0.00668565449400515023 1.81207 0 106288 28.3056 28.2495 16.3694 0 170.011 34.1712 -72.8835 -149.745 0 0 0 0 0 0 0 0 0 3.6266 0 0 
0.00670457589694441105 0.811791 0 39238 28.202 28.1466 16.1257 0 178.1421 112.885 -108.729 -84.6735 0 0 0 -0 0 0 0 -0 0.811791 4.0952 0 0 
0.00673092404859847605 1.55902 0 6219 34.8882 28.015 15.8164 0 142.541 -70.2853 122.733 -17.731 0 0 0 0 0 0 0 0 0 0 0 0 
0.00674463354149287039 0.376868 0 41160 28.0132 27.9589 15.6852 0 241.0241 -220.118 63.2211 75.1248 0 0 0 0 0 0 0 0 2.16939 4.33647 0 142.233 
0.00674463354149287039 1.03128 0 171631 28.0086 27.9543 15.6743 0 215.2881 -192.972 56.3891 -77.0141 0 -0 0 0 0 -0 0 0 1.03026 3.08434 0 0 
0.00674647546835241245 0.660579 0 129944 28.0037 27.9494 15.6635 0 134.0221 -126.854 39.3703 17.8874 0 0 0 0 0 0 0 0 0 2.64611 0 0 
0.00674816887080090678 0.113603 0 73589 27.9947 27.9405 15.6422 0 63.35411 62.9262 -2.19163 7.01693 0 0 0 0 0 0 0 0 0 0 0 0 
0.00675406719474050572 0.702151 0 185527 27.9668 27.9127 15.5782 0 223.6661 120.35 21.0683 -187.346 0 0 0 0 0 0 0 0 0.705371 1.41017 0 0 
0.00677524854636204609 0.646508 0 86890 27.8716 27.818 15.3601 0 113.2351 -33.9217 -21.6563 105.842 0 0 -0 0 0 0 -0 0 0 3.21881 0 0 
0.00680568365453984494 2.964 0 132710 27.7405 27.6877 15.0633 0 177.9891 129.299 -122.217 4.99717 0 0 -0 0 0 0 -0 0 0 0 0 0 
0.00683264471419667979 1.79839 0 166801 27.6131 27.5611 14.7787 0 178.3681 170.724 -50.4454 11.1266 0 0 0 0 0 0 0 0 0 1.8346 0 0 
0.00685107471185031347 0.0843676 0 89495 27.5396 27.488 14.6158 0 112.7151 48.3715 64.691 78.6126 0 0 0 0 0 0 0 0 0 0 0 0 
0.00687121820794738773 0.248552 1 0 0 27.397 14.4143 0 0 1 61.5419 -4.21447 -5.99153 1 63.1627 -0.824016 8.4252 0 0 -0 0 4.19218 9.69246 168.047 365.086 
0.00687761658538391888 1.7257 0 129927 27.4288 27.3778 14.3727 0 232.5821 -218.824 -25.6661 -74.5082 0 0 -0 0 0 0 -0 0 0 0 0 0 
0.00689731987158641313 0.242516 1 204329 0 19.1046 17.1942 0 0 2 -0.01016 2.45936 -1.1827 0 0 0 -0 0 0 0 -0 2.73468 6.88559 0 92.9696 
0.00689731987158641313 0.486081 0 61838 0.795731 27.2887 14.1776 0 184.8281 -130.628 50.3703 120.667 0 0 0 0 0 0 0 0 1.45896 5.20876 0 0 
0.00690472081141540843 1.92579 0 149264 27.311 27.2607 14.1168 0 178.6261 -128.371 -116.6 42.8075 0 0 0 0 0 0 0 0 0 1.98465 0 0 
0.00691912691612674765 0.582308 0 141353 27.2499 27.1999 13.9854 0 177.061 -24.6479 -13.0726 -174.848 0 0 -0 0 0 0 -0 0 2.33819 5.91283 0 105.732 
0.00692571778607405271 0.764314 0 181037 27.2189 27.1691 13.9192 0 177.7671 165.977 61.0813 17.9401 0 0 0 0 0 0 0 0 0 0 0 0 
0.00696115301102305083 1.92802 0 187038 27.069 27.02 13.6002 0 80.12141 79.9124 5.7336 -0.757201 0 0 0 0 0 0 0 0 0 1.93628 0 0 
0.00707735515423607575 0.340016 0 49516 26.5959 26.5495 12.6261 0 130.8391 117.764 13.57 55.3736 0 0 0 0 0 0 0 0 0 0 0 0 
0.00710843652126685443 0.943592 0 131361 26.4753 26.4295 12.385 0 113.6271 35.3239 -105.848 -21.4392 0 0 0 -0 0 0 0 -0 0 0 0 0 
0.00714767731358705721 0.211286 0 18681 0.163578 26.2766 12.0823 0 263.7761 130.942 -219.999 63.4988 0 0 -0 0 0 0 -0 0 0 0 0 0 
0.00714767731358705721 3.43969 0 125335 26.327 26.282 12.0927 0 83.64181 -43.2558 -58.0269 -41.9257 0 0 0 -0 0 0 0 -0 0 0 0 0 
0.00716957176972235315 0.686988 0 195209 26.2463 26.2017 11.9354 0 384.1981 -155.603 182.197 300.333 0 -0 0 0 0 -0 0 0 1.36273 4.09152 0 0 
0.00717470770298348198 0.314799 0 145174 0.0822192 26.183 11.8991 0 137.2991 -42.8229 1.91541 -130.436 0 0 0 0 0 0 0 0 2.5702 7.08521 111.534 531.356 
0.00717801357802019032 0.239979 0 8327 26.2079 26.1635 11.8612 0 126.7691 -48.8903 -85.1071 -80.2296 0 0 -0 0 0 0 -0 0 2.51027 6.08078 180.017 275.764 
0.00718062789694573142 0.858577 0 170681 26.196 26.1516 11.8384 0 236.1961 -194.456 12.4674 133.491 0 -0 0 0 0 -0 0 0 2.5761 4.27957 0 237.943 
0.00718614172351135592 0.314559 0 89672 26.1819 26.1376 11.8111 0 158.3081 151.217 -41.8317 -21.0894 0 0 0 -0 0 0 0 -0 2.23757 8.96494 0 0 
0.00721592811630615127 1.67799 0 158284 26.0693 26.0256 11.5956 0 91.97281 83.665 38.1764 -1.31199 0 0 0 0 0 0 0 0 0 1.68941 0 0 
0.00721592811630615127 1.98286 0 171637 26.0749 26.0312 11.606 0 407.31 -295.136 56.4783 -274.951 0 0 0 -0 0 0 0 -0 0 0 0 0 
0.00722689292246476728 0.856016 0 131510 26.0311 25.9876 11.5228 0 290.9051 -43.5491 -36.2655 -285.332 0 -0 0 0 0 -0 0 0 2.59108 5.17296 18.7273 18.7273 
0.00724153434740736329 0.445611 0 9348 0.244634 26.1709 12.4296 0 109.0181 104.521 30.9745 0.905953 0 0 0 0 0 0 0 0 1.31554 5.80264 0 110.769 
0.00726521527392233121 0.140553 0 75139 25.8884 25.8456 11.2541 0 342.141 342.087 5.97002 0.648246 0 0 0 0 0 0 0 0 0 0 0 0 
0.00728107597926740905 0.399941 0 60209 0.127623 25.7816 11.1342 0 336.1311 -136.052 307.009 -14.8123 0 0 0 -0 0 0 0 -0 0.796322 2.01347 0 26.3208 
0.0072836745297231208 0.598664 0 149828 25.8174 25.775 11.1217 0 71.9151 71.7852 -4.26554 -0.683318 0 0 0 0 0 0 0 0 1.80661 3.02411 0 30.6729 
0.00729895465096393713 0.541934 0 39421 0.196066 26.642 12.8143 0 134.2481 131.298 -21.7466 17.6147 0 0 0 0 0 0 0 0 0.5374 4.31694 0 0 
0.00731172128333103504 0.970388 0 77143 25.7174 25.6756 10.9374 0 218.9511 -151.02 -155.993 28.2629 0 0 0 0 0 0 0 0 0.977239 3.8937 128.918 128.918 
0.00733176406509826375 0.183551 0 64738 0.121426 25.598 10.7949 0 372.9781 -117.717 17.705 353.471 0 0 0 0 0 0 0 0 0 0 0 0 
0.00733756938573268316 0.945898 0 166175 25.6275 25.5861 10.7733 0 376.6731 -367.795 22.2602 78.1912 0 0 0 0 0 0 0 0 2.84192 6.63026 0 0 
0.00736102403519707602 1.26071 0 105386 25.5418 25.5008 10.6181 0 294.4031 -244.984 -3.25902 -163.233 0 0 0 0 0 0 0 0 0 1.26071 0 0 
0.00738622193750132754 1.29688 0 126498 25.4469 25.4064 10.4481 0 206.3341 -146.312 128.861 -67.5364 0 0 0 0 0 0 0 0 0 1.30964 0 0 
0.0073953382584991019 0.248159 0 112460 2.26092 25.3715 10.3857 0 268.8891 -209.008 -147.783 82.3225 0 0 0 0 0 0 0 0 0.839662 2.8963 5.79141 5.79141 
0.00747293713423506818 2.08794 0 190546 25.1519 25.1129 9.93068 0 314.5271 261.005 -170.943 -39.7824 0 0 0 0 0 0 0 0 2.05949 2.05949 0 0 
0.00752039255925705634 1.43602 0 165019 24.9833 24.945 9.64291 0 325.3541 295.089 63.2338 121.57 0 0 0 0 0 0 0 0 0 0 0 0 
0.00754018494737758969 0.971464 0 81629 24.9271 24.8892 9.548 0 221.0231 -188.422 56.6382 -100.701 0 0 0 0 0 0 0 0 0.990328 7.88643 27.2628 27.2628 
0.00754448436925838836 1.29634 0 185177 24.903 24.8651 9.5073 0 407.9921 -242.559 -296.619 140.142 0 -0 0 0 0 -0 0 0 1.31565 1.31565 0 0 
0.00755745841593990272 1.75472 0 186121 24.8636 24.8259 9.44147 0 329.4771 -292.896 -130.848 75.1393 0 0 0 0 0 0 0 0 0 0 0 0 
0.00756010572489825006 1.48603 0 163317 24.8582 24.8205 9.43242 0 433.311 428.211 -64.7756 -14.0311 0 0 -0 0 0 0 -0 0 1.4683 1.4683 0 0 
0.00756319080182428494 0.0708211 0 140637 24.8446 24.807 9.40977 0 131.5971 121.352 32.2527 -39.3867 0 0 0 0 0 0 0 0 0 0 0 0 
0.00756319080182428494 2.50021 0 197303 24.8468 24.8092 9.41339 0 201.2731 197.241 37.8065 -13.3182 0 0 0 0 0 0 0 0 0 2.67599 0 0 
0.00760039697843558834 1.75279 1 201391 31.4511 20.3146 18.2831 0 0 2 0.588037 0.254112 1.50453 0 0 0 0 0 0 0 0 1.75279 1.75279 0 0 
0.00763091758397674378 0.373787 0 63470 24.6264 24.5898 9.05091 0 302.2581 -297.526 24.0964 -47.5133 0 -0 0 0 0 -0 0 0 1.50046 6.28903 11.3247 11.3247 
0.00763091758397674378 0.564354 0 87460 24.6284 24.5918 9.05424 0 105.8941 -96.731 -2.97699 -42.9857 0 0 0 0 0 0 0 0 0 4.04554 0 0 
0.00765975749986706669 0.528476 0 77879 0.251115 24.5007 8.90615 0 153.0691 70.495 -66.4738 118.499 0 0 -0 0 0 0 -0 0 4.66329 8.8059 0 216.084 
0.00768508193359349057 0.0668629 0 73656 0.513622 24.4123 8.76411 0 417.8581 158.166 190.562 336.563 0 0 0 0 0 0 0 0 0 0 0 0 
0.00772047740161905041 0.62723 0 144498 24.3374 24.3022 8.5891 0 193.5831 -139.086 92.2001 98.1248 0 0 0 0 0 0 0 0 0.631708 5.09512 0 0 
0.00772544794866254336 1.30444 0 187804 24.3237 24.2885 8.56761 0 286.9741 28.6546 95.1819 -269.209 0 0 0 0 0 0 0 0 2.66769 5.28137 0 225.383 
0.0077298772595492931 1.95547 0 118226 24.3179 24.2828 8.55849 0 248.2221 219.165 112.653 -29.8372 0 0 0 0 0 0 0 0 0 0 0 0 
0.00775824303214106732 1.76568 0 165677 24.2251 24.1905 8.41411 0 243.2451 96.6589 38.169 219.928 0 0 0 0 0 0 0 0 0 3.53068 0 0 
0.0078800049776291594 0.0852403 1 281927 0 33.2767 29.9491 0 0 2 -0.00822611 0.00327776 -0.0132371 0 -0 0 0 0 -0 0 0 0 0 0 0 
0.00790575400278749514 1.00363 0 98258 23.7794 23.7468 7.74197 0 423.6161 -412.592 -89.0876 -35.7969 0 0 0 -0 0 0 0 -0 1.98692 4.99169 0 0 
0.00792454917730720659 0.568223 0 83813 23.7236 23.6912 7.6604 0 43.73961 41.1401 5.32858 13.8655 0 0 0 0 0 0 0 0 1.74 5.23747 0 19.5109 
0.00793762683064776903 1.31338 0 109592 23.684 23.6518 7.60284 0 322.4931 321.465 -18.3352 -18.0641 0 0 0 0 0 0 0 0 0 3.96736 0 0 
0.00795771204040682939 0.602409 0 96095 23.6268 23.5948 7.52026 0 322.9021 278.491 -157.891 -42.1798 0 0 0 -0 0 0 0 -0 0 1.21115 0 0 
0.00800299780319842571 0.335021 0 77061 23.5 23.4686 7.3393 0 405.5121 391.28 5.35563 -106.353 0 0 0 0 0 0 0 0 7.56931 16.7797 180.003 307.697 
0.00800972233744478776 0.418513 1 0 0 23.4555 7.32064 0 0 1 60.5169 -231.895 109.936 1 57.3685 -226.079 123.92 0 0 0 0 2.52613 8.82682 45.9825 212.986 
0.00804005518022121897 1.29126 0 74516 23.4024 23.3714 7.20194 0 109.9731 -85.6736 -63.9835 -25.696 0 -0 0 0 0 -0 0 0 2.58547 5.13147 0 82.9585 
0.00811204803642807601 1.42015 0 190351 23.2074 23.1773 6.93278 0 546.4121 313.029 -165.873 -416.011 0 0 -0 0 0 0 -0 0 1.4005 5.62202 0 0 
0.00812735857076383149 3.74731 0 199257 23.1499 23.12 6.85461 0 536.7591 -166.215 -486.92 152.944 0 -0 0 0 0 -0 0 0 0 0 0 0 
0.00818996312653484312 0.263973 0 31525 22.9882 22.959 6.63806 0 487.7491 140.345 418.035 208.443 0 0 0 0 0 0 0 0 0 0 0 0 
0.00819819391020693185 1.02948 0 78975 22.9598 22.9307 6.6005 0 140.5711 86.1062 86.8392 69.3166 0 0 0 0 0 0 0 0 1.0388 3.10084 73.245 73.245 
0.0082324299441882097 1.3718 0 175854 22.8738 22.8451 6.48774 0 480.1951 401.621 13.2014 -262.894 0 0 0 0 0 0 0 0 0 2.76481 0 0 
0.00824094667795722581 0.203839 0 106367 1.38273 22.8167 6.45069 0 379.2451 178.136 -85.4223 -323.724 0 0 0 -0 0 0 0 -0 0 0 0 0 
0.00824094667795722581 0.30069 0 159018 22.8485 22.8199 6.45483 0 454.5261 -273.258 -297.298 -208.657 0 0 0 -0 0 0 0 -0 6.40155 14.7765 113.024 697.776 
0.00826261881766284824 1.96973 0 153408 22.7891 22.7607 6.37797 0 338.7621 -325.049 -90.1781 -31.1586 0 -0 0 0 0 -0 0 0 0 2.0378 0 0 
0.00835030156316715795 1.53307 0 148434 22.568 22.5405 6.09711 0 265.5181 51.1537 211.723 151.843 0 0 0 0 0 0 0 0 3.03627 4.54832 0 0 
0.00838137609946575275 0.1177 1 221011 0 26.9226 24.2304 0 0 2 0.0338333 0.0122183 0.00366889 0 0 0 0 0 0 0 0 0 0 0 0 
0.00839769971984130614 0.406357 0 13000 22.4451 22.418 5.94476 0 473.8571 240.52 339.23 227.187 0 0 0 0 0 0 0 0 3.37251 5.85099 8.38915 69.231 
0.00841086511155821406 0.360246 0 45426 22.4067 22.3799 5.89782 0 237.5281 18.1887 -204.191 119.978 0 0 -0 0 0 0 -0 0 0.746823 4.8201 0 0 
0.00846410063578975462 0.46676 0 5085 22.277 22.2507 5.74074 0 374.5631 224.341 282.133 101.831 0 0 0 0 0 0 0 0 0.439009 1.35035 0 130.443 
0.0085099442599541799 0.791228 0 161955 22.1664 22.1405 5.60911 0 497.3661 -495.413 -43.5278 6.69024 0 0 0 0 0 0 0 0 0.791228 2.34367 0 0 
0.00851662309838744844 0.551569 0 1919 22.1494 22.1235 5.58898 0 393.5991 40.4528 166.887 -354.165 0 0 0 0 0 0 0 0 0.556788 4.50467 0 0 
0.00854308994105400753 1.58397 0 189779 22.0877 22.0621 5.51667 0 296.9831 278.018 43.4848 -94.941 0 0 0 0 0 0 0 0 3.13342 7.7887 0 0 
0.00855765246982517769 1.00647 0 153745 22.0528 22.0274 19.6482 0 01 0 0 0 0 0 0 0 0 0 0 0 0 2.01082 0 0 
0.00855765246982517769 1.30096 0 163978 22.052 22.0265 19.6474 0 01 0 0 0 0 0 0 0 0 0 0 0 0 0 0 0 
0.0085804410680598419 0.27021 0 281249 0.130217 29.8671 20.5207 0 95.04521 94.345 11.3298 2.05759 0 0 0 0 0 0 0 0 3.49666 8.6116 0 84.4023 
0.0085804410680598419 1.04873 0 143717 21.9963 21.9711 19.5991 0 01 0 0 0 0 0 0 0 0 0 0 0 0 2.14502 0 0 
0.00863301486310132787 0.485956 0 150319 21.8709 21.8462 19.4878 0 01 0 0 0 0 0 0 0 0 0 0 0 1.95439 3.43352 0 107.007 
0.00865762212908322178 0.257592 0 24795 21.8114 21.7869 19.4355 0 01 0 0 -0 0 0 0 -0 0 0 0 -0 1.1382 4.22108 0 14.6282 
0.00866979734353892119 0.120494 0 18397 0.147011 21.7586 19.4108 0 01 0 0 0 0 0 0 0 0 0 0 0 0 0 0 0 
0.00867174824967836128 0.110733 0 5802 2.22106 21.756 19.4082 0 01 0 0 -0 0 0 0 -0 0 0 0 -0 0 0 0 0 
0.00868168010325702511 2.37257 0 147298 21.7574 21.7331 19.3878 0 01 0 0 0 0 0 0 0 0 0 0 0 0 0 0 0 
0.00868709818681624203 0.195207 1 57626 21.7137 8.34623 7.51161 0 0 1 -14.3921 4.26079 -37.8252 0 0 0 -0 0 0 0 -0 0 0 0 0 
0.00869330063811365322 1.23927 0 172139 21.7289 21.7047 19.3628 0 01 0 0 0 0 0 0 0 0 0 0 0 0 1.21139 0 0 
0.00870229876002183433 0.650991 0 62404 21.7151 21.6909 19.3505 0 01 0 0 0 0 0 0 0 0 0 0 0 0 3.25328 0 0 
0.00874731292948436288 1.25157 0 63111 21.6082 21.5844 19.2563 0 01 0 0 0 0 0 0 0 0 0 0 0 1.24387 1.24387 0 0 
0.00877650212604301309 0.685441 0 190379 21.548 21.5245 19.2038 0 01 0 0 0 0 0 0 0 0 0 0 0 1.32903 7.41061 0 51.2747 
0.00878882684347893559 0.621209 0 150526 21.52 21.4966 19.1787 0 01 0 0 0 0 0 0 0 0 0 0 0 0.619445 4.92535 0 0 
0.00879554199341264949 0.228892 0 34929 21.5077 21.4843 19.1683 0 01 0 0 0 0 0 0 0 0 0 0 0 0 0 0 0 
0.00885059953884363877 0.798301 0 139643 0.259429 21.5343 21.7377 0 01 -0 0 0 0 -0 0 0 0 -0 0 0 0.773966 3.13198 0 204.438 
0.00887725393957950783 0.823722 0 74810 21.3199 21.2972 19.0032 0 01 -0 0 0 0 -0 0 0 0 -0 0 0 0.803401 3.22876 0 0 
0.00888661435578265956 0.606418 0 125439 21.3014 21.2788 18.9871 0 01 0 0 -0 0 0 0 -0 0 0 0 -0 1.84164 4.9337 254.683 254.683 
0.00891013656095373044 0.154231 0 2133 21.2494 21.227 18.941 0 01 0 0 0 0 0 0 0 0 0 0 0 0 0 0 0 
0.0089228095196803598 0.550953 0 74169 21.2241 21.2018 18.9188 0 01 0 0 0 0 0 0 0 0 0 0 0 3.9062 8.39613 0 0 
0.00893663673848368 1.65922 0 161127 21.1922 21.1699 18.8905 0 01 0 0 0 0 0 0 0 0 0 0 0 0 10.108 0 0 
0.00900122781428971605 0.293935 0 13778 21.0531 21.0313 18.7678 0 01 0 0 -0 0 0 0 -0 0 0 0 -0 6.37374 14.9696 361.526 758.993 
0.00902830174698585931 0.245456 0 61834 21.0137 20.9921 18.7343 0 01 0 0 -0 0 0 0 -0 0 0 0 -0 7.5901 15.9664 39.0762 705.688 
0.00906131338256874024 0.880123 0 164300 20.9292 20.9079 18.6589 0 01 0 0 0 0 0 0 0 0 0 0 0 1.73057 9.54197 0 0 
0.00906907198930425804 3.90612 0 199578 20.9148 20.8936 18.6462 0 01 -0 0 0 0 -0 0 0 0 -0 0 0 0 0 0 0 
0.00913734085850678029 1.31913 0 171741 20.7738 20.753 18.5219 0 01 -0 0 0 0 -0 0 0 0 -0 0 0 2.62089 3.93274 0 0 
0.00920500298959911305 0.254288 0 52009 2.28926 20.6155 18.3997 0 01 0 0 0 0 0 0 0 0 0 0 0 5.41351 11.8336 37.4416 418.387 
0.00922811570184484814 0.749029 0 33876 20.5916 20.5715 18.3602 0 01 0 0 0 0 0 0 0 0 0 0 0 2.29272 6.09208 0 0 
0.00924343042528428388 0.211822 0 98571 20.554 20.534 18.3268 0 01 0 0 0 0 0 0 0 0 0 0 0 0 0 0 0 
0.00924343042528428388 0.504116 0 163707 20.5744 20.5543 18.3448 0 01 0 0 0 0 0 0 0 0 0 0 0 3.49491 8.45785 35.1072 111.936 
0.00926880325201546312 0.643062 0 23718 20.5115 20.4916 18.2896 0 01 0 0 0 0 0 0 0 0 0 0 0 3.93555 7.91195 0 344.84 
0.00931026944163803293 0.513503 0 82874 20.4299 20.4103 18.2165 0 01 -0 0 0 0 -0 0 0 0 -0 0 0 2.54283 6.02764 235.152 235.152 
0.009318085671111127 0.851215 0 143635 20.4154 20.3959 18.2048 0 01 0 0 0 0 0 0 0 0 0 0 0 2.52745 6.72834 0 0 
0.00933497975696121612 0.304951 0 148444 20.3789 20.3595 18.1717 0 01 0 0 0 0 0 0 0 0 0 0 0 2.09626 6.74356 0 0 
0.00934780789015910406 0.531548 0 151331 20.3561 20.3367 18.1518 0 01 0 0 0 0 0 0 0 0 0 0 0 0 0 0 0 
0.00935372462345656144 0.715357 0 17368 20.3403 20.3211 18.1378 0 01 0 0 0 0 0 0 0 0 0 0 0 0.693902 1.39211 0 0 
0.00937006670933526395 0.599735 0 29294 20.3085 20.2894 18.1094 0 01 -0 0 0 0 -0 0 0 0 -0 0 0 2.3715 6.47942 0 58.4226 
0.00939386140741939844 0.689223 0 44830 20.2644 20.2453 18.0702 0 01 0 0 0 0 0 0 0 0 0 0 0 1.36804 1.36804 0 0 
0.00941262642840566717 0.407354 0 167944 20.2305 20.2116 18.0407 0 01 -0 0 0 0 -0 0 0 0 -0 0 0 1.74024 5.17358 0 123.609 
0.00941686454005070256 0.473565 0 88115 20.2206 20.2017 18.0322 0 01 0 -0 0 0 0 -0 0 0 0 -0 0 0.925863 5.55551 0 3.10877 
0.00945580278349223737 1.44446 0 148344 20.1477 20.1291 17.9668 0 01 0 -0 0 0 0 -0 0 0 0 -0 0 0 0 0 0 
0.00945774551197211232 0.643539 0 59383 20.1415 20.1228 17.9613 0 01 0 0 0 0 0 0 0 0 0 0 0 0 2.58131 0 0 
0.00946249122103602798 0.168252 1 203219 18.1541 15.0427 13.5344 0 0 2 -0.0729268 1.04127 0.766867 0 0 0 0 0 0 0 0 0 0 0 0 
0.00947028405670077324 0.789809 0 171146 20.1221 20.1035 17.9443 0 01 0 0 0 0 0 0 0 0 0 0 0 0 1.57906 0 0 
0.00952280145810437302 1.50754 0 196880 0.377779 20.2157 20.2317 0 01 0 -0 0 0 0 -0 0 0 0 -0 0 0 1.5145 0 0 
0.00955343835214801998 0.299897 1 144527 19.9627 19.945 10.7086 0 0 1 -0.991744 0.623361 -1.41518 0 -0 0 0 0 -0 0 0 1.61303 5.39643 0 7.0483 
0.00956137880860678628 1.36528 0 185677 0.341241 19.9306 21.5728 0 01 0 0 0 0 0 0 0 0 0 0 0 1.36527 4.0785 0 0 
0.00960058311129126721 1.47799 0 173828 19.8898 19.872 17.7387 0 01 -0 0 0 0 -0 0 0 0 -0 0 0 1.49796 2.97595 72.2389 72.2389 
0.00962904516460094326 0.0476978 1 208454 0 15.3422 13.8042 0 0 2 1.19823 -0.141375 -0.232501 0 0 0 0 0 0 0 0 0 0 0 0 
0.00963227639759373262 0.375181 0 1612 0.12557 19.8054 17.68 0 01 0 0 0 0 0 0 0 0 0 0 0 1.15211 3.04556 0 0 
0.00963227639759373262 0.432716 0 7154 19.822 19.8044 17.679 0 01 0 0 0 0 0 0 0 0 0 0 0 0.829773 5.49029 0 0 
0.00965950055038553891 5.85339 0 73017 19.7728 19.7553 17.6355 0 01 0 0 0 0 0 0 0 0 0 0 0 0 0 0 0 
0.00967735907208573665 0.21719 0 53826 19.7413 19.724 17.6078 0 01 0 0 0 0 0 0 0 0 0 0 0 0 0 0 0 
0.00969531606500673854 0.0584126 0 29937 19.7082 19.6909 17.5781 0 01 -0 0 0 0 -0 0 0 0 -0 0 0 0 0 0 0 
0.00971161043875085235 1.60837 0 175405 19.6829 19.6658 17.5559 0 01 0 0 0 0 0 0 0 0 0 0 0 0 4.71365 0 0 
0.00973076408731325324 1.97145 0 184723 19.6454 19.6284 17.5223 0 01 -0 0 0 0 -0 0 0 0 -0 0 0 0 1.94041 0 0 
0.0097323477131362069 0.249233 0 15890 19.6421 19.625 17.5194 0 01 0 0 -0 0 0 0 -0 0 0 0 -0 1.70257 5.09443 0 822.721 
0.00975216274646153493 3.02087 0 179770 19.6083 19.5914 17.4897 0 01 0 0 0 0 0 0 0 0 0 0 0 0 0 0 0 
0.00984610433271568969 1.2349 0 256383 0.0814572 19.7102 17.5381 0 01 0 0 0 0 0 0 0 0 0 0 0 0 1.23096 0 0 
4.07002365720997616 0.0804374 1 0 0 13.8731 13.8731 0 0 0 0 0 0 0 0 0 0 0 0 0 0 0 0 0 0 
