#1:time #2:r #3.binary? #4:ID #5:zams_m #6:m_progenitor #7:bh mass #8:bh_spin #9:birth-kick(km/s) #10-25:vsarray
0.00934919321681716882 0.270794 0 210461 0.227733 16.266 14.4877 0 01 -0 0 0 0 -0 0 0 0 -0 0 0 0.273317 0.814569 0 3.28525 
0.0095904095021639834 0.165201 1 1230 0 11.8011 7.81708 0 0 1 -124.918 -9.24524 7.54983 0 0 0 0 0 0 0 0 1.51308 3.22226 197.432 197.432 
0.00959569626454318848 0.165576 1 100504 0 11.6632 7.64516 0 0 2 35.736 36.1903 -8.14747 0 0 0 0 0 0 0 0 0.163762 1.94588 0 0 
0.00963512029242056048 0.260949 0 115717 0.187671 11.5715 7.53456 0 190.0571 -17.0832 183.989 -44.4722 0 0 0 0 0 0 0 0 0.77849 2.13075 0 0 
0.00973764735259454242 0.269942 1 34504 0 11.7473 7.74935 0 0 1 -78.1321 -36.9364 -60.3604 0 0 0 0 0 0 0 0 0.290877 2.19421 0 0 
0.00975774566506903453 2.1168 0 178115 104.318 15.7355 13.9832 0 01 0 0 0 0 0 0 0 0 0 0 0 0 0 0 0 
0.00989588107251982568 0.158905 1 233248 0 12.0994 8.21242 0 0 2 19.1034 69.0405 -45.1757 0 0 0 -0 0 0 0 -0 1.22041 4.08439 0 980.074 
0.00995480198620164736 0.386775 0 48757 0.0828778 11.2824 7.20569 0 95.86991 -61.4041 16.0911 71.8446 0 0 0 0 0 0 0 0 0 0.752834 0 0 
0.0100462427235080021 0.197809 1 9424 0 11.1568 7.072 0 0 1 -55.9088 -22.5197 38.609 0 0 0 0 0 0 0 0 1.87145 6.44799 737.989 1177.64 
0.010155621024797383 0.165158 1 51333 0 11.1831 7.09964 0 0 2 143.296 97.8549 -51.6465 0 0 0 0 0 0 0 0 0.379664 3.16842 0 0 
0.0101698968364511647 1.13094 0 222125 0.0992288 11.4518 7.395 0 134.2771 36.6652 -9.0047 -128.86 0 0 0 -0 0 0 0 -0 0 0 0 0 
0.010261779921082145 0.23386 1 136651 0 10.8617 6.77984 0 0 2 -8.96804 -68.5157 3.07064 0 0 -0 0 0 0 -0 0 0.96873 3.37483 182.771 182.771 
0.0103500608159107985 0.538257 1 0 0 10.7859 6.70982 0 0 1 -91.8357 114.887 61.9275 1 -177.98 69.1045 -1.70936 0 -0 0 0 0 0.535784 0 0 
0.0103698582160807531 0.191306 0 147898 0 10.7125 6.64396 0 177.0861 -137.793 10.3574 110.749 0 0 0 0 0 0 0 0 1.85295 5.64416 284.039 590.151 
0.0103839248031846101 0.389657 1 61874 0 11.2284 7.1476 0 0 1 -22.4788 -43.4982 145.778 0 -0 0 0 0 -0 0 0 0 0.784094 0 0 
0.0104848130522860444 0.179389 1 78203 0 10.7875 6.71132 0 0 1 126.184 33.169 65.576 0 0 0 0 0 0 0 0 1.28929 3.49545 0 639.358 
0.0105663740348652894 0.222404 1 252431 0 12.6843 9.0806 0 0 1 -57.2835 -0.681646 1.82444 0 -0 0 0 0 -0 0 0 0 0.987035 0 0 
0.0105719116344279926 0.285298 0 292735 3.55307 12.8386 9.33021 0 78.47461 -57.3275 -3.58001 -53.4698 0 0 0 -0 0 0 0 -0 0.848039 3.74546 0 154.282 
0.0106328441208075834 0.7669 0 152617 73.6069 12.9395 9.49845 0 92.74831 43.9092 30.0757 75.9584 0 0 0 0 0 0 0 0 0 0 0 0 
0.0107298616626918964 1.00697 0 153939 71.4512 12.7144 9.12862 0 83.03721 75.9121 20.261 26.8706 0 0 0 0 0 0 0 0 0 0.993163 0 0 
0.0107505617106861198 0.305146 1 102311 0 10.3141 6.32113 0 0 1 -102.765 -73.3336 28.24 0 0 -0 0 0 0 -0 0 0.912963 2.69106 0 102.27 
0.0107656124070545731 1.00647 0 114706 0.0817392 12.5677 8.89779 0 135.5071 -29.9169 -24.2476 -129.92 0 0 0 0 0 0 0 0 0 0 0 0 
0.0109325895850423144 0.77545 0 196871 67.4387 12.2686 8.45104 0 103.5571 -102.331 -7.51222 -14.0014 0 0 0 0 0 0 0 0 1.52984 2.30008 0 63.3663 
0.0110136537855741214 0.240643 1 174664 0 9.89673 6.04062 0 0 1 185.873 -65.8328 0.173551 0 0 0 0 0 0 0 0 1.69758 3.64542 0 0 
0.0110388666573090523 1.37585 1 121014 0 10.674 6.6101 0 0 1 -86.248 -112.978 10.295 0 0 -0 0 0 0 -0 0 0 0 0 0 
0.0110522583965912396 0.396868 0 150382 65.3114 12.0303 8.11818 0 77.09991 73.9547 6.732 -20.7309 0 0 0 0 0 0 0 0 0.81225 1.6456 0 0 
0.0110590281923025821 0.0664376 1 51259 0 10.0357 6.12755 0 0 1 27.5092 111.949 -115.741 0 0 0 -0 0 0 0 -0 3.82064 7.21481 3250.18 6882.03 
0.0110651503538878124 0.635299 0 24013 0.0888793 9.97228 6.08708 0 193.5071 105.812 -153.054 -53.1352 0 0 0 -0 0 0 0 -0 0.627174 0.627174 0 0 
0.0111902268828583742 0.0722486 0 25684 0.349074 11.7702 7.77834 0 77.74471 70.8515 26.1834 18.4049 0 0 0 0 0 0 0 0 4.78076 9.32386 1605.16 7224.58 
0.0112007282463739023 0.781872 0 166865 62.8942 11.7488 7.75147 0 144.8111 -126.368 41.9319 56.9469 0 0 0 0 0 0 0 0 0 0 0 0 
0.0113118853846323822 0.121945 0 25991 0.125283 11.4904 7.4395 0 96.97631 66.9695 -0.604974 70.1364 0 0 0 0 0 0 0 0 5.45776 9.09418 1583.46 7079.67 
0.0113179913031654401 0.245276 0 197790 0.364019 11.5436 7.50171 0 117.9051 -35.8619 -53.3155 -98.8581 0 -0 0 0 0 -0 0 0 3.56217 8.43601 252.909 1503.62 
0.0113179913031654401 0.663941 0 164435 61.1483 11.542 7.49993 0 202.1831 149.692 -84.4317 106.497 0 0 -0 0 0 0 -0 0 0.670714 6.63394 0 0 
0.0113491464632161695 0.257695 0 243860 0.440188 11.4008 7.337 0 140.0651 134.66 -0.0790525 -38.534 0 0 0 0 0 0 0 0 1.00676 3.26367 0 0 
0.0114384176422857083 0.126481 0 176147 0.986292 11.2823 7.20563 0 16.46221 -13.5428 9.22444 -1.58362 0 0 0 0 0 0 0 0 3.2925 6.95384 2309.86 5750.31 
0.0114966854840508979 0.401669 0 85265 0.08353 11.2081 7.12601 0 65.01441 57.6311 -26.5101 14.2388 0 0 -0 0 0 0 -0 0 0.832128 2.5166 0 107.882 
0.0115297202588281952 0.455893 0 95702 0.270958 9.43655 8.21245 0 01 0 0 0 0 0 0 0 0 0 0 0 1.7906 3.60879 0 20.3855 
0.0115310056339617967 0.107757 0 357276 0.399007 11.0642 6.9772 0 128.9731 127.833 -14.3428 9.3347 0 0 0 0 0 0 0 0 4.99848 9.67018 668.253 5524.4 
0.0116040571928356772 0.166764 1 184514 0 9.33729 8.12583 0 0 2 0.0522202 -1.38036 -0.393527 0 0 -0 0 0 0 -0 0 2.46427 6.35733 1041.78 2850.84 
0.0116424129795563245 0.421905 0 262254 0.198521 10.8506 6.76951 0 110.7611 -32.0439 -43.421 96.7255 0 0 0 0 0 0 0 0 0.419073 1.23517 0 0 
0.0116456956073423944 0.302314 0 179664 56.8427 11.0097 6.92256 0 123.7081 -85.3808 -54.8942 -70.7136 0 -0 0 0 0 -0 0 0 1.26341 5.26898 0 582.004 
0.0116979190717920352 0.267982 0 134142 0.0919412 10.8885 6.80524 0 78.47291 71.0591 28.3824 17.4081 0 0 0 0 0 0 0 0 1.02396 3.07584 0 478.036 
0.0118322304504691871 0.476209 0 10715 0.0867971 10.7379 6.66663 0 116.9191 115.387 12.024 -14.5296 0 0 0 0 0 0 0 0 1.8415 6.43845 0 0 
0.0118624548414269677 0.278202 1 13642 0 9.44843 8.22303 0 0 1 1.00955 -0.357091 0.131406 0 0 -0 0 0 0 -0 0 1.34542 4.01117 721.504 828.249 
0.0118835118014325759 0.0918651 1 375646 0 11.4397 7.38121 0 0 2 4.01904 -30.1305 73.834 0 0 -0 0 0 0 -0 0 2.56633 6.8755 1262.86 3087.87 
0.0119231355265734147 0.340736 1 266519 0 9.19655 8.0036 0 0 1 0.354438 0.228091 1.52541 0 0 0 0 0 0 0 0 0.364791 2.51078 0 0 
0.011954980207391365 0.267774 1 28748 0 9.57431 5.86384 0 0 1 73.0333 29.4541 25.9066 0 0 0 0 0 0 0 0 0.282239 2.88852 0 0 
0.0120256598715706327 0.166351 0 262882 0.184189 10.6418 6.58242 0 119.2481 62.4076 89.3747 48.3489 0 0 0 0 0 0 0 0 5.16935 9.78642 1513.62 6062.15 
0.0120347062780701616 0.375084 0 247483 0.408922 10.6529 6.59191 0 190.8891 -136.686 -72.1693 112.013 0 0 0 0 0 0 0 0 2.0888 3.48878 117.774 676.327 
0.012039176799236273 0.173284 0 247043 0.608391 10.5951 6.54286 0 324.621 163.226 -265.243 91.5482 0 0 -0 0 0 0 -0 0 5.98717 10.3326 1480.09 7759.08 
0.012086477490315703 0.0729544 0 194166 0.147924 10.6909 6.62498 0 129.3221 -17.9568 12.7176 -127.436 0 0 0 -0 0 0 0 -0 3.02805 7.16247 1453.98 2966.67 
0.0123138526913129757 0.302862 0 304263 0.137766 10.7964 6.7195 0 54.93581 24.801 -47.0749 -13.6676 0 0 0 0 0 0 0 0 0.625633 1.88211 0 0 
0.0123462318007168618 0.392152 1 74245 0 8.6941 7.56481 0 0 2 -1.23367 -0.433533 -2.5103 0 0 0 -0 0 0 0 -0 0 0.791256 0 0 
0.0123510459179863342 0.245915 0 54190 0.384201 10.6617 6.59944 0 123.3871 -40.1796 108.176 -43.6802 0 0 0 -0 0 0 0 -0 1.33395 3.22109 101.085 103.557 
0.0123723923182362458 0.780591 0 162029 49.042 10.7582 6.68479 0 212.151 212.076 -3.07524 -4.6738 0 0 -0 0 0 0 -0 0 0 0 0 0 
0.0123745087232353165 0.4255 0 116262 0.0917783 10.7589 6.68543 0 120.5681 -33.168 -115.901 -1.84876 0 -0 0 0 0 -0 0 0 0 0.868548 0 0 
0.0124068540348598148 0.450229 1 185627 0 9.03104 7.85912 0 0 1 0.0665997 0.554826 -0.717603 0 0 0 0 0 0 0 0 0.430372 1.32454 0 0 
0.0124125619465009652 0.11706 0 157557 2.83074 10.7391 6.66774 0 90.05971 -56.0419 -55.1268 -43.9442 0 0 0 -0 0 0 0 -0 2.6849 6.0628 2132.82 5413.52 
0.0124554340566110193 0.21899 1 57888 0 8.7194 7.58704 0 0 1 1.1247 0.561664 -0.66618 0 0 0 0 0 0 0 0 0.978982 4.28622 0 221.623 
0.0124672903847141119 0.464336 0 62226 0.0889278 10.5688 6.52095 0 57.81771 55.1303 -7.14395 -15.8902 0 0 -0 0 0 0 -0 0 0.9301 0.9301 68.473 68.473 
0.0125499186768603561 0.480531 0 55155 0.221362 8.56075 7.4482 0 01 0 0 0 0 0 0 0 0 0 0 0 0.923401 2.34647 0 219.808 
0.0125719892761038156 0.196843 1 0 0 10.7884 6.7121 0 0 1 44.6793 -21.9839 -149.445 1 141.186 -3.86623 -119.593 0 0 0 0 0.386377 0.808728 0 0 
0.0125791217548532844 0.225408 0 255741 0.624543 10.5607 6.51412 0 105.091 3.54084 -36.4513 -98.5022 0 0 0 0 0 0 0 0 0.410309 2.1992 0 1.32304 
0.0125930193005079193 0.134813 0 215916 1.0624 11.2689 7.19101 0 292.7311 264.16 -30.2555 122.456 0 0 0 0 0 0 0 0 2.40422 6.44494 2018.65 4515.07 
0.0126327567902256195 0.633432 0 55710 0.380196 10.5567 6.51085 0 159.0661 -107.673 116.818 7.88634 0 -0 0 0 0 -0 0 0 0 0 0 0 
0.0126570830661626114 0.0699355 0 210953 0.320524 10.5104 6.47317 0 92.51851 -91.5038 13.388 -2.73578 0 0 0 0 0 0 0 0 2.72542 6.04989 639.474 4200.39 
0.0126916101700930983 0.286863 0 139943 46.444 10.5963 6.54371 0 155.1761 147.536 26.7496 -39.9657 0 0 0 0 0 0 0 0 1.05717 2.66917 0 0 
0.0127912358596105977 1.08019 0 194155 45.6927 10.5462 6.5023 0 343.0971 65.4298 -189.253 -278.6 0 0 0 0 0 0 0 0 0 0 0 0 
0.0128117027020316892 0.547275 0 37829 5.16531 10.4667 6.43823 0 69.65441 8.81926 67.99 12.301 0 0 0 0 0 0 0 0 0 1.08021 0 0 
0.0128131459745118616 0.133969 1 144755 0 9.24359 8.04416 0 0 1 -0.072786 -0.18012 -0.736974 0 0 0 -0 0 0 0 -0 2.17885 6.34258 222.688 2765.61 
0.0128185027252202006 0.368207 0 65477 0.098573 10.5339 6.49222 0 91.38451 -88.9349 -19.3792 8.13407 0 -0 0 0 0 -0 0 0 0.347226 1.44108 0 0 
0.0128359496460403698 0.0341051 0 243870 0.101095 10.4842 6.45211 0 163.71 -75.0146 129.457 -66.4188 0 0 0 0 0 0 0 0 2.11819 4.37215 2101.35 3971.55 
0.0128426765573096246 0.301804 0 58596 0.0972823 10.5206 6.4814 0 96.80751 64.3699 -69.4227 20.2161 0 0 0 0 0 0 0 0 0.304475 1.22901 0 0 
0.0129205512459540147 0.564117 0 257183 0.0808828 10.361 6.35629 0 189.4571 186.738 11.9756 -29.6574 0 0 0 0 0 0 0 0 0 1.1577 0 0 
0.0130062109936443879 0.413544 0 120626 0.164756 10.4436 6.42001 0 241.4031 141.446 -119.654 -154.763 0 0 0 0 0 0 0 0 1.23523 2.46167 0 281.338 
0.0130509279667195104 0.42456 0 25648 0.275532 10.3286 6.332 0 119.811 96.9692 -30.0076 63.6477 0 0 0 0 0 0 0 0 0.405339 2.04199 0 0 
0.0131258442386264478 0.434662 0 260840 0.239353 10.3923 6.38021 0 176.2741 124.146 -105.432 -67.4122 0 0 0 0 0 0 0 0 0.437308 1.32587 0 0 
0.0131319420844678361 0.672125 0 94719 43.369 10.3864 6.37574 0 50.70321 -50.5974 -1.84121 2.70721 0 -0 0 0 0 -0 0 0 0 1.32345 0 0 
0.013213309313887197 0.731197 0 131772 0.174456 10.3491 6.34745 0 155.141 -154.454 -10.1242 10.4726 0 0 -0 0 0 0 -0 0 0 0.722035 0 0 
0.0132458403367180042 0.569649 0 170070 42.6563 10.3341 6.33619 0 137.7361 137.727 1.34219 -0.638109 0 0 0 0 0 0 0 0 0 2.34464 0 0 
0.0133174230891230597 1.56477 0 197910 42.2259 10.3029 6.31289 0 179.6641 -153.292 93.4138 -7.3716 0 0 0 -0 0 0 0 -0 0 1.61152 0 0 
0.0133599766314718722 0.0847238 0 45266 0.256118 7.98944 2.27897 0 426.2641 424.886 19.0661 28.4538 0 0 0 0 0 0 0 0 3.83039 7.75709 1561.26 5104.04 
0.0134210476399736021 0.539202 0 111014 41.6225 10.2559 6.27862 0 258.4761 -227.79 98.6443 -72.0474 0 0 0 -0 0 0 0 -0 0 0.545879 0 0 
0.0134355165335236244 2.54172 0 121054 41.5427 10.2492 6.27378 0 86.02081 68.8205 -23.4685 -45.9624 0 0 -0 0 0 0 -0 0 0 0 0 0 
0.0134361103564739487 0.44604 0 4347 0 10.2487 6.27344 0 182.8891 177.892 -23.7655 -35.1849 0 0 0 -0 0 0 0 -0 0.875156 1.78616 0 0 
0.0134759130845928613 0.137988 0 78974 0.178025 10.1928 6.23369 0 246.7491 17.8457 4.90121 -246.054 0 0 0 0 0 0 0 0 3.07198 5.3288 786.23 3371.82 
0.0134958547079316975 0.291509 1 141955 0 8.28067 7.20356 0 0 2 -1.20392 0.193288 -0.0327092 0 0 0 0 0 0 0 0 1.12666 1.94765 0 0 
0.0135869161047917162 0.306103 0 261605 0.0862156 10.0649 6.14672 0 155.8831 150.984 32.4302 -21.2538 0 0 0 0 0 0 0 0 0.305866 1.40646 0 0 
0.0135939190389877448 0.142962 0 122995 0.185481 10.1797 6.22454 0 118.7961 38.3855 87.5386 70.5418 0 0 0 0 0 0 0 0 2.81442 4.8799 1447.66 3459.81 
0.0136345545410652275 0.633393 0 189256 0.226189 10.1636 6.21326 0 223.2251 -125.337 92.0031 160.173 0 -0 0 0 0 -0 0 0 0 0.63457 0 0 
0.0136354865419665901 0.118478 0 22499 0.199144 10.1638 6.2134 0 121.0551 33.4065 86.426 77.9036 0 0 0 0 0 0 0 0 3.67623 7.71242 1779.27 4821.34 
0.0136470736127717405 0.225725 1 245367 0 8.43129 7.335 0 0 2 0.00157987 0.144417 0.481186 0 0 0 0 0 0 0 0 1.75677 3.84735 0 709.193 
0.0137329427493189746 0.345813 1 0 0 8.10396 2.30176 0 0 1 12.2665 -174.518 6.20735 1 -225.25 -180.415 162.912 0 0 -0 0 0 1.33167 0 0 
0.0137554233319775628 0.20215 0 230903 0.314654 12.4953 8.78707 0 78.32671 76.4152 15.032 8.35641 0 0 0 0 0 0 0 0 1.48506 5.45359 0 496.502 
0.013812567012906514 0.632719 0 191234 1.31732 10.089 6.1627 0 272.0361 -227.054 -139.902 53.644 0 0 -0 0 0 0 -0 0 0 0.617265 0 0 
0.0138181203515526443 0.268839 0 98952 0.44713 10.3693 6.36272 0 143.791 77.0754 -46.716 112.038 0 0 -0 0 0 0 -0 0 1.36498 2.77095 0 131.137 
0.0138460302150013315 0.893798 0 50618 0.0907625 10.0747 6.15317 0 55.95681 -55.7196 -0.833144 -5.07944 0 0 0 -0 0 0 0 -0 0 0.907871 0 0 
0.0138572853561000249 0.207565 0 7823 0.230286 10.0703 6.15027 0 130.8851 62.2776 -113.932 -16.4906 0 0 0 0 0 0 0 0 1.50198 5.58941 56.8345 173.463 
0.0139214400044144551 0.211374 0 246465 0.0942483 10.0291 6.12335 0 121.0981 20.5721 -114.267 -34.4204 0 0 0 0 0 0 0 0 1.10476 2.21142 0 26.0705 
0.0139654965628205965 0.943709 0 170525 38.7956 10.0261 6.12136 0 177.9251 -163.798 59.6179 35.686 0 0 0 0 0 0 0 0 0.976179 1.94356 0 0 
0.0139735484143388208 0.130599 1 0 0 10.0675 6.14844 0 0 1 -22.8195 -13.1139 25.88 1 -33.5595 -1.87761 2.01694 0 -0 0 0 3.64592 8.17118 2540.18 5600.15 
0.0140110826065109346 2.05264 0 167586 38.5806 10.0083 6.10992 0 247.6781 246.018 -8.48198 27.3458 0 0 0 0 0 0 0 0 0 0 0 0 
0.0142094565929378799 1.01244 0 159486 37.6837 9.92927 6.06045 0 56.00951 21.1993 42.1582 -30.1719 0 0 0 0 0 0 0 0 0 2.02097 0 0 
0.0144027950811175739 0.159059 0 144496 0.202893 9.85499 6.0158 0 52.50421 15.3065 48.6674 -12.4055 0 0 0 0 0 0 0 0 2.93961 6.81352 747.955 3573.63 
0.0144294621730392519 0.543136 0 149543 0.228625 9.84603 6.01052 0 151.281 -137.594 24.123 -58.0668 0 0 0 0 0 0 0 0 0 2.1019 0 0 
0.0145513189232181206 0.93755 0 353944 0.0835689 9.67748 5.91662 0 122.4871 118.675 24.1465 18.3386 0 0 0 0 0 0 0 0 0 0 0 0 
0.0146436281934813981 0.529592 0 8274 12.0947 9.76713 5.96538 0 237.3961 139.955 67.173 -179.603 0 0 0 0 0 0 0 0 1.05463 2.09907 18.5723 18.5723 
0.0146471392572742106 0.414936 0 128347 0.0869135 9.76553 5.96449 0 169.5021 -125.757 -40.104 -106.338 0 0 0 -0 0 0 0 -0 1.28341 2.13432 0 0 
0.0146582718806553339 0.166375 0 52396 2.69057 9.57594 5.86465 0 83.64691 -3.45824 25.2654 -79.665 0 -0 0 0 0 -0 0 0 3.50454 8.71363 2436.75 6463.55 
0.0146989673667900569 0.403686 0 90793 0.213922 9.63936 5.89671 0 103.0131 102.505 -6.53519 -7.8567 0 0 -0 0 0 0 -0 0 0 1.57713 0 0 
0.0147064262369641166 1.90167 0 102873 2.00626 9.66201 5.90849 0 227.3671 189.256 28.8389 122.663 0 0 0 0 0 0 0 0 0 0 0 0 
0.0148136717233912311 0.334565 0 87366 0.428573 9.70551 5.93161 0 81.88391 49.2218 -12.2306 -64.2853 0 0 0 0 0 0 0 0 0.692197 4.46208 0 29.286 
0.0148136717233912311 0.788388 0 191220 35.2742 9.70613 5.93194 0 179.0421 150.035 88.0966 42.2448 0 0 0 0 0 0 0 0 0.783327 2.36254 0 0 
0.0148521214076941088 0.978932 0 213991 28.9337 9.79421 5.98069 0 50.40371 -16.2945 -9.92151 -46.6539 0 0 0 -0 0 0 0 -0 0.98456 2.9253 0 0 
0.0149204435820196255 0.0950571 0 165929 0.0905011 9.66709 5.91116 0 184.9321 -94.2949 156.072 30.8191 0 0 0 0 0 0 0 0 3.28269 7.46147 1362.55 4284.18 
0.014986197052154997 0.42141 0 305406 0.139155 9.56358 5.85856 0 228.1031 111.921 -151.312 -128.877 0 0 -0 0 0 0 -0 0 0.419647 0.419647 0 0 
0.0150869962114783419 0.741285 0 71669 0.0817032 9.37513 8.15935 0 01 0 0 0 0 0 0 0 0 0 0 0 0.751156 2.93414 0 183.842 
0.0151037453628132916 0.312661 0 211615 0.774791 12.3866 8.62384 0 98.38551 -44.1494 85.2417 -21.5499 0 0 0 0 0 0 0 0 0.299121 2.9943 0 0 
0.0151182382340605669 0.952071 0 248744 0.12876 9.56217 5.85787 0 255.731 252.046 -26.8635 33.9023 0 0 0 0 0 0 0 0 0 0 0 0 
0.0153325623546519095 0.431643 0 214365 0.21645 10.6122 6.55705 0 229.0011 -155.076 -151.707 73.334 0 0 -0 0 0 0 -0 0 0 2.61242 0 0 
0.015377406398403232 0.297409 0 195542 0.122615 9.50897 5.83227 0 147.0081 145.989 3.03681 -17.0076 0 0 0 0 0 0 0 0 0.967335 3.10136 0 0 
0.015439304936109231 0.360322 1 212326 0 10.3746 6.36673 0 0 2 -44.5122 -35.6763 115.966 0 -0 0 0 0 -0 0 0 2.10714 6.03399 0 35.1853 
0.0154403298092784455 1.11232 0 149405 0.116647 9.49262 8.26158 0 01 0 0 0 0 0 0 0 0 0 0 0 0 0 0 0 
0.015453314418545307 0.411704 0 140577 0.200068 9.48874 8.25824 0 01 0 0 0 0 0 0 0 0 0 0 0 1.566 3.13123 0 0 
0.015576211065312465 0.578936 0 41308 0.130565 9.40832 8.18833 0 01 0 0 0 0 0 0 0 0 0 0 0 0 2.92046 0 0 
0.0156977824898377541 0.0204235 1 175769 0 9.44185 8.21764 0 0 1 0.26279 -0.352709 -0.28409 0 0 0 0 0 0 0 0 4.60152 9.5316 1635.33 6250.81 
0.0157325986300119632 0.810102 0 107151 0.355133 9.40078 8.18201 0 01 0 0 0 0 0 0 0 0 0 0 0 0.798201 2.41821 0 0 
0.0157415480949576574 0.60908 0 176355 32.2815 9.39785 8.17953 0 01 0 0 0 0 0 0 0 0 0 0 0 0.611509 4.3064 0 0 
0.0157983346574279496 0.318211 0 121925 32.1195 9.37988 8.16402 0 01 0 0 0 0 0 0 0 0 0 0 0 2.79553 6.72219 0 303.129 
0.0158466477245230823 0.364759 0 139792 2.73052 9.36672 8.15249 0 01 0 0 0 0 0 0 0 0 0 0 0 0.335124 3.94408 0 0 
0.0158586237554341376 0.0354086 0 159815 0.112915 12.735 9.16247 0 73.80861 61.9607 -16.2032 -36.6883 0 0 0 0 0 0 0 0 5.22111 9.88348 2363.46 4672.27 
0.0159947664178819345 0.943837 0 194863 2.06697 9.21083 8.01609 0 01 0 0 0 0 0 0 0 0 0 0 0 0.955688 0.955688 4.76133 4.76133 
0.0160887389052933941 0.386084 0 319173 0 9.11759 7.93505 0 01 0 0 0 0 0 0 0 0 0 0 0 0.800189 2.86442 140.29 140.29 
0.0160951258137162316 0.15666 0 225422 0.256662 8.95934 7.79703 0 01 0 0 0 0 0 0 0 0 0 0 0 3.3137 7.83273 814.787 2784.24 
0.0161231016860651291 0.296855 0 67849 0.453778 9.28055 8.07723 0 01 0 0 -0 0 0 0 -0 0 0 0 -0 0.653939 4.05356 0 57.9426 
0.0161760083108760111 0.559915 0 229229 0.0818363 10.0303 6.12412 0 72.42111 -52.78 40.8014 -28.1838 0 0 0 -0 0 0 0 -0 0 2.78999 0 0 
0.0161883032531036329 0.64317 0 394947 0.372528 8.9819 7.81635 0 01 0 0 0 0 0 0 0 0 0 0 0 0 2.63452 0 0 
0.0162134478911095219 0.407598 0 34930 0 9.17583 7.98539 0 01 0 0 -0 0 0 0 -0 0 0 0 -0 0 2.03493 0 0 
0.0163070759276280688 0.159789 0 69754 1.13395 9.22399 8.0278 0 01 0 0 0 0 0 0 0 0 0 0 0 5.45728 10.6656 2039.44 5838.75 
0.01631234384968272 1.42858 0 177987 30.7625 9.22531 8.02902 0 01 0 0 -0 0 0 0 -0 0 0 0 -0 0 0 0 0 
0.0163203490160530526 1.0494 0 289775 0.117679 9.41442 8.1938 0 01 0 0 0 0 0 0 0 0 0 0 0 1.04558 1.04558 0 0 
0.0163391167653057952 0.535724 0 59481 30.6952 9.21639 8.02127 0 01 0 -0 0 0 0 -0 0 0 0 -0 0 1.55925 2.61284 0 0 
0.0163413649967457109 0.371381 1 215166 0 9.1609 7.97287 0 0 1 0.191842 0.552662 0.693757 0 0 0 0 0 0 0 0 1.10138 2.94678 0 0 
0.0163445124613403395 2.14699 0 194475 30.6804 9.21431 8.01943 0 01 -0 0 0 0 -0 0 0 0 -0 0 0 0 0 0 0 
0.0163534763437931455 0.566566 0 26774 0.352948 9.21121 8.01674 0 01 0 -0 0 0 0 -0 0 0 0 -0 0 0.557055 1.69125 0 0 
0.0163643287006617795 0.995995 0 169885 30.6318 9.20876 8.01469 0 01 0 0 0 0 0 0 0 0 0 0 0 1.01265 2.03395 0 18.5331 
0.0164094789166249859 0.147862 0 19678 11.2302 9.19551 8.00301 0 01 0 0 0 0 0 0 0 0 0 0 0 3.41521 8.02505 1547.12 4523.77 
0.0164139167840317186 0.196834 0 240459 0.0936835 8.87871 7.72659 0 01 0 0 -0 0 0 0 -0 0 0 0 -0 3.27138 7.38619 811.488 3660.87 
0.0165438663419157535 0.0961968 0 71493 0.190052 8.42734 7.33257 0 01 0 0 0 0 0 0 0 0 0 0 0 3.79552 8.76413 1631.34 2735.3 
0.0165788136827131928 0.0534533 0 183892 0.206899 9.15086 7.96437 0 01 0 -0 0 0 0 -0 0 0 0 -0 0 4.78316 10.0955 1094.98 3939.65 
0.0166115493554107978 0.72084 0 43108 0.197606 9.14294 7.95748 0 01 0 0 0 0 0 0 0 0 0 0 0 0 0.719091 0 0 
0.0166182580869055317 0.405712 0 154589 30.0242 9.14148 7.95617 0 01 0 0 0 0 0 0 0 0 0 0 0 1.239 4.12783 0 24.8709 
0.0167758318096766432 0.0406086 0 296949 0.316142 9.02233 7.85187 0 01 0 0 0 0 0 0 0 0 0 0 0 4.16201 7.55672 887.101 3464.09 
0.0167801224540858919 0.452147 0 229546 0.585344 9.11483 7.93257 0 01 0 0 0 0 0 0 0 0 0 0 0 0 1.36959 0 0 
0.0168647665512733809 0.154115 0 220657 0.762317 10.3457 6.34491 0 278.0421 -277.829 -2.53092 10.5622 0 -0 0 0 0 -0 0 0 3.63226 8.84081 363.006 2374.39 
0.0168759660281488227 0.248259 0 153147 0.129818 9.07382 7.89691 0 01 0 -0 0 0 0 -0 0 0 0 -0 0 1.24132 5.18938 0 257.402 
0.0169482354580312057 0.338662 0 152125 0.105926 9.05347 7.87884 0 01 0 0 -0 0 0 0 -0 0 0 0 -0 0.289551 2.21346 15.7742 15.7742 
0.0170227302230195124 0.179763 0 19650 0.297295 9.03565 7.86321 0 01 0 0 -0 0 0 0 -0 0 0 0 -0 3.72173 8.54707 996.276 3237.9 
0.0170365745622028802 0.697372 0 6292 0.312659 9.0235 7.85271 0 01 -0 0 0 0 -0 0 0 0 -0 0 0 0 2.13257 0 0 
0.0170707856097602195 0.861926 0 185079 29.0216 9.02315 7.85234 0 01 0 0 -0 0 0 0 -0 0 0 0 -0 0 0 0 0 
0.017102511291200162 0.335071 0 54359 28.9575 9.01587 7.84594 0 01 0 -0 0 0 0 -0 0 0 0 -0 0 0.295706 2.27232 0 0 
0.0171515212716556037 0.384339 0 295126 0.278798 8.92491 7.76653 0 01 0 0 0 0 0 0 0 0 0 0 0 0.373628 1.51902 0 0 
0.0171872446256001628 0.371983 0 244236 0 11.0462 6.95909 0 148.9531 -74.4591 45.4901 120.721 0 -0 0 0 0 -0 0 0 1.12539 2.17498 0 142.925 
0.0172240138630727693 0.25615 0 239137 1.08339 9.0277 7.85644 0 01 0 0 0 0 0 0 0 0 0 0 0 1.26373 3.74797 0 254.264 
0.0172319486873120306 0.448642 0 23097 0.279714 8.98452 7.81878 0 01 0 -0 0 0 0 -0 0 0 0 -0 0 0.897604 4.10423 0 0 
0.0173062477288967904 0.845002 0 61856 28.5407 8.96754 7.80429 0 01 0 0 0 0 0 0 0 0 0 0 0 0 2.47083 0 0 
0.0173476409331427238 0.760701 0 162556 28.4539 8.95923 7.79704 0 01 0 0 0 0 0 0 0 0 0 0 0 1.56098 2.32476 0 0 
0.0173750325955342906 0.212336 0 230328 0.0864514 8.90014 7.74548 0 01 0 0 0 0 0 0 0 0 0 0 0 0.472524 1.93176 0 0 
0.0173808979945768438 2.65384 0 193763 28.3885 8.95206 7.79077 0 01 0 0 0 0 0 0 0 0 0 0 0 0 0 0 0 
0.0174124127450131366 0.512571 0 261301 0.109244 8.75236 7.61632 0 01 -0 0 0 0 -0 0 0 0 -0 0 0 0 0.999938 0 0 
0.017422969678214037 0.62651 0 106288 0.226581 8.94287 7.78263 0 01 0 0 0 0 0 0 0 0 0 0 0 0.616592 1.24131 0 0 
0.0174338922887754023 1.60768 0 67839 28.2831 8.94053 7.78064 0 01 0 0 0 0 0 0 0 0 0 0 0 1.60927 1.60927 6.69049 6.69049 
0.0174754728139474014 0.557296 0 39238 0.245706 8.93121 7.7724 0 01 0 0 -0 0 0 0 -0 0 0 0 -0 0.550774 1.64395 0 0 
0.0175512393827624673 0.496009 0 6219 1.10951 8.90295 7.74759 0 01 0 0 0 0 0 0 0 0 0 0 0 0 1.97977 0 0 
0.0175981510503054848 1.20097 0 185527 27.9668 8.90435 7.74923 0 01 0 0 0 0 0 0 0 0 0 0 0 0 2.42083 0 0 
0.0176102114993347721 0.272876 0 305445 0.135308 8.8649 7.7148 0 01 0 0 0 0 0 0 0 0 0 0 0 2.2538 4.93563 0 369.077 
0.0176658126586642893 0.255266 0 246631 2.13553 14.373 12.287 0 26.25091 -25.5289 0.696198 -6.07458 0 0 0 0 0 0 0 0 2.22899 7.47359 286.688 667.287 
0.0177206493487856963 1.4539 0 132710 27.7405 8.87765 7.72605 0 01 0 0 0 0 0 0 0 0 0 0 0 0 1.46276 0 0 
0.017740404781184247 0.0523998 1 296890 0 8.68476 7.55762 0 0 2 -0.0064954 0.00357775 0.014763 0 0 0 0 0 0 0 0 3.50976 7.61346 1667.76 4871 
0.0177880273805471958 2.48183 0 166801 27.6131 8.8628 7.71304 0 01 0 0 0 0 0 0 0 0 0 0 0 0 0 0 0 
0.0178297432128512387 0.608665 0 89495 27.5396 8.85603 7.7071 0 01 0 0 -0 0 0 0 -0 0 0 0 -0 0.60504 3.09919 0 0 
0.0178795260392567226 0.329354 0 18064 27.4481 8.8451 7.69729 0 01 0 -0 0 0 0 -0 0 0 0 -0 0 1.60022 2.57697 135.286 664.662 
0.0178900514680817024 1.76603 0 129927 27.4288 8.84243 7.6949 0 01 0 0 0 0 0 0 0 0 0 0 0 0 0 0 0 
0.017956654465440005 1.3328 0 149264 27.311 8.82891 7.68306 0 01 0 0 0 0 0 0 0 0 0 0 0 0 0 0 0 
0.018017901518080786 0.113603 0 330365 0.233309 8.76762 7.62955 0 01 -0 0 0 0 -0 0 0 0 -0 0 0 3.67013 6.43095 1149.35 2717.93 
0.018026717306445568 0.412317 0 271838 0.264393 8.68518 7.55763 0 01 0 -0 0 0 0 -0 0 0 0 -0 0 0.445643 1.75331 0 0 
0.0180375528032965977 0.361818 0 237316 0.152147 10.4158 6.39853 0 119.561 40.2065 -96.7039 -57.6746 0 0 0 0 0 0 0 0 0.774772 3.0345 0 41.9582 
0.0180426340627483986 0.216012 0 255348 0.418152 8.72881 7.59584 0 01 0 0 0 0 0 0 0 0 0 0 0 0.505312 1.96238 0 0 
0.0180879035346512701 0.187974 0 278034 0.199508 8.71067 7.57984 0 01 0 0 0 0 0 0 0 0 0 0 0 2.64169 5.4243 334.597 3725.19 
0.0180946050873323945 2.1841 0 187038 27.069 8.80125 7.65891 0 01 0 0 0 0 0 0 0 0 0 0 0 0 0 0 0 
0.0183148201025974816 0.288535 1 338570 0 8.78686 7.64606 0 0 2 -0.651941 0.549515 0.464182 0 0 0 0 0 0 0 0 1.81085 4.13067 108.164 173.417 
0.0183758211270423286 0.168557 0 49516 0.143358 8.74964 7.61378 0 01 0 0 -0 0 0 0 -0 0 0 0 -0 1.64982 5.61439 412.3 1545.12 
0.018437418010714534 0.293 0 214460 0.166764 10.7386 6.66731 0 112.6491 92.7528 -54.7036 -33.0798 0 0 -0 0 0 0 -0 0 0.471518 4.00372 0 0 
0.0184501628149510745 2.23472 0 131361 26.4753 8.73649 7.6021 0 01 0 0 0 0 0 0 0 0 0 0 0 0 0 0 0 
0.0184571402394900462 0.220056 1 214489 0 12.2229 8.38601 0 0 2 -63.9507 -7.01229 -61.2107 0 -0 0 0 0 -0 0 0 0.993665 2.51776 0 337.573 
0.0185426160573509448 0.0933804 0 125335 0.298659 8.72112 7.58861 0 01 0 0 0 0 0 0 0 0 0 0 0 2.55685 5.2066 1285.11 5137.74 
0.0185460323023896208 0.372012 0 18681 0.099941 8.55513 7.44357 0 01 0 0 0 0 0 0 0 0 0 0 0 1.56616 1.94504 50.4635 263.12 
0.0185932643232282931 1.03621 0 195209 26.2463 8.71252 7.58104 0 01 0 -0 0 0 0 -0 0 0 0 -0 0 0 0 0 0 
0.0186052016373771667 0.460911 0 145174 0 8.71023 7.57902 0 01 0 0 0 0 0 0 0 0 0 0 0 0.459614 0.931897 0 0 
0.0186179985670283411 0.573798 0 8327 0.110913 8.70733 7.57647 0 01 0 0 0 0 0 0 0 0 0 0 0 0 1.76383 0 0 
0.0186254595206947066 2.14538 0 170681 26.196 8.70466 7.57413 0 01 0 0 0 0 0 0 0 0 0 0 0 0 0 0 0 
0.018635085032598319 2.16846 0 89672 26.1819 8.70475 7.57418 0 01 0 0 0 0 0 0 0 0 0 0 0 0 0 0 0 
0.0187033880164175388 0.934475 0 171637 26.0749 8.69381 7.56489 0 01 0 -0 0 0 0 -0 0 0 0 -0 0 0 0 0 0 
0.018706785848000753 1.72103 0 158284 26.0693 8.6924 7.56361 0 01 0 0 0 0 0 0 0 0 0 0 0 0 0 0 0 
0.0188173172127032579 0.159344 0 327383 0.223343 8.50886 7.40311 0 01 0 0 0 0 0 0 0 0 0 0 0 3.52286 8.19139 1278.99 4209.23 
0.0188250224820716676 0.523207 1 75139 0 8.67298 7.5466 0 0 2 0.000667826 0.0105476 0.0057758 0 0 0 0 0 0 0 0 0.525871 0.525871 0 0 
0.0188686732040729173 0.722693 0 60209 25.824 8.66642 7.54103 0 01 0 0 0 0 0 0 0 0 0 0 0 1.43781 1.43781 0 17.2572 
0.0189389202542550941 1.48793 0 77143 25.7174 8.65551 7.53142 0 01 0 -0 0 0 0 -0 0 0 0 -0 0 1.49605 1.49605 0 0 
0.0189919084552314654 0.157815 0 64738 0.24943 8.64697 7.52418 0 01 0 0 0 0 0 0 0 0 0 0 0 1.64325 4.50758 853.069 3273.13 
0.0190042090494458686 0.213583 0 166175 0.31057 8.64272 7.52042 0 01 0 0 0 0 0 0 0 0 0 0 0 2.55287 5.5825 1419.86 3212.54 
0.019058915336260869 0.906574 0 105386 25.5418 8.63626 7.51438 0 01 0 0 -0 0 0 0 -0 0 0 0 -0 0 0.92698 0 0 
0.0191017448398652506 0.962737 0 336498 0.0822131 9.14437 8.22993 0 01 0 0 0 0 0 0 0 0 0 0 0 0 0 0 0 
0.019148034383789387 0.0953268 0 112460 0.278798 8.6238 7.50344 0 01 0 0 0 0 0 0 0 0 0 0 0 2.7998 4.57655 593.105 1496.61 
0.0193331404267320997 2.70168 0 190546 25.1519 8.59703 7.48011 0 01 0 0 -0 0 0 0 -0 0 0 0 -0 0 0 0 0 
0.0194551580541483353 1.10538 0 165019 24.9833 8.58023 7.46501 0 01 0 0 0 0 0 0 0 0 0 0 0 0 0 0 0 
0.0194963978300988182 1.61952 0 81629 24.9271 8.57472 7.46026 0 01 0 0 0 0 0 0 0 0 0 0 0 0 0 0 0 
0.0195439528323653224 0.0886322 0 186121 0.214712 8.56948 7.45595 0 01 0 0 0 0 0 0 0 0 0 0 0 2.12674 5.5247 280.61 782.424 
0.0195474655116147852 2.0591 0 163317 24.8582 8.56806 7.45474 0 01 0 -0 0 0 0 -0 0 0 0 -0 0 0 0 0 0 
0.0195570881759951215 2.90583 0 197303 24.8468 8.56772 7.45448 0 01 0 0 0 0 0 0 0 0 0 0 0 0 0 0 0 
0.0197220072106041519 0.274107 0 87460 24.6284 8.54602 7.43558 0 01 0 0 0 0 0 0 0 0 0 0 0 1.60375 5.16362 87.23 595.217 
0.0197910005262312665 0.239389 0 77879 0.145707 8.46915 7.36832 0 01 0 0 0 0 0 0 0 0 0 0 0 1.0156 2.28216 275.14 579.723 
0.0198598380745195514 0.502015 0 73656 0.262154 8.42794 7.33232 0 01 0 0 0 0 0 0 0 0 0 0 0 0.512069 1.54605 0 0 
0.0199441214557792047 0.345516 0 144498 0.123263 8.18306 2.3175 0 434.7131 -134.629 323.509 257.279 0 0 0 0 0 0 0 0 0.672656 2.52785 0 24.4625 
0.0199641342630874213 1.48033 0 118226 24.3179 8.51671 7.4103 0 01 0 0 0 0 0 0 0 0 0 0 0 0 1.491 0 0 
0.0199883241621846564 0.262945 0 334959 0.423172 8.49084 7.38782 0 01 0 0 -0 0 0 0 -0 0 0 0 -0 0.915808 3.29856 51.3779 51.3779 
0.0200384358441662754 1.81818 0 165677 24.2251 8.50906 7.40378 0 01 0 -0 0 0 0 -0 0 0 0 -0 0 0 1.83892 0 0 
0.020345084079671262 0.244869 0 98258 23.7794 8.40075 7.56068 0 01 0 0 0 0 0 0 0 0 0 0 0 0.77059 3.14742 0 88.2121 
0.0204167358577795055 0.160572 0 293813 12.6932 8.39858 7.55872 0 01 0 0 -0 0 0 0 -0 0 0 0 -0 2.41791 5.12903 824.164 4021.33 
0.0204347770046721909 1.06584 0 109592 0.133778 8.36102 7.52492 0 01 0 0 0 0 0 0 0 0 0 0 0 0 0 0 0 
0.0204527390294304626 0.18187 0 356459 0.260893 10.6254 6.56828 0 139.4451 -66.887 -105.104 62.6421 0 0 0 0 0 0 0 0 1.32796 3.85989 738.85 1402.99 
0.0205813349835658917 0.228915 0 321328 0.270604 10.6195 6.56334 0 252.1571 -55.2857 243.57 34.6396 0 0 0 0 0 0 0 0 1.05152 3.90503 0 7.25345 
0.0205855010883353451 0.148236 1 360226 0 8.82497 7.67959 0 0 2 -0.00362015 -1.67404 -0.278766 0 0 0 0 0 0 0 0 4.00956 9.61613 1097.01 3052.53 
0.0206054094416951543 0.720734 0 5708 0.0963612 8.27938 7.45144 0 01 0 0 -0 0 0 0 -0 0 0 0 -0 0.731122 2.17945 0 64.3534 
0.0206797346255129036 0.212901 0 74516 23.4024 8.24385 7.41947 0 01 0 0 0 0 0 0 0 0 0 0 0 3.96743 7.36466 1603.39 3818.61 
0.0207093494402720846 0.20356 0 287061 0.211028 22.5123 17.5501 0 01 0 0 0 0 0 0 0 0 0 0 0 4.04936 8.87492 1925.55 3848.66 
0.0217660351754507923 0.147865 0 216025 0.230262 9.93793 6.06582 0 225.4421 139.021 -47.8737 -170.896 0 0 -0 0 0 0 -0 0 4.16581 7.83718 178.881 4468.79 
0.0218419276829644321 0.885045 0 273181 0.24297 9.9508 6.0738 0 231.2231 -229.808 14.9641 20.695 0 0 0 0 0 0 0 0 0.880848 2.65299 0 0 
0.0220275054275905977 0.104853 0 77606 0.371477 10.4707 6.4416 0 179.4751 -155.642 57.7884 68.1698 0 0 0 0 0 0 0 0 2.87517 8.49035 1323.26 3745.62 
0.0221719561229173981 0.272993 1 210000 0 8.98629 7.82075 0 0 2 -1.07013 0.536167 -1.60587 0 0 0 0 0 0 0 0 1.13653 3.21989 7.30647 116.053 
0.0222160347399134421 0.239435 1 251562 0 10.888 6.80504 0 0 1 30.5557 24.7055 -40.118 0 0 0 0 0 0 0 0 1.32898 4.82685 95.6905 95.6905 
0.0225156586811444646 0.435196 1 0 0 7.88562 2.25831 0 0 1 105.642 179.373 11.3217 1 59.8083 179.375 292.92 0 0 0 0 0 1.78959 0 0 
0.0227642032246708481 0.0437419 1 232773 0 20.9498 38.3755 0 0 2 -0.0188458 -0.0512062 -0.0127082 0 -0 0 0 0 -0 0 0 3.60242 8.98373 1770 2438.78 
0.0229641188066140832 0.0339083 1 247014 0 8.88168 7.72963 0 0 2 0.365788 0.383592 0.471073 0 0 0 0 0 0 0 0 4.08114 9.37035 352.217 3356.28 
0.0238686494982018257 0.582267 0 262314 0.108256 9.14657 7.96091 0 01 0 0 -0 0 0 0 -0 0 0 0 -0 1.1733 5.93952 0 0 
0.024104773955640476 0.276311 0 270429 0.36496 9.80838 5.9888 0 267.0191 -266.614 14.4139 -2.9513 0 -0 0 0 0 -0 0 0 1.43658 5.26748 0 271.621 
0.0242582922303522242 0.0800847 0 252509 0.0827479 9.6198 5.8867 0 92.74821 -71.5368 -57.8184 11.9053 0 -0 0 0 0 -0 0 0 2.23679 6.00628 1783.94 3502.22 
0.0246455701320537936 0.281806 0 335383 0.0847509 9.78826 5.97733 0 99.38211 -50.0551 -13.9779 -84.7107 0 -0 0 0 0 -0 0 0 1.62849 6.96356 0 36.5417 
0.0248481160796366618 0.13209 1 215568 0 9.14119 7.95626 0 0 1 -0.777511 0.256405 -0.282894 0 0 0 -0 0 0 0 -0 5.25927 13.5481 1151.62 3326.07 
0.0259650805489158969 0.499386 0 297721 0.10812 9.42042 8.19961 0 01 0 0 0 0 0 0 0 0 0 0 0 5.33727 16.0199 107.425 338.952 
0.0262997335363102692 0.22326 0 227420 0.510684 9.06663 7.89122 0 01 0 -0 0 0 0 -0 0 0 0 -0 0 5.22913 11.5741 318.855 1828.04 
0.0266563019378910915 0.418114 1 239245 0 8.91899 7.76241 0 0 1 -0.750313 1.21557 0.504602 0 -0 0 0 0 -0 0 0 2.19469 6.53785 0 110.777 
0.0267720477429730236 0.436292 0 262299 1.13395 8.95795 7.79623 0 01 0 0 -0 0 0 0 -0 0 0 0 -0 2.1657 7.01487 0 80.0228 
0.0268022873134286417 0.21108 0 230074 0.51703 10.1261 6.18779 0 94.80131 94.7719 -1.61323 -1.72204 0 0 0 0 0 0 0 0 4.0602 8.72547 1.39262 1091.21 
0.0274754472143607584 0.407564 0 273291 0.332298 9.54731 5.85063 0 149.891 42.7118 30.3815 -140.427 0 0 0 0 0 0 0 0 1.16253 5.83403 0 0 
0.0276107551532445948 0.359546 0 39421 0 8.6404 7.51893 0 01 0 -0 0 0 0 -0 0 0 0 -0 0 1.96354 3.85664 15.7862 24.9195 
0.0276600885820565238 0.354373 0 219114 0.0821564 8.67748 7.55131 0 01 0 0 0 0 0 0 0 0 0 0 0 2.19973 6.19487 0 137.412 
0.0283997755595646155 0.231837 1 211913 0 10.4527 6.42741 0 0 1 48.0472 12.5577 124.671 0 0 0 0 0 0 0 0 3.38046 7.00038 656.783 1495.13 
0.028833198541286225 0.0883302 0 253191 0.0967532 8.83741 7.69117 0 01 0 0 0 0 0 0 0 0 0 0 0 2.50649 7.46877 110.957 150.3 
0.0288467171674721551 1.28807 0 185677 0 8.57898 7.4654 0 01 0 0 0 0 0 0 0 0 0 0 0 1.30457 3.89778 0 0 
0.0291497242977747859 0.354788 1 213853 0 9.27005 8.06867 0 0 2 -0.383397 0.525291 0.939376 0 -0 0 0 0 -0 0 0 9.30936 23.5911 86.7019 672.302 
0.0291767143908844874 0.305452 0 264962 0.500203 10.6418 6.58262 0 142.4761 120.676 49.3796 -57.4321 0 0 0 0 0 0 0 0 5.32943 15.3391 44.3696 112.123 
0.0293970852879442933 0.126554 0 255091 0.127884 11.6222 7.59617 0 188.841 33.9286 -119.346 142.358 0 0 -0 0 0 0 -0 0 4.69545 12.9467 330.046 1590.67 
0.0295914649349963317 0.233951 1 212823 0 9.00596 7.83819 0 0 1 0.550973 0.209796 -0.49071 0 0 0 0 0 0 0 0 5.95626 14.8001 237.209 2634.67 
0.0302133024301120788 0.154208 0 286438 0.0974534 8.71737 7.58633 0 01 -0 0 0 0 -0 0 0 0 -0 0 0 0 0 0 0 
0.0311370798304201266 0.123281 0 257961 0.0983725 8.61551 7.49728 0 01 0 0 -0 0 0 0 -0 0 0 0 -0 6.04318 14.9134 168.378 1285.24 
0.0316363252258905631 0.225977 0 283589 0.297634 8.76143 7.62479 0 01 -0 0 0 0 -0 0 0 0 -0 0 0 0 0 0 0 
0.0320562402646768912 0.167889 0 252282 0.0924083 10.66 6.59837 0 102.5061 91.5174 27.569 -37.0416 0 0 0 -0 0 0 0 -0 11.1899 23.124 600.357 2107.95 
0.0321801587362462865 0.129774 0 0 1.43922 11.3173 7.24443 0 80.0471 -19.2077 -24.916 -73.6056 0 0 0 0 0 0 0 0 5.5238 12.5514 456.207 838.495 
0.0327837258181483612 0.179019 0 210984 0.082226 10.5599 6.5139 0 231.8751 219.086 56.2452 -51.0308 0 0 0 0 0 0 0 0 22.0427 38.8203 1438.29 3468.04 
0.0327837258181483612 0.203726 0 9348 9.37058 8.74531 7.6109 0 01 0 0 0 0 0 0 0 0 0 0 0 22.0427 38.8203 1438.29 3468.04 
0.0337867502867301023 0.071328 0 215286 0.413779 10.3315 6.33436 0 232.3041 -70.2506 161.403 -151.589 0 0 0 0 0 0 0 0 5.98604 15.2163 1.86726 566.343 
0.0340239683973208515 0.22277 1 254357 0 8.52647 7.41966 0 0 2 0.422692 0.592649 1.21141 0 0 0 0 0 0 0 0 8.52208 17.3311 516.467 2340.88 
0.0358329465196653291 0.239783 0 229258 0.481263 9.98656 6.09625 0 240.6431 144.635 -137.964 133.999 0 0 0 0 0 0 0 0 0 0 0 0 
0.0365193195288228828 0.236377 0 210146 0.229791 12.0362 8.12709 0 97.99151 -97.6323 6.72001 5.01247 0 0 0 0 0 0 0 0 16.8892 35.2484 174.836 2480.67 
0.0372454523373496882 0.115072 0 139643 0.229009 8.59024 7.47542 0 01 -0 0 0 0 -0 0 0 0 -0 0 0 19.0867 38.8224 634.636 1701.66 
0.0394490006488037864 0.204706 0 228033 0 10.09 6.16346 0 275.4421 -190.271 128.718 151.976 0 0 0 0 0 0 0 0 8.27489 20.4979 554.599 944.424 
0.0409524750532848231 0.0954271 0 216830 0.118794 10.5 6.46518 0 194.7251 -90.1173 142.971 96.7271 0 0 0 0 0 0 0 0 40.9809 70.8089 1759.93 3802.66 
0.0409524750532848231 0.339858 0 196880 0.148413 8.24051 7.41646 0 01 -0 0 0 0 -0 0 0 0 -0 0 0 44.7088 74.3428 794.023 2064.54 
0.0472257507598843676 0.482096 0 266884 0.295692 9.41834 8.19789 0 01 -0 0 0 0 -0 0 0 0 -0 0 0 39.1555 92.4143 275.4 1123.27 
