#1:time #2:r #3.binary? #4:ID #5:zams_m #6:m_progenitor #7:bh mass #8:bh_spin #9:birth-kick(km/s) #10-25:vsarray
0.00111501639233167814 0.398353 0 61743 148.621 134.922 40.5 0 01 -0 0 0 0 -0 0 0 0 -0 0 0 6.42822 10.01 0 1061.06 
0.00111501639233167814 0.613933 0 48795 0.184125 134.922 40.5 0 01 0 0 0 0 0 0 0 0 0 0 0 3.72412 11.8041 0 94.3113 
0.00112308479184888648 0.403009 0 7038 0.0901083 54.9443 49.4499 0 01 0 0 0 0 0 0 0 0 0 0 0 5.2686 8.48443 0 1904.46 
0.0011257321575477439 0.222756 1 73525 0 130.455 40.5 0 0 1 0.0337756 0.0309834 0.0408544 0 0 0 0 0 0 0 0 1.88553 4.03948 0 516.126 
0.0011257321575477439 0.655524 0 100504 136.028 129.535 40.5 0 01 0 0 0 0 0 0 0 0 0 0 0 1.30207 6.46268 0 0 
0.00113404449659432389 0.156602 1 0 0 124.463 40.5 0 0 1 -0.0722476 0.00119306 0.0099486 1 -0.982193 -4.72442 0.356389 0 0 0 0 2.02327 3.78323 1495.5 3959.96 
0.00114204457296995321 0.718931 1 0 0 122.84 40.5 0 0 1 -0.00850134 0.045566 -0.057671 1 1.37459 1.23109 2.50851 0 0 0 0 5.0143 8.61164 807.145 842.945 
0.00114204457296995321 1.31399 0 174558 126.594 121.23 40.5 0 01 -0 0 0 0 -0 0 0 0 -0 0 0 1.31399 4.02462 0 0 
0.00114461777754842854 0.13506 1 34504 0 119.324 40.5 0 0 1 -0.00640841 -0.038229 -0.00052865 0 -0 0 0 0 -0 0 0 1.75272 3.36255 823.627 2198.33 
0.00115445373128638057 0.552009 0 119279 118.641 114.112 40.5 0 01 0 0 -0 0 0 0 -0 0 0 0 -0 4.91784 7.63684 735.709 1050.79 
0.00116441951945189131 0.182281 0 10657 0.58747 44.6024 40.1421 0 01 0 0 0 0 0 0 0 0 0 0 0 3.65447 8.76549 1014.47 1620.76 
0.00116441951945189131 0.175766 1 175727 0 109.898 40.5 0 0 2 -0.0175762 -0.00212393 0.00711992 0 0 0 0 0 0 0 0 3.65447 8.76549 1014.47 1620.76 
0.0011834377407498257 0.303922 1 64926 0 101.729 40.5 0 0 2 -0.0175636 -0.0136478 0.01099 0 0 -0 0 0 0 -0 0 4.06906 12.09 1080.17 1233.47 
0.0011834377407498257 0.418526 0 92882 107.222 103.773 40.5 0 01 0 0 0 0 0 0 0 0 0 0 0 7.86575 16.1293 56.1536 1277.06 
0.0011834377407498257 1.54105 1 188351 0 105.025 40.5 0 0 1 0.00190261 0.00436332 0.00382339 0 0 0 0 0 0 0 0 3.12742 7.82195 0 88.1415 
0.0011905136653338345 0.131109 1 34242 102.31 45.8064 40.5 0 0 1 1.25084 -0.424411 -1.076 0 0 0 0 0 0 0 0 2.91174 5.81385 1515.87 2816.05 
0.0011905136653338345 0.514538 0 149723 103.931 100.764 40.5 0 01 0 0 0 0 0 0 0 0 0 0 0 4.6807 11.4332 1.66244 68.4474 
0.0011905136653338345 0.520682 1 48757 0 100.68 40.5 0 0 2 0.0243836 -0.00905766 0.0420506 0 0 -0 0 0 0 -0 0 4.6807 11.4332 1.66244 68.4474 
0.0011905136653338345 1.13353 0 111187 103.99 100.819 40.5 0 01 0 0 0 0 0 0 0 0 0 0 0 3.40199 7.89355 252.434 252.434 
0.0011905136653338345 1.64278 0 178115 104.318 101.12 40.5 0 01 0 0 0 0 0 0 0 0 0 0 0 0 4.88335 0 0 
0.00120181817617195192 0.843715 1 9424 0 96.405 41.8965 0 0 1 0.00571797 -0.00435478 -0.00449644 0 0 -0 0 0 0 -0 0 3.33542 9.1813 0 0 
0.00120407819951687148 0.477023 1 51333 0 94.9395 40.3795 0 0 1 0.000923708 -0.00366538 -0.00405005 0 0 0 -0 0 0 0 -0 1.94435 4.8679 222.186 378.76 
0.00121759041894457386 0.541954 0 168168 93.8479 41.7488 37.5739 0 01 0 0 0 0 0 0 0 0 0 0 0 0.528713 2.66456 0 0 
0.00123087793678975732 0.266559 0 136651 0.0852824 40.1667 36.15 0 01 0 0 0 0 0 0 0 0 0 0 0 5.08341 10.4551 27.271 600.526 
0.00123087793678975732 0.337131 1 61874 0 90.1886 37.036 0 0 1 -0.0030977 -0.00554639 0.0227688 0 -0 0 0 0 -0 0 0 5.45461 14.04 50.742 227.288 
0.00123087793678975732 0.56895 0 150155 90.7141 40.1271 36.1144 0 01 0 0 0 0 0 0 0 0 0 0 0 6.33516 18.9918 98.4428 310.269 
0.00123087793678975732 1.60894 0 167048 92.1791 40.8875 36.7987 0 01 0 0 0 0 0 0 0 0 0 0 0 3.1633 9.44558 0 0 
0.00123998207676246134 0.240451 1 24087 0 38.3028 34.4725 0 0 2 -0.000466986 0.00561272 -0.00819509 0 -0 0 0 0 -0 0 0 3.96535 7.93106 269.866 455.767 
0.00123998207676246134 1.63269 0 159815 87.188 38.3214 34.4892 0 01 0 0 -0 0 0 0 -0 0 0 0 -0 3.23733 11.4643 0 0 
0.00124699492750396184 0.249979 0 147898 86.2269 37.8291 34.0462 0 01 0 0 0 0 0 0 0 0 0 0 0 4.98064 11.4261 884.551 2265.91 
0.00124699492750396184 1.70516 0 176205 86.732 38.0848 34.2763 0 01 0 0 0 0 0 0 0 0 0 0 0 1.76155 5.23759 0 29.4111 
0.00125043878563112438 0.471337 1 78203 0 37.3114 33.5803 0 0 2 0.00838262 -0.00655716 -0.00147929 0 0 -0 0 0 0 -0 0 1.395 4.2037 0 0 
0.00127199971413782071 0.12538 0 59411 0.369835 35.0939 31.5845 0 01 0 0 0 0 0 0 0 0 0 0 0 3.67377 6.65642 1274.25 1479.48 
0.00127199971413782071 0.374463 0 122627 80.8837 35.1951 31.6756 0 01 0 0 0 0 0 0 0 0 0 0 0 6.6692 11.5214 0 1020.01 
0.00128343319791469207 0.150003 0 115918 78.7712 34.0672 30.6605 0 01 0 0 0 0 0 0 0 0 0 0 0 5.32187 9.20647 826.098 1847.05 
0.00128343319791469207 0.171489 0 161709 0 35.8978 32.308 0 01 0 0 -0 0 0 0 -0 0 0 0 -0 5.32187 9.20647 826.098 1847.05 
0.00128343319791469207 1.75709 0 176470 78.0612 33.7136 30.3422 0 01 0 0 -0 0 0 0 -0 0 0 0 -0 3.48075 3.48075 0 106.671 
0.00131147527771376658 0.165393 1 9114 0 32.7556 29.48 0 0 1 0.00149689 -0.00279035 -0.00652076 0 0 0 -0 0 0 0 -0 6.07738 12.7459 1194.13 2037.88 
0.00131147527771376658 0.261371 0 4485 74.1323 31.8234 28.641 0 01 0 0 0 0 0 0 0 0 0 0 0 8.28524 18.6649 622.437 972.04 
0.00131147527771376658 0.361047 0 42429 77.2398 33.3066 29.9759 0 01 0 0 0 0 0 0 0 0 0 0 0 7.39198 20.6977 669.902 1437.99 
0.00131147527771376658 0.463515 0 100809 75.8412 32.6101 29.3491 0 01 0 0 -0 0 0 0 -0 0 0 0 -0 14.0082 28.0254 311.349 1029.84 
0.00131147527771376658 0.954747 0 102311 75.0149 32.3018 29.0717 0 01 0 0 0 0 0 0 0 0 0 0 0 4.78066 20.9691 0 214.732 
0.00131147527771376658 1.1665 0 152617 73.6069 31.5053 28.3548 0 01 -0 0 0 0 -0 0 0 0 -0 0 0 8.04581 17.2551 31.0667 338.451 
0.00132364213500508858 1.4171 0 153939 71.4512 30.4424 27.3981 0 01 0 -0 0 0 0 -0 0 0 0 -0 0 0 0 0 0 
0.00133310792402030107 0.864117 0 114706 70.8061 30.1293 27.1163 0 01 0 0 0 0 0 0 0 0 0 0 0 1.73724 7.83349 0 0 
0.00133817225544186286 0.813803 0 51259 69.5325 29.5347 26.5812 0 01 0 0 0 0 0 0 0 0 0 0 0 0 7.3539 0 0 
0.00133817225544186286 1.38178 0 174664 69.4959 29.5756 26.618 0 01 0 0 0 0 0 0 0 0 0 0 0 2.75966 2.75966 0 0 
0.00134462799343921906 0.195746 1 24013 0 29.2357 26.3121 0 0 1 -0.00729081 0.00336541 -0.000648895 0 0 0 0 0 0 0 0 4.17779 9.86782 417.653 892.157 
0.00136085541070337475 0.427452 0 111328 67.4826 28.599 25.7391 0 01 -0 0 0 0 -0 0 0 0 -0 0 0 7.62308 15.5985 337.69 1944.83 
0.00136085541070337475 0.844408 0 121014 67.3249 28.4317 25.5886 0 01 0 0 0 0 0 0 0 0 0 0 0 2.53228 14.3278 0 41.7176 
0.00136085541070337475 2.32529 0 196871 67.4387 28.4878 25.639 0 01 0 0 0 0 0 0 0 0 0 0 0 0 4.63902 0 0 
0.00137607267891029679 0.484402 0 71530 66.0952 27.8378 25.054 0 01 0 0 0 0 0 0 0 0 0 0 0 6.88058 17.7026 0 250.371 
0.00137607267891029679 0.992209 0 150382 65.3114 27.5126 24.7613 0 01 0 0 0 0 0 0 0 0 0 0 0 5.91123 14.7655 0 0 
0.00138928799443229097 0.167337 0 88100 64.7006 27.2073 24.4866 0 01 -0 0 0 0 -0 0 0 0 -0 0 0 5.25877 9.43169 1755.2 4633.3 
0.00138928799443229097 0.24599 0 12700 64.3014 27.0809 24.3728 0 01 0 0 0 0 0 0 0 0 0 0 0 4.55131 11.698 536.255 756.705 
0.00138928799443229097 0.786294 0 11010 64.4191 27.1389 24.425 0 01 0 0 0 0 0 0 0 0 0 0 0 5.55784 11.0992 0 249.202 
0.00142095325760477646 0.233167 0 110778 0.965266 25.6454 23.0809 0 01 -0 0 0 0 -0 0 0 0 -0 0 0 7.65593 20.754 1139.96 1847.76 
0.00142095325760477646 0.360164 1 37142 0 26.4583 23.8125 0 0 1 -0.00506233 -0.0407416 0.00504622 0 0 0 0 0 0 0 0 9.38936 22.557 478.415 1492.1 
0.00142095325760477646 0.393478 0 25991 61.3019 25.5315 22.9784 0 01 0 0 0 0 0 0 0 0 0 0 0 12.0039 29.5368 376.695 817.857 
0.00142095325760477646 0.458763 0 177308 63.2174 26.4553 23.8098 0 01 -0 0 0 0 -0 0 0 0 -0 0 0 10.823 26.0322 201.595 486.386 
0.00142095325760477646 0.499635 0 95702 60.5667 25.1562 22.6406 0 01 0 -0 0 0 0 -0 0 0 0 -0 0 7.39056 25.7521 613.674 1061.26 
0.00142095325760477646 0.560003 0 107024 60.5044 25.125 22.6125 0 01 0 0 0 0 0 0 0 0 0 0 0 12.853 30.2951 0 976.237 
0.00142095325760477646 0.72026 0 25684 63.0733 26.3866 23.7479 0 01 0 0 0 0 0 0 0 0 0 0 0 5.00376 20.975 20.1527 322.869 
0.00142095325760477646 1.07178 0 164435 61.1483 25.5079 22.9571 0 01 0 0 0 0 0 0 0 0 0 0 0 9.50268 16.8644 151.952 415.284 
0.00142095325760477646 1.15909 0 166865 62.8942 26.3036 23.6733 0 01 -0 0 0 0 -0 0 0 0 -0 0 0 5.77238 18.5058 0 0 
0.00142095325760477646 2.59266 0 181303 61.4273 25.5961 23.0365 0 01 0 0 0 0 0 0 0 0 0 0 0 0 0 0 0 
0.00142095325760477646 2.81518 0 197790 61.1754 25.4673 22.9206 0 01 0 -0 0 0 0 -0 0 0 0 -0 0 0 2.81518 0 0 
0.00144094784789671002 0.191315 0 85265 58.7173 24.2221 21.7999 0 01 -0 0 0 0 -0 0 0 0 -0 0 0 6.99656 16.1397 549.079 1255.28 
0.00144094784789671002 0.900087 0 176147 59.5084 24.6192 22.1573 0 01 0 0 0 0 0 0 0 0 0 0 0 4.51645 9.00879 2.93361 36.0156 
0.00144094784789671002 0.968034 0 147276 58.7407 24.2239 21.8015 0 01 0 0 0 0 0 0 0 0 0 0 0 7.72361 19.2713 45.9464 45.9464 
0.00144094784789671002 0.983545 0 184514 59.5604 24.6724 22.2051 0 01 0 0 -0 0 0 0 -0 0 0 0 -0 9.94751 21.8614 241.262 340.351 
0.00144094784789671002 1.19175 0 156600 59.8262 24.856 22.3704 0 01 0 0 0 0 0 0 0 0 0 0 0 1.21421 13.2055 0 0 
0.00145623826051135348 0.803269 0 52253 57.7001 23.6916 21.3224 0 01 -0 0 0 0 -0 0 0 0 -0 0 0 8.78742 16.7711 0 173.948 
0.00147303560686546037 0.496729 0 134142 56.2477 23.0048 20.7043 0 01 0 0 0 0 0 0 0 0 0 0 0 5.02201 16.1292 107.122 125.669 
0.00147303560686546037 0.919155 0 179664 56.8427 23.3565 21.0208 0 01 0 0 0 0 0 0 0 0 0 0 0 5.47612 18.2505 0 82.5821 
0.00148519832620876038 0.292503 0 13642 0.113625 22.708 20.4372 0 01 0 0 0 0 0 0 0 0 0 0 0 7.07362 14.4365 146.211 339.787 
0.00148519832620876038 0.366803 0 58352 55.3119 22.4742 20.2267 0 01 0 0 0 0 0 0 0 0 0 0 0 8.16668 15.6785 188.306 1144.78 
0.00148519832620876038 1.04415 0 128897 55.4251 22.551 20.2959 0 01 0 0 0 0 0 0 0 0 0 0 0 5.13505 9.26722 0 0 
0.00148814527736627618 0.219528 0 10715 0.100375 22.1744 19.957 0 01 0 -0 0 0 0 -0 0 0 0 -0 0 3.01345 5.42875 1055.22 1327.29 
0.00149372484217702222 0.250981 1 28748 0 22.0479 19.8431 0 0 1 0.00322121 0.00754629 -0.00281463 0 0 0 -0 0 0 0 -0 4.38602 8.95822 82.8991 309.461 
0.0015074187299183989 0.0942296 0 6409 0.111334 21.8757 19.6881 0 01 0 0 0 0 0 0 0 0 0 0 0 3.2505 6.8332 1942.4 2175.51 
0.00152108271051688685 0.257968 0 37483 52.7163 21.1884 19.0696 0 01 0 0 -0 0 0 0 -0 0 0 0 -0 6.19878 12.7419 51.5292 513.347 
0.00152108271051688685 0.413612 1 111644 0 21.0537 18.9484 0 0 2 0.00188247 -0.00458583 -0.0157052 0 0 -0 0 0 0 -0 0 5.70239 17.5189 0 593.976 
0.00152108271051688685 0.619909 0 75494 0.320953 21.1385 19.0247 0 01 0 0 0 0 0 0 0 0 0 0 0 4.93949 15.4521 148.701 164.904 
0.00152707101303463334 0.247519 0 77606 0.467502 21.0113 18.9101 0 01 0 0 -0 0 0 0 -0 0 0 0 -0 4.33168 10.0348 267.418 826.609 
0.00152707101303463334 0.846009 1 165646 52.3922 20.9559 18.8603 0 0 1 3.62983 -4.07672 1.13211 0 0 0 0 0 0 0 0 1.71655 8.64337 0 370.548 
0.00153714626146900842 0.191641 0 27716 0.288402 20.6144 18.553 0 01 0 0 0 0 0 0 0 0 0 0 0 7.80477 12.7914 500.274 1555.67 
0.00153714626146900842 0.481272 1 56191 51.4257 20.682 18.6138 0 0 1 -0.388577 -3.66746 -1.62988 0 0 0 -0 0 0 0 -0 5.80308 13.5332 38.4155 782.226 
0.00153714626146900842 0.651318 0 44453 51.9633 20.807 18.7263 0 01 0 0 0 0 0 0 0 0 0 0 0 4.48152 10.2518 0 49.6185 
0.00153714626146900842 0.687349 1 154047 0 20.7138 18.6424 0 0 2 -0.000726749 0.000996117 -0.00249074 0 0 0 0 0 0 0 0 3.44772 16.488 0 69.5511 
0.00153714626146900842 1.86422 0 194166 51.865 20.7224 18.6501 0 01 0 0 0 0 0 0 0 0 0 0 0 1.87021 5.56346 0 0 
0.00154147279726853754 0.592062 0 74245 51.1709 20.4627 18.4164 0 01 0 -0 0 0 0 -0 0 0 0 -0 0 0 0 0 0 
0.0015520775466275965 0.478825 1 43106 0 20.2431 18.2188 0 0 1 0.00208347 0.00587796 0.00014745 0 0 0 0 0 0 0 0 4.82991 12.084 0 16.4151 
0.00156907295623997817 0.603906 0 161343 0 19.5949 17.6355 0 01 0 0 0 0 0 0 0 0 0 0 0 7.77371 13.7741 64.3883 64.3883 
0.00156907295623997817 0.617692 0 89578 49.7995 19.7717 17.7945 0 01 0 0 0 0 0 0 0 0 0 0 0 6.82216 16.0989 114.439 354.489 
0.00156907295623997817 2.06558 0 185627 50.0487 19.8043 17.8239 0 01 -0 0 0 0 -0 0 0 0 -0 0 0 2.0708 6.17457 0 0 
0.00157355011842887733 0.58496 0 54190 49.2892 19.4621 17.5159 0 01 0 0 0 0 0 0 0 0 0 0 0 3.56324 8.89939 0 211.007 
0.00157355011842887733 0.980906 0 183715 49.3078 19.5295 17.5765 0 01 0 0 0 0 0 0 0 0 0 0 0 0 7.82568 0 0 
0.00158234001548125626 0.701623 0 162029 49.042 19.3723 17.4351 0 01 0 0 0 0 0 0 0 0 0 0 0 4.97719 11.4211 0 1234.76 
0.00158234001548125626 0.869893 0 116262 49.0266 19.2898 17.3608 0 01 0 0 0 0 0 0 0 0 0 0 0 6.90069 11.2246 461.511 478.026 
0.00159209694616028216 0.420373 0 62226 48.302 19.0411 17.137 0 01 0 0 0 0 0 0 0 0 0 0 0 4.53455 12.8064 104.087 234.449 
0.00159209694616028216 0.528155 0 99846 48.7235 19.2113 17.2902 0 01 -0 0 0 0 -0 0 0 0 -0 0 0 6.34295 17.49 30.7126 65.5582 
0.00159209694616028216 1.58467 0 157557 48.6908 19.2325 17.3092 0 01 0 0 0 0 0 0 0 0 0 0 0 3.11317 6.24183 0 0 
0.00159209694616028216 2.20651 0 183290 48.3797 18.9707 17.0736 0 01 0 0 -0 0 0 0 -0 0 0 0 -0 0 2.21464 0 0 
0.00160385136625978454 0.551227 0 27316 48.1001 18.8936 17.0043 0 01 0 0 -0 0 0 0 -0 0 0 0 -0 3.8836 12.8372 135.844 426.439 
0.00160385136625978454 1.076 1 164882 47.7203 18.7869 16.9082 0 0 1 -0.603104 0.0741221 -0.496305 0 0 0 -0 0 0 0 -0 2.13943 10.7718 0 174.912 
0.00160976614105766002 1.08318 0 45741 47.4805 18.5871 16.7282 0 01 -0 0 0 0 -0 0 0 0 -0 0 0 1.06247 4.27512 0 0 
0.00161916174483749922 0.954589 0 55710 46.9203 18.478 16.6299 0 01 0 0 0 0 0 0 0 0 0 0 0 4.72698 8.53963 40.144 138.978 
0.00162637164618746112 0.161334 1 953 0 18.4794 16.6312 0 0 1 0.00675552 0.00274785 0.00698874 0 0 0 0 0 0 0 0 4.60835 7.64614 1441.73 2865.3 
0.00162637164618746112 1.41233 0 177060 46.786 18.4826 16.634 0 01 0 0 0 0 0 0 0 0 0 0 0 1.42 4.22826 0 0 
0.00163967701844685882 0.397567 0 57888 0 19.6844 17.716 0 01 0 0 0 0 0 0 0 0 0 0 0 6.65317 12.8946 14.3966 40.7377 
0.00163967701844685882 0.662779 0 139943 46.444 18.3927 16.553 0 01 0 0 -0 0 0 0 -0 0 0 0 -0 5.38523 16.7594 0 1.56348 
0.00163967701844685882 1.9981 0 144755 46.2284 18.4162 16.5743 0 01 0 0 0 0 0 0 0 0 0 0 0 0 9.87492 0 0 
0.00164991042538027103 0.460388 0 63181 45.5723 18.2005 16.3798 0 01 0 -0 0 0 0 -0 0 0 0 -0 0 4.6781 11.1933 91.9836 735.318 
0.00164991042538027103 0.470185 0 37829 45.571 18.1993 16.3787 0 01 0 0 0 0 0 0 0 0 0 0 0 4.6781 11.1933 91.9836 735.318 
0.00164991042538027103 0.66124 0 65477 45.4948 18.0658 16.2584 0 01 0 0 0 0 0 0 0 0 0 0 0 3.36218 6.71169 18.805 18.805 
0.00164991042538027103 2.14875 0 146828 45.4911 18.0631 16.2559 0 01 0 0 -0 0 0 0 -0 0 0 0 -0 0 4.4062 0 0 
0.00164991042538027103 2.97588 0 194155 45.6927 18.1715 16.3536 0 01 0 -0 0 0 0 -0 0 0 0 -0 0 0 2.76471 0 0 
0.00166038509591912411 0.44688 0 60170 45.2368 18.0819 16.2729 0 01 0 -0 0 0 0 -0 0 0 0 -0 0 4.40932 11.8829 14.6952 257.997 
0.00166038509591912411 0.742678 0 58596 45.3218 18.1176 16.3051 0 01 0 -0 0 0 0 -0 0 0 0 -0 0 2.96159 11.9016 0 0 
0.00166621738174406735 0.7519 0 85683 44.9658 17.8977 16.1069 0 01 -0 0 0 0 -0 0 0 0 -0 0 0 0 1.47451 0 0 
0.0016920740231153187 0.270082 1 20900 0 17.3141 15.581 0 0 1 1.74983 1.69044 -3.27609 0 0 0 0 0 0 0 0 7.72387 16.7651 1667.5 2486.11 
0.0016920740231153187 0.400228 0 35366 43.6827 17.4063 15.6641 0 01 0 -0 0 0 0 -0 0 0 0 -0 0 7.08506 16.2057 103.071 184.524 
0.0016920740231153187 0.553597 1 141955 0 17.5262 15.7721 0 0 2 0.00325891 0.0123069 0.0144206 0 0 0 0 0 0 0 0 3.87764 13.414 86.74 91.7893 
0.0016920740231153187 0.570898 0 120626 44.1948 17.6188 15.8556 0 01 0 0 0 0 0 0 0 0 0 0 0 6.33638 14.4435 415.753 619.263 
0.00169901433973494134 0.480899 0 68583 43.541 17.4018 15.66 0 01 0 -0 0 0 0 -0 0 0 0 -0 0 0.977032 9.29662 0 117.176 
0.00169901433973494134 0.521851 0 83883 43.4998 17.3644 15.6263 0 01 0 0 0 0 0 0 0 0 0 0 0 5.0785 9.17918 87.6521 605.09 
0.00169901433973494134 0.744106 0 85753 43.43 17.369 15.6304 0 01 0 0 0 0 0 0 0 0 0 0 0 1.46826 7.38526 0 0 
0.00169901433973494134 1.27135 0 150523 43.4831 17.3184 15.5849 0 01 0 0 0 0 0 0 0 0 0 0 0 2.54458 3.83187 270.958 299.427 
0.00169901433973494134 2.00949 0 94719 43.369 17.2674 15.5389 0 01 0 0 0 0 0 0 0 0 0 0 0 1.96969 5.84812 0 70.6878 
0.00171173098221434465 0.421666 0 131772 42.8596 17.0866 15.376 0 01 0 0 -0 0 0 0 -0 0 0 0 -0 5.81436 11.6053 303.595 313.741 
0.00171847640828107803 2.09697 0 170070 42.6563 17.0912 15.3801 0 01 0 0 -0 0 0 0 -0 0 0 0 -0 0 4.19976 0 0 
0.00172225080164763482 0.424599 0 68259 42.4999 16.9329 15.2374 0 01 0 0 -0 0 0 0 -0 0 0 0 -0 2.92947 5.85785 246.072 246.072 
0.00172991229964919837 3.56106 0 197910 42.2259 16.8199 15.1356 0 01 0 -0 0 0 0 -0 0 0 0 -0 0 0 0 0 0 
0.00175107130824146673 0.430313 1 4347 0 16.5721 14.9124 0 0 1 -0.0059563 0.00155049 0.00407469 0 -0 0 0 0 -0 0 0 9.22297 23.9253 5.97161 747.754 
0.00175107130824146673 0.603461 0 111014 41.6225 16.6118 14.9481 0 01 0 0 0 0 0 0 0 0 0 0 0 10.913 29.0855 268.194 385.243 
0.00175107130824146673 3.64913 0 121054 41.5427 16.577 14.9168 0 01 0 0 0 0 0 0 0 0 0 0 0 0 3.31829 0 0 
0.00175836218246601048 0.37742 0 78974 41.3222 16.5132 14.8593 0 01 0 -0 0 0 0 -0 0 0 0 -0 0 6.60664 12.9137 329.326 567.715 
0.0017757986422071131 0.178242 0 6025 0.0941202 16.2918 14.6598 0 01 0 0 0 0 0 0 0 0 0 0 0 4.94706 10.7269 1101.16 2045.67 
0.0017757986422071131 0.657321 0 5284 40.5322 16.2164 14.5919 0 01 0 0 0 0 0 0 0 0 0 0 0 8.53416 19.6808 0 260.764 
0.0017757986422071131 1.22505 0 122995 40.6661 16.1976 14.5749 0 01 0 0 -0 0 0 0 -0 0 0 0 -0 4.94649 9.8608 0 0 
0.0017757986422071131 1.57203 0 51605 40.827 16.2922 14.6602 0 01 0 -0 0 0 0 -0 0 0 0 -0 0 6.31648 17.4377 0 46.4209 
0.0017757986422071131 2.86115 0 82477 40.9632 16.3059 14.6725 0 01 0 0 0 0 0 0 0 0 0 0 0 2.77488 2.77488 158.116 158.116 
0.00178034003395641477 0.161079 1 22499 0 16.1084 14.4945 0 0 2 -0.00498677 0.00400093 0.00202624 0 0 0 0 0 0 0 0 3.06722 5.93092 37.4883 693.786 
0.00178034003395641477 1.21573 0 189256 40.4504 16.0889 14.477 0 01 0 0 0 0 0 0 0 0 0 0 0 2.4434 7.36061 0 0 
0.00179789958446198526 0.20792 0 195207 39.8973 15.8764 14.2855 0 01 0 -0 0 0 0 -0 0 0 0 -0 0 7.19314 16.2937 705.988 1094.54 
0.00180436721097416855 1.8835 0 185827 39.6373 15.7656 14.1857 0 01 0 -0 0 0 0 -0 0 0 0 -0 0 1.88608 5.59371 0 0 
0.00182567622929830846 0.126121 1 7823 0 15.6905 14.118 0 0 2 -0.00291347 -0.00185987 0.0035925 0 0 0 0 0 0 0 0 7.17192 13.1633 710.101 3642.71 
0.00182567622929830846 0.436172 1 204434 46.176 25.2636 22.7373 0 0 2 1.28321 -30.9375 -15.1114 0 0 -0 0 0 0 -0 0 8.00142 21.8467 11.5455 96.8141 
0.00182567622929830846 0.442734 0 191234 39.5368 15.7401 14.1627 0 01 0 0 0 0 0 0 0 0 0 0 0 8.00142 21.8467 11.5455 96.8141 
0.00182567622929830846 0.563004 0 36465 39.0862 15.5792 14.0177 0 01 0 0 0 0 0 0 0 0 0 0 0 9.57392 18.5925 0 35.598 
0.00182567622929830846 0.679424 0 50618 39.3718 15.7 14.1266 0 01 0 0 0 0 0 0 0 0 0 0 0 12.8737 26.3978 39.3287 543.933 
0.00184843203911367921 0.166229 1 23355 38.7463 15.4273 13.8809 0 0 1 -0.0143607 -4.02798 -1.89283 0 0 0 -0 0 0 0 -0 7.35862 12.6965 1168.34 3245.51 
0.00184843203911367921 0.246781 1 79197 0 15.2559 13.7265 0 0 2 -0.00427325 0.000851057 0.000195779 0 -0 0 0 0 -0 0 0 6.48206 14.0887 399.541 1594.44 
0.00184843203911367921 0.272778 0 70798 38.6921 15.4972 13.9439 0 01 0 0 -0 0 0 0 -0 0 0 0 -0 6.45838 16.6343 451.388 1265.19 
0.00184843203911367921 1.23463 0 159247 38.304 15.2938 13.7606 0 01 -0 0 0 0 -0 0 0 0 -0 0 0 3.70907 14.8643 0 0 
0.00184843203911367921 1.5227 0 170525 38.7956 15.4812 13.9295 0 01 -0 0 0 0 -0 0 0 0 -0 0 0 6.05343 16.7618 0 0 
0.00184843203911367921 1.68679 0 167586 38.5806 15.344 13.8059 0 01 0 0 0 0 0 0 0 0 0 0 0 3.45468 10.327 0 54.7579 
0.00186850054960607977 0.165511 1 209141 0 19.7969 17.8172 0 0 2 0.753755 -0.00803393 -0.380158 0 0 0 0 0 0 0 0 7.04812 13.8018 1054.68 1810.55 
0.00186850054960607977 0.661927 0 36799 37.7695 15.053 13.5437 0 01 0 0 -0 0 0 0 -0 0 0 0 -0 9.16658 24.2639 49.4804 216.715 
0.00186932587225781136 0.405754 0 87721 37.6852 15.0178 13.512 0 01 0 0 0 0 0 0 0 0 0 0 0 1.97708 4.35149 1.09466 1.09466 
0.00186932587225781136 1.57624 0 159486 37.6837 15.0168 13.5111 0 01 0 0 0 0 0 0 0 0 0 0 0 0 0 0 0 
0.00189909311647304358 0.189581 1 24007 0 14.9395 13.4414 0 0 1 0.00349858 0.000264977 1.55021e-05 0 0 0 0 0 0 0 0 6.6744 13.3762 522.385 2736.77 
0.00189909311647304358 0.315794 0 32995 37.0429 14.9837 13.4813 0 01 -0 0 0 0 -0 0 0 0 -0 0 0 12.0238 26.3956 998.045 1760.34 
0.00189909311647304358 0.333286 0 162583 37.01 14.9903 13.4872 0 01 0 0 0 0 0 0 0 0 0 0 0 10.1881 24.6831 756.956 1375.68 
0.00189909311647304358 1.06731 0 169315 36.9321 14.9404 13.4423 0 01 0 0 0 0 0 0 0 0 0 0 0 7.36545 12.6685 0 19.9244 
0.00191126048182822328 0.3657 0 58537 36.8577 14.9771 13.4753 0 01 0 0 0 0 0 0 0 0 0 0 0 3.98182 15.3885 0 434.831 
0.00191126048182822328 1.10716 0 62469 36.8054 15.0281 13.5213 0 01 0 0 -0 0 0 0 -0 0 0 0 -0 4.37768 8.76628 0 0 
0.00191126048182822328 1.56005 0 144496 36.8656 14.9693 13.4684 0 01 0 0 0 0 0 0 0 0 0 0 0 1.57184 12.6691 0 445.807 
0.00191126048182822328 2.0573 0 149543 36.7563 36.6402 13.5571 0 01 0 -0 0 0 0 -0 0 0 0 -0 0 2.06958 12.5582 0 3.23629 
0.0019163529255485476 1.75186 0 143944 36.4785 36.3648 17.43 0 01 0 0 0 0 0 0 0 0 0 0 0 0 1.73256 0 0 
0.00194469867079124213 0.355802 0 52396 35.881 35.7721 29.8997 0 01 0 0 0 0 0 0 0 0 0 0 0 4.85342 13.0323 329.679 546.171 
0.00194469867079124213 0.348488 1 8274 0 35.7998 29.4727 0 0 1 -0.0049741 -0.00892613 -0.0126494 0 0 0 -0 0 0 0 -0 4.85342 13.0323 329.679 546.171 
0.00194469867079124213 0.838219 0 128347 35.8955 35.7865 29.9131 0 01 0 0 0 0 0 0 0 0 0 0 0 4.14897 13.2975 0 672.104 
0.00194469867079124213 1.89777 0 186579 35.8192 35.7109 30.0116 0 01 -0 0 0 0 -0 0 0 0 -0 0 0 3.7727 5.69771 248.461 355.716 
0.00194469867079124213 2.19784 0 198841 35.9894 35.8796 27.8038 0 01 -0 0 0 0 -0 0 0 0 -0 0 0 2.20977 4.50482 0 0 
0.001949552610494765 0.522811 0 90793 35.7125 35.6051 29.9287 0 01 0 0 0 0 0 0 0 0 0 0 0 3.12288 7.2895 28.5122 93.3839 
0.001949552610494765 0.69035 0 102873 35.6821 35.575 29.906 0 01 0 -0 0 0 0 -0 0 0 0 -0 0 4.79259 9.57986 37.4578 81.6778 
0.00196500141025783689 0.74254 0 57393 35.2741 35.1701 29.7328 0 01 0 -0 0 0 0 -0 0 0 0 -0 0 0 0 0 0 
0.00196500141025783689 1.55286 0 87366 35.2759 35.172 29.7346 0 01 0 0 0 0 0 0 0 0 0 0 0 0 0 0 0 
0.00196500141025783689 2.03259 0 191220 35.2742 35.1702 29.7329 0 01 0 0 0 0 0 0 0 0 0 0 0 0 0 0 0 
0.00198327807513749756 0.581252 1 134648 34.8295 13.627 10.9476 0 0 1 -6.41882 -9.62118 -4.0069 0 0 -0 0 0 0 -0 0 9.44386 21.8569 642.941 642.941 
0.00198327807513749756 0.984209 0 196116 35.192 35.0888 29.6717 0 01 0 0 -0 0 0 0 -0 0 0 0 -0 1.99199 11.9381 0 0 
0.00198327807513749756 1.86768 0 165929 34.8882 34.7872 29.5794 0 01 0 0 0 0 0 0 0 0 0 0 0 0 0 0 0 
0.0019890965685191624 2.8184 0 137507 34.7929 34.6926 29.5045 0 01 0 0 -0 0 0 0 -0 0 0 0 -0 0 0 0 0 
0.0020036444908018685 0.331468 0 43247 34.425 34.3278 29.365 0 01 0 0 -0 0 0 0 -0 0 0 0 -0 3.72195 8.87881 2.66759 353.818 
0.0020036444908018685 0.369979 0 38744 34.4193 34.3221 29.3597 0 01 0 0 0 0 0 0 0 0 0 0 0 2.97243 9.64989 0 298.158 
0.00201252158266206288 0.723861 0 71669 34.3464 34.2497 29.301 0 01 0 -0 0 0 0 -0 0 0 0 -0 0 5.1324 11.7245 462.365 508.914 
0.00205497825572403424 0.554562 0 17420 33.4215 33.3318 28.8576 0 01 0 0 -0 0 0 0 -0 0 0 0 -0 7.0621 15.7745 0 149.984 
0.00205497825572403424 1.98922 0 195542 33.3682 33.2789 28.8168 0 01 0 0 0 0 0 0 0 0 0 0 0 1.99431 14.0702 0 0 
0.00206679030854998612 0.966499 0 140577 33.135 33.0474 28.7796 0 01 0 0 0 0 0 0 0 0 0 0 0 3.91642 11.7247 0 0 
0.00206679030854998612 1.15358 0 149405 33.1739 33.0859 28.7658 0 01 0 0 0 0 0 0 0 0 0 0 0 2.35575 9.3685 44.0651 44.0651 
0.00206846399983265676 0.524336 0 138555 33.057 32.97 28.7149 0 01 0 -0 0 0 0 -0 0 0 0 -0 0 1.58292 3.14239 10.983 59.4119 
0.00208978990966812023 0.226199 0 41308 32.768 32.6831 28.6281 0 01 0 0 0 0 0 0 0 0 0 0 0 7.34728 14.9578 52.4679 1010.14 
0.00208978990966812023 1.36074 0 175769 0.139593 22.2633 20.0369 0 01 0 0 0 0 0 0 0 0 0 0 0 4.10318 9.64511 0 0 
0.00210354342344093882 0.579257 0 30052 32.4488 32.3662 27.8696 0 5.736351 -5.72086 -0.344825 0.24214 0 0 0 0 0 0 0 0 2.84357 11.4293 0 131.064 
0.00210862163424700233 0.712204 0 107151 32.3059 32.2242 27.5714 0 15.28471 -8.08903 -2.32939 12.7579 0 0 0 0 0 0 0 0 0.716043 2.85559 0 59.5588 
0.00210862163424700233 1.75756 0 176355 32.2815 32.2 27.4315 0 13.43761 13.3877 -0.583395 0.998976 0 0 -0 0 0 0 -0 0 0 1.75723 0 0 
0.00212019156875251167 0.778005 0 121925 32.1195 32.0391 26.9485 0 14.91111 -5.86172 -12.1274 -6.39595 0 0 -0 0 0 0 -0 0 1.56251 7.00682 0 0 
0.00212354665089558876 1.57353 0 139792 31.9889 31.9094 26.6213 0 9.737371 -6.49656 -4.59863 -5.60925 0 -0 0 0 0 -0 0 0 0 1.61653 0 0 
0.00214790592821966723 3.59403 0 194863 31.5906 31.5139 25.3733 0 16.21111 -13.8913 8.26089 1.26065 0 -0 0 0 0 -0 0 0 0 0 0 0 
0.00214943039898665743 0.616765 0 109173 31.5459 31.4694 25.236 0 25.61411 -24.9956 -2.17627 -5.15387 0 -0 0 0 0 -0 0 0 1.22283 1.84661 0 0 
0.00215323386677735004 0.846084 0 55686 31.4713 31.3954 25.0057 0 15.2031 -8.75271 -5.17791 -11.3009 0 0 0 0 0 0 0 0 0.846084 1.71519 0 182.606 
0.00215323386677735004 1.28531 0 15422 31.4974 31.4213 25.0887 0 47.88591 30.4325 -18.0519 -32.2653 0 0 0 0 0 0 0 0 1.28837 5.11614 0 51.92 
0.00216726956546202387 0.541994 0 66897 31.2341 31.1598 24.282 0 132.7121 129.521 28.2489 -6.23171 0 0 0 0 0 0 0 0 4.38181 13.6849 0 15.2652 
0.00216726956546202387 0.625527 0 67849 31.2414 31.1671 24.3048 0 62.60411 9.87771 4.89179 -61.6261 0 0 0 0 0 0 0 0 5.54149 17.8052 1.30009 201.577 
0.00216726956546202387 1.43058 0 154920 31.2574 31.1829 24.3552 0 44.10031 -41.8559 9.24069 -10.3695 0 0 0 0 0 0 0 0 4.29932 10.0014 0 0 
0.00216726956546202387 2.13954 0 184947 31.2345 31.1602 24.283 0 78.58871 -46.1223 -63.4665 4.57429 0 0 -0 0 0 0 -0 0 2.0674 8.31785 0 13.2104 
0.00219442888584640622 0.135818 0 34930 31.0161 30.9433 23.6246 0 28.21091 -24.777 -13.0846 3.27884 0 -0 0 0 0 -0 0 0 7.17012 14.384 1435.1 2988.2 
0.00219442888584640622 0.416529 0 52314 30.7935 30.7222 22.9666 0 55.76131 -7.60652 52.1358 18.2571 0 0 0 0 0 0 0 0 7.27238 20.5452 0 166.377 
0.00219442888584640622 0.435662 1 86848 30.8252 30.7537 15.4338 0 0 1 -1.51789 -0.602314 13.0007 0 0 0 0 0 0 0 0 9.43702 21.0128 573.721 791.287 
0.00219442888584640622 0.515475 0 69754 30.7762 30.705 22.9139 0 55.65311 -1.43022 -54.8984 -9.02132 0 0 0 0 0 0 0 0 11.6064 26.7603 3.39507 336.265 
0.00219442888584640622 0.656909 0 30458 30.8936 30.8216 23.2616 0 70.3141 -56.5493 -24.7065 33.702 0 0 0 0 0 0 0 0 8.65572 25.8916 358.809 369.904 
0.00219442888584640622 1.25621 0 79775 30.7969 30.7255 22.9768 0 48.73431 -33.1275 -20.9186 28.9829 0 0 0 0 0 0 0 0 12.5192 21.3039 0 143.024 
0.0022140030815680431 0.620568 0 26774 30.6602 30.5897 22.575 0 42.63971 -3.90954 10.0292 -41.2587 0 -0 0 0 0 -0 0 0 8.03488 19.824 25.1243 222.365 
0.0022140030815680431 0.909118 0 19678 30.5204 30.4509 22.1716 0 94.08241 26.9094 90.1481 -0.837806 0 0 0 0 0 0 0 0 6.44841 14.7073 0 64.0212 
0.0022140030815680431 1.05317 0 59481 30.6952 30.6245 22.6783 0 47.02391 36.291 -15.4507 -25.6024 0 0 0 0 0 0 0 0 7.26318 13.5076 0 78.8399 
0.0022140030815680431 1.14165 0 177987 30.7625 30.6914 22.8757 0 83.4871 49.6203 67.1257 1.42665 0 0 0 0 0 0 0 0 5.71364 11.4413 55.6973 131.917 
0.0022140030815680431 1.29107 0 169885 30.6318 30.5615 22.4926 0 110.751 -103.698 -31.3781 -22.9728 0 0 -0 0 0 0 -0 0 3.88257 9.07651 32.7203 34.8342 
0.0022140030815680431 1.40092 0 132704 0 30.4928 22.2926 0 131.5831 93.6766 19.0569 90.4188 0 0 0 0 0 0 0 0 2.7725 8.3253 0 0 
0.0022140030815680431 2.53625 0 194475 30.6804 30.6098 22.6337 0 58.95181 58.9236 1.47757 1.06494 0 0 0 0 0 0 0 0 5.19387 5.19387 0 124.342 
0.00221873105048306807 0.073213 1 0 0 30.3188 21.7908 0 0 1 -70.5321 -17.9871 11.9857 1 -76.3375 4.16631 10.9165 0 -0 0 0 1.82014 4.79827 166.751 775.583 
0.00223881097113721225 1.47141 0 183892 30.1223 30.0553 21.0462 0 130.931 -120.084 -51.3426 -9.29076 0 0 0 0 0 0 0 0 6.01733 13.4821 30.7538 67.4237 
0.00225789589446253377 0.340189 0 43108 30.0418 29.9754 20.8244 0 74.21861 -27.2308 -1.75678 -69.0203 0 0 0 0 0 0 0 0 7.25929 19.6952 0 59.229 
0.00225789589446253377 0.490429 0 154589 30.0242 29.9579 20.7742 0 138.7181 -114.322 -5.41417 78.3835 0 0 0 0 0 0 0 0 8.20998 18.8236 727.026 1128.8 
0.00225789589446253377 0.735833 0 27397 30.0313 29.9649 20.7942 0 110.0591 -25.9941 32.2732 -101.96 0 0 0 0 0 0 0 0 5.88385 16.2131 34.0206 111.307 
0.00225789589446253377 0.846842 0 129259 29.8493 29.7841 20.2974 0 116.8781 116.833 3.18365 -0.455764 0 0 0 0 0 0 0 0 5.88122 15.1131 0 59.6785 
0.00226243997882829163 0.653196 0 86949 29.7502 29.6856 20.0284 0 126.7311 -43.3485 -94.7891 72.0878 0 -0 0 0 0 -0 0 0 1.92916 5.81482 0 0 
0.00226566330118441444 0.628511 0 48688 29.678 29.6138 19.8333 0 51.38661 -43.5365 -24.6342 11.7607 0 0 -0 0 0 0 -0 0 2.51221 3.76748 0 2.13031 
0.00227985273158587323 0.340778 0 153147 29.442 29.3793 19.2087 0 84.68231 56.5079 61.8701 -12.249 0 0 0 -0 0 0 0 -0 8.09814 19.3623 16.3398 406.051 
0.00230352386023988109 0.148829 0 19650 29.1244 29.0637 18.3876 0 53.87911 -34.4399 11.9213 -39.6829 0 0 0 -0 0 0 0 -0 6.20131 11.5729 739.267 3466.9 
0.00230352386023988109 0.50508 0 6292 29.1038 29.0432 18.3336 0 44.71531 40.8314 18.1125 -2.0476 0 0 0 0 0 0 0 0 6.07857 17.6655 0 110.498 
0.00230352386023988109 0.549951 0 95010 29.1241 29.0634 18.3867 0 123.2611 -79.5608 91.2225 -23.2792 0 0 0 0 0 0 0 0 4.42164 12.7915 91.3754 360.795 
0.00230352386023988109 1.03735 0 152125 29.2841 29.2224 18.7964 0 178.5281 158.234 -41.9655 -71.227 0 0 0 0 0 0 0 0 3.1575 16.7115 0 106.108 
0.00231359195232052955 1.31767 0 54359 28.9575 28.8977 17.9629 0 121.5351 -66.0208 31.4169 97.0821 0 -0 0 0 0 -0 0 0 3.90263 3.90263 0 30.2534 
0.00231359195232052955 2.05698 0 185079 29.0216 28.9615 18.125 0 33.19671 31.4688 -10.4582 1.53738 0 0 -0 0 0 0 -0 0 0 0 0 0 
0.00231594089706394727 0.610371 0 179360 28.9337 28.8741 17.9036 0 174.4051 -133.477 -76.3344 82.3044 0 0 -0 0 0 0 -0 0 1.19906 4.249 82.6249 82.6249 
0.00232610451483895864 0.365757 0 29137 28.8047 28.7459 17.5814 0 144.6971 121.82 -55.6243 54.7989 0 0 0 0 0 0 0 0 4.13126 13.2279 0 192.934 
0.00232610451483895864 1.29262 0 126118 28.7826 28.7239 17.5272 0 45.44551 -40.2325 20.3514 -5.69752 0 0 0 0 0 0 0 0 1.32729 3.93344 0 0 
0.00233710293312265095 0.370771 0 23097 28.6906 28.6325 17.2997 0 123.5041 26.0405 25.448 118.015 0 0 0 0 0 0 0 0 3.85436 11.5028 146.769 228.247 
0.00236397182962306759 0.328248 1 0 28.4169 11.2282 7.25032 0 0 1 55.7902 -10.2408 -13.8421 1 5.1449 2.09844 29.6966 0 0 0 0 8.24732 22.0011 692.754 922.876 
0.00236397182962306759 0.358351 0 55732 8.57999 28.4156 16.7693 0 115.3891 -92.1545 16.534 67.4447 0 -0 0 0 0 -0 0 0 7.7567 23.2356 628.728 1053.49 
0.00236397182962306759 0.787145 0 99537 28.3536 28.2975 16.4861 0 123.3921 74.0187 -33.2135 92.9719 0 0 0 0 0 0 0 0 3.18353 15.0841 0 53.3139 
0.00236397182962306759 1.21724 0 61856 28.5407 28.4834 16.9348 0 134.571 61.7965 24.4708 117.01 0 0 0 0 0 0 0 0 4.88373 14.6546 0 184.195 
0.00236397182962306759 1.47599 0 162556 28.4539 28.3972 16.7253 0 119.6781 12.9244 -18.9198 117.464 0 0 0 0 0 0 0 0 7.5042 14.9748 142.03 142.03 
0.00236397182962306759 1.83086 0 106288 28.3056 28.2498 16.3706 0 219.5791 -178.665 48.9838 117.874 0 0 0 0 0 0 0 0 5.57848 12.9188 0 44.8888 
0.00236397182962306759 2.10935 0 185355 28.3386 28.2826 16.4495 0 131.3661 -113.251 64.2768 -17.306 0 0 0 -0 0 0 0 -0 4.27872 8.49614 0 0 
0.00236397182962306759 2.25488 0 193763 28.3885 28.3322 16.568 0 71.77241 -63.8491 9.45354 31.3878 0 0 0 0 0 0 0 0 0 2.31831 0 0 
0.00236397182962306759 2.78365 0 67839 28.2831 28.2274 16.3174 0 146.5941 146.265 -9.60313 -2.04004 0 0 0 -0 0 0 0 -0 0 2.91587 0 0 
0.00237625701759204382 1.3774 0 39238 28.202 28.1468 16.1263 0 125.691 -103.583 -66.6859 24.9284 0 0 0 0 0 0 0 0 2.74231 4.0775 0 2.36182 
0.00240056068165928798 0.298574 0 41160 28.0132 27.9591 15.6869 0 86.75331 56.0132 66.245 0.516861 0 0 0 0 0 0 0 0 10.189 20.0192 651.554 1395.77 
0.00240056068165928798 0.669139 0 6219 28.0697 28.0153 15.818 0 264.8711 27.6069 -93.9794 246.094 0 0 0 0 0 0 0 0 7.40488 20.2519 341.301 395.976 
0.00240056068165928798 0.842473 0 86890 27.8716 27.8183 15.3634 0 164.3481 50.2868 122.469 -97.3793 0 0 0 -0 0 0 0 -0 5.95412 18.6642 0 12.3542 
0.00240056068165928798 0.930327 0 73589 27.9947 27.9407 15.6446 0 210.1821 -138.376 116.456 -107.08 0 -0 0 0 0 -0 0 0 10.2117 26.9739 3.60098 98.2518 
0.00240056068165928798 1.08829 0 129944 28.0037 27.9496 15.6659 0 247.2641 -131.156 -96.8175 185.914 0 0 -0 0 0 0 -0 0 5.4189 10.8459 2.1095 90.7507 
0.00240056068165928798 1.37893 0 171631 28.0086 27.9545 15.6761 0 62.61461 29.9175 49.3785 24.2341 0 0 0 0 0 0 0 0 7.00949 16.8349 0 16.5745 
0.00240056068165928798 1.55252 0 185527 27.9668 27.913 15.5804 0 202.551 199.76 -27.4229 -19.2457 0 0 -0 0 0 0 -0 0 9.37232 21.8674 0 119.041 
0.00242094462064565375 1.39171 0 132710 27.7405 27.688 15.0657 0 168.9561 75.7312 -148.232 -28.9527 0 0 0 0 0 0 0 0 5.65178 8.46762 1.15816 1.15816 
0.00242094462064565375 2.19653 0 166801 27.6131 27.5613 14.7811 0 218.0831 -25.0641 -63.5652 207.102 0 0 -0 0 0 0 -0 0 0 6.49616 0 0 
0.0024366967174332026 0.508567 0 89495 27.5396 27.4882 14.6186 0 43.63531 -41.8485 1.7555 -12.2338 0 -0 0 0 0 -0 0 0 8.24717 19.5784 0 77.0486 
0.0024366967174332026 0.651681 0 18064 27.4481 27.3972 14.4166 0 388.6131 -327.008 195.728 76.0017 0 0 0 0 0 0 0 0 5.91421 16.401 0 70.9461 
0.0024366967174332026 1.05631 0 129927 27.4288 27.3781 14.3755 0 51.65051 -26.5902 -40.7169 17.4033 0 0 0 0 0 0 0 0 7.40832 23.2583 78.3313 160.348 
0.00245839500862340445 0.500068 0 61838 27.3392 27.2889 14.1804 0 90.57771 24.7879 82.5232 27.9249 0 0 0 0 0 0 0 0 4.42803 19.1662 52.2748 229.895 
0.00245839500862340445 0.653077 0 141353 27.2499 27.2 13.9872 0 366.5341 -227.142 286.762 22.8399 0 0 0 0 0 0 0 0 6.54526 21.6414 98.1617 146.985 
0.00245839500862340445 0.680559 1 206604 28.5508 23.4281 21.0853 0 0 2 18.6404 29.8399 -5.29989 0 0 0 0 0 0 0 0 8.8695 21.1312 18.0652 338.016 
0.00245839500862340445 1.23843 0 149264 27.311 27.2609 14.1194 0 232.6511 231.186 26.0225 -1.53862 0 0 0 0 0 0 0 0 6.12226 19.6507 0 150.815 
0.00245839500862340445 1.57855 0 181037 27.2189 27.1693 13.9207 0 122.3641 -20.1838 -96.072 -73.0455 0 0 0 0 0 0 0 0 4.71481 7.84026 0 64.5794 
0.00245839500862340445 2.80444 0 81542 27.2419 27.1921 13.9696 0 186.4811 -151.996 -82.6817 69.5433 0 0 -0 0 0 0 -0 0 0 5.739 0 0 
0.00247665022546037861 1.28129 0 187038 27.069 27.0202 13.6024 0 186.9161 136.309 76.3594 102.6 0 0 0 0 0 0 0 0 2.54907 10.1944 0 117.02 
0.00250530653092836128 1.31036 0 49516 26.5959 26.5497 12.6285 0 209.7241 17.8418 -104.904 -180.724 0 0 0 -0 0 0 0 -0 0 3.99865 0 0 
0.00252957924168903435 0.437687 0 18681 26.3216 26.2769 12.0841 0 217.4031 24.3118 186.298 -109.391 0 0 0 0 0 0 0 0 3.0679 17.2839 0 105.007 
0.00252957924168903435 0.794128 0 125335 26.327 26.2822 12.0949 0 119.3221 -8.38887 118.778 7.69163 0 0 0 0 0 0 0 0 8.85179 16.1123 0 78.4494 
0.00252957924168903435 1.29282 0 131361 26.4753 26.4297 12.3873 0 160.7611 -158.893 -23.5572 -6.48461 0 0 0 -0 0 0 0 -0 3.8374 15.309 0 0 
0.00253655669431104283 0.88782 0 195209 26.2463 26.2019 11.9373 0 165.2911 -19.2948 -143.18 80.3009 0 0 0 0 0 0 0 0 1.77931 1.77931 0 166.984 
0.00253655669431104283 1.07278 0 145174 26.2275 26.1832 11.901 0 317.9461 -54.2796 238.354 203.299 0 -0 0 0 0 -0 0 0 0 3.19254 0 0 
0.00254909350730923813 0.492103 0 8327 26.2079 26.1636 11.8631 0 92.58131 -41.0074 -42.4306 71.3395 0 0 0 0 0 0 0 0 3.95261 13.2874 0 504.394 
0.00254909350730923813 0.734233 0 89672 26.1819 26.1378 11.8122 0 191.6681 38.2092 -160.514 -97.528 0 0 0 0 0 0 0 0 5.11465 15.3508 0 8.40663 
0.00254909350730923813 1.99013 0 170681 26.196 26.1518 11.8396 0 290.7421 286.286 48.947 13.237 0 0 0 0 0 0 0 0 1.96509 7.8299 0 0 
0.00255032896908377864 2.98258 0 171637 26.0749 26.0314 11.6077 0 125.4821 4.23831 77.3114 -98.746 0 0 0 0 0 0 0 0 0 0 0 0 
0.00255332808327102864 1.82111 0 158284 26.0693 26.0258 11.5967 0 138.6331 12.7375 -108.837 84.9197 0 0 0 0 0 0 0 0 1.85483 1.85483 0 0 
0.00256555039694906324 0.202452 0 9348 0.60549 26.2389 12.2434 0 81.60751 -35.6486 -61.1236 -40.6554 0 0 -0 0 0 0 -0 0 0 0 0 0 
0.00256555039694906324 0.820006 0 131510 26.0311 25.9878 11.5245 0 140.6491 -11.3184 -104.924 92.9775 0 0 -0 0 0 0 -0 0 4.16102 8.32828 0 44.4476 
0.00257042790341967947 1.45092 0 75139 25.8884 25.8458 11.2551 0 67.38231 36.9061 -55.7797 -8.18121 0 0 0 0 0 0 0 0 2.95849 4.41732 0 0 
0.00258363843109091825 0.624451 0 60209 25.824 25.7817 11.1351 0 197.6841 197.17 10.7655 -9.34804 0 0 0 0 0 0 0 0 2.44174 13.498 0 22.448 
0.00258363843109091825 1.2646 0 149828 25.8174 25.7752 11.1228 0 145.8651 -52.0734 -111.383 78.477 0 0 -0 0 0 0 -0 0 3.81373 5.08116 0 44.1765 
0.00259335388795879683 0.615882 0 64738 25.6395 25.5982 10.7965 0 175.1951 172.367 7.02055 30.5554 0 0 0 0 0 0 0 0 3.06374 10.3533 0 247.427 
0.00259335388795879683 0.63516 0 166175 25.6275 25.5863 10.7744 0 173.91 -156.17 -1.05956 -76.4908 0 0 -0 0 0 0 -0 0 4.4703 13.9979 108.029 108.029 
0.00259335388795879683 1.43393 0 77143 25.7174 25.6758 10.9384 0 85.96121 -78.7484 31.8453 -13.1868 0 0 0 -0 0 0 0 -0 4.25459 11.2935 0 14.4248 
0.00259945242591241117 0.386102 0 39421 0.390718 25.8181 11.3739 0 201.9671 -196.36 -45.9068 -11.2311 0 -0 0 0 0 -0 0 0 3.90584 8.51604 277.681 315.599 
0.00260728883855730923 0.972941 0 105386 25.5418 25.5009 10.619 0 386.9861 -358.031 -146.867 1.49816 0 0 0 0 0 0 0 0 4.86713 9.74734 0 0 
0.00261613201910774681 0.637231 0 112460 25.4119 25.3716 10.3865 0 107.5441 -92.6021 8.66383 -53.9955 0 -0 0 0 0 -0 0 0 3.17776 9.52967 207.449 346.033 
0.00261613201910774681 1.16127 0 126498 25.4469 25.4065 10.4496 0 426.241 406.642 118.04 -48.8766 0 0 0 -0 0 0 0 -0 5.83398 9.34562 85.7372 438.897 
0.00264271706205953041 1.12655 0 190546 25.1519 25.113 9.9317 0 262.7871 -159.18 -208.639 -13.7259 0 0 -0 0 0 0 -0 0 2.25903 7.95417 0 0 
0.00266674631141228377 1.77861 0 81629 24.9271 24.8893 9.54905 0 41.20541 14.3715 -36.7573 11.8425 0 0 0 0 0 0 0 0 0 3.54116 0 0 
0.00266674631141228377 1.85749 0 165019 24.9833 24.9452 9.64364 0 314.2321 226.081 -87.1064 -200.104 0 0 -0 0 0 0 -0 0 0 9.32717 0 0 
0.00267084788723021514 2.30861 0 185177 24.903 24.8653 9.50844 0 295.8061 280.864 -37.9351 84.7218 0 0 0 0 0 0 0 0 0 4.58996 0 0 
0.00267222296888878792 1.61026 0 186121 24.8636 24.8261 9.44265 0 178.3411 128.808 -87.6474 86.7853 0 0 -0 0 0 0 -0 0 0 0 0 0 
0.00267222296888878792 1.78849 0 163317 24.8582 24.8207 9.43348 0 318.1931 273.683 -115.002 -114.538 0 0 0 -0 0 0 0 -0 0 0 0 0 
0.00268032088206955578 1.20822 0 140637 24.8446 24.8072 9.41074 0 138.2941 2.24277 -39.4107 132.54 0 0 0 0 0 0 0 0 1.20821 1.20821 0 182.765 
0.00268032088206955578 2.8933 0 197303 24.8468 24.8094 9.41427 0 261.5271 -64.1849 -112.934 -226.986 0 0 0 0 0 0 0 0 0 0 0 0 
0.00271302788672391285 0.145841 0 63470 24.6264 24.59 9.05161 0 202.7731 21.4897 123.693 -159.233 0 0 0 0 0 0 0 0 6.92063 15.0331 1236.71 3406.77 
0.00271302788672391285 0.439867 0 77879 24.5368 24.5009 8.90704 0 84.79021 -9.48965 -56.0538 -62.9071 0 0 0 -0 0 0 0 -0 4.90115 20.1962 11.3165 91.3186 
0.00271302788672391285 0.864667 0 87460 24.6284 24.592 9.05492 0 255.0091 80.2306 103.094 -219.008 0 0 0 0 0 0 0 0 5.19389 15.519 43.5807 321.505 
0.00271708390330109182 0.686416 0 73656 24.4481 24.4125 8.76495 0 76.04561 6.6005 22.5421 72.3272 0 0 0 0 0 0 0 0 0 2.74475 0 0 
0.00274134567759736023 0.831275 0 144498 24.3374 24.3023 8.5897 0 322.2541 317.168 41.8317 38.7532 0 0 0 0 0 0 0 0 4.19269 14.2497 0 58.969 
0.00274134567759736023 1.43588 0 118226 24.3179 24.2829 8.55917 0 220.0691 13.5809 -120.354 183.742 0 0 0 0 0 0 0 0 0 11.3642 0 0 
0.00274134567759736023 2.10023 0 187804 24.3237 24.2887 8.56837 0 362.621 -257.963 -29.0399 -253.19 0 0 -0 0 0 0 -0 0 0 6.20012 0 0 
0.0027426477160691241 2.40265 0 165677 24.2251 24.1906 8.41486 0 128.8811 119.765 17.1448 -44.4151 0 0 0 0 0 0 0 0 2.41716 2.41716 0 0 
0.00277549903779845128 0.19947 0 235648 0.282674 17.6562 15.8893 0 01 0 0 0 0 0 0 0 0 0 0 0 0 0 0 0 
0.00280312498720362456 1.36814 0 83813 23.7236 23.6914 7.66109 0 280.7141 -238.825 138.867 -49.7921 0 0 0 0 0 0 0 0 4.1344 9.61923 0 0 
0.00280312498720362456 1.7254 0 98258 23.7794 23.7469 7.74251 0 375.0061 -338.725 160.261 -14.5396 0 0 0 0 0 0 0 0 0 8.53713 0 0 
0.00281203444646013377 0.819472 0 109592 23.684 23.6519 7.60348 0 154.4091 78.0054 -77.3906 108.481 0 0 0 0 0 0 0 0 4.06973 13.0531 0 10.9009 
0.0028144948436720431 1.16501 0 96095 23.6268 23.5949 7.52062 0 321.4251 -288.525 -135.133 -42.501 0 0 0 -0 0 0 0 -0 1.1827 3.5272 0 0 
0.00283133227590169319 0.472771 0 77061 23.5 23.4687 7.33968 0 279.2781 -129.889 -30.9406 -245.291 0 0 0 0 0 0 0 0 2.3493 8.48266 230.422 394.454 
0.00283133227590169319 0.579503 0 5708 23.4869 23.4556 7.32104 0 248.6051 -154.205 -150.226 124.327 0 -0 0 0 0 -0 0 0 4.01657 10.3003 0 79.3198 
0.00284603351769970557 1.08595 0 74516 23.4024 23.3715 7.20226 0 220.5021 -220.486 -2.61672 0.305986 0 -0 0 0 0 -0 0 0 2.17639 10.998 0 62.5448 
0.00286768067136516621 1.84046 0 190351 23.2074 23.1774 6.93296 0 78.81521 -70.4656 2.10486 -35.2421 0 0 0 -0 0 0 0 -0 0 1.90524 0 0 
0.00288852358218946075 4.04141 0 199257 23.1499 23.1201 6.85485 0 272.7311 188.087 -196.726 17.4529 0 0 -0 0 0 0 -0 0 0 3.60247 0 0 
0.00289445701873067155 0.867195 0 31525 22.9882 22.9591 6.63836 0 365.9111 -354.471 90.7829 -0.103833 0 -0 0 0 0 -0 0 0 0 2.59286 0 0 
0.00291848598721473678 0.622895 0 106367 22.8454 22.8168 6.45094 0 197.7211 -78.2171 31.89 178.77 0 0 0 0 0 0 0 0 5.60442 16.1707 0 42.9507 
0.00291848598721473678 0.844526 0 78975 22.9598 22.9308 6.60077 0 184.7221 -179.196 -43.3109 11.618 0 0 -0 0 0 0 -0 0 5.87807 17.6537 27.6057 57.861 
0.00291848598721473678 0.98644 0 159018 22.8485 22.82 6.45508 0 156.6931 -107.129 36.0391 108.523 0 0 0 0 0 0 0 0 4.90145 17.6565 102.082 102.082 
0.00291848598721473678 2.0917 0 175854 22.8738 22.8452 6.48795 0 342.531 -324.493 -103.221 -37.1013 0 0 0 -0 0 0 0 -0 6.24015 14.5024 0 0 
0.00292470530528801415 0.804055 0 153408 22.7891 22.7608 6.37806 0 198.6091 189.839 -16.5229 -55.981 0 0 -0 0 0 0 -0 0 2.37818 7.92594 0 0 
0.00295120995873003091 1.55374 0 148434 22.568 22.5406 6.09726 0 244.7691 93.3199 217.703 61.713 0 0 0 0 0 0 0 0 1.52673 3.08703 0 0 
0.00298189103490165966 0.52865 0 13000 22.4451 22.4181 5.94491 0 278.9681 -272.704 58.015 -9.48997 0 0 0 0 0 0 0 0 16.8308 28.8646 38.3196 528.524 
0.00298189103490165966 0.57556 0 45426 22.4067 22.38 5.89794 0 512.9181 11.1775 -510.538 48.0647 0 0 0 0 0 0 0 0 13.1644 28.6253 1.65728 389.266 
0.00299751562898069443 0.400137 0 5085 22.277 22.2508 5.74086 0 130.2631 100.844 50.3234 65.3173 0 0 0 0 0 0 0 0 4.77886 7.98917 0 181.165 
0.00301601448445070483 0.167581 0 1919 22.1494 22.1237 5.58914 0 220.2681 93.6462 81.4626 181.967 0 0 0 0 0 0 0 0 5.65424 9.83663 1149.56 2249.61 
0.00301601448445070483 2.14905 0 161955 22.1664 22.1406 5.60926 0 340.2961 248.561 125.857 -195.395 0 0 0 0 0 0 0 0 0 0 0 0 
0.00302100572260091509 2.04725 0 189779 22.0877 22.0622 5.51679 0 340.5791 116.34 -43.3567 -317.143 0 0 0 -0 0 0 0 -0 0 0 0 0 
0.00302727705356125362 1.62093 0 153745 22.0528 22.0275 19.6497 0 01 0 0 -0 0 0 0 -0 0 0 0 -0 0 1.62421 0 0 
0.00302727705356125362 1.73164 0 163978 22.052 22.0266 19.6489 0 01 -0 0 0 0 -0 0 0 0 -0 0 0 1.76009 3.48018 0 0 
0.0030338611875340071 1.17363 0 143717 21.9963 21.9712 19.5999 0 01 0 0 0 0 0 0 0 0 0 0 0 1.18784 2.37195 0 124.623 
0.00306415172908192481 0.31881 0 24795 1.32768 21.7869 19.4379 0 01 0 0 0 0 0 0 0 0 0 0 0 7.64373 19.5461 85.8914 476.462 
0.00306415172908192481 2.65507 0 150319 21.8709 21.8463 19.4899 0 01 0 0 0 0 0 0 0 0 0 0 0 2.80957 2.80957 0 0 
0.00308727701672846131 0.0697616 1 57626 21.7137 8.2627 7.43172 0 0 1 0.0422385 2.31125 0.930765 0 0 0 0 0 0 0 0 7.30957 14.8023 1578 3345.23 
0.00308727701672846131 0.183373 0 62404 0.143923 21.691 19.3539 0 01 0 0 0 0 0 0 0 0 0 0 0 7.30957 14.8023 1578 3345.23 
0.00308727701672846131 0.301512 0 5802 21.7804 21.7561 19.4101 0 01 -0 0 0 0 -0 0 0 0 -0 0 0 9.04097 22.3497 15.7619 658.552 
0.00308727701672846131 0.348449 0 18397 21.7831 21.7587 19.4127 0 01 0 -0 0 0 0 -0 0 0 0 -0 0 7.29314 17.7862 13.6915 482.426 
0.00308727701672846131 2.02706 0 172139 21.7289 21.7047 19.3649 0 01 0 -0 0 0 0 -0 0 0 0 -0 0 0 10.3625 0 0 
0.00308727701672846131 3.16394 0 147298 21.7574 21.7331 19.391 0 01 0 0 0 0 0 0 0 0 0 0 0 0 6.04996 0 0 
0.00309595029174230098 0.726434 0 63111 21.6082 21.5845 19.2592 0 01 0 0 -0 0 0 0 -0 0 0 0 -0 3.63481 6.53804 256.855 401.97 
0.00310354672122407178 0.748208 0 190379 21.548 21.5246 19.2056 0 01 0 0 0 0 0 0 0 0 0 0 0 2.23607 3.72972 0 37.9699 
0.00310942756449758247 0.10984 0 34929 21.5077 21.4844 19.1701 0 01 0 -0 0 0 0 -0 0 0 0 -0 0 4.15552 8.15298 213.463 1108.72 
0.00310942756449758247 1.34421 0 150526 21.52 21.4966 19.1821 0 01 0 -0 0 0 0 -0 0 0 0 -0 0 0 5.3904 0 0 
0.00313390578628080195 2.17458 0 139643 0.139551 21.6181 20.729 0 01 0 0 0 0 0 0 0 0 0 0 0 0 2.23852 0 0 
0.00313832985316415741 2.36801 0 74810 21.3199 21.2973 19.005 0 01 0 0 0 0 0 0 0 0 0 0 0 0 0 0 0 
0.00314851336864375607 0.883567 0 125439 21.3014 21.2789 18.9885 0 01 0 -0 0 0 0 -0 0 0 0 -0 0 4.38122 8.77404 0 66.4057 
0.00315635323587261374 0.326811 0 2133 21.2494 21.227 18.942 0 01 0 0 0 0 0 0 0 0 0 0 0 4.97987 10.8679 375.193 416.543 
0.00315635323587261374 0.548546 0 74169 21.2241 21.2019 18.9205 0 01 -0 0 0 0 -0 0 0 0 -0 0 0 3.85444 13.2101 0 35.3577 
0.00315882739377282068 1.12267 0 161127 21.1922 21.17 18.8925 0 01 0 0 0 0 0 0 0 0 0 0 0 0 2.21598 0 0 
0.00318180315069476307 0.969236 0 13778 21.0531 21.0314 18.769 0 01 0 0 0 0 0 0 0 0 0 0 0 0 7.674 0 0 
0.00319938658122726274 0.78834 0 61834 21.0137 20.9922 18.7348 0 01 0 0 -0 0 0 0 -0 0 0 0 -0 4.77592 18.3183 0 0 
0.00319938658122726274 0.865706 1 203034 22.6047 13.4562 10.5409 0 0 2 39.7067 -23.7797 -25.2604 0 0 0 0 0 0 0 0 6.08563 11.3084 0 109.914 
0.00320331119217887516 1.47774 0 164300 20.9292 20.908 18.6604 0 01 0 0 0 0 0 0 0 0 0 0 0 1.51672 2.99446 0 0 
0.00321478505767463238 0.888012 0 199578 20.9148 20.8937 18.6479 0 01 0 0 0 0 0 0 0 0 0 0 0 2.60898 9.60282 88.305 172.225 
0.00323018654358049042 1.51855 0 171741 20.7738 20.7531 18.5228 0 01 0 0 -0 0 0 0 -0 0 0 0 -0 1.51855 3.06644 0 37.178 
0.00325712156426262575 0.36281 0 52009 20.6358 20.6156 18.4004 0 01 0 0 0 0 0 0 0 0 0 0 0 5.48453 17.2493 271.477 630.97 
0.00326288568295892041 0.568355 0 33876 20.5916 20.5716 18.3619 0 01 0 0 0 0 0 0 0 0 0 0 0 4.62517 12.6918 127.579 253.214 
0.00330369209777578443 0.180956 0 23718 20.5115 20.4917 18.2909 0 01 -0 0 0 0 -0 0 0 0 -0 0 0 0 0 0 0 
0.00330369209777578443 0.328299 0 98571 20.554 20.5341 18.3293 0 01 0 0 0 0 0 0 0 0 0 0 0 12.2377 28.5979 817.059 1639.66 
0.00330369209777578443 0.703233 0 143635 20.4154 20.3959 18.2055 0 01 0 0 0 0 0 0 0 0 0 0 0 16.7686 37.0043 71.1681 427.183 
0.00330369209777578443 1.05466 0 82874 20.4299 20.4104 18.2195 0 01 0 0 0 0 0 0 0 0 0 0 0 7.36904 25.243 109.89 109.89 
0.00330369209777578443 1.16958 0 163707 20.5744 20.5544 18.3462 0 01 0 0 0 0 0 0 0 0 0 0 0 10.3879 23.0662 38.5042 272.128 
0.00330369209777578443 1.35756 0 148444 20.3789 20.3596 18.1743 0 01 0 0 0 0 0 0 0 0 0 0 0 6.72906 13.4594 0 0 
0.0033157972822471485 0.370418 0 29294 0.382033 20.2894 18.112 0 01 0 0 0 0 0 0 0 0 0 0 0 3.70201 10.2485 35.3194 41.3388 
0.0033157972822471485 0.595153 0 17368 20.3403 20.3211 18.1396 0 01 0 0 0 0 0 0 0 0 0 0 0 5.4975 12.7533 0 7.49447 
0.0033157972822471485 1.22458 0 151331 20.3561 20.3368 18.1535 0 01 -0 0 0 0 -0 0 0 0 -0 0 0 1.23793 8.60146 0 0 
0.00332731717354390688 0.701739 0 44830 20.2644 20.2454 18.072 0 01 0 0 -0 0 0 0 -0 0 0 0 -0 3.52845 18.3202 0 0 
0.00332731717354390688 1.08044 0 167944 20.2305 20.2117 18.0422 0 01 0 -0 0 0 0 -0 0 0 0 -0 0 4.3459 6.52944 0 0 
0.00333435131791033276 0.756554 0 88115 20.2206 20.2018 18.0339 0 01 -0 0 0 0 -0 0 0 0 -0 0 0 2.99795 4.50857 0 3.85552 
0.00334376809467955066 0.766113 0 59383 20.1415 20.1229 17.9639 0 01 0 0 -0 0 0 0 -0 0 0 0 -0 1.53655 5.44516 0 0 
0.00334376809467955066 1.24352 0 148344 20.1477 20.1292 17.9686 0 01 0 0 0 0 0 0 0 0 0 0 0 2.44553 2.44553 0 196.564 
0.00334788416775418226 1.08516 0 171146 20.1221 20.1036 17.9464 0 01 0 -0 0 0 0 -0 0 0 0 -0 0 2.17609 6.49151 0 0 
0.00338403906051406873 0.0882208 1 284675 0 21.9201 19.7281 0 0 2 -11.7617 -33.4213 -2.64533 0 0 0 -0 0 0 0 -0 6.6383 11.4455 1725.78 4087.05 
0.00338403906051406873 2.42686 0 196880 0 20.2761 19.2835 0 01 0 0 0 0 0 0 0 0 0 0 0 0 2.48775 0 0 
0.00340707481096833758 0.167219 0 7154 19.822 19.8044 17.6809 0 01 0 -0 0 0 0 -0 0 0 0 -0 0 0 0 0 0 
0.00340707481096833758 0.306405 0 1612 19.8229 19.8054 17.6819 0 01 -0 0 0 0 -0 0 0 0 -0 0 0 9.97435 22.2763 266.004 1509.68 
0.00340707481096833758 1.43489 0 173828 19.8898 19.8721 17.7412 0 01 -0 0 0 0 -0 0 0 0 -0 0 0 0 12.9858 0 0 
0.00340707481096833758 3.40655 0 185677 0 20.0594 21.226 0 01 0 0 -0 0 0 0 -0 0 0 0 -0 0 0 0 0 
0.00342814684336849784 0.105249 0 29937 19.7082 19.691 17.581 0 01 0 -0 0 0 0 -0 0 0 0 -0 0 7.09306 14.8498 1676.94 3161.73 
0.00342814684336849784 0.272199 0 53826 19.7413 19.7241 17.6091 0 01 0 0 0 0 0 0 0 0 0 0 0 8.87922 19.9221 470.917 1268.41 
0.00342814684336849784 0.944232 0 73017 19.7728 19.7554 17.637 0 01 0 -0 0 0 0 -0 0 0 0 -0 0 4.68386 16.8804 0 60.0474 
0.00345000092584149673 0.217998 0 15890 19.6421 19.6251 17.5219 0 01 -0 0 0 0 -0 0 0 0 -0 0 0 11.6611 21.4756 403.867 643.599 
0.00345000092584149673 1.16915 0 175405 19.6829 19.6658 17.5583 0 01 0 0 0 0 0 0 0 0 0 0 0 3.48887 16.2612 0 0 
0.00345000092584149673 1.24204 0 184723 19.6454 19.6284 17.5251 0 01 0 0 0 0 0 0 0 0 0 0 0 4.92038 11.0589 0 0 
0.00345000092584149673 1.31962 0 179770 19.6083 19.5915 17.4918 0 01 0 0 0 0 0 0 0 0 0 0 0 7.83673 14.3645 0 2.69385 
0.00347617814146873941 0.124577 1 205885 13.5601 14.4928 12.774 0 0 2 -5.24381 -5.78776 -4.91104 0 0 0 -0 0 0 0 -0 3.94952 7.30041 203.631 1152.74 
0.0046478937167112773 0.319863 1 201564 15.6681 10.9853 6.98755 0 0 2 -79.5504 -145.711 65.1077 0 0 0 0 0 0 0 0 6.21693 15.4361 73.7876 348.585 
