#1:time #2:r #3.binary? #4:ID #5:zams_m #6:m_progenitor #7:bh mass #8:bh_spin #9:birth-kick(km/s) #10-25:vsarray
0.00908751529187951275 0.0741887 1 119279 0 49.1394 44.2254 0 0 2 0.00881872 -0.0263436 -0.0267269 0 0 0 0 0 0 0 0 1.96319 3.32956 959.197 8908.8 
0.00931615819723982663 0.0833844 1 92882 0 44.6688 40.202 0 0 2 0.00820945 0.00223483 0.0077826 0 0 0 0 0 0 0 0 2.11605 3.55972 2182.27 7967.1 
0.00935149053712429866 0.0959516 1 64926 0 43.5169 39.1652 0 0 1 0.0219967 1.71007 -0.960493 0 0 0 0 0 0 0 0 3.33355 4.70124 1637.03 12423 
0.00938753818608547425 0.184815 1 111187 0 43.269 38.9421 0 0 1 0.27156 0.634301 -1.53825 0 0 0 0 0 0 0 0 0.959784 2.84143 536.562 1382.1 
0.00942191875040435979 0.458049 1 310399 0 44.3586 39.9227 0 0 2 0.0602302 0.0398471 0.0728221 0 0 0 0 0 0 0 0 0 0 0 0 
0.00942221452044212336 0.124076 1 254478 0 43.8541 39.4687 0 0 1 -0.209992 0.837678 0.659755 0 -0 0 0 0 -0 0 0 1.27319 3.17419 390.409 3002.79 
0.00947563172147727027 1.62782 0 178115 104.318 101.111 40.5 0 01 -0 0 0 0 -0 0 0 0 -0 0 0 0 0 0 0 
0.00965340122688536709 0.336421 1 264698 0 38.932 35.0388 0 0 1 0.259387 -0.276784 -0.332563 0 0 0 0 0 0 0 0 0.69389 1.71794 0 0 
0.00965517707933755652 0.226003 1 51333 0 40.3243 36.2919 0 0 1 -0.412943 -0.0353018 0.354189 0 0 -0 0 0 0 -0 0 0.858603 2.86629 0 0 
0.00976683442933133292 0.269547 1 360155 0 38.0534 34.2481 0 0 1 0.00559588 -0.00655782 0.0104639 0 0 0 0 0 0 0 0 0.556333 1.64767 776.739 776.739 
0.00984950147881853699 0.211175 1 136651 0 37.4948 33.7453 0 0 2 0.114607 -0.0530524 -1.18584 0 0 0 0 0 0 0 0 1.5077 3.02211 664.787 664.787 
0.0100170433879578202 0.189353 0 82542 2.27045 36.1956 32.576 0 01 -0 0 0 0 -0 0 0 0 -0 0 0 0.38136 1.31021 0 594.125 
0.0101244459453879339 0.200569 1 59411 0 33.3926 30.0533 0 0 2 -0.569412 -0.523877 -1.09383 0 0 -0 0 0 0 -0 0 0.431455 1.09156 0 545.056 
0.010139630577673012 0.177196 1 30681 0 35.4474 31.9027 0 0 1 -0.005043 0.000427343 -0.0162256 0 -0 0 0 0 -0 0 0 0.720916 1.24394 0 73.9714 
0.0102050843240517972 0.048986 1 115918 0 32.7043 29.4339 0 0 1 0.624686 -0.726718 4.24311 0 0 0 0 0 0 0 0 2.28739 3.3196 6096.68 11393.2 
0.010321901442752357 0.0713317 1 218067 0 32.6176 29.3559 0 0 1 -0.144097 0.0516912 0.95261 0 0 0 0 0 0 0 0 1.40811 2.87145 2659.56 11101.7 
0.0103812085406938728 0.14993 0 219114 0.271602 31.8371 28.6534 0 01 0 0 0 0 0 0 0 0 0 0 0 1.21243 3.33769 0 727.277 
0.0104325463036185184 0.712698 0 303345 0.222077 32.2037 28.9833 0 01 0 0 0 0 0 0 0 0 0 0 0 0 0.738726 0 0 
0.0104748432112417786 0.714043 0 237653 0.131564 31.3628 28.2266 0 01 0 0 0 0 0 0 0 0 0 0 0 0 0 0 0 
0.0105880659558451589 1.14593 0 153939 71.4512 30.5655 27.5089 0 01 0 0 0 0 0 0 0 0 0 0 0 0 0 0 0 
0.0106282039660705509 0.195681 0 114706 0.274001 30.195 27.1755 0 01 0 -0 0 0 0 -0 0 0 0 -0 0 0.543721 1.79963 0 746.299 
0.0106925846811850352 0.486432 0 174664 0.367466 28.9368 26.0431 0 01 0 0 0 0 0 0 0 0 0 0 0 0.981808 2.95472 0 0 
0.0108269760834233918 0.927027 0 196871 0.175964 28.588 25.7292 0 01 0 -0 0 0 0 -0 0 0 0 -0 0 0 1.82289 0 0 
0.0108345213378456991 0.136774 0 121014 0.119185 28.5503 25.6953 0 01 0 -0 0 0 0 -0 0 0 0 -0 0 1.86871 3.84709 919.412 3079.92 
0.0109155891685344536 0.223636 1 71530 0 27.9073 25.1165 0 0 1 -0.00237007 -0.0141769 -0.0155727 0 0 0 0 0 0 0 0 1.27371 1.90894 0 243.652 
0.0110035847005220365 0.189637 0 241714 0.0861345 27.1522 24.437 0 01 -0 0 0 0 -0 0 0 0 -0 0 0 1.26816 3.8073 596.746 790.265 
0.0110286149392430782 0.13281 0 216432 0.929717 27.0549 24.3494 0 01 -0 0 0 0 -0 0 0 0 -0 0 0 2.40871 4.26035 517.646 2421.97 
0.0111226154628036537 0.164571 1 177308 0 26.5648 23.9083 0 0 2 -0.00536379 0.000537067 -0.0101755 0 0 0 0 0 0 0 0 1.38023 2.31033 488.715 3541.51 
0.011124244768524397 0.386123 0 37142 0.175983 26.4173 23.7756 0 01 0 0 0 0 0 0 0 0 0 0 0 0 3.11836 0 0 
0.0111468100495370828 0.667872 0 166865 62.8942 26.4051 23.7646 0 01 0 -0 0 0 0 -0 0 0 0 -0 0 0.681123 0.681123 0 0 
0.0112556114611399565 0.345012 1 110778 0 25.7537 23.1783 0 0 1 -4.04501e-05 -0.000486027 -0.0132525 0 0 0 -0 0 0 0 -0 0.681544 1.68262 0 0 
0.0112572792699985984 0.185096 0 25991 0.100093 25.4196 22.8776 0 01 0 0 0 0 0 0 0 0 0 0 0 0.562931 1.48491 0 0 
0.0112637665065935567 0.359963 1 181303 0 25.6981 23.1283 0 0 2 -0.00105355 -0.00334705 0.00160932 0 -0 0 0 0 -0 0 0 0 0.372488 0 0 
0.0112863162741260997 1.22051 0 164435 61.1483 25.5598 23.0038 0 01 0 0 0 0 0 0 0 0 0 0 0 2.41342 2.41342 0 241.63 
0.0113272832329082782 0.374906 0 107024 0.169791 25.1919 22.6727 0 01 0 0 0 0 0 0 0 0 0 0 0 0.362737 0.362737 0 0 
0.0114125638027752965 0.195528 0 176147 0.285256 24.6903 22.2212 0 01 0 0 0 0 0 0 0 0 0 0 0 0.778668 3.4369 736.822 792.41 
0.0114222437242188363 0.0537437 0 184514 0.523388 24.7352 22.2617 0 01 0 0 -0 0 0 0 -0 0 0 0 -0 2.15647 3.42407 1880.24 10320.6 
0.0114964722416996176 0.35262 1 147276 0 24.3308 21.8977 0 0 2 0.000566161 -0.0182227 -0.00663715 0 0 -0 0 0 0 -0 0 0 0.335071 0 0 
0.0115858161470074206 0.247569 0 52253 0.193189 23.7342 21.3608 0 01 0 0 0 0 0 0 0 0 0 0 0 0 1.46666 0 0 
0.0116785728786251031 0.31121 0 179664 0.102411 23.3587 21.0228 0 01 0 0 0 0 0 0 0 0 0 0 0 1.53406 4.06191 0 560.188 
0.0117390594895334342 0.192012 0 134142 0.101205 23.0323 20.7291 0 01 0 0 -0 0 0 0 -0 0 0 0 -0 2.74744 4.41298 2074.35 2862.67 
0.0118250819288817661 0.308386 0 128897 0.250277 22.6188 20.357 0 01 -0 0 0 0 -0 0 0 0 -0 0 0 0 0.609709 0 0 
0.0119008603843284815 0.179147 0 10715 0.388383 22.2787 20.0508 0 01 -0 0 0 0 -0 0 0 0 -0 0 0 0.353321 1.82187 0 88.3902 
0.0119467134519899119 0.0549184 1 28748 0 22.0386 19.8348 0 0 2 0.00283504 0.00552308 0.00194059 0 0 0 0 0 0 0 0 2.17488 3.9334 3191.83 9471.3 
0.0119727700333208207 0.115462 0 6409 0.116139 21.926 19.7334 0 01 0 0 0 0 0 0 0 0 0 0 0 0.974402 3.1699 0 819.241 
0.0121335441237228978 0.214638 1 37483 0 21.2658 19.1392 0 0 1 -0.00504972 -0.0240228 -0.00395269 0 -0 0 0 0 -0 0 0 0.406196 1.06525 201.397 484.271 
0.0121374407345913333 0.319221 1 75494 0 21.2482 19.1234 0 0 1 -0.00606128 0.0177623 0.00663282 0 0 0 0 0 0 0 0 0.326777 2.24041 0 0 
0.0121577537656307241 0.186528 1 111644 0 21.1585 19.0426 0 0 2 -0.00696152 0.00458718 -0.020157 0 0 0 0 0 0 0 0 2.06411 3.94374 133.646 2553.74 
0.0121682457563375528 0.444513 0 77606 0.266398 21.1251 19.0126 0 01 0 0 0 0 0 0 0 0 0 0 0 0 1.32899 0 0 
0.0121728071322005516 0.105955 1 165646 0 21.1002 18.9902 0 0 1 -1.83253 0.576096 1.89634 0 -0 0 0 0 -0 0 0 0.851078 2.23829 1010.33 1010.33 
0.0122502062738496283 0.439581 1 154047 0 20.7932 18.7139 0 0 2 0.00221137 -0.00140001 -0.0137679 0 0 0 0 0 0 0 0 0.438334 0.873545 385.156 385.156 
0.0123787023182911609 0.0691056 0 253106 0.150759 20.3678 18.331 0 01 0 0 0 0 0 0 0 0 0 0 0 2.10911 4.09951 2944.91 6128.23 
0.0123900023686201143 0.502392 1 223642 0 22.6805 20.4125 0 0 2 0.6144 -0.160391 -0.0937807 0 0 -0 0 0 0 -0 0 0 0 0 0 
0.0125143480819672123 0.0743333 0 89578 0.0940729 19.8127 17.8314 0 01 0 -0 0 0 0 -0 0 0 0 -0 0 2.62941 3.69163 5122.75 9936.41 
0.0125394833762316731 0.225638 0 161343 0.0863665 19.7272 17.7545 0 01 0 0 0 0 0 0 0 0 0 0 0 0.424079 1.0649 218.311 218.311 
0.0125842632547221427 0.603131 1 183715 0 19.5716 17.6144 0 0 2 -0.00718126 0.00745164 0.0159179 0 0 -0 0 0 0 -0 0 0.598364 0.598364 0 0 
0.0125868224714529905 0.326627 1 54190 0 19.5609 17.6048 0 0 2 0.00170801 -0.0238553 -0.0159547 0 0 0 0 0 0 0 0 0.315054 1.63709 0 161.019 
0.0126228897530573578 0.162165 0 162029 0.3648 19.446 17.5014 0 01 -0 0 0 0 -0 0 0 0 -0 0 0 1.08793 2.88123 0 613.141 
0.012674481865146088 0.0761937 0 157557 0.242637 19.2649 17.3384 0 01 0 0 0 0 0 0 0 0 0 0 0 1.29617 2.1714 4123.26 12152.5 
0.01267975470941172 0.729845 1 288346 0 19.2908 17.3617 0 0 2 -0.00147791 -0.00470081 0.00935643 0 0 -0 0 0 0 -0 0 0 0 0 0 
0.0127272810133812215 0.0312695 1 0 0 52.3734 20.3193 0 0 1 0.0432578 3.72464 -5.02265 1 -1186.57 168.878 107.23 0 0 0 0 1.57755 2.88024 4201.46 7206.02 
0.012732700310449695 0.132484 0 62226 0.121749 19.0675 17.1607 0 01 -0 0 0 0 -0 0 0 0 -0 0 0 1.62655 3.62336 0 1632.23 
0.0128606037890460941 0.256073 1 45741 0 18.6567 16.791 0 0 1 -0.00181098 0.0166041 -0.0133524 0 0 0 0 0 0 0 0 0 1.50275 0 0 
0.0129483731400170457 0.0299808 1 55710 0 18.5651 16.7085 0 0 2 -0.00176153 -0.00115258 0.00369724 0 0 0 0 0 0 0 0 1.69139 2.61839 0 4247.61 
0.0129696112310611102 0.438926 1 177060 0 18.5569 16.7011 0 0 1 -0.0011465 -0.00240393 0.00552655 0 -0 0 0 0 -0 0 0 2.14025 2.57421 0 283.516 
0.0129762681999257192 0.46842 1 953 0 18.5374 16.6834 0 0 1 0.00436117 0.0020237 0.00571756 0 0 0 0 0 0 0 0 0 0.966872 0 0 
0.0130197882149268272 0.0476956 1 220657 0 44.2636 39.8372 0 0 2 0.00172254 0.000592613 0.00078304 0 0 0 0 0 0 0 0 2.69492 4.30775 9342.29 13758.1 
0.0130260127606156764 0.0841505 0 139943 0.121192 18.4779 16.6299 0 01 0 0 0 0 0 0 0 0 0 0 0 2.5076 4.36971 5701.9 10499.9 
0.0130619392417490373 0.130817 0 144755 0.121558 18.4127 16.5711 0 01 -0 0 0 0 -0 0 0 0 -0 0 0 0.586279 1.09591 477.547 949.688 
0.0131541778337642516 0.367205 0 194155 45.6927 18.2408 16.4161 0 01 0 0 0 0 0 0 0 0 0 0 0 0.390548 0.763064 0 460.334 
0.0131756144108871025 0.253912 0 37829 0.12074 18.2025 16.3816 0 01 0 0 0 0 0 0 0 0 0 0 0 0.237472 2.00705 113.067 113.067 
0.0131897076740557714 0.279742 0 146828 0.31523 18.1761 16.3578 0 01 -0 0 0 0 -0 0 0 0 -0 0 0 1.41405 3.36169 27.8479 179.931 
0.0132194812959674727 0.344393 1 58596 0 18.1112 16.2993 0 0 2 0.00487875 0.027357 -0.0197571 0 0 0 0 0 0 0 0 0 0 0 0 
0.0132344436197869616 0.107198 0 60170 0.522253 18.0771 16.2686 0 01 0 -0 0 0 0 -0 0 0 0 -0 0 1.22543 2.27602 0 430.867 
0.0132610038227451103 0.160362 1 293884 0 33.8968 30.5071 0 0 2 -0.00905549 -0.000667778 0.0132762 0 -0 0 0 0 -0 0 0 1.40181 2.65108 0 1167.65 
0.013283448150607639 0.211048 0 85683 0.0960028 17.9822 16.183 0 01 0 0 0 0 0 0 0 0 0 0 0 0.646866 0.861653 0 0 
0.0134271770374291746 0.0701477 1 120626 0 17.6713 15.9028 0 0 1 -0.00396137 0.0219174 0.0046727 0 0 0 0 0 0 0 0 1.26178 2.73907 1947.41 5289.94 
0.0135263640074994116 0.209377 1 35366 0 17.4844 15.7344 0 0 1 0.000814771 0.0208329 -0.01143 0 0 0 0 0 0 0 0 0.658668 1.52057 0 0 
0.0135302223413122473 0.259003 1 20900 0 17.4973 15.746 0 0 1 -1.8626 -0.812105 -0.00759817 0 0 0 -0 0 0 0 -0 0 0.497148 0 0 
0.0135734132761810723 2.00912 0 273078 0.129671 17.4055 15.6633 0 01 0 0 0 0 0 0 0 0 0 0 0 0 0 0 0 
0.0135859609526270061 0.165628 0 68583 0.214378 17.3834 15.6434 0 01 0 0 0 0 0 0 0 0 0 0 0 1.42906 4.30908 2026.77 2410.9 
0.0135883122481066081 0.277811 1 94719 0 17.3564 15.6191 0 0 2 0.0126872 0.0281976 0.00231562 0 0 0 0 0 0 0 0 0.551819 1.09108 0 0 
0.0136915445875042171 0.183421 0 131772 0.230288 17.148 15.4313 0 01 0 0 -0 0 0 0 -0 0 0 0 -0 0.716752 1.79463 1349.79 1649.28 
0.0137337125316629415 0.382248 0 170070 0.183111 17.0687 15.3598 0 01 0 0 0 0 0 0 0 0 0 0 0 0 0.375245 0 0 
0.0138244972974425392 0.408741 0 197910 42.2259 16.9056 15.2128 0 01 0 0 -0 0 0 0 -0 0 0 0 -0 0 0.407685 0 0 
0.0139738843809570738 0.256916 0 121054 41.5427 16.6153 14.9512 0 01 0 0 0 0 0 0 0 0 0 0 0 0.266424 0.532151 0 0 
0.0139752264972176146 0.116673 1 4347 0 16.6191 14.9547 0 0 1 0.00126617 -0.000789917 0.0239569 0 0 0 0 0 0 0 0 1.3993 2.98337 0 2283.43 
0.0140005166904543978 0.141312 0 239174 0.128296 16.5932 14.9313 0 01 0 0 0 0 0 0 0 0 0 0 0 0.903818 2.45886 311.595 445.388 
0.0140658959877074195 0.170252 0 78974 0.0876565 16.4847 14.8335 0 01 0 0 0 0 0 0 0 0 0 0 0 0.535083 2.13133 133.156 133.156 
0.0141371545089342982 0.682863 0 51605 0.283217 16.3296 14.6938 0 01 0 0 0 0 0 0 0 0 0 0 0 0.682686 0.682686 0 125.048 
0.0141745690891350445 0.153715 1 122995 0 16.2705 14.6406 0 0 2 -0.00350489 0.00315722 -0.0144265 0 0 0 0 0 0 0 0 1.6002 2.79652 199.147 2688.15 
0.0142256086723295851 1.84272 0 189256 40.4504 16.1774 14.5567 0 01 0 0 0 0 0 0 0 0 0 0 0 0 0 0 0 
0.0142605224765564951 0.676963 0 22499 9.02329 16.1714 14.5512 0 01 0 -0 0 0 0 -0 0 0 0 -0 0 0.682241 0.682241 129.817 129.817 
0.0143597847262929967 0.180389 1 195207 0 15.9526 14.3542 0 0 2 0.00348544 0.00471043 0.0130137 0 0 0 0 0 0 0 0 0.343417 0.707667 164.043 164.043 
0.0144244792390068564 0.558499 0 185827 39.6373 15.8477 14.2596 0 01 0 0 0 0 0 0 0 0 0 0 0 0 0 0 0 
0.0144499524376081653 0.442205 1 191234 0 15.8199 14.2346 0 0 2 0.00859746 -0.0117191 0.00568224 0 0 0 0 0 0 0 0 1.30545 2.60664 457.939 457.939 
0.0145063365852113393 0.083359 1 7823 0 15.7234 14.1476 0 0 2 -0.0141038 -0.00193829 0.0118184 0 0 0 0 0 0 0 0 1.89109 3.0651 5347.87 9576.23 
0.0145257268322979364 0.0954906 1 260618 0 15.7485 14.1702 0 0 2 0.0542697 -0.0555031 -0.0443582 0 0 0 -0 0 0 0 -0 2.31845 3.21704 6921.02 9330.42 
0.0145653942350250504 0.634888 0 36465 0.264007 15.6082 14.0438 0 01 0 0 0 0 0 0 0 0 0 0 0 0 0.615004 0 0 
0.0146507096847130341 0.131877 1 242318 0 58.6774 52.8096 0 0 2 -0.00896827 0.00554582 -0.0111618 0 -0 0 0 0 -0 0 0 0.660605 1.94609 0 950.453 
0.0146990456971650054 1.81097 0 167586 38.5806 15.4313 13.8845 0 01 0 0 0 0 0 0 0 0 0 0 0 0 0 0 0 
0.0147524587357383222 0.191254 0 79197 0.0983664 15.3219 13.7859 0 01 0 0 0 0 0 0 0 0 0 0 0 0.720466 1.10628 0 0 
0.0148652165564565324 0.128697 0 259798 0.151054 15.3035 13.7693 0 01 0 0 0 0 0 0 0 0 0 0 0 1.10061 2.8992 0 260.445 
0.0149497320999558165 0.64017 1 87721 0 15.0643 13.5539 0 0 1 -0.00261532 -0.0191528 -0.00794475 0 0 0 0 0 0 0 0 0 1.25876 0 0 
0.0149500342953303826 0.277503 1 159486 0 15.0579 13.5481 0 0 2 0.0066028 0.0108446 -0.0150407 0 0 0 -0 0 0 0 -0 0 1.03671 0 0 
0.0149805516174428555 0.229529 0 246799 0.101016 15.0504 13.5413 0 01 0 0 -0 0 0 0 -0 0 0 0 -0 0.483951 0.965288 0 0 
0.0150223451489326278 0.175944 0 264688 0.420185 36.13 32.517 0 01 0 0 0 0 0 0 0 0 0 0 0 1.11112 3.15932 0 0 
0.0150595494105520665 0.291319 1 98966 0 47.3891 42.6502 0 0 2 0.00840613 0.0513929 0.0432958 0 -0 0 0 0 -0 0 0 0.573526 0.862271 0 0 
0.0151403763013205558 2.33179 1 32995 0 14.9745 13.473 0 0 1 -0.0104561 -0.00729871 0.00498233 0 -0 0 0 0 -0 0 0 0 0 0 0 
0.0151747899933948171 0.179738 0 169315 36.9321 14.992 13.4888 0 01 0 0 0 0 0 0 0 0 0 0 0 0.742914 1.66943 0 0 
0.0152312917046388014 0.264728 1 353038 0 14.9712 13.47 0 0 2 -0.00235501 -0.00943314 -0.00571226 0 0 -0 0 0 0 -0 0 0.794743 2.38239 0 0 
0.0152380705532514527 0.266063 1 149543 0 36.6396 13.5566 0 0 2 0.00535412 -0.000501367 -0.00175139 0 0 0 0 0 0 0 0 0.812218 1.08912 0 524.325 
0.0153067335512487128 0.0677912 1 219426 0 41.4514 37.3062 0 0 1 0.609702 0.848382 -0.436267 0 0 0 0 0 0 0 0 1.54197 2.82164 3197 7397.38 
0.0153239500433606721 0.336016 0 143944 36.4785 36.3642 17.0969 0 01 0 0 0 0 0 0 0 0 0 0 0 0 0.337225 0 0 
0.0155347131750419726 0.095944 1 186579 0 35.7103 29.8689 0 0 2 -0.0156785 -0.00285679 -0.012729 0 0 0 -0 0 0 0 -0 1.54182 3.17014 2312 9104.47 
0.0155699375559957727 0.260968 1 90793 0 35.6045 29.8146 0 0 2 0.00552238 0.0181837 -0.00643641 0 0 0 0 0 0 0 0 0.756256 1.01103 0 0 
0.0155724636476578717 0.25607 0 8274 0.0982796 36.0622 22.8193 0 01 0 -0 0 0 0 -0 0 0 0 -0 0 0 0.507934 0 0 
0.015583678779815863 0.19076 0 52396 0.56667 36.0417 22.7729 0 01 0 0 0 0 0 0 0 0 0 0 0 0.882409 1.96872 0 2777.56 
0.0155978447386822174 0.122984 0 352749 0.130388 36.3478 16.2921 0 01 0 0 0 0 0 0 0 0 0 0 0 2.31038 3.44375 953.74 1960.25 
0.0157160061598771196 0.244258 1 87366 0 35.1714 29.624 0 0 2 6.85892e-05 -0.0166653 -0.0139214 0 -0 0 0 0 -0 0 0 0.688663 1.15368 0 0 
0.0157804280202685533 0.352393 0 191220 0.117038 35.4185 29.0877 0 01 0 0 0 0 0 0 0 0 0 0 0 0.709722 2.8359 0 0 
0.0158408663400632366 0.0571709 0 210194 0.120297 35.4637 16.7309 0 01 0 0 -0 0 0 0 -0 0 0 0 -0 1.70536 2.76046 4356.19 8230.61 
0.0158500173658117395 0.0917163 1 165929 0 34.7868 29.4613 0 0 1 -0.00883258 0.0102275 -0.000110273 0 -0 0 0 0 -0 0 0 1.61517 2.87391 2210.25 4769.18 
0.0158834864366571467 0.439503 0 137507 34.7929 34.6922 29.4016 0 01 0 0 0 0 0 0 0 0 0 0 0 0 0 0 0 
0.0159194051360576835 0.16236 1 269007 0 14.2703 12.2568 0 0 2 9.90876 -18.8351 -19.4948 0 0 0 -0 0 0 0 -0 0.423908 0.997456 0 270.912 
0.0159774331663079597 0.177958 1 258397 0 58.8712 52.9841 0 0 1 0.0439503 -0.628953 0.435235 0 0 0 0 0 0 0 0 0.879002 3.01637 828.433 828.433 
0.016015048295513621 0.372052 0 43247 0.140699 34.3272 29.2363 0 01 0 0 -0 0 0 0 -0 0 0 0 -0 0 0.737588 0 0 
0.0161008624036415512 0.273234 0 38744 0.155985 34.6375 15.2633 0 01 0 0 0 0 0 0 0 0 0 0 0 0.273411 0.558467 0 0 
0.0161882010919878125 0.0671971 1 24007 0 14.6287 13.0845 0 0 2 0.935148 -0.706021 0.018901 0 0 0 0 0 0 0 0 1.39998 2.61773 2187.97 4748.25 
0.0162564731741468259 0.451667 1 62469 0 14.6315 13.0908 0 0 1 -1.72239 1.43899 -2.42527 0 0 0 0 0 0 0 0 0 0.924547 0 0 
0.0163939176906026836 0.0687067 1 17420 0 33.3313 28.7849 0 0 1 0.0476508 -0.0444691 0.00299831 0 0 0 -0 0 0 0 -0 1.10844 2.18969 1923.79 4770.42 
0.0164147398965349897 0.162299 1 195542 0 33.2784 28.7543 0 0 2 -0.0136795 -0.0143248 0.00170828 0 0 0 0 0 0 0 0 0.96883 3.02945 416.68 1711.53 
0.0164532986326964004 0.309891 0 220488 0.0871053 29.0146 26.1131 0 01 0 0 -0 0 0 0 -0 0 0 0 -0 0.315181 0.627031 0 0 
0.0164572590113151729 0.207422 0 227606 0.48535 24.859 22.3731 0 01 0 0 -0 0 0 0 -0 0 0 0 -0 1.0519 2.69618 276.602 1039.93 
0.0165332217219422602 0.971218 0 27243 0.0904219 14.3815 12.5247 0 20.93771 13.6008 -8.0035 -13.7604 0 0 0 0 0 0 0 0 0 0 0 0 
0.016588915030203797 0.170424 0 140577 0.0968209 33.3497 27.4476 0 01 0 0 0 0 0 0 0 0 0 0 0 1.23428 2.74408 1073.63 1686.57 
0.0168612008310182679 0.312577 0 176355 0.0996675 32.1997 27.3675 0 4.63351 4.22863 -1.5211 -1.12884 0 0 0 0 0 0 0 0 0.628371 0.952912 0 0 
0.0168720416464022104 0.140543 1 0 0 13.2021 10.0526 0 0 1 -55.8293 21.8585 3.29055 1 44.174 364.06 -577.823 0 0 0 -0 0.656265 1.16152 851.554 1400.14 
0.0169741670682030422 0.132663 1 234088 0 35.9006 32.3105 0 0 2 -0.00934063 -0.000357769 -0.00372087 0 -0 0 0 0 -0 0 0 0.366341 0.968283 502.557 1832.82 
0.016985713717535305 0.208676 1 230673 0 13.1807 10.0125 0 0 2 9.64014 7.98682 342.288 0 0 0 0 0 0 0 0 2.72505 5.29192 467.594 859.085 
0.0170075513719819549 0.275902 0 220085 0.327217 32.8013 26.7501 0 01 0 -0 0 0 0 -0 0 0 0 -0 0 0 0.275902 0 0 
0.0170204880549163218 0.289667 0 121925 0.312929 32.3606 18.422 0 10.56441 -10.0472 0.296483 3.25133 0 0 0 0 0 0 0 0 0.288035 1.76109 0 131.718 
0.0171622083537703099 0.174155 0 139792 0.857691 32.5386 22.1279 0 0.8822881 -0.267818 -0.776922 -0.321089 0 0 0 0 0 0 0 0 1.9092 3.68378 832.262 1168.45 
0.0171663941132248962 0.593556 0 194863 31.5906 31.5136 25.3627 0 68.53491 -53.4598 7.63148 -42.2 0 0 0 -0 0 0 0 -0 0.593557 0.593557 0 0 
0.0171868718815100657 0.123853 0 109173 0.231197 31.4691 25.2248 0 35.7221 -14.958 -28.2973 15.8614 0 0 0 0 0 0 0 0 0.905067 2.63086 0 0 
0.0172208080904927112 0.11215 1 0 0 31.3951 24.9961 0 0 1 28.5589 -1.27725 -16.05 1 27.8335 -10.8231 -16.5438 0 0 -0 0 1.39724 2.14077 646.418 2392.37 
0.0173563091169464494 0.340501 1 204329 0 36.3299 17.8314 0 0 2 0.160692 0.316698 1.17545 0 0 0 0 0 0 0 0 0 0.350964 0 0 
0.0174104970425671204 0.0825959 1 0 0 31.503 24.3601 0 0 1 24.4934 54.4699 23.8068 1 28.5661 46.1898 38.4459 0 0 0 0 1.02465 2.08796 3594.03 4760.44 
0.0174665669503264627 0.245284 0 225423 0.304312 32.3494 15.7216 0 3.239721 -2.44994 -1.8387 1.05487 0 0 0 0 0 0 0 0 0.255249 1.26885 0 0 
0.0174921509094319687 0.700806 1 0 0 30.8213 23.2508 0 0 1 -54.5459 -14.8546 -44.547 1 -45.0021 -5.38681 -59.3529 0 0 0 -0 0 0.715045 0 0 
0.017494841995369638 0.0859514 1 0 0 12.3377 8.55951 0 0 1 54.8865 16.5393 5.76507 1 33.0366 -20.194 62.3507 0 0 0 0 1.00698 1.75993 0 3232.68 
0.0175118849628992795 0.236863 0 262287 0.0889397 31.8033 23.3074 0 28.63721 -28.241 4.7461 -0.0830206 0 0 0 0 0 0 0 0 0.710638 2.79288 0 0 
0.0175199945676732943 0.246256 1 0 0 31.2482 23.6665 0 0 1 -2.51828 49.1766 -36.1797 1 20.9257 39.1462 -51.2851 0 0 0 0 0 0.770198 0 0 
0.017520713024824712 0.928486 1 0 0 12.3234 8.53703 0 0 1 -28.7427 -43.5686 -2.03689 1 -541.873 309.227 -295.591 0 0 0 -0 0 0 0 0 
0.0175557039772311699 0.29428 0 177987 30.7625 30.6911 22.8648 0 49.04761 -20.382 21.3413 39.1764 0 0 0 0 0 0 0 0 0.29097 0.597387 0 249.401 
0.0175886581207716913 0.30747 1 59481 0 30.6242 22.6679 0 0 1 -18.3299 7.29065 1.80951 0 0 0 0 0 0 0 0 0 0.902316 0 0 
0.0175942209268188446 0.142296 0 276898 0.146231 32.1016 25.9513 0 7.44981 1.93993 -4.54986 5.5709 0 0 0 0 0 0 0 0 0.615622 1.22326 0 871.673 
0.0176198624400056465 0.622551 0 169885 30.6318 30.5612 22.4836 0 52.03361 43.4665 -19.9075 20.5391 0 0 0 0 0 0 0 0 0 0.622551 0 0 
0.0176427007475477397 0.171135 0 69754 0.559119 31.0312 21.7222 0 73.7631 -41.5041 12.2206 -59.7414 0 0 0 0 0 0 0 0 0.791069 2.0906 651.211 807.946 
0.0176594796990226718 0.149781 1 301574 0 23.9721 21.5749 0 0 2 -0.102248 0.474329 0.0939938 0 0 0 0 0 0 0 0 1.62632 2.59178 619.61 1850.76 
0.0176661824354574504 0.281167 1 149405 0 13.138 10.0312 0 0 2 -18.5824 22.8289 -69.1012 0 -0 0 0 0 -0 0 0 1.40253 3.0642 0 263.007 
0.0176837694042557107 1.00664 0 341367 0.256831 30.918 23.0189 0 107.6621 -8.11247 82.8165 68.314 0 0 0 0 0 0 0 0 0 0 0 0 
0.0177000595731804655 0.356058 0 26774 0.117611 30.917 21.9008 0 64.97781 57.328 -22.507 20.7134 0 0 0 0 0 0 0 0 0 0 0 0 
0.017716033292946378 0.28155 0 271487 0.13547 31.3486 24.2064 0 68.55781 3.82548 -31.7922 60.6201 0 0 0 0 0 0 0 0 0.555392 2.52315 0 1.28286 
0.0177378470930146422 0.206051 1 245103 0 14.0686 11.8101 0 0 2 6.2856 41.9189 28.7628 0 0 0 0 0 0 0 0 0.634809 1.70847 0 0 
0.0177615377727336557 0.235026 1 0 0 30.7542 22.4974 0 0 1 13.0397 -86.8997 -62.0408 1 8.30787 -78.4747 -74.8233 0 0 0 -0 0.70077 1.40053 0 69.4158 
0.0178034165673143473 0.16484 1 0 0 30.1973 21.4381 0 0 1 -30.3213 -54.5494 50.4226 1 -57.0883 -65.6302 22.2385 0 0 -0 0 1.25934 2.55398 55.0776 71.6142 
0.0178079545610286619 0.108581 0 0 0.266037 30.5736 22.7063 0 92.75711 -80.4971 -41.8 19.4125 0 0 0 0 0 0 0 0 0.345842 1.04854 0 0 
0.017876239945968566 6.72772 0 183892 30.1223 30.055 21.0379 0 139.0171 67.6363 43.3652 113.448 0 0 0 0 0 0 0 0 0 0 0 0 
0.0179232185623841474 3.58305 0 27397 0.144764 29.9646 20.786 0 135.4731 -22.0315 95.3423 -93.6872 0 0 0 0 0 0 0 0 0 0 0 0 
0.017996744136369789 0.261549 0 214485 0.136799 30.8865 27.7979 0 01 0 0 0 0 0 0 0 0 0 0 0 0.505563 1.28922 0 125.264 
0.0180186105380521315 0.889069 0 129259 0.336542 29.7838 20.288 0 93.7841 -78.9748 46.1509 20.7004 0 0 0 0 0 0 0 0 0 0 0 0 
0.0181650272843095484 0.121881 0 86949 1.02702 30.0049 20.1231 0 111.2131 71.1198 -64.7291 55.8619 0 0 0 0 0 0 0 0 1.21603 2.44252 0 1095.55 
0.0182126782197277598 0.151039 1 279279 0 24.7316 22.2585 0 0 2 -0.00142517 0.00621919 0.0136099 0 -0 0 0 0 -0 0 0 0.129617 0.930706 2255.52 2255.52 
0.0182371245570014176 0.192381 1 0 0 29.379 19.2011 0 0 1 145.725 -33.0749 135.122 1 155.248 -21.2956 127.724 0 0 0 0 0.75207 1.91056 230.365 563.593 
0.0183499341699912416 0.269726 1 239644 0 32.7481 29.4733 0 0 1 0.689178 2.18803 -2.04987 0 0 0 0 0 0 0 0 0.7986 1.32743 0 340.46 
0.0183945031428792288 0.224137 1 0 0 11.5812 7.46607 0 0 1 -153.549 146.279 41.1085 1 -369.446 162.563 -830.217 0 -0 0 0 0.21996 0.65741 0 47.2159 
0.0184134393984728695 0.876247 0 95010 0.100328 29.0631 18.379 0 74.05541 17.2569 -39.0947 60.4815 0 0 -0 0 0 0 -0 0 0 0 0 0 
0.0184249969872545549 0.120849 1 0 0 29.043 18.3274 0 0 1 149.624 0.272808 33.492 1 149.299 -12.5096 35.0302 0 0 0 0 1.45904 2.65268 0 1631.95 
0.018507808132963717 0.0918822 0 54359 0.169218 28.8975 17.9572 0 187.81 179.431 41.0092 -37.3037 0 0 0 0 0 0 0 0 0.632884 1.00931 0 5334.96 
0.0186083892252553243 0.155255 0 126118 0 28.7237 17.521 0 69.1441 -66.7125 16.7277 7.10803 0 0 0 0 0 0 0 0 0.270441 1.42094 0 0 
0.0186097053050710871 0.197057 0 179360 0.0825617 29.1711 18.1704 0 113.41 -106.227 -17.0456 -35.8451 0 0 0 0 0 0 0 0 0.602826 1.60619 0 198.082 
0.0186361908786007446 0.129896 1 235330 0 25.3374 22.8037 0 0 2 0.0198107 0.0295554 0.0128199 0 0 0 0 0 0 0 0 1.38879 2.57268 773.422 3132.67 
0.0186573028336265295 0.52698 0 29137 0.349506 28.9627 17.949 0 199.2971 -149.647 96.0669 89.98 0 0 0 0 0 0 0 0 0 0.532016 0 0 
0.0186668106365262994 0.185643 1 264298 0 32.1194 28.9075 0 0 2 -0.00532228 -0.0210874 -0.0124926 0 0 0 -0 0 0 0 -0 0.944283 1.95279 0 313.061 
0.0187506161909781026 0.2094 1 0 0 28.4832 16.9289 0 0 1 -37.2068 -187.995 71.9846 1 -92.2753 -180.924 61.6728 0 -0 0 0 0.989184 2.9806 0 9.27864 
0.018765499549093026 0.304782 0 23097 3.35075 28.9689 9.56753 0 108.3561 -103.667 -24.4398 -19.9247 0 0 0 0 0 0 0 0 0.301651 1.21033 0 193.348 
0.0187913656444953885 0.231086 1 0 0 28.4154 16.7643 0 0 1 -91.9764 -117.245 42.5012 1 -106.476 -104.814 45.3642 0 -0 0 0 1.1126 2.67129 415.942 1430.63 
0.0188021862708290591 0.177646 0 162556 0.137251 28.397 16.7197 0 100.7151 -89.8809 -42.5989 15.8202 0 -0 0 0 0 -0 0 0 0.860918 2.74418 598.113 1044.39 
0.0188370882372465021 0.180899 1 224653 0 43.9808 39.5827 0 0 1 0.108709 -1.31886 -1.45605 0 0 -0 0 0 0 -0 0 0.340816 2.26818 0 0 
0.018841215713525504 1.45245 0 193763 28.3885 28.3319 16.5629 0 116.141 -3.9651 -107.591 43.5544 0 0 0 0 0 0 0 0 0 0 0 0 
0.0188530952328467352 0.201498 1 0 0 11.24 7.03802 0 0 1 -93.7969 52.448 35.6679 1 212.714 33.8077 866.996 0 0 0 0 0.987225 1.39992 128.105 128.105 
0.0188712456886974723 0.17212 0 185355 1.79732 28.2824 16.4442 0 170.4261 -166.679 2.28167 -35.4683 0 0 0 0 0 0 0 0 1.01543 2.88653 0 294.186 
0.0188914663657871358 0.2179 0 106288 0.0843746 28.2495 16.3657 0 136.3651 -128.499 -26.5551 37.123 0 0 0 0 0 0 0 0 0.916775 1.59183 0 0 
0.0190709507238089014 2.41106 0 41160 28.0132 27.9588 15.682 0 155.7881 13.5218 20.4239 153.851 0 0 0 0 0 0 0 0 0 0 0 0 
0.0190827188265138385 0.363182 0 73589 0.099228 27.9404 15.6394 0 92.77021 22.2273 -83.3996 34.0113 0 0 0 0 0 0 0 0 0 0.726173 0 0 
0.0191002444817481021 0.181158 0 185527 27.9668 27.9127 15.5752 0 86.02421 81.0348 -13.5613 -25.4872 0 0 0 0 0 0 0 0 1.39468 2.78911 0 1085.15 
0.0191404657218866119 0.356372 0 6219 0.201384 28.3485 10.4533 0 77.33761 -49.2037 -57.7923 14.8373 0 0 0 0 0 0 0 0 0 1.42032 0 0 
0.0191600363664114377 0.132344 0 86890 0.0830332 27.818 15.3574 0 212.3621 -189.142 82.5915 50.0174 0 0 0 0 0 0 0 0 0.412763 1.48233 1265.71 2876.03 
0.0192432424892045664 1.92802 0 132710 27.7405 27.6877 15.061 0 79.17241 68.5975 -29.1772 -26.6711 0 0 0 0 0 0 0 0 0 1.97093 0 0 
0.0193252451778970664 1.21276 0 166801 27.6131 27.5611 14.7763 0 262.5161 200.359 -64.8732 -156.724 0 0 0 0 0 0 0 0 0 0 0 0 
0.019372890316647351 0.117128 1 0 0 27.4879 14.6135 0 0 1 48.3303 197.331 85.558 1 100.648 184.204 86.1787 0 0 0 0 1.23512 1.5313 0 8013.51 
0.0193883310488239154 0.437969 1 256073 0 17.5451 15.7891 0 0 2 0.00674527 -0.00679727 -0.0179564 0 0 0 0 0 0 0 0 0.874667 2.21129 0 225.589 
0.019445765296705584 0.793371 0 129927 27.4288 27.3778 14.3704 0 223.4291 158.614 63.7898 -143.849 0 0 0 0 0 0 0 0 0.806325 2.40602 0 0 
0.0194718823001792558 0.793036 0 18064 1.90187 27.5367 14.6526 0 257.7951 245.512 -54.3301 56.8362 0 0 0 0 0 0 0 0 0 0 0 0 
0.0195046952086415509 0.243174 1 0 0 27.2887 14.1757 0 0 1 208.139 -15.014 -25.7151 1 203.106 -33.2274 -55.0698 0 0 0 -0 0.251805 1.73846 0 246.233 
0.0196597304732024393 0.331944 0 254128 0.154429 27.4134 14.2856 0 72.52971 70.9383 5.17646 14.1956 0 0 0 0 0 0 0 0 0.331944 0.331944 0 0 
0.0196926149174627488 0.202885 0 246543 0.130684 18.1899 16.3703 0 01 0 0 0 0 0 0 0 0 0 0 0 1.40753 2.39052 467.42 467.42 
0.0197169086948881002 0.298134 0 212754 0.224002 27.8747 14.5073 0 269.5711 255.376 49.1274 70.9789 0 0 0 0 0 0 0 0 0 1.73937 0 0 
0.0197270531375659357 0.520268 0 257094 0.107796 19.4694 17.5224 0 01 0 0 0 0 0 0 0 0 0 0 0 1.0287 1.0287 0 2.3797 
0.0198919763619656749 0.594328 0 185079 0.140172 11.6889 7.80495 0 46.39161 18.1754 34.3785 25.2975 0 0 0 0 0 0 0 0 0.58871 1.16536 0 0 
0.0199470021778782071 0.168157 1 271876 0 39.0497 35.1447 0 0 2 0.0201201 0.00553565 0.00112952 0 0 0 0 0 0 0 0 0.927761 1.9706 0 669.337 
0.0202120103613019388 0.22669 0 125335 0.30202 26.282 12.0913 0 233.521 -215.906 41.7886 -78.5477 0 0 0 0 0 0 0 0 1.42942 2.58394 0 576.137 
0.0202760747194590321 0.395683 1 0 0 28.4023 16.7328 0 0 1 -47.6143 -157.877 168.035 1 -53.5531 -171.097 153.916 0 0 -0 0 0 0.816596 0 0 
0.0203001174578686522 0.408762 0 8327 0.0856707 26.1634 11.8597 0 186.8331 -166.713 -16.8375 82.6443 0 0 -0 0 0 0 -0 0 0.812735 1.61584 0 0 
0.02031497202905495 0.390955 0 18681 0.104899 26.5783 12.4004 0 232.9351 228.272 -27.2518 -37.5218 0 0 -0 0 0 0 -0 0 0 2.29381 0 0 
0.0203198354235746489 0.0756501 1 0 0 26.1376 11.8095 0 0 1 -164.081 93.4089 94.0245 1 -158.092 84.6147 113.149 0 0 0 0 0.983728 1.88076 3657.17 5257.37 
0.0203785591957471972 0.095012 0 145174 0.256516 26.4685 12.2104 0 277.1431 241.112 99.3978 -93.7719 0 0 0 0 0 0 0 0 1.02701 2.15841 1073.45 4221.57 
0.0203996349917313566 0.389574 0 171637 26.0749 26.0312 11.6046 0 167.2161 162.827 -30.9059 22.2132 0 0 0 0 0 0 0 0 0.383282 1.14031 0 1.3774 
0.0204040837110120096 0.587274 0 158284 0.182823 26.0256 11.5939 0 179.0321 -120.84 100.497 85.7341 0 -0 0 0 0 -0 0 0 0.607748 0.607748 0 1.46435 
0.0204150629280707013 0.213984 0 170681 0.103762 26.4695 12.0728 0 200.7641 93.5781 -124.787 -126.402 0 0 0 0 0 0 0 0 2.07388 3.31645 0 1228.21 
0.0204329233588439046 0.309905 0 131510 0.084036 25.9876 11.5213 0 102.7121 -101.277 -7.65754 -15.3027 0 0 0 -0 0 0 0 -0 0.29684 1.48388 0 0 
0.0205911679851012025 0.131365 1 0 0 25.7816 11.1328 0 0 1 -12.3947 39.9976 91.367 1 -33.927 50.5766 83.7814 0 -0 0 0 0.698308 1.15182 1140.19 1208.54 
0.0205962911211726024 0.0683713 0 149828 0.324119 25.775 11.1205 0 238.4911 -236.875 -27.303 4.73882 0 0 -0 0 0 0 -0 0 0.778963 1.2821 546.277 2403.36 
0.0206739882760125122 0.771227 0 77143 25.7174 25.6755 10.9361 0 329.5971 273.529 -156.722 96.1993 0 0 0 0 0 0 0 0 0 1.55673 0 0 
0.0207447359201109217 0.176898 0 166175 0.17996 25.5861 10.772 0 115.121 -17.037 50.5732 102.003 0 -0 0 0 0 -0 0 0 0.554651 0.915285 0 0 
0.0208885431853509038 0.824983 0 126498 25.4469 25.4064 10.447 0 265.4841 214.453 83.6895 -132.242 0 0 0 0 0 0 0 0 0 0 0 0 
0.0210065441854579808 0.223027 0 229673 0.449021 26.1536 11.3029 0 245.7981 -37.1437 104.562 -219.325 0 0 0 0 0 0 0 0 1.47812 2.5201 0 0 
0.0210207999772476992 0.146379 0 112460 0.0854002 25.6758 10.6539 0 105.1611 86.3361 52.7849 28.6123 0 0 0 0 0 0 0 0 0.744102 1.66037 601.63 2616.21 
0.0211293072268875989 1.41797 0 190546 25.1519 25.1128 9.92993 0 384.8311 -350.378 156.136 30.8401 0 0 0 0 0 0 0 0 0 1.36617 0 0 
0.0212705934078461431 0.291375 0 165019 24.9833 24.945 9.64183 0 191.9091 -97.3272 -84.4471 142.215 0 0 0 0 0 0 0 0 0 0.846311 0 0 
0.0213183209002183009 0.294438 0 81629 0.0953492 24.8891 9.54713 0 49.41611 -48.4325 9.20294 3.39764 0 0 0 0 0 0 0 0 0.288486 2.55471 0 0 
0.0213387245161029554 0.635265 0 185177 0.116577 24.8651 9.50661 0 207.4051 38.4507 -203.783 -3.31266 0 0 0 -0 0 0 0 -0 0 1.26895 0 0 
0.02137221668976131 0.241868 0 186121 0.271854 24.8259 9.44069 0 160.4911 108.544 -0.937429 -118.215 0 0 0 0 0 0 0 0 0.249361 1.67504 0 0 
0.0213770149947295936 1.7965 0 163317 24.8582 24.8205 9.43167 0 303.6631 302.245 27.4077 -10.3998 0 0 0 0 0 0 0 0 0 0 0 0 
0.0213865215037600739 1.97136 0 197303 24.8468 24.8092 9.41271 0 195.571 -195.149 -12.8005 -0.782791 0 0 0 0 0 0 0 0 0 0 0 0 
0.0213884388063005741 4.44483 0 140637 24.8446 24.807 9.40901 0 162.3841 141.718 -6.91647 -78.9733 0 0 0 0 0 0 0 0 0 0 0 0 
0.0215761402778049498 0.779113 0 87460 24.6284 24.5918 9.05335 0 421.2011 -205.828 -227.907 -288.277 0 -0 0 0 0 -0 0 0 0 0.779114 0 0 
0.02161933872123541 0.157253 0 225067 0.7177 28.7836 25.9052 0 01 0 0 0 0 0 0 0 0 0 0 0 1.01351 1.90632 1825.04 3367.68 
0.0216569381092811195 0.251739 1 0 0 24.5007 8.90541 0 0 1 -243.828 115.142 -49.0151 1 -234.748 134.516 -48.6027 0 0 0 0 1.59228 2.3732 86.7475 148.517 
0.0216823408509080433 0.134339 0 63470 0.145824 24.8863 9.38811 0 197.6191 -97.8404 168.869 -31.0456 0 0 0 -0 0 0 0 -0 0.168276 1.02712 0 360.344 
0.0218478733972291249 0.295671 0 187804 24.3237 24.2885 8.56704 0 267.9311 -262.29 19.1146 -51.2404 0 -0 0 0 0 -0 0 0 0.283327 0.8633 0 0 
0.0218529736857993838 0.987818 0 118226 24.3179 24.2827 8.55796 0 340.911 318.967 -81.0617 -88.9302 0 0 0 -0 0 0 0 -0 1.00165 1.00165 0 0 
0.0219377299893070352 0.41707 0 165677 24.2251 24.1904 8.41353 0 325.7561 -291.166 126.805 -72.5237 0 -0 0 0 0 -0 0 0 0.833244 1.6482 0 0 
0.021965635216304083 0.378461 0 354498 0.314683 24.7016 9.18504 0 449.6681 -418.054 -72.969 -148.687 0 0 0 0 0 0 0 0 0.75673 1.50295 0 0 
0.0219917306016064983 0.464926 1 257815 0 26.8787 24.1908 0 0 2 0.0493406 -0.556979 0.355948 0 0 0 0 0 0 0 0 0.464926 0.464926 0 0 
0.0224106528713673286 0.305 1 0 0 23.6912 7.65997 0 0 1 157.973 49.9187 -23.9669 1 161.575 62.6485 26.9946 0 0 0 0 0.92357 2.4624 314.91 561.029 
0.0224491992899855664 0.20514 0 109592 1.75487 23.6517 7.60239 0 186.9731 -29.1087 92.0496 -160.12 0 0 0 0 0 0 0 0 0.213674 1.93434 0 0 
0.0224739546730862473 0.429291 0 98258 0 24.06 8.05481 0 260.3481 -190.035 129.063 -122.517 0 0 0 0 0 0 0 0 0.443765 1.30244 0 0 
0.0226437628785317764 0.309034 0 5708 0.848602 23.4555 7.32022 0 360.5651 244.562 -46.0858 260.907 0 0 0 0 0 0 0 0 1.51313 2.75447 0 779.505 
0.0227277173693494414 0.277185 0 74516 0.0982023 23.3714 6.46695 0 186.5591 -77.4786 155.108 -68.8669 0 0 0 -0 0 0 0 -0 0 0.861812 0 0 
0.0227477156716565584 0.190218 1 305703 0 24.7516 22.2765 0 0 1 -0.012811 0.294207 -0.199408 0 0 0 0 0 0 0 0 0.55218 1.48563 0 0 
0.0227513696729295598 0.526317 0 77061 0.0976825 23.7857 7.60674 0 422.0661 421.356 21.9043 10.9231 0 0 0 0 0 0 0 0 0.52195 0.52195 0 0 
0.0228323362938370397 0.287926 1 11665 0 47.3993 42.6594 0 0 1 0.00177097 -0.000976313 0.0132437 0 0 -0 0 0 0 -0 0 1.17298 2.05758 0 0 
0.0228372846103234058 0.293827 1 251348 0 18.1279 16.3143 0 0 2 0.00820987 -0.00946251 0.00645922 0 0 0 0 0 0 0 0 1.42469 2.85757 0 146.845 
0.0228697561193463537 0.266188 1 243466 0 20.642 18.5778 0 0 2 0.0043346 0.00451022 0.00582298 0 0 0 0 0 0 0 0 0.783445 2.3864 0 0 
0.0229921463828164051 0.111249 1 280798 0 15.5187 13.9632 0 0 2 -0.000568748 0.0118602 -0.0121728 0 0 0 0 0 0 0 0 0.949363 1.44826 2262.97 4915.73 
0.0231843800661136745 0.0588639 0 78975 1.176 22.9306 6.60021 0 81.52851 -77.5829 -10.9702 22.5267 0 0 0 0 0 0 0 0 0.733953 1.49159 0 1105.21 
0.0232758275033900196 0.153129 0 175854 0.0960406 22.8451 6.4875 0 300.7261 -63.3765 -229.544 -183.654 0 0 0 -0 0 0 0 -0 0.45902 1.55967 1692.18 1693.3 
0.0232758275033900196 0.466983 0 31525 0.75657 23.2689 6.97135 0 297.5961 -258.206 -18.9021 146.749 0 0 0 0 0 0 0 0 0 0.46533 0 0 
0.0233035057421018474 0.195199 0 159018 0.133247 22.8198 6.45456 0 402.2741 -401.842 -18.0923 -4.51201 0 0 -0 0 0 0 -0 0 1.32563 3.53535 0 2203.22 
0.0233066299891863289 0.802751 0 106367 22.8454 22.8167 6.45043 0 290.7811 278.025 -46.1013 71.624 0 0 0 0 0 0 0 0 0 0 0 0 
0.023367077792786517 1.61661 0 153408 22.7891 22.7607 6.37766 0 339.3951 -328.179 46.7654 -72.8037 0 0 0 0 0 0 0 0 0 0 0 0 
0.0236088404081706039 0.158664 0 148434 22.568 22.5404 6.09695 0 567.3281 -32.9568 217.187 -523.073 0 0 0 0 0 0 0 0 0.495809 1.43341 0 853.716 
0.0236893056871869991 0.188785 0 256004 0.177358 19.3433 17.409 0 01 -0 0 0 0 -0 0 0 0 -0 0 0 1.31172 3.80921 0 1986.34 
0.0237461844794689091 0.20621 0 13000 0.260813 22.418 5.94463 0 199.9151 -191.402 -29.1415 -49.8215 0 0 0 0 0 0 0 0 0.777896 1.53995 0 276.561 
0.0237841972285914374 0.351605 1 243105 0 27.728 24.9552 0 0 1 0.14 -0.38134 -0.291629 0 0 0 0 0 0 0 0 0 0.347185 0 0 
0.0237893908086705824 0.236431 0 45426 0.0815615 22.3799 5.89767 0 559.0031 142.274 283.559 460.257 0 0 0 0 0 0 0 0 0.486477 1.47045 0 0 
0.0239374438911110106 0.175081 0 5085 0 22.2507 5.74065 0 98.54961 -43.321 58.6564 -66.2928 0 0 0 0 0 0 0 0 0.547526 2.05073 972.563 972.563 
0.0240652445783159467 0.34616 0 161955 22.1664 22.1405 5.60907 0 436.0831 -241.948 241.414 -270.829 0 0 0 -0 0 0 0 -0 1.0766 3.56546 0 209.513 
0.0240849949144440814 0.55927 0 1919 0.163492 22.1235 5.58895 0 36.89521 -9.83677 27.6133 -22.4054 0 0 0 0 0 0 0 0 0 0.55927 0 0 
0.0241571629536921212 1.67152 0 189779 22.0877 22.0621 5.51665 0 440.6711 99.3728 -335.607 267.739 0 0 0 0 0 0 0 0 1.67152 1.67152 0 0 
0.0241985705928508751 0.215106 1 153745 0 22.0274 19.6456 0 0 2 0.00154169 -0.00378121 -0.000971418 0 0 -0 0 0 0 -0 0 0.441371 1.33525 0 0 
0.0241993127261725463 0.664493 0 163978 22.052 22.0265 19.6449 0 01 -0 0 0 0 -0 0 0 0 -0 0 0 0 0 0 0 
0.024248866429099819 0.162885 0 351955 0.135665 17.4932 15.7423 0 01 0 0 -0 0 0 0 -0 0 0 0 -0 0.900422 2.33909 0 1516.14 
0.0242654546210665512 0.638804 0 143717 0.658678 21.9711 19.5959 0 01 0 0 0 0 0 0 0 0 0 0 0 0 0 0 0 
0.0244150629986974316 0.966124 1 150319 0 21.8462 19.4856 0 0 2 -0.0118828 -0.0133357 -0.0175019 0 0 0 -0 0 0 0 -0 0 0 0 0 
0.0244764448025383934 0.192548 1 235611 0 22.3951 20.1556 0 0 2 0.00670985 0.00951242 0.021283 0 0 0 0 0 0 0 0 1.11595 3.02052 162.935 1457.1 
0.0244872345993964735 3.62015 0 24795 21.8114 21.7868 19.4332 0 01 0 0 0 0 0 0 0 0 0 0 0 0 0 0 0 
0.0245220303516250591 0.220526 0 18397 0.179207 21.7586 12.9738 0 01 -0 0 0 0 -0 0 0 0 -0 0 0 1.28656 1.95875 0 525.623 
0.0245533565252191964 3.08676 0 147298 21.7574 21.733 19.3856 0 01 0 0 0 0 0 0 0 0 0 0 0 3.08676 3.08676 0 0 
0.0245645975915667059 0.283691 1 57626 0 8.3463 7.51167 0 0 1 -9.16896 25.763 -39.3048 0 0 0 0 0 0 0 0 0 0.867048 0 0 
0.0245731716203907991 0.144113 1 162583 0 14.9371 13.4393 0 0 2 -0.00444601 0.0117438 -0.028715 0 -0 0 0 0 -0 0 0 0.160237 1.06464 488.254 488.254 
0.0245882093961015437 2.33879 0 172139 21.7289 21.7047 19.3606 0 01 0 0 0 0 0 0 0 0 0 0 0 0 0 0 0 
0.0246358282352690632 0.298593 0 139643 0.219587 24.8885 9.54612 0 369.3491 -200.837 285.351 121.07 0 0 0 0 0 0 0 0 0.872278 0.872278 0 88.7899 
0.0247376330689919946 0.0764985 0 63111 1.00593 21.5844 19.2543 0 01 0 0 -0 0 0 0 -0 0 0 0 -0 1.26861 2.51585 4129.36 5789.63 
0.0248485811664660057 0.451647 0 150526 21.52 21.4966 19.1766 0 01 0 0 0 0 0 0 0 0 0 0 0 1.38444 1.38444 0 0 
0.024863660542886315 0.22531 0 34929 0.408635 21.4843 19.1657 0 01 0 -0 0 0 0 -0 0 0 0 -0 0 1.10119 2.61229 0 758.269 
0.0248704314284291031 0.189532 0 232026 0.0862253 22.3171 5.76542 0 560.1211 539.898 -141.536 -47.0412 0 0 0 0 0 0 0 0 0.593579 1.18018 0 488.948 
0.0249397883529785813 0.184762 0 190379 0.326758 21.8225 18.7474 0 01 0 -0 0 0 0 -0 0 0 0 -0 0 0.565931 0.76322 0 1268.88 
0.0251033319759542545 0.473852 0 74810 21.3199 21.2972 19.0001 0 01 0 0 0 0 0 0 0 0 0 0 0 0.485128 1.44559 0 0 
0.0251348391537867775 0.357253 1 265583 0 16.376 14.7356 0 0 2 -0.0057271 -0.00823511 0.0206964 0 0 0 0 0 0 0 0 0.346894 0.346894 93.0106 93.0106 
0.0251866266023391822 0.349916 1 215284 0 16.2332 14.6069 0 0 2 0.00989193 0.0094433 0.000473349 0 0 0 0 0 0 0 0 0.711548 2.49152 0 0 
0.0252278062031662288 0.26382 0 74169 21.2241 21.2018 18.9157 0 01 0 0 0 0 0 0 0 0 0 0 0 1.33328 2.15977 0 219.071 
0.0252697149497425923 1.48128 0 161127 21.1922 21.1699 18.8875 0 01 -0 0 0 0 -0 0 0 0 -0 0 0 0 0 0 0 
0.0253192730084904026 0.303238 0 2133 0.325918 21.5157 18.4776 0 01 -0 0 0 0 -0 0 0 0 -0 0 0 0 0.309033 0 0 
0.0254544257202087322 0.559213 1 13778 0 21.0313 18.7647 0 0 1 0.0457028 -0.00348556 0.0340702 0 0 0 0 0 0 0 0 0 1.09777 0 0 
0.0255071419259404256 0.573163 0 61834 0.404818 20.9921 18.73 0 01 0 0 0 0 0 0 0 0 0 0 0 0 1.15697 0 0 
0.0255312675901626235 0.416942 1 281670 0 34.6004 29.3768 0 0 2 -0.00268871 -0.00405749 0.011879 0 0 0 0 0 0 0 0 0.82469 1.6517 0 88.2127 
0.0256173896172147905 0.146008 1 229900 0 54.6958 49.2263 0 0 2 0.000165758 -0.00418533 -0.00797811 0 0 0 0 0 0 0 0 0.331982 1.10134 0 1265.68 
0.0256208779376184449 0.218904 1 216025 0 16.2852 14.6538 0 0 2 -0.00628769 0.0336289 -0.0136732 0 0 0 -0 0 0 0 -0 0.640593 1.06195 0 562.523 
0.0256213638587360626 0.726312 0 164300 0.10443 20.9079 18.6554 0 01 0 0 0 0 0 0 0 0 0 0 0 0 0 0 0 
0.0256407970323340902 0.198693 0 199578 0.401026 20.8935 18.6426 0 01 0 0 0 0 0 0 0 0 0 0 0 0.744658 2.27143 1346.27 1916.46 
0.0257163194516201836 0.209085 1 267888 0 20.6944 18.6249 0 0 2 -0.0124502 0.000409758 -0.0269291 0 0 0 0 0 0 0 0 0.217184 0.664875 48.9881 48.9881 
0.0258345255174382456 0.434354 0 171741 0.135672 20.753 18.5181 0 01 0 0 0 0 0 0 0 0 0 0 0 0 0.878788 0 0 
0.0260135497169830046 0.375277 0 217603 0.273456 20.729 18.6561 0 01 0 0 0 0 0 0 0 0 0 0 0 0 1.8633 0 0 
0.0260275550805080247 0.610094 0 52009 0.164732 20.6155 18.3962 0 01 0 0 0 0 0 0 0 0 0 0 0 0.610163 1.22255 0 0 
0.026090122537280297 0.436285 1 33876 0 20.5715 18.3572 0 0 1 0.000610771 0.0183768 -0.0150081 0 0 0 -0 0 0 0 -0 0 0.450704 0 0 
0.0261666166550932992 0.23416 0 228517 0.17744 31.4255 14.5712 0 18.83381 -16.1202 -7.21759 6.53894 0 -0 0 0 0 -0 0 0 0.961636 2.38544 0 44.3103 
0.0262048973236064901 10.2282 0 23718 20.5115 20.4916 18.2863 0 01 0 0 0 0 0 0 0 0 0 0 0 0 0 0 0 
0.0262285624831370655 0.590729 1 5802 0 8.29228 7.45829 0 0 1 0.674884 -3.58371 2.32969 0 0 0 0 0 0 0 0 1.15881 2.32073 0 0 
0.0263439102692359199 0.624534 1 143635 0 20.3958 18.2013 0 0 1 -0.0253981 0.00219901 -0.00555202 0 0 0 0 0 0 0 0 0 1.89182 0 0 
0.0263967522420438909 0.536829 0 148444 0.294076 20.3595 18.1691 0 01 0 0 0 0 0 0 0 0 0 0 0 0 0.543643 0 0 
0.026453138622731992 0.467699 0 17368 0.0995218 20.321 18.1349 0 01 0 0 0 0 0 0 0 0 0 0 0 0 0.452984 0 0 
0.0264835541735046268 4.86623 0 196880 1.39531 23.2727 7.06381 0 184.9981 178.421 45.032 -19.0331 0 0 0 0 0 0 0 0 0 0 0 0 
0.0265000093498169997 1.09115 0 29294 1.22987 20.2894 18.1068 0 01 0 0 0 0 0 0 0 0 0 0 0 0 0 0 0 
0.0265526968378078064 0.323361 0 151331 0.790886 20.608 17.8209 0 01 0 0 0 0 0 0 0 0 0 0 0 0.312875 0.628706 0 0 
0.0265652608951628365 0.346549 1 44830 0 20.2453 18.0677 0 0 1 -0.0085522 0.0242143 0.00642087 0 0 0 -0 0 0 0 -0 0 0 0 0 
0.0266155652665357872 0.760197 0 167944 20.2305 20.2116 18.0378 0 01 0 0 -0 0 0 0 -0 0 0 0 -0 0 0.766576 0 0 
0.0266303268556481523 0.327759 0 88115 0.170255 20.2017 18.029 0 01 0 0 0 0 0 0 0 0 0 0 0 0.345918 0.673677 0 0 
0.0266512312063869883 0.131054 1 218278 0 34.2298 30.8068 0 0 2 0.198496 0.477843 0.35518 0 0 0 0 0 0 0 0 0.377068 0.7414 0 1640.28 
0.0267395325961053976 0.220957 0 148344 20.1477 20.1291 17.9646 0 01 0 0 0 0 0 0 0 0 0 0 0 0 0.450998 0 0 
0.0267491431718632801 1.09679 0 59383 20.1415 20.1228 17.959 0 01 0 0 0 0 0 0 0 0 0 0 0 1.12075 1.12075 0 0 
0.026778324552486809 0.221579 0 171146 20.1221 20.1035 17.9419 0 01 0 -0 0 0 0 -0 0 0 0 -0 0 2.60899 4.35219 178.48 178.48 
0.0268442710994598738 0.21948 0 125439 3.35646 8.28779 7.45425 0 01 0 0 0 0 0 0 0 0 0 0 0 0.217826 0.891823 0 0 
0.0269870585568996145 0.144096 1 86796 0 36.9649 33.2684 0 0 2 0.00590192 -0.00219928 -0.000800526 0 0 0 0 0 0 0 0 0.151805 1.51287 0 0 
0.0271344764061765033 0.717464 0 173828 19.8898 19.872 17.7366 0 01 0 0 -0 0 0 0 -0 0 0 0 -0 0 0 0 0 
0.0271452604087343598 0.247144 1 88733 0 56.3309 50.6978 0 0 1 0.573232 0.220578 0.529958 0 0 0 0 0 0 0 0 0 0.487621 0 0 
0.0272391428198542236 0.385519 0 1612 19.8229 19.8054 17.6775 0 01 0 0 0 0 0 0 0 0 0 0 0 0 0.763074 0 0 
0.0272411607425629559 0.273846 0 7154 0.185489 19.8044 17.6766 0 01 0 0 0 0 0 0 0 0 0 0 0 1.91727 2.7303 0 0 
0.0273182245546420184 0.321941 0 73017 0.271108 19.7553 17.6331 0 01 0 0 0 0 0 0 0 0 0 0 0 0.326133 1.60204 0 0 
0.0273685422502682532 0.369786 0 53826 19.7413 19.724 17.6053 0 01 0 0 0 0 0 0 0 0 0 0 0 0 0.716636 0 0 
0.0273845681672627746 0.165643 0 144527 0 36.152 13.3781 0 01 0 0 0 0 0 0 0 0 0 0 0 0.934225 2.51879 0 678.877 
0.0274212000895042857 55.6886 1 29937 0 19.6909 17.5759 0 0 1 0.033697 0.027663 -0.0741378 0 0 0 -0 0 0 0 -0 0 0 0 0 
0.0274260692502607054 0.128905 1 160487 0 48.8443 43.9599 0 0 1 -0.00243309 0.00422867 0.00444675 0 0 0 0 0 0 0 0 0 0 0 0 
0.0274617869368942898 1.05541 0 175405 19.6829 19.6658 17.5536 0 01 0 0 0 0 0 0 0 0 0 0 0 0 1.05716 0 0 
0.027522329837466851 0.212986 0 184723 19.6454 19.6284 17.5204 0 01 0 0 0 0 0 0 0 0 0 0 0 0.474143 2.7601 0 84.7186 
0.0275274305317535703 0.354721 0 15890 0.179375 19.625 17.5175 0 01 0 0 0 0 0 0 0 0 0 0 0 0.690441 1.72615 0 0 
0.0275823365607054741 0.593616 0 179770 19.6083 19.5914 17.4876 0 01 -0 0 0 0 -0 0 0 0 -0 0 0 0 1.19636 0 0 
0.028198616946586659 0.108447 0 218133 0.0854698 26.146 23.5314 0 01 0 0 0 0 0 0 0 0 0 0 0 0.310248 1.47081 870.214 870.214 
0.0282619638363954782 0.445333 1 223116 0 20.9326 18.8394 0 0 2 0.00599411 -0.0112245 -0.00253984 0 0 -0 0 0 0 -0 0 0.441132 1.30675 0 93.7906 
0.0284345370598548877 0.279244 1 268537 0 14.5694 12.9482 0 0 2 1.00344 -1.09122 -4.48946 0 0 -0 0 0 0 -0 0 1.15298 2.26842 0 194.552 
0.0293135531307605786 0.0405344 1 210533 0 82.6369 74.3732 0 0 2 0.00146185 0.00803267 0.00321609 0 0 0 0 0 0 0 0 1.55963 2.84491 2301.66 3723.72 
0.0294157808763429694 0.148659 1 231980 0 35.7548 32.1793 0 0 2 0.00253651 -0.00279875 0.0103073 0 0 0 0 0 0 0 0 0.989658 2.72138 629.514 908.952 
0.031262925136263206 0.122892 1 263507 0 26.7331 24.0598 0 0 1 -0.0204209 0.302169 0.549855 0 0 0 0 0 0 0 0 1.97542 4.52577 325.738 866.185 
0.0315315610428284626 0.766385 0 291543 0.46688 27.9495 15.6606 0 352.8031 -74.4364 230.343 -256.654 0 0 0 -0 0 0 0 -0 0 0 0 0 
0.0316711485057445605 0.146326 1 13695 0 52.0108 46.8098 0 0 1 -0.022999 -0.0341465 -0.0258617 0 0 0 0 0 0 0 0 0 1.59426 0 0 
0.0319197357041454757 0.141781 1 215270 0 31.6079 28.4471 0 0 2 0.0157368 -0.0153404 0.0105588 0 0 -0 0 0 0 -0 0 1.07415 2.43686 0 190.964 
0.0357501351151876742 0.125727 0 249421 0.277741 26.9549 13.5667 0 329.4751 -218.46 203.116 139.903 0 0 0 0 0 0 0 0 0 0 0 0 
0.0371031124512311086 0.352879 1 255999 0 15.5554 13.9963 0 0 2 0.000585629 0.00294327 0.00412607 0 0 0 0 0 0 0 0 0.350339 1.79699 128.773 128.773 
0.040909546620665288 1.96927 0 185677 0.334487 25.059 9.83702 0 308.0181 287.671 109.937 -5.85528 0 0 0 0 0 0 0 0 0 0 0 0 
