#1:time #2:r #3.binary? #4:ID #5:zams_m #6:m_progenitor #7:bh mass #8:bh_spin #9:birth-kick(km/s) #10-25:vsarray
0.000439675378852659253 0.129165 1 1230 0 16.6518 14.857 0 0 1 0.00405904 0.00530818 0.00621524 0 0 0 0 0 0 0 0 7.61214 15.4674 1320.15 1809.25 
0.000439675378852659253 0.237242 1 34242 0 12.3282 8.53847 0 0 1 3.50295 3.69072 4.18936 0 0 0 0 0 0 0 0 11.2501 28.2627 1427.17 2001.63 
0.000439675378852659253 0.35473 1 34504 0 16.7579 14.9585 0 0 1 -7.95537e-05 0.00533102 0.00865188 0 0 0 0 0 0 0 0 13.1702 32.6825 25.0036 387.702 
0.000439675378852659253 0.368749 1 10657 0 15.611 13.8661 0 0 1 -0.000403527 -0.00650743 6.48628e-05 0 0 0 0 0 0 0 0 14.6081 35.771 879.331 1586.93 
0.000439675378852659253 0.443696 0 51333 97.6188 15.1552 13.4348 0 01 0 0 0 0 0 0 0 0 0 0 0 17.2154 40.592 986.414 1355.48 
0.000439675378852659253 0.457858 0 40380 131.501 16.6981 14.9014 0 01 0 0 0 0 0 0 0 0 0 0 0 11.1098 32.8624 426.465 935.339 
0.000439675378852659253 0.478755 1 62090 0 16.697 14.9002 0 0 1 -0.0127987 0.0124538 0.00688489 0 0 0 0 0 0 0 0 15.5748 31.1381 53.6325 763.542 
0.000439675378852659253 0.535959 0 73525 0 16.6498 14.8551 0 01 0 0 0 0 0 0 0 0 0 0 0 12.2261 30.7074 203.893 1220.45 
0.000439675378852659253 0.561226 0 175727 113.949 16.5939 14.8016 0 01 0 0 0 0 0 0 0 0 0 0 0 13.2609 34.2365 324.732 618.937 
0.000439675378852659253 0.597825 0 100504 136.028 16.665 14.8696 0 01 0 -0 0 0 0 -0 0 0 0 -0 0 16.0459 36.8524 453.777 1095.41 
0.000439675378852659253 0.605112 0 61743 148.621 16.6399 14.8457 0 01 -0 0 0 0 -0 0 0 0 -0 0 0 16.0459 36.8524 453.777 1095.41 
0.000439675378852659253 0.605207 0 48795 148.621 16.6399 14.8456 0 01 0 0 0 0 0 0 0 0 0 0 0 16.0459 36.8524 453.777 1095.41 
0.000439675378852659253 0.698653 0 119279 118.641 16.7885 14.9878 0 01 0 0 -0 0 0 0 -0 0 0 0 -0 11.9761 31.8248 78.0683 472.475 
0.000439675378852659253 0.746434 0 48757 103.84 15.8191 14.0636 0 01 0 -0 0 0 0 -0 0 0 0 -0 0 12.8181 31.7009 293.468 518.633 
0.000439675378852659253 0.759013 0 64926 104.991 15.7803 14.0267 0 01 0 0 0 0 0 0 0 0 0 0 0 12.8181 31.7009 293.468 518.633 
0.000439675378852659253 0.83054 0 115717 0 16.471 14.6842 0 01 -0 0 0 0 -0 0 0 0 -0 0 0 10.0086 26.6126 147.126 236.142 
0.000439675378852659253 0.901626 0 92882 107.222 15.917 14.1566 0 01 0 -0 0 0 0 -0 0 0 0 -0 0 11.6569 32.1175 0 556.701 
0.000439675378852659253 1.07458 0 149723 103.931 15.8373 14.0808 0 01 -0 0 0 0 -0 0 0 0 -0 0 0 8.64801 28.0254 179.36 516.142 
0.000439675378852659253 1.21105 0 111187 103.99 15.85 14.0928 0 01 -0 0 0 0 -0 0 0 0 -0 0 0 7.13744 25.0504 492.206 545.063 
0.000439675378852659253 1.68937 1 9424 0 15.4472 13.7109 0 0 1 -0.00226202 0.00156561 -0.00117697 0 0 0 0 0 0 0 0 6.74165 20.2527 0 344.046 
0.000439675378852659253 1.74332 0 174558 126.594 16.7379 14.9394 0 01 0 0 -0 0 0 0 -0 0 0 0 -0 8.72281 26.2214 58.4818 58.4818 
0.000439675378852659253 2.00553 0 188351 108.592 15.9694 14.2064 0 01 -0 0 0 0 -0 0 0 0 -0 0 0 8.20696 20.6654 0 4.20239 
0.000439675378852659253 2.06578 0 178115 104.318 15.6621 13.9146 0 01 0 -0 0 0 0 -0 0 0 0 -0 0 8.20696 20.6654 0 4.20239 
0.000474302971606447221 0.254099 1 0 0 12.9696 9.55011 0 0 1 -75.1602 -98.4249 20.9465 1 -75.1463 -98.9486 18.5255 0 0 0 0 10.5681 24.5494 862.445 1430.41 
0.000474302971606447221 0.29409 0 147898 86.2269 14.2643 12.0493 0 48.50661 33.3763 32.1124 14.4119 0 0 0 0 0 0 0 0 11.0273 29.8802 739.446 940.725 
0.000474302971606447221 0.375353 0 24087 87.1549 14.2738 12.07 0 24.16121 3.28977 10.2616 21.625 0 0 0 0 0 0 0 0 13.5489 29.7669 986.189 1399.86 
0.000474302971606447221 0.39983 0 59411 80.6805 13.6128 10.7148 0 23.47661 -21.6697 -3.24961 -8.42702 0 0 0 0 0 0 0 0 10.0317 26.0947 231.842 435.276 
0.000474302971606447221 0.466785 1 0 0 13.2114 9.97019 0 0 1 40.8486 -0.388658 -0.395189 1 40.854 -2.36485 2.5623 0 0 -0 0 12.6643 28.1249 401.929 1227.53 
0.000474302971606447221 0.470479 1 61874 0 14.7481 13.0511 0 0 1 0.0207467 0.00115304 0.0247044 0 0 0 0 0 0 0 0 12.6643 28.1249 401.929 1227.53 
0.000474302971606447221 0.511299 0 78203 85.2054 14.0415 11.5754 0 10.34841 3.61558 -0.0751814 9.69589 0 0 0 0 0 0 0 0 8.19945 22.0168 162.136 582.408 
0.000474302971606447221 0.561493 0 176470 78.0612 13.3827 10.2809 0 46.78421 -33.9384 -28.8949 -14.2138 0 0 -0 0 0 0 -0 0 8.93672 32.7818 75.5703 392.604 
0.000474302971606447221 0.691316 0 42429 77.2398 13.3572 10.2339 0 90.87931 -60.3369 -66.7027 13.01 0 -0 0 0 0 -0 0 0 7.58736 24.7977 544.497 845.722 
0.000474302971606447221 0.75506 0 102311 75.0149 13.0234 9.64178 0 42.47851 40.6443 9.91522 -7.35852 0 0 0 0 0 0 0 0 8.40907 21.2861 0 480.583 
0.000474302971606447221 0.832564 0 150155 90.7141 14.5938 12.7839 0 6.39471 -6.02035 0.592305 -2.07287 0 -0 0 0 0 -0 0 0 10.0195 30.9452 133.707 159.595 
0.000474302971606447221 0.902985 0 122627 80.8837 13.6671 10.8202 0 25.31181 -22.2997 -7.9852 8.92455 0 0 -0 0 0 0 -0 0 8.01733 20.5029 435.399 670.837 
0.000474302971606447221 0.91302 0 115918 78.7712 13.3755 10.2676 0 105.4881 85.8298 -42.4967 44.2161 0 0 -0 0 0 0 -0 0 6.45283 19.3756 0 40.7963 
0.000474302971606447221 1.24018 0 152617 73.6069 12.8517 9.35292 0 29.01131 -17.7773 22.9048 -0.996226 0 0 0 0 0 0 0 0 4.9046 13.5762 0 0 
0.000474302971606447221 1.28717 0 100809 75.8412 13.193 9.93757 0 90.67981 -63.2963 18.3512 62.2867 0 0 0 0 0 0 0 0 9.00011 24.3534 166.944 495.646 
0.000474302971606447221 1.32409 0 153939 71.4512 12.7644 9.21027 0 77.44481 31.8554 -50.0611 49.7677 0 0 0 0 0 0 0 0 6.59735 25.2291 0 0 
0.000474302971606447221 1.49659 0 168168 93.8479 14.7994 13.0994 0 01 0 0 0 0 0 0 0 0 0 0 0 7.46744 17.9206 144.155 507.417 
0.000474302971606447221 1.51668 0 136651 90.7845 14.6091 12.8191 0 6.784791 5.26809 -2.27496 -3.6201 0 0 0 -0 0 0 0 -0 7.46744 17.9206 144.155 507.417 
0.000474302971606447221 1.80723 0 161709 0 13.9909 11.4703 0 59.82081 49.7974 -29.7412 14.636 0 0 0 0 0 0 0 0 3.5482 7.14387 0 0 
0.000474302971606447221 1.84654 0 176205 86.732 14.1914 11.8923 0 13.58361 -5.55038 -7.5511 9.83309 0 0 0 0 0 0 0 0 9.31475 27.9743 0 237.733 
0.000474302971606447221 1.87524 0 159815 87.188 14.2802 12.084 0 29.17161 19.3291 -4.12961 21.4549 0 0 0 0 0 0 0 0 9.31475 27.9743 0 237.733 
0.000474302971606447221 1.9323 0 167048 92.1791 14.6832 12.9901 0 01 0 0 0 0 0 0 0 0 0 0 0 3.84147 11.6624 0 374.923 
0.000489523765865006026 0.510315 0 111328 67.4826 12.2028 8.35794 0 103.2491 -44.7678 -69.7086 -61.6195 0 -0 0 0 0 -0 0 0 6.18679 20.0994 4.17951 98.6987 
0.000489523765865006026 0.522884 0 24013 68.8349 12.3824 8.61813 0 8.643771 -8.634 -0.198985 -0.359578 0 0 -0 0 0 0 -0 0 6.18679 20.0994 4.17951 98.6987 
0.000489523765865006026 0.552929 0 71530 66.0952 12.1216 8.24418 0 83.49521 1.43645 53.0219 64.483 0 0 0 0 0 0 0 0 6.12872 11.6954 56.6137 835.244 
0.000489523765865006026 0.835715 0 51259 69.5325 12.4171 8.66977 0 172.661 145.273 -87.9801 31.0915 0 0 0 0 0 0 0 0 5.04479 11.7393 0 0 
0.000489523765865006026 0.920229 0 121014 67.3249 12.1592 8.29663 0 178.9341 -169.274 -37.0207 -44.645 0 0 0 -0 0 0 0 -0 3.70695 12.9655 0 0 
0.000489523765865006026 0.979723 0 114706 70.8061 12.5837 8.92359 0 22.94631 -20.4699 4.92489 9.12478 0 0 0 0 0 0 0 0 0.984112 12.8739 0 349.182 
0.000489523765865006026 1.84655 0 150382 65.3114 11.9534 8.01603 0 79.21311 -29.7489 73.1745 5.93446 0 0 0 0 0 0 0 0 1.83069 7.46706 146.86 146.86 
0.000489523765865006026 2.56958 0 174664 69.4959 12.4102 8.65946 0 99.54831 -82.8718 48.9792 -25.3607 0 0 0 0 0 0 0 0 2.6265 5.34868 0 0 
0.000489523765865006026 2.66041 0 196871 67.4387 12.1855 8.33349 0 107.381 29.5358 -103.154 4.17159 0 0 0 0 0 0 0 0 2.6265 5.34868 0 0 
0.000491828922766177306 0.714669 0 88100 64.7006 11.9023 7.94858 0 242.8551 19.5287 -226.465 -85.5032 0 0 0 0 0 0 0 0 1.42947 3.63142 0 48.6923 
0.000491828922766177306 0.718454 0 12700 64.3014 11.8223 7.84515 0 145.1821 -139.792 -13.2629 36.8823 0 0 -0 0 0 0 -0 0 1.42947 3.63142 0 48.6923 
0.000491828922766177306 1.04717 0 11010 64.4191 11.8456 7.87498 0 79.87371 -20.2074 47.1745 -61.2048 0 0 0 0 0 0 0 0 1.04568 2.09285 0 135.644 
0.000497355409342766712 0.469711 0 37142 63.1007 11.7721 7.78133 0 145.9251 -19.9966 -109.521 -94.337 0 0 -0 0 0 0 -0 0 4.35916 7.69287 2.83168 216.015 
0.000497355409342766712 1.02087 0 25684 63.0733 11.7734 7.78296 0 68.00481 -60.4965 -5.43851 30.582 0 -0 0 0 0 -0 0 0 2.01382 4.02641 0 21.0506 
0.000497355409342766712 1.28396 0 166865 62.8942 11.6962 7.68664 0 83.45621 59.2124 -4.65614 58.6271 0 0 0 0 0 0 0 0 0 3.83052 0 0 
0.000497355409342766712 1.3751 0 177308 63.2174 11.7893 7.80314 0 97.29181 -82.8693 49.7251 -11.216 0 0 0 0 0 0 0 0 1.36588 2.71746 0 0 
0.000537001233087301905 0.211628 1 0 0 11.3111 7.23767 0 0 1 -98.8741 -110.861 72.6063 1 -100.671 -109.75 71.8554 0 0 0 0 10.3257 24.3056 277.689 699.968 
0.000537001233087301905 0.320642 0 13642 55.6771 11.4689 7.41519 0 133.9251 19.7552 111.566 71.4051 0 0 0 0 0 0 0 0 9.97224 32.1325 230.493 741.909 
0.000537001233087301905 0.346936 0 110778 61.5212 11.4849 7.4338 0 84.88861 40.9462 30.2917 67.911 0 0 0 0 0 0 0 0 8.09699 24.1099 229.742 1033.46 
0.000537001233087301905 0.393495 0 44453 51.9633 10.5799 6.53047 0 218.4991 97.661 73.4921 181.117 0 0 0 0 0 0 0 0 9.40476 29.3297 309.585 928.412 
0.000537001233087301905 0.429871 0 154047 51.7776 10.5983 6.54581 0 66.88771 -20.756 35.0449 -53.0567 0 0 0 0 0 0 0 0 12.7147 36.8416 18.7091 202.516 
0.000537001233087301905 0.484445 0 37483 52.7163 10.7894 6.71351 0 154.5971 142.2 -59.0106 14.0359 0 0 0 0 0 0 0 0 13.9975 26.0952 142.97 275.173 
0.000537001233087301905 0.538611 0 58352 55.3119 11.3995 7.33602 0 134.9831 -15.4661 -104.849 83.5931 0 0 -0 0 0 0 -0 0 12.1705 33.3413 259.309 661.512 
0.000537001233087301905 0.5616 0 77606 0.648714 10.7212 6.65206 0 193.3511 48.5834 184.728 -30.0006 0 0 0 -0 0 0 0 -0 13.2055 33.6 829.326 1421.47 
0.000537001233087301905 0.629749 0 179664 56.8427 11.0326 6.94581 0 159.8941 7.17922 64.9547 -145.93 0 0 0 0 0 0 0 0 11.7849 30.9103 37.2672 187.965 
0.000537001233087301905 0.646775 0 25991 61.3019 11.5346 7.49184 0 133.1911 128.473 -29.7417 18.7015 0 0 0 0 0 0 0 0 12.8446 35.9591 71.8607 265.02 
0.000537001233087301905 0.667638 0 28748 54.3326 11.2358 7.15602 0 220.8161 197.004 -95.4281 29.0267 0 0 -0 0 0 0 -0 0 5.29916 23.8951 32.0679 178.869 
0.000537001233087301905 0.708209 0 111644 52.5187 10.733 6.66255 0 136.2891 131.642 -34.8947 5.22707 0 0 0 0 0 0 0 0 10.6319 26.2943 171.106 585.311 
0.000537001233087301905 0.732948 0 52253 57.7001 11.2446 7.16552 0 126.9131 3.02881 93.1032 -86.1949 0 0 0 -0 0 0 0 -0 13.2548 35.3942 523.501 630.202 
0.000537001233087301905 0.746462 0 85265 58.7173 11.5172 7.47142 0 79.84811 -2.36916 69.3944 39.4275 0 0 0 0 0 0 0 0 13.2548 35.3942 523.501 630.202 
0.000537001233087301905 0.791238 0 95702 60.5667 12.0591 8.15815 0 144.7591 96.0953 -61.8896 -88.8292 0 0 -0 0 0 0 -0 0 8.64623 30.6981 43.8957 365.17 
0.000537001233087301905 0.803322 0 107024 60.5044 12.0422 8.13514 0 62.00771 -23.6286 37.9879 -42.9367 0 0 0 0 0 0 0 0 12.9626 31.604 505.387 796.644 
0.000537001233087301905 0.889273 0 75494 52.6861 10.7717 6.69741 0 66.7751 66.6585 0.0666554 3.94181 0 0 0 0 0 0 0 0 9.79031 25.8866 0 0 
0.000537001233087301905 0.933341 0 134142 56.2477 10.8884 6.80555 0 111.2561 94.1189 -37.9829 -45.5719 0 0 0 0 0 0 0 0 11.9934 26.7273 19.9884 161.1 
0.000537001233087301905 1.20052 0 156600 59.8262 11.8279 7.85233 0 69.28791 -46.9586 -0.529652 50.9452 0 0 0 0 0 0 0 0 9.54944 20.3294 5.87628 137.231 
0.000537001233087301905 1.24691 0 147276 58.7407 11.5235 7.47875 0 75.04291 -27.2808 51.6634 -47.0966 0 0 0 0 0 0 0 0 7.42959 22.2134 0 0 
0.000537001233087301905 1.408 0 164435 61.1483 12.237 8.40657 0 125.5961 -121.157 -32.9691 2.89631 0 -0 0 0 0 -0 0 0 5.72925 17.0893 0 83.1642 
0.000537001233087301905 1.42265 0 128897 55.4251 11.4184 7.35747 0 120.5491 100.089 41.0674 53.1753 0 0 0 0 0 0 0 0 5.72925 17.0893 0 83.1642 
0.000537001233087301905 1.71847 0 176147 59.5084 11.7459 7.74842 0 73.05631 11.9431 63.5001 -34.0929 0 0 0 0 0 0 0 0 5.21941 26.0957 0 0 
0.000537001233087301905 1.95499 0 184514 59.5604 11.7597 7.76576 0 81.15621 4.92373 -73.8728 -33.24 0 0 0 0 0 0 0 0 3.82053 13.3396 0 41.4481 
0.000537001233087301905 2.33765 0 194166 51.865 10.5873 6.53663 0 242.9551 -33.4492 226.637 80.8969 0 0 0 0 0 0 0 0 2.33764 9.08227 0 16.7343 
0.000537001233087301905 2.48037 0 181303 61.4273 11.5631 7.52546 0 93.49531 -92.4083 -9.15868 -10.8719 0 0 0 0 0 0 0 0 2.41674 14.8476 96.7073 96.7073 
0.000537001233087301905 2.82616 0 197790 61.1754 11.5144 7.46814 0 82.87821 45.3277 12.0632 -68.3277 0 0 0 0 0 0 0 0 0 8.12213 0 0 
0.000551974506692843063 0.226251 1 165646 52.3922 9.10908 7.92851 0 0 1 -0.20444 -0.977819 1.46921 0 0 -0 0 0 0 -0 0 6.44406 11.9217 60.1348 421.745 
0.000551974506692843063 0.372359 0 89578 49.7995 10.7138 6.6455 0 77.08691 75.5006 -5.68203 -14.4832 0 0 -0 0 0 0 -0 0 4.0649 14.0939 52.6719 86.0683 
0.000551974506692843063 0.471441 0 43106 50.8741 10.6332 6.57527 0 186.8231 101.145 146.156 -57.5383 0 0 0 -0 0 0 0 -0 7.88064 22.3483 166.54 314.583 
0.000551974506692843063 0.476179 0 74245 51.1709 10.6402 6.58129 0 283.2851 36.031 135.437 246.189 0 0 0 0 0 0 0 0 7.88064 22.3483 166.54 314.583 
0.000551974506692843063 0.495359 0 54190 49.2892 10.6694 6.60648 0 86.83811 -81.4068 2.07834 -30.1575 0 0 0 -0 0 0 0 -0 2.92054 14.6526 11.6176 24.2839 
0.000551974506692843063 0.594006 0 62226 48.302 10.6805 6.61621 0 67.78551 -64.6903 -7.23593 18.9124 0 -0 0 0 0 -0 0 0 3.62002 17.4057 0 46.2475 
0.000551974506692843063 0.707378 1 56191 51.4257 9.18804 7.99731 0 0 1 0.931723 0.0363443 -0.228726 0 0 0 0 0 0 0 0 8.57763 15.7121 82.2644 766.915 
0.000551974506692843063 1.03352 0 116262 49.0266 10.6797 6.61547 0 88.79161 79.6494 -34.7942 18.1461 0 0 0 0 0 0 0 0 1.02484 10.2795 0 0 
0.000551974506692843063 1.10905 0 99846 48.7235 10.7253 6.65572 0 66.32561 -39.0919 -38.9397 36.8051 0 0 0 0 0 0 0 0 3.35315 12.3985 0 0 
0.000551974506692843063 1.45266 0 161343 49.6198 10.7189 6.65006 0 63.28271 -51.4947 21.57 -29.7949 0 0 0 0 0 0 0 0 4.45167 8.86561 35.8485 35.8485 
0.000551974506692843063 1.61524 0 185627 50.0487 10.6857 6.62079 0 129.3281 9.84093 -58.2579 115.043 0 0 0 0 0 0 0 0 4.80487 8.0234 65.2807 65.2807 
0.000551974506692843063 1.62643 0 162029 49.042 10.6793 6.61515 0 77.31641 64.9214 38.1251 -17.593 0 0 0 0 0 0 0 0 4.80487 8.0234 65.2807 65.2807 
0.000551974506692843063 1.94937 0 157557 48.6908 10.7247 6.65515 0 191.5481 -73.1155 -113.53 -135.851 0 0 0 0 0 0 0 0 0 1.89513 0 0 
0.000551974506692843063 2.57942 0 183715 49.3078 10.6619 6.59997 0 162.9331 140.497 74.7527 -34.9258 0 0 0 0 0 0 0 0 2.5962 5.18967 0 0 
0.000551974506692843063 2.8844 0 183290 48.3797 10.688 6.62274 0 197.7161 -92.7771 -113.972 -132.267 0 0 0 0 0 0 0 0 0 2.77487 0 0 
0.000589642616744180822 0.0974217 1 0 0 10.667 6.60444 0 0 1 72.651 -22.5128 5.5196 1 73.8 -19.4893 2.67366 0 0 0 0 7.06597 17.1621 839.645 1105.72 
0.000589642616744180822 0.268295 0 141955 43.841 10.3617 6.3571 0 230.1571 -216.234 -72.944 29.9055 0 0 0 0 0 0 0 0 9.0684 26.2894 335.236 1030.18 
0.000589642616744180822 0.305627 0 55710 46.9203 10.6798 6.61562 0 221.9761 175.54 -28.766 132.784 0 0 -0 0 0 0 -0 0 10.5146 33.4115 881.255 1451.83 
0.000589642616744180822 0.323635 1 20900 43.6574 8.03977 2.28898 0 0 1 5.14155 -1.6116 10.8397 0 0 0 0 0 0 0 0 10.5146 33.4115 881.255 1451.83 
0.000589642616744180822 0.330583 0 60170 45.2368 10.4719 6.44268 0 129.8961 119.313 -46.5064 -21.7864 0 0 0 0 0 0 0 0 10.5146 33.4115 881.255 1451.83 
0.000589642616744180822 0.376067 0 57888 52.4339 10.6323 6.57451 0 85.031 -30.995 38.4732 -69.2042 0 0 0 0 0 0 0 0 14.172 33.1092 115.49 603.193 
0.000589642616744180822 0.465076 0 83883 43.4998 10.4942 6.46047 0 176.8251 -4.73334 -10.1452 176.471 0 0 0 0 0 0 0 0 7.02596 27.5978 0 99.8191 
0.000589642616744180822 0.499713 0 27316 48.1001 10.6659 6.60347 0 198.461 -100.211 -120.22 122.03 0 -0 0 0 0 -0 0 0 10.3176 26.5405 0 376.218 
0.000589642616744180822 0.506011 0 68259 42.4999 10.4134 6.3968 0 132.1231 38.009 -115.14 52.4854 0 0 0 0 0 0 0 0 9.26641 29.2617 377.972 857.017 
0.000589642616744180822 0.514832 0 25648 43.9216 10.3786 6.36997 0 166.1181 -146.631 77.9584 4.1269 0 -0 0 0 0 -0 0 0 9.26641 29.2617 377.972 857.017 
0.000589642616744180822 0.571732 0 35366 43.6827 10.3458 6.34511 0 153.8491 -31.9805 -65.0281 135.713 0 0 0 0 0 0 0 0 8.7392 30.2024 0 139.295 
0.000589642616744180822 0.578174 0 68583 43.541 10.4987 6.46407 0 181.9021 101.739 52.7708 -141.254 0 0 0 0 0 0 0 0 8.7392 30.2024 0 139.295 
0.000589642616744180822 0.691193 0 85683 44.9658 10.4429 6.41981 0 178.7611 -172.268 -33.1034 -34.3991 0 -0 0 0 0 -0 0 0 11.8462 38.2773 44.7945 170.521 
0.000589642616744180822 0.692231 0 58596 45.3218 10.4813 6.45017 0 229.0581 -66.0118 -219.199 -7.86748 0 0 -0 0 0 0 -0 0 11.8462 38.2773 44.7945 170.521 
0.000589642616744180822 0.706164 0 150523 43.4831 10.4919 6.45861 0 118.3831 1.18176 -3.12358 -118.336 0 0 0 0 0 0 0 0 11.8462 38.2773 44.7945 170.521 
0.000589642616744180822 0.723827 0 45741 47.4805 10.6968 6.63052 0 109.6521 95.3247 -0.245219 -54.1923 0 0 0 -0 0 0 0 -0 10.0721 33.0191 36.8474 275.504 
0.000589642616744180822 0.89648 0 85753 43.43 10.4894 6.4566 0 219.9041 -183.942 120.247 7.97779 0 0 0 0 0 0 0 0 5.41276 15.3319 66.2887 335.332 
0.000589642616744180822 0.907068 0 120626 44.1948 10.4277 6.40792 0 120.0141 -75.9669 -62.6753 68.5876 0 0 -0 0 0 0 -0 0 5.41276 15.3319 66.2887 335.332 
0.000589642616744180822 0.998302 0 37829 45.571 10.5102 6.47337 0 270.2991 231.124 -136.117 33.3998 0 0 0 0 0 0 0 0 7.91234 18.8929 0 44.549 
0.000589642616744180822 1.08028 0 139943 46.444 10.6261 6.56917 0 168.3041 -121.494 -114.241 22.6823 0 0 -0 0 0 0 -0 0 4.34411 16.2957 0 61.522 
0.000589642616744180822 1.14078 0 170070 42.6563 10.4276 6.40782 0 164.9271 154.301 49.9973 -29.8713 0 0 0 0 0 0 0 0 10.1748 22.5402 0 240.211 
0.000589642616744180822 1.2441 0 65477 45.4948 10.5012 6.46615 0 211.2611 -141.04 -155.876 21.0199 0 0 0 0 0 0 0 0 6.19586 22.3916 18.6174 74.7023 
0.000589642616744180822 1.30959 0 131772 42.8596 10.4454 6.42174 0 115.4121 -61.8155 35.2609 -90.86 0 0 0 -0 0 0 0 -0 3.99862 18.6312 0 0 
0.000589642616744180822 1.51781 0 94719 43.369 10.4836 6.45199 0 190.7941 181.581 47.8752 -33.7479 0 0 0 0 0 0 0 0 3.12976 20.0176 19.8643 19.8643 
0.000589642616744180822 1.52309 0 164882 0 10.6843 6.61952 0 231.141 223.762 55.7639 -15.7103 0 0 0 0 0 0 0 0 3.12976 20.0176 19.8643 19.8643 
0.000589642616744180822 1.70549 0 63181 45.5723 10.5104 6.4735 0 145.7451 -110.61 -63.8136 -70.2491 0 0 -0 0 0 0 -0 0 6.73818 20.0399 0 0 
0.000589642616744180822 1.72934 0 146828 45.4911 10.5008 6.46578 0 183.3631 -180.517 13.7107 -29.1135 0 0 0 0 0 0 0 0 3.4762 14.0315 6.81312 6.81312 
0.000589642616744180822 1.86676 0 177060 46.786 10.671 6.60794 0 99.18651 -44.0052 35.9544 81.2944 0 -0 0 0 0 -0 0 0 3.67103 14.5956 0 1.0974 
0.000589642616744180822 2.06208 0 197910 42.2259 10.3936 6.3815 0 197.0611 -117.699 -158.051 -0.0285153 0 0 0 -0 0 0 0 -0 4.1525 18.3526 0 5.53666 
0.000589642616744180822 2.21119 0 144755 46.2284 10.59 6.53888 0 170.2671 34.5972 -156.649 57.0518 0 0 0 0 0 0 0 0 2.14041 12.8416 0 0 
0.000589642616744180822 2.63907 0 194155 45.6927 10.5354 6.49382 0 216.8641 216.863 -0.649398 -0.450058 0 0 0 0 0 0 0 0 0 8.32994 0 0 
0.000605303138735303697 0.190122 0 6025 40.7768 10.1956 6.23582 0 122.441 -96.0938 3.92488 -75.7763 0 0 0 -0 0 0 0 -0 4.62306 15.6998 82.1993 410.77 
0.000605303138735303697 0.207128 0 4347 41.5373 10.3013 6.31193 0 111.7421 -111.508 2.32577 6.8415 0 0 0 0 0 0 0 0 4.62306 15.6998 82.1993 410.77 
0.000605303138735303697 0.244621 0 5284 40.5322 10.1686 6.21698 0 145.3151 -140.841 10.5631 34.1831 0 0 0 0 0 0 0 0 4.28642 17.6483 24.948 327.426 
0.000605303138735303697 0.685216 0 78974 41.3222 10.2754 6.29298 0 106.1011 -103.241 -8.1644 23.0668 0 0 0 0 0 0 0 0 3.42222 11.5424 0 651.125 
0.000605303138735303697 0.718753 0 111014 41.6225 10.3131 6.32066 0 49.59781 5.02196 37.9024 -31.5932 0 0 0 0 0 0 0 0 5.0725 18.1453 113.178 139.882 
0.000605303138735303697 0.744771 0 122995 40.6661 10.1797 6.22468 0 177.3031 -176.749 -10.6989 9.04124 0 0 0 0 0 0 0 0 5.24196 13.4951 0 66.1961 
0.000605303138735303697 0.792316 0 22499 40.4457 10.1424 6.19893 0 269.9771 -5.76866 265.701 47.5147 0 0 0 0 0 0 0 0 3.21751 13.6528 0 7.09211 
0.000605303138735303697 0.975042 0 189256 40.4504 10.144 6.20005 0 53.77981 46.2856 17.4489 21.1056 0 0 0 0 0 0 0 0 3.87756 15.4593 1.83809 1.83809 
0.000605303138735303697 1.10318 0 82477 40.9632 10.2213 6.25401 0 52.14851 25.0875 -39.3716 23.237 0 0 0 0 0 0 0 0 3.33684 6.6264 0 33.9258 
0.000605303138735303697 1.76579 0 51605 40.827 10.2001 6.23899 0 87.92761 67.0253 -27.0353 50.0796 0 0 -0 0 0 0 -0 0 1.76989 5.31229 0 113.861 
0.000605303138735303697 2.51048 0 121054 41.5427 10.3043 6.31418 0 149.031 -38.7678 143.088 -15.2562 0 0 0 -0 0 0 0 -0 0 5.02971 0 0 
0.00060977945378577216 0.53799 0 195207 39.8973 10.0666 6.14795 0 225.3241 205.891 23.5678 88.4567 0 0 0 0 0 0 0 0 4.368 8.72352 26.7819 62.232 
0.00060977945378577216 2.03367 0 185827 39.6373 10.1329 6.19244 0 88.87521 88.441 -6.0236 6.38026 0 0 0 0 0 0 0 0 0 0 0 0 
0.000647111060458901684 0.235658 0 32995 37.0429 9.83641 6.00501 0 179.5721 66.9089 -89.5262 -140.55 0 0 0 -0 0 0 0 -0 11.3325 24.9738 245.496 1119.7 
0.000647111060458901684 0.25488 1 0 0 9.82048 5.99577 0 0 1 59.665 14.5428 -30.7202 1 56.7818 11.721 -37.6359 0 0 0 -0 10.752 30.4747 618.083 1221.51 
0.000647111060458901684 0.328174 0 58537 36.8577 9.81041 5.98998 0 145.3551 101.692 43.47 94.3245 0 0 0 0 0 0 0 0 10.1235 26.4292 341.601 659.301 
0.000647111060458901684 0.323885 1 0 0 10.0792 6.15628 0 0 1 -104.048 -56.9561 -94.8622 1 -101.532 -59.9932 -95.7908 0 0 -0 0 10.1235 26.4292 341.601 659.301 
0.000647111060458901684 0.364733 1 23355 38.7463 9.43293 8.21066 0 0 1 -0.282961 0.672378 -0.472125 0 -0 0 0 0 -0 0 0 12.4279 29.5548 211.066 439.913 
0.000647111060458901684 0.432489 0 52396 35.881 9.82201 5.99665 0 165.4211 -118.935 109.711 -34.3783 0 0 0 0 0 0 0 0 13.4467 34.2887 51.6367 391.223 
0.000647111060458901684 0.438299 0 50618 39.3718 10.0866 6.16125 0 204.8331 50.2843 -180.794 -82.1086 0 0 0 -0 0 0 0 -0 13.4467 34.2887 51.6367 391.223 
0.000647111060458901684 0.458871 0 8274 35.9089 9.82778 6 0 260.6021 -150.922 -205.894 -52.377 0 0 0 0 0 0 0 0 12.3409 32.424 285.049 844.962 
0.000647111060458901684 0.525165 0 87721 37.6852 9.94015 6.06724 0 211.2611 -52.0182 69.0979 -192.745 0 0 0 -0 0 0 0 -0 12.1441 33.8292 901.893 1251.62 
0.000647111060458901684 0.614141 0 79197 38.3837 9.94565 6.07064 0 247.2851 244.672 -35.8454 0.900385 0 0 0 0 0 0 0 0 11.7487 22.854 79.2295 168.637 
0.000647111060458901684 0.661631 0 62469 36.8054 9.80282 5.98563 0 140.9291 -106.43 92.3167 -3.38126 0 0 0 0 0 0 0 0 9.30951 25.98 218.964 356.484 
0.000647111060458901684 0.690351 0 36799 37.7695 9.9684 6.08481 0 212.7691 145.224 -129.449 86.1608 0 0 0 0 0 0 0 0 9.64393 30.2553 22.5119 128.723 
0.000647111060458901684 0.695969 0 143944 36.4785 9.88744 6.03517 0 136.9411 -136.895 -0.560449 -3.48074 0 -0 0 0 0 -0 0 0 9.64393 30.2553 22.5119 128.723 
0.000647111060458901684 0.732755 0 36465 39.0862 10.0436 6.13288 0 173.4671 -170.218 1.56693 33.3818 0 0 0 0 0 0 0 0 4.37546 22.0567 0 60.4022 
0.000647111060458901684 0.746142 0 162583 37.01 9.83273 6.00287 0 87.76961 -84.5343 19.3642 13.508 0 0 0 0 0 0 0 0 4.37546 22.0567 0 60.4022 
0.000647111060458901684 0.853256 0 70798 38.6921 9.98256 6.09372 0 223.9121 159.446 66.1578 142.607 0 0 0 0 0 0 0 0 10.4278 28.5843 81.3004 317.601 
0.000647111060458901684 0.862984 0 128347 35.8955 9.8307 6.00169 0 126.6291 30.9023 -18.3075 -121.429 0 0 0 0 0 0 0 0 10.4278 28.5843 81.3004 317.601 
0.000647111060458901684 0.8732 0 191234 39.5368 10.1104 6.17715 0 328.8421 328.598 -6.06263 11.1193 0 0 0 0 0 0 0 0 10.4278 28.5843 81.3004 317.601 
0.000647111060458901684 1.04271 0 159247 38.304 10.0411 6.13126 0 149.3251 -40.0974 -44.2557 -136.863 0 0 0 0 0 0 0 0 5.21832 16.7049 0 13.9213 
0.000647111060458901684 1.19273 0 159486 37.6837 9.93865 6.06632 0 156.2751 -155.471 -15.7376 -1.72382 0 0 0 0 0 0 0 0 7.16023 21.386 0 0 
0.000647111060458901684 1.48721 0 144496 36.8656 9.81015 5.98983 0 215.1011 -184.589 -108.332 21.4408 0 0 -0 0 0 0 -0 0 4.381 17.4538 0 0 
0.000647111060458901684 1.788 0 170525 38.7956 9.99696 6.10285 0 113.0381 -107.839 -9.90313 -32.405 0 0 -0 0 0 0 -0 0 3.55139 14.356 0 0 
0.000647111060458901684 1.945 0 149543 36.7563 9.91401 6.05122 0 173.5091 -52.6396 -78.1211 145.711 0 0 0 0 0 0 0 0 5.92826 13.6902 0 76.9932 
0.000647111060458901684 1.96972 0 169315 36.9321 9.82165 5.99645 0 119.6011 -49.222 12.084 -108.331 0 0 0 0 0 0 0 0 5.92826 13.6902 0 76.9932 
0.000647111060458901684 2.09856 0 167586 38.5806 9.96648 6.08361 0 100.1831 -80.83 -59.1618 1.74798 0 0 0 0 0 0 0 0 4.14105 14.5695 0 0 
0.000647111060458901684 3.95559 0 198841 35.9894 9.83972 6.00694 0 91.51811 -25.3769 -83.3359 -28.0483 0 0 0 -0 0 0 0 -0 0 7.69812 0 0 
0.000683531568162211531 0.117984 0 90793 35.7125 9.81045 5.99 0 116.7941 -87.9756 -56.1727 52.4006 0 -0 0 0 0 -0 0 0 8.20868 21.8472 588.417 953.727 
0.000683531568162211531 0.453235 0 71669 34.3464 9.59413 5.87373 0 105.141 101.973 23.1829 10.8772 0 0 0 0 0 0 0 0 14.7715 36.4167 121.519 705.366 
0.000683531568162211531 0.460549 0 38744 34.4193 9.60745 5.88043 0 41.26291 -5.98674 -36.8225 17.632 0 -0 0 0 0 -0 0 0 14.7715 36.4167 121.519 705.366 
0.000683531568162211531 0.513526 0 43247 34.425 9.6099 5.88168 0 137.331 128.352 -46.2937 15.5624 0 0 -0 0 0 0 -0 0 17.7635 31.4544 0 534.464 
0.000683531568162211531 0.710088 0 140577 33.135 9.51865 5.83686 0 207.7111 -145.867 123.247 -81.7122 0 0 0 0 0 0 0 0 8.58909 32.8262 163.165 270.452 
0.000683531568162211531 0.799827 0 102873 35.6821 9.8052 5.98699 0 37.76841 -36.8019 -8.0395 2.72796 0 0 0 0 0 0 0 0 9.71574 32.3965 51.6808 124.438 
0.000683531568162211531 0.959365 0 17420 33.4215 9.47977 8.25142 0 01 0 0 -0 0 0 0 -0 0 0 0 -0 9.54192 26.7006 0 156.724 
0.000683531568162211531 1.03315 0 57393 35.2741 9.76483 5.96417 0 81.13771 -55.5415 27.7565 -52.2306 0 0 0 -0 0 0 0 -0 6.29122 26.1922 22.7846 22.7846 
0.000683531568162211531 1.3984 0 149405 33.1739 9.52484 5.83981 0 182.4771 -169.737 8.68818 -66.4201 0 0 0 -0 0 0 0 -0 5.62608 19.7075 0 0 
0.000683531568162211531 1.68775 0 87366 35.2759 9.76609 5.96488 0 153.5451 98.2683 -115.76 -22.7778 0 0 0 -0 0 0 0 -0 6.83601 17.101 0 0 
0.000683531568162211531 1.74427 0 165929 34.8882 9.68607 5.92123 0 122.0241 3.40151 -41.3725 -114.746 0 0 0 -0 0 0 0 -0 6.83601 17.101 0 0 
0.000683531568162211531 1.81198 0 186579 35.8192 9.82091 5.99602 0 170.2161 -159.094 1.8203 -60.4908 0 0 0 0 0 0 0 0 7.16833 25.1052 0 31.4564 
0.000683531568162211531 2.12908 0 196116 35.192 9.73619 5.94831 0 268.6861 -90.282 -252.294 19.7149 0 0 0 0 0 0 0 0 10.4316 16.6106 0 0 
0.000683531568162211531 2.13478 0 191220 35.2742 9.76488 5.9642 0 102.6551 -77.9129 51.0296 43.1686 0 0 0 0 0 0 0 0 10.4316 16.6106 0 0 
0.000683531568162211531 2.69028 0 195542 33.3682 9.56938 5.86143 0 229.2011 165.774 27.8987 155.801 0 0 0 0 0 0 0 0 0 5.47965 0 0 
0.000683531568162211531 2.86978 0 137507 34.7929 9.6781 5.91699 0 128.9731 44.1162 -106.951 -57.0043 0 0 0 0 0 0 0 0 0 5.47965 0 0 
0.00075501080844627257 0.20219 1 209141 0 9.72981 5.94482 0 0 2 8.47477 -29.5179 28.5021 0 0 0 0 0 0 0 0 19.2013 45.7868 753.152 1562.68 
0.00075501080844627257 0.215434 0 6292 29.1038 9.07586 7.89948 0 01 0 0 0 0 0 0 0 0 0 0 0 19.2013 45.7868 753.152 1562.68 
0.00075501080844627257 0.300149 0 26774 30.6602 9.24889 8.05031 0 01 0 0 0 0 0 0 0 0 0 0 0 15.6759 39.4486 848.374 1309.87 
0.00075501080844627257 0.323658 0 19650 29.1244 9.08423 7.90678 0 01 0 0 0 0 0 0 0 0 0 0 0 17.8212 49.9244 135.299 253.019 
0.00075501080844627257 0.327077 0 43108 30.0418 9.13732 7.95306 0 01 0 0 0 0 0 0 0 0 0 0 0 17.8212 49.9244 135.299 253.019 
0.00075501080844627257 0.346014 0 41308 32.768 9.44962 8.22518 0 01 0 0 -0 0 0 0 -0 0 0 0 -0 18.6274 46.6694 618.674 1264.47 
0.00075501080844627257 0.386529 0 66897 31.2341 9.33343 8.12398 0 01 0 0 -0 0 0 0 -0 0 0 0 -0 20.8483 48.3053 823.3 1055.78 
0.00075501080844627257 0.394901 0 109173 31.5459 9.36953 8.15544 0 01 0 -0 0 0 0 -0 0 0 0 -0 0 20.8483 48.3053 823.3 1055.78 
0.00075501080844627257 0.417307 0 67849 31.2414 9.33224 8.12295 0 01 -0 0 0 0 -0 0 0 0 -0 0 0 19.714 51.8124 151.251 411.12 
0.00075501080844627257 0.429843 0 30458 30.8936 9.29297 8.08873 0 01 0 0 0 0 0 0 0 0 0 0 0 14.8058 47.0509 131.572 507.41 
0.00075501080844627257 0.463486 0 59481 30.6952 9.25862 8.0588 0 01 0 0 0 0 0 0 0 0 0 0 0 20.344 49.3317 500.489 1201.74 
0.00075501080844627257 0.474805 1 204434 46.176 10.2788 6.29543 0 0 2 54.3508 70.8337 57.4368 0 0 0 0 0 0 0 0 25.147 60.3987 381.57 941.598 
0.00075501080844627257 0.480238 0 52314 30.7935 9.28032 8.07771 0 01 0 0 0 0 0 0 0 0 0 0 0 25.147 60.3987 381.57 941.598 
0.00075501080844627257 0.489167 0 30052 32.4488 9.39195 8.17497 0 01 0 0 0 0 0 0 0 0 0 0 0 25.147 60.3987 381.57 941.598 
0.00075501080844627257 0.509985 0 15422 0 9.36693 8.15317 0 01 0 -0 0 0 0 -0 0 0 0 -0 0 16.2224 43.0957 41.3981 600.192 
0.00075501080844627257 0.52837 0 139792 31.9889 9.34095 8.13054 0 01 0 0 0 0 0 0 0 0 0 0 0 18.0107 51.3753 179.408 352.894 
0.00075501080844627257 0.558415 0 54359 28.9575 9.05462 7.88094 0 01 0 0 0 0 0 0 0 0 0 0 0 17.0808 38.5242 48.2723 606.767 
0.00075501080844627257 0.574755 0 69754 30.7762 9.2802 8.0776 0 01 0 0 -0 0 0 0 -0 0 0 0 -0 16.6525 43.1388 500.337 873.984 
0.00075501080844627257 0.588675 0 19678 30.5204 9.2297 8.0336 0 01 -0 0 0 0 -0 0 0 0 -0 0 0 16.7141 45.4437 107.872 245.474 
0.00075501080844627257 0.60054 0 152125 29.2841 9.10121 7.92158 0 01 0 0 0 0 0 0 0 0 0 0 0 16.7141 45.4437 107.872 245.474 
0.00075501080844627257 0.632571 0 71493 30.2655 9.17558 7.98642 0 01 0 0 0 0 0 0 0 0 0 0 0 10.8984 39.1393 80.3875 110.951 
0.00075501080844627257 0.676592 0 107151 32.3059 9.36675 8.15301 0 01 -0 0 0 0 -0 0 0 0 -0 0 0 13.9347 47.2769 41.9715 229.205 
0.00075501080844627257 0.695681 0 138555 33.057 9.51049 5.83299 0 183.2921 -158.125 91.7627 -13.1112 0 -0 0 0 0 -0 0 0 17.9622 46.959 8.85101 165.581 
0.00075501080844627257 0.729628 0 27397 30.0313 9.13689 7.95269 0 01 0 0 0 0 0 0 0 0 0 0 0 17.02 44.3756 0 23.728 
0.00075501080844627257 0.767959 0 34930 31.0161 9.30776 8.10162 0 01 0 0 0 0 0 0 0 0 0 0 0 23.6487 55.021 146.127 296.868 
0.00075501080844627257 0.788745 0 86949 29.7502 9.08072 7.90372 0 01 0 0 0 0 0 0 0 0 0 0 0 11.0464 38.6903 0 690.384 
0.00075501080844627257 0.844472 0 48688 29.678 9.08051 7.90353 0 01 0 0 0 0 0 0 0 0 0 0 0 15.1983 49.6935 102.613 511.674 
0.00075501080844627257 0.862693 0 129259 29.8493 9.0941 7.91538 0 01 0 0 0 0 0 0 0 0 0 0 0 12.2003 38.3154 200.215 202.103 
0.00075501080844627257 0.968269 0 184947 31.2345 9.33349 8.12404 0 01 0 0 0 0 0 0 0 0 0 0 0 7.63996 34.4974 17.1691 90.1533 
0.00075501080844627257 0.99635 0 132704 30.5626 9.2327 8.0362 0 01 0 -0 0 0 0 -0 0 0 0 -0 0 15.7974 32.5015 143.246 147.086 
0.00075501080844627257 1.00319 0 153147 29.442 9.11908 7.93716 0 01 0 0 0 0 0 0 0 0 0 0 0 16.2852 35.6067 173.069 431.951 
0.00075501080844627257 1.0253 0 95010 29.1241 9.08407 7.90663 0 01 0 0 0 0 0 0 0 0 0 0 0 16.2852 35.6067 173.069 431.951 
0.00075501080844627257 1.04991 0 89901 30.3874 9.19367 8.00219 0 01 0 0 0 0 0 0 0 0 0 0 0 10.5499 38.882 0 146.899 
0.00075501080844627257 1.05256 0 121925 32.1195 9.35754 8.14499 0 01 0 0 -0 0 0 0 -0 0 0 0 -0 10.5499 38.882 0 146.899 
0.00075501080844627257 1.19619 0 55686 31.4713 9.35978 8.14694 0 01 0 0 0 0 0 0 0 0 0 0 0 14.4217 31.2269 0 60.1455 
0.00075501080844627257 1.27021 0 154920 31.2574 9.33464 8.12504 0 01 0 0 0 0 0 0 0 0 0 0 0 11.4979 40.9053 49.3297 176.356 
0.00075501080844627257 1.35264 0 194475 30.6804 9.25386 8.05465 0 01 0 -0 0 0 0 -0 0 0 0 -0 0 4.12049 30.0235 164.885 164.885 
0.00075501080844627257 1.39774 0 169885 30.6318 9.24591 8.04772 0 01 0 0 0 0 0 0 0 0 0 0 0 8.50605 42.4755 1.17903 54.8362 
0.00075501080844627257 1.40983 0 154589 30.0242 9.13235 7.94873 0 01 0 0 0 0 0 0 0 0 0 0 0 8.50605 42.4755 1.17903 54.8362 
0.00075501080844627257 1.62796 0 177987 30.7625 9.27653 8.07441 0 01 0 0 0 0 0 0 0 0 0 0 0 3.32918 29.7253 0 243.943 
0.00075501080844627257 1.72691 0 185079 29.0216 9.07029 7.89462 0 01 0 0 0 0 0 0 0 0 0 0 0 8.54206 30.9589 0 59.8921 
0.00075501080844627257 1.73679 0 176355 32.2815 9.36368 8.15033 0 01 0 0 -0 0 0 0 -0 0 0 0 -0 8.54206 30.9589 0 59.8921 
0.00075501080844627257 2.0058 0 183892 30.1223 9.13993 7.95534 0 01 0 0 -0 0 0 0 -0 0 0 0 -0 15.9615 33.8544 201.883 413.023 
0.00075501080844627257 2.1431 0 79775 30.7969 9.28385 8.08078 0 01 -0 0 0 0 -0 0 0 0 -0 0 0 0 14.6867 0 0 
0.00075501080844627257 3.32325 0 194863 31.5906 9.37427 8.15956 0 01 0 0 -0 0 0 0 -0 0 0 0 -0 0 3.05613 0 0 
0.000842286929132558468 0.218246 0 41160 28.0132 8.91367 7.75793 0 01 0 0 0 0 0 0 0 0 0 0 0 17.8592 45.4419 481.762 1051.94 
0.000842286929132558468 0.248945 0 81542 27.2419 8.86769 7.71779 0 01 0 -0 0 0 0 -0 0 0 0 -0 0 22.266 48.5029 559.836 1572.1 
0.000842286929132558468 0.258093 0 23097 28.6906 9.03098 7.86032 0 01 0 0 0 0 0 0 0 0 0 0 0 22.266 48.5029 559.836 1572.1 
0.000842286929132558468 0.277059 0 55732 28.4725 8.99728 7.83091 0 01 0 0 -0 0 0 0 -0 0 0 0 -0 22.266 48.5029 559.836 1572.1 
0.000842286929132558468 0.323947 0 6219 28.0697 8.9163 7.76022 0 01 -0 0 0 0 -0 0 0 0 -0 0 0 20.8134 47.9021 506.757 1432 
0.000842286929132558468 0.33275 0 18064 27.4481 8.88987 7.73715 0 01 0 0 0 0 0 0 0 0 0 0 0 20.8134 47.9021 506.757 1432 
0.000842286929132558468 0.369534 1 206604 28.5508 9.21253 8.01863 0 0 2 -13.1524 19.4746 -11.314 0 0 0 0 0 0 0 0 24.3519 47.5358 225.002 660.329 
0.000842286929132558468 0.371408 0 29137 28.8047 9.04329 7.87105 0 01 0 0 0 0 0 0 0 0 0 0 0 24.3519 47.5358 225.002 660.329 
0.000842286929132558468 0.46548 0 9348 0.193125 8.79162 7.65139 0 01 0 0 0 0 0 0 0 0 0 0 0 24.1159 59.3385 163.231 580.863 
0.000842286929132558468 0.466305 0 18681 26.3216 8.73186 7.59919 0 01 0 0 0 0 0 0 0 0 0 0 0 24.1159 59.3385 163.231 580.863 
0.000842286929132558468 0.479214 0 61838 27.3392 8.87761 7.72645 0 01 -0 0 0 0 -0 0 0 0 -0 0 0 25.2608 57.4613 166.381 384.269 
0.000842286929132558468 0.518239 0 64738 25.6395 8.68758 7.56051 0 01 0 -0 0 0 0 -0 0 0 0 -0 0 16.8657 38.2115 76.161 495.695 
0.000842286929132558468 0.519362 0 61856 28.5407 9.01323 7.84482 0 01 0 0 0 0 0 0 0 0 0 0 0 16.8657 38.2115 76.161 495.695 
0.000842286929132558468 0.522401 0 89672 26.1819 8.70515 7.57585 0 01 0 0 0 0 0 0 0 0 0 0 0 24.4712 57.4678 153.53 343.903 
0.000842286929132558468 0.529576 0 149828 25.8174 8.70662 7.57714 0 01 0 0 0 0 0 0 0 0 0 0 0 24.4712 57.4678 153.53 343.903 
0.000842286929132558468 0.532753 0 67839 28.2831 8.9609 7.79916 0 01 0 0 0 0 0 0 0 0 0 0 0 24.4712 57.4678 153.53 343.903 
0.000842286929132558468 0.581533 0 166175 25.6275 8.69001 7.56263 0 01 0 -0 0 0 0 -0 0 0 0 -0 0 19.1557 57.4198 374.345 487.069 
0.000842286929132558468 0.617923 0 8327 26.2079 8.70863 7.5789 0 01 0 0 0 0 0 0 0 0 0 0 0 17.438 54.9813 121.726 191.534 
0.000842286929132558468 0.659726 0 185355 28.3386 8.97042 7.80746 0 01 0 -0 0 0 0 -0 0 0 0 -0 0 17.5074 57.0718 156.821 272.065 
0.000842286929132558468 0.700767 0 39421 0.100852 8.77392 7.63593 0 01 0 -0 0 0 0 -0 0 0 0 -0 0 20.1395 47.2983 543.175 725.061 
0.000842286929132558468 0.723035 0 60209 25.824 8.71142 7.58133 0 01 0 0 0 0 0 0 0 0 0 0 0 17.3059 48.2389 8.38949 60.4072 
0.000842286929132558468 0.830295 0 125335 26.327 8.73492 7.60186 0 01 0 0 0 0 0 0 0 0 0 0 0 18.1153 50.1288 21.3631 244.028 
0.000842286929132558468 0.860455 0 99537 28.3536 8.97237 7.80917 0 01 0 0 0 0 0 0 0 0 0 0 0 13.5413 42.3252 21.6073 92.3786 
0.000842286929132558468 0.870434 0 89495 27.5396 8.89503 7.74166 0 01 0 0 0 0 0 0 0 0 0 0 0 11.35 34.068 0 105.408 
0.000842286929132558468 0.939709 0 126118 28.7826 9.04196 7.8699 0 01 0 0 0 0 0 0 0 0 0 0 0 11.1718 42.7814 0 12.7699 
0.000842286929132558468 0.949472 0 86890 27.8716 8.88398 7.73201 0 01 -0 0 0 0 -0 0 0 0 -0 0 0 14.444 41.366 0 175.566 
0.000842286929132558468 0.950545 0 129944 28.0037 8.91563 7.75964 0 01 0 0 0 0 0 0 0 0 0 0 0 14.444 41.366 0 175.566 
0.000842286929132558468 0.983363 0 49516 26.5959 8.77508 7.63694 0 01 -0 0 0 0 -0 0 0 0 -0 0 0 20.7715 53.5156 155.755 265.368 
0.000842286929132558468 1.01551 0 131510 26.0311 8.68244 7.55601 0 01 0 0 0 0 0 0 0 0 0 0 0 14.3149 46.9618 96.6911 608.882 
0.000842286929132558468 1.03804 0 179360 28.9337 9.06227 7.88759 0 01 0 0 0 0 0 0 0 0 0 0 0 14.3149 46.9618 96.6911 608.882 
0.000842286929132558468 1.09081 0 73589 27.9947 8.91133 7.75589 0 01 0 0 0 0 0 0 0 0 0 0 0 19.6254 39.26 43.8041 64.6529 
0.000842286929132558468 1.11072 0 141353 27.2499 8.86669 7.71693 0 01 0 0 0 0 0 0 0 0 0 0 0 16.8761 50.514 20.0874 184.722 
0.000842286929132558468 1.13826 0 171637 26.0749 8.69252 7.56482 0 01 0 0 0 0 0 0 0 0 0 0 0 16.8761 50.514 20.0874 184.722 
0.000842286929132558468 1.25586 0 145174 26.2275 8.71307 7.58278 0 01 0 0 0 0 0 0 0 0 0 0 0 17.3383 45.9227 32.4369 145.568 
0.000842286929132558468 1.27576 0 170681 26.196 8.70946 7.57962 0 01 0 0 0 0 0 0 0 0 0 0 0 10.2607 31.9553 156.253 346.329 
0.000842286929132558468 1.39989 0 171631 28.0086 8.91333 7.75764 0 01 0 0 0 0 0 0 0 0 0 0 0 11.4292 34.2452 0 154.932 
0.000842286929132558468 1.42997 0 105386 25.5418 8.67813 7.55225 0 01 -0 0 0 0 -0 0 0 0 -0 0 0 11.4292 34.2452 0 154.932 
0.000842286929132558468 1.45888 0 158284 26.0693 8.68767 7.56058 0 01 0 -0 0 0 0 -0 0 0 0 -0 0 11.7632 38.2505 0 101.041 
0.000842286929132558468 1.46504 0 129927 27.4288 8.88792 7.73546 0 01 0 0 -0 0 0 0 -0 0 0 0 -0 11.7632 38.2505 0 101.041 
0.000842286929132558468 1.46973 0 187038 27.069 8.84781 7.70044 0 01 0 0 -0 0 0 0 -0 0 0 0 -0 11.7632 38.2505 0 101.041 
0.000842286929132558468 1.53043 0 77143 25.7174 8.69863 7.57016 0 01 0 0 0 0 0 0 0 0 0 0 0 20.0258 36.9223 52.9206 82.7621 
0.000842286929132558468 1.54015 0 162556 28.4539 8.99539 7.82926 0 01 0 0 0 0 0 0 0 0 0 0 0 20.0258 36.9223 52.9206 82.7621 
0.000842286929132558468 1.55743 0 131361 26.4753 8.75729 7.6214 0 01 0 -0 0 0 0 -0 0 0 0 -0 0 20.0258 36.9223 52.9206 82.7621 
0.000842286929132558468 1.58384 0 75139 25.8884 8.7187 7.5877 0 01 0 0 0 0 0 0 0 0 0 0 0 7.97399 36.6095 0 168.061 
0.000842286929132558468 1.59109 0 166801 27.6131 8.8417 7.69511 0 01 0 0 0 0 0 0 0 0 0 0 0 7.97399 36.6095 0 168.061 
0.000842286929132558468 1.72652 0 181037 27.2189 8.86474 7.71522 0 01 0 0 0 0 0 0 0 0 0 0 0 5.16867 24.2009 1.32341 193.716 
0.000842286929132558468 1.75145 0 149264 27.311 8.87403 7.72333 0 01 -0 0 0 0 -0 0 0 0 -0 0 0 5.16867 24.2009 1.32341 193.716 
0.000842286929132558468 1.93148 0 39238 28.202 8.94323 7.78373 0 01 0 0 -0 0 0 0 -0 0 0 0 -0 11.2354 39.7675 73.1522 177.17 
0.000842286929132558468 2.24218 0 106288 28.3056 8.96403 7.80189 0 01 0 -0 0 0 0 -0 0 0 0 -0 0 8.98949 22.3456 28.8035 38.6306 
0.000842286929132558468 2.45138 0 185527 27.9668 8.90851 7.75343 0 01 -0 0 0 0 -0 0 0 0 -0 0 0 0 0 0 0 
0.000842286929132558468 2.5019 0 195209 26.2463 8.71835 7.58739 0 01 0 0 0 0 0 0 0 0 0 0 0 7.96942 28.6042 0 205.634 
0.000842286929132558468 2.55568 0 132710 27.7405 8.86255 7.71331 0 01 0 0 0 0 0 0 0 0 0 0 0 7.96942 28.6042 0 205.634 
0.000842286929132558468 3.98334 0 193763 28.3885 8.97706 7.81326 0 01 0 -0 0 0 0 -0 0 0 0 -0 0 0 6.32486 0 0 
0.000936271655051949662 0.127978 1 0 0 10.6804 6.61611 0 0 1 -58.0695 74.2525 22.8482 1 -63.0659 71.1152 20.2989 0 0 0 0 11.1272 31.4162 940.264 1346.75 
0.000936271655051949662 0.26103 0 109592 23.684 8.44317 7.59886 0 01 0 0 0 0 0 0 0 0 0 0 0 21.0773 48.047 337.641 1321.73 
0.000936271655051949662 0.306668 0 31525 22.9882 8.241 7.4169 0 01 0 0 -0 0 0 0 -0 0 0 0 -0 24.4718 58.5664 327.057 722.507 
0.000936271655051949662 0.471891 0 77879 24.5368 8.57452 7.46172 0 01 0 -0 0 0 0 -0 0 0 0 -0 0 23.4335 57.7298 145.768 264.368 
0.000936271655051949662 0.69476 0 63470 24.6264 8.53838 7.43013 0 01 0 0 0 0 0 0 0 0 0 0 0 24.6712 63.5131 94.1973 587.117 
0.000936271655051949662 0.748224 0 112460 25.4119 8.66678 7.54232 0 01 -0 0 0 0 -0 0 0 0 -0 0 0 16.5275 51.9633 136.483 203.256 
0.000936271655051949662 0.799094 0 78975 22.9598 8.22895 7.40605 0 01 0 -0 0 0 0 -0 0 0 0 -0 0 13.6538 44.2402 0 27.9491 
0.000936271655051949662 0.816532 0 81629 24.9271 8.58349 7.46955 0 01 0 0 0 0 0 0 0 0 0 0 0 13.6538 44.2402 0 27.9491 
0.000936271655051949662 0.832797 0 87460 24.6284 8.5411 7.43252 0 01 0 0 0 0 0 0 0 0 0 0 0 22.4389 56.4702 20.1425 279.483 
0.000936271655051949662 0.840338 0 140637 24.8446 8.57301 7.4604 0 01 0 0 0 0 0 0 0 0 0 0 0 22.4389 56.4702 20.1425 279.483 
0.000936271655051949662 0.841691 0 73656 24.4481 8.56851 7.45646 0 01 0 0 0 0 0 0 0 0 0 0 0 22.4389 56.4702 20.1425 279.483 
0.000936271655051949662 0.911893 0 5708 23.4869 8.31725 7.48553 0 01 0 -0 0 0 0 -0 0 0 0 -0 0 14.5681 41.8792 55.3066 165.869 
0.000936271655051949662 0.918414 0 77061 23.5 8.325 7.4925 0 01 0 0 0 0 0 0 0 0 0 0 0 14.5681 41.8792 55.3066 165.869 
0.000936271655051949662 1.00987 0 126498 25.4469 8.67158 7.54652 0 01 0 0 0 0 0 0 0 0 0 0 0 15.0106 43.0356 12.4804 25.3626 
0.000936271655051949662 1.05079 0 144498 24.3374 8.55397 7.44376 0 01 0 0 -0 0 0 0 -0 0 0 0 -0 10.3254 45.4871 0 19.5705 
0.000936271655051949662 1.28157 0 118226 24.3179 8.55506 7.44472 0 01 -0 0 0 0 -0 0 0 0 -0 0 0 12.9989 38.9239 198.208 468.353 
0.000936271655051949662 1.54689 0 83813 23.7236 8.46815 7.62134 0 01 0 0 0 0 0 0 0 0 0 0 0 15.4689 32.472 171.047 443.828 
0.000936271655051949662 1.6144 0 163317 24.8582 8.57373 7.46103 0 01 -0 0 0 0 -0 0 0 0 -0 0 0 14.51 40.2283 0 34.3925 
0.000936271655051949662 1.75346 0 74516 23.4024 8.26792 7.44113 0 01 0 0 0 0 0 0 0 0 0 0 0 7.03642 41.9539 126.008 126.008 
0.000936271655051949662 2.00191 0 190546 25.1519 8.61716 7.49897 0 01 0 0 0 0 0 0 0 0 0 0 0 8.05935 34.0911 15.2333 15.2333 
0.000936271655051949662 2.05523 0 165019 24.9833 8.59154 7.47659 0 01 0 0 -0 0 0 0 -0 0 0 0 -0 8.05935 34.0911 15.2333 15.2333 
0.000936271655051949662 2.16858 0 185177 24.903 8.58057 7.467 0 01 0 0 0 0 0 0 0 0 0 0 0 10.7943 27.6093 58.9489 58.9489 
0.000936271655051949662 2.19962 0 197303 24.8468 8.57015 7.45789 0 01 0 -0 0 0 0 -0 0 0 0 -0 0 8.94281 24.6958 161.776 208.03 
0.000936271655051949662 2.29448 0 96095 23.6268 8.4073 7.56657 0 01 0 0 0 0 0 0 0 0 0 0 0 8.94281 24.6958 161.776 208.03 
0.000936271655051949662 2.37835 0 187804 24.3237 8.55711 7.4465 0 01 0 0 -0 0 0 0 -0 0 0 0 -0 4.87775 16.8432 0 0 
0.000936271655051949662 2.42004 0 98258 23.7794 8.48404 7.38265 0 01 0 0 0 0 0 0 0 0 0 0 0 4.87775 16.8432 0 0 
0.000936271655051949662 2.48904 0 165677 24.2251 8.54671 7.43742 0 01 0 0 0 0 0 0 0 0 0 0 0 4.87775 16.8432 0 0 
0.000936271655051949662 2.87912 0 186121 24.8636 8.57127 7.45888 0 01 0 0 0 0 0 0 0 0 0 0 0 0 17.1478 0 0 
0.000936271655051949662 4.40473 0 199257 23.1499 8.30955 7.47859 0 01 0 0 0 0 0 0 0 0 0 0 0 0 6.65867 0 0 
0.00111677376030129148 2.57862 0 139643 0 8.39109 7.55198 0 01 -0 0 0 0 -0 0 0 0 -0 0 0 2.55319 20.7071 0 0 
0.00136846427615317651 0.585017 1 205885 13.5601 8.90357 7.74912 0 0 2 -0.220145 0.195852 -0.79922 0 0 0 0 0 0 0 0 50.6262 110.512 321.43 778.967 
0.00136846427615317651 0.626174 0 205928 0 9.61203 5.88275 0 201.6991 93.0067 26.2133 177.045 0 0 0 0 0 0 0 0 36.6956 105.879 512.235 908.34 
