#1:time #2:r #3.binary? #4:ID #5:zams_m #6:m_progenitor #7:bh mass #8:bh_spin #9:birth-kick(km/s) #10-25:vsarray
0.00728088373620405273 0.982991 0 321417 134.348 16.8213 15.0185 0 01 0 0 0 0 0 0 0 0 0 0 0 0 0 0 0 
0.00734241307569490943 1.43909 0 362931 125.318 16.8156 15.0129 0 01 0 0 0 0 0 0 0 0 0 0 0 1.45117 1.45117 0 0 
0.00739120409825253042 0.22287 1 466811 0 11.686 7.67308 0 0 1 -93.0863 2.94947 -6.24531 0 0 0 -0 0 0 0 -0 1.34319 4.86114 0 265.527 
0.00753962442781124734 1.13638 0 332286 106.732 15.9225 14.1607 0 01 0 0 -0 0 0 0 -0 0 0 0 -0 1.14395 1.14395 0 0 
0.00758404069002033363 0.0497501 0 542592 0.57339 16.6636 14.8675 0 01 0 -0 0 0 0 -0 0 0 0 -0 0 4.37729 8.42149 2189.31 9443.76 
0.00758471001284194337 0.322074 1 253790 0 12.6838 9.07965 0 0 1 28.5051 45.3018 45.5532 0 0 0 0 0 0 0 0 0 0.618293 0 0 
0.00762368787647831406 1.78552 0 217686 100.932 15.4615 13.7231 0 01 0 0 0 0 0 0 0 0 0 0 0 0 0 0 0 
0.00763097217733714733 0.103069 1 268677 0 11.4277 7.3672 0 0 1 57.8151 -11.1235 3.54412 0 0 -0 0 0 0 -0 0 4.24983 7.99326 3615.04 8683.22 
0.00765463117871175922 36.3915 0 381331 98.9901 15.3037 13.5738 0 01 0 0 0 0 0 0 0 0 0 0 0 0 0 0 0 
0.00766283858191221193 0.144423 0 188351 0.308609 11.3928 7.32764 0 64.5011 -25.7079 43.8326 -39.7264 0 0 0 -0 0 0 0 -0 5.19018 9.3536 2732.91 10941.2 
0.00769148818799075731 0.467746 0 549141 0 14.9622 13.2512 0 01 0 0 0 0 0 0 0 0 0 0 0 0.463623 1.40299 0 0 
0.00771210734487080222 0.963947 0 345768 95.6185 15.021 13.3065 0 01 0 0 0 0 0 0 0 0 0 0 0 0.948135 0.948135 0 15.802 
0.00773132503773383759 1.60916 0 261806 94.5324 14.9316 13.2223 0 01 0 0 0 0 0 0 0 0 0 0 0 0 1.62621 0 0 
0.00776954545601898222 0.0468416 0 437373 0.105811 14.5589 12.7028 0 7.014181 -6.63062 -0.36894 -2.25776 0 -0 0 0 0 -0 0 0 4.29814 8.54648 5134.26 9435.93 
0.00777323432513165723 0.348338 0 451245 2.06628 15.3704 13.6369 0 01 0 0 0 0 0 0 0 0 0 0 0 1.03759 1.74088 1.44089 245.526 
0.00777364613068029335 0.318337 0 61874 0.167888 14.5352 12.6488 0 7.912011 -5.36555 5.15097 -2.69784 0 0 0 -0 0 0 0 -0 0.633769 2.79841 0 142.105 
0.00779488563511108318 0.496292 0 301737 91.1998 14.6422 12.8938 0 1.27161 -1.22522 0.291256 0.175982 0 0 0 0 0 0 0 0 0 2.02816 0 0 
0.007881659528975727 0.704985 0 159815 0.0821395 14.1674 11.8396 0 16.38181 16.3423 0.946937 0.629281 0 0 0 0 0 0 0 0 0 1.39141 0 0 
0.00792452457402304661 0.245978 0 78203 0.18358 14.0999 11.6965 0 17.49241 -15.5408 -7.37968 3.16343 0 -0 0 0 0 -0 0 0 0.686289 3.27505 0 0 
0.00794344798030405599 0.409478 0 276984 0.0959743 13.845 11.1711 0 21.28791 8.50051 -10.6573 16.3505 0 0 -0 0 0 0 -0 0 0 0.418123 0 0 
0.00800641855020212123 1.51018 0 379198 81.8962 13.7823 11.0454 0 43.2511 35.3079 1.09714 -24.9558 0 0 0 0 0 0 0 0 1.52441 1.52441 0 0 
0.00802696095063508593 0.508464 0 362265 0.173715 13.7068 10.8965 0 15.45071 -9.8137 -6.02782 10.2995 0 0 -0 0 0 0 -0 0 0.51665 0.51665 0 0 
0.00806849673000911011 0.351822 0 395360 79.5825 13.5567 10.6059 0 39.71941 -36.9066 5.79385 -13.4895 0 -0 0 0 0 -0 0 0 1.43206 5.05801 0 168.295 
0.00808228088565770414 0.834414 0 283475 79.1005 13.5078 10.513 0 58.49551 -51.5944 -9.671 -25.811 0 0 -0 0 0 0 -0 0 0 0 0 0 
0.0080935370029312486 0.162959 0 465263 0.198295 13.4094 10.3288 0 23.00051 -18.2876 13.4762 -3.6023 0 0 0 -0 0 0 0 -0 1.46753 4.33446 172.229 439.612 
0.00810254569688669858 0.165931 0 559576 0.291463 11.5508 7.51002 0 104.6871 -51.7027 -60.9193 67.6383 0 0 -0 0 0 0 -0 0 1.78932 4.78435 0 1202.12 
0.00813556205906174924 0.362718 0 477696 0.474485 13.3251 10.1739 0 88.73771 71.3393 -2.83195 -52.698 0 0 -0 0 0 0 -0 0 0.356615 1.44231 0 0 
0.00815709660787513648 0.769537 0 362975 0.0878305 13.2532 10.044 0 39.53271 6.24035 -19.9477 -33.5556 0 0 0 -0 0 0 0 -0 0 0.776593 0 0 
0.00816898572638714675 0.888139 0 330344 76.1778 13.2118 9.96998 0 70.6031 -10.4389 -58.1858 38.6035 0 0 0 0 0 0 0 0 0.872518 1.76314 0 0 
0.00818763630977874073 0.125897 1 477826 0 11.3297 7.2575 0 0 1 39.7553 -9.42346 38.5098 0 0 0 0 0 0 0 0 5.94806 11.3988 6156.9 12640.1 
0.00821361988727419695 0.365625 0 219171 0.390797 10.4773 6.44663 0 124.3661 91.9478 23.5751 80.3539 0 0 0 0 0 0 0 0 0.71454 2.16389 258.814 258.814 
0.00821899116263800217 0.135824 0 434275 0.19556 12.9916 9.58641 0 102.3021 45.3477 65.1589 -64.5258 0 0 0 -0 0 0 0 -0 2.97857 6.6655 359.718 3318.56 
0.00830382289287697091 1.01491 0 328227 72.1206 12.789 9.24917 0 130.351 47.396 -2.44524 121.403 0 0 0 0 0 0 0 0 0 3.03755 0 0 
0.00830780688095372581 0.16536 1 115918 0 10.5416 6.49857 0 0 1 -82.6805 50.8059 -103.207 0 -0 0 0 0 -0 0 0 2.36417 5.29261 123.759 1033.74 
0.00832313198647125288 0.345865 0 516768 0.19228 12.6511 9.02822 0 56.28571 -22.2266 39.038 33.9131 0 -0 0 0 0 -0 0 0 0.677853 3.28588 0 416.339 
0.00834755352019802416 0.347082 0 205777 70.9066 12.6586 9.03997 0 187.4161 -175.632 -34.94 55.292 0 0 -0 0 0 0 -0 0 1.98455 5.56213 0 0 
0.00837092422863745626 1.23761 0 335995 70.2877 12.5909 8.93398 0 55.83271 31.5081 7.45156 -45.4864 0 0 0 0 0 0 0 0 0 1.22719 0 0 
0.00838484141691010765 0.204657 1 102311 0 10.292 6.3049 0 0 1 -50.78 -208.162 142.795 0 0 0 0 0 0 0 0 1.60685 5.11905 0 141.909 
0.00841258541682611723 0.229501 0 471261 0.0938605 12.4397 8.70263 0 21.91151 -20.3417 -1.39135 -8.02453 0 -0 0 0 0 -0 0 0 1.00559 3.70525 0 271.153 
0.00843004743037313424 0.422333 0 444013 1.22402 12.5173 8.81998 0 108.721 105.146 27.2106 4.89372 0 0 0 0 0 0 0 0 1.28552 3.41318 0 0 
0.00843061174178964638 0.668172 0 496355 1.10849 12.3331 8.54441 0 166.1661 43.5543 40.4995 155.157 0 0 0 0 0 0 0 0 0 0.653415 0 0 
0.00848077508989018673 0.296395 0 531342 0.68951 12.5305 8.84015 0 100.9511 -28.606 33.0724 90.9886 0 0 0 0 0 0 0 0 0.307151 2.36242 101.237 101.237 
0.00856326035317814607 0.315682 0 449525 0.130823 11.0967 7.00991 0 147.2531 -124.95 -27.5213 -72.8932 0 -0 0 0 0 -0 0 0 1.49436 3.83919 0 178.103 
0.00857107438718662969 0.16579 0 425088 0.160493 11.9678 8.03406 0 84.0121 -70.4683 45.5694 3.95579 0 0 0 0 0 0 0 0 3.99987 9.56395 3334.08 7483.71 
0.00858107736506097743 0.126738 0 114998 0.696983 9.92527 6.05793 0 101.2381 -26.1267 -95.7608 -19.9113 0 0 -0 0 0 0 -0 0 3.42277 8.52781 2328.4 7612.77 
0.00859859254589493208 0.34072 1 445993 0 10.3844 6.37408 0 0 2 27.716 62.1605 10.0841 0 0 0 0 0 0 0 0 0.320263 1.66547 0 0 
0.008615646284917974 0.685074 1 111328 0 9.91843 6.05375 0 0 1 114.313 -12.3566 -35.9064 0 0 0 0 0 0 0 0 0 0 0 0 
0.00862700076549818319 0.350909 0 310350 0.573106 11.7582 7.76293 0 98.82321 96.4572 -20.5585 6.27477 0 0 0 0 0 0 0 0 0.324741 2.02883 0 0 
0.00866913350289203084 2.51521 0 325363 63.3838 11.805 7.82215 0 230.1251 174.963 48.4879 141.402 0 0 0 0 0 0 0 0 0 0 0 0 
0.00867807954465851794 0.757218 0 235912 0.192966 11.7871 7.79943 0 122.1351 -106.347 -49.9844 -33.2994 0 0 0 -0 0 0 0 -0 0 0.755103 0 0 
0.00873795152259005704 0.269007 0 662624 0.402894 11.5649 7.52696 0 77.0341 40.8982 14.2519 -63.7059 0 0 0 -0 0 0 0 -0 0 2.31831 0 0 
0.00874102998496500277 0.464391 0 435705 0.118395 11.5127 7.46544 0 130.7041 116.258 24.2066 -54.6048 0 0 0 -0 0 0 0 -0 0 0.948368 0 0 
0.00876396224931949575 0.235159 0 110778 61.5212 11.5881 7.55446 0 88.03941 -77.9571 -11.1425 39.3633 0 0 -0 0 0 0 -0 0 1.30787 3.29156 0 0 
0.00877731533827075423 0.286195 0 490001 0.115085 11.5598 7.52072 0 158.9781 81.3243 0.43485 -136.603 0 0 0 0 0 0 0 0 1.77354 4.81876 0 370.121 
0.00877805376508664949 0.511777 0 213283 0.084169 11.4977 7.44789 0 140.1931 22.5671 108.737 -85.5627 0 0 0 0 0 0 0 0 0 0.504617 0 0 
0.00878320323775055867 0.221633 1 11010 0 9.71074 5.93438 0 0 1 39.5754 30.8139 -18.6199 0 0 0 -0 0 0 0 -0 3.30244 7.49369 209.847 1173.77 
0.0087876601045975191 0.798009 0 164435 0.144001 11.4561 7.39978 0 29.8961 -29.6643 -3.33139 -1.64424 0 0 0 -0 0 0 0 -0 0 0 0 0 
0.00881515152389501094 0.103132 0 338207 0.134476 11.4705 7.41637 0 61.22341 20.1654 23.0725 -53.003 0 0 0 0 0 0 0 0 4.72836 10.1258 3476.88 6109.27 
0.00885787510177499064 0.273636 0 426562 0.462423 17.0937 15.2797 0 01 0 0 -0 0 0 0 -0 0 0 0 -0 0.23438 4.28863 0 108.007 
0.00887479599134840397 0.0602549 0 176147 0.205686 11.3432 7.27226 0 67.8511 -67.7955 -1.46633 -2.31893 0 0 0 0 0 0 0 0 3.24122 8.00134 1282.72 3134.6 
0.00887564923698685483 0.00953827 0 197790 0.160047 9.93573 6.06435 0 153.7341 -122.169 93.3124 1.32434 0 0 0 0 0 0 0 0 4.82925 10.5042 3696.4 9516.2 
0.0088861166726979645 0.566409 0 433549 0.106142 11.267 7.18888 0 82.88451 -26.8226 25.7952 -74.0608 0 0 0 -0 0 0 0 -0 0 0 0 0 
0.0089073480242756551 0.366196 0 423237 0.0868162 12.5119 8.81189 0 99.02151 98.4635 -7.33486 7.51046 0 0 0 0 0 0 0 0 0 1.14118 0 0 
0.0089240774903768371 0.0637846 1 429336 0 10.1607 6.21125 0 0 2 11.1185 0.904856 1.60013 0 0 0 0 0 0 0 0 4.59907 10.2091 2807.97 4148.76 
0.00892764526561791449 0.737378 0 327684 58.6096 11.2327 7.15204 0 179.6511 -108.173 -136.001 45.5733 0 -0 0 0 0 -0 0 0 0 0 0 0 
0.00893431793007652859 0.174638 1 107024 0 9.60709 5.88021 0 0 1 117.62 27.5621 -9.62532 0 0 0 0 0 0 0 0 0.991016 3.12102 0 262.028 
0.00896109693414412663 0.710551 0 396909 58.0621 11.1578 7.07301 0 64.23961 64.0607 -3.20214 3.56243 0 0 0 0 0 0 0 0 0.695611 2.80254 19.9384 19.9384 
0.00898334764960508937 0.202734 0 52253 57.7001 11.1201 7.03395 0 77.12461 -73.9432 -6.99574 -20.7764 0 0 0 -0 0 0 0 -0 1.77218 5.24061 0 1249.17 
0.00898965647194292956 0.791677 0 317807 57.5989 11.1006 7.01401 0 245.7581 107.059 -82.7571 -205.151 0 0 0 -0 0 0 0 -0 0.781914 0.781914 0 0 
0.00900099409540587418 1.32562 0 291197 57.4143 11.0833 6.99639 0 159.2571 148.86 -56.4318 -4.37125 0 0 -0 0 0 0 -0 0 0 1.34482 0 0 
0.00902559109824850776 0.776696 0 243358 57.0413 11.0314 6.94411 0 222.4691 -146.834 67.7358 152.787 0 0 0 0 0 0 0 0 0.772298 1.53793 0 0 
0.00902957247973769188 0.101367 0 61625 0.566571 9.41307 8.19171 0 01 0 0 0 0 0 0 0 0 0 0 0 2.54627 7.31745 1062.62 4961.62 
0.00905324235665327763 0.355252 0 383467 56.599 10.9793 6.89262 0 115.111 20.507 -74.6647 -85.1767 0 0 0 0 0 0 0 0 0.331682 1.3667 0 0 
0.00906163316066074635 0.622306 0 426380 0.300371 10.8472 6.76638 0 167.3111 158.097 35.2719 -41.8832 0 0 0 0 0 0 0 0 1.25101 2.50935 0 0 
0.00908057543373437526 0.142792 0 134142 0.187885 10.8853 6.80212 0 109.0321 -67.1728 -18.2274 83.9256 0 0 0 0 0 0 0 0 4.75264 10.0188 1251.97 8250.9 
0.00911290886612377456 0.409616 1 435817 0 11.3492 7.27908 0 0 1 188.749 25.9509 48.9023 0 0 0 0 0 0 0 0 0.840566 3.76735 15.5659 15.5659 
0.00912060362667273077 0.20713 0 235966 0.332542 10.8297 6.75007 0 123.2121 -82.6088 40.3726 82.0182 0 0 0 0 0 0 0 0 0.605856 4.63028 0 0 
0.00913991568285544079 1.00542 0 58352 55.3119 10.8176 6.73887 0 195.6571 163.482 55.4477 -92.0916 0 0 0 0 0 0 0 0 0 0 0 0 
0.00915469924446733058 0.198375 0 432956 0.494518 10.5851 6.53432 0 200.6551 139.15 24.5688 -142.464 0 0 0 -0 0 0 0 -0 2.63051 6.18471 149.477 924.477 
0.00919015387674140469 0.154348 0 423201 0.0881432 10.6842 6.61895 0 79.51691 78.1145 -14.398 3.70871 0 0 0 0 0 0 0 0 4.71646 10.4986 1850.87 6265.15 
0.00919802623481785764 0.117963 1 398758 0 9.26291 8.06076 0 0 2 -0.57806 -1.15243 0.421972 0 -0 0 0 0 -0 0 0 2.57866 7.52174 2036.08 3972.06 
0.00921613261614027783 0.400338 0 324126 54.2403 10.6783 6.61382 0 131.3751 -48.9966 117.609 -32.0452 0 0 0 0 0 0 0 0 0.772942 3.08315 0 1.37793 
0.00922016035787549468 1.65551 0 381642 54.1803 10.671 6.60748 0 144.2051 34.0381 -139.708 10.8698 0 0 0 0 0 0 0 0 0 0 0 0 
0.00922786639069398187 0.150365 0 6409 0.421729 10.6458 6.58559 0 132.7161 -131.98 6.02869 12.5886 0 0 0 0 0 0 0 0 5.1212 10.2935 4294.09 9890.44 
0.00924762544222404448 0.218816 0 483819 0.132857 12.5956 8.94101 0 125.0821 54.0691 56.2367 -97.7721 0 0 0 0 0 0 0 0 1.50692 3.53733 211.99 211.99 
0.00926838220634581926 0.192347 0 265002 0.314615 9.06088 7.88455 0 01 0 0 0 0 0 0 0 0 0 0 0 0.232362 2.98987 0 0 
0.00928496194956212641 0.975422 0 379809 53.2254 10.6656 6.60276 0 225.4641 83.0621 -94.9574 186.864 0 0 0 0 0 0 0 0 0 0.995531 0 0 
0.00932520125665486053 0.486846 0 75494 0.63753 10.6219 6.56515 0 102.921 9.24486 71.4499 -73.4983 0 0 0 0 0 0 0 0 0.978939 2.92711 0 179.357 
0.00933182010563097901 0.468675 0 25452 0.411847 8.98161 7.81541 0 01 0 0 0 0 0 0 0 0 0 0 0 0 1.36306 0 0 
0.00934702542669434491 0.248178 0 306489 0.924339 10.686 6.62055 0 98.29211 5.35848 79.8525 57.0632 0 0 0 0 0 0 0 0 0.528366 3.44518 0 0 
0.00935169735629113458 0.652762 0 235149 52.2635 10.6865 6.62094 0 129.5451 -10.3679 -7.61468 128.905 0 0 -0 0 0 0 -0 0 0 0.676295 0 0 
0.00937352321328305434 0.538156 0 44453 0.110237 10.6901 6.6241 0 72.71251 10.9766 71.0127 11.1278 0 0 0 0 0 0 0 0 0 0 0 0 
0.00939753022188947844 0.831805 0 27716 0.200697 10.7021 6.63466 0 189.5071 -117.477 -105.541 104.753 0 0 0 0 0 0 0 0 0.831394 2.48781 0 0 
0.00943371098649319409 0.336913 0 74245 0 10.7201 6.6506 0 193.2591 -159.17 15.1992 -108.55 0 0 0 -0 0 0 0 -0 0.687566 3.52992 0 154.599 
0.00943788252435851654 0.643329 0 460453 0.166192 10.593 6.54087 0 101.4591 -90.536 -25.1378 38.2798 0 0 0 0 0 0 0 0 1.26334 1.90227 0 0 
0.00944508802823691707 0.411449 1 424113 0 9.56769 5.86057 0 0 1 85.3351 -96.0537 -28.2347 0 0 0 0 0 0 0 0 1.67238 4.63918 0 20.1499 
0.00944739682546592678 0.084295 0 476191 0.144341 10.2293 6.25938 0 105.5551 104.744 8.70991 -9.72677 0 0 0 0 0 0 0 0 2.93822 7.82301 787.341 3892.59 
0.00944849531657469127 1.60244 0 344057 50.9575 10.7105 6.64206 0 75.00381 71.9826 19.0396 -9.03155 0 0 0 0 0 0 0 0 0 1.59292 0 0 
0.00948275606817597892 0.682708 0 359834 50.5153 10.7187 6.64937 0 103.1031 -15.3129 -50.2358 -88.7246 0 0 -0 0 0 0 -0 0 0 2.08229 0 0 
0.00953095502473486067 0.604413 0 605627 0.149148 10.7606 6.68678 0 132.5021 -105.377 29.3034 -74.7903 0 0 0 -0 0 0 0 -0 0 0.615899 0 0 
0.00956202244468558858 0.130237 0 478636 0.194282 10.7439 6.67181 0 131.0271 0.395642 125.003 39.2682 0 0 0 0 0 0 0 0 3.21803 7.77673 2159.6 6064.51 
0.00959112456205848951 0.365594 0 462115 0.111222 12.9061 9.44203 0 56.70191 48.4999 4.95282 -28.954 0 0 0 -0 0 0 0 -0 0.724818 1.76961 0 113.108 
0.00959846694381596109 1.14126 0 361078 49.0859 10.7633 6.68921 0 154.5541 -1.96882 92.315 -123.94 0 0 0 -0 0 0 0 -0 0 2.27449 0 0 
0.00960181665296879795 0.266663 0 672794 0.204033 10.6986 6.63155 0 82.51661 78.83 -23.0905 7.85216 0 0 0 0 0 0 0 0 1.26525 3.17086 0 124.181 
0.00960266576856903982 0.304606 0 314533 49.0375 10.7617 6.68778 0 78.31561 -44.0598 -28.688 58.0436 0 -0 0 0 0 -0 0 0 0.611209 1.91788 0 0 
0.00961466578728920052 0.623373 0 256067 0.386418 10.6966 6.62984 0 70.73431 -52.7087 46.0701 10.1327 0 -0 0 0 0 -0 0 0 0 0.629832 0 0 
0.00965280227487069244 0.211131 0 439910 0.131387 10.6928 6.62649 0 94.49641 19.4473 -84.8126 -36.8537 0 0 0 0 0 0 0 0 1.15699 5.37994 0 343.596 
0.00966084806648654509 0.415264 1 428213 0 9.21152 8.01594 0 0 2 2.22412 -0.00392137 -2.91264 0 0 0 -0 0 0 0 -0 0.429009 2.58759 0 0 
0.00966936359509030022 0.316444 0 62226 1.56554 10.715 6.64612 0 77.76721 28.1355 58.0721 43.4023 0 0 0 0 0 0 0 0 0.617343 2.50773 0 0 
0.00972574466447320013 0.199629 0 164882 0.529872 10.6654 6.60268 0 99.17971 38.6888 77.4557 -48.3777 0 0 0 0 0 0 0 0 2.64968 6.70915 396.777 679.52 
0.00973122826675869648 0.18824 0 244454 47.648 10.675 6.611 0 169.0821 -78.7045 142.432 -45.9062 0 -0 0 0 0 -0 0 0 3.51601 9.2016 1197.71 1691.36 
0.0097570665469993937 0.486972 0 54190 0.271251 8.5882 7.47216 0 01 0 0 0 0 0 0 0 0 0 0 0 0 1.48666 0 0 
0.00977160052603153265 0.939388 0 285251 47.225 10.6496 6.58893 0 106.9441 75.8122 -12.8987 74.3173 0 0 0 0 0 0 0 0 0.918511 0.918511 0 0 
0.00977395744729970921 0.648274 1 162029 0 8.51504 7.40824 0 0 2 -0.525009 -1.42372 0.0749414 0 0 -0 0 0 0 -0 0 0.645509 2.57033 0 0 
0.00977694584263366986 0.913232 0 392042 47.1703 10.6459 6.58576 0 146.4761 -87.3275 -59.2158 101.6 0 0 -0 0 0 0 -0 0 0 3.60305 0 0 
0.00977825560132429723 1.59937 0 384887 47.1598 10.6444 6.58449 0 218.9281 191.169 20.5832 104.691 0 0 0 0 0 0 0 0 0 0 0 0 
0.00978593267714985074 0.377222 0 576602 0.0845677 12.6803 9.07434 0 46.07781 -3.11491 -40.9827 -20.8299 0 0 0 0 0 0 0 0 0.397823 0.808788 0 0 
0.00982235438926520356 0.412503 1 99846 0 8.52563 7.41728 0 0 1 0.297427 -0.525513 1.13517 0 0 0 0 0 0 0 0 1.95781 3.97871 118.954 480.567 
0.00982388263864893488 0.336175 0 282000 0.135205 10.6156 6.55982 0 186.5371 124.874 68.4076 120.511 0 0 0 0 0 0 0 0 0.341737 2.40128 0 0 
0.0098267662531435658 0.23106 0 444797 0.122608 13.052 9.68968 0 75.71461 -0.996942 -32.3745 -68.4369 0 -0 0 0 0 -0 0 0 1.76155 5.22204 0 741.704 
0.00983304653113147714 0.899002 0 344190 46.6096 10.6096 6.55481 0 118.2691 -81.2473 -76.2876 -39.5818 0 0 0 -0 0 0 0 -0 2.72367 2.72367 0 113.449 
0.00984013737658064394 0.195693 0 475711 0.370206 10.5752 6.52609 0 147.3141 -35.2981 -11.1858 -142.585 0 0 0 0 0 0 0 0 1.53089 4.20313 42.8948 563.015 
0.00985136394673815502 0.146233 0 420954 0.240837 10.546 6.50208 0 164.6171 -79.8688 70.6589 -125.407 0 0 0 0 0 0 0 0 6.80056 12.4249 2787.68 8775.72 
0.00985136394673815502 0.187316 0 139943 0 10.565 6.51766 0 134.0431 128.136 -24.3885 -30.8858 0 0 0 0 0 0 0 0 2.12527 6.74392 283.193 285.028 
0.00986556922465561988 0.556598 0 499876 0.226507 10.5076 6.47089 0 104.5041 21.2371 -71.6356 -73.0641 0 0 -0 0 0 0 -0 0 0 2.23387 0 0 
0.00987679202883932038 0.0878087 0 290261 0.547286 10.5812 6.53113 0 134.4061 31.7568 -3.89943 -130.542 0 0 0 -0 0 0 0 -0 6.63809 12.6935 3675.18 7431.51 
0.0098809684688395908 0.51385 0 334216 0.248822 10.5092 6.47215 0 183.3851 173.576 -40.3604 -43.2709 0 0 0 -0 0 0 0 -0 0.536039 1.58922 0 0 
0.00989176072620337986 0.244893 0 482859 0.118022 9.34208 8.12973 0 01 0 0 0 0 0 0 0 0 0 0 0 1.33312 3.2091 0 105.594 
0.00992923175006176634 0.161033 0 57888 0.870046 10.4653 6.43708 0 207.8761 112.593 -170.252 39.3609 0 0 0 0 0 0 0 0 3.19227 6.7607 1052.27 5164.03 
0.00992971260264071363 0.103335 0 194155 0.195606 10.5357 6.49361 0 255.961 -3.62732 241.765 -83.9776 0 0 0 0 0 0 0 0 3.7724 9.51283 4270.41 7365.47 
0.00994892552255936986 0.141121 0 65477 0.0962146 10.5362 6.49398 0 88.43241 -38.3543 76.9826 -20.5651 0 0 0 0 0 0 0 0 4.10084 9.79618 4628.37 7884.9 
0.00994942995986911917 0.407205 0 146828 45.4911 10.5354 6.49334 0 106.7051 57.2171 -88.8738 14.6172 0 0 0 0 0 0 0 0 0.410366 1.58652 0 0 
0.00999321082461053327 0.115751 0 457830 0.529074 10.354 6.351 0 122.4991 -45.5643 31.9079 109.141 0 0 0 0 0 0 0 0 5.88974 11.1262 2.56719 9106.14 
0.010000500842927286 0.377378 0 205268 0.389244 10.8398 6.75938 0 93.80481 93.6187 5.13334 -2.92164 0 0 0 0 0 0 0 0 1.55917 3.95117 0 1.43834 
0.0100063780259211973 0.438826 1 427071 0 11.4723 7.41843 0 0 2 -146.839 -56.5714 11.9782 0 0 0 0 0 0 0 0 0.433503 3.02728 0 6.16388 
0.010049469584013945 0.478734 0 466368 0.421729 10.3903 6.37862 0 197.6871 -144.067 -135.328 -3.38184 0 0 -0 0 0 0 -0 0 0 1.85846 0 0 
0.0100622315262427191 0.345893 0 303887 44.4687 10.4659 6.43752 0 143.7211 143.588 -5.90839 -1.88157 0 0 0 -0 0 0 0 -0 0.723924 1.78716 0 0 
0.0100963713326763377 0.906601 0 284405 0 10.4606 6.43335 0 66.84071 -66.6723 0.606154 -4.70286 0 0 0 0 0 0 0 0 0 0 0 0 
0.0100991116044505877 2.49413 0 361508 44.148 10.4424 6.41899 0 152.0861 -96.672 13.1319 -116.672 0 0 0 -0 0 0 0 -0 0 0 0 0 
0.0101251173117027724 0.265449 1 435718 0 8.66863 7.54227 0 0 2 0.0258603 0.536531 -0.366246 0 0 0 0 0 0 0 0 1.11351 3.4985 0 0 
0.0101352820040170079 0.354099 0 141955 2.16512 10.4219 6.403 0 220.771 -116.17 45.5999 -182.112 0 0 0 -0 0 0 0 -0 0 1.83569 0 0 
0.010154360326264612 0.365389 0 445648 0 10.3029 6.31287 0 83.88091 -82.0577 -16.8934 -4.14257 0 0 0 -0 0 0 0 -0 0.365952 2.86405 0 0 
0.0101762062968605554 0.246129 0 83883 0.412889 10.3975 6.38413 0 167.7691 153.048 -0.664251 -68.7195 0 0 0 -0 0 0 0 -0 1.11388 4.84991 0 0 
0.010178478009184002 0.689707 0 463238 0.199989 10.4 6.38608 0 102.0491 3.20492 84.7633 56.7363 0 0 0 0 0 0 0 0 0 0 0 0 
0.0101847223030629933 1.9157 0 85753 0.341533 10.3924 6.3802 0 58.79591 58.7705 -1.51024 -0.84198 0 0 0 0 0 0 0 0 0 0 0 0 
0.0101951891348750195 0.0881236 0 570523 0 10.3328 6.33506 0 255.1171 -118.804 -41.6568 -221.889 0 0 0 0 0 0 0 0 2.29049 7.83936 2245.21 5853.04 
0.0101963648708321957 0.173388 0 440900 0.333339 10.2553 6.27806 0 287.7141 287.503 2.56034 -10.7115 0 0 0 0 0 0 0 0 3.12784 7.25638 2614.34 7011.84 
0.0102163292809555901 2.07974 0 393629 43.1693 10.3726 6.36504 0 158.4491 -22.9743 36.6792 -152.424 0 0 0 0 0 0 0 0 0 0 0 0 
0.0102368858777608807 0.305559 0 552487 0.0825676 8.53464 7.42515 0 01 0 0 0 0 0 0 0 0 0 0 0 0.922959 4.21654 0 0 
0.010256766906140212 0.719953 0 267239 0.135226 10.2438 6.26983 0 190.4731 -145.28 6.84405 122.991 0 0 0 0 0 0 0 0 0 0 0 0 
0.0102586226948863813 0.108926 0 131772 0.292792 10.2503 6.2745 0 129.7321 89.5434 81.073 47.3239 0 0 0 0 0 0 0 0 4.03335 9.6011 3020 6215.09 
0.0103868913470200278 2.40186 0 364519 41.8438 10.2744 6.29198 0 114.5431 -72.2186 45.754 -76.2313 0 0 0 0 0 0 0 0 0 0 0 0 
0.0104272052488147762 1.47385 0 399060 41.5475 10.2511 6.27508 0 114.151 -81.1008 -69.6277 -40.0618 0 0 -0 0 0 0 -0 0 0 0 0 0 
0.0104365951564340045 0.750675 0 168232 2.09257 7.93147 2.26744 0 220.4981 -219.752 6.74905 16.828 0 0 0 0 0 0 0 0 0 1.49243 0 0 
0.0104428099278851636 0.332906 0 463638 0.217283 10.0687 6.14913 0 202.8181 -187.299 -65.0726 -42.6584 0 0 0 0 0 0 0 0 0.956508 6.50395 0 227.562 
0.0104469403403816379 0.559929 0 541130 0.212314 10.2504 6.27455 0 141.781 -125.879 15.0641 -63.4753 0 -0 0 0 0 -0 0 0 0 0 0 0 
0.0104587909134870836 0.474412 0 373672 41.3139 10.2332 6.26223 0 98.09491 -28.5568 -28.5368 -89.4023 0 0 0 0 0 0 0 0 0.45943 0.924164 0 84.5662 
0.0104901687272338697 1.59505 0 330060 41.0883 10.2156 6.24969 0 61.14521 -60.8704 -5.7306 0.828512 0 0 -0 0 0 0 -0 0 0 3.17587 0 0 
0.010498572158082255 0.754085 0 334260 41.0287 10.2107 6.24619 0 273.2051 273.203 -0.561304 1.01888 0 0 0 0 0 0 0 0 0.743608 3.73254 0 0 
0.010508942040604664 0.363772 1 0 0 7.86826 2.25486 0 0 1 -262.967 97.7518 57.6988 1 -406.488 -154.381 -200.686 0 -0 0 0 1.10937 2.18724 0 0 
0.0105332540598496571 0.118048 0 545575 0 9.90891 6.048 0 129.6271 107.907 -25.4591 -67.1654 0 0 -0 0 0 0 -0 0 6.58364 12.8742 3600.72 7486.02 
0.0105389524644695573 1.19168 0 295464 40.7464 10.1884 6.23058 0 240.0191 -237.687 -27.4133 19.0294 0 0 0 0 0 0 0 0 1.18983 2.36488 19.1702 19.1702 
0.0105424775293648954 0.489504 0 252721 0.350024 10.1863 6.22907 0 135.1371 -8.61663 108.687 79.8434 0 0 0 0 0 0 0 0 0.458358 0.458358 0 0 
0.0105707949299131011 0.263552 0 5284 0 10.1702 6.21791 0 258.3421 -67.0661 110.921 223.471 0 0 0 0 0 0 0 0 1.14478 5.35666 0 500.744 
0.010572138888313801 0.208014 0 455849 0.104003 10.1036 6.17242 0 224.4081 175.033 -16.9193 -139.414 0 0 0 0 0 0 0 0 0.91383 4.29211 0 302.456 
0.0105832272877422213 0.286628 0 22499 0.104605 10.1639 6.21355 0 199.4771 -163.382 -106.538 -41.7987 0 0 -0 0 0 0 -0 0 2.43899 6.97063 323.181 542.193 
0.0105929846331339287 0.472493 0 205163 0.17017 10.1581 6.20954 0 99.84741 -71.4389 32.247 61.8556 0 0 0 0 0 0 0 0 0.972598 3.31337 0 38.8773 
0.0106193303858694681 0.993984 0 255934 40.1963 10.1446 6.20032 0 177.2631 -77.9538 -135.74 -83.1859 0 0 0 0 0 0 0 0 0 0 0 0 
0.0106326943957022607 0.0313553 0 551570 0.150229 10.8113 6.73323 0 111.9511 73.4422 -30.9446 78.6237 0 0 0 0 0 0 0 0 4.97501 11.0053 1171.75 4891.64 
0.0106462617086669764 0.926909 0 207965 40.0184 10.1298 6.1902 0 163.5631 -22.2272 75.588 143.336 0 -0 0 0 0 -0 0 0 0 2.78395 0 0 
0.0106882410357205266 0.816659 0 219847 39.7453 10.107 6.17469 0 128.8871 124.957 14.1012 -28.2626 0 0 0 0 0 0 0 0 0 0.817949 0 0 
0.0107154684219691685 0.262509 0 507064 1.81844 10.1512 6.20472 0 148.6891 -26.122 -90.538 115.017 0 0 0 0 0 0 0 0 1.43021 5.08696 0 12.9884 
0.0107201754640436075 0.178128 0 191234 39.5368 10.0892 6.16276 0 221.3611 -174.891 -135.223 11.333 0 0 0 0 0 0 0 0 2.02834 6.65539 2398.65 5083.93 
0.0107418828818437312 0.0575771 0 461754 0.110291 9.96046 6.07969 0 374.5491 106.513 -112.48 -341.014 0 0 0 0 0 0 0 0 2.31832 7.23727 411.607 2758.82 
0.0107464418326507702 0.311875 0 50618 0.0968078 10.0756 6.15373 0 238.4891 84.6681 63.6405 213.678 0 0 0 0 0 0 0 0 1.98709 5.00747 0 543.352 
0.0107521847977441257 2.38365 0 246436 39.3317 10.0729 6.15191 0 84.13021 -31.6592 45.8845 63.0095 0 -0 0 0 0 -0 0 0 0 0 0 0 
0.0107526437032873876 2.35222 0 398460 39.3299 10.0726 6.15172 0 292.6651 -167.958 -196.657 137 0 0 0 0 0 0 0 0 0 0 0 0 
0.0107586343149991392 0.43528 0 209143 0.674869 10.0696 6.14977 0 132.3861 126.405 -5.25365 38.9909 0 0 0 0 0 0 0 0 0 1.32527 0 0 
0.0107916530512699033 0.975721 0 36465 0.715465 10.0517 6.13797 0 44.12321 19.2463 -16.0396 -36.3203 0 0 0 0 0 0 0 0 0 0 0 0 
0.0107956718091546354 0.126591 0 427823 0.298868 9.86603 6.02229 0 169.1931 -165.989 -31.0626 -10.4465 0 0 0 -0 0 0 0 -0 4.91313 10.6869 1843.08 8559.3 
0.0108093005015972264 0.468328 0 222067 38.9746 10.0419 6.13163 0 82.31221 11.4188 -9.60845 -80.9481 0 0 0 0 0 0 0 0 0 2.86308 0 0 
0.0108122540794260823 1.5347 0 473271 0.969834 9.86116 6.01942 0 128.1261 -124.112 31.2551 5.96767 0 -0 0 0 0 -0 0 0 0 0 0 0 
0.0108408657066285472 0.354362 0 590525 23.6268 10.0352 6.12722 0 71.14311 -69.7863 13.4447 3.23391 0 -0 0 0 0 -0 0 0 1.14533 1.88411 0 0 
0.0108494019719086125 0.204967 0 23355 0.0888088 9.94098 6.06761 0 128.3081 -94.0375 70.746 -51.1364 0 0 0 0 0 0 0 0 1.66415 5.85498 0 199.355 
0.0108540106204240826 0.20321 1 0 0 7.87993 2.25718 0 0 1 -188.676 393.8 217.047 1 -285.813 542.743 -148.059 0 -0 0 0 2.65387 6.93055 619.313 821.664 
0.010874612124787443 1.02389 0 167586 38.5806 10.0089 6.11031 0 27.40791 11.2835 24.9199 1.69424 0 0 0 0 0 0 0 0 0 2.03002 0 0 
0.0108796726668205553 0.785001 1 0 0 7.90937 2.26304 0 0 1 -39.6801 28.3185 -13.2521 1 95.046 215.076 -12.3257 0 0 0 0 0 1.59494 0 0 
0.0108872639268301295 1.33976 0 303045 38.5069 10.0018 6.10578 0 117.2481 83.1658 -81.4448 14.0491 0 0 0 0 0 0 0 0 0 3.95282 0 0 
0.0108963152697003178 1.30644 0 292985 38.4492 9.99623 6.10224 0 96.06951 -94.9734 6.20391 13.0735 0 0 0 0 0 0 0 0 0 0 0 0 
0.0109033474379294539 0.657485 0 307821 38.4061 9.99315 6.10028 0 213.691 132.619 -146.09 -82.0557 0 0 0 0 0 0 0 0 0 0 0 0 
0.0109078197794270845 0.185004 0 688103 0.44744 9.97402 6.08819 0 94.43281 -71.9073 -60.1921 -11.1266 0 0 0 0 0 0 0 0 3.84063 9.07432 3743.33 7479.03 
0.0109205582289713474 0.839448 0 159247 38.304 9.98463 6.09488 0 115.6161 29.5376 -54.2246 97.7465 0 0 -0 0 0 0 -0 0 0 0 0 0 
0.0109406043745465271 1.4042 0 383571 38.192 9.97534 6.08903 0 156.8261 83.0484 -92.2263 -95.8737 0 0 0 0 0 0 0 0 0 0 0 0 
0.0109461759905982673 0.253611 0 499197 0.142754 9.85692 6.01693 0 127.3391 -95.5324 -79.8123 -26.8122 0 0 0 0 0 0 0 0 2.03665 7.03815 89.4215 162.539 
0.0109682712258325297 0.180178 0 299694 0.39849 9.96078 6.07994 0 193.9891 -108.226 -101.717 124.79 0 0 0 0 0 0 0 0 6.9436 15.439 2166.05 4006.59 
0.0109879485338397719 0.317857 1 482095 0 9.1496 7.96262 0 0 1 0.0953609 -0.745256 0.0681285 0 0 0 0 0 0 0 0 2.0221 4.72167 0 0 
0.0109931871596777725 1.60114 0 393305 37.8849 9.94813 6.07207 0 210.9721 -174.293 -118.605 -7.99648 0 0 0 0 0 0 0 0 0 0 0 0 
0.0110318610095800351 0.266477 0 87721 0.388981 9.81411 5.99202 0 196.911 -106.122 -115.985 -118.571 0 0 0 0 0 0 0 0 1.67198 6.41734 0 346.37 
0.0110371708640944841 0.204237 0 521787 0.098731 9.9302 6.06101 0 193.6561 141.965 -23.5502 129.591 0 0 0 0 0 0 0 0 1.73681 3.89969 0 6.32379 
0.0110675279949263398 0.249544 0 296006 37.4654 9.91 6.04868 0 145.2731 -112.311 -36.1807 84.7443 0 0 0 0 0 0 0 0 1.2233 4.39439 0 43.868 
0.0110716572473917481 0.326246 0 582256 0.105523 9.90608 6.04631 0 93.8361 -34.4481 83.9472 -23.904 0 -0 0 0 0 -0 0 0 1.30901 3.69483 165.703 322.243 
0.0110842661917064933 0.974731 0 323235 37.3721 9.90235 6.04405 0 113.0251 -10.8807 44.7538 103.215 0 0 0 0 0 0 0 0 0 0.960298 0 0 
0.0111351443971334924 0.668293 0 270802 37.0947 9.87667 6.02862 0 117.8961 -100.554 26.2252 -55.684 0 0 0 -0 0 0 0 -0 0.673977 2.69255 0 0 
0.011144871821831031 0.24762 0 32995 1.24411 9.87189 6.02577 0 178.4961 -156.194 86.128 6.80075 0 -0 0 0 0 -0 0 0 1.43802 5.76192 135.416 215.043 
0.0111467285472633317 0.255465 0 560112 3.25541 9.80567 5.98717 0 192.5591 -184.674 51.4606 -18.0662 0 0 0 0 0 0 0 0 2.25365 6.18268 137.433 138.442 
0.011151452179099422 0.367034 0 162583 0.619361 9.86925 6.02421 0 255.8931 -171.665 187.509 -29.2036 0 0 0 0 0 0 0 0 0 1.86591 0 0 
0.0111661307562819362 0.0874857 0 24007 36.9311 9.86211 6.01998 0 41.97841 39.5645 1.38488 13.9613 0 0 0 0 0 0 0 0 3.64119 8.62517 2376.99 5152.39 
0.0111695534669615966 0.101129 0 169315 0.370475 9.73583 5.94804 0 117.5721 -49.566 38.2359 99.5209 0 -0 0 0 0 -0 0 0 4.63717 9.93377 1320.64 5844.76 
0.0111849026243177104 0.602312 0 480682 0.127767 9.90088 6.04314 0 106.8891 -2.10996 -74.5508 76.5702 0 -0 0 0 0 -0 0 0 0 1.23104 0 0 
0.0111892495628265216 0.173708 0 62469 0 9.85174 6.01387 0 165.8591 88.3579 -108.481 89.0734 0 0 0 0 0 0 0 0 3.3712 9.42564 1260.84 3759.03 
0.0111918348966806979 0.165704 0 478537 0.199446 9.87096 6.02522 0 172.5991 -167.086 38.6905 -19.3782 0 0 0 0 0 0 0 0 3.47116 9.00184 1141.9 5651.79 
0.0112220642512373472 1.01061 0 201617 36.6365 9.83534 6.00428 0 216.2321 37.5439 -102.424 186.698 0 0 0 0 0 0 0 0 0 0 0 0 
0.011259384536862118 0.24747 0 287422 36.441 9.81764 5.99404 0 112.6021 92.5191 -26.5068 -58.4533 0 0 0 0 0 0 0 0 1.15212 2.74454 0 22.8466 
0.0112659622420665847 0.24798 0 569544 0.120369 10.7207 6.6512 0 99.92751 24.1001 -58.0232 -77.7046 0 0 -0 0 0 0 -0 0 0.674987 3.44726 0 268.641 
0.0113298813033467973 0.133213 0 567100 0.144194 9.62569 5.88967 0 116.5591 -47.756 98.2419 -40.6693 0 0 0 0 0 0 0 0 5.24862 12.8617 4184.6 8337.32 
0.0113480067490407382 0.170323 1 0 0 9.82544 5.99855 0 0 1 -36.8317 1.14719 -17.3358 1 -31.9909 -7.9437 13.2484 0 0 0 0 3.54481 7.83552 868.924 3919.67 
0.0113487400566258112 0.63539 0 198841 35.9894 9.77432 5.96941 0 169.2441 -148.608 -33.6818 -73.6528 0 0 0 -0 0 0 0 -0 0 1.28791 0 0 
0.0113580385310746781 0.252871 0 211996 0.282783 9.76953 5.96672 0 184.851 142.067 54.6276 -104.892 0 0 0 0 0 0 0 0 2.2887 6.14273 0 683.143 
0.0113654513726877231 0.253055 0 8274 0.0837498 9.7666 5.96509 0 197.2941 -80.4531 138.871 -114.748 0 0 0 0 0 0 0 0 1.50154 5.41671 0 1.0688 
0.0113709782907199051 0.388695 0 52396 0.109011 9.76443 5.96388 0 289.0991 -233.318 147.078 -86.6553 0 -0 0 0 0 -0 0 0 0.747945 3.81442 0 0 
0.0113722481958938807 1.38625 0 246660 35.8723 9.76384 5.96354 0 146.6431 -47.0493 -10.3212 -138.506 0 0 -0 0 0 0 -0 0 0 1.38829 0 0 
0.0113832615142679568 0.817241 0 186579 35.8192 9.75718 5.95983 0 379.8191 -162.01 -169.583 -298.759 0 -0 0 0 0 -0 0 0 0.811347 3.29349 0 0 
0.0113895244887514679 1.23297 0 393168 35.7896 9.75468 5.95845 0 63.73821 1.77434 0.101577 63.7134 0 0 0 0 0 0 0 0 0 0 0 0 
0.0113950927297737457 0.192196 0 662731 0.113974 9.71406 5.93618 0 179.0631 -138.198 -92.5756 66.2922 0 0 0 0 0 0 0 0 2.28745 6.33649 1965.39 3326.45 
0.011409366421748026 0.383331 0 90793 0.0876439 9.61595 5.88471 0 107.8921 -103.663 -21.7938 20.485 0 0 0 0 0 0 0 0 0.780359 4.60071 0 200.154 
0.0114115835155540954 0.592372 0 102873 35.6821 9.74488 5.95302 0 207.1521 72.5981 157.327 -113.532 0 0 0 0 0 0 0 0 0.599025 2.93741 0 0 
0.0114284489538622417 0.475022 0 382096 0.100945 9.73713 5.94875 0 251.6061 -109.527 91.0095 207.428 0 -0 0 0 0 -0 0 0 0.456286 2.76522 0 0 
0.0114936042655504386 0.610007 0 310669 35.289 9.70741 5.93259 0 177.7481 10.1907 172.758 40.5607 0 0 0 0 0 0 0 0 0 1.24867 0 0 
0.0114965504024266071 0.689972 0 87366 35.2759 9.70459 5.93107 0 76.21261 -55.0899 50.9668 13.2604 0 -0 0 0 0 -0 0 0 1.34389 1.34389 0 0 
0.0115019555756071326 0.170066 0 218673 35.2491 9.70202 5.92969 0 173.8271 -28.4863 -145.194 91.2308 0 0 -0 0 0 0 -0 0 2.54963 6.85365 2677.11 4372.63 
0.0115115682207895045 0.198706 0 429114 0.769085 12.328 8.53721 0 24.37381 -3.83373 -15.8767 18.0918 0 0 -0 0 0 0 -0 0 1.41834 3.74717 0 191.599 
0.0115134536550760714 1.17153 0 431258 1.31228 9.52682 5.84075 0 141.9351 -126.586 -61.0527 19.8475 0 0 0 0 0 0 0 0 0 2.36019 0 0 
0.0115136447991488599 0.69084 0 316784 35.195 9.6967 5.92684 0 48.46391 45.6348 -10.8947 12.1455 0 0 -0 0 0 0 -0 0 0 0 0 0 
0.0115145412472057885 0.2514 0 196116 35.192 9.69685 5.92692 0 188.7321 112.637 124.324 86.4637 0 0 0 0 0 0 0 0 1.06514 5.03248 15.071 15.071 
0.0115188514613690819 0.30408 0 191220 0.394059 9.10801 7.92586 0 01 0 0 0 0 0 0 0 0 0 0 0 3.17848 9.90338 0 621.412 
0.0115188514613690819 0.819696 1 0 0 9.74307 5.95202 0 0 1 -22.0329 -19.1685 7.24208 1 -18.1559 8.12962 16.3127 0 0 0 0 0.834842 1.65256 0 0 
0.011523852755185254 0.791992 0 302817 35.1486 9.69367 5.92522 0 57.66531 -43.9294 36.2446 -9.04514 0 -0 0 0 0 -0 0 0 0.806514 2.38331 0 0 
0.0115360455447984494 0.282482 0 477394 0.238895 9.58656 5.86991 0 150.3761 -0.235066 16.1981 149.501 0 0 0 0 0 0 0 0 1.70298 4.33649 0 41.1294 
0.0115897682110992009 1.44383 0 380007 34.8455 9.66348 5.90924 0 168.9051 -101.573 99.8129 90.8263 0 0 0 0 0 0 0 0 1.41896 2.8524 0 0 
0.0115909868082052954 1.41778 0 377351 34.8394 9.66336 5.90918 0 132.8571 125.503 -25.2338 35.5408 0 0 0 0 0 0 0 0 0 1.44721 0 0 
0.011601095774015243 0.509792 0 137507 0.0856238 9.65865 5.90671 0 166.3751 -164.813 2.83824 22.5722 0 0 0 0 0 0 0 0 0.482674 0.482674 0 0 
0.0116033969158830449 0.425198 0 486527 0.104015 9.60765 5.8805 0 82.39011 -43.9402 64.703 -25.9021 0 0 0 0 0 0 0 0 0 1.67559 0 0 
0.0116038891797525887 0.407803 0 554648 0.104156 9.65314 5.90384 0 47.89581 -19.318 -42.9095 8.92168 0 -0 0 0 0 -0 0 0 0 2.14342 0 0 
0.0116591684007694377 0.127261 0 296138 0.0848056 9.61424 5.88384 0 82.31681 4.76086 -34.2228 -74.714 0 0 0 -0 0 0 0 -0 2.72113 6.93123 246.177 3223.39 
0.0116659381324488547 0.356005 0 330567 0.152305 9.52402 5.83941 0 133.051 106.151 38.2917 -70.4834 0 0 0 0 0 0 0 0 1.02782 2.36287 0 0 
0.0116853275112230922 0.76346 0 38744 0.0816453 9.62159 5.88757 0 127.9331 -127.877 -2.70067 2.60887 0 0 -0 0 0 0 -0 0 0.776543 0.776543 37.5258 37.5258 
0.0117019588770213654 0.523115 1 474945 0 10.8645 6.78245 0 0 2 -48.5436 39.5095 -73.3862 0 0 0 -0 0 0 0 -0 1.04935 1.04935 0 162.813 
0.0117056232589723714 3.45871 0 213781 34.3295 9.61194 5.88267 0 125.6361 123.279 6.65936 23.286 0 0 0 0 0 0 0 0 0 0 0 0 
0.0117060645503129293 0.274483 0 491669 0.171654 9.69591 5.92641 0 111.3211 -102.132 -28.8572 33.5973 0 0 0 0 0 0 0 0 0.873389 2.91762 0 259.587 
0.01171284409556805 0.278285 0 457989 0 9.549 5.85144 0 205.2151 -53.6899 -47.1859 -192.365 0 0 -0 0 0 0 -0 0 0 1.52263 0 0 
0.0117148668769531186 0.237455 0 463248 0.153268 9.49614 8.26384 0 01 0 0 0 0 0 0 0 0 0 0 0 0.446046 2.46536 0 0 
0.0117748074788898063 28.2915 0 386821 34.0314 9.58272 5.86801 0 219.3821 34.5485 -85.9076 -198.883 0 0 0 -0 0 0 0 -0 0 0 0 0 
0.0117933487589706367 0.515327 0 202678 33.9515 9.57458 5.86397 0 121.531 117.859 26.9686 -12.309 0 0 0 0 0 0 0 0 1.07165 2.67259 0 94.8361 
0.0118117282878311171 0.80759 0 272267 33.8736 9.56681 5.86014 0 219.8521 17.9254 -187.993 112.57 0 0 -0 0 0 0 -0 0 0 0.814859 0 0 
0.0118152275109694675 0.571984 0 594003 0.227785 9.58528 5.86928 0 130.7921 -130.525 5.25019 -6.48881 0 0 0 -0 0 0 0 -0 0.575782 2.30055 0 1.39913 
0.0118307772539476067 0.874593 0 657905 1.72197 9.55269 5.85323 0 185.0941 -148.443 92.439 60.6595 0 0 0 0 0 0 0 0 0 1.71126 0 0 
0.0118314699800940639 0.405755 0 433416 0.21895 9.48046 8.25037 0 01 0 0 0 0 0 0 0 0 0 0 0 2.70156 4.58723 103.288 170.305 
0.0118953557433722681 1.49587 0 363058 33.527 9.53048 5.8425 0 87.79361 63.7587 -22.192 -56.1253 0 0 -0 0 0 0 -0 0 0 0 0 0 
0.011903902146836582 0.139544 0 221647 0.74808 9.52719 5.84093 0 86.33691 -21.4782 80.6838 21.9743 0 -0 0 0 0 -0 0 0 4.34803 10.9134 3139.47 9467.2 
0.0119216443948277125 0.351062 0 17420 33.4215 9.51773 5.83642 0 185.2671 -157.126 22.8626 95.461 0 -0 0 0 0 -0 0 0 0.691212 3.90712 190.86 190.86 
0.0119431012534079745 0.328266 0 480370 0.189518 10.6897 6.62383 0 113.5261 1.93185 59.7838 -96.4896 0 0 0 0 0 0 0 0 1.70635 6.96652 0 87.4305 
0.0119643038271602751 0.0963133 0 458389 0.0984451 9.43175 8.20808 0 01 0 0 0 0 0 0 0 0 0 0 0 2.58375 6.36862 1587.41 6926.05 
0.0120010635292273991 1.96538 0 378323 33.1048 9.48594 8.25526 0 01 0 0 0 0 0 0 0 0 0 0 0 0 0 0 0 
0.0120077321507042704 1.53657 0 342636 0.0834469 9.48398 8.25358 0 01 0 0 0 0 0 0 0 0 0 0 0 0 3.10738 0 0 
0.0120127969711599399 0.446479 0 138555 33.057 9.48216 8.252 0 01 0 0 0 0 0 0 0 0 0 0 0 0 0.854873 0 0 
0.0120199702252427546 0.336843 0 444831 2.74055 9.37365 8.15764 0 01 0 0 -0 0 0 0 -0 0 0 0 -0 1.06083 3.83324 0 0 
0.0120304027170811782 0.193094 0 560577 0.0868998 9.37364 8.15768 0 01 0 0 0 0 0 0 0 0 0 0 0 4.79805 11.0354 1013.63 5325.7 
0.0120413882890026448 0.286406 0 224265 0.109149 9.47062 8.24208 0 01 0 0 0 0 0 0 0 0 0 0 0 0.283626 4.7336 0 0 
0.0120788050204451488 1.45358 0 362838 32.8024 9.45503 8.22823 0 01 -0 0 0 0 -0 0 0 0 -0 0 0 0 1.42673 0 0 
0.0121017179158560469 0.0976753 1 152617 0 9.7448 5.95297 0 0 1 113.704 -0.136397 -46.6354 0 0 0 -0 0 0 0 -0 2.16399 6.73617 1962.29 5149.55 
0.0121359236272727614 0.292853 0 484525 0.103424 9.40968 8.18857 0 01 0 0 0 0 0 0 0 0 0 0 0 0.948508 4.57315 42.8439 42.8439 
0.0121629753752106381 0.119704 0 213632 0.0956467 9.41969 8.19738 0 01 0 0 0 0 0 0 0 0 0 0 0 2.972 8.33968 694.004 4079.4 
0.012167973236747117 0.365356 0 550515 0.098232 9.33981 8.12782 0 01 0 0 0 0 0 0 0 0 0 0 0 0.369404 1.77111 0 41.0787 
0.0121716961742631795 0.353838 0 30052 0.0877535 9.41625 8.19439 0 01 0 0 0 0 0 0 0 0 0 0 0 0.697038 3.83399 0 0 
0.0121716961742631795 2.34428 0 350599 32.4505 9.41709 8.19512 0 01 0 0 0 0 0 0 0 0 0 0 0 0 2.33256 0 0 
0.0121804696692006768 0.210262 0 448432 0.158412 9.19617 8.00265 0 01 0 0 0 0 0 0 0 0 0 0 0 0.941093 2.32024 295.838 295.838 
0.0122010155028508555 0.250432 0 223846 0.0851936 9.40383 8.18352 0 01 0 0 0 0 0 0 0 0 0 0 0 0.716511 3.49001 0 0 
0.0122104290293639107 1.69823 0 107151 32.3059 9.39926 8.17955 0 01 0 0 0 0 0 0 0 0 0 0 0 0 0 0 0 
0.0122169184303388446 0.910629 0 176355 32.2815 9.3983 8.17871 0 01 0 0 0 0 0 0 0 0 0 0 0 0 4.54224 0 0 
0.0122345869287557411 0.586394 0 175769 0.0981107 9.39065 8.17204 0 01 0 0 -0 0 0 0 -0 0 0 0 -0 0.559219 2.83788 0 41.7114 
0.0122616850409965079 0.457064 0 121925 32.1195 9.38064 8.16333 0 01 0 0 0 0 0 0 0 0 0 0 0 0.926103 2.79937 0 0 
0.0122869183212183843 0.985259 0 276444 32.0268 9.36986 8.15401 0 01 0 0 0 0 0 0 0 0 0 0 0 0.990223 2.98739 0 0 
0.0122977821648940396 0.181416 0 139792 31.9889 9.36579 8.15044 0 01 0 0 0 0 0 0 0 0 0 0 0 5.43658 10.3667 2378.38 5240.05 
0.0123357340172498865 0.647092 0 370212 31.8537 9.35115 8.13787 0 01 -0 0 0 0 -0 0 0 0 -0 0 0 0.637189 0.637189 0 0 
0.0124107809922497335 1.08911 0 194863 31.5906 9.32105 8.11142 0 01 0 0 0 0 0 0 0 0 0 0 0 0 1.09003 0 0 
0.0124237659516443222 0.409051 0 109173 0.282268 9.31594 8.10689 0 01 0 0 0 0 0 0 0 0 0 0 0 0 1.57366 0 0 
0.0124273690443291538 1.22801 0 334776 31.5332 9.31373 8.10495 0 01 0 0 0 0 0 0 0 0 0 0 0 0 0 0 0 
0.0124379640986624698 0.291923 0 15422 0 9.31149 8.10303 0 01 0 0 0 0 0 0 0 0 0 0 0 1.27928 2.81056 0 0 
0.0124416075092546492 0.326898 0 291088 31.4867 9.30918 8.10103 0 01 0 -0 0 0 0 -0 0 0 0 -0 0 2.4238 5.1383 0 0 
0.0124454921211421075 0.217491 0 55686 0.378288 9.30858 8.10052 0 01 0 0 0 0 0 0 0 0 0 0 0 1.14035 3.1741 0 0 
0.0124956822558648963 0.238054 0 201977 0.266093 9.15659 7.968 0 01 0 0 0 0 0 0 0 0 0 0 0 0.726597 4.17835 0 0 
0.0125007061047481081 0.15081 0 208370 0.197573 9.28828 8.08275 0 01 0 0 0 0 0 0 0 0 0 0 0 2.29718 6.22294 1317.7 5688.19 
0.0125135191758685514 0.234817 0 67849 31.2414 9.28285 8.07798 0 01 0 -0 0 0 0 -0 0 0 0 -0 0 1.00791 2.24011 0 243.647 
0.0125156795298077411 0.833228 0 66897 0.28305 9.2811 8.07645 0 01 0 0 0 0 0 0 0 0 0 0 0 0 0.822417 0 0 
0.0125625406320334781 0.268124 0 560151 0.160494 9.15296 7.96485 0 01 0 0 0 0 0 0 0 0 0 0 0 0.496026 3.39653 0 0 
0.0125746370966779274 0.560665 0 300179 0.817073 9.25921 8.05744 0 01 0 0 -0 0 0 0 -0 0 0 0 -0 0 0 0 0 
0.0125806992122737514 0.149036 0 574920 0.136193 10.6421 6.58244 0 169.041 -144.388 -70.9667 -51.8687 0 0 0 -0 0 0 0 -0 2.4614 7.62415 443.766 4269.93 
0.0125851444726861016 0.364659 0 454930 0.149469 9.26278 8.0605 0 01 0 0 0 0 0 0 0 0 0 0 0 0 1.09111 0 0 
0.0126023419121529482 1.27647 0 304523 30.9467 9.24877 8.04817 0 01 0 0 0 0 0 0 0 0 0 0 0 0 0 0 0 
0.0126497902146368718 0.279975 0 52314 0.46994 9.23106 8.03258 0 01 0 0 0 0 0 0 0 0 0 0 0 0 0.614177 0 0 
0.0126551981857250216 0.505675 0 69754 0.241984 9.22935 8.03108 0 01 0 0 0 0 0 0 0 0 0 0 0 0.504007 2.54724 0 0 
0.0126594508695271907 0.0768086 0 177987 0.109239 9.22781 8.02976 0 01 0 0 0 0 0 0 0 0 0 0 0 2.07173 5.66249 826.261 1722.35 
0.0126653821387869153 0.0441792 0 506848 0.144255 9.23355 8.03478 0 01 0 0 0 0 0 0 0 0 0 0 0 2.13734 4.15741 969.234 4084.78 
0.0126767888352902237 0.575965 0 499775 0.105418 9.09616 7.91506 0 01 -0 0 0 0 -0 0 0 0 -0 0 0 1.74658 1.74658 21.0089 21.0089 
0.0126807209731052174 0.566475 0 59481 0.837012 9.22013 8.02314 0 01 0 0 0 0 0 0 0 0 0 0 0 0.584197 1.74008 0 0 
0.0126853444953299328 0.376195 0 194475 30.6804 9.21788 8.02119 0 01 0 0 0 0 0 0 0 0 0 0 0 0 1.45715 0 0 
0.012691287304683713 0.12221 0 26774 30.6602 9.21494 8.01865 0 01 0 0 -0 0 0 0 -0 0 0 0 -0 1.47899 3.34455 1054.03 5542.04 
0.0127005783401773816 0.314749 0 169885 30.6318 9.21178 8.01591 0 01 -0 0 0 0 -0 0 0 0 -0 0 0 0.905495 2.11563 0 118.609 
0.0127072457186914907 0.0827144 0 432703 0.932178 9.3798 8.16227 0 01 0 0 0 0 0 0 0 0 0 0 0 2.90314 7.36817 821.761 5874.04 
0.01271336692235547 2.01479 0 253960 30.5912 9.20765 8.01232 0 01 0 0 -0 0 0 0 -0 0 0 0 -0 0 0 0 0 
0.0127222831873676674 0.459105 0 132704 30.5626 9.20318 8.00842 0 01 0 -0 0 0 0 -0 0 0 0 -0 0 0.431492 0.431492 0 0 
0.0127357508271662631 0.725201 0 19678 0.0873222 9.19871 8.00446 0 01 0 0 0 0 0 0 0 0 0 0 0 0 0 0 0 
0.012743255578223112 1.30116 0 304139 30.4969 9.19595 8.00202 0 01 0 0 -0 0 0 0 -0 0 0 0 -0 0 0 0 0 
0.0127678315895783014 1.54805 0 357743 30.4199 9.1884 7.99534 0 01 -0 0 0 0 -0 0 0 0 -0 0 0 0 1.57552 0 0 
0.0127692714227302714 0.305776 0 263588 0.287766 9.18812 7.99509 0 01 0 0 0 0 0 0 0 0 0 0 0 0.326996 2.43503 141.87 141.87 
0.0127839031407253386 0.779726 0 325015 30.3703 9.18205 7.98981 0 01 0 0 0 0 0 0 0 0 0 0 0 0 0 0 0 
0.0128086654493267706 0.436333 0 509901 24.5396 9.12824 7.94293 0 01 0 -0 0 0 0 -0 0 0 0 -0 0 0.434779 0.885886 0 0 
0.012861158421648828 0.0921443 0 513965 0.779636 13.6496 10.7845 0 66.03011 -64.9872 -11.3868 -2.64331 0 0 0 -0 0 0 0 -0 2.28441 4.37994 2373.64 2790.39 
0.0128651184937211126 0.540214 0 183892 30.1223 9.1543 7.96578 0 01 -0 0 0 0 -0 0 0 0 -0 0 0 0 0.553783 0 0 
0.0128722904268095163 0.435388 0 291911 30.1002 9.15049 7.96245 0 01 0 0 0 0 0 0 0 0 0 0 0 0 0.455808 0 0 
0.0128952675237332219 0.442756 0 27397 0.209933 9.14303 7.95597 0 01 0 0 0 0 0 0 0 0 0 0 0 0.875191 2.5896 0 0 
0.0128978776276787443 0.532793 0 154589 0.744208 9.14249 7.95552 0 01 0 0 0 0 0 0 0 0 0 0 0 0 0.551992 0 0 
0.0129112401972700745 1.48987 0 387995 29.9841 9.13729 7.95101 0 01 -0 0 0 0 -0 0 0 0 -0 0 0 0 0 0 0 
0.0129121786515079863 0.190496 0 284133 0.108383 9.95139 6.07401 0 132.1641 -97.386 -89.3491 0.243252 0 0 -0 0 0 0 -0 0 3.16815 7.55641 3063.6 4121.97 
0.0129134338826416718 0.116109 0 436329 0.122979 28.2342 11.1923 0 221.191 -192.706 97.4368 47.9091 0 0 0 0 0 0 0 0 3.61922 7.7929 2330.17 7058.42 
0.0129377218209383912 0.0895588 0 502477 0.0871298 10.1757 6.22167 0 115.5271 -31.7366 48.1147 -100.121 0 0 0 0 0 0 0 0 3.93918 7.6155 2550.54 10097.7 
0.0129569877483015142 0.492554 0 129259 0.174535 9.12266 7.93838 0 01 0 0 0 0 0 0 0 0 0 0 0 0.477689 0.477689 0 0 
0.0129582807634114911 0.189146 1 494798 0 8.9378 7.77716 0 0 1 0.89365 1.85514 -1.73488 0 0 0 -0 0 0 0 -0 4.47418 9.00923 1554.56 3192.95 
0.0129803941984653198 1.04361 0 271389 29.7789 9.11437 7.93123 0 01 0 0 0 0 0 0 0 0 0 0 0 0 0 0 0 
0.0130200959684583645 0.196138 0 274730 0 9.10097 7.91954 0 01 0 0 0 0 0 0 0 0 0 0 0 5.23792 10.4174 4139.53 10111.7 
0.0130213160861396924 0.365179 0 435492 0.155405 8.97591 7.81047 0 01 0 -0 0 0 0 -0 0 0 0 -0 0 0.718483 2.45208 0 0 
0.0130238705213432393 1.34891 0 367285 29.6525 9.09894 7.91779 0 01 0 0 0 0 0 0 0 0 0 0 0 0 1.33312 0 0 
0.0130279761195684109 0.40075 0 431581 0.119577 12.4858 8.77212 0 181.1991 75.6892 -158.447 -44.7087 0 0 -0 0 0 0 -0 0 0.793063 1.94889 0 10.5245 
0.013050653283563628 0.356274 0 289599 0.0906015 9.09023 7.91015 0 01 0 0 0 0 0 0 0 0 0 0 0 0 0.690159 0 0 
0.013056739038408996 0.32445 0 468688 0.356323 8.99554 7.82756 0 01 0 0 0 0 0 0 0 0 0 0 0 0.359156 2.78425 0 0 
0.013059912599443944 0.723043 0 360776 0.139154 9.08776 7.908 0 01 0 0 0 0 0 0 0 0 0 0 0 0 0.741562 0 0 
0.0130974217887344837 0.318493 0 153147 0.12716 9.0755 7.89724 0 01 -0 0 0 0 -0 0 0 0 -0 0 0 0.882233 2.36757 0 18.88 
0.0130991625610183716 1.12763 0 366867 29.4376 9.07473 7.89655 0 01 0 0 0 0 0 0 0 0 0 0 0 0 0 0 0 
0.0130998785729176618 1.11982 0 392518 29.4353 9.07473 7.89655 0 01 -0 0 0 0 -0 0 0 0 -0 0 0 0 1.12299 0 0 
0.0131386512434762837 0.369439 0 425994 0 8.90681 7.7501 0 01 0 0 -0 0 0 0 -0 0 0 0 -0 0.666177 2.73633 0 136.715 
0.0131480336829760975 0.658154 1 443048 0 9.25743 8.05588 0 0 1 -0.364327 0.979785 0.290096 0 -0 0 0 0 -0 0 0 0 0.68518 0 0 
0.0131537327643584234 0.912249 0 152125 29.2841 9.05754 7.88162 0 01 0 0 0 0 0 0 0 0 0 0 0 0 0.922062 0 0 
0.0131632762214554735 0.107792 1 691476 0 8.96744 7.80303 0 0 2 0.0317705 0.199987 -0.0535011 0 0 0 0 0 0 0 0 4.8539 11.3528 5347.76 7048.87 
0.0131826696962722908 0.972576 0 313243 29.2039 9.04759 7.8732 0 01 0 0 -0 0 0 0 -0 0 0 0 -0 0 0.977999 0 0 
0.0132113607077271565 0.415 0 19650 0 9.03834 7.86518 0 01 0 0 0 0 0 0 0 0 0 0 0 1.99671 4.71848 283.887 283.887 
0.0132184437256851889 0.547887 0 755816 0.100225 8.92487 7.76622 0 01 0 0 0 0 0 0 0 0 0 0 0 2.71216 8.69573 0 0 
0.0132188612340005968 0.240218 0 6292 0.130303 9.036 7.86323 0 01 0 -0 0 0 0 -0 0 0 0 -0 0 1.22664 3.95136 0 83.9325 
0.0132208012741618034 0.137059 1 514920 0 9.00661 7.83758 0 0 2 0.14428 0.348118 -0.223802 0 0 0 0 0 0 0 0 3.38067 6.96851 3813.32 6746.51 
0.0132319737091814611 1.50366 0 353010 29.0679 9.03186 7.85951 0 01 0 0 -0 0 0 0 -0 0 0 0 -0 0 0 0 0 
0.0132422242920008249 0.367239 0 387605 29.0408 9.02843 7.85648 0 01 0 0 0 0 0 0 0 0 0 0 0 0.716132 2.85641 0 0 
0.013249561156060059 0.0945629 0 185079 0.158422 9.02579 7.85416 0 01 0 0 0 0 0 0 0 0 0 0 0 4.40299 9.61032 2804.13 5514.15 
0.0132565807592930629 0.402533 0 493017 0.10218 26.7031 9.70443 0 384.1741 381.28 4.717 -46.8286 0 0 0 0 0 0 0 0 0.412183 1.63828 0 0 
0.0132705711839860296 0.23126 0 479561 0.136551 9.00711 7.83772 0 01 0 0 0 0 0 0 0 0 0 0 0 1.1265 3.82783 0 968.404 
0.0132829107142423929 0.242482 0 441613 0.263535 13.7522 10.9858 0 27.35541 27.0753 -1.398 -3.64519 0 0 -0 0 0 0 -0 0 3.16665 8.82445 26.5778 265.217 
0.0132879316778090183 0.149967 0 553573 0.256589 13.8612 11.2039 0 29.2311 -9.10605 -19.2825 -19.993 0 0 -0 0 0 0 -0 0 3.346 7.04788 2294.19 5698.52 
0.0133381073545379789 0.394271 0 126118 0.13419 8.99826 7.83011 0 01 0 0 0 0 0 0 0 0 0 0 0 0 0.771085 0 0 
0.0133617292515446125 0.233052 0 321271 28.7216 8.99128 7.82404 0 01 0 0 0 0 0 0 0 0 0 0 0 3.12681 9.06996 0 949.399 
0.0133728584972847061 0.755615 0 23097 0.0886117 8.98801 7.82123 0 01 0 0 0 0 0 0 0 0 0 0 0 0 0.776011 0 0 
0.0133778803411275082 0.351339 0 239877 0.286203 8.98667 7.8201 0 01 0 0 0 0 0 0 0 0 0 0 0 0.375289 1.09061 0 0 
0.0133823911303309808 1.21619 0 308710 28.6661 8.98541 7.81899 0 01 0 0 -0 0 0 0 -0 0 0 0 -0 0 1.21542 0 0 
0.0133874408292326049 1.56499 0 332721 28.6521 8.98369 7.81749 0 01 0 -0 0 0 0 -0 0 0 0 -0 0 0 0 0 0 
0.0134268340377850948 0.324977 0 248774 28.5498 8.97172 7.80702 0 01 -0 0 0 0 -0 0 0 0 -0 0 0 1.43226 4.45888 0 0 
0.0134303742798498309 0.233864 0 61856 1.07642 8.97082 7.80624 0 01 0 0 0 0 0 0 0 0 0 0 0 2.77215 7.27892 500.836 931.916 
0.0134446732191804922 0.329465 0 429793 26.8562 8.74437 7.60865 0 01 0 0 0 0 0 0 0 0 0 0 0 2.71873 5.9736 380.647 506.514 
0.0134637588771463253 0.156359 0 162556 28.4539 8.96035 7.7971 0 01 0 -0 0 0 0 -0 0 0 0 -0 0 3.13015 7.84626 755.044 1397.98 
0.0134902652972697951 0.20897 0 193763 60.9026 8.95213 7.78982 0 01 -0 0 0 0 -0 0 0 0 -0 0 0 5.32746 11.6164 1879.51 4241.71 
0.013494464609492841 0.501339 0 291918 28.3755 8.95108 7.78887 0 01 0 0 0 0 0 0 0 0 0 0 0 0 0.528189 0 0 
0.013499072974463967 0.949889 0 228406 0.183337 8.95002 7.7879 0 01 0 0 -0 0 0 0 -0 0 0 0 -0 0 2.8918 0 0 
0.0135023398941408277 0.197669 0 344896 28.3557 8.94811 7.78622 0 01 -0 0 0 0 -0 0 0 0 -0 0 0 1.64803 4.56179 1799.41 2330.88 
0.0135034958485591716 0.62139 0 99537 28.3536 8.94876 7.78677 0 01 0 0 0 0 0 0 0 0 0 0 0 0 1.23964 0 0 
0.0135290154611491294 0.384513 0 475732 0.227788 8.75504 7.61761 0 01 0 0 -0 0 0 0 -0 0 0 0 -0 0.804475 1.60444 0 0 
0.0135352361637955925 0.197551 0 605355 0 9.04893 7.87409 0 01 -0 0 0 0 -0 0 0 0 -0 0 0 3.59542 8.35398 280.709 2321.54 
0.0135394134768502573 0.208567 0 441566 0.272839 8.97461 7.80925 0 01 0 0 -0 0 0 0 -0 0 0 0 -0 0.503659 2.8663 0 143.114 
0.0135549069564074812 0.210681 0 296004 28.2226 8.93408 7.77389 0 01 0 0 0 0 0 0 0 0 0 0 0 0.679173 2.04796 0 185.477 
0.0135641718097323071 0.158899 0 487839 0.122029 8.53768 7.42773 0 01 0 0 0 0 0 0 0 0 0 0 0 5.76504 9.65363 5755.26 10140.1 
0.0135707011975713717 0.299195 0 459238 0.391374 8.941 7.77996 0 01 0 -0 0 0 0 -0 0 0 0 -0 0 0.895432 2.71352 0 0 
0.013587099668952201 0.0924672 0 243100 0.385145 8.92458 7.76561 0 01 0 0 0 0 0 0 0 0 0 0 0 1.86798 6.22464 2655.66 3503.13 
0.0135898408730049849 0.374805 0 431756 0.253018 8.92883 7.76932 0 01 0 0 0 0 0 0 0 0 0 0 0 0 0.703658 0 0 
0.0135964847736151345 0.412424 0 539279 0.100565 10.7858 6.70967 0 44.9221 40.9278 15.8719 -9.53836 0 0 0 -0 0 0 0 -0 0 0.842474 0 0 
0.0136009762061682672 0.677156 0 86890 0 9.21191 8.01616 0 01 0 0 0 0 0 0 0 0 0 0 0 0 0.668946 0 0 
0.0136163898204690464 0.136001 0 6219 0.818347 8.91528 7.75757 0 01 0 -0 0 0 0 -0 0 0 0 -0 0 5.58762 10.7791 4408.52 7628.37 
0.0136163898204690464 0.728571 0 365272 28.0702 8.91617 7.75833 0 01 0 0 0 0 0 0 0 0 0 0 0 1.50377 3.74867 30.6789 30.6789 
0.0136232297915860126 1.70178 0 331934 28.0534 8.91423 7.75668 0 01 -0 0 0 0 -0 0 0 0 -0 0 0 0 1.72219 0 0 
0.0136412867335479315 0.354214 0 171631 28.0086 8.90831 7.75156 0 01 0 -0 0 0 0 -0 0 0 0 -0 0 1.03585 4.25715 78.3191 78.3191 
0.013642086187550145 0.314527 0 461160 0 8.93712 7.7767 0 01 0 0 0 0 0 0 0 0 0 0 0 1.50016 4.47926 0 90.0625 
0.0136592334701980921 0.24473 0 185527 0.0819375 8.90382 7.7477 0 01 0 0 0 0 0 0 0 0 0 0 0 3.91431 10.161 552.38 1425.75 
0.0136684546065429478 0.454595 0 279797 27.9416 8.90204 7.74614 0 01 0 -0 0 0 0 -0 0 0 0 -0 0 0 0.906504 0 0 
0.0136786146168980573 0.512456 0 577558 0.115467 10.5776 6.52814 0 153.3611 -126.217 72.1122 -48.8755 0 -0 0 0 0 -0 0 0 0 0.519683 0 0 
0.0136835055070044856 0.736546 0 549944 1.75601 8.83838 7.69051 0 01 0 0 0 0 0 0 0 0 0 0 0 0 0.754581 0 0 
0.0136860842664163363 0.890341 0 300870 27.9003 8.89697 7.74165 0 01 -0 0 0 0 -0 0 0 0 -0 0 0 0.893285 1.77502 0 0 
0.0136924889576279692 0.334396 0 422379 0.146136 8.79021 7.64844 0 01 0 0 0 0 0 0 0 0 0 0 0 1.03949 5.34292 0 0 
0.0137036983471013635 0.531057 0 262055 27.8567 8.89233 7.73754 0 01 0 0 -0 0 0 0 -0 0 0 0 -0 0 1.54178 0 0 
0.0137079922977172679 0.606328 0 223552 27.8459 8.89005 7.73551 0 01 0 0 0 0 0 0 0 0 0 0 0 0 0 0 0 
0.0137370673279429596 0.381186 0 435987 0.0888736 13.4356 10.3776 0 42.80821 42.544 -1.55411 -4.48744 0 0 0 0 0 0 0 0 2.15569 4.31337 0 0 
0.0137899234741257135 0.382129 0 207143 27.6503 8.86942 7.7176 0 01 0 -0 0 0 0 -0 0 0 0 -0 0 0 1.62956 0 0 
0.013797631601812679 0.473041 0 565381 0.0868476 10.5746 6.52562 0 84.86431 -72.1189 27.4151 -35.3445 0 0 0 0 0 0 0 0 0.493129 1.47167 0 37.4131 
0.0138059486457815794 0.398381 0 166801 27.6131 8.86523 7.71388 0 01 0 0 0 0 0 0 0 0 0 0 0 2.37882 4.34658 0 105.23 
0.0138100662239908113 0.519824 0 309816 0 8.86368 7.71253 0 01 0 0 -0 0 0 0 -0 0 0 0 -0 0.507404 1.01968 0 0 
0.0138304898752168275 0.261968 0 339850 0.180667 8.85783 7.70751 0 01 0 0 0 0 0 0 0 0 0 0 0 3.02975 8.10711 0 706.95 
0.0138741438942290886 1.47316 0 335263 27.4531 8.84522 7.69649 0 01 0 -0 0 0 0 -0 0 0 0 -0 0 0 0 0 0 
0.0138768461110081974 0.391409 0 18064 0.152099 8.84476 7.69607 0 01 0 0 0 0 0 0 0 0 0 0 0 1.22832 5.63098 27.8907 27.8907 
0.0138858584490289677 0.278199 0 129927 0 8.70102 7.57055 0 01 0 0 0 0 0 0 0 0 0 0 0 1.63638 3.77644 0 522.699 
0.0139122926381095666 0.513722 0 176205 0.311622 12.0406 8.13216 0 152.251 -108.77 87.929 60.145 0 -0 0 0 0 -0 0 0 0 1.55707 0 0 
0.0139181655748348999 0.604865 0 223825 27.3517 8.83444 7.68716 0 01 -0 0 0 0 -0 0 0 0 -0 0 0 0 1.26411 0 0 
0.0139237664389769613 0.581208 0 61838 0.995482 8.83323 7.68607 0 01 0 0 0 0 0 0 0 0 0 0 0 0.570182 1.17115 0 0 
0.0139237664389769613 0.725444 0 509495 0.140942 8.62218 7.50178 0 01 0 0 0 0 0 0 0 0 0 0 0 0 1.4121 0 0 
0.0139246930721417615 1.16931 0 338496 27.3373 8.8327 7.68561 0 01 0 0 -0 0 0 0 -0 0 0 0 -0 0 0 0 0 
0.0139360534243495524 0.473225 0 149264 27.311 8.82933 7.6827 0 01 0 0 0 0 0 0 0 0 0 0 0 0.972728 2.88181 0 18.3064 
0.0139368719924538101 0.274228 0 298005 27.3092 8.83011 7.68338 0 01 -0 0 0 0 -0 0 0 0 -0 0 0 2.18644 4.32001 1661.43 1944.67 
0.0139627582177864022 0.463747 0 141353 27.2499 8.82377 7.67775 0 01 0 0 0 0 0 0 0 0 0 0 0 0.434068 4.02364 0 0 
0.0139665439882162359 3.09886 0 81542 27.2419 8.82269 7.6768 0 01 0 0 0 0 0 0 0 0 0 0 0 0 0 0 0 
0.0139780081385603681 0.371062 0 442084 0.0911599 10.6793 6.6147 0 145.521 -118.442 45.0362 -71.551 0 -0 0 0 0 -0 0 0 1.07433 5.47211 0 0 
0.0139818788863654321 0.244248 0 257243 27.2074 8.81839 7.67308 0 01 0 0 0 0 0 0 0 0 0 0 0 2.50248 6.78222 0 638.353 
0.0139952383556998065 1.19059 0 352578 27.1776 8.815 7.67021 0 01 0 0 0 0 0 0 0 0 0 0 0 1.19403 1.19403 0 0 
0.0140163931769199564 0.624966 0 532003 0.18914 8.73608 7.60175 0 01 0 0 0 0 0 0 0 0 0 0 0 3.16374 11.2427 0 128.489 
0.0140247279721557316 0.754435 0 292326 27.1149 8.80793 7.66463 0 01 0 0 0 0 0 0 0 0 0 0 0 1.47684 4.47975 0 11.8173 
0.0140411021502471669 0.319496 1 0 0 11.4077 7.34522 0 0 1 92.5883 81.0422 18.5314 1 43.6455 128.576 46.3168 0 0 0 0 1.52492 4.95217 0 206.643 
0.0140436593211736571 0.563142 0 187038 27.069 8.80289 7.66065 0 01 0 0 0 0 0 0 0 0 0 0 0 2.24927 5.03261 89.6004 89.6004 
0.0140551969649953517 0.433515 0 462004 0.511081 9.7956 5.67459 0 116.5671 87.1302 -4.6687 -77.2935 0 0 0 0 0 0 0 0 2.24486 8.49171 0 1.0745 
0.0140806261954597514 1.17816 0 304714 26.9905 8.79351 7.65249 0 01 0 0 0 0 0 0 0 0 0 0 0 1.17411 2.3468 0 0 
0.0140920224243553018 1.13913 0 215333 26.9624 8.79068 7.65006 0 01 0 0 0 0 0 0 0 0 0 0 0 0 5.67595 0 0 
0.0141407638125587622 0.252046 0 330072 1.27844 8.77816 7.63905 0 01 0 -0 0 0 0 -0 0 0 0 -0 0 3.00123 8.13648 70.6774 229.183 
0.0142041345001886962 0.832834 0 242090 26.7187 8.76329 7.62628 0 01 0 0 0 0 0 0 0 0 0 0 0 0 5.0517 0 0 
0.0142148764617512132 0.47478 1 473623 0 9.91876 6.05408 0 0 1 159.625 24.5853 -11.5982 0 0 0 0 0 0 0 0 1.4848 13.7725 5.67385 15.4078 
0.0142269281895067035 0.896229 0 243230 26.6712 8.75653 7.62033 0 01 0 0 0 0 0 0 0 0 0 0 0 1.82042 3.62606 0 25.2218 
0.0142622871781764426 0.617862 1 49516 0 8.74559 7.61061 0 0 1 0.0153282 0.00717681 -0.00463228 0 0 0 0 0 0 0 0 0.645515 1.90813 0 0 
0.0143007279330358283 0.41388 1 295684 0 8.73327 7.59989 0 0 2 0.00533407 0.0263054 -0.015113 0 0 0 -0 0 0 0 -0 2.5046 10.4052 0 117.34 
0.0143141261618298099 0.849426 0 305193 26.4866 8.73409 7.60064 0 01 0 0 0 0 0 0 0 0 0 0 0 1.6897 6.80878 0 0 
0.0143197756083341069 0.455224 0 131361 0.0994669 8.73381 7.60042 0 01 0 0 0 0 0 0 0 0 0 0 0 1.77506 7.70952 0 0 
0.0143889203133235367 0.426518 0 486852 0.259595 10.7606 6.68718 0 142.9151 -70.78 36.9617 -118.527 0 0 0 -0 0 0 0 -0 0.816638 5.8916 217.098 217.098 
0.0143930978980151975 1.7325 0 125335 0.159093 8.71621 7.58501 0 01 0 0 0 0 0 0 0 0 0 0 0 0 1.71525 0 0 
0.0143944801375463418 0.121627 0 18681 26.3216 8.71601 7.58482 0 01 0 0 0 0 0 0 0 0 0 0 0 7.1051 11.3007 2879.59 4920.47 
0.0143983351669997196 0.322303 0 279961 0.211627 8.71495 7.58391 0 01 0 0 0 0 0 0 0 0 0 0 0 2.94923 8.36966 0 588.759 
0.014432494519055929 3.49578 0 195209 26.2463 8.70823 7.57818 0 01 0 0 0 0 0 0 0 0 0 0 0 0 0 0 0 
0.0144386065330147171 0.195391 0 144755 0.335794 10.2773 6.29429 0 123.1271 103.208 -23.7103 -62.8177 0 0 0 -0 0 0 0 -0 9.885 20.6214 3665.47 10127.7 
0.0144478003130612317 0.30513 0 439110 0.107921 10.6962 6.62986 0 199.0981 -168.533 -105.12 13.6514 0 0 0 0 0 0 0 0 1.5932 8.76844 28.1511 97.9338 
0.014451479916861288 0.606864 0 8327 0.116106 8.70445 7.57496 0 01 0 0 0 0 0 0 0 0 0 0 0 1.79167 10.1064 0 0 
0.014456321695100055 0.441239 0 170681 26.196 8.7011 7.57203 0 01 0 0 -0 0 0 0 -0 0 0 0 -0 2.78171 6.94178 42.1181 102.079 
0.0144634066435367793 0.270456 0 89672 0.122662 8.70193 7.57275 0 01 0 0 0 0 0 0 0 0 0 0 0 1.80895 8.52169 77.0976 610.851 
0.0145076852308893434 0.627968 0 232834 26.0945 8.69158 7.56357 0 01 0 0 0 0 0 0 0 0 0 0 0 0.633097 3.79814 0 0 
0.0145171254177461542 0.354144 0 171637 26.0749 8.68788 7.56034 0 01 0 -0 0 0 0 -0 0 0 0 -0 0 3.39092 12.005 164.639 164.639 
0.0145202224348512134 0.0721442 0 158284 26.0693 8.68782 7.56031 0 01 0 0 0 0 0 0 0 0 0 0 0 8.44967 15.6142 4000.13 8022.4 
0.0145332841819912611 0.100316 0 210569 26.0411 8.6873 7.55988 0 01 0 0 -0 0 0 0 -0 0 0 0 -0 7.47951 15.6595 5062.95 7695.05 
0.014539215532320425 0.421888 0 131510 26.0311 8.68511 7.55798 0 01 0 0 0 0 0 0 0 0 0 0 0 2.55077 10.0718 0 21.504 
0.0145440405757133583 1.65712 0 325539 26.0189 8.68223 7.55548 0 01 0 0 0 0 0 0 0 0 0 0 0 0 0 0 0 
0.0145659922897701868 1.42711 0 369436 25.9777 8.68131 7.55473 0 01 0 -0 0 0 0 -0 0 0 0 -0 0 2.83735 9.96266 0 0 
0.0145751483885143036 0.191842 0 461742 0.300886 8.3883 7.29866 0 01 0 0 -0 0 0 0 -0 0 0 0 -0 10.6611 18.7933 3545.72 9374.61 
0.0146118792771411862 0.558206 0 75139 0.519413 8.66931 7.54415 0 01 0 0 -0 0 0 0 -0 0 0 0 -0 2.26709 6.23716 68.3627 68.3627 
0.0146188639251760254 0.317756 0 429349 1.93095 8.57459 7.46131 0 01 0 -0 0 0 0 -0 0 0 0 -0 0 2.97413 7.77311 8.81379 568.378 
0.014636449666277699 0.328462 0 260365 25.838 8.66248 7.53807 0 01 0 0 0 0 0 0 0 0 0 0 0 0.968903 3.92965 0 47.442 
0.0146470692952237382 0.174051 0 149828 0 8.66282 7.53834 0 01 0 0 0 0 0 0 0 0 0 0 0 6.29817 15.567 981.837 4878.41 
0.0146538934463645021 0.172274 0 480209 0.188874 8.64996 7.5271 0 01 -0 0 0 0 -0 0 0 0 -0 0 0 7.35392 15.6158 1829.5 4816.62 
0.0146566092287179744 0.544906 0 226518 25.803 8.65767 7.53383 0 01 0 0 -0 0 0 0 -0 0 0 0 -0 1.05278 9.6625 0 3.68779 
0.0147225058777640371 0.655315 0 39421 0.104878 8.64677 7.52448 0 01 -0 0 0 0 -0 0 0 0 -0 0 0 1.98596 6.0021 0 0 
0.0147434185147509757 0.312844 0 332349 25.6333 8.64009 7.51864 0 01 0 0 0 0 0 0 0 0 0 0 0 1.60318 4.52112 69.5626 72.4526 
0.0147619187872484424 0.480176 0 472745 0.725448 8.61193 7.49403 0 01 0 -0 0 0 0 -0 0 0 0 -0 0 1.37337 6.52122 0 138.779 
0.0147930924038659848 0.928982 0 105386 25.5418 8.63535 7.51451 0 01 0 0 0 0 0 0 0 0 0 0 0 0 2.76406 0 0 
0.0147971379575395513 0.201192 0 430660 0.275773 13.47 10.4431 0 64.36281 4.35961 55.0609 33.0432 0 0 0 0 0 0 0 0 6.7867 14.0705 1237.48 5715.23 
0.0148024321106324068 0.252335 0 305362 0.491038 8.62879 7.50881 0 01 0 0 -0 0 0 0 -0 0 0 0 -0 5.62435 17.1265 224.94 961.479 
0.0148024321106324068 0.349554 0 516103 0.120072 10.3466 6.34563 0 152.1681 104.231 -1.63052 110.853 0 0 -0 0 0 0 -0 0 6.4823 14.7962 211.496 294.591 
0.0148240254609026383 0.304049 0 458525 0.113772 8.65211 7.52917 0 01 -0 0 0 0 -0 0 0 0 -0 0 0 6.13752 16.7957 2.25577 152.941 
0.0148387490801825967 0.87382 0 350954 25.455 8.62537 7.50583 0 01 0 0 0 0 0 0 0 0 0 0 0 0.859124 0.859124 0 0 
0.0148398418715262742 1.50383 0 373425 25.4531 8.62364 7.50429 0 01 0 0 -0 0 0 0 -0 0 0 0 -0 0 1.53489 0 0 
0.0148447827346596742 0.509466 0 126498 0.0918877 8.54175 7.43275 0 01 0 0 0 0 0 0 0 0 0 0 0 3.49804 9.46662 0 304.648 
0.0148622947812484755 0.520592 0 112460 25.4119 8.62057 7.50162 0 01 0 0 -0 0 0 0 -0 0 0 0 -0 0.487716 4.47527 0 184.62 
0.0148793150722296152 1.10329 0 223851 25.3818 8.61736 7.49876 0 01 0 0 0 0 0 0 0 0 0 0 0 3.36196 5.60925 0 172.596 
0.0148942062481837376 1.92176 0 292351 25.3548 8.61501 7.49671 0 01 0 0 0 0 0 0 0 0 0 0 0 0 1.91897 0 0 
0.0149095250186425735 0.152825 0 425732 0.151638 9.00982 7.8415 0 01 0 0 0 0 0 0 0 0 0 0 0 8.55977 16.3057 2411.92 5476.92 
0.0149437087405649496 0.691233 0 595500 0.356894 8.74124 7.60705 0 01 0 0 0 0 0 0 0 0 0 0 0 0.70595 6.34713 0 0 
0.0149481515841289637 1.17212 0 312777 25.2581 8.60342 7.48666 0 01 0 0 0 0 0 0 0 0 0 0 0 1.15772 6.90643 0 0 
0.0149555747994669953 0.427925 0 350281 0.49823 8.60244 7.48578 0 01 0 0 0 0 0 0 0 0 0 0 0 1.72699 5.50957 0 67.7317 
0.0149890268323948014 0.324017 0 298399 0.120859 8.59382 7.47827 0 01 0 0 0 0 0 0 0 0 0 0 0 6.24735 14.0525 87.9558 434.794 
0.0150076560892430481 0.279496 0 190546 25.1519 8.59338 7.47792 0 01 0 -0 0 0 0 -0 0 0 0 -0 0 5.22348 16.4945 38.3909 1075.27 
0.0150368227277854864 0.243683 0 524872 0.168877 10.4359 6.41427 0 143.2291 73.3589 -88.9253 -85.0024 0 0 0 0 0 0 0 0 6.28373 16.8667 188.568 645.828 
0.0150433740296298402 0.104702 0 323371 25.0855 8.58276 7.46861 0 01 0 0 0 0 0 0 0 0 0 0 0 8.93 18.2947 2902.52 6907.5 
0.0150581247601057448 0.502698 0 421890 0.235145 9.40503 8.18601 0 01 0 0 0 0 0 0 0 0 0 0 0 1.53799 6.69633 0 0 
0.0150737561807919272 0.129931 0 639554 0.135567 8.47276 7.37245 0 01 0 0 -0 0 0 0 -0 0 0 0 -0 6.43882 15.3687 2347.92 5629.1 
0.0151015552043908315 0.0892568 0 165019 24.9833 8.57443 7.46128 0 01 0 0 0 0 0 0 0 0 0 0 0 7.14372 16.5309 1742.41 4476.85 
0.0151045840999305177 2.08224 0 270726 24.975 8.57529 7.46203 0 01 0 0 0 0 0 0 0 0 0 0 0 0 0 0 0 
0.0151104243406669052 2.26833 0 345478 24.9648 8.57248 7.45957 0 01 0 0 0 0 0 0 0 0 0 0 0 2.3284 2.3284 0 0 
0.0151318118026600931 0.201112 0 81629 24.9271 8.56851 7.45611 0 01 0 0 0 0 0 0 0 0 0 0 0 5.02409 13.1472 813.36 5244.54 
0.0151358297766599446 1.58706 0 262693 24.9211 8.56336 7.4516 0 01 0 -0 0 0 0 -0 0 0 0 -0 0 0 3.13321 0 0 
0.0151458075000420016 0.776832 0 185177 24.903 8.56927 7.45673 0 01 0 0 0 0 0 0 0 0 0 0 0 2.30253 4.5997 0 0 
0.0151710340706547667 0.0775497 0 163317 24.8582 8.56058 7.44919 0 01 -0 0 0 0 -0 0 0 0 -0 0 0 8.48333 15.3712 2686.28 4113.37 
0.0151791300789653524 0.205218 0 197303 24.8468 8.56335 7.45159 0 01 -0 0 0 0 -0 0 0 0 -0 0 0 9.50297 18.1836 3183.92 8020.39 
0.0151791300789653524 0.46116 0 140637 24.8446 8.56326 7.45151 0 01 0 0 0 0 0 0 0 0 0 0 0 1.40829 9.85189 1.43656 1.43656 
0.0151925672721195237 1.05877 0 218580 24.8244 8.56019 7.44878 0 01 0 -0 0 0 0 -0 0 0 0 -0 0 1.05493 2.11326 0 106.811 
0.0152508665124778189 0.373122 0 219251 24.7221 8.55273 7.44222 0 01 0 0 0 0 0 0 0 0 0 0 0 0.762643 3.04844 0 0 
0.0152629865239387562 2.44419 0 527783 0 8.67817 7.55174 0 01 0 0 0 0 0 0 0 0 0 0 0 0 0 0 0 
0.0152727054244905635 0.11345 0 505266 0.347151 10.6154 6.56004 0 113.2311 -10.0746 -92.4932 -64.5346 0 0 0 0 0 0 0 0 3.78626 10.9473 17.6198 1453.52 
0.0152813937023180031 0.241756 0 514457 0.236828 8.86929 7.71867 0 01 0 0 0 0 0 0 0 0 0 0 0 4.57478 15.3668 2.61984 111.081 
0.0153019771161180627 0.49267 0 226925 0.111248 8.54353 7.43416 0 01 0 0 0 0 0 0 0 0 0 0 0 1.5189 3.57016 0 0 
0.0153074967037154005 0.269576 0 63470 0.170944 8.54165 7.43252 0 01 0 0 0 0 0 0 0 0 0 0 0 4.85946 11.7007 65.8591 537.241 
0.0153074967037154005 0.564897 0 87460 24.6284 8.54066 7.43162 0 01 0 0 0 0 0 0 0 0 0 0 0 1.71256 4.64618 0 0 
0.0153512953376982158 0.0923864 0 501454 1.26175 10.8438 6.76352 0 168.1891 136.212 -98.5035 -5.56807 0 0 0 0 0 0 0 0 14.2074 26.6333 2556.85 8969.63 
0.0153562577907870607 0.868795 1 363707 0 8.6617 7.53748 0 0 1 0.0947182 -0.568934 0.553292 0 0 0 0 0 0 0 0 0 2.59833 0 0 
0.0153584396194723152 0.359378 0 497879 0.101437 8.14736 2.31039 0 617.1191 -599.807 -137.48 -46.5464 0 0 0 -0 0 0 0 -0 3.3383 9.70391 0 50.4504 
0.0153751034731957389 0.657626 0 353771 24.5135 8.53224 7.42439 0 01 -0 0 0 0 -0 0 0 0 -0 0 0 1.98415 5.89214 0 0 
0.0153829377469683042 0.503481 0 383924 0.147068 8.53084 7.42314 0 01 0 -0 0 0 0 -0 0 0 0 -0 0 1.52985 6.60312 0 0 
0.0153829377469683042 0.57012 0 273440 2.16822 8.5307 7.42304 0 01 0 0 -0 0 0 0 -0 0 0 0 -0 4.06264 6.96055 18.0668 18.0668 
0.0153916844659489245 0.276336 0 588031 0.356738 8.46059 7.36175 0 01 0 0 0 0 0 0 0 0 0 0 0 6.24897 13.2787 78.6276 1250.48 
0.0154027880735751223 0.129888 0 350672 24.4671 8.52854 7.42115 0 01 0 0 0 0 0 0 0 0 0 0 0 7.57545 16.7286 2492.22 5892.95 
0.015414562170514786 0.866143 0 73656 24.4481 8.52768 7.42044 0 01 0 0 0 0 0 0 0 0 0 0 0 0.880512 7.85595 0 0 
0.0154210781742013057 0.684443 0 300953 24.441 8.52358 7.41686 0 01 0 0 0 0 0 0 0 0 0 0 0 1.34609 15.0046 0 0 
0.0154299936418355946 0.413412 0 500119 0.588706 8.5042 7.39994 0 01 0 0 0 0 0 0 0 0 0 0 0 0.42193 8.60649 0 0 
0.0154653593155018761 0.851546 0 264646 24.3668 8.5168 7.41091 0 01 0 0 0 0 0 0 0 0 0 0 0 0.8471 6.70623 0 75.4235 
0.015483131345715365 0.861726 0 144498 0 8.51644 7.41064 0 01 -0 0 0 0 -0 0 0 0 -0 0 0 0.864714 1.74768 0 0 
0.015492744418261201 0.206738 0 187804 0.132154 8.50988 7.40493 0 01 0 0 0 0 0 0 0 0 0 0 0 11.3616 21.7117 2575.9 8792.5 
0.0155099315423714475 0.0835639 0 505684 0.140579 10.2567 6.27935 0 93.32071 -75.5556 25.3874 -48.5343 0 0 0 -0 0 0 0 -0 5.11014 12.3416 1868.98 4436 
0.0155521296761290066 0.304908 0 165677 24.2251 8.50396 7.39967 0 01 0 0 0 0 0 0 0 0 0 0 0 1.78306 7.55883 0 443.465 
0.0155539833272485672 0.315135 0 450954 0.2823 10.1127 6.17869 0 162.1351 83.4006 5.28387 -138.939 0 0 0 -0 0 0 0 -0 2.05048 7.09448 0 0 
0.0155772015282472608 0.784732 0 342776 24.1853 8.50008 7.39627 0 01 0 0 0 0 0 0 0 0 0 0 0 3.13864 6.281 0 16.8481 
0.0156181826282536969 0.890792 0 361214 24.1206 8.49094 7.38835 0 01 0 0 0 0 0 0 0 0 0 0 0 0.887493 7.16389 0 0 
0.0156212389725700531 0.413549 0 424348 0.175235 10.0205 6.11785 0 157.3571 -112.056 54.681 -95.9938 0 -0 0 0 0 -0 0 0 4.71349 10.1877 173.707 564.773 
0.0156966921660487042 0.913015 0 347707 23.91 8.45352 7.60816 0 01 0 0 0 0 0 0 0 0 0 0 0 0 4.50669 0 0 
0.0157015640616918889 0.378818 0 371033 23.9911 8.48417 7.38234 0 01 0 0 -0 0 0 0 -0 0 0 0 -0 4.72008 10.0706 209.378 209.378 
0.0157322073985506385 0.188415 0 215725 0.177775 8.43322 7.58989 0 01 0 0 0 0 0 0 0 0 0 0 0 5.28065 11.6247 371.941 2481.64 
0.0157652923070345508 0.282672 0 272148 23.8146 8.41458 7.57313 0 01 0 -0 0 0 0 -0 0 0 0 -0 0 3.31341 9.34878 0 1.43948 
0.0157899305263679429 0.248781 0 229597 0.0809557 8.4011 7.56099 0 01 0 0 0 0 0 0 0 0 0 0 0 2.54559 7.44612 233.038 753.439 
0.015828777702275091 0.250581 0 465741 0.28011 10.157 6.20892 0 97.68881 -93.1676 -24.687 15.9202 0 0 -0 0 0 0 -0 0 4.37234 16.6553 86.8319 359.115 
0.0158344974366412573 0.420607 0 83813 23.7236 8.3768 7.53912 0 01 0 0 0 0 0 0 0 0 0 0 0 2.588 9.18143 0 130.827 
0.0158448355459611182 0.196568 0 451670 0.128013 10.6489 6.58863 0 136.6781 65.3045 -113.618 -38.8214 0 0 0 -0 0 0 0 -0 6.00898 16.4011 1397.69 5214.3 
0.0158608632786085592 0.31166 0 109592 23.684 8.36024 7.52422 0 01 0 0 0 0 0 0 0 0 0 0 0 3.501 8.14868 130.804 181.254 
0.0158938476289018256 0.222305 0 284557 23.6294 8.33761 7.50385 0 01 0 0 -0 0 0 0 -0 0 0 0 -0 2.55829 6.36002 193.249 1264.93 
0.0158959045603370291 0.517728 0 96095 0.175774 8.33714 7.50342 0 01 0 -0 0 0 0 -0 0 0 0 -0 0 1.03955 7.26715 0 0 
0.0158991551397555872 1.56164 0 362626 23.6173 8.33269 7.49942 0 01 0 0 -0 0 0 0 -0 0 0 0 -0 1.536 1.536 0 0 
0.0159230500855877428 0.431022 0 327371 23.59 8.32183 7.48965 0 01 0 0 0 0 0 0 0 0 0 0 0 1.73109 8.38354 0 0 
0.0159837743871662566 0.565942 0 77061 23.5 8.28322 7.4549 0 01 0 0 0 0 0 0 0 0 0 0 0 0 3.2976 0 0 
0.0160079030210820324 0.104338 1 467703 0 23.1403 20.3594 0 0 2 -0.430096 -1.21525 0.0726361 0 0 0 0 0 0 0 0 4.92057 13.3917 1003.52 2642.04 
0.0160275302832198242 0.110721 0 251151 0.288225 8.25529 7.42976 0 01 0 0 0 0 0 0 0 0 0 0 0 3.50612 9.67302 1513.03 1754.92 
0.0160345302674561908 0.772123 0 427666 0.0898668 8.34801 7.26327 0 01 0 0 -0 0 0 0 -0 0 0 0 -0 2.36576 3.93645 0 62.2062 
0.0160464443521645544 0.109951 1 0 0 7.89605 2.26039 0 0 1 -14.2329 -33.0849 23.4793 1 -28.6065 1.16467 2.07786 0 -0 0 0 6.36098 13.031 2115.57 4395.2 
0.0160464443521645544 2.44923 0 74516 0.110264 8.24384 7.41945 0 01 0 0 0 0 0 0 0 0 0 0 0 0 2.49235 0 0 
0.0160633526264016627 0.235254 1 428235 0 9.49575 8.26496 0 0 2 0.711887 0.766863 -1.23068 0 0 0 0 0 0 0 0 6.5572 13.974 2651.05 4470.61 
0.0160793610363527337 0.426125 0 425709 0.362559 8.40228 7.56205 0 01 0 -0 0 0 0 -0 0 0 0 -0 0 0.87778 3.93215 20.5909 20.5909 
0.0160905588723866989 0.261728 0 376360 0.185402 8.21881 7.39693 0 01 0 0 -0 0 0 0 -0 0 0 0 -0 3.28362 8.61725 131.95 842.533 
0.0161333631732894292 0.140067 0 497606 0.440768 10.5294 6.48882 0 114.481 37.7958 -52.523 94.4375 0 0 0 0 0 0 0 0 5.18028 14.4287 2605.59 3799.46 
0.0164613921658412037 0.134967 0 519923 0.371407 10.2055 6.24273 0 121.2991 104.763 39.9749 -46.2617 0 0 0 0 0 0 0 0 1.22028 3.90975 3.08721 2017.06 
0.0164923156330065608 0.251576 0 626908 0.0941872 11.446 7.38873 0 187.1451 -177.881 -51.9224 26.1859 0 0 0 0 0 0 0 0 3.1496 9.32296 0 641.672 
0.0166273126299212211 0.184732 0 603290 0.170018 10.3397 6.34045 0 148.2571 52.3592 -8.35382 -138.451 0 0 -0 0 0 0 -0 0 6.23667 15.5543 962.842 3591.74 
0.016641701365846074 0.227744 0 600053 0 10.7225 6.65308 0 168.5671 133.476 -46.2009 92.0024 0 0 -0 0 0 0 -0 0 6.30328 12.3833 978.677 2867.98 
0.0169506796995525684 0.552188 1 521289 0 9.75818 5.96045 0 0 1 -120.318 23.4133 59.7089 0 0 0 0 0 0 0 0 1.13798 3.4133 0 68.0342 
0.0169939193844013403 0.190184 0 587749 0.210296 11.4874 7.43658 0 26.63611 2.86975 6.92777 25.5588 0 0 0 0 0 0 0 0 7.51299 17.356 841.891 3337.41 
0.0172203872919496521 0.333253 0 405122 0.126111 9.38593 8.16933 0 01 0 0 0 0 0 0 0 0 0 0 0 3.85231 10.166 36.2122 290.095 
0.0172475477492216415 0.736361 0 516364 0.249733 10.3528 6.35031 0 233.4261 -119.643 -200.335 6.23161 0 0 0 0 0 0 0 0 3.71531 10.4039 0 0 
0.0173247620839281913 0.135567 0 483182 0.496646 9.93468 6.06382 0 227.8741 -15.356 -201.442 105.414 0 -0 0 0 0 -0 0 0 7.38559 18.5774 3261.28 5194.32 
0.0173318571742361906 0.132595 0 421065 0 11.5555 7.51627 0 150.4861 114.506 -92.007 32.6984 0 0 -0 0 0 0 -0 0 4.9921 11.0497 1571.42 2546.19 
0.0173394497860392439 0.290037 0 444725 0.171431 10.2529 6.27656 0 92.80571 59.0819 10.4323 70.8054 0 0 0 0 0 0 0 0 5.4466 14.0025 90.2096 577.232 
0.0173435260803172335 0.215441 0 442799 0.127272 11.6254 7.6 0 73.03971 -27.1811 -67.0601 9.94638 0 0 -0 0 0 0 -0 0 9.74708 21.7553 1540.86 6262.68 
0.0173942860544523507 0.642526 0 423817 0.112613 20.9208 6.87686 0 01 0 0 -0 0 0 0 -0 0 0 0 -0 2.59186 5.79617 0 51.3239 
0.0174339371903600264 0.631628 0 603052 1.91178 10.2288 6.25928 0 71.97071 -4.0751 -37.1297 -61.5188 0 0 0 0 0 0 0 0 2.59619 8.38151 1.91638 1.91638 
0.0178775307410087257 0.384316 0 543198 0.117652 9.84064 6.00742 0 228.3071 -48.0244 47.4217 218.103 0 0 0 0 0 0 0 0 0.720343 6.25496 0 0 
0.0179130804440370238 0.26215 1 549571 0 8.78529 7.645 0 0 2 0.370071 -1.4938 -0.542491 0 0 0 0 0 0 0 0 0.858827 6.06244 0 108.348 
0.0179295540290134239 0.396414 0 437391 0.130932 9.48146 8.25183 0 01 -0 0 0 0 -0 0 0 0 -0 0 0 1.7058 4.5738 0 144.413 
0.0179424739091365547 0.173024 0 456935 0.424008 11.7767 7.78669 0 78.08621 -58.302 -15.1691 -49.6814 0 0 0 -0 0 0 0 -0 2.99664 7.65082 17.4496 1687.23 
0.0181557889435021644 0.261823 0 520298 0.492037 9.39436 8.17684 0 01 0 0 0 0 0 0 0 0 0 0 0 5.50432 12.6983 0 500.784 
0.0181596602865136264 0.367863 0 540626 0.184638 10.0617 6.1447 0 190.2721 -188.061 -24.0215 -16.104 0 0 0 0 0 0 0 0 3.6799 10.5655 65.9709 136.977 
0.0181932338348711441 0.327525 0 606659 0.26579 10.4555 6.42963 0 75.07561 24.1848 36.8815 -60.7553 0 0 0 -0 0 0 0 -0 4.98692 14.7954 391.439 401.087 
0.0182164279814569542 0.27813 0 430768 12.2752 9.25905 8.05889 0 01 0 -0 0 0 0 -0 0 0 0 -0 0 5.58432 19.0962 6.72893 11.3548 
0.0182313102739657396 0.282542 0 295960 0.426142 10.6583 6.59679 0 121.5661 113.23 20.7346 -39.0796 0 0 0 0 0 0 0 0 5.40437 13.4509 38.9123 252.721 
0.0182929491166395099 0.188789 0 401491 0 9.7722 5.96829 0 169.9151 -149.498 -76.1648 26.8394 0 -0 0 0 0 -0 0 0 9.76086 23.0344 1734.57 3844.99 
0.0182929491166395099 0.501191 0 461063 0.267687 10.6691 6.60615 0 45.76071 -1.93822 5.10911 -45.4333 0 -0 0 0 0 -0 0 0 5.1598 12.371 29.1145 86.9345 
0.0183212804435238276 0.742148 0 54359 0.0973549 8.88237 7.73033 0 01 0 -0 0 0 0 -0 0 0 0 -0 0 2.87985 8.7345 0 0 
0.0188123444896704829 0.297021 0 428488 0.453427 11.6315 7.60751 0 130.1071 -83.2517 -94.8792 -31.5434 0 0 0 0 0 0 0 0 4.70823 14.2486 230.098 508.867 
0.0189925560091803967 0.211265 0 432807 0.108263 11.0698 6.98313 0 246.3831 -166.05 -174.39 -52.1586 0 -0 0 0 0 -0 0 0 12.4581 27.2981 205.668 4930.26 
0.0192220615057215327 0.168492 0 490799 0.218354 9.45048 8.2258 0 01 0 0 0 0 0 0 0 0 0 0 0 12.3306 29.4049 704.048 4308.89 
0.0193896772656579272 0.499407 0 438084 0 10.411 6.39487 0 84.4781 -52.2573 56.0459 35.5606 0 -0 0 0 0 -0 0 0 3.3774 8.80119 0 15.374 
0.0194598375730446992 0.127097 0 463907 0.543578 14.5772 12.746 0 3.522371 2.66728 2.24442 -0.505278 0 0 0 0 0 0 0 0 9.78118 21.5815 1972.15 3197.98 
0.0196125310715531027 0.298936 1 453707 0 9.58097 5.86716 0 0 1 94.7891 -103.471 49.334 0 0 0 0 0 0 0 0 8.08505 28.8547 457.875 457.875 
0.0196671881953046045 0.227505 0 62863 0.306883 9.97034 6.08602 0 339.2681 242.634 -51.7681 231.413 0 0 -0 0 0 0 -0 0 13.9595 31.5168 1896.44 5208.67 
0.0196858894790903245 0.274507 0 41308 0.0963206 9.25963 8.05963 0 01 0 0 0 0 0 0 0 0 0 0 0 13.5952 29.5141 404.622 4260.21 
0.019710464219087738 0.199057 0 421008 0.11038 10.9887 6.90239 0 232.8031 -166.225 -57.5465 -152.495 0 -0 0 0 0 -0 0 0 26.775 49.6456 1708.6 5502.53 
0.019856035041953015 0.341547 0 443012 0.09251 10.5936 6.54185 0 163.8831 67.7118 123.217 84.2028 0 0 0 0 0 0 0 0 8.00534 27.1602 5.91435 94.8257 
0.0198784070392006643 0.112398 0 424175 0 11.827 7.85107 0 134.3281 -64.8838 -92.5747 72.5532 0 -0 0 0 0 -0 0 0 20.733 46.0323 3829.64 5824.33 
0.0202181086791415228 0.0843951 0 429018 25.1471 11.5286 7.48473 0 92.68121 -67.6962 57.6835 26.0697 0 -0 0 0 0 -0 0 0 17.6746 36.0973 968.138 3501.26 
0.0204163495646735721 0.189534 1 0 0 11.7679 7.77599 0 0 1 -126.779 -2.88848 -17.133 1 -130.269 -13.5436 73.4582 0 -0 0 0 19.5323 43.0887 2412.81 6160.11 
0.0205268684583791057 0.274963 0 264537 0.0870622 9.77195 5.96816 0 276.7571 -216.135 -162.429 -59.1361 0 0 -0 0 0 0 -0 0 21.1156 46.6342 1746.69 4236.9 
0.0205517298313748036 0.14128 1 114706 0 8.7001 7.57136 0 0 1 0.41836 0.83313 -0.142978 0 0 0 -0 0 0 0 -0 22.0303 48.1453 2580.97 4810.25 
0.0206006316919066616 0.283663 1 445100 0 8.69391 7.566 0 0 2 -1.4096 0.0902176 -0.994742 0 0 0 -0 0 0 0 -0 38.7131 66.2871 2707.98 8052.75 
0.0208037331713923322 0.116596 0 420998 0.385258 8.49229 7.38985 0 01 0 0 0 0 0 0 0 0 0 0 0 26.1368 52.8642 1580.46 5167.95 
0.0209396182847261213 0.174347 1 426367 0 11.1428 7.05806 0 0 1 30.2537 2.15804 132.097 0 0 0 0 0 0 0 0 34.0039 60.1117 2078.87 5763.22 
0.0211627714361365335 0.278751 0 601304 1.22487 10.5304 6.48971 0 92.52551 -20.3018 6.32363 90.049 0 0 0 0 0 0 0 0 26.5128 49.255 1265.94 4201.74 
0.0212078628215921598 0.200377 0 427286 0.906697 10.5596 6.51363 0 84.05651 80.6983 23.5114 0.694059 0 0 0 0 0 0 0 0 35.1201 59.6027 1970 6220.67 
0.0212970828975117855 0.123383 0 420494 0.123516 11.6928 7.68242 0 103.0491 68.5304 73.5556 22.6318 0 0 0 0 0 0 0 0 27.859 58.4786 918.711 4042.99 
0.0213045942577884291 0.236589 0 579010 0.312203 11.1632 7.07925 0 150.9141 -48.2375 -140.17 -28.2917 0 0 0 -0 0 0 0 -0 9.84157 26.023 1073.9 1352.15 
0.0215815308915640949 0.179856 0 419843 19.1824 11.8223 7.84505 0 198.4891 121.946 -23.454 154.845 0 0 0 0 0 0 0 0 36.0232 64.1042 1754.97 4254.53 
0.0220481663713504063 0.16818 0 421186 0 11.0489 6.96216 0 126.0571 -37.7948 -82.9855 -87.0369 0 0 0 -0 0 0 0 -0 14.9936 36.9803 623.557 2669.65 
0.0224647797447716964 0.197654 0 474656 0 11.1019 7.01586 0 103.1581 -9.29304 89.2795 -50.8365 0 0 0 0 0 0 0 0 36.3713 67.4059 1759.16 5904.59 
0.0227142644667129093 0.294114 0 424668 0.180306 8.762 7.6255 0 01 0 0 0 0 0 0 0 0 0 0 0 27.3962 54.5732 2374.94 3857.88 
0.0234020787075683891 0.269797 0 438710 0.140084 10.0181 6.11638 0 123.9381 42.1894 -97.7263 63.4836 0 0 -0 0 0 0 -0 0 34.3061 71.0791 2278.65 5082.69 
0.023547620546493904 0.190181 0 421241 0.178443 11.293 7.21782 0 165.5471 -82.1941 -59.0766 130.996 0 0 -0 0 0 0 -0 0 38.2207 70.9495 1486.9 4992.24 
0.0261510141172854316 0.0704577 0 447691 0.315425 26.3764 6.31208 0 114.1481 -110.249 4.33146 29.2638 0 -0 0 0 0 -0 0 0 52.9833 92.4728 1860.68 5705.52 
0.0263798250573486423 0.11485 0 145174 0.193104 8.5821 7.46834 0 01 0 0 0 0 0 0 0 0 0 0 0 41.4238 78.9873 877.262 4296.85 
0.0267549004452877145 0.292518 1 423781 0 8.88693 7.73457 0 0 1 0.920697 0.576734 0.967097 0 0 0 0 0 0 0 0 55.8259 91.9213 1957.12 5261.97 
0.0269268069909919597 0.318382 0 279622 0.518224 8.72075 7.58949 0 01 0 0 0 0 0 0 0 0 0 0 0 71.0183 111.081 4294.59 8803.09 
0.0274612823591296323 0.215962 1 444093 0.749388 9.59501 5.87417 0 0 2 -123.616 86.2343 -138.594 0 0 0 -0 0 0 0 -0 74.1138 123.788 3239.76 8596.01 
0.0274612823591296323 0.412087 0 428133 0.127229 10.6422 6.58296 0 270.2191 62.9067 -251.508 76.1894 0 0 0 0 0 0 0 0 77.7849 153.253 1132.46 3545.41 
0.0276062334066535901 0.425504 0 456801 0.264304 9.77113 5.9677 0 166.851 31.5262 -31.1321 -160.86 0 0 -0 0 0 0 -0 0 67.9465 139.298 372.906 2220.68 
0.0278983975431755689 0.224781 0 449893 0.102221 9.64561 5.89997 0 105.9321 54.6992 70.9921 -56.4784 0 0 0 0 0 0 0 0 78.7992 134.371 4570.95 9462.15 
0.0285375336352730186 0.31406 0 444706 0.159422 10.3191 6.32511 0 135.0991 -121.89 -22.5131 -53.7355 0 0 0 -0 0 0 0 -0 52.7933 95.872 1334.2 5970.92 
0.0291926797906789312 0.334032 0 412116 0.27599 8.76296 7.62636 0 01 0 0 0 0 0 0 0 0 0 0 0 97.443 174.295 2096.99 5639.71 
0.0304495518358458388 0.574944 0 400448 0.257616 8.69703 7.56876 0 01 0 0 -0 0 0 0 -0 0 0 0 -0 93.7795 213.29 674.404 2281.15 
0.0325838217373016353 0.342872 0 402463 0.442082 8.42883 7.58595 0 01 0 0 0 0 0 0 0 0 0 0 0 75.8513 134.831 2298.81 6556.09 
0.0328540186864078043 0.44201 0 407341 0.25423 8.56993 7.45771 0 01 0 0 0 0 0 0 0 0 0 0 0 99.6809 205.904 899.418 3237.05 
0.0331792047050604166 5.8111 0 416284 0.799347 8.5861 7.47182 0 01 0 0 0 0 0 0 0 0 0 0 0 18.9612 36.697 1.41674 1.41674 
0.0340816133252661926 0.374301 0 436906 0.539382 21.0608 11.2874 0 01 0 0 0 0 0 0 0 0 0 0 0 95.8903 177.037 1338.01 3562.5 
0.0373489276111703059 1.62842 0 407098 0.118249 8.65515 7.53217 0 01 0 -0 0 0 0 -0 0 0 0 -0 0 115.433 339.584 111.53 174.627 
0.0388652876758697682 0.378959 0 289203 0.346553 8.77872 7.64013 0 01 0 0 0 0 0 0 0 0 0 0 0 115.009 205.12 1240.08 4176.04 
0.040209837105424244 0.356734 0 623900 0 9.30634 8.10037 0 01 0 0 0 0 0 0 0 0 0 0 0 88.8455 152.167 1263.24 5367.44 
0.0420804275056846505 0.155194 0 108418 0.259828 8.25689 7.4312 0 01 0 0 0 0 0 0 0 0 0 0 0 106.146 178.713 2693.5 7860.32 
17.8739537993906836 0.0714021 1 0 0 6.47806 2.26039 0 0 0 0 0 0 0 0 0 0 0 0 0 0 148.076 329.801 141.735 423.298 
18.6533478709363543 0.175105 1 0 0 7.71224 3.42979 0 0 0 0 0 0 0 0 0 0 0 0 0 0 310.954 606.838 248.764 695.439 
