#1:time #2:r #3.binary? #4:ID #5:zams_m #6:m_progenitor #7:bh mass #8:bh_spin #9:birth-kick(km/s) #10-25:vsarray
0.00116938421526819854 0.0918377 0 48795 92.5073 16.7491 14.9501 0 01 0 -0 0 0 0 -0 0 0 0 -0 0 3.33538 8.34257 568.497 1389.47 
0.00116938421526819854 0.111248 1 62090 0 16.683 14.8869 0 0 1 0.00458084 -0.00661995 0.00550625 0 0 0 0 0 0 0 0 3.33538 8.34257 568.497 1389.47 
0.00116938421526819854 0.613468 0 61743 148.621 16.7492 14.9501 0 01 0 0 0 0 0 0 0 0 0 0 0 3.72146 14.9177 0 215.011 
0.00117758820015249227 0.37302 1 40380 0 16.7717 14.9717 0 0 2 -0.00104625 -0.00865318 0.00924612 0 0 0 0 0 0 0 0 6.3173 13.3348 331.045 575.949 
0.00117758820015249227 0.366541 1 73525 0 16.6953 14.8986 0 0 2 -0.000941172 -0.00384788 0.00184912 0 0 0 0 0 0 0 0 6.3173 13.3348 331.045 575.949 
0.00117758820015249227 0.742572 0 100504 136.028 16.6805 14.8845 0 01 -0 0 0 0 -0 0 0 0 -0 0 0 5.88662 9.56611 5.85122 352.74 
0.00118392527718308308 0.123087 1 1230 0.304537 16.667 14.8715 0 0 1 3.84296e-06 -0.00134355 0.00819593 0 0 0 0 0 0 0 0 2.71266 5.21973 472.386 2362.5 
0.00118392527718308308 0.350028 0 174558 126.594 16.6984 14.9016 0 01 -0 0 0 0 -0 0 0 0 -0 0 0 4.91891 11.1516 270.134 592.384 
0.00118392527718308308 0.400669 1 115717 0 16.6921 14.8956 0 0 2 -0.000813078 0.0104777 -0.000506398 0 0 0 0 0 0 0 0 2.39496 6.79242 287.516 338.28 
0.00120343935014930467 0.658377 0 175727 113.949 16.4482 14.6625 0 01 0 -0 0 0 0 -0 0 0 0 -0 0 8.40165 22.6947 104.073 466.624 
0.00120343935014930467 0.659841 0 119279 118.641 16.7528 14.9537 0 01 0 0 -0 0 0 0 -0 0 0 0 -0 8.40165 22.6947 104.073 466.624 
0.00121914223370699982 0.14301 1 10657 0 16.077 14.3087 0 0 2 -0.000809687 0.000506686 -7.41529e-05 0 0 0 -0 0 0 0 -0 5.02522 9.70171 1978.66 2284.7 
0.00121914223370699982 0.527934 0 92882 107.222 16.0778 14.3095 0 01 0 0 0 0 0 0 0 0 0 0 0 7.76897 19.2011 443.171 849.507 
0.00121914223370699982 0.679099 0 64926 104.991 15.6904 13.9414 0 01 0 -0 0 0 0 -0 0 0 0 -0 0 9.38631 17.4925 0 472.106 
0.00121914223370699982 1.10622 0 188351 0.372117 16.0584 14.291 0 01 0 -0 0 0 0 -0 0 0 0 -0 0 5.57624 12.3076 0 3.71105 
0.00123184036677714934 0.26535 1 48757 0 15.5937 13.8498 0 0 1 -0.00752242 -0.00836151 -0.0156284 0 -0 0 0 0 -0 0 0 4.86588 12.6535 202.875 440.554 
0.00123184036677714934 0.948978 0 149723 103.931 15.6042 13.8597 0 01 0 0 0 0 0 0 0 0 0 0 0 5.68855 16.14 196.317 296.746 
0.00123184036677714934 1.02229 0 111187 103.99 15.6146 13.8695 0 01 0 0 0 0 0 0 0 0 0 0 0 4.07101 8.11955 0 351.298 
0.00123184036677714934 1.84636 0 178115 104.318 15.672 13.9239 0 01 0 -0 0 0 0 -0 0 0 0 -0 0 9.05713 14.5143 0 2.94806 
0.00125168700742627143 0.118842 1 51333 0 15.0877 13.3712 0 0 1 0.00488001 0.0196713 -0.002824 0 0 0 -0 0 0 0 -0 4.86648 9.5497 323.614 985.236 
0.00125168700742627143 0.320678 1 0 0 12.0888 8.19892 0 0 1 36.0676 -28.3596 -19.7021 1 7.23028 7.12762 14.2009 0 0 0 0 7.42624 16.8001 482.667 1132.63 
0.00125168700742627143 0.776722 0 9424 0.346641 15.3912 13.6578 0 01 0 0 0 0 0 0 0 0 0 0 0 6.96868 19.3727 0 65.478 
0.00125168700742627143 1.3377 0 168168 93.8479 14.8622 13.1585 0 01 0 0 0 0 0 0 0 0 0 0 0 1.32086 9.23479 0 0 
0.00127666487143914442 0.109594 1 0 0 14.3195 12.1695 0 0 1 3.40195 0.785385 15.5917 1 1.81517 -3.95365 16.1267 0 0 0 0 5.34479 12.3712 649.445 1174.9 
0.00127666487143914442 0.315458 0 61874 0.110983 14.4534 12.4661 0 19.98751 1.47466 -8.15746 -18.1874 0 0 0 0 0 0 0 0 9.71499 24.9191 206.452 1540.05 
0.00127666487143914442 0.453457 0 147898 86.2269 14.1306 11.7628 0 30.39441 21.8624 10.5729 -18.2775 0 0 0 -0 0 0 0 -0 11.3451 21.3246 506.183 1806.27 
0.00127666487143914442 0.744626 0 136651 90.7845 14.6589 12.9338 0 1.392451 -1.09719 0.477833 -0.711864 0 0 0 0 0 0 0 0 7.4948 22.4823 26.0322 26.0322 
0.00127666487143914442 0.762523 0 150155 90.7141 14.6408 12.892 0 2.155211 2.01432 0.423176 0.639053 0 0 0 0 0 0 0 0 6.18634 17.8083 3.00281 288.477 
0.00127666487143914442 1.12538 0 167048 92.1791 14.7312 13.0353 0 01 0 0 0 0 0 0 0 0 0 0 0 7.91906 16.954 3.61776 37.5102 
0.00127666487143914442 1.93547 0 176205 86.732 14.2354 11.9869 0 7.030761 6.49154 0.647011 -2.62162 0 0 0 0 0 0 0 0 5.65831 21.1557 0 0 
0.00127666487143914442 2.12184 0 159815 87.188 14.3262 12.1843 0 12.41851 -8.25956 -9.06058 -1.97571 0 -0 0 0 0 -0 0 0 2.18707 6.40925 0 0 
0.00130311295622349095 0.217214 0 59411 80.6805 13.6243 10.7372 0 55.77671 -37.3709 -28.9471 29.6061 0 0 0 0 0 0 0 0 10.3898 20.6996 1312.02 1633.17 
0.00130311295622349095 0.25157 0 78203 85.2054 13.9918 11.4721 0 21.05311 -10.106 -15.7591 -9.63081 0 0 0 -0 0 0 0 -0 8.82323 20.1584 169.336 438.746 
0.00130311295622349095 0.352466 0 122627 80.8837 13.6462 10.7796 0 42.74051 -5.21426 42.3981 -1.40041 0 0 0 -0 0 0 0 -0 8.86418 23.7139 291.353 535.468 
0.00130311295622349095 1.81092 0 161709 0 14.5541 12.6934 0 2.726091 -1.8337 -1.54686 1.29473 0 0 -0 0 0 0 -0 0 1.81678 5.51421 0 0 
0.00131584421634274107 0.284422 0 115918 78.7712 13.3845 10.2842 0 54.20911 18.8105 16.1271 -48.2153 0 0 0 0 0 0 0 0 5.93226 14.2124 443.43 1186.25 
0.00131584421634274107 1.09017 0 176470 78.0612 13.3742 10.2652 0 57.29011 38.6974 20.499 36.9385 0 0 0 0 0 0 0 0 4.36247 8.7255 0 6.31607 
0.00131584421634274107 1.77366 0 42429 77.2398 13.217 9.98022 0 79.06231 -65.7856 37.0938 -23.3913 0 0 0 -0 0 0 0 -0 1.75004 5.24164 0 0 
0.00132707461178556483 0.408106 0 102311 75.0149 13.0629 9.70962 0 115.9171 -101.913 46.9268 -29.1267 0 0 0 0 0 0 0 0 4.49673 11.4267 563.073 650.264 
0.00132707461178556483 0.473489 0 4485 0.0904897 12.952 9.52027 0 56.32381 16.0982 43.7468 31.6138 0 0 0 0 0 0 0 0 6.23446 18.2796 0 273.869 
0.00132707461178556483 0.672665 0 100809 75.8412 13.0905 9.75741 0 37.09361 -7.20541 27.9651 23.2802 0 0 0 0 0 0 0 0 4.10976 13.6392 0 78.0956 
0.00135100258196314436 1.15181 0 152617 73.6069 12.9309 9.48479 0 72.81831 -48.5662 46.5107 -27.9389 0 0 0 -0 0 0 0 -0 4.54055 19.3632 0 398.168 
0.00135100258196314436 1.25058 0 114706 70.8061 12.5801 8.91801 0 110.1311 -30.3657 105.641 6.84059 0 0 0 0 0 0 0 0 5.00424 11.2779 377.015 435.894 
0.00135100258196314436 1.92566 0 153939 71.4512 12.731 9.15636 0 89.1621 -82.1978 -23.0892 25.6959 0 0 -0 0 0 0 -0 0 0 13.6159 0 0 
0.00137467072614037562 0.55809 0 51259 69.5325 12.4355 8.69729 0 64.81731 -60.8684 -13.3365 17.8455 0 -0 0 0 0 -0 0 0 14.3595 30.3831 79.1714 410.314 
0.00137467072614037562 0.589535 0 24013 68.8349 12.4073 8.65513 0 40.99751 -34.6664 17.5707 13.0499 0 0 0 0 0 0 0 0 6.56905 20.2781 12.0085 100.17 
0.00137467072614037562 0.825682 0 111328 67.4826 12.2976 8.49386 0 61.93371 7.63981 -56.455 -24.295 0 0 0 -0 0 0 0 -0 6.6794 16.7399 0 206.929 
0.00137467072614037562 0.936495 0 121014 67.3249 12.2693 8.45288 0 109.0581 92.0381 55.8645 -17.3734 0 0 0 0 0 0 0 0 1.89909 17.0498 28.6481 28.6481 
0.00137467072614037562 1.63162 0 174664 69.4959 12.4336 8.69439 0 51.45511 -17.532 -9.92498 -47.3471 0 0 -0 0 0 0 -0 0 3.25682 14.5947 0 233.348 
0.00137467072614037562 3.17451 0 196871 67.4387 12.2819 8.47111 0 143.3071 -20.9953 132.666 49.9587 0 -0 0 0 0 -0 0 0 0 7.91705 0 0 
0.00140039229033383865 0.315822 0 11010 64.4191 11.9234 7.97636 0 47.92871 -47.8765 -1.45915 1.69385 0 0 -0 0 0 0 -0 0 10.7916 23.4269 181.82 1332.07 
0.00140039229033383865 0.357804 0 12700 64.3014 11.9023 7.94867 0 87.5941 -13.9128 -49.3733 71.003 0 -0 0 0 0 -0 0 0 10.4804 26.5803 261.578 858.521 
0.00140039229033383865 0.564528 0 71530 66.0952 12.1452 8.277 0 180.9111 158.694 -11.6288 -86.0811 0 0 0 -0 0 0 0 -0 8.57239 21.2099 62.7582 152.274 
0.00140039229033383865 0.564939 0 37142 63.1007 11.7514 7.75537 0 111.8451 97.793 19.1495 -50.7851 0 0 0 0 0 0 0 0 8.57239 21.2099 62.7582 152.274 
0.00140039229033383865 0.692221 0 88100 64.7006 11.9128 7.96239 0 43.35941 24.3515 -34.7207 9.02826 0 0 -0 0 0 0 -0 0 10.976 26.1046 3.59597 7.09845 
0.00140039229033383865 0.878832 1 0 0 11.749 7.75225 0 0 1 -15.5489 -97.7763 10.2423 1 -15.798 -97.3325 14.0727 0 -0 0 0 4.46499 16.9552 0 6.26753 
0.00140039229033383865 1.36527 0 150382 65.3114 11.9353 7.99206 0 108.1561 -85.6755 -5.87308 65.7495 0 -0 0 0 0 -0 0 0 6.73634 12.1191 0 18.6008 
0.00140039229033383865 1.86493 0 177308 63.2174 11.7718 7.78097 0 106.5731 -104.879 -13.0588 13.698 0 -0 0 0 0 -0 0 0 5.56394 20.4423 0 1.128 
0.00141884485841119136 0.347577 0 110778 61.5212 11.6821 7.66921 0 196.8121 135.953 141.864 -11.2379 0 0 0 -0 0 0 0 -0 7.01139 15.7111 57.2047 556.892 
0.00141884485841119136 0.628688 0 25991 61.3019 11.6152 7.58782 0 131.5811 76.8799 -21.8755 -104.521 0 0 -0 0 0 0 -0 0 3.74048 18.5808 0 231.711 
0.00141884485841119136 1.12011 0 164435 61.1483 11.5895 7.55698 0 237.8621 -55.406 -111.706 -202.559 0 0 0 0 0 0 0 0 4.43096 13.3334 0 31.345 
0.00141884485841119136 1.36003 0 166865 62.8942 11.7122 7.70643 0 181.311 109.762 -144.146 -6.89837 0 0 -0 0 0 0 -0 0 2.73303 19.066 0 13.3463 
0.00141884485841119136 1.96008 0 181303 61.4273 11.6485 7.62811 0 88.35471 10.662 -77.3953 -41.2655 0 0 0 0 0 0 0 0 0 7.89188 0 0 
0.00141884485841119136 2.96746 0 197790 61.1754 11.5838 7.55008 0 225.5541 44.0442 159.337 153.449 0 0 0 0 0 0 0 0 0 2.82292 0 0 
0.0014370816141119438 0.221075 0 244504 0.101572 16.4372 14.652 0 01 0 0 0 0 0 0 0 0 0 0 0 8.46152 16.5155 668.691 1185.07 
0.0014370816141119438 0.632744 0 107024 60.5044 11.4217 7.36117 0 110.971 72.9121 69.13 -47.1091 0 0 0 -0 0 0 0 -0 5.61267 11.8863 1.95818 1.95818 
0.0014370816141119438 0.66315 0 156600 59.8262 11.4939 7.44415 0 183.8961 -182.319 -20.7925 12.0495 0 0 -0 0 0 0 -0 0 0.669697 14.0918 0 222.429 
0.0014370816141119438 0.986455 0 95702 60.5667 11.4368 7.37837 0 130.8571 -124.806 -29.4448 -26.0754 0 0 -0 0 0 0 -0 0 4.90664 10.8057 0 0 
0.0014370816141119438 1.36561 0 176147 59.5084 11.4048 7.34205 0 184.441 112.911 -31.5984 142.376 0 0 0 0 0 0 0 0 1.33583 13.524 85.4096 85.4096 
0.0014370816141119438 1.79706 0 184514 59.5604 11.4209 7.3603 0 165.1851 141.625 -84.785 6.32852 0 0 0 0 0 0 0 0 0 3.53776 0 0 
0.00144173083903708353 0.307236 0 85265 58.7173 11.2094 7.12789 0 162.7911 102.827 -107.626 -65.9113 0 0 0 0 0 0 0 0 1.54137 6.69902 0 145.925 
0.00144173083903708353 0.660538 0 147276 58.7407 11.2045 7.12276 0 138.7831 124.873 -48.6834 36.0187 0 0 -0 0 0 0 -0 0 1.93787 3.85755 0 0 
0.00145261698298199387 0.535999 0 52253 57.7001 11.1245 7.0391 0 99.56971 -54.0612 -55.5117 62.5297 0 0 0 0 0 0 0 0 2.14557 10.7129 0 80.3203 
0.00145711459590642319 1.18894 0 179664 56.8427 10.9487 6.86334 0 57.21961 35.9551 -16.7584 41.2367 0 0 0 0 0 0 0 0 0 3.53712 0 0 
0.00147273366442490653 0.19384 0 13642 55.6771 10.8671 6.78549 0 92.2931 -89.4827 -0.467135 22.5969 0 0 0 0 0 0 0 0 4.9151 10.152 477.791 939.342 
0.00147273366442490653 0.429573 0 58352 55.3119 10.7838 6.70835 0 107.281 83.1115 -67.7116 -4.08175 0 0 -0 0 0 0 -0 0 5.54806 21.1727 35.1814 200.946 
0.00147273366442490653 0.496203 0 128897 55.4251 10.8018 6.72481 0 135.1781 -16.8941 -122.198 -55.275 0 0 0 -0 0 0 0 -0 9.40705 22.3131 0 1287.58 
0.00147273366442490653 1.37809 0 134142 56.2477 11.0311 6.94439 0 92.20391 42.4682 8.72256 -81.3752 0 0 0 0 0 0 0 0 5.47681 10.9022 0 63.2365 
0.00150934225798132196 0.342609 1 0 0 10.9311 6.84633 0 0 1 -24.4379 -187.795 -67.876 1 -24.5541 -186.801 -70.5827 0 0 0 -0 13.7045 26.009 416.295 1151.39 
0.00150934225798132196 0.40249 0 37483 52.7163 10.6263 6.56936 0 99.62461 98.3 -3.5064 -15.8075 0 0 -0 0 0 0 -0 0 16.4079 37.9688 288.813 521.38 
0.00150934225798132196 0.580315 0 75494 52.6861 10.6329 6.57498 0 171.5921 -170.739 11.6272 12.5191 0 0 0 0 0 0 0 0 10.0282 26.0088 125.163 198.743 
0.00150934225798132196 0.674633 0 111644 52.5187 10.6415 6.58236 0 154.041 55.0232 -143.665 -7.82131 0 0 0 0 0 0 0 0 19.1177 33.4265 41.9093 145.452 
0.00150934225798132196 1.61558 0 28748 0 10.8284 6.74934 0 99.41941 -86.1114 -12.5521 -48.0779 0 -0 0 0 0 -0 0 0 1.56274 12.7434 0 0 
0.00153896796699708811 0.404034 0 89578 49.7995 10.6864 6.62133 0 239.2331 -0.131256 91.1532 221.186 0 0 0 0 0 0 0 0 12.0227 33.2229 85.025 740.867 
0.00153896796699708811 0.456605 0 74245 51.1709 10.6446 6.58504 0 171.761 141.003 87.1988 -44.8994 0 0 0 0 0 0 0 0 7.64204 23.3245 112.957 512.697 
0.00153896796699708811 0.495007 0 44453 51.9633 10.5992 6.54651 0 128.4021 -110.707 -58.044 -29.3585 0 0 0 -0 0 0 0 -0 8.99432 28.3663 683.913 722.766 
0.00153896796699708811 0.641784 1 56191 0 8.93703 7.77835 0 0 1 1.26147 0.254913 0.132575 0 0 0 0 0 0 0 0 12.7902 30.6787 473.474 577.302 
0.00153896796699708811 0.696478 0 27716 51.6437 10.6261 6.56914 0 124.0211 -101.571 -43.6359 -56.2181 0 0 0 0 0 0 0 0 7.77671 24.0581 44.747 328.755 
0.00153896796699708811 0.987308 0 185627 50.0487 10.6744 6.61083 0 96.91321 -68.4019 66.1934 18.2151 0 0 0 0 0 0 0 0 7.03027 18.0177 0 83.8238 
0.00153896796699708811 1.00544 1 165646 52.3922 9.00197 7.83516 0 0 1 1.61684 0.428472 1.87896 0 0 0 0 0 0 0 0 7.03027 18.0177 0 83.8238 
0.00153896796699708811 1.09946 0 154047 51.7776 10.607 6.55307 0 147.5451 -49.7751 -66.9555 -121.692 0 0 0 -0 0 0 0 -0 7.66261 23.0097 0 51.8204 
0.00153896796699708811 1.70666 0 194166 51.865 10.6129 6.55804 0 97.92091 -11.7153 -96.2105 13.9571 0 0 0 0 0 0 0 0 1.71527 15.3761 0 0 
0.00157125985489946175 0.186407 1 43106 0 8.69151 7.56394 0 0 1 -0.182734 -1.64352 0.557361 0 -0 0 0 0 -0 0 0 6.51298 13.6487 245.357 742.247 
0.00157125985489946175 0.296039 0 183715 49.3078 10.7022 6.63522 0 127.9321 67.4206 -65.464 86.8069 0 0 0 0 0 0 0 0 11.7336 27.0246 298.025 377.605 
0.00157125985489946175 0.369143 0 62226 48.302 10.7314 6.66114 0 195.1651 -140.171 -114.303 -73.3232 0 0 -0 0 0 0 -0 0 10.1331 27.0543 3.41811 263.991 
0.00157125985489946175 0.418109 0 27316 48.1001 10.7019 6.63498 0 79.56081 -7.51131 -48.9862 -62.2403 0 -0 0 0 0 -0 0 0 12.0146 29.5174 138.499 840.617 
0.00157125985489946175 0.637581 0 45741 47.4805 10.6279 6.5707 0 260.6511 -249.775 59.3673 45.0211 0 0 0 0 0 0 0 0 7.03847 26.1481 18.3836 45.3744 
0.00157125985489946175 0.682682 0 99846 48.7235 10.6842 6.61946 0 132.2021 26.8365 26.2502 126.76 0 0 0 0 0 0 0 0 6.85482 18.5563 422.004 422.004 
0.00157125985489946175 0.723863 0 164882 1.21952 10.9957 6.90926 0 158.981 -89.1482 43.1454 -124.361 0 -0 0 0 0 -0 0 0 6.61025 22.7158 0 298.267 
0.00157125985489946175 0.738968 0 54190 49.2892 10.7022 6.63522 0 80.65951 -22.5106 -51.7355 -57.6425 0 0 0 -0 0 0 0 -0 6.61025 22.7158 0 298.267 
0.00157125985489946175 0.894189 0 162029 49.042 10.7198 6.65079 0 99.3681 -29.7022 -49.4652 80.9011 0 0 0 0 0 0 0 0 8.83885 31.9813 0 222.332 
0.00157125985489946175 0.9307 0 116262 49.0266 10.7179 6.64912 0 146.6961 79.6436 63.2588 105.711 0 0 0 0 0 0 0 0 9.37817 25.366 0 486.073 
0.00157125985489946175 1.55242 0 183290 48.3797 10.7342 6.66364 0 178.9241 -54.3645 68.6614 -156.026 0 0 0 -0 0 0 0 -0 9.18105 24.4345 3.94695 129.945 
0.00157125985489946175 2.00373 0 157557 48.6908 10.6822 6.61765 0 97.66811 96.7395 7.98799 -10.8034 0 0 0 0 0 0 0 0 7.8705 13.8908 0 0 
0.00158480359901131329 0.0998624 1 0 0 10.6401 6.58119 0 0 1 48.572 0.522589 -1.07082 1 48.532 -2.56977 -3.77016 0 0 0 -0 3.53213 7.9947 679.342 1462.88 
0.00158480359901131329 0.348102 0 55710 46.9203 10.5626 6.5161 0 196.6751 -196.512 5.6812 5.64023 0 0 0 0 0 0 0 0 5.186 14.5268 211.275 322.02 
0.00158480359901131329 1.74967 0 177060 46.786 10.6443 6.58477 0 136.991 -13.0901 27.4338 133.575 0 0 0 0 0 0 0 0 0 1.70259 0 0 
0.00158889854281765025 0.97766 0 139943 46.444 10.5916 6.54021 0 96.16921 84.9675 36.7888 -25.9927 0 0 0 0 0 0 0 0 3.90273 5.8657 51.7879 375.414 
0.00159196743487993861 1.23996 0 144755 46.2284 10.5645 6.51771 0 162.2521 153.943 28.5715 42.5551 0 0 0 0 0 0 0 0 0 1.21513 0 0 
0.00162089274579156205 0.395113 0 63181 45.5723 10.4917 6.45845 0 102.7851 102.785 0.0760076 -0.129411 0 0 0 0 0 0 0 0 9.75745 29.2423 201.647 284.362 
0.00162089274579156205 0.50389 0 65477 45.4948 10.4711 6.44204 0 106.0711 59.3447 75.6553 44.7822 0 0 0 0 0 0 0 0 12.7221 30.9606 683.634 1123.26 
0.00162089274579156205 0.515232 0 57888 0.570674 10.5994 6.54672 0 162.681 64.308 120.038 -88.9944 0 0 0 0 0 0 0 0 12.7221 30.9606 683.634 1123.26 
0.00162089274579156205 0.551527 0 60170 45.2368 10.5333 6.49211 0 56.92041 56.6761 1.3271 -5.09809 0 0 0 0 0 0 0 0 7.76533 24.974 0 266.707 
0.00162089274579156205 0.807791 0 85683 44.9658 10.5018 6.46657 0 119.2271 118.96 -1.17925 7.89197 0 0 -0 0 0 0 -0 0 5.74788 17.9944 0 15.3048 
0.00162089274579156205 0.853328 0 37829 45.571 10.4914 6.45826 0 130.0241 44.4302 9.56754 121.823 0 0 0 0 0 0 0 0 10.9364 28.649 45.477 231.755 
0.00162089274579156205 1.12874 0 58596 45.3218 10.5441 6.50092 0 64.69431 -3.39764 -42.2714 -48.8563 0 0 0 -0 0 0 0 -0 1.13117 18.2838 0 0 
0.00162089274579156205 2.55665 0 146828 45.4911 10.4716 6.44248 0 103.631 -52.4953 81.6922 -36.1908 0 0 0 -0 0 0 0 -0 0 7.81036 0 0 
0.00162089274579156205 2.64492 0 194155 45.6927 10.4996 6.46482 0 183.121 53.1181 174.613 14.8821 0 0 0 0 0 0 0 0 0 7.81036 0 0 
0.00162801188773312394 0.760449 0 120626 44.1948 10.4064 6.39136 0 120.6831 -88.0697 70.7388 -42.4761 0 -0 0 0 0 -0 0 0 0.769265 2.31216 0 0 
0.00165026599485946211 0.418581 0 83883 43.4998 10.3859 6.3756 0 89.52751 22.4289 3.35317 86.6076 0 0 0 0 0 0 0 0 9.93213 21.4345 386.856 1210.63 
0.00165026599485946211 0.481821 0 68583 43.541 10.385 6.37486 0 285.9271 -239.103 -31.5979 -153.576 0 0 0 -0 0 0 0 -0 7.77026 26.2869 86.3219 390.112 
0.00165026599485946211 0.485248 0 35366 43.6827 10.3949 6.38247 0 164.7151 148.774 -46.1325 -53.5642 0 0 0 0 0 0 0 0 7.77026 26.2869 86.3219 390.112 
0.00165026599485946211 0.764219 0 25648 43.9216 10.3635 6.35847 0 149.9491 -102.54 26.9975 106.025 0 -0 0 0 0 -0 0 0 7.63844 18.4031 0 108.652 
0.00165026599485946211 0.791286 0 150523 43.4831 10.3678 6.36178 0 125.591 -46.1356 70.5153 -93.1227 0 -0 0 0 0 -0 0 0 7.15562 20.5919 127.198 163.576 
0.00165026599485946211 0.813976 0 85753 43.43 10.3607 6.35641 0 106.0181 52.161 -41.3936 -82.4962 0 0 -0 0 0 0 -0 0 4.89847 21.2184 48.2466 107.159 
0.00165026599485946211 1.18766 0 141955 43.841 10.4176 6.40004 0 145.0461 -103.548 91.5308 -44.0262 0 0 0 -0 0 0 0 -0 7.09769 16.5709 0 120.691 
0.00165026599485946211 1.44672 0 94719 43.369 10.3552 6.35219 0 188.1371 -154.038 83.6007 -68.4014 0 0 0 -0 0 0 0 -0 4.31765 13.0006 0 0 
0.00166895231070361087 0.231297 1 0 43.6574 8.08707 2.2984 0 0 1 70.6297 120.137 52.8003 1 -4.07154 -9.43385 -29.096 0 0 0 0 8.15886 20.0536 663.421 965.834 
0.00166895231070361087 0.464155 0 68259 42.4999 10.2997 6.3108 0 150.4151 -68.2625 -101.763 -87.2317 0 0 -0 0 0 0 -0 0 8.30505 20.2303 10.6682 187.926 
0.00166895231070361087 0.713197 0 254737 0.0885552 10.2286 6.25917 0 106.3991 101.737 24.9894 -18.5963 0 0 0 -0 0 0 0 -0 6.47381 12.9561 0 0 
0.00166895231070361087 2.65012 0 170070 42.6563 10.3254 6.32981 0 115.1861 43.5106 92.6226 52.8741 0 0 0 0 0 0 0 0 2.64695 5.31671 0 0 
0.00166895231070361087 3.0019 0 197910 42.2259 10.259 6.28104 0 148.5071 58.9496 -84.652 106.834 0 0 0 0 0 0 0 0 5.76076 8.85371 0 72.447 
0.0018364173004818509 0.103276 0 8274 35.9089 9.73478 5.94754 0 187.7451 187.003 16.0337 -4.57322 0 0 0 -0 0 0 0 -0 18.6327 42.3616 1143.66 1827.51 
0.0018364173004818509 0.111269 0 22499 40.4457 10.1175 6.182 0 180.2161 76.1274 -40.2235 158.318 0 0 0 0 0 0 0 0 18.6327 42.3616 1143.66 1827.51 
0.0018364173004818509 0.174258 1 0 0 9.84938 6.0126 0 0 1 18.0739 -66.6519 46.974 1 18.6293 -67.1655 46.0304 0 0 0 0 18.6327 42.3616 1143.66 1827.51 
0.0018364173004818509 0.270484 0 52396 35.881 9.73276 5.94644 0 118.5351 -27.8279 98.6479 59.5379 0 0 0 0 0 0 0 0 25.8532 65.6965 680.303 1595.38 
0.0018364173004818509 0.287056 0 6025 40.7768 10.1665 6.21552 0 85.35061 -79.9373 29.9114 -0.22885 0 0 0 0 0 0 0 0 25.8532 65.6965 680.303 1595.38 
0.0018364173004818509 0.335467 0 78974 41.3222 10.1797 6.22468 0 149.2491 -149.167 -3.41389 -3.60112 0 0 0 0 0 0 0 0 32.0688 77.9046 2129.62 3138.95 
0.0018364173004818509 0.38611 1 0 0 10.2036 6.24143 0 0 1 119.594 42.7708 -9.4283 1 120.566 39.9266 -9.94525 0 0 0 -0 34.0252 79.0888 1206.55 1705.35 
0.0018364173004818509 0.398462 0 58537 36.8577 9.83762 6.00571 0 198.1251 16.8938 37.9827 -193.715 0 0 0 -0 0 0 0 -0 32.7309 83.9646 428.592 1432.58 
0.0018364173004818509 0.417167 0 36465 39.0862 10.0204 6.11787 0 69.45911 -13.4181 -46.9394 -49.4086 0 -0 0 0 0 -0 0 0 32.7309 83.9646 428.592 1432.58 
0.0018364173004818509 0.446879 0 50618 39.3718 10.0671 6.1483 0 238.3341 -211.367 -60.2442 -92.1839 0 0 0 0 0 0 0 0 29.6111 77.1262 303.259 1179.67 
0.0018364173004818509 0.493637 0 7823 39.3151 10.0642 6.14641 0 102.4991 -82.2063 -54.4061 28.0742 0 0 0 0 0 0 0 0 29.5159 73.7376 887.233 1666.85 
0.0018364173004818509 0.505346 0 36799 37.7695 9.89594 6.04028 0 136.5011 34.5007 19.4991 130.621 0 0 0 0 0 0 0 0 31.5898 78.4582 760.314 2058.97 
0.0018364173004818509 0.560262 0 32995 37.0429 9.86436 6.02142 0 39.86981 -24.7948 19.9555 24.0124 0 0 0 0 0 0 0 0 25.5397 71.3284 156.959 492.056 
0.0018364173004818509 0.586608 0 79197 38.3837 9.99214 6.09979 0 134.6821 95.3511 -82.4692 -47.3957 0 0 0 0 0 0 0 0 38.3194 94.2284 367.627 534.954 
0.0018364173004818509 0.594936 0 70798 0.122001 10.0518 6.13827 0 158.071 -32.8671 -92.6875 123.753 0 0 0 0 0 0 0 0 31.9864 84.3661 418.961 715.635 
0.0018364173004818509 0.690223 0 111014 41.6225 10.2231 6.25526 0 144.9461 -131.452 -9.99691 60.2476 0 -0 0 0 0 -0 0 0 34.1124 83.5721 357.826 911.979 
0.0018364173004818509 0.806112 0 159247 38.304 9.98305 6.09403 0 148.3981 73.431 -107.17 -71.7237 0 0 0 0 0 0 0 0 37.4409 86.857 18.189 631.361 
0.0018364173004818509 0.812975 0 170525 38.7956 9.98056 6.09246 0 84.52411 -20.1642 -40.264 -71.5299 0 0 0 0 0 0 0 0 31.2155 82.1711 340.138 819.934 
0.0018364173004818509 0.814381 0 128347 35.8955 9.7346 5.94744 0 130.1771 117.814 -25.1493 -49.3301 0 0 0 0 0 0 0 0 31.2155 82.1711 340.138 819.934 
0.0018364173004818509 0.828618 0 5284 40.5322 10.1275 6.18879 0 129.4191 -21.6844 111.87 -61.353 0 0 0 0 0 0 0 0 31.2155 82.1711 340.138 819.934 
0.0018364173004818509 0.845561 0 162583 37.01 9.85453 6.01562 0 102.221 -90.6793 -16.9424 44.0362 0 0 0 0 0 0 0 0 24.5775 77.2534 190.154 649.287 
0.0018364173004818509 0.901184 0 51605 40.827 10.1718 6.21917 0 209.7741 -201.815 54.6363 17.0575 0 0 0 0 0 0 0 0 37.9109 83.8548 594.182 856.912 
0.0018364173004818509 0.98322 0 62469 36.8054 9.83077 6.00173 0 159.4221 159.332 2.53074 4.73036 0 0 0 0 0 0 0 0 21.6758 68.9774 74.3729 216.455 
0.0018364173004818509 1.03577 0 143944 36.4785 9.77608 5.97048 0 167.5891 165.978 -5.64664 22.4795 0 0 0 0 0 0 0 0 25.164 60.8894 80.6672 472.343 
0.0018364173004818509 1.08056 0 122995 40.6661 10.1555 6.20789 0 122.9461 14.3628 -41.6391 -114.785 0 0 0 -0 0 0 0 -0 27.0861 76.8817 104.423 581.185 
0.0018364173004818509 1.1044 0 169315 36.9321 9.84975 6.01281 0 97.75291 3.8827 -35.7925 -90.8816 0 0 -0 0 0 0 -0 0 24.6112 62.6976 933.277 1205.68 
0.0018364173004818509 1.20631 0 121054 41.5427 10.2104 6.24628 0 128.9571 127.601 16.8759 -7.94225 0 0 0 0 0 0 0 0 10.6461 60.5063 138.159 147.143 
0.0018364173004818509 1.31871 0 185827 39.6373 10.1028 6.17209 0 66.43371 42.7979 -30.9217 -40.3191 0 0 0 -0 0 0 0 -0 15.7114 51.0453 60.0733 207.697 
0.0018364173004818509 1.32356 0 186579 35.8192 9.7095 5.93378 0 122.0881 41.8439 37.4384 -108.412 0 0 0 -0 0 0 0 -0 15.7114 51.0453 60.0733 207.697 
0.0018364173004818509 1.37265 0 87721 37.6852 9.88545 6.03398 0 73.63581 -48.9783 -17.3481 52.1766 0 0 0 0 0 0 0 0 18.995 62.3736 3.41006 3.41006 
0.0018364173004818509 1.50324 0 189256 40.4504 10.1162 6.18107 0 83.92631 82.291 4.55656 -15.8447 0 0 0 0 0 0 0 0 18.0502 58.6197 1.47286 84.6641 
0.0018364173004818509 1.59474 0 159486 37.6837 9.88501 6.03372 0 146.7581 -129.27 -32.3786 -61.4705 0 0 0 -0 0 0 0 -0 22.7061 66.3922 8.05943 187.172 
0.0018364173004818509 1.94829 0 149543 36.7563 9.8217 5.99648 0 143.7211 96.7624 -40.8271 98.1111 0 0 0 0 0 0 0 0 19.1395 46.1725 0 415.545 
0.0018364173004818509 2.0306 0 167586 38.5806 10.0245 6.1205 0 120.3011 -91.2483 -76.6028 16.6779 0 0 -0 0 0 0 -0 0 18.221 48.7657 0 269.598 
0.0018364173004818509 2.34978 0 191234 39.5368 10.0882 6.16232 0 184.1621 46.8538 -110.762 139.471 0 0 0 0 0 0 0 0 16.8763 65.4641 0 189.96 
0.0018364173004818509 2.57385 0 195207 39.8973 10.1422 6.19878 0 144.331 -97.7341 67.0798 82.3378 0 0 0 0 0 0 0 0 5.47266 26.5639 0 1.67236 
0.0018364173004818509 2.81354 0 144496 36.8656 9.83918 6.00663 0 110.331 -89.4031 17.8573 62.137 0 0 0 0 0 0 0 0 8.62323 23.1637 0 0 
0.0018364173004818509 3.01619 0 82477 40.9632 10.1902 6.23203 0 235.6091 -195.277 22.3098 -129.926 0 0 0 0 0 0 0 0 8.62323 23.1637 0 0 
0.0018364173004818509 3.90097 0 198841 35.9894 9.74264 5.95186 0 173.3181 -171.36 22.686 -12.6565 0 0 0 0 0 0 0 0 7.18267 17.7473 0 0 
0.00193716382327940992 0.258287 1 0 0 9.61405 5.88378 0 0 1 133.689 15.542 -0.646344 1 133.35 17.9499 -10.069 0 0 0 -0 23.0427 48.4342 819.125 1570.38 
0.00193716382327940992 0.328219 0 90793 35.7125 9.7 5.92867 0 166.7431 -138.588 85.9877 -34.6772 0 0 0 0 0 0 0 0 27.0785 58.158 1129.3 2084.23 
0.00193716382327940992 0.375655 0 102873 35.6821 9.69597 5.92651 0 74.52031 7.74728 -68.3878 -28.5721 0 0 0 -0 0 0 0 -0 21.9281 54.3205 271.976 753.007 
0.00193716382327940992 0.479095 0 17420 33.4215 9.48941 8.2598 0 01 0 0 0 0 0 0 0 0 0 0 0 25.5601 60.2729 407.214 794.378 
0.00193716382327940992 0.619967 0 57393 35.2741 9.69783 5.92751 0 128.8131 91.2556 -8.48804 90.5167 0 0 -0 0 0 0 -0 0 23.269 67.1766 177.391 1017.15 
0.00193716382327940992 0.652946 0 140577 33.135 9.5443 5.84917 0 242.5891 62.8263 195.611 128.992 0 0 0 0 0 0 0 0 20.8604 52.753 191.325 493.573 
0.00193716382327940992 0.714149 0 138555 33.057 9.53553 5.84493 0 134.2371 -130.6 27.6706 -14.0567 0 0 0 -0 0 0 0 -0 16.6852 55.7258 78.4539 394.139 
0.00193716382327940992 0.780582 0 71669 34.3464 9.60223 5.8778 0 173.0711 -116.356 45.9192 -119.61 0 0 0 0 0 0 0 0 24.6554 61.6424 36.2489 114.245 
0.00193716382327940992 0.855526 0 87366 35.2759 9.69759 5.92738 0 280.8561 96.5604 -258.131 54.0819 0 0 0 0 0 0 0 0 16.1625 53.5764 0 303.801 
0.00193716382327940992 1.31352 0 191220 35.2742 9.69782 5.9275 0 262.9081 5.50473 201.152 169.197 0 0 0 0 0 0 0 0 17.0599 59.1191 6.85009 176.362 
0.00193716382327940992 1.45229 0 149405 33.1739 9.54886 5.85138 0 42.74011 -13.2476 16.1631 -37.2824 0 0 0 0 0 0 0 0 14.4746 39.1436 31.753 254.232 
0.00193716382327940992 1.68827 0 165929 34.8882 9.63156 5.89272 0 151.4491 -42.7719 -60.903 -131.902 0 0 0 0 0 0 0 0 3.36891 20.1576 0 14.3767 
0.00193716382327940992 2.0118 0 196116 35.192 9.68972 5.92317 0 202.0131 22.2042 -101.321 173.35 0 0 -0 0 0 0 -0 0 20.3317 42.6668 0 111.931 
0.00193716382327940992 2.27125 0 137507 34.7929 9.61666 5.88511 0 204.3451 156.125 131.604 -7.86818 0 0 0 0 0 0 0 0 13.6006 29.4686 0 3.74841 
0.00193716382327940992 2.78678 0 195542 33.3682 9.48395 8.25505 0 01 0 -0 0 0 0 -0 0 0 0 -0 0 5.76833 14.685 0 0 
0.00194805895949471167 0.416374 0 41308 32.768 9.50684 8.27497 0 01 0 0 0 0 0 0 0 0 0 0 0 4.5839 13.7549 32.9749 63.3697 
0.00214435773600048663 0.138686 0 15422 31.4974 9.32234 8.11432 0 01 -0 0 0 0 -0 0 0 0 -0 0 0 15.6059 38.1531 1322.98 2696.14 
0.00214435773600048663 0.225647 0 71493 30.2655 9.20463 8.01174 0 01 0 0 0 0 0 0 0 0 0 0 0 32.3981 73.3819 1421.55 2702.36 
0.00214435773600048663 0.277187 0 19650 29.1244 9.08221 7.90501 0 01 0 0 0 0 0 0 0 0 0 0 0 32.2253 71.7109 706.917 1783.03 
0.00214435773600048663 0.283832 0 26774 30.6602 9.26662 8.06577 0 01 0 0 0 0 0 0 0 0 0 0 0 32.2253 71.7109 706.917 1783.03 
0.00214435773600048663 0.309154 0 34930 31.0161 9.22568 8.03009 0 01 0 0 0 0 0 0 0 0 0 0 0 32.2253 71.7109 706.917 1783.03 
0.00214435773600048663 0.314737 0 6292 29.1038 9.07844 7.90173 0 01 0 0 -0 0 0 0 -0 0 0 0 -0 35.9608 75.311 831.856 2070.88 
0.00214435773600048663 0.317121 0 29137 28.8047 9.03997 7.86816 0 01 0 0 0 0 0 0 0 0 0 0 0 35.9608 75.311 831.856 2070.88 
0.00214435773600048663 0.38161 0 52314 30.7935 9.28133 8.07859 0 01 0 0 0 0 0 0 0 0 0 0 0 40.4471 90.2222 698.97 1603.69 
0.00214435773600048663 0.393081 0 19678 30.5204 9.2475 8.04911 0 01 0 0 0 0 0 0 0 0 0 0 0 40.4471 90.2222 698.97 1603.69 
0.00214435773600048663 0.408928 0 30458 30.8936 9.21529 8.02103 0 01 0 0 0 0 0 0 0 0 0 0 0 44.4938 90.6281 1010.02 2488.06 
0.00214435773600048663 0.44725 0 30052 32.4488 9.47053 8.24338 0 01 -0 0 0 0 -0 0 0 0 -0 0 0 36.9899 93.2034 766.421 1236.24 
0.00214435773600048663 0.466197 0 109173 31.5459 9.32995 8.12095 0 01 0 0 0 0 0 0 0 0 0 0 0 36.3357 90.0855 283.382 830.972 
0.00214435773600048663 0.532725 0 129259 29.8493 9.13055 7.94716 0 01 0 0 0 0 0 0 0 0 0 0 0 37.9465 95.3323 305.304 917.377 
0.00214435773600048663 0.583719 0 66897 31.2341 9.26509 8.06443 0 01 0 0 -0 0 0 0 -0 0 0 0 -0 39.0509 86.9766 258.38 847.467 
0.00214435773600048663 0.60037 0 139792 31.9889 9.4184 8.198 0 01 0 -0 0 0 0 -0 0 0 0 -0 0 39.0509 86.9766 258.38 847.467 
0.00214435773600048663 0.621224 0 43108 30.0418 9.1528 7.96656 0 01 0 0 -0 0 0 0 -0 0 0 0 -0 30.8254 83.6285 803.843 1323.11 
0.00214435773600048663 0.80542 0 48688 29.678 9.08772 7.90982 0 01 -0 0 0 0 -0 0 0 0 -0 0 0 33.9768 91.4409 538.619 965.981 
0.00214435773600048663 0.857607 0 67849 31.2414 9.27008 8.06878 0 01 0 0 0 0 0 0 0 0 0 0 0 32.8377 86.3898 118.636 542.317 
0.00214435773600048663 0.866651 0 183892 30.1223 9.1717 7.98304 0 01 0 0 0 0 0 0 0 0 0 0 0 32.8377 86.3898 118.636 542.317 
0.00214435773600048663 0.899373 0 121925 32.1195 9.42691 8.20541 0 01 0 0 0 0 0 0 0 0 0 0 0 33.7983 83.6584 141.565 424.918 
0.00214435773600048663 0.951722 0 107151 32.3059 9.45407 8.22906 0 01 0 0 0 0 0 0 0 0 0 0 0 34.9809 84.1358 102.614 362.61 
0.00214435773600048663 0.970983 0 69754 30.7762 9.28137 8.07862 0 01 0 -0 0 0 0 -0 0 0 0 -0 0 33.1679 83.9771 419.425 673.274 
0.00214435773600048663 1.01453 0 86949 29.7502 9.10373 7.92377 0 01 -0 0 0 0 -0 0 0 0 -0 0 0 22.1931 76.3767 255.872 460.16 
0.00214435773600048663 1.02304 0 55686 31.4713 9.32214 8.11415 0 01 0 0 0 0 0 0 0 0 0 0 0 23.8073 74.5908 126.016 371.06 
0.00214435773600048663 1.04649 1 204434 0 10.2747 6.29244 0 0 2 -65.8667 -72.0302 17.1075 0 -0 0 0 0 -0 0 0 23.8073 74.5908 126.016 371.06 
0.00214435773600048663 1.05831 0 27397 30.0313 9.15955 7.97244 0 01 0 -0 0 0 0 -0 0 0 0 -0 0 26.6142 86.4477 82.796 567.777 
0.00214435773600048663 1.07245 0 169885 30.6318 9.26018 8.06015 0 01 0 0 0 0 0 0 0 0 0 0 0 26.6142 86.4477 82.796 567.777 
0.00214435773600048663 1.09061 0 152125 29.2841 9.09934 7.91995 0 01 0 0 0 0 0 0 0 0 0 0 0 31.8432 84.5845 177.799 268.262 
0.00214435773600048663 1.13473 0 154589 30.0242 9.15917 7.97212 0 01 0 0 0 0 0 0 0 0 0 0 0 23.8344 53.3644 64.1003 311.245 
0.00214435773600048663 1.18809 0 179360 28.9337 9.06028 7.88588 0 01 -0 0 0 0 -0 0 0 0 -0 0 0 17.4986 54.9906 38.5373 358.702 
0.00214435773600048663 1.22257 0 153147 29.442 9.04589 7.87333 0 01 0 0 0 0 0 0 0 0 0 0 0 25.3771 70.1202 115.795 162.499 
0.00214435773600048663 1.29989 0 209141 0 12.3664 8.59454 0 55.70221 -46.8161 25.0965 -16.7675 0 0 0 0 0 0 0 0 21.9114 65.9275 11.5733 272.466 
0.00214435773600048663 1.30064 0 89901 30.3874 9.23117 8.03487 0 01 0 -0 0 0 0 -0 0 0 0 -0 0 21.9114 65.9275 11.5733 272.466 
0.00214435773600048663 1.34496 0 54359 28.9575 9.06087 7.88639 0 01 0 0 0 0 0 0 0 0 0 0 0 42.6139 75.9068 185.286 245.339 
0.00214435773600048663 1.36902 0 184947 31.2345 9.26525 8.06457 0 01 0 0 0 0 0 0 0 0 0 0 0 19.3063 62.0115 131.243 161.768 
0.00214435773600048663 1.39624 0 132704 30.5626 9.25323 8.0541 0 01 0 0 -0 0 0 0 -0 0 0 0 -0 19.3063 62.0115 131.243 161.768 
0.00214435773600048663 1.42295 0 154920 31.2574 9.27218 8.07061 0 01 0 0 0 0 0 0 0 0 0 0 0 14.2421 68.2295 64.2623 252.189 
0.00214435773600048663 1.47537 0 59481 30.6952 9.26833 8.06726 0 01 0 0 0 0 0 0 0 0 0 0 0 20.7107 73.7894 0 431.715 
0.00214435773600048663 1.49581 0 79775 30.7969 9.28292 8.07998 0 01 0 -0 0 0 0 -0 0 0 0 -0 0 20.7107 73.7894 0 431.715 
0.00214435773600048663 1.53179 0 185079 29.0216 9.06819 7.89279 0 01 0 -0 0 0 0 -0 0 0 0 -0 0 7.65727 48.9129 50.7561 85.8979 
0.00214435773600048663 1.58698 0 95010 29.1241 9.08226 7.90506 0 01 0 0 0 0 0 0 0 0 0 0 0 26.9356 61.7916 63.5336 181.898 
0.00214435773600048663 1.83396 0 177987 30.7625 9.27913 8.07667 0 01 0 -0 0 0 0 -0 0 0 0 -0 0 27.9619 67.124 26.043 32.8797 
0.00214435773600048663 2.14008 0 176355 32.2815 9.44971 8.22526 0 01 0 0 0 0 0 0 0 0 0 0 0 25.8169 56.2465 0 103.671 
0.00214435773600048663 2.54114 0 194475 30.6804 9.26912 8.06794 0 01 0 0 0 0 0 0 0 0 0 0 0 9.6635 36.7126 0 73.9257 
0.00214435773600048663 3.66419 0 194863 31.5906 9.33585 8.1261 0 01 -0 0 0 0 -0 0 0 0 -0 0 0 10.3753 49.2799 0 0 
0.00216026009458444119 0.137419 0 23097 28.6906 9.0292 7.85874 0 01 -0 0 0 0 -0 0 0 0 -0 0 0 5.35729 11.8408 286.363 675.636 
0.00216026009458444119 0.645795 0 126118 28.7826 9.04336 7.87108 0 01 0 0 0 0 0 0 0 0 0 0 0 6.38843 14.0275 0 78.2859 
0.00216026009458444119 2.22504 0 61856 28.5407 9.01324 7.84483 0 01 0 0 0 0 0 0 0 0 0 0 0 0 8.72103 0 0 
0.00216973023827628231 0.305817 0 55732 28.4725 9.00391 7.83667 0 01 0 0 0 0 0 0 0 0 0 0 0 5.30356 11.4391 466.158 728.764 
0.00216973023827628231 1.34259 0 162556 28.4539 9.00088 7.83402 0 01 0 0 0 0 0 0 0 0 0 0 0 2.67343 6.69602 0 0 
0.00216973023827628231 3.53483 0 193763 28.3885 8.99604 7.82982 0 01 0 0 0 0 0 0 0 0 0 0 0 0 0 0 0 
0.00232927572025136984 0.265761 0 41160 28.0132 8.91987 7.76334 0 01 0 0 0 0 0 0 0 0 0 0 0 21.9427 60.8099 1044.85 2028.12 
0.00232927572025136984 0.338279 0 18064 27.4481 8.82912 7.68413 0 01 0 0 -0 0 0 0 -0 0 0 0 -0 34.3067 75.2941 440.25 1534.8 
0.00232927572025136984 0.436639 0 6219 28.0697 8.93283 7.77466 0 01 0 0 0 0 0 0 0 0 0 0 0 29.0771 73.9979 487.796 818.877 
0.00232927572025136984 0.448396 0 89672 26.1819 8.72242 7.59094 0 01 0 0 0 0 0 0 0 0 0 0 0 40.4938 93.3366 511.94 1222.55 
0.00232927572025136984 0.458968 0 81542 27.2419 8.86302 7.71372 0 01 0 0 0 0 0 0 0 0 0 0 0 40.4938 93.3366 511.94 1222.55 
0.00232927572025136984 0.474273 0 9348 0.203271 8.93077 7.77286 0 01 -0 0 0 0 -0 0 0 0 -0 0 0 30.8789 81.3986 209.03 830.266 
0.00232927572025136984 0.489614 0 61838 27.3392 8.81118 7.66846 0 01 0 0 0 0 0 0 0 0 0 0 0 30.8789 81.3986 209.03 830.266 
0.00232927572025136984 0.514149 0 18681 26.3216 8.74534 7.61097 0 01 -0 0 0 0 -0 0 0 0 -0 0 0 34.9824 73.9444 618.181 1450.86 
0.00232927572025136984 0.565095 0 89495 27.5396 8.82658 7.68191 0 01 0 0 0 0 0 0 0 0 0 0 0 36.0218 77.6362 231.935 887.186 
0.00232927572025136984 0.783958 0 49516 26.5959 8.79076 7.65063 0 01 0 0 -0 0 0 0 -0 0 0 0 -0 37.419 85.9124 64.2128 443.863 
0.00232927572025136984 0.824221 0 125335 26.327 8.74417 7.60994 0 01 0 -0 0 0 0 -0 0 0 0 -0 0 33.6954 77.16 222.117 441.269 
0.00232927572025136984 0.849303 0 67839 28.2831 8.96741 7.80482 0 01 0 0 0 0 0 0 0 0 0 0 0 27.0614 69.4096 89.6261 435.166 
0.00232927572025136984 0.851969 0 129944 28.0037 8.91566 7.75967 0 01 0 0 0 0 0 0 0 0 0 0 0 27.0614 69.4096 89.6261 435.166 
0.00232927572025136984 0.903638 0 86890 27.8716 8.89746 7.74378 0 01 0 0 -0 0 0 0 -0 0 0 0 -0 32.424 80.906 52.9436 375.305 
0.00232927572025136984 0.914246 0 149264 27.311 8.87263 7.72211 0 01 0 -0 0 0 0 -0 0 0 0 -0 0 38.015 88.1227 84.9416 625.607 
0.00232927572025136984 0.930453 0 8327 26.2079 8.72652 7.59453 0 01 0 0 -0 0 0 0 -0 0 0 0 -0 38.015 88.1227 84.9416 625.607 
0.00232927572025136984 0.935218 0 73589 27.9947 8.91397 7.75819 0 01 0 0 0 0 0 0 0 0 0 0 0 38.015 88.1227 84.9416 625.607 
0.00232927572025136984 0.952545 0 99537 28.3536 8.97687 7.81307 0 01 -0 0 0 0 -0 0 0 0 -0 0 0 31.5299 79.2283 81.9408 258.69 
0.00232927572025136984 1.01376 0 39238 28.202 8.96039 7.79871 0 01 -0 0 0 0 -0 0 0 0 -0 0 0 20.3208 70.947 91.051 196.113 
0.00232927572025136984 1.01586 0 141353 27.2499 8.86719 7.71736 0 01 0 0 0 0 0 0 0 0 0 0 0 20.3208 70.947 91.051 196.113 
0.00232927572025136984 1.12876 0 131361 26.4753 8.76828 7.63101 0 01 0 -0 0 0 0 -0 0 0 0 -0 0 15.6393 62.3818 6.96162 277.011 
0.00232927572025136984 1.19481 0 145174 26.2275 8.72712 7.59505 0 01 0 0 0 0 0 0 0 0 0 0 0 18.9328 68.656 150.566 224.255 
0.00232927572025136984 1.34744 0 185355 28.3386 8.97481 7.81129 0 01 0 0 0 0 0 0 0 0 0 0 0 14.7089 53.6475 0 391.325 
0.00232927572025136984 1.51906 0 181037 27.2189 8.86141 7.71231 0 01 -0 0 0 0 -0 0 0 0 -0 0 0 18.4905 61.768 29.6252 173.481 
0.00232927572025136984 1.78441 0 185527 27.9668 8.90447 7.7499 0 01 0 0 0 0 0 0 0 0 0 0 0 9.03746 38.0306 113.66 113.66 
0.00232927572025136984 1.80575 0 166801 27.6131 8.84871 7.70123 0 01 0 -0 0 0 0 -0 0 0 0 -0 0 9.03746 38.0306 113.66 113.66 
0.00232927572025136984 1.82493 0 132710 27.7405 8.87489 7.72408 0 01 0 0 0 0 0 0 0 0 0 0 0 9.03746 38.0306 113.66 113.66 
0.00232927572025136984 1.88132 0 195209 26.2463 8.7301 7.59765 0 01 0 0 0 0 0 0 0 0 0 0 0 13.0994 45.1639 7.35325 10.702 
0.00232927572025136984 1.88184 0 106288 28.3056 8.9716 7.80848 0 01 0 0 0 0 0 0 0 0 0 0 0 13.0994 45.1639 7.35325 10.702 
0.00232927572025136984 1.91951 0 129927 27.4288 8.82831 7.68342 0 01 0 0 0 0 0 0 0 0 0 0 0 13.0994 45.1639 7.35325 10.702 
0.00232927572025136984 1.93673 0 171631 28.0086 8.91776 7.7615 0 01 0 0 0 0 0 0 0 0 0 0 0 9.88195 47.2851 0 10.0362 
0.00232927572025136984 2.08498 0 170681 26.196 8.71366 7.58329 0 01 0 0 0 0 0 0 0 0 0 0 0 14.4169 39.3693 0 92.516 
0.00232927572025136984 2.24277 0 187038 27.069 8.84577 7.69866 0 01 0 0 0 0 0 0 0 0 0 0 0 11.0138 41.8539 0 0 
0.00254151669819600206 0.277475 0 39421 0.0921723 8.75243 7.61716 0 01 0 0 0 0 0 0 0 0 0 0 0 33.5685 72.1218 1323.82 2630.93 
0.00254151669819600206 0.335291 0 63470 24.6264 8.54579 7.43661 0 01 0 0 0 0 0 0 0 0 0 0 0 36.8632 84.2806 311.611 1291.54 
0.00254151669819600206 0.436394 0 131510 26.0311 8.69921 7.57067 0 01 0 0 0 0 0 0 0 0 0 0 0 43.8254 92.835 353.171 832.252 
0.00254151669819600206 0.476286 0 112460 25.4119 8.6587 7.53527 0 01 0 0 0 0 0 0 0 0 0 0 0 42.8583 95.328 158.257 966.08 
0.00254151669819600206 0.497812 0 73656 24.4481 8.52907 7.42201 0 01 0 0 -0 0 0 0 -0 0 0 0 -0 42.8583 95.328 158.257 966.08 
0.00254151669819600206 0.704165 0 77879 24.5368 8.534 7.42631 0 01 0 0 0 0 0 0 0 0 0 0 0 39.3898 99.8974 72.9773 411.033 
0.00254151669819600206 0.712068 0 64738 25.6395 8.68904 7.56178 0 01 0 0 0 0 0 0 0 0 0 0 0 39.3898 99.8974 72.9773 411.033 
0.00254151669819600206 0.738715 0 81629 24.9271 8.58809 7.47358 0 01 0 0 0 0 0 0 0 0 0 0 0 28.4268 86.0648 99.2355 202.375 
0.00254151669819600206 0.906843 0 185177 24.903 8.58719 7.47279 0 01 -0 0 0 0 -0 0 0 0 -0 0 0 30.0076 83.6608 134.048 439.087 
0.00254151669819600206 0.959296 0 105386 25.5418 8.67607 7.55045 0 01 0 0 0 0 0 0 0 0 0 0 0 32.9104 92.8598 28.0689 132.758 
0.00254151669819600206 0.980422 0 140637 24.8446 8.57524 7.46235 0 01 0 -0 0 0 0 -0 0 0 0 -0 0 32.9104 92.8598 28.0689 132.758 
0.00254151669819600206 1.01597 0 149828 25.8174 8.66512 7.54088 0 01 0 0 0 0 0 0 0 0 0 0 0 15.4207 67.7013 5.13802 63.7183 
0.00254151669819600206 1.0491 0 60209 25.824 8.66539 7.54112 0 01 0 0 0 0 0 0 0 0 0 0 0 24.2957 75.0162 178.009 297.36 
0.00254151669819600206 1.06873 0 118226 24.3179 8.50862 7.40414 0 01 0 0 0 0 0 0 0 0 0 0 0 24.2957 75.0162 178.009 297.36 
0.00254151669819600206 1.16416 0 75139 25.8884 8.67274 7.54753 0 01 0 -0 0 0 0 -0 0 0 0 -0 0 25.4807 76.4573 239.975 296.112 
0.00254151669819600206 1.1645 0 144498 24.3374 8.51316 7.40811 0 01 0 0 0 0 0 0 0 0 0 0 0 25.4807 76.4573 239.975 296.112 
0.00254151669819600206 1.16584 0 87460 24.6284 8.54644 7.43718 0 01 0 0 0 0 0 0 0 0 0 0 0 25.4807 76.4573 239.975 296.112 
0.00254151669819600206 1.19934 0 163317 24.8582 8.58016 7.46664 0 01 0 0 -0 0 0 0 -0 0 0 0 -0 25.1094 78.8021 85.0249 298.335 
0.00254151669819600206 1.38747 0 126498 25.4469 8.66209 7.53823 0 01 -0 0 0 0 -0 0 0 0 -0 0 0 23.8031 56.0831 0 33.7788 
0.00254151669819600206 1.51156 0 158284 26.0693 8.70638 7.57692 0 01 0 0 0 0 0 0 0 0 0 0 0 30.049 81.1417 135.955 508.866 
0.00254151669819600206 1.61388 0 166175 25.6275 8.68698 7.55998 0 01 0 0 0 0 0 0 0 0 0 0 0 17.7468 69.3057 0 136.823 
0.00254151669819600206 1.65348 0 77143 25.7174 8.64388 7.52232 0 01 0 0 0 0 0 0 0 0 0 0 0 13.4211 66.9328 0 68.3154 
0.00254151669819600206 2.12476 0 171637 26.0749 8.706 7.57656 0 01 -0 0 0 0 -0 0 0 0 -0 0 0 14.5775 46.0182 0 288.64 
0.00254151669819600206 2.12776 0 186121 24.8636 8.57929 7.46589 0 01 0 -0 0 0 0 -0 0 0 0 -0 0 14.5775 46.0182 0 288.64 
0.00254151669819600206 2.34769 0 165019 24.9833 8.59955 7.48358 0 01 0 0 0 0 0 0 0 0 0 0 0 9.41694 35.0585 0 132.486 
0.00254151669819600206 2.34827 0 165677 24.2251 8.50085 7.39735 0 01 0 0 0 0 0 0 0 0 0 0 0 9.41694 35.0585 0 132.486 
0.00254151669819600206 2.4286 0 190546 25.1519 8.62253 7.50366 0 01 0 0 0 0 0 0 0 0 0 0 0 7.39501 29.804 0 0 
0.00254151669819600206 3.81915 0 197303 24.8468 8.57473 7.4619 0 01 0 0 0 0 0 0 0 0 0 0 0 0 14.9122 0 0 
0.00254151669819600206 4.21487 0 187804 24.3237 8.50817 7.40374 0 01 0 0 0 0 0 0 0 0 0 0 0 0 14.9122 0 0 
0.00273016792008346724 0.166881 0 5708 23.4869 8.40045 7.5604 0 01 0 0 0 0 0 0 0 0 0 0 0 21.477 47.1674 1327.07 2445.3 
0.00273016792008346724 0.195347 0 109592 23.684 8.49873 7.39549 0 01 0 0 -0 0 0 0 -0 0 0 0 -0 21.477 47.1674 1327.07 2445.3 
0.00273016792008346724 0.580209 0 77061 23.5 8.40858 7.56772 0 01 0 0 0 0 0 0 0 0 0 0 0 39.4893 93.7032 106.489 505.257 
0.00273016792008346724 0.661648 0 83813 23.7236 8.494 7.39132 0 01 0 0 -0 0 0 0 -0 0 0 0 -0 32.3065 80.5877 231.416 964.44 
0.00273016792008346724 0.713691 0 98258 23.7794 8.50374 7.39984 0 01 -0 0 0 0 -0 0 0 0 -0 0 0 41.8566 88.0081 280.357 620.627 
0.00273016792008346724 0.755602 0 96095 23.6268 8.48651 7.63786 0 01 0 0 0 0 0 0 0 0 0 0 0 33.3137 88.6458 552.621 1311.96 
0.00273016792008346724 0.793769 0 74516 23.4024 8.34727 7.51254 0 01 -0 0 0 0 -0 0 0 0 -0 0 0 37.5904 95.4494 92.0487 203.257 
0.00273016792008346724 0.840699 0 190351 23.2074 8.23837 7.41453 0 01 0 0 -0 0 0 0 -0 0 0 0 -0 29.1933 83.3835 304.119 598.511 
0.00286033048736039804 2.1514 0 139643 0 8.55612 7.44564 0 01 0 0 0 0 0 0 0 0 0 0 0 10.5969 21.1031 0 0 
0.00319012622102377713 0.943765 0 208454 0.392451 10.1731 6.22009 0 238.7561 211.295 20.0774 -109.341 0 0 0 0 0 0 0 0 48.6564 125.834 186.131 1149.45 
0.00319012622102377713 3.86207 0 203034 1.1746 10.4418 6.41894 0 23.74551 -19.9146 -12.9308 -0.224767 0 0 -0 0 0 0 -0 0 0 25.6345 0 0 
0.00352666250740744751 0.14449 0 248744 0.137571 9.41341 8.19365 0 01 0 0 0 0 0 0 0 0 0 0 0 28.1114 64.2657 1607.85 2972.91 
0.00416067970380985634 10.9039 0 201564 0 9.31017 8.10371 0 01 0 0 0 0 0 0 0 0 0 0 0 7.20486 30.3245 0 158.768 
