#1:time #2:r #3.binary? #4:ID #5:zams_m #6:m_progenitor #7:bh mass #8:bh_spin #9:birth-kick(km/s) #10-25:vsarray
0.000326734780274441812 0.19776 0 264858 136.438 16.791 14.9902 0 01 0 0 0 0 0 0 0 0 0 0 0 13.981 37.1794 1332.35 2423.09 
0.000326734780274441812 0.264812 0 73525 137.077 16.7038 14.9067 0 01 0 -0 0 0 0 -0 0 0 0 -0 0 15.6858 40.3043 1057.6 2635.78 
0.000326734780274441812 0.261893 1 40380 0 16.7453 14.9464 0 0 2 -0.00269704 0.00296789 -0.00117952 0 0 0 0 0 0 0 0 15.6858 40.3043 1057.6 2635.78 
0.000326734780274441812 0.321371 0 34504 0.174045 16.3895 14.6065 0 01 0 0 0 0 0 0 0 0 0 0 0 22.2028 52.9565 1939.01 3462.75 
0.000326734780274441812 0.412863 0 61743 148.621 16.8178 15.0158 0 01 0 0 -0 0 0 0 -0 0 0 0 -0 18.87 57.1854 900.994 1892.08 
0.000326734780274441812 0.437247 1 1230 0 16.7712 14.9712 0 0 1 0.00186596 -0.00736876 0.00595536 0 0 0 0 0 0 0 0 19.8879 51.7392 601.006 1827.99 
0.000326734780274441812 0.462809 1 48795 0 16.8177 15.0158 0 0 1 0.00284366 -0.00188161 0.00958262 0 0 0 0 0 0 0 0 16.2107 42.1876 75.3682 1444.09 
0.000326734780274441812 0.567391 0 100504 136.028 16.7067 14.9096 0 01 0 0 0 0 0 0 0 0 0 0 0 19.9517 48.5763 971.333 2004.39 
0.000326734780274441812 0.822101 0 62090 146.507 16.7076 14.9104 0 01 0 0 0 0 0 0 0 0 0 0 0 16.6795 35.8273 306.085 602.451 
0.000326734780274441812 0.835017 0 220595 136.133 16.7264 14.9283 0 01 0 0 0 0 0 0 0 0 0 0 0 16.6795 35.8273 306.085 602.451 
0.000326734780274441812 0.973963 0 115717 128.405 16.6874 14.8911 0 01 0 0 0 0 0 0 0 0 0 0 0 11.7604 43.0554 381.715 882.998 
0.000326734780274441812 1.04511 0 307797 137.619 16.7127 14.9153 0 01 0 0 0 0 0 0 0 0 0 0 0 13.5632 40.6933 55.2302 443.383 
0.000326734780274441812 1.13673 0 174558 126.594 16.7034 14.9064 0 01 0 0 0 0 0 0 0 0 0 0 0 12.6586 40.3534 142.593 250.436 
0.000326734780274441812 1.15981 0 246404 144.084 16.7033 14.9063 0 01 0 0 0 0 0 0 0 0 0 0 0 12.6586 40.3534 142.593 250.436 
0.000326734780274441812 1.26925 0 302244 143.97 16.6855 14.8892 0 01 -0 0 0 0 -0 0 0 0 -0 0 0 17.934 40.8836 52.1128 163.58 
0.000326734780274441812 1.51564 0 375794 145.132 16.7586 14.9592 0 01 0 0 0 0 0 0 0 0 0 0 0 13.9116 35.5253 0 484.488 
0.000326734780274441812 1.66773 0 321417 134.348 16.7389 14.9403 0 01 0 0 0 0 0 0 0 0 0 0 0 8.29518 21.6978 0 30.5009 
0.000326734780274441812 1.69953 0 344445 128.127 16.7455 14.9466 0 01 0 0 0 0 0 0 0 0 0 0 0 8.29518 21.6978 0 30.5009 
0.000326734780274441812 1.70235 0 362931 125.318 16.7693 14.9694 0 01 0 0 0 0 0 0 0 0 0 0 0 8.29518 21.6978 0 30.5009 
0.000326734780274441812 2.88627 0 396505 141.989 16.6805 14.8845 0 01 0 0 0 0 0 0 0 0 0 0 0 3.15327 18.6454 0 0 
0.000364479569926929562 0.153298 0 167048 92.1791 14.6535 12.9213 0 2.230751 -0.790508 0.628121 -1.98917 0 -0 0 0 0 -0 0 0 12.1324 33.5855 2047.48 3243.14 
0.000364479569926929562 0.15689 0 9424 99.2021 15.2933 13.5654 0 01 -0 0 0 0 -0 0 0 0 -0 0 0 12.1324 33.5855 2047.48 3243.14 
0.000364479569926929562 0.075987 1 0 0 13.3751 10.2669 0 0 1 -25.8771 -9.07256 -13.4514 1 -26.3025 -7.74531 -13.5219 0 0 0 -0 12.1324 33.5855 2047.48 3243.14 
0.000364479569926929562 0.248023 0 248388 83.4287 14.0142 11.5186 0 7.964641 4.5851 -5.28499 -3.80541 0 0 -0 0 0 0 -0 0 21.908 53.2965 1261.31 2762.7 
0.000364479569926929562 0.245169 1 48757 0 15.656 13.9088 0 0 1 -0.00277854 -0.0102235 -0.0164452 0 0 0 -0 0 0 0 -0 21.908 53.2965 1261.31 2762.7 
0.000364479569926929562 0.264972 0 24087 87.1549 14.2906 12.1064 0 19.45511 8.83697 6.0358 -16.2474 0 0 0 0 0 0 0 0 24.2196 59.1539 1397.08 2360.21 
0.000364479569926929562 0.284327 0 9114 75.9226 13.2444 10.0293 0 58.14481 57.7933 5.3383 3.50062 0 0 0 0 0 0 0 0 24.2196 59.1539 1397.08 2360.21 
0.000364479569926929562 0.265072 1 0 0 12.9879 9.58121 0 0 1 51.2148 17.3562 -68.0735 1 52.2275 17.6354 -67.2397 0 0 0 0 24.2196 59.1539 1397.08 2360.21 
0.000364479569926929562 0.350836 0 100809 75.8412 13.2183 9.98257 0 31.15831 -21.1624 -14.9629 17.2946 0 0 0 0 0 0 0 0 30.6398 68.6986 1379.22 4375.86 
0.000364479569926929562 0.350924 0 64926 104.991 15.8559 14.0985 0 01 0 0 -0 0 0 0 -0 0 0 0 -0 30.6398 68.6986 1379.22 4375.86 
0.000364479569926929562 0.357549 0 61874 92.5073 14.7156 13.0205 0 01 0 0 0 0 0 0 0 0 0 0 0 30.6398 68.6986 1379.22 4375.86 
0.000364479569926929562 0.368609 0 147898 86.2269 14.284 12.0922 0 15.7061 15.6187 1.57073 0.517214 0 0 0 0 0 0 0 0 26.0347 64.4804 478.887 1999.26 
0.000364479569926929562 0.371209 0 168168 93.8479 14.7623 13.0645 0 01 0 0 0 0 0 0 0 0 0 0 0 26.0347 64.4804 478.887 1999.26 
0.000364479569926929562 0.38734 0 161709 79.0924 13.4337 10.3753 0 34.75181 -25.6774 -22.9661 4.57354 0 0 0 0 0 0 0 0 26.0347 64.4804 478.887 1999.26 
0.000364479569926929562 0.390742 0 277113 114.829 16.4733 14.6864 0 01 0 0 0 0 0 0 0 0 0 0 0 18.7477 55.0583 538.816 757.687 
0.000364479569926929562 0.432162 0 51333 97.6188 15.2308 13.5062 0 01 0 0 0 0 0 0 0 0 0 0 0 20.1936 59.3579 984.321 1410.57 
0.000364479569926929562 0.459318 0 242650 92.7104 14.7529 13.0556 0 01 0 0 0 0 0 0 0 0 0 0 0 23.7344 52.5669 207.19 615.225 
0.000364479569926929562 0.482198 0 241128 90.5167 14.5286 12.6355 0 9.803021 -8.81216 -3.21073 2.85239 0 0 0 0 0 0 0 0 23.8296 61.2904 538.205 888.073 
0.000364479569926929562 0.485067 0 34242 102.31 15.6273 13.8816 0 01 0 0 -0 0 0 0 -0 0 0 0 -0 23.8296 61.2904 538.205 888.073 
0.000364479569926929562 0.491391 0 136651 90.7845 14.5942 12.7848 0 1.416171 -1.27447 0.434818 -0.438393 0 0 0 0 0 0 0 0 23.8296 61.2904 538.205 888.073 
0.000364479569926929562 0.488885 1 10657 0 15.9961 14.2318 0 0 1 0.00422027 0.00466888 -0.000904797 0 0 0 0 0 0 0 0 23.8296 61.2904 538.205 888.073 
0.000364479569926929562 0.498644 0 102311 75.0149 13.0488 9.68535 0 111.2681 66.4615 -87.8466 15.7002 0 0 0 0 0 0 0 0 25.3426 62.8931 877.229 1864.19 
0.000364479569926929562 0.499648 0 92882 107.222 15.9965 14.2322 0 01 0 0 0 0 0 0 0 0 0 0 0 25.3426 62.8931 877.229 1864.19 
0.000364479569926929562 0.516704 0 149723 103.931 15.6685 13.9206 0 01 -0 0 0 0 -0 0 0 0 -0 0 0 25.3426 62.8931 877.229 1864.19 
0.000364479569926929562 0.520678 0 115918 78.7712 13.404 10.3202 0 31.23871 8.44952 -26.5182 -14.1862 0 0 0 -0 0 0 0 -0 27.44 61.9535 17.1919 838.774 
0.000364479569926929562 0.540007 0 122627 80.8837 13.6536 10.7938 0 40.45721 -40.4194 -1.27294 -1.19769 0 0 0 -0 0 0 0 -0 27.44 61.9535 17.1919 838.774 
0.000364479569926929562 0.546759 0 338933 97.2335 15.1633 13.4425 0 01 0 -0 0 0 0 -0 0 0 0 -0 0 28.7008 59.5481 1146.19 2702.21 
0.000364479569926929562 0.556662 0 206906 91.7153 14.7594 13.0617 0 01 0 0 -0 0 0 0 -0 0 0 0 -0 28.7008 59.5481 1146.19 2702.21 
0.000364479569926929562 0.573679 0 119279 118.641 16.6426 14.8482 0 01 0 0 0 0 0 0 0 0 0 0 0 21.7521 60.0929 220.262 1040.7 
0.000364479569926929562 0.652794 0 213487 96.2306 14.9765 13.2663 0 01 0 0 -0 0 0 0 -0 0 0 0 -0 27.8293 62.2319 677.337 2664.48 
0.000364479569926929562 0.674577 0 206747 96.1646 14.9649 13.2553 0 01 0 0 0 0 0 0 0 0 0 0 0 24.6749 60.9625 763.178 1666.17 
0.000364479569926929562 0.682159 0 359428 98.4291 15.1577 13.4372 0 01 0 0 0 0 0 0 0 0 0 0 0 24.6749 60.9625 763.178 1666.17 
0.000364479569926929562 0.79416 0 317450 87.5857 14.3736 12.2885 0 35.93751 -28.1358 19.6652 10.6378 0 0 0 0 0 0 0 0 20.3417 56.392 88.2473 473.652 
0.000364479569926929562 0.841407 0 253790 109.514 16.1318 14.3608 0 01 -0 0 0 0 -0 0 0 0 -0 0 0 25.8812 64.3097 683.605 1703.79 
0.000364479569926929562 0.85231 0 306326 96.9957 15.1196 13.4012 0 01 0 -0 0 0 0 -0 0 0 0 -0 0 27.5301 60.3114 346.065 1352.28 
0.000364479569926929562 0.87427 0 292476 87.8142 14.3744 12.2904 0 21.20271 9.17615 -1.49447 19.0557 0 0 0 0 0 0 0 0 27.5301 60.3114 346.065 1352.28 
0.000364479569926929562 0.898338 0 226076 111.459 16.1904 14.4167 0 01 0 0 -0 0 0 0 -0 0 0 0 -0 18.6674 41.8107 227.881 843.581 
0.000364479569926929562 0.931395 0 281701 112.129 16.3057 14.5266 0 01 0 0 -0 0 0 0 -0 0 0 0 -0 19.2442 48.6279 0 47.4102 
0.000364479569926929562 0.904643 1 111187 0 15.6798 13.9314 0 0 1 0.00120738 -0.00323528 -0.00415636 0 0 -0 0 0 0 -0 0 19.2442 48.6279 0 47.4102 
0.000364479569926929562 1.04081 0 78203 85.2054 14.0768 11.6492 0 66.77451 42.3624 10.9425 50.4432 0 0 0 0 0 0 0 0 16.7192 36.5763 0 219.558 
0.000364479569926929562 1.0466 0 295028 0 14.8537 13.1506 0 01 0 0 0 0 0 0 0 0 0 0 0 16.7192 36.5763 0 219.558 
0.000364479569926929562 1.05982 0 276984 84.596 14.0762 11.648 0 29.71441 22.4658 19.3041 -2.36273 0 0 0 0 0 0 0 0 16.7192 36.5763 0 219.558 
0.000364479569926929562 1.06009 0 265082 106.957 15.953 14.1908 0 01 0 0 0 0 0 0 0 0 0 0 0 16.7192 36.5763 0 219.558 
0.000364479569926929562 1.0762 0 361959 84.4833 14.0613 11.6168 0 30.2791 -22.3097 20.3822 1.91252 0 0 0 0 0 0 0 0 17.3029 36.6733 66.5788 895.877 
0.000364479569926929562 1.14505 0 315059 88.2093 14.2681 12.0576 0 24.52011 -18.3962 11.4361 11.4904 0 0 0 0 0 0 0 0 17.2977 42.6853 0 275.19 
0.000364479569926929562 1.15939 0 219171 80.0316 13.6379 10.7634 0 71.19891 51.0941 -9.39147 -48.6876 0 0 0 -0 0 0 0 -0 17.2977 42.6853 0 275.19 
0.000364479569926929562 1.17563 0 283475 79.1005 13.4423 10.3914 0 51.30151 40.0225 -24.5168 20.7115 0 0 -0 0 0 0 -0 0 15.4696 51.1537 0 155.013 
0.000364479569926929562 1.17857 0 269660 94.1229 14.8149 13.114 0 01 0 0 0 0 0 0 0 0 0 0 0 15.4696 51.1537 0 155.013 
0.000364479569926929562 1.18188 0 259495 90.0112 14.4248 12.4022 0 9.342741 8.67121 -3.46764 -0.269017 0 0 0 0 0 0 0 0 15.4696 51.1537 0 155.013 
0.000364479569926929562 1.2527 0 297104 97.652 15.2367 13.5118 0 01 0 0 0 0 0 0 0 0 0 0 0 18.548 49.5784 568.067 1058.65 
0.000364479569926929562 1.25369 0 217686 100.932 15.3733 13.641 0 01 0 0 0 0 0 0 0 0 0 0 0 18.548 49.5784 568.067 1058.65 
0.000364479569926929562 1.2722 0 268677 111.171 16.4122 14.6281 0 01 0 0 0 0 0 0 0 0 0 0 0 15.283 49.7787 88.9666 692.331 
0.000364479569926929562 1.36789 0 218214 81.2453 13.7289 10.9413 0 69.80461 46.0429 4.65298 52.2597 0 0 0 0 0 0 0 0 20.6077 49.5581 793.195 1700.37 
0.000364479569926929562 1.49189 0 301990 89.0787 14.4395 12.435 0 18.13521 9.8924 7.88793 -12.9925 0 0 0 -0 0 0 0 -0 16.336 48.8587 0 79.8221 
0.000364479569926929562 1.51666 0 310574 84.2628 14.0084 11.5065 0 51.15151 36.9731 -0.87919 35.3368 0 0 0 0 0 0 0 0 9.26294 38.5016 65.6117 220.538 
0.000364479569926929562 1.53414 0 301737 91.1998 14.6665 12.9516 0 0.8961161 0.798974 -0.135035 0.382661 0 0 0 0 0 0 0 0 9.26294 38.5016 65.6117 220.538 
0.000364479569926929562 1.55772 0 334111 83.9136 13.939 11.3635 0 21.15371 16.3385 -5.34313 -12.3282 0 0 0 0 0 0 0 0 9.26294 38.5016 65.6117 220.538 
0.000364479569926929562 1.63753 0 188351 108.592 15.9733 14.2101 0 01 0 0 -0 0 0 0 -0 0 0 0 -0 11.2815 41.7856 223.332 283.858 
0.000364479569926929562 1.67626 0 345065 90.159 14.454 12.4675 0 8.716871 -2.97632 1.84863 -7.98172 0 0 0 0 0 0 0 0 10.0558 47.2431 2.2109 228.38 
0.000364479569926929562 1.68201 0 332286 106.732 15.9102 14.1501 0 01 0 -0 0 0 0 -0 0 0 0 -0 0 10.0558 47.2431 2.2109 228.38 
0.000364479569926929562 1.69578 0 176470 78.0612 13.399 10.3109 0 81.42661 78.3384 -0.921603 22.1932 0 0 -0 0 0 0 -0 0 10.0558 47.2431 2.2109 228.38 
0.000364479569926929562 1.69886 0 239750 89.6003 14.5458 12.6745 0 2.828921 0.892291 2.5713 -0.771357 0 0 0 0 0 0 0 0 10.0558 47.2431 2.2109 228.38 
0.000364479569926929562 1.75173 0 261806 94.5324 14.8941 13.1886 0 01 -0 0 0 0 -0 0 0 0 -0 0 0 8.80732 28.0347 0 92.7362 
0.000364479569926929562 1.76493 0 176205 86.732 14.1975 11.9054 0 22.13221 -9.79419 -16.0499 -11.6752 0 -0 0 0 0 -0 0 0 8.80732 28.0347 0 92.7362 
0.000364479569926929562 1.83813 0 175727 113.949 16.6043 14.8116 0 01 0 0 0 0 0 0 0 0 0 0 0 5.60701 25.9775 0 400.644 
0.000364479569926929562 1.85535 0 362265 81.1199 13.6966 10.8778 0 96.1561 10.2617 -91.7999 -26.7105 0 0 0 -0 0 0 0 -0 5.60701 25.9775 0 400.644 
0.000364479569926929562 1.91847 0 345768 95.6185 15.1092 13.3914 0 01 -0 0 0 0 -0 0 0 0 -0 0 0 9.69297 23.4808 89.7789 95.5646 
0.000364479569926929562 2.00532 0 159815 87.188 14.2963 12.119 0 23.31051 -23.2587 1.46025 -0.526733 0 0 0 -0 0 0 0 -0 9.69297 23.4808 89.7789 95.5646 
0.000364479569926929562 2.18259 0 330344 76.1778 13.1532 9.86711 0 9.159671 8.02614 -2.79425 3.41656 0 0 -0 0 0 0 -0 0 8.81308 28.5791 113.762 113.762 
0.000364479569926929562 2.21842 1 0 104.318 12.098 8.21155 0 0 1 -2.01834 7.06182 41.4562 1 -14.7136 0.357581 -4.87887 0 -0 0 0 8.81308 28.5791 113.762 113.762 
0.000364479569926929562 2.26229 0 362975 76.5562 13.238 10.0177 0 85.81931 -5.7021 30.6912 -79.9405 0 0 0 -0 0 0 0 -0 8.81308 28.5791 113.762 113.762 
0.000364479569926929562 2.47046 0 381331 98.9901 15.2541 13.5283 0 01 0 0 -0 0 0 0 -0 0 0 0 -0 9.74981 21.7075 0 0 
0.000364479569926929562 2.73354 0 366895 78.4317 13.4835 10.4685 0 27.73451 27.7243 -0.715647 0.231455 0 0 -0 0 0 0 -0 0 5.36241 15.9368 0 260.88 
0.000364479569926929562 2.77991 0 379198 81.8962 13.8687 11.2205 0 36.61071 19.4157 -2.02312 30.9723 0 0 0 0 0 0 0 0 5.36241 15.9368 0 260.88 
0.000364479569926929562 2.86458 0 395360 79.5825 13.534 10.5641 0 60.68661 -1.07175 8.75883 -60.0417 0 -0 0 0 0 -0 0 0 5.85657 8.70937 256.52 256.52 
0.000364479569926929562 3.47193 0 389536 76.1127 13.1294 9.82537 0 63.72051 53.4241 -11.5279 32.761 0 0 0 0 0 0 0 0 5.85657 8.70937 256.52 256.52 
0.00039839124223236416 0.190574 0 88100 64.7006 11.9815 8.05341 0 111.8461 -28.462 107.127 -14.9429 0 0 0 -0 0 0 0 -0 18.7045 43.826 1009.97 2351.75 
0.00039839124223236416 0.196179 0 12700 64.3014 11.8802 7.91982 0 123.6681 61.5813 105.927 -16.7642 0 0 0 -0 0 0 0 -0 18.7045 43.826 1009.97 2351.75 
0.00039839124223236416 0.218503 0 24013 68.8349 12.4634 8.73927 0 45.10221 9.44042 27.0474 -34.8357 0 0 0 0 0 0 0 0 18.7045 43.826 1009.97 2351.75 
0.00039839124223236416 0.336165 0 51259 69.5325 12.4907 8.7806 0 71.37481 -34.8076 -9.01936 61.6559 0 0 0 0 0 0 0 0 24.4896 50.896 995.538 2173.98 
0.00039839124223236416 0.376007 0 174664 69.4959 12.4822 8.76766 0 82.73741 -69.8209 27.0192 -35.2204 0 0 0 -0 0 0 0 -0 20.8943 56.2319 1133.4 2499.51 
0.00039839124223236416 0.382256 0 121014 67.3249 12.2623 8.44285 0 58.34391 -57.8956 0.991101 7.15001 0 0 0 0 0 0 0 0 20.8943 56.2319 1133.4 2499.51 
0.00039839124223236416 0.40543 0 52253 57.7001 11.4592 7.40407 0 111.3541 -85.9423 -67.3002 -22.0089 0 -0 0 0 0 -0 0 0 25.3111 54.7355 449.288 1136.33 
0.00039839124223236416 0.422673 0 177308 63.2174 11.75 7.75355 0 31.37831 -31.3721 -0.497353 -0.374021 0 0 0 -0 0 0 0 -0 24.2175 63.6705 124.666 1175.27 
0.00039839124223236416 0.463243 0 37142 63.1007 11.7034 7.69554 0 168.9741 -107.268 -45.042 -122.543 0 -0 0 0 0 -0 0 0 24.8218 56.2193 1203.93 2257.66 
0.00039839124223236416 0.47275 0 111328 67.4826 12.2915 8.48496 0 156.2241 -153.367 21.0367 -21.0248 0 0 0 0 0 0 0 0 24.8218 56.2193 1203.93 2257.66 
0.00039839124223236416 0.502228 0 114706 70.8061 12.6607 9.04423 0 171.8031 -147.114 88.731 -0.581008 0 0 0 0 0 0 0 0 21.121 53.5031 220.325 915.095 
0.00039839124223236416 0.508626 0 95702 60.5667 12.2794 8.46749 0 71.08951 18.9525 -61.2531 -30.7014 0 0 0 0 0 0 0 0 23.5695 64.1379 54.4042 549.35 
0.00039839124223236416 0.510725 0 295960 60.9026 12.3575 8.58141 0 88.0391 -56.7037 63.4005 -22.714 0 0 0 0 0 0 0 0 23.5695 64.1379 54.4042 549.35 
0.00039839124223236416 0.540029 0 317807 57.5989 11.4297 7.37036 0 152.2781 -110.945 -102.328 20.2199 0 0 0 0 0 0 0 0 19.2925 57.2347 594.549 1391.71 
0.00039839124223236416 0.553655 0 71530 66.0952 12.0728 8.17689 0 122.11 15.8442 99.2922 69.2704 0 0 0 0 0 0 0 0 20.5548 56.6759 817.673 2026.62 
0.00039839124223236416 0.57423 0 164435 61.1483 12.3982 8.6416 0 109.1041 101.764 -29.3786 -26.1672 0 0 0 0 0 0 0 0 19.6351 46.1971 563.673 747.33 
0.00039839124223236416 0.586454 0 181303 61.4273 12.4412 8.70585 0 124.1671 -26.6248 -65.5753 -102.022 0 0 0 0 0 0 0 0 19.6351 46.1971 563.673 747.33 
0.00039839124223236416 0.627997 0 11010 64.4191 11.9073 7.95519 0 80.79091 29.7162 68.4224 -31.0241 0 0 0 0 0 0 0 0 21.1739 49.2198 8.59553 337.224 
0.00039839124223236416 0.639193 0 166865 62.8942 11.6578 7.63944 0 132.1721 17.0097 49.588 121.331 0 0 0 0 0 0 0 0 23.9155 58.2223 421.339 812.373 
0.00039839124223236416 0.649453 0 196871 67.4387 12.2758 8.46229 0 87.40911 -80.6844 16.9232 -29.0512 0 0 0 0 0 0 0 0 23.9155 58.2223 421.339 812.373 
0.00039839124223236416 0.656303 0 85265 58.7173 11.7358 7.73584 0 70.98051 -69.9984 -6.87592 -9.54892 0 0 0 -0 0 0 0 -0 23.9155 58.2223 421.339 812.373 
0.00039839124223236416 0.666035 0 213283 61.3056 12.4232 8.67885 0 75.78011 75.3997 1.71462 -7.38756 0 0 0 0 0 0 0 0 20.7186 57.5105 366.888 1020.76 
0.00039839124223236416 0.706973 0 176147 59.5084 11.9752 8.04501 0 132.5331 -109.27 15.6926 -73.34 0 -0 0 0 0 -0 0 0 18.6641 46.569 638.228 687.067 
0.00039839124223236416 0.734319 0 203575 65.9753 12.0463 8.1408 0 165.3051 -135.069 72.4961 -61.8564 0 -0 0 0 0 -0 0 0 11.1266 46.6546 136.46 483.384 
0.00039839124223236416 0.76181 0 215727 68.5989 12.4263 8.68342 0 132.6481 -75.3946 -91.0873 -60.1176 0 0 0 -0 0 0 0 -0 23.6946 48.2224 0 409.012 
0.00039839124223236416 0.795565 0 153939 71.4512 12.6796 9.07423 0 56.02711 -7.36842 -52.8538 17.065 0 -0 0 0 0 -0 0 0 15.8244 59.3196 286.461 430.781 
0.00039839124223236416 0.804283 0 150382 65.3114 12.0158 8.09949 0 72.00121 66.4484 -26.3656 8.58184 0 0 -0 0 0 0 -0 0 13.8752 46.4964 336.748 687.958 
0.00039839124223236416 0.810868 0 218505 59.8231 12.0628 8.16329 0 91.13141 -89.8416 -11.3299 -10.2495 0 0 -0 0 0 0 -0 0 13.8752 46.4964 336.748 687.958 
0.00039839124223236416 0.827816 0 25991 61.3019 12.4227 8.67807 0 95.7041 93.5384 0.518395 20.2378 0 0 0 0 0 0 0 0 13.8752 46.4964 336.748 687.958 
0.00039839124223236416 0.839911 0 152617 73.6069 12.8741 9.39003 0 89.62041 59.8767 65.6886 11.4714 0 0 0 0 0 0 0 0 20.2767 52.3909 523.5 621.931 
0.00039839124223236416 0.842139 1 0 77.4806 10.572 6.52387 0 0 1 14.4834 -65.1679 -50.8275 1 -16.6066 8.49844 -2.06442 0 0 0 0 20.2767 52.3909 523.5 621.931 
0.00039839124223236416 0.896043 1 156600 59.8262 9.79968 5.98384 0 0 1 -6.64092 -20.5559 -2.48129 0 0 0 0 0 0 0 0 15.2705 52.1915 279.163 886.454 
0.00039839124223236416 0.898626 0 235912 63.1944 11.7242 7.72132 0 112.7151 -108.596 -24.0884 -18.2003 0 0 0 -0 0 0 0 -0 15.2705 52.1915 279.163 886.454 
0.00039839124223236416 0.914566 0 233206 67.6307 12.3171 8.52221 0 105.6021 -105.295 -5.54173 5.84766 0 0 0 0 0 0 0 0 17.6191 50.1573 0 337.049 
0.00039839124223236416 0.915016 0 234580 65.5664 12.0689 8.17158 0 108.4131 107.523 -4.79981 -13.008 0 0 -0 0 0 0 -0 0 17.6191 50.1573 0 337.049 
0.00039839124223236416 0.942027 0 269591 60.8854 12.3548 8.5774 0 77.29331 44.7233 41.9244 47.079 0 0 0 0 0 0 0 0 17.6191 50.1573 0 337.049 
0.00039839124223236416 0.993208 1 245884 69.6359 10.0783 6.15571 0 0 1 2.50901 -13.5261 7.78017 0 0 0 0 0 0 0 0 19.7712 47.5179 828.081 1180.87 
0.00039839124223236416 1.0201 0 310350 64.3893 11.9005 7.94625 0 142.3171 141.792 5.92262 -10.6755 0 0 0 0 0 0 0 0 15.343 44.0178 36.3095 490.808 
0.00039839124223236416 1.02991 0 25684 63.0733 11.6975 7.68817 0 221.5981 163.825 84.8883 122.724 0 0 0 0 0 0 0 0 15.343 44.0178 36.3095 490.808 
0.00039839124223236416 1.03798 0 107024 60.5044 12.2706 8.45478 0 124.0471 -123.189 8.1112 -12.1015 0 0 0 0 0 0 0 0 15.343 44.0178 36.3095 490.808 
0.00039839124223236416 1.06557 0 228927 65.7464 11.978 8.04871 0 115.8171 -82.0215 51.1838 63.7674 0 0 0 0 0 0 0 0 14.7762 41.1653 895.277 1035.41 
0.00039839124223236416 1.10792 0 327684 58.6096 11.7065 7.69933 0 85.07981 39.5902 37.5032 65.3046 0 0 0 0 0 0 0 0 10.964 33.8795 0 40.0391 
0.00039839124223236416 1.108 0 197790 61.1754 12.4029 8.64862 0 97.18871 -96.8875 -7.63208 -0.455098 0 -0 0 0 0 -0 0 0 10.964 33.8795 0 40.0391 
0.00039839124223236416 1.21116 0 205777 70.9066 12.6826 9.079 0 38.52351 -10.6242 33.5545 15.6617 0 -0 0 0 0 -0 0 0 3.62931 32.5521 38.9202 572.477 
0.00039839124223236416 1.23293 0 231968 59.6735 12.0184 8.10291 0 180.5621 160.504 13.2742 -81.6383 0 0 0 0 0 0 0 0 17.4262 47.4439 77.944 285.019 
0.00039839124223236416 1.25314 0 110778 61.5212 12.4549 8.72642 0 108.2571 -106.869 17.2682 0.698156 0 -0 0 0 0 -0 0 0 17.4262 47.4439 77.944 285.019 
0.00039839124223236416 1.26506 0 184514 59.5604 11.9885 8.06269 0 93.35861 92.6421 -8.17279 8.15294 0 0 0 0 0 0 0 0 17.4262 47.4439 77.944 285.019 
0.00039839124223236416 1.32523 0 147276 58.7407 11.7396 7.74052 0 92.51971 -3.94719 23.6646 89.3549 0 -0 0 0 0 -0 0 0 20.0388 40.0071 24.7022 238.383 
0.00039839124223236416 1.39408 0 295191 62.2835 11.6094 7.58086 0 82.35831 -28.5215 -58.6261 50.3228 0 -0 0 0 0 -0 0 0 18.0242 38.8518 3.16561 259.708 
0.00039839124223236416 1.42357 0 372935 69.5046 12.4842 8.77076 0 52.33741 12.1477 46.3233 -21.1138 0 0 0 0 0 0 0 0 11.5097 37.4811 0 11.5109 
0.00039839124223236416 1.48177 0 325363 63.3838 11.779 7.79004 0 80.88031 -59.9027 -48.8784 -23.7528 0 0 0 -0 0 0 0 -0 13.4596 43.3698 158.634 450.248 
0.00039839124223236416 1.57735 0 371644 59.5776 11.9928 8.06851 0 94.72641 91.3466 24.8975 -3.00041 0 0 0 -0 0 0 0 -0 6.23402 28.0493 0 41.1838 
0.00039839124223236416 1.62992 0 335995 70.2877 12.5355 8.84904 0 117.2751 -94.8082 60.2103 33.7584 0 -0 0 0 0 -0 0 0 6.51419 24.4262 0 0 
0.00039839124223236416 1.73718 0 243358 57.0413 11.2685 7.19123 0 160.7811 -97.8698 73.7533 -104.08 0 0 0 0 0 0 0 0 5.15127 34.0249 114.427 117.262 
0.00039839124223236416 1.75357 0 369055 72.2816 12.8544 9.35743 0 40.09821 -20.8912 -6.21809 33.6565 0 0 -0 0 0 0 -0 0 10.6876 21.3085 42.2092 48.3672 
0.00039839124223236416 1.83693 0 328227 72.1206 12.8179 9.29734 0 52.03091 11.3469 -34.1801 37.5525 0 0 -0 0 0 0 -0 0 1.88682 18.4785 0 0 
0.00039839124223236416 1.88696 0 338207 60.5699 12.2797 8.46798 0 70.31951 23.1156 52.8341 40.2375 0 0 0 0 0 0 0 0 1.88682 18.4785 0 0 
0.00039839124223236416 1.95386 0 362298 61.3799 12.434 8.69504 0 100.9771 97.4497 -22.7493 -13.507 0 0 0 0 0 0 0 0 3.93473 23.6262 0 201.19 
0.00039839124223236416 2.21519 0 291197 57.4143 11.3949 7.33082 0 152.3071 -91.9789 121.303 4.77294 0 0 0 0 0 0 0 0 4.51441 17.9866 7.36511 7.36511 
0.00039839124223236416 2.27195 0 396909 58.0621 11.5482 7.50782 0 70.63851 19.8537 -67.7896 -0.441117 0 0 -0 0 0 0 -0 0 4.51441 17.9866 7.36511 7.36511 
0.00039839124223236416 2.37673 1 0 66.0513 9.95908 6.07899 0 0 1 39.7559 -50.578 -51.1176 1 -14.8028 -7.04455 8.68052 0 -0 0 0 2.43769 19.4395 0 0 
0.00039839124223236416 2.7787 0 398758 57.0943 11.2822 7.20607 0 179.1041 -69.3646 153.922 -59.7899 0 0 0 -0 0 0 0 -0 8.02931 21.4211 0 4.60453 
0.000412906544530754357 0.186436 1 28748 54.3326 9.02017 7.85089 0 0 1 -0.044246 0.111362 1.73934 0 0 0 0 0 0 0 0 9.1754 24.7478 124.381 441.955 
0.000412906544530754357 0.1904 1 6409 0 9.27049 8.06914 0 0 1 0.0174588 0.374358 1.37311 0 0 0 0 0 0 0 0 9.1754 24.7478 124.381 441.955 
0.000412906544530754357 0.289924 0 75494 52.6861 10.9689 6.88302 0 71.05861 36.2553 -44.0205 42.3918 0 0 0 0 0 0 0 0 10.5172 29.4139 260.837 1566.15 
0.000412906544530754357 0.35672 0 111644 52.5187 10.9121 6.82808 0 173.2731 -34.1427 150.727 -78.3532 0 0 0 0 0 0 0 0 13.0824 32.684 718.698 918.544 
0.000412906544530754357 0.40851 0 265002 55.269 10.8446 6.76437 0 92.01281 -73.9632 -4.97019 54.5079 0 0 0 0 0 0 0 0 11.473 38.9406 286.493 592.264 
0.000412906544530754357 0.418809 0 10715 54.7275 10.6857 6.62075 0 81.8341 -72.1985 -20.5587 -32.5811 0 0 -0 0 0 0 -0 0 11.473 38.9406 286.493 592.264 
0.000412906544530754357 0.420131 0 77606 52.4339 10.8873 6.80454 0 161.1371 -104.439 -3.91504 -122.647 0 0 -0 0 0 0 -0 0 11.473 38.9406 286.493 592.264 
0.000412906544530754357 0.502695 0 37483 52.7163 10.974 6.88799 0 262.8531 -191.598 -168.668 62.716 0 0 0 0 0 0 0 0 10.9674 33.3684 94.7117 1053.85 
0.000412906544530754357 0.566389 0 13642 55.6771 10.9152 6.83106 0 117.0321 116.92 3.38539 3.85632 0 0 0 0 0 0 0 0 11.8505 39.4502 114.66 241.702 
0.000412906544530754357 0.609591 0 134142 56.2477 11.0919 7.00571 0 181.3541 102.575 -124.805 82.4093 0 0 -0 0 0 0 -0 0 1.85287 21.4376 0 0 
0.000412906544530754357 0.781109 1 0 57.5222 9.57375 5.86358 0 0 1 -28.5425 19.0735 -2.43596 1 7.25705 9.3582 -3.19452 0 0 0 0 12.4535 31.0984 2.76013 276.046 
0.000412906544530754357 0.855775 0 165646 52.3922 10.875 6.79285 0 184.7131 -167.901 29.0641 -71.2989 0 0 0 0 0 0 0 0 12.0417 24.0159 0 295.88 
0.000412906544530754357 0.877997 0 214436 54.3792 10.5978 6.54539 0 98.84321 -88.8501 -33.5507 27.3859 0 0 0 0 0 0 0 0 7.93388 36.3118 0 1.56765 
0.000412906544530754357 0.915916 0 128897 55.4251 10.8598 6.77857 0 114.8631 112.573 -0.142429 -22.8214 0 0 -0 0 0 0 -0 0 8.23292 29.2025 0 122.185 
0.000412906544530754357 1.09479 0 235966 55.6077 10.901 6.81756 0 135.5711 86.3937 -81.6648 65.1657 0 0 0 0 0 0 0 0 3.35072 14.4431 0 342.73 
0.000412906544530754357 1.15198 0 306489 52.3269 10.8568 6.7758 0 231.4211 -72.3249 -218.457 -24.5244 0 0 -0 0 0 0 -0 0 3.44775 21.6769 0 0 
0.000412906544530754357 1.20324 0 277897 54.1417 11.2169 7.13585 0 185.591 -10.0537 -180.361 -42.5706 0 0 0 -0 0 0 0 -0 7.33982 18.2912 0 128.089 
0.000412906544530754357 1.25662 0 381642 54.1803 11.2151 7.13398 0 202.6951 -165.458 18.1181 -115.675 0 0 0 0 0 0 0 0 6.37528 15.1908 0 116.675 
0.000412906544530754357 1.62157 0 324126 54.2403 10.5907 6.53942 0 81.84571 81.5417 0.685776 7.01491 0 0 0 0 0 0 0 0 6.60978 13.1804 0 1.9805 
0.000412906544530754357 1.70785 0 179664 56.8427 11.216 7.13493 0 125.441 -9.33711 61.4878 108.937 0 -0 0 0 0 -0 0 0 1.68846 15.4267 0 121.468 
0.000412906544530754357 1.78259 0 317685 56.9542 11.2518 7.17323 0 178.5771 176.378 -4.94277 -27.4937 0 0 0 0 0 0 0 0 5.41245 12.6998 0 42.7519 
0.000412906544530754357 2.03265 0 235149 52.2635 10.8391 6.7593 0 150.6961 115.695 -54.0518 80.0146 0 0 0 0 0 0 0 0 2.01145 14.0943 0 0 
0.000412906544530754357 2.24416 0 58352 55.3119 10.8433 6.76317 0 82.92741 2.10596 78.0829 -27.8491 0 0 0 -0 0 0 0 -0 0 15.6637 0 0 
0.000412906544530754357 2.55531 0 379809 53.2254 11.0634 6.97677 0 55.67411 45.9561 -25.1821 18.8016 0 0 0 0 0 0 0 0 0 2.53919 0 0 
0.000412906544530754357 2.79793 0 383467 56.599 11.1543 7.07 0 191.1571 -153.586 66.0397 92.6867 0 0 0 0 0 0 0 0 2.9058 11.0226 0 0 
0.000495430762856891634 0.139143 0 4347 41.5373 10.1964 6.23639 0 216.4741 19.2906 60.7919 206.865 0 0 0 0 0 0 0 0 23.9948 55.3892 1857.65 3558.54 
0.000495430762856891634 0.143414 0 23355 38.7463 10.0955 6.16714 0 161.7091 -89.2791 74.388 -112.452 0 0 0 0 0 0 0 0 23.9948 55.3892 1857.65 3558.54 
0.000495430762856891634 0.148952 0 78974 41.3222 10.1706 6.21834 0 189.0991 -81.1584 139.187 -98.9893 0 0 0 -0 0 0 0 -0 23.9948 55.3892 1857.65 3558.54 
0.000495430762856891634 0.149892 0 25648 43.9216 10.3669 6.36107 0 202.6191 -35.7841 138.637 -143.366 0 0 0 0 0 0 0 0 23.9948 55.3892 1857.65 3558.54 
0.000495430762856891634 0.161658 0 27316 48.1001 10.6455 6.58581 0 93.81671 -91.507 20.3717 -3.61267 0 0 0 -0 0 0 0 -0 23.9948 55.3892 1857.65 3558.54 
0.000495430762856891634 0.072424 1 0 0 10.7349 6.6643 0 0 1 -114.629 13.1996 -28.1164 1 -113.982 15.1782 -29.8163 0 0 0 -0 23.9948 55.3892 1857.65 3558.54 
0.000495430762856891634 0.185334 0 121054 41.5427 10.1979 6.23747 0 141.2821 -12.4399 -4.33303 140.666 0 0 0 0 0 0 0 0 30.9375 70.6903 924.396 2308.33 
0.000495430762856891634 0.220668 0 141955 43.841 10.3584 6.35463 0 86.29511 85.6361 -10.0669 -3.45904 0 0 0 0 0 0 0 0 30.9375 70.6903 924.396 2308.33 
0.000495430762856891634 0.232553 0 58537 36.8577 9.87923 6.03026 0 345.5221 171.19 -82.0445 -288.7 0 0 0 0 0 0 0 0 39.2505 93.2226 1649.14 2827.43 
0.000495430762856891634 0.260035 1 0 37.7695 10.385 6.37492 0 0 1 -48.5548 20.2443 -112.316 0 0 0 -0 0 0 0 -0 39.2505 93.2226 1649.14 2827.43 
0.000495430762856891634 0.273956 0 44453 51.9633 10.7455 6.67378 0 76.66071 -75.0403 0.0367329 -15.6783 0 0 0 0 0 0 0 0 39.4818 97.3114 1210.8 2630.66 
0.000495430762856891634 0.303273 0 157557 48.6908 10.6712 6.60805 0 98.82651 96.506 10.8302 18.3296 0 0 0 0 0 0 0 0 37.0249 101.611 730.517 2373.76 
0.000495430762856891634 0.307302 0 43106 50.8741 10.6225 6.56613 0 93.24181 48.0686 42.3356 -67.758 0 0 0 0 0 0 0 0 37.0249 101.611 730.517 2373.76 
0.000495430762856891634 0.310293 0 27716 51.6437 10.6501 6.58975 0 334.6951 -183.737 -92.2892 -264.091 0 0 -0 0 0 0 -0 0 37.0249 101.611 730.517 2373.76 
0.000495430762856891634 0.310455 0 32995 37.0429 9.90352 6.04486 0 113.1761 -66.7736 86.61 -29.1339 0 0 0 -0 0 0 0 -0 37.0249 101.611 730.517 2373.76 
0.000495430762856891634 0.340827 0 170525 38.7956 10.1 6.1702 0 150.691 147.877 -22.7659 17.9256 0 0 0 0 0 0 0 0 36.8985 101.563 699.168 2130.15 
0.000495430762856891634 0.344956 0 62469 36.8054 9.87455 6.02747 0 123.3921 -89.9334 -56.7338 -62.6006 0 0 -0 0 0 0 -0 0 36.8985 101.563 699.168 2130.15 
0.000495430762856891634 0.356803 0 170070 42.6563 10.3545 6.35172 0 203.2021 -85.4175 -18.8017 183.416 0 0 -0 0 0 0 -0 0 42.5498 106.852 1115.22 2546.49 
0.000495430762856891634 0.358024 0 303941 38.4651 10.0647 6.14673 0 270.6021 258.883 40.9685 67.2796 0 0 0 0 0 0 0 0 42.5498 106.852 1115.22 2546.49 
0.000495430762856891634 0.362115 0 37829 45.571 10.5726 6.52437 0 178.0411 138.276 107.419 -32.2411 0 0 0 0 0 0 0 0 42.5498 106.852 1115.22 2546.49 
0.000495430762856891634 0.36675 0 149543 36.7563 9.87024 6.02491 0 106.8871 17.299 102.414 25.236 0 0 0 0 0 0 0 0 42.5498 106.852 1115.22 2546.49 
0.000495430762856891634 0.370441 0 68259 42.4999 10.3329 6.33543 0 236.1491 -90.6269 -217.086 20.6583 0 0 0 0 0 0 0 0 42.5498 106.852 1115.22 2546.49 
0.000495430762856891634 0.375773 0 340616 39.9961 10.1386 6.19635 0 25.08211 -20.5354 6.55481 12.8237 0 0 0 0 0 0 0 0 42.5498 106.852 1115.22 2546.49 
0.000495430762856891634 0.393062 0 22499 40.4457 10.2088 6.24512 0 122.811 9.89094 -13.5291 -121.661 0 0 0 0 0 0 0 0 43.2019 101.618 1132.34 2063.56 
0.000495430762856891634 0.405583 0 54190 49.2892 10.7018 6.63491 0 76.16951 14.9979 -26.8027 -69.7027 0 0 0 0 0 0 0 0 44.0916 107.772 1051.75 2123.66 
0.000495430762856891634 0.406906 0 195207 39.8973 10.1235 6.18605 0 191.3761 180.023 56.1057 -32.686 0 0 0 0 0 0 0 0 44.0916 107.772 1051.75 2123.66 
0.000495430762856891634 0.42665 0 87721 37.6852 10.0014 6.1057 0 163.8951 36.8643 159.612 5.15795 0 0 0 0 0 0 0 0 44.0916 107.772 1051.75 2123.66 
0.000495430762856891634 0.441447 0 57888 45.7057 10.5888 6.53782 0 43.83451 -1.22833 -36.3709 -24.4358 0 -0 0 0 0 -0 0 0 39.552 92.5763 678.743 1705.34 
0.000495430762856891634 0.447784 0 82477 40.9632 10.2877 6.30196 0 348.2361 -81.2206 -207.482 -267.624 0 0 0 -0 0 0 0 -0 39.552 92.5763 678.743 1705.34 
0.000495430762856891634 0.448202 0 51605 40.827 10.261 6.28247 0 117.6991 -117.515 -4.88648 -4.39967 0 0 0 -0 0 0 0 -0 39.552 92.5763 678.743 1705.34 
0.000495430762856891634 0.462562 0 58596 45.3218 10.5508 6.50644 0 88.16471 -83.8597 0.369992 -27.2106 0 0 0 -0 0 0 0 -0 42.0787 97.9449 912.685 2244.12 
0.000495430762856891634 0.475585 0 79197 38.3837 10.0613 6.14447 0 216.6341 152.399 148.535 -40.52 0 0 0 0 0 0 0 0 47.5037 111.95 693.046 1936.62 
0.000495430762856891634 0.47733 0 83883 43.4998 10.4713 6.44222 0 156.7021 96.1687 -33.4421 -119.117 0 0 0 0 0 0 0 0 47.5037 111.95 693.046 1936.62 
0.000495430762856891634 0.487638 0 55710 46.9203 10.7008 6.63402 0 162.1471 149.153 -30.3096 -55.9138 0 0 0 0 0 0 0 0 47.5037 111.95 693.046 1936.62 
0.000495430762856891634 0.491855 0 24007 36.9311 9.88567 6.03411 0 226.3881 -138.804 111.609 139.743 0 -0 0 0 0 -0 0 0 47.5037 111.95 693.046 1936.62 
0.000495430762856891634 0.496625 0 56191 51.4257 10.5934 6.54166 0 138.2251 -64.8668 -105.217 61.8706 0 0 -0 0 0 0 -0 0 47.1468 109.348 1013.19 1866.84 
0.000495430762856891634 0.517132 0 144755 46.2284 10.6573 6.59601 0 104.3311 90.7632 19.4153 47.6444 0 0 0 0 0 0 0 0 47.1468 109.348 1013.19 1866.84 
0.000495430762856891634 0.551878 0 144496 36.8656 9.87995 6.03069 0 183.4841 145.987 -110.99 -5.94168 0 0 0 0 0 0 0 0 36.9673 98.0969 287.491 1408.08 
0.000495430762856891634 0.553855 0 261297 38.2168 10.0481 6.13581 0 69.30061 52.1404 -41.7668 18.425 0 0 -0 0 0 0 -0 0 36.9673 98.0969 287.491 1408.08 
0.000495430762856891634 0.555267 0 303887 44.4687 10.4446 6.42111 0 163.5751 47.2707 97.8068 -122.296 0 0 0 -0 0 0 0 -0 36.9673 98.0969 287.491 1408.08 
0.000495430762856891634 0.55869 0 290261 46.1784 10.6521 6.59156 0 246.2731 66.8624 -227.742 65.6773 0 0 0 0 0 0 0 0 36.9673 98.0969 287.491 1408.08 
0.000495430762856891634 0.573058 0 220037 37.2213 9.93234 6.06243 0 260.7691 -126.555 -151.055 170.782 0 -0 0 0 0 -0 0 0 44.7641 93.4785 1211.74 1889.67 
0.000495430762856891634 0.574849 0 94719 43.369 10.4525 6.42732 0 68.52031 -56.3651 28.8239 26.2143 0 0 0 0 0 0 0 0 44.7641 93.4785 1211.74 1889.67 
0.000495430762856891634 0.582977 0 162583 37.01 9.89842 6.04178 0 112.6351 -112.59 1.16458 2.95175 0 -0 0 0 0 -0 0 0 44.7641 93.4785 1211.74 1889.67 
0.000495430762856891634 0.588134 0 139943 46.444 10.6815 6.61708 0 200.5141 -116.789 -137.754 87.12 0 0 0 0 0 0 0 0 40.4915 107.267 484.963 1286.94 
0.000495430762856891634 0.590358 0 194155 45.6927 10.5901 6.53888 0 248.61 -135.691 -177.243 109.429 0 0 0 0 0 0 0 0 40.4915 107.267 484.963 1286.94 
0.000495430762856891634 0.592166 0 120626 44.1948 10.3966 6.38381 0 190.0261 -18.0346 -50.5986 -182.276 0 0 -0 0 0 0 -0 0 40.4915 107.267 484.963 1286.94 
0.000495430762856891634 0.600209 0 89578 49.7995 10.6617 6.59984 0 215.8031 -7.709 -200.414 79.66 0 0 0 0 0 0 0 0 40.4915 107.267 484.963 1286.94 
0.000495430762856891634 0.602926 0 70798 38.6921 10.0905 6.16382 0 222.5711 123.8 -90.7172 -161.189 0 0 -0 0 0 0 -0 0 40.4915 107.267 484.963 1286.94 
0.000495430762856891634 0.605482 0 234722 39.7889 10.1067 6.17471 0 222.7161 -85.8907 -183.736 92.0124 0 0 0 0 0 0 0 0 40.4915 107.267 484.963 1286.94 
0.000495430762856891634 0.612643 0 5284 40.5322 10.2207 6.25354 0 138.3121 127.471 39.3967 36.4568 0 0 0 0 0 0 0 0 29.785 84.3363 173.763 1076.34 
0.000495430762856891634 0.620578 0 65477 45.4948 10.5616 6.51533 0 94.84921 -42.222 -72.1678 -44.7825 0 0 0 -0 0 0 0 -0 29.785 84.3363 173.763 1076.34 
0.000495430762856891634 0.626577 0 270802 37.0947 9.91164 6.04978 0 145.1131 133.49 34.9046 -44.9434 0 0 0 -0 0 0 0 -0 29.785 84.3363 173.763 1076.34 
0.000495430762856891634 0.63472 0 351864 45.7105 10.5886 6.53764 0 71.76841 -61.5805 -30.4636 20.749 0 0 0 0 0 0 0 0 41.7214 92.4482 217.468 1536.26 
0.000495430762856891634 0.634939 0 99846 48.7235 10.6749 6.61127 0 116.2191 50.0635 100.686 29.374 0 0 0 0 0 0 0 0 41.7214 92.4482 217.468 1536.26 
0.000495430762856891634 0.637958 0 162029 49.042 10.7096 6.64174 0 65.34471 65.2859 -2.74568 -0.364644 0 0 0 0 0 0 0 0 41.7214 92.4482 217.468 1536.26 
0.000495430762856891634 0.643064 0 245146 44.8596 10.4833 6.45175 0 85.19221 -74.9919 -15.8614 37.1799 0 -0 0 0 0 -0 0 0 41.7214 92.4482 217.468 1536.26 
0.000495430762856891634 0.650479 0 68583 43.541 10.4778 6.44736 0 97.2421 -3.39491 64.0771 73.0657 0 0 0 0 0 0 0 0 41.7214 92.4482 217.468 1536.26 
0.000495430762856891634 0.659384 0 85753 43.43 10.4623 6.43506 0 92.27841 -89.7682 12.2087 -17.5476 0 0 0 0 0 0 0 0 39.8256 101.585 494.557 1873.46 
0.000495430762856891634 0.67002 0 85683 44.9658 10.4954 6.46145 0 66.17821 -45.1055 29.2674 38.5807 0 0 0 0 0 0 0 0 39.8256 101.585 494.557 1873.46 
0.000495430762856891634 0.674153 0 161343 49.6198 10.674 6.61053 0 259.5511 111.587 233.87 -14.8237 0 0 0 0 0 0 0 0 39.8256 101.585 494.557 1873.46 
0.000495430762856891634 0.682801 0 154047 51.7776 10.7116 6.64355 0 92.53471 71.7859 57.9156 7.43217 0 0 0 0 0 0 0 0 39.2076 93.731 385.123 1150.96 
0.000495430762856891634 0.704928 0 177060 46.786 10.7355 6.66478 0 180.0111 127.157 -71.2212 105.654 0 0 -0 0 0 0 -0 0 39.2894 98.3907 100.91 1437.27 
0.000495430762856891634 0.718507 0 185827 39.6373 10.0923 6.16503 0 44.51761 43.079 -3.98434 -10.4949 0 0 0 -0 0 0 0 -0 39.2894 98.3907 100.91 1437.27 
0.000495430762856891634 0.722033 0 36465 39.0862 10.0072 6.10937 0 119.7591 -105.272 -52.5247 -22.3881 0 0 0 -0 0 0 0 -0 39.2894 98.3907 100.91 1437.27 
0.000495430762856891634 0.729866 0 207965 40.0184 10.142 6.19867 0 129.0661 -11.8459 -127.989 11.6753 0 -0 0 0 0 -0 0 0 36.0047 93.4163 535.832 1238.78 
0.000495430762856891634 0.744922 0 131772 42.8596 10.3822 6.37275 0 107.0881 -82.309 58.2606 -36.0382 0 0 0 0 0 0 0 0 36.0047 93.4163 535.832 1238.78 
0.000495430762856891634 0.748477 0 205268 0.386584 11.4703 7.41689 0 56.81181 56.5663 -3.9 -3.55215 0 0 0 -0 0 0 0 -0 37.2376 101.858 81.8456 403.729 
0.000495430762856891634 0.748764 0 111014 41.6225 10.222 6.2545 0 117.8171 -91.9643 -16.7187 -71.7206 0 0 0 -0 0 0 0 -0 37.2376 101.858 81.8456 403.729 
0.000495430762856891634 0.751317 0 194166 51.865 10.7263 6.6566 0 182.041 -106.146 -42.615 -141.618 0 0 0 0 0 0 0 0 37.2376 101.858 81.8456 403.729 
0.000495430762856891634 0.765003 0 246886 46.5453 10.6973 6.63097 0 36.29661 6.04544 -31.304 17.3479 0 0 0 0 0 0 0 0 37.2376 101.858 81.8456 403.729 
0.000495430762856891634 0.769163 0 209143 39.2928 10.033 6.12599 0 75.09331 -22.1981 -60.7788 -38.1075 0 0 -0 0 0 0 -0 0 37.2376 101.858 81.8456 403.729 
0.000495430762856891634 0.776461 0 150523 43.4831 10.4693 6.44063 0 110.5161 7.67996 14.5723 109.281 0 0 0 0 0 0 0 0 48.0185 106.814 610.283 1047.77 
0.000495430762856891634 0.781192 1 335084 46.4154 8.55686 7.44664 0 0 1 0.989251 0.80955 1.0845 0 0 0 0 0 0 0 0 48.0185 106.814 610.283 1047.77 
0.000495430762856891634 0.795694 0 6025 40.7768 10.254 6.2774 0 81.67121 58.0529 -33.2923 -46.8153 0 0 0 0 0 0 0 0 48.0185 106.814 610.283 1047.77 
0.000495430762856891634 0.803536 0 159247 38.304 10.0557 6.14082 0 212.951 51.8983 68.4243 -194.865 0 0 0 0 0 0 0 0 38.89 93.2071 196.203 622.456 
0.000495430762856891634 0.818391 0 205163 40.3764 10.2011 6.23968 0 82.3191 63.7244 -22.8339 -46.8426 0 0 -0 0 0 0 -0 0 38.89 93.2071 196.203 622.456 
0.000495430762856891634 0.842171 1 322789 44.0079 9.41002 8.1907 0 0 1 0.0306695 -0.437493 0.0816176 0 0 0 0 0 0 0 0 37.6802 87.0376 731.484 1463.07 
0.000495430762856891634 0.849891 0 45741 47.4805 10.6682 6.60551 0 110.3671 0.424792 -93.2478 59.0388 0 0 0 0 0 0 0 0 37.6802 87.0376 731.484 1463.07 
0.000495430762856891634 0.885605 0 267239 42.8741 10.3829 6.37329 0 133.4461 -87.4942 54.2816 84.8887 0 -0 0 0 0 -0 0 0 27.6408 88.245 160.833 1101.87 
0.000495430762856891634 0.902568 0 244454 47.648 10.6604 6.59869 0 153.8141 137.821 45.0843 -51.2984 0 0 0 -0 0 0 0 -0 27.6408 88.245 160.833 1101.87 
0.000495430762856891634 0.904209 1 270680 52.7097 9.2886 8.08892 0 0 1 0.338408 -1.31792 -0.357363 0 0 0 0 0 0 0 0 27.6408 88.245 160.833 1101.87 
0.000495430762856891634 0.918623 0 372622 37.8862 10.0188 6.11686 0 248.1971 245.843 24.4866 23.7339 0 0 0 0 0 0 0 0 31.1761 80.9428 11.3787 599.017 
0.000495430762856891634 0.920436 0 344190 46.6096 10.7017 6.63478 0 110.4881 90.006 10.5061 63.2148 0 0 0 0 0 0 0 0 31.1761 80.9428 11.3787 599.017 
0.000495430762856891634 0.922182 0 183290 48.3797 10.6404 6.58146 0 240.5871 -202.262 91.5048 -92.7314 0 0 0 0 0 0 0 0 31.1761 80.9428 11.3787 599.017 
0.000495430762856891634 0.929318 0 164882 47.7203 10.6657 6.60334 0 111.1771 -22.2725 -87.2212 65.2442 0 0 0 0 0 0 0 0 31.1761 80.9428 11.3787 599.017 
0.000495430762856891634 0.950849 0 264494 39.589 10.0881 6.16225 0 140.1981 105.232 -42.6478 82.2373 0 0 0 0 0 0 0 0 33.3513 85.6221 43.0923 345.485 
0.000495430762856891634 0.955175 0 222067 38.9746 9.99806 6.10355 0 183.8631 -14.9179 107.67 148.291 0 0 0 0 0 0 0 0 33.3513 85.6221 43.0923 345.485 
0.000495430762856891634 0.958535 0 60170 45.2368 10.5412 6.49858 0 187.721 48.7973 122.673 -133.45 0 0 0 0 0 0 0 0 33.3513 85.6221 43.0923 345.485 
0.000495430762856891634 0.961588 0 116262 49.0266 10.7074 6.63983 0 18.88751 -17.6286 4.06756 -5.42436 0 0 0 0 0 0 0 0 33.3513 85.6221 43.0923 345.485 
0.000495430762856891634 0.963665 0 383571 38.192 10.0459 6.13437 0 246.2571 223.941 40.9422 93.8979 0 0 0 0 0 0 0 0 33.3513 85.6221 43.0923 345.485 
0.000495430762856891634 0.992031 0 285251 47.225 10.6795 6.61533 0 94.18951 39.7332 84.901 -9.20571 0 0 0 0 0 0 0 0 39.2765 90.3742 5.90614 526.667 
0.000495430762856891634 0.992613 0 74245 51.1709 10.608 6.55387 0 41.25791 -38.7458 13.9244 -2.66163 0 -0 0 0 0 -0 0 0 39.2765 90.3742 5.90614 526.667 
0.000495430762856891634 0.993269 0 50618 39.3718 10.0437 6.13298 0 173.1491 113.205 -56.2326 118.334 0 0 0 0 0 0 0 0 39.2765 90.3742 5.90614 526.667 
0.000495430762856891634 1.01541 0 328792 48.8904 10.6922 6.62645 0 112.441 26.8278 -82.4342 71.6078 0 0 0 0 0 0 0 0 38.4904 92.2134 0 797.087 
0.000495430762856891634 1.02189 0 256067 48.9333 10.6968 6.63046 0 121.721 80.1184 81.7079 -41.4801 0 0 0 0 0 0 0 0 38.4904 92.2134 0 797.087 
0.000495430762856891634 1.034 0 169315 36.9321 9.8857 6.03413 0 232.9341 -209.029 -49.4632 90.1036 0 0 0 0 0 0 0 0 28.3578 79.7829 44.21 673.387 
0.000495430762856891634 1.04316 0 185627 50.0487 10.643 6.58366 0 144.2371 31.4981 104.937 -93.8094 0 0 0 0 0 0 0 0 28.3578 79.7829 44.21 673.387 
0.000495430762856891634 1.05899 0 146828 45.4911 10.5613 6.51502 0 88.67231 -50.1106 -17.4175 71.0517 0 0 0 0 0 0 0 0 28.3578 79.7829 44.21 673.387 
0.000495430762856891634 1.08346 0 219847 39.7453 10.1019 6.17148 0 270.1071 -265.797 -16.2484 45.2332 0 0 0 0 0 0 0 0 25.9708 80.2598 38.6755 174.789 
0.000495430762856891634 1.09841 0 258580 37.0631 9.90668 6.04677 0 90.47981 89.5425 -12.9882 0.195802 0 0 0 0 0 0 0 0 25.9708 80.2598 38.6755 174.789 
0.000495430762856891634 1.11175 0 296006 37.4654 9.97849 6.09116 0 68.81391 -54.2494 -12.3074 -40.5077 0 0 0 0 0 0 0 0 30.2599 78.4799 4.75117 661.866 
0.000495430762856891634 1.11467 0 303045 38.5069 10.0736 6.15257 0 49.70781 12.7957 26.5936 39.999 0 0 0 0 0 0 0 0 30.2599 78.4799 4.75117 661.866 
0.000495430762856891634 1.15063 0 122995 40.6661 10.2389 6.26657 0 119.8841 -105.486 -55.5455 -12.631 0 0 -0 0 0 0 -0 0 30.0783 77.4662 112.352 1171.99 
0.000495430762856891634 1.1599 0 20900 43.6574 10.5054 6.46946 0 159.0521 -6.25148 137.169 80.2687 0 0 0 0 0 0 0 0 30.0783 77.4662 112.352 1171.99 
0.000495430762856891634 1.16016 0 282000 46.7004 10.714 6.64565 0 58.21761 -54.4364 -17.5206 -10.9086 0 -0 0 0 0 -0 0 0 30.0783 77.4662 112.352 1171.99 
0.000495430762856891634 1.17905 1 0 40.4417 10.4799 6.44903 0 0 1 17.3232 -5.57101 71.9424 0 0 -0 0 0 0 -0 0 27.4804 65.773 77.8129 402.288 
0.000495430762856891634 1.19821 0 183715 49.3078 10.6987 6.63221 0 140.8541 -14.4553 140.094 -2.11807 0 -0 0 0 0 -0 0 0 27.4804 65.773 77.8129 402.288 
0.000495430762856891634 1.20893 0 167586 38.5806 10.0802 6.157 0 161.8121 22.1852 47.279 153.152 0 0 0 0 0 0 0 0 27.4804 65.773 77.8129 402.288 
0.000495430762856891634 1.21155 0 62226 48.302 10.6424 6.58312 0 34.34791 -15.7501 27.0186 14.2023 0 0 0 0 0 0 0 0 27.4804 65.773 77.8129 402.288 
0.000495430762856891634 1.21288 0 35366 0 10.6307 6.57313 0 185.4351 0.449892 -93.5123 -160.129 0 0 -0 0 0 0 -0 0 27.4804 65.773 77.8129 402.288 
0.000495430762856891634 1.24671 0 334216 46.162 10.6442 6.58468 0 57.44761 -56.8278 8.34389 1.09809 0 0 0 0 0 0 0 0 22.1689 77.8242 0 526.42 
0.000495430762856891634 1.26851 0 191234 39.5368 10.0629 6.14553 0 228.3851 228.269 -3.28908 -6.48179 0 0 0 0 0 0 0 0 35.7934 97.1692 86.4641 438.593 
0.000495430762856891634 1.28442 0 189256 40.4504 10.2094 6.24558 0 92.78131 88.4052 22.1726 17.3569 0 0 0 0 0 0 0 0 35.7934 97.1692 86.4641 438.593 
0.000495430762856891634 1.29132 0 244533 41.1435 10.3024 6.3128 0 93.75651 -6.80387 -76.8784 53.2326 0 0 -0 0 0 0 -0 0 35.7934 97.1692 86.4641 438.593 
0.000495430762856891634 1.34115 0 63181 45.5723 10.5725 6.5243 0 140.4561 -118.87 -73.5464 -13.737 0 0 -0 0 0 0 -0 0 30.4259 87.4916 25.6094 501.318 
0.000495430762856891634 1.34305 0 299694 38.0255 10.0311 6.12475 0 123.0731 26.8742 -14.7342 -119.196 0 0 0 -0 0 0 0 -0 30.4259 87.4916 25.6094 501.318 
0.000495430762856891634 1.35931 0 335674 47.1338 10.6949 6.62882 0 138.0611 96.6268 65.6831 -73.5517 0 0 0 -0 0 0 0 -0 20.5979 72.8956 76.9525 301.632 
0.000495430762856891634 1.37997 0 255934 40.1963 10.1669 6.21582 0 72.04971 -30.3984 61.2799 -22.6247 0 -0 0 0 0 -0 0 0 20.5979 72.8956 76.9525 301.632 
0.000495430762856891634 1.39017 0 284845 43.5769 10.4814 6.45022 0 128.5381 -31.932 -95.9731 -79.3186 0 -0 0 0 0 -0 0 0 20.5979 72.8956 76.9525 301.632 
0.000495430762856891634 1.39466 0 334260 41.0287 10.2932 6.306 0 190.5861 190.531 0.375556 -4.54148 0 0 0 0 0 0 0 0 20.5979 72.8956 76.9525 301.632 
0.000495430762856891634 1.48119 0 292985 38.4492 10.064 6.14623 0 237.6131 -142.949 -78.9901 -172.587 0 0 0 0 0 0 0 0 20.7795 73.8686 18.6335 33.7111 
0.000495430762856891634 1.54799 0 314533 49.0375 10.7089 6.64119 0 242.6431 129.317 42.1513 200.938 0 0 0 0 0 0 0 0 32.2866 64.6342 21.3964 546.601 
0.000495430762856891634 1.57972 0 252721 40.7212 10.2464 6.27193 0 194.7851 194.04 3.92357 16.5619 0 0 0 0 0 0 0 0 19.2596 54.4192 262.741 370.858 
0.000495430762856891634 1.60539 0 361508 44.148 10.3945 6.38216 0 165.9261 -40.0135 46.8861 -154.052 0 0 0 0 0 0 0 0 19.2596 54.4192 262.741 370.858 
0.000495430762856891634 1.62487 0 344057 50.9575 10.6069 6.55298 0 120.1811 -57.9001 -34.5179 99.4964 0 0 -0 0 0 0 -0 0 19.2596 54.4192 262.741 370.858 
0.000495430762856891634 1.63868 0 384887 47.1598 10.6826 6.61801 0 71.90611 -44.6731 -49.6826 -26.579 0 0 0 0 0 0 0 0 26.561 66.6956 46.4473 102.987 
0.000495430762856891634 1.64724 0 307821 38.4061 10.0621 6.14501 0 167.5871 -125.622 24.7613 108.128 0 0 0 0 0 0 0 0 26.561 66.6956 46.4473 102.987 
0.000495430762856891634 1.64975 0 330060 41.0883 10.2976 6.30927 0 183.4681 -180.188 -27.9731 20.2578 0 0 0 0 0 0 0 0 26.561 66.6956 46.4473 102.987 
0.000495430762856891634 1.68928 0 271044 49.4119 10.6903 6.62482 0 94.56791 -61.5217 43.9965 56.7668 0 0 0 0 0 0 0 0 26.561 66.6956 46.4473 102.987 
0.000495430762856891634 1.7244 0 239587 46.862 10.7194 6.65043 0 81.53551 75.0455 24.9374 19.858 0 0 0 0 0 0 0 0 18.9985 51.9948 30.769 138.311 
0.000495430762856891634 1.85398 0 389515 37.471 9.97904 6.0915 0 217.3231 -113.264 181.707 -37.1888 0 -0 0 0 0 -0 0 0 12.7793 56.6324 85.6682 85.6682 
0.000495430762856891634 1.85525 0 359834 50.5153 10.6313 6.57359 0 196.9041 33.0214 30.7116 191.671 0 0 0 0 0 0 0 0 12.7793 56.6324 85.6682 85.6682 
0.000495430762856891634 1.88983 0 361840 51.3662 10.5881 6.53727 0 66.41951 -3.72824 65.8382 -7.93542 0 -0 0 0 0 -0 0 0 19.2051 47.9851 0 49.2827 
0.000495430762856891634 1.89074 0 323235 37.3721 9.96986 6.08573 0 135.3871 -77.678 -49.1458 99.401 0 0 0 0 0 0 0 0 19.2051 47.9851 0 49.2827 
0.000495430762856891634 1.977 0 344240 41.4003 10.1808 6.2255 0 223.8521 220.033 8.33457 -40.3218 0 0 0 0 0 0 0 0 12.2179 46.6814 0 6.02525 
0.000495430762856891634 2.06762 0 361078 49.0859 10.716 6.64747 0 97.99171 -87.3102 43.8939 -7.2548 0 0 0 0 0 0 0 0 12.2179 46.6814 0 6.02525 
0.000495430762856891634 2.0964 0 373672 41.3139 10.3187 6.32486 0 47.51231 -10.0412 46.187 4.8326 0 -0 0 0 0 -0 0 0 8.57532 45.215 0 0 
0.000495430762856891634 2.15897 0 393629 43.1693 10.4275 6.40775 0 140.8381 -75.5245 -75.9273 91.4682 0 0 0 0 0 0 0 0 8.57532 45.215 0 0 
0.000495430762856891634 2.3406 0 246436 39.3317 10.0383 6.12942 0 153.1971 109.967 -31.126 102.018 0 0 0 0 0 0 0 0 16.1809 57.8471 0 35.7503 
0.000495430762856891634 2.4127 0 295464 40.7464 10.2498 6.2744 0 187.7321 -152.069 66.1798 87.9681 0 0 0 0 0 0 0 0 5.02541 39.7585 0 253.707 
0.000495430762856891634 2.47956 0 386480 42.959 10.4079 6.39252 0 73.75951 73.4348 3.11557 6.17151 0 0 0 0 0 0 0 0 5.02541 39.7585 0 253.707 
0.000495430762856891634 2.74689 0 364519 41.8438 10.243 6.26949 0 37.12871 34.5798 -2.3256 13.3179 0 0 0 0 0 0 0 0 10.8826 38.7448 0 2.70441 
0.000495430762856891634 2.84478 0 392042 47.1703 10.6945 6.62848 0 187.121 -186.256 -17.9125 -1.34885 0 0 -0 0 0 0 -0 0 10.8826 38.7448 0 2.70441 
0.000495430762856891634 2.98029 0 197910 42.2259 10.2952 6.30749 0 150.4721 -67.0919 -60.1647 120.502 0 0 0 0 0 0 0 0 13.1519 32.7739 0 385.678 
0.000495430762856891634 3.09144 0 393305 37.8849 10.0187 6.11679 0 205.2931 103.28 -150.87 93.362 0 0 0 0 0 0 0 0 13.1519 32.7739 0 385.678 
0.000495430762856891634 3.09455 0 398460 39.3299 10.038 6.12926 0 195.2361 -163.353 -21.7381 -104.691 0 -0 0 0 0 -0 0 0 13.1519 32.7739 0 385.678 
0.000495430762856891634 3.41857 1 398883 43.7001 8.25709 7.18443 0 0 1 -1.00512 -1.16465 -0.898126 0 -0 0 0 0 -0 0 0 13.1519 32.7739 0 385.678 
0.000495430762856891634 3.55392 0 399060 41.5475 10.1999 6.23882 0 156.7091 154.69 -7.99271 23.7656 0 0 0 0 0 0 0 0 13.1519 32.7739 0 385.678 
0.000615604017256869067 0.0629987 0 201977 31.3105 9.31187 8.1052 0 01 -0 0 0 0 -0 0 0 0 -0 0 0 28.0637 71.0398 1393.68 3685.91 
0.000615604017256869067 0.144912 0 185079 29.0216 9.06824 7.89283 0 01 0 0 0 0 0 0 0 0 0 0 0 28.0637 71.0398 1393.68 3685.91 
0.000615604017256869067 0.155081 0 126118 28.7826 9.01979 7.85055 0 01 0 0 -0 0 0 0 -0 0 0 0 -0 28.0637 71.0398 1393.68 3685.91 
0.000615604017256869067 0.15831 0 39238 28.202 8.9147 7.75883 0 01 0 0 0 0 0 0 0 0 0 0 0 28.0637 71.0398 1393.68 3685.91 
0.000615604017256869067 0.160441 0 129927 27.4288 8.88479 7.73273 0 01 0 0 0 0 0 0 0 0 0 0 0 28.0637 71.0398 1393.68 3685.91 
0.000615604017256869067 0.16419 0 19650 29.1244 9.08247 7.90524 0 01 0 0 0 0 0 0 0 0 0 0 0 28.0637 71.0398 1393.68 3685.91 
0.000615604017256869067 0.178895 0 6292 29.1038 9.07932 7.90249 0 01 -0 0 0 0 -0 0 0 0 -0 0 0 28.0637 71.0398 1393.68 3685.91 
0.000615604017256869067 0.186997 0 37014 28.4169 8.94991 7.78956 0 01 0 0 0 0 0 0 0 0 0 0 0 41.0613 98.1102 1465.9 2791.75 
0.000615604017256869067 0.205397 0 30052 32.4488 9.46986 8.2428 0 01 -0 0 0 0 -0 0 0 0 -0 0 0 41.0613 98.1102 1465.9 2791.75 
0.000615604017256869067 0.230011 0 106288 28.3056 8.9293 7.77157 0 01 0 0 0 0 0 0 0 0 0 0 0 41.0613 98.1102 1465.9 2791.75 
0.000615604017256869067 0.234537 0 34930 31.0161 9.26768 8.06669 0 01 0 0 0 0 0 0 0 0 0 0 0 43.0196 103.681 1801.54 3202.06 
0.000615604017256869067 0.246429 0 8274 35.9089 9.72203 5.94058 0 199.3921 199.003 -9.97952 7.45788 0 0 0 0 0 0 0 0 43.0196 103.681 1801.54 3202.06 
0.000615604017256869067 0.256302 0 73589 27.9947 8.95131 7.79078 0 01 0 -0 0 0 0 -0 0 0 0 -0 0 43.0196 103.681 1801.54 3202.06 
0.000615604017256869067 0.260168 0 121925 32.1195 9.43084 8.20884 0 01 0 0 0 0 0 0 0 0 0 0 0 43.0196 103.681 1801.54 3202.06 
0.000615604017256869067 0.285549 0 86848 30.8252 9.2172 8.0227 0 01 0 0 0 0 0 0 0 0 0 0 0 51.5608 120.085 1319.5 3227.04 
0.000615604017256869067 0.289021 0 69754 30.7762 9.21229 8.01842 0 01 -0 0 0 0 -0 0 0 0 -0 0 0 51.5608 120.085 1319.5 3227.04 
0.000615604017256869067 0.2927 0 132710 27.7405 8.92131 7.7646 0 01 0 0 0 0 0 0 0 0 0 0 0 51.5608 120.085 1319.5 3227.04 
0.000615604017256869067 0.296791 0 17420 33.4215 9.50536 8.27369 0 01 0 -0 0 0 0 -0 0 0 0 -0 0 51.5608 120.085 1319.5 3227.04 
0.000615604017256869067 0.301694 0 346540 27.8273 8.92974 7.77196 0 01 0 0 -0 0 0 0 -0 0 0 0 -0 51.5608 120.085 1319.5 3227.04 
0.000615604017256869067 0.308087 0 137507 34.7929 9.71768 5.93821 0 40.15461 14.1446 -4.40123 37.3223 0 0 -0 0 0 0 -0 0 50.2808 121.423 518.09 1954.07 
0.000615604017256869067 0.321195 0 138555 33.057 9.43906 8.21599 0 01 0 -0 0 0 0 -0 0 0 0 -0 0 50.2808 121.423 518.09 1954.07 
0.000615604017256869067 0.322013 0 52314 30.7935 9.21505 8.02083 0 01 0 0 -0 0 0 0 -0 0 0 0 -0 50.2808 121.423 518.09 1954.07 
0.000615604017256869067 0.326412 0 43247 34.425 9.67988 5.91794 0 185.4081 109.38 9.06444 149.432 0 0 0 0 0 0 0 0 50.2808 121.423 518.09 1954.07 
0.000615604017256869067 0.339824 0 61838 27.3392 8.87435 7.72361 0 01 0 -0 0 0 0 -0 0 0 0 -0 0 57.2321 145.256 1033.42 2816.87 
0.000615604017256869067 0.351886 0 23097 28.6906 8.99828 7.83178 0 01 0 0 -0 0 0 0 -0 0 0 0 -0 57.2321 145.256 1033.42 2816.87 
0.000615604017256869067 0.366487 0 57393 35.2741 9.76507 5.96431 0 199.3141 42.2093 170.136 -94.8572 0 0 0 0 0 0 0 0 56.8394 133.012 1203.92 2642.32 
0.000615604017256869067 0.376631 0 129259 29.8493 9.17227 7.98353 0 01 -0 0 0 0 -0 0 0 0 -0 0 0 56.8394 133.012 1203.92 2642.32 
0.000615604017256869067 0.384809 0 79775 30.7969 9.21559 8.0213 0 01 0 0 0 0 0 0 0 0 0 0 0 45.7478 120.64 1240.49 3011.61 
0.000615604017256869067 0.388304 1 0 27.8716 9.00046 7.83368 0 0 1 -0 0 0 0 -0 0 0 0 -0 0 0 45.7478 120.64 1240.49 3011.61 
0.000615604017256869067 0.394889 0 71669 34.3464 9.67256 5.91407 0 111.9711 -5.09977 5.90682 -111.699 0 -0 0 0 0 -0 0 0 45.7478 120.64 1240.49 3011.61 
0.000615604017256869067 0.396401 0 86949 29.7502 9.15739 7.97056 0 01 0 0 0 0 0 0 0 0 0 0 0 45.7478 120.64 1240.49 3011.61 
0.000615604017256869067 0.398292 0 55732 28.4725 8.96108 7.79931 0 01 -0 0 0 0 -0 0 0 0 -0 0 0 45.7478 120.64 1240.49 3011.61 
0.000615604017256869067 0.400797 0 335816 29.2236 9.0965 7.91747 0 01 0 0 0 0 0 0 0 0 0 0 0 45.7478 120.64 1240.49 3011.61 
0.000615604017256869067 0.403227 0 26774 30.6602 9.19391 8.0024 0 01 0 0 -0 0 0 0 -0 0 0 0 -0 45.7478 120.64 1240.49 3011.61 
0.000615604017256869067 0.408747 0 30458 30.8936 9.2318 8.03542 0 01 -0 0 0 0 -0 0 0 0 -0 0 0 45.7478 120.64 1240.49 3011.61 
0.000615604017256869067 0.418077 0 67849 31.2414 9.29771 8.09286 0 01 0 0 0 0 0 0 0 0 0 0 0 55.201 138.867 765.363 2122.71 
0.000615604017256869067 0.4189 0 129944 28.0037 8.95282 7.7921 0 01 0 0 0 0 0 0 0 0 0 0 0 55.201 138.867 765.363 2122.71 
0.000615604017256869067 0.425389 0 289599 29.5754 9.1353 7.9513 0 01 0 0 0 0 0 0 0 0 0 0 0 55.201 138.867 765.363 2122.71 
0.000615604017256869067 0.432703 0 67839 28.2831 8.92598 7.76868 0 01 0 -0 0 0 0 -0 0 0 0 -0 0 45.3689 121.791 842.056 1618.9 
0.000615604017256869067 0.463116 0 55686 31.4713 9.33689 8.127 0 01 0 0 0 0 0 0 0 0 0 0 0 56.1135 141.114 461.262 1824.95 
0.000615604017256869067 0.467316 0 244983 36.3481 9.79516 5.98127 0 98.21941 15.7288 -96.9407 -1.46478 0 0 0 0 0 0 0 0 56.1135 141.114 461.262 1824.95 
0.000615604017256869067 0.481059 0 61856 28.5407 8.97724 7.81342 0 01 0 0 0 0 0 0 0 0 0 0 0 54.8358 130.736 462.015 1292.28 
0.000615604017256869067 0.486818 0 41160 28.0132 8.95443 7.79351 0 01 0 0 0 0 0 0 0 0 0 0 0 54.8358 130.736 462.015 1292.28 
0.000615604017256869067 0.493554 0 213781 34.3295 9.67221 5.91388 0 166.3051 -149.419 71.7742 13.4102 0 -0 0 0 0 -0 0 0 54.8358 130.736 462.015 1292.28 
0.000615604017256869067 0.517439 0 193763 28.3885 8.94366 7.7841 0 01 -0 0 0 0 -0 0 0 0 -0 0 0 55.2532 135.281 680.572 1473.04 
0.000615604017256869067 0.539849 0 59481 30.6952 9.19942 8.0072 0 01 0 0 0 0 0 0 0 0 0 0 0 57.8321 134.965 823.386 1352.33 
0.000615604017256869067 0.544105 0 99537 28.3536 8.93716 7.77844 0 01 0 0 0 0 0 0 0 0 0 0 0 57.8321 134.965 823.386 1352.33 
0.000615604017256869067 0.551133 0 143944 36.4785 9.81427 5.9922 0 48.06361 -47.0612 7.27182 -6.5173 0 0 0 0 0 0 0 0 52.8498 129.821 150.43 1143.07 
0.000615604017256869067 0.57192 0 6219 28.0697 8.96112 7.79934 0 01 0 -0 0 0 0 -0 0 0 0 -0 0 54.4612 133.279 676.368 1426.32 
0.000615604017256869067 0.573887 0 211996 35.9461 9.72714 5.94336 0 114.2721 39.5339 73.726 -77.8433 0 0 0 -0 0 0 0 -0 54.4612 133.279 676.368 1426.32 
0.000615604017256869067 0.577282 0 202678 33.9515 9.58761 5.87047 0 187.1411 75.2637 156.664 -69.3781 0 0 0 0 0 0 0 0 54.4612 133.279 676.368 1426.32 
0.000615604017256869067 0.586321 0 198841 35.9894 9.73344 5.94681 0 139.8051 -72.1795 -70.8674 -96.5058 0 0 0 0 0 0 0 0 54.4612 133.279 676.368 1426.32 
0.000615604017256869067 0.58875 0 43108 30.0418 9.11525 7.93382 0 01 0 0 0 0 0 0 0 0 0 0 0 54.4612 133.279 676.368 1426.32 
0.000615604017256869067 0.58974 0 154589 30.0242 9.19231 8.001 0 01 -0 0 0 0 -0 0 0 0 -0 0 0 54.4612 133.279 676.368 1426.32 
0.000615604017256869067 0.59266 0 334776 31.5332 9.35035 8.13872 0 01 0 0 0 0 0 0 0 0 0 0 0 59.6782 127.054 379.359 1471.75 
0.000615604017256869067 0.592786 0 185527 27.9668 8.94686 7.7869 0 01 0 0 0 0 0 0 0 0 0 0 0 59.6782 127.054 379.359 1471.75 
0.000615604017256869067 0.599518 0 90793 35.7125 9.81136 5.99052 0 211.0931 -27.2437 139.862 155.746 0 0 0 0 0 0 0 0 59.6782 127.054 379.359 1471.75 
0.000615604017256869067 0.600317 0 195542 33.3682 9.49672 8.26617 0 01 0 -0 0 0 0 -0 0 0 0 -0 0 59.6782 127.054 379.359 1471.75 
0.000615604017256869067 0.620487 0 109173 31.5459 9.34963 8.1381 0 01 0 -0 0 0 0 -0 0 0 0 -0 0 45.638 122.334 270.991 926.944 
0.000615604017256869067 0.622606 0 291918 28.3755 8.94113 7.7819 0 01 0 0 0 0 0 0 0 0 0 0 0 45.638 122.334 270.991 926.944 
0.000615604017256869067 0.625205 0 52396 35.881 9.71812 5.93845 0 216.9671 -146.69 8.28971 159.649 0 -0 0 0 0 -0 0 0 45.638 122.334 270.991 926.944 
0.000615604017256869067 0.625474 0 179360 28.9337 9.04517 7.87269 0 01 0 0 0 0 0 0 0 0 0 0 0 45.638 122.334 270.991 926.944 
0.000615604017256869067 0.639602 0 134648 34.8295 9.7215 5.94029 0 179.781 149.843 44.234 88.9449 0 0 0 0 0 0 0 0 51.2161 127.187 655.631 1086.76 
0.000615604017256869067 0.641061 0 102873 35.6821 9.80838 5.98882 0 58.86991 58.8525 -0.70537 -1.24494 0 0 0 -0 0 0 0 -0 51.2161 127.187 655.631 1086.76 
0.000615604017256869067 0.647383 0 66897 31.2341 9.29849 8.09354 0 01 0 0 0 0 0 0 0 0 0 0 0 51.2161 127.187 655.631 1086.76 
0.000615604017256869067 0.650236 0 71493 30.2655 9.14999 7.96411 0 01 0 0 0 0 0 0 0 0 0 0 0 51.2161 127.187 655.631 1086.76 
0.000615604017256869067 0.653163 0 236025 32.6713 9.49191 8.26198 0 01 0 0 0 0 0 0 0 0 0 0 0 51.2161 127.187 655.631 1086.76 
0.000615604017256869067 0.65514 0 221647 33.4925 9.5134 5.83436 0 105.9911 98.7174 -31.3711 -22.4685 0 0 0 0 0 0 0 0 51.2161 127.187 655.631 1086.76 
0.000615604017256869067 0.672485 0 196116 35.192 9.75669 5.95964 0 159.5671 125.103 -47.7797 -86.7645 0 0 -0 0 0 0 -0 0 48.2899 114.648 493.185 1405.59 
0.000615604017256869067 0.676908 0 153147 29.442 9.12068 7.93855 0 01 0 0 0 0 0 0 0 0 0 0 0 48.2899 114.648 493.185 1405.59 
0.000615604017256869067 0.677674 0 201415 28.9879 9.05811 7.88398 0 01 0 0 -0 0 0 0 -0 0 0 0 -0 48.2899 114.648 493.185 1405.59 
0.000615604017256869067 0.678123 0 149405 33.1739 9.46721 8.24048 0 01 0 0 0 0 0 0 0 0 0 0 0 48.2899 114.648 493.185 1405.59 
0.000615604017256869067 0.678225 0 228406 28.3649 8.93917 7.78018 0 01 -0 0 0 0 -0 0 0 0 -0 0 0 48.2899 114.648 493.185 1405.59 
0.000615604017256869067 0.684176 0 363058 33.527 9.52219 5.83854 0 154.8531 -144.728 39.1506 38.7367 0 -0 0 0 0 -0 0 0 55.5226 122.894 166.168 1104.85 
0.000615604017256869067 0.686692 0 335263 27.4531 8.88813 7.73564 0 01 0 0 0 0 0 0 0 0 0 0 0 55.5226 122.894 166.168 1104.85 
0.000615604017256869067 0.714184 0 191220 35.2742 9.76508 5.96431 0 159.6471 56.0478 42.9584 -143.18 0 0 0 0 0 0 0 0 35.9573 105.676 419.609 1512.07 
0.000615604017256869067 0.718802 0 140577 33.135 9.4652 8.23874 0 01 0 0 -0 0 0 0 -0 0 0 0 -0 35.9573 105.676 419.609 1512.07 
0.000615604017256869067 0.721226 0 162556 28.4539 8.95844 7.797 0 01 0 0 -0 0 0 0 -0 0 0 0 -0 35.9573 105.676 419.609 1512.07 
0.000615604017256869067 0.727908 0 89495 27.5396 8.90144 7.74726 0 01 -0 0 0 0 -0 0 0 0 -0 0 0 35.9573 105.676 419.609 1512.07 
0.000615604017256869067 0.729821 0 208370 31.2844 9.30519 8.09938 0 01 -0 0 0 0 -0 0 0 0 -0 0 0 35.9573 105.676 419.609 1512.07 
0.000615604017256869067 0.730681 0 237905 33.8209 9.57759 5.86549 0 222.4141 120.701 181.498 -44.2493 0 0 0 0 0 0 0 0 35.9573 105.676 419.609 1512.07 
0.000615604017256869067 0.732462 0 169885 30.6318 9.1895 7.99855 0 01 0 0 0 0 0 0 0 0 0 0 0 48.9863 116.607 297.623 721.088 
0.000615604017256869067 0.734495 0 339850 27.5548 8.90285 7.74848 0 01 0 0 0 0 0 0 0 0 0 0 0 48.9863 116.607 297.623 721.088 
0.000615604017256869067 0.738468 1 403854 46.479 10.3101 6.31845 0 0 2 91.7964 -38.3055 82.3169 0 0 0 0 0 0 0 0 48.9863 116.607 297.623 721.088 
0.000615604017256869067 0.75595 0 89901 30.3874 9.17562 7.98645 0 01 -0 0 0 0 -0 0 0 0 -0 0 0 48.9863 116.607 297.623 721.088 
0.000615604017256869067 0.757908 0 330567 34.5159 9.68984 5.92324 0 120.681 111.379 44.9168 -11.8649 0 0 0 -0 0 0 0 -0 39.1683 119.771 477.721 927.002 
0.000615604017256869067 0.768442 0 176355 32.2815 9.45125 8.2266 0 01 0 0 -0 0 0 0 -0 0 0 0 -0 39.1683 119.771 477.721 927.002 
0.000615604017256869067 0.79038 0 184947 31.2345 9.29845 8.0935 0 01 0 0 0 0 0 0 0 0 0 0 0 41.303 125.452 511.324 798.562 
0.000615604017256869067 0.799122 0 243100 28.143 8.90485 7.75023 0 01 0 0 0 0 0 0 0 0 0 0 0 41.303 125.452 511.324 798.562 
0.000615604017256869067 0.803096 0 272267 33.8736 9.57973 5.86655 0 170.5181 27.1463 -56.8598 -158.45 0 0 0 0 0 0 0 0 41.303 125.452 511.324 798.562 
0.000615604017256869067 0.813357 0 107151 32.3059 9.45134 8.22668 0 01 0 0 0 0 0 0 0 0 0 0 0 48.3688 112.214 441.217 857.37 
0.000615604017256869067 0.82123 0 291088 31.4867 9.34171 8.1312 0 01 0 -0 0 0 0 -0 0 0 0 -0 0 48.3688 112.214 441.217 857.37 
0.000615604017256869067 0.821561 0 15422 31.4974 9.34227 8.13169 0 01 0 0 0 0 0 0 0 0 0 0 0 48.3688 112.214 441.217 857.37 
0.000615604017256869067 0.826407 0 292369 29.8038 9.16579 7.97789 0 01 0 0 0 0 0 0 0 0 0 0 0 48.3688 112.214 441.217 857.37 
0.000615604017256869067 0.830694 0 224265 32.946 9.5231 5.83898 0 156.2011 148.723 -44.3081 17.8026 0 0 0 0 0 0 0 0 48.3688 112.214 441.217 857.37 
0.000615604017256869067 0.834462 0 186579 35.8192 9.70958 5.93383 0 146.4821 97.1095 101.191 -42.272 0 0 0 0 0 0 0 0 27.9739 120.216 38.5571 536.704 
0.000615604017256869067 0.840302 1 0 28.9575 9.13299 7.94929 0 0 1 0 0 0 0 0 0 0 0 0 0 0 27.9739 120.216 38.5571 536.704 
0.000615604017256869067 0.844126 0 316050 32.5693 9.48324 8.25443 0 01 0 0 0 0 0 0 0 0 0 0 0 27.9739 120.216 38.5571 536.704 
0.000615604017256869067 0.849446 0 218673 35.2491 9.76246 5.96285 0 216.1421 -88.3396 -149.451 -128.755 0 0 0 0 0 0 0 0 27.9739 120.216 38.5571 536.704 
0.000615604017256869067 0.857596 0 194475 30.6804 9.19708 8.00516 0 01 0 -0 0 0 0 -0 0 0 0 -0 0 27.9739 120.216 38.5571 536.704 
0.000615604017256869067 0.863299 0 296004 28.2226 8.9175 7.76127 0 01 0 -0 0 0 0 -0 0 0 0 -0 0 47.1078 134.516 52.4214 506.167 
0.000615604017256869067 0.889985 0 223825 27.3517 8.87322 7.72262 0 01 0 0 0 0 0 0 0 0 0 0 0 41.5361 101.982 32.2294 1665.28 
0.000615604017256869067 0.89839 0 242731 35.8408 9.71236 5.93533 0 155.5461 -45.2196 -47.4389 141.065 0 0 0 0 0 0 0 0 41.5361 101.982 32.2294 1665.28 
0.000615604017256869067 0.900023 0 19678 30.5204 9.17729 7.98791 0 01 0 0 0 0 0 0 0 0 0 0 0 41.5361 101.982 32.2294 1665.28 
0.000615604017256869067 0.915369 0 213632 32.4818 9.47337 8.24585 0 01 -0 0 0 0 -0 0 0 0 -0 0 0 41.5361 101.982 32.2294 1665.28 
0.000615604017256869067 0.916316 0 185355 28.3386 8.93461 7.77621 0 01 0 0 0 0 0 0 0 0 0 0 0 41.5361 101.982 32.2294 1665.28 
0.000615604017256869067 0.925638 0 175769 32.2172 9.44135 8.21798 0 01 0 0 0 0 0 0 0 0 0 0 0 46.6151 105.233 118.01 803.684 
0.000615604017256869067 0.940255 0 149264 27.311 8.87154 7.72115 0 01 0 0 0 0 0 0 0 0 0 0 0 46.6151 105.233 118.01 803.684 
0.000615604017256869067 0.943759 0 224840 28.2861 8.92641 7.76905 0 01 0 0 0 0 0 0 0 0 0 0 0 46.6151 105.233 118.01 803.684 
0.000615604017256869067 0.961462 0 171631 28.0086 8.95366 7.79284 0 01 -0 0 0 0 -0 0 0 0 -0 0 0 47.1157 116.314 476.179 1504.02 
0.000615604017256869067 0.963413 0 27397 30.0313 9.19304 8.00164 0 01 0 0 0 0 0 0 0 0 0 0 0 47.1157 116.314 476.179 1504.02 
0.000615604017256869067 0.9637 0 296138 34.5542 9.69546 5.92624 0 129.2841 13.8583 115.961 -55.4569 0 0 0 0 0 0 0 0 47.1157 116.314 476.179 1504.02 
0.000615604017256869067 0.970379 0 165929 34.8882 9.72686 5.94321 0 157.0121 -125.291 -50.2636 80.1781 0 0 0 0 0 0 0 0 47.1157 116.314 476.179 1504.02 
0.000615604017256869067 0.984546 0 166801 27.6131 8.90874 7.75363 0 01 0 -0 0 0 0 -0 0 0 0 -0 0 41.7116 110.315 154.456 436.326 
0.000615604017256869067 1.00223 0 313243 29.2039 9.09455 7.91578 0 01 0 0 0 0 0 0 0 0 0 0 0 41.7116 110.315 154.456 436.326 
0.000615604017256869067 1.00225 0 293121 29.6463 9.14363 7.95856 0 01 0 0 0 0 0 0 0 0 0 0 0 41.7116 110.315 154.456 436.326 
0.000615604017256869067 1.02287 0 132704 30.5626 9.18104 7.99118 0 01 0 0 0 0 0 0 0 0 0 0 0 34.8667 90.1243 130.504 208.416 
0.000615604017256869067 1.02892 0 360776 29.5502 9.13245 7.94882 0 01 0 0 0 0 0 0 0 0 0 0 0 34.8667 90.1243 130.504 208.416 
0.000615604017256869067 1.02941 0 263588 30.416 9.17993 7.99021 0 01 0 0 -0 0 0 0 -0 0 0 0 -0 34.8667 90.1243 130.504 208.416 
0.000615604017256869067 1.0516 0 308710 28.6661 8.98804 7.82284 0 01 -0 0 0 0 -0 0 0 0 -0 0 0 32.7889 106.766 23.6515 442.609 
0.000615604017256869067 1.05789 0 38744 34.4193 9.67926 5.91761 0 226.2911 -202.57 100.716 5.41084 0 0 0 0 0 0 0 0 32.7889 106.766 23.6515 442.609 
0.000615604017256869067 1.05959 0 325015 30.3703 9.1731 7.98425 0 01 0 0 -0 0 0 0 -0 0 0 0 -0 32.7889 106.766 23.6515 442.609 
0.000615604017256869067 1.06185 0 223846 32.3411 9.45581 8.23056 0 01 0 0 0 0 0 0 0 0 0 0 0 32.7889 106.766 23.6515 442.609 
0.000615604017256869067 1.06758 0 271389 29.7789 9.1618 7.97441 0 01 0 0 0 0 0 0 0 0 0 0 0 32.7889 106.766 23.6515 442.609 
0.000615604017256869067 1.06769 0 319276 35.5055 9.79109 5.97896 0 239.6841 -58.4133 -84.0403 216.734 0 0 0 0 0 0 0 0 32.7889 106.766 23.6515 442.609 
0.000615604017256869067 1.07222 0 139792 31.9889 9.41583 8.19576 0 01 0 0 0 0 0 0 0 0 0 0 0 32.7889 106.766 23.6515 442.609 
0.000615604017256869067 1.08268 0 177987 30.7625 9.21011 8.01652 0 01 0 0 0 0 0 0 0 0 0 0 0 22.8873 87.2932 62.6162 177.554 
0.000615604017256869067 1.12664 0 366867 29.4376 9.12021 7.93815 0 01 0 -0 0 0 0 -0 0 0 0 -0 0 39.492 105.004 248.372 486.892 
0.000615604017256869067 1.13863 0 18064 27.4481 8.88741 7.73501 0 01 0 0 0 0 0 0 0 0 0 0 0 39.492 105.004 248.372 486.892 
0.000615604017256869067 1.15617 0 246660 35.8723 9.71683 5.93775 0 166.4511 74.3441 131.895 69.1563 0 0 0 0 0 0 0 0 46.6508 111.865 227.41 742.435 
0.000615604017256869067 1.16603 0 306675 33.9768 9.60094 5.87715 0 117.9291 19.5478 110.829 -35.242 0 0 0 0 0 0 0 0 46.6508 111.865 227.41 742.435 
0.000615604017256869067 1.17419 0 298005 27.3092 8.87136 7.721 0 01 -0 0 0 0 -0 0 0 0 -0 0 0 46.6508 111.865 227.41 742.435 
0.000615604017256869067 1.17591 0 310669 35.289 9.76685 5.9653 0 139.6541 -4.34345 -116.88 76.3121 0 0 -0 0 0 0 -0 0 46.6508 111.865 227.41 742.435 
0.000615604017256869067 1.17644 0 309816 27.6032 8.9075 7.75254 0 01 0 0 0 0 0 0 0 0 0 0 0 46.6508 111.865 227.41 742.435 
0.000615604017256869067 1.1874 0 367285 29.6525 9.14438 7.95922 0 01 0 0 0 0 0 0 0 0 0 0 0 34.9853 97.4649 73.958 509.352 
0.000615604017256869067 1.19558 0 87366 35.2759 9.76529 5.96443 0 87.11481 72.5011 28.1356 39.2554 0 0 0 0 0 0 0 0 34.9853 97.4649 73.958 509.352 
0.000615604017256869067 1.21309 0 304139 30.4969 9.16197 7.97455 0 01 0 0 0 0 0 0 0 0 0 0 0 34.9853 97.4649 73.958 509.352 
0.000615604017256869067 1.21988 0 262055 27.8567 8.92834 7.77073 0 01 0 -0 0 0 0 -0 0 0 0 -0 0 34.9853 97.4649 73.958 509.352 
0.000615604017256869067 1.24304 0 274730 29.6653 9.14597 7.96061 0 01 0 0 0 0 0 0 0 0 0 0 0 27.4451 85.9278 83.5966 157.043 
0.000615604017256869067 1.2597 0 48688 29.678 9.14756 7.96199 0 01 0 0 0 0 0 0 0 0 0 0 0 27.4451 85.9278 83.5966 157.043 
0.000615604017256869067 1.29013 0 279797 27.9416 8.94325 7.78375 0 01 0 0 0 0 0 0 0 0 0 0 0 30.8987 92.6187 112.001 524.131 
0.000615604017256869067 1.29504 0 261741 29.0085 9.06666 7.89145 0 01 0 0 -0 0 0 0 -0 0 0 0 -0 30.8987 92.6187 112.001 524.131 
0.000615604017256869067 1.30652 0 183892 30.1223 9.12388 7.94134 0 01 0 0 0 0 0 0 0 0 0 0 0 30.8987 92.6187 112.001 524.131 
0.000615604017256869067 1.31836 0 321271 28.7216 9.00476 7.83743 0 01 0 0 0 0 0 0 0 0 0 0 0 37.4063 113.599 322.414 410.891 
0.000615604017256869067 1.32486 0 291911 30.1002 9.12111 7.93893 0 01 0 0 -0 0 0 0 -0 0 0 0 -0 37.4063 113.599 322.414 410.891 
0.000615604017256869067 1.32647 0 41308 32.768 9.50482 8.27321 0 01 0 0 0 0 0 0 0 0 0 0 0 37.4063 113.599 322.414 410.891 
0.000615604017256869067 1.33336 0 334345 33.8645 9.58252 5.86793 0 62.60011 6.67882 -61.7895 7.49772 0 0 0 0 0 0 0 0 37.4063 113.599 322.414 410.891 
0.000615604017256869067 1.34439 0 284133 0 9.91985 6.05478 0 62.96891 -55.7728 26.9579 -11.3023 0 0 0 0 0 0 0 0 37.4063 113.599 322.414 410.891 
0.000615604017256869067 1.3455 0 300179 31.0381 9.27031 8.06898 0 01 0 0 0 0 0 0 0 0 0 0 0 37.4063 113.599 322.414 410.891 
0.000615604017256869067 1.35762 0 331934 28.0534 8.95965 7.79806 0 01 0 0 -0 0 0 0 -0 0 0 0 -0 37.4063 113.599 322.414 410.891 
0.000615604017256869067 1.42053 0 304523 30.9467 9.24203 8.04433 0 01 0 0 0 0 0 0 0 0 0 0 0 38.7521 93.334 174.228 607.843 
0.000615604017256869067 1.44199 0 248774 28.5498 8.97807 7.81414 0 01 0 0 0 0 0 0 0 0 0 0 0 38.7521 93.334 174.228 607.843 
0.000615604017256869067 1.45171 0 287422 36.441 9.80899 5.98917 0 294.6961 -10.4453 -235.349 -177.053 0 0 -0 0 0 0 -0 0 38.7521 93.334 174.228 607.843 
0.000615604017256869067 1.45932 0 342636 33.0787 9.44358 8.21992 0 01 -0 0 0 0 -0 0 0 0 -0 0 0 38.7521 93.334 174.228 607.843 
0.000615604017256869067 1.47023 0 194863 31.5906 9.35569 8.14338 0 01 0 0 0 0 0 0 0 0 0 0 0 23.7847 96.7531 33.3514 105.439 
0.000615604017256869067 1.51644 0 302817 35.1486 9.7524 5.95726 0 228.7841 129.349 -89.1289 166.334 0 0 -0 0 0 0 -0 0 23.7847 96.7531 33.3514 105.439 
0.000615604017256869067 1.57038 0 338496 27.3373 8.87415 7.72344 0 01 0 0 0 0 0 0 0 0 0 0 0 27.9267 89.7841 165.439 359.198 
0.000615604017256869067 1.57352 0 223714 28.3313 8.92801 7.77044 0 01 0 0 0 0 0 0 0 0 0 0 0 27.9267 89.7841 165.439 359.198 
0.000615604017256869067 1.59589 0 276444 32.0268 9.42074 8.20003 0 01 0 0 -0 0 0 0 -0 0 0 0 -0 14.3866 67.6682 0 0 
0.000615604017256869067 1.61111 0 296592 32.7839 9.50454 8.27297 0 01 0 0 0 0 0 0 0 0 0 0 0 14.3866 67.6682 0 0 
0.000615604017256869067 1.68533 0 152125 29.2841 9.10271 7.92289 0 01 0 0 0 0 0 0 0 0 0 0 0 18.4765 79.1187 0 3.77624 
0.000615604017256869067 1.69415 0 362838 32.8024 9.50906 5.83231 0 253.931 246.045 -47.0444 -41.5823 0 0 0 0 0 0 0 0 18.4765 79.1187 0 3.77624 
0.000615604017256869067 1.70597 0 300870 27.9003 8.93796 7.77914 0 01 0 0 0 0 0 0 0 0 0 0 0 18.4765 79.1187 0 3.77624 
0.000615604017256869067 1.71661 0 223552 27.8459 8.92951 7.77175 0 01 0 0 0 0 0 0 0 0 0 0 0 18.4765 79.1187 0 3.77624 
0.000615604017256869067 1.73742 0 365272 28.0702 8.89056 7.73776 0 01 0 0 0 0 0 0 0 0 0 0 0 26.4995 82.7824 0 130.331 
0.000615604017256869067 1.76759 0 207143 27.6503 8.91319 7.75751 0 01 0 0 0 0 0 0 0 0 0 0 0 26.4995 82.7824 0 130.331 
0.000615604017256869067 1.98214 0 382096 35.6012 9.80118 5.98469 0 99.07161 -99.0362 1.77693 -1.96678 0 0 0 0 0 0 0 0 21.2134 73.5056 0 157.312 
0.000615604017256869067 2.0018 0 344896 28.3557 8.93753 7.77876 0 01 -0 0 0 0 -0 0 0 0 -0 0 0 28.5049 67.487 269.88 500.595 
0.000615604017256869067 2.00382 0 357743 30.4199 9.18059 7.99079 0 01 -0 0 0 0 -0 0 0 0 -0 0 0 28.5049 67.487 269.88 500.595 
0.000615604017256869067 2.07 0 350599 32.4505 9.46994 8.24286 0 01 -0 0 0 0 -0 0 0 0 -0 0 0 28.5049 67.487 269.88 500.595 
0.000615604017256869067 2.09854 0 386821 34.0314 9.60925 5.88134 0 180.711 -12.6446 -100.355 -149.75 0 0 -0 0 0 0 -0 0 28.5049 67.487 269.88 500.595 
0.000615604017256869067 2.11293 0 353010 29.0679 9.07416 7.89799 0 01 0 0 0 0 0 0 0 0 0 0 0 15.3403 82.7919 4.18916 229.435 
0.000615604017256869067 2.13498 0 332721 28.6521 8.98979 7.82437 0 01 0 0 0 0 0 0 0 0 0 0 0 15.3403 82.7919 4.18916 229.435 
0.000615604017256869067 2.15465 0 378323 33.1048 9.46087 8.23497 0 01 0 0 -0 0 0 0 -0 0 0 0 -0 15.3403 82.7919 4.18916 229.435 
0.000615604017256869067 2.20255 0 370212 31.8537 9.40052 8.18243 0 01 0 -0 0 0 0 -0 0 0 0 -0 0 15.3403 82.7919 4.18916 229.435 
0.000615604017256869067 2.23484 0 380007 34.8455 9.72298 5.94109 0 127.4791 124.221 17.9671 22.2994 0 0 0 0 0 0 0 0 15.3403 82.7919 4.18916 229.435 
0.000615604017256869067 2.2812 0 239877 28.678 8.99584 7.82965 0 01 0 0 -0 0 0 0 -0 0 0 0 -0 25.7483 67.4949 0 82.7378 
0.000615604017256869067 2.30291 0 316784 35.195 9.75704 5.95983 0 80.8611 80.2916 9.02144 -3.22148 0 0 0 0 0 0 0 0 25.7483 67.4949 0 82.7378 
0.000615604017256869067 2.33083 0 393168 35.7896 9.81868 5.99474 0 76.40931 -1.80681 -73.8003 19.7138 0 0 -0 0 0 0 -0 0 25.7483 67.4949 0 82.7378 
0.000615604017256869067 2.37974 0 377351 34.8394 9.72243 5.94079 0 150.1531 -145.346 -2.1014 -37.6318 0 0 -0 0 0 0 -0 0 25.7483 67.4949 0 82.7378 
0.000615604017256869067 2.38657 0 392518 29.4353 9.11997 7.93794 0 01 0 -0 0 0 0 -0 0 0 0 -0 0 25.7483 67.4949 0 82.7378 
0.000615604017256869067 2.4216 0 387995 29.9841 9.18745 7.99677 0 01 0 -0 0 0 0 -0 0 0 0 -0 0 5.1461 40.3879 0 0 
0.000615604017256869067 2.42476 0 253960 30.5912 9.18407 7.99382 0 01 0 0 0 0 0 0 0 0 0 0 0 5.1461 40.3879 0 0 
0.000615604017256869067 2.66627 0 215195 34.5123 9.6894 5.923 0 79.27341 45.8544 -56.8422 -30.8318 0 0 0 -0 0 0 0 -0 25.5822 59.333 0 214.238 
0.000615604017256869067 2.96038 0 201617 36.6365 9.83993 6.00706 0 55.46011 -44.9379 2.89935 -32.3728 0 0 0 -0 0 0 0 -0 25.5822 59.333 0 214.238 
0.000615604017256869067 3.27603 1 0 35.1696 10.2037 6.24154 0 0 1 -60.8462 -22.9946 -17.0432 1 -61.4335 12.439 5.40006 0 0 0 0 6.30656 26.6591 0 2.53981 
0.000615604017256869067 3.88121 0 387605 29.0408 9.07063 7.89491 0 01 0 0 0 0 0 0 0 0 0 0 0 6.30656 26.6591 0 2.53981 
0.000751322768741554152 0.183546 0 5708 23.4869 8.29889 7.469 0 01 0 0 0 0 0 0 0 0 0 0 0 31.2301 75.4563 1236.33 2242.82 
0.000751322768741554152 0.190745 0 31525 22.9882 8.24186 7.41767 0 01 0 0 0 0 0 0 0 0 0 0 0 44.5221 105.155 1063.75 2698.66 
0.000751322768741554152 0.194082 0 187038 27.069 8.83207 7.6867 0 01 0 0 0 0 0 0 0 0 0 0 0 44.5221 105.155 1063.75 2698.66 
0.000751322768741554152 0.198335 0 332349 25.6333 8.69095 7.56345 0 01 0 0 0 0 0 0 0 0 0 0 0 44.5221 105.155 1063.75 2698.66 
0.000751322768741554152 0.259378 0 257243 27.2074 8.86192 7.71274 0 01 0 0 0 0 0 0 0 0 0 0 0 52.5413 124.922 1447.82 3124.4 
0.000751322768741554152 0.262127 0 279961 26.3148 8.71149 7.58139 0 01 0 0 0 0 0 0 0 0 0 0 0 52.5413 124.922 1447.82 3124.4 
0.000751322768741554152 0.27368 0 77879 24.5368 8.5323 7.42483 0 01 0 -0 0 0 0 -0 0 0 0 -0 0 52.5413 124.922 1447.82 3124.4 
0.000751322768741554152 0.280765 0 260365 25.838 8.71341 7.58307 0 01 0 0 0 0 0 0 0 0 0 0 0 56.3256 124.238 952.933 2172.19 
0.000751322768741554152 0.293546 0 73656 24.4481 8.56434 7.45282 0 01 0 0 0 0 0 0 0 0 0 0 0 56.3256 124.238 952.933 2172.19 
0.000751322768741554152 0.305241 0 145174 26.2275 8.75574 7.62005 0 01 0 -0 0 0 0 -0 0 0 0 -0 0 56.3256 124.238 952.933 2172.19 
0.000751322768741554152 0.305356 0 8327 26.2079 8.75278 7.61747 0 01 -0 0 0 0 -0 0 0 0 -0 0 0 56.3256 124.238 952.933 2172.19 
0.000751322768741554152 0.317356 0 39421 25.673 8.69146 7.56389 0 01 0 0 -0 0 0 0 -0 0 0 0 -0 56.7968 139.852 560.563 1924.14 
0.000751322768741554152 0.339262 0 49516 26.5959 8.75561 7.61994 0 01 0 0 0 0 0 0 0 0 0 0 0 55.9533 141.142 848.823 1660.77 
0.000751322768741554152 0.34461 0 75139 25.8884 8.71619 7.5855 0 01 0 0 0 0 0 0 0 0 0 0 0 55.9533 141.142 848.823 1660.77 
0.000751322768741554152 0.356943 0 109592 23.684 8.43079 7.58771 0 01 0 0 0 0 0 0 0 0 0 0 0 55.9533 141.142 848.823 1660.77 
0.000751322768741554152 0.357763 0 190351 23.2074 8.33487 7.50139 0 01 0 0 0 0 0 0 0 0 0 0 0 55.9533 141.142 848.823 1660.77 
0.000751322768741554152 0.379867 0 89672 26.1819 8.74634 7.61184 0 01 -0 0 0 0 -0 0 0 0 -0 0 0 59.8286 139.644 969.277 2150 
0.000751322768741554152 0.392882 0 295684 26.5173 8.74159 7.60769 0 01 0 0 0 0 0 0 0 0 0 0 0 61.7483 146.912 859.664 2961.55 
0.000751322768741554152 0.395904 0 77061 23.5 8.30687 7.47619 0 01 0 -0 0 0 0 -0 0 0 0 -0 0 61.7483 146.912 859.664 2961.55 
0.000751322768741554152 0.400505 0 125335 26.327 8.7125 7.58227 0 01 0 0 0 0 0 0 0 0 0 0 0 61.7483 146.912 859.664 2961.55 
0.000751322768741554152 0.423747 0 78975 22.9598 8.22979 7.40681 0 01 0 0 0 0 0 0 0 0 0 0 0 57.7952 143.379 628.864 1586.3 
0.000751322768741554152 0.448721 0 81629 24.9271 8.58582 7.47159 0 01 0 0 0 0 0 0 0 0 0 0 0 63.6457 145.895 954.483 2299.17 
0.000751322768741554152 0.493169 0 83813 23.7236 8.448 7.6032 0 01 0 0 -0 0 0 0 -0 0 0 0 -0 55.1664 146.593 159.118 1124.2 
0.000751322768741554152 0.502876 0 186121 24.8636 8.57661 7.46354 0 01 0 0 0 0 0 0 0 0 0 0 0 55.1664 146.593 159.118 1124.2 
0.000751322768741554152 0.504509 0 251151 23.4299 8.26385 7.43746 0 01 0 0 0 0 0 0 0 0 0 0 0 55.1664 146.593 159.118 1124.2 
0.000751322768741554152 0.5126 0 284557 23.6294 8.3841 7.54569 0 01 0 0 0 0 0 0 0 0 0 0 0 58.2864 144.756 345.526 1081.9 
0.000751322768741554152 0.52105 0 350281 25.2405 8.63401 7.5137 0 01 0 0 0 0 0 0 0 0 0 0 0 58.2864 144.756 345.526 1081.9 
0.000751322768741554152 0.524258 0 210569 26.0411 8.732 7.59931 0 01 0 -0 0 0 0 -0 0 0 0 -0 0 58.2864 144.756 345.526 1081.9 
0.000751322768741554152 0.530968 0 126498 25.4469 8.67063 7.54569 0 01 0 0 -0 0 0 0 -0 0 0 0 -0 58.2864 144.756 345.526 1081.9 
0.000751322768741554152 0.537483 0 383924 24.5021 8.57004 7.4578 0 01 0 0 0 0 0 0 0 0 0 0 0 51.6053 144.374 941.034 1654.77 
0.000751322768741554152 0.538516 0 96095 23.6268 8.38254 7.54429 0 01 0 0 -0 0 0 0 -0 0 0 0 -0 51.6053 144.374 941.034 1654.77 
0.000751322768741554152 0.539152 0 131361 26.4753 8.73391 7.60099 0 01 -0 0 0 0 -0 0 0 0 -0 0 0 51.6053 144.374 941.034 1654.77 
0.000751322768741554152 0.551622 0 9348 26.0415 8.73188 7.59921 0 01 0 0 0 0 0 0 0 0 0 0 0 51.6053 144.374 941.034 1654.77 
0.000751322768741554152 0.559074 0 63470 24.6264 8.5402 7.43173 0 01 0 0 0 0 0 0 0 0 0 0 0 63.3886 142.677 724.817 1831.47 
0.000751322768741554152 0.561876 0 226925 24.6372 8.546 7.43679 0 01 0 0 0 0 0 0 0 0 0 0 0 63.3886 142.677 724.817 1831.47 
0.000751322768741554152 0.56792 0 218580 24.8244 8.56756 7.45564 0 01 0 0 0 0 0 0 0 0 0 0 0 63.3886 142.677 724.817 1831.47 
0.000751322768741554152 0.580068 0 291484 24.5372 8.53248 7.42499 0 01 -0 0 0 0 -0 0 0 0 -0 0 0 52.3859 144.664 135.829 727.685 
0.000751322768741554152 0.590312 0 141353 27.2499 8.86578 7.71612 0 01 -0 0 0 0 -0 0 0 0 -0 0 0 52.3859 144.664 135.829 727.685 
0.000751322768741554152 0.602754 0 131510 26.0311 8.7339 7.60097 0 01 0 0 0 0 0 0 0 0 0 0 0 40.3382 122.763 193.485 636.548 
0.000751322768741554152 0.606372 0 87460 24.6284 8.54082 7.43227 0 01 0 0 0 0 0 0 0 0 0 0 0 40.3382 122.763 193.485 636.548 
0.000751322768741554152 0.610787 0 64738 25.6395 8.69032 7.5629 0 01 0 0 -0 0 0 0 -0 0 0 0 -0 40.3382 122.763 193.485 636.548 
0.000751322768741554152 0.624565 0 149828 25.8174 8.70904 7.57925 0 01 0 -0 0 0 0 -0 0 0 0 -0 0 44.3211 128.107 199.214 1423.29 
0.000751322768741554152 0.640694 0 81542 27.2419 8.86504 7.71548 0 01 0 0 0 0 0 0 0 0 0 0 0 44.3211 128.107 199.214 1423.29 
0.000751322768741554152 0.666231 0 165677 24.2251 8.54887 7.43931 0 01 0 0 0 0 0 0 0 0 0 0 0 57.843 133.413 1115.77 1612.74 
0.000751322768741554152 0.673914 0 60209 25.824 8.70675 7.57725 0 01 0 0 0 0 0 0 0 0 0 0 0 54.4918 131.528 259.771 962.433 
0.000751322768741554152 0.677578 0 181037 27.2189 8.86294 7.71364 0 01 0 0 0 0 0 0 0 0 0 0 0 54.4918 131.528 259.771 962.433 
0.000751322768741554152 0.687614 0 165019 24.9833 8.59264 7.47755 0 01 0 0 0 0 0 0 0 0 0 0 0 54.4918 131.528 259.771 962.433 
0.000751322768741554152 0.694461 0 158284 26.0693 8.73512 7.60204 0 01 0 0 0 0 0 0 0 0 0 0 0 62.1174 150.314 307.752 914.139 
0.000751322768741554152 0.699351 0 163317 24.8582 8.5733 7.46065 0 01 0 -0 0 0 0 -0 0 0 0 -0 0 62.1174 150.314 307.752 914.139 
0.000751322768741554152 0.708041 0 144498 24.3374 8.55493 7.4446 0 01 0 0 0 0 0 0 0 0 0 0 0 62.1174 150.314 307.752 914.139 
0.000751322768741554152 0.716998 0 327371 23.59 8.36044 7.5244 0 01 0 0 0 0 0 0 0 0 0 0 0 62.1174 150.314 307.752 914.139 
0.000751322768741554152 0.742894 1 419843 23.9502 8.61586 7.49784 0 0 2 0.715501 -21.9861 -10.0253 0 0 0 -0 0 0 0 -0 57.3403 156.045 28.2168 727.726 
0.000751322768741554152 0.76225 0 170681 26.196 8.74901 7.61418 0 01 0 0 0 0 0 0 0 0 0 0 0 57.3403 156.045 28.2168 727.726 
0.000751322768741554152 0.786995 0 264646 24.3668 8.55672 7.44617 0 01 0 0 0 0 0 0 0 0 0 0 0 55.289 137.066 22.9283 755.536 
0.000751322768741554152 0.808443 0 112460 25.4119 8.65253 7.52988 0 01 0 0 0 0 0 0 0 0 0 0 0 47.5028 142.48 461.699 756.347 
0.000751322768741554152 0.840269 0 190546 25.1519 8.61711 7.49893 0 01 0 0 0 0 0 0 0 0 0 0 0 57.3686 137.934 282.817 981.097 
0.000751322768741554152 0.844775 0 105386 25.5418 8.67679 7.55107 0 01 -0 0 0 0 -0 0 0 0 -0 0 0 45.4794 113.428 58.1008 933.317 
0.000751322768741554152 0.870629 0 342776 24.1853 8.53151 7.42414 0 01 0 0 0 0 0 0 0 0 0 0 0 45.4794 113.428 58.1008 933.317 
0.000751322768741554152 0.894457 0 353771 24.5135 8.53154 7.42416 0 01 0 0 0 0 0 0 0 0 0 0 0 46.1134 121.378 111.097 593.595 
0.000751322768741554152 0.907743 0 185177 24.903 8.58443 7.47038 0 01 0 -0 0 0 0 -0 0 0 0 -0 0 39.3168 109.992 120.046 238.05 
0.000751322768741554152 0.909473 0 232722 24.1491 8.53541 7.42754 0 01 0 0 -0 0 0 0 -0 0 0 0 -0 39.3168 109.992 120.046 238.05 
0.000751322768741554152 0.917087 0 229597 23.781 8.4847 7.63623 0 01 -0 0 0 0 -0 0 0 0 -0 0 0 39.3168 109.992 120.046 238.05 
0.000751322768741554152 0.924156 0 347707 23.91 8.50051 7.39704 0 01 0 0 0 0 0 0 0 0 0 0 0 39.3168 109.992 120.046 238.05 
0.000751322768741554152 0.932703 0 323371 25.0855 8.60818 7.49113 0 01 0 0 0 0 0 0 0 0 0 0 0 54.6837 135.97 270.172 1104.38 
0.000751322768741554152 0.937646 0 243230 26.6712 8.76925 7.63185 0 01 0 0 0 0 0 0 0 0 0 0 0 54.6837 135.97 270.172 1104.38 
0.000751322768741554152 0.938402 0 345478 24.9648 8.59396 7.47871 0 01 0 0 0 0 0 0 0 0 0 0 0 54.6837 135.97 270.172 1104.38 
0.000751322768741554152 0.940502 0 187804 24.3237 8.55379 7.4436 0 01 0 0 0 0 0 0 0 0 0 0 0 54.6837 135.97 270.172 1104.38 
0.000751322768741554152 0.946425 0 232834 26.0945 8.74036 7.60662 0 01 -0 0 0 0 -0 0 0 0 -0 0 0 54.6837 135.97 270.172 1104.38 
0.000751322768741554152 0.972796 0 195209 26.2463 8.69988 7.57125 0 01 0 0 -0 0 0 0 -0 0 0 0 -0 51.6665 136.402 196.441 651.343 
0.000751322768741554152 0.980079 0 219251 24.7221 8.55387 7.44368 0 01 0 -0 0 0 0 -0 0 0 0 -0 0 51.6665 136.402 196.441 651.343 
0.000751322768741554152 1.01309 0 171637 26.0749 8.7382 7.60473 0 01 0 0 0 0 0 0 0 0 0 0 0 40.286 91.634 192.495 578.332 
0.000751322768741554152 1.03229 0 199257 23.1499 8.3105 7.47945 0 01 0 0 0 0 0 0 0 0 0 0 0 37.3916 118.488 488.164 578.164 
0.000751322768741554152 1.04638 0 18681 26.3216 8.70746 7.57787 0 01 0 0 0 0 0 0 0 0 0 0 0 37.3916 118.488 488.164 578.164 
0.000751322768741554152 1.05963 0 215725 23.8596 8.4953 7.3925 0 01 0 -0 0 0 0 -0 0 0 0 -0 0 53.7238 117.049 81.0319 320.89 
0.000751322768741554152 1.07006 0 140637 24.8446 8.5722 7.45969 0 01 0 0 0 0 0 0 0 0 0 0 0 53.7238 117.049 81.0319 320.89 
0.000751322768741554152 1.0847 0 226518 25.803 8.70517 7.57587 0 01 0 0 0 0 0 0 0 0 0 0 0 53.7238 117.049 81.0319 320.89 
0.000751322768741554152 1.10101 0 118226 24.3179 8.54532 7.4362 0 01 0 0 -0 0 0 0 -0 0 0 0 -0 50.9679 130.686 173.694 435.793 
0.000751322768741554152 1.1077 0 279622 0 8.69888 7.57038 0 01 0 0 0 0 0 0 0 0 0 0 0 50.9679 130.686 173.694 435.793 
0.000751322768741554152 1.11153 0 317111 23.1091 8.29317 7.46386 0 01 0 0 0 0 0 0 0 0 0 0 0 50.9679 130.686 173.694 435.793 
0.000751322768741554152 1.12736 0 298399 25.1847 8.62179 7.50302 0 01 0 0 0 0 0 0 0 0 0 0 0 38.8159 105.2 53.1971 370.293 
0.000751322768741554152 1.15012 0 166175 25.6275 8.68716 7.56014 0 01 -0 0 0 0 -0 0 0 0 -0 0 0 38.8159 105.2 53.1971 370.293 
0.000751322768741554152 1.15368 0 197303 24.8468 8.57159 7.45916 0 01 0 -0 0 0 0 -0 0 0 0 -0 0 38.8159 105.2 53.1971 370.293 
0.000751322768741554152 1.16187 0 242090 26.7187 8.77769 7.63923 0 01 0 0 0 0 0 0 0 0 0 0 0 38.8159 105.2 53.1971 370.293 
0.000751322768741554152 1.18168 0 270726 24.975 8.59083 7.47597 0 01 0 0 0 0 0 0 0 0 0 0 0 30.6465 88.6066 252.429 765.563 
0.000751322768741554152 1.21075 0 262693 24.9211 8.5857 7.47148 0 01 -0 0 0 0 -0 0 0 0 -0 0 0 48.8524 138.033 130.692 394.742 
0.000751322768741554152 1.21081 0 74516 23.4024 8.247 7.4223 0 01 0 0 0 0 0 0 0 0 0 0 0 48.8524 138.033 130.692 394.742 
0.000751322768741554152 1.21161 0 212127 23.5537 8.33889 7.505 0 01 0 -0 0 0 0 -0 0 0 0 -0 0 48.8524 138.033 130.692 394.742 
0.000751322768741554152 1.22216 0 273440 24.4999 8.56955 7.45737 0 01 0 0 -0 0 0 0 -0 0 0 0 -0 48.8524 138.033 130.692 394.742 
0.000751322768741554152 1.26298 0 300953 24.441 8.56515 7.45353 0 01 0 0 0 0 0 0 0 0 0 0 0 42.9689 89.7916 116.38 503.868 
0.000751322768741554152 1.315 0 241647 27.1487 8.85703 7.70849 0 01 0 0 0 0 0 0 0 0 0 0 0 37.9872 108.734 300.922 744.569 
0.000751322768741554152 1.32133 0 340718 27.2398 8.86485 7.7153 0 01 0 0 0 0 0 0 0 0 0 0 0 37.9872 108.734 300.922 744.569 
0.000751322768741554152 1.39621 0 305193 26.4866 8.73829 7.60481 0 01 0 -0 0 0 0 -0 0 0 0 -0 0 36.476 91.2022 21.6861 304.449 
0.000751322768741554152 1.42022 0 305362 25.5252 8.67887 7.55289 0 01 0 0 0 0 0 0 0 0 0 0 0 36.476 91.2022 21.6861 304.449 
0.000751322768741554152 1.42193 0 335749 26.272 8.70053 7.57182 0 01 0 0 0 0 0 0 0 0 0 0 0 36.476 91.2022 21.6861 304.449 
0.000751322768741554152 1.43065 0 292351 25.3548 8.64843 7.52629 0 01 0 0 0 0 0 0 0 0 0 0 0 30.7203 80.1986 158.908 391.952 
0.000751322768741554152 1.45732 0 330072 26.8562 8.79976 7.65849 0 01 0 0 0 0 0 0 0 0 0 0 0 30.7203 80.1986 158.908 391.952 
0.000751322768741554152 1.45959 0 315518 25.3638 8.64862 7.52646 0 01 0 0 0 0 0 0 0 0 0 0 0 30.7203 80.1986 158.908 391.952 
0.000751322768741554152 1.46531 0 272148 23.8146 8.48604 7.38439 0 01 0 0 0 0 0 0 0 0 0 0 0 30.7203 80.1986 158.908 391.952 
0.000751322768741554152 1.47934 0 325539 26.0189 8.73029 7.59781 0 01 0 0 -0 0 0 0 -0 0 0 0 -0 30.7203 80.1986 158.908 391.952 
0.000751322768741554152 1.50017 0 224434 25.1471 8.61827 7.49994 0 01 -0 0 0 0 -0 0 0 0 -0 0 0 31.8061 84.6361 36.6041 109.537 
0.000751322768741554152 1.52643 0 292326 27.1149 8.84253 7.69584 0 01 0 0 0 0 0 0 0 0 0 0 0 31.8061 84.6361 36.6041 109.537 
0.000751322768741554152 1.55239 0 312777 25.2581 8.62527 7.50606 0 01 0 0 0 0 0 0 0 0 0 0 0 20.3235 70.5585 35.3092 87.4844 
0.000751322768741554152 1.63327 1 418711 28.3011 9.00794 7.84021 0 0 2 16.1381 -8.62651 -18.5429 0 0 0 0 0 0 0 0 19.5751 86.3884 41.3051 193.353 
0.000751322768741554152 1.76253 0 215333 26.9624 8.81517 7.67195 0 01 0 -0 0 0 0 -0 0 0 0 -0 0 32.0057 92.6961 0 5.64672 
0.000751322768741554152 1.87283 0 363707 0 9.63128 5.89258 0 76.51961 53.8896 -32.9755 43.1715 0 0 0 0 0 0 0 0 26.2014 78.418 0 35.6359 
0.000751322768741554152 1.89314 0 77143 25.7174 8.69891 7.5704 0 01 0 0 0 0 0 0 0 0 0 0 0 26.2014 78.418 0 35.6359 
0.000751322768741554152 1.91059 0 361214 24.1206 8.5333 7.4257 0 01 0 0 0 0 0 0 0 0 0 0 0 26.2014 78.418 0 35.6359 
0.000751322768741554152 1.97332 0 352578 27.1776 8.85934 7.7105 0 01 0 -0 0 0 0 -0 0 0 0 -0 0 19.69 57.3388 29.222 33.7314 
0.000751322768741554152 1.9925 0 362626 23.6173 8.3768 7.53912 0 01 0 -0 0 0 0 -0 0 0 0 -0 0 19.69 57.3388 29.222 33.7314 
0.000751322768741554152 2.04111 0 223851 25.3818 8.65213 7.52953 0 01 0 0 0 0 0 0 0 0 0 0 0 12.4551 49.8633 11.9432 19.7372 
0.000751322768741554152 2.07599 0 350954 25.455 8.66827 7.54363 0 01 0 0 0 0 0 0 0 0 0 0 0 12.4551 49.8633 11.9432 19.7372 
0.000751322768741554152 2.10336 0 369436 25.9777 8.72528 7.59344 0 01 -0 0 0 0 -0 0 0 0 -0 0 0 12.4551 49.8633 11.9432 19.7372 
0.000751322768741554152 2.16061 0 371033 23.9911 8.5096 7.40499 0 01 0 0 0 0 0 0 0 0 0 0 0 19.8214 50.5799 3.79539 59.8612 
0.000751322768741554152 2.188 0 373425 25.4531 8.66865 7.54396 0 01 0 0 0 0 0 0 0 0 0 0 0 19.8214 50.5799 3.79539 59.8612 
0.000751322768741554152 2.27342 0 350672 24.4671 8.56771 7.45577 0 01 0 0 0 0 0 0 0 0 0 0 0 19.8214 50.5799 3.79539 59.8612 
0.000751322768741554152 2.35983 0 304714 26.9905 8.81933 7.67558 0 01 0 0 0 0 0 0 0 0 0 0 0 33.4311 83.2481 0 116.098 
0.000751322768741554152 2.39779 0 250839 27.0503 8.8284 7.6835 0 01 0 0 0 0 0 0 0 0 0 0 0 33.4311 83.2481 0 116.098 
0.000751322768741554152 2.42701 0 344291 24.714 8.55799 7.44727 0 01 0 0 -0 0 0 0 -0 0 0 0 -0 33.4311 83.2481 0 116.098 
0.000751322768741554152 2.72233 0 327342 24.5396 8.53279 7.42525 0 01 0 -0 0 0 0 -0 0 0 0 -0 0 17.1126 47.5345 16.0924 122.352 
0.000852775247581952288 0.953341 1 419786 19.9096 9.29082 8.08686 0 0 2 -0.109706 -0.255947 0.097398 0 0 -0 0 0 0 -0 0 27.8884 94.0366 9.66034 221.1 
0.0010815824343530431 1.77566 0 403415 0 9.39598 8.17847 0 01 0 0 0 0 0 0 0 0 0 0 0 38.7795 112.785 56.7821 422.942 
0.00157587624676620549 0.951237 0 418753 0.185855 8.96351 7.80143 0 01 0 0 0 0 0 0 0 0 0 0 0 111.55 276.698 447.212 1281.21 
0.00157587624676620549 1.14378 0 412116 0 8.80782 7.66554 0 01 0 -0 0 0 0 -0 0 0 0 -0 0 106.726 278.532 447.215 959.552 
