#1:time #2:r #3.binary? #4:ID #5:zams_m #6:m_progenitor #7:bh mass #8:bh_spin #9:birth-kick(km/s) #10-25:vsarray
0.000321574015523478534 0.262918 0 62090 146.507 16.6641 14.8688 0 01 0 0 0 0 0 0 0 0 0 0 0 9.95687 23.9085 155.872 934.117 
0.000321574015523478534 0.328279 0 100504 136.028 16.7089 14.9117 0 01 0 0 0 0 0 0 0 0 0 0 0 10.9541 30.6188 667.955 1536.75 
0.000321574015523478534 0.3981 0 375794 145.132 16.661 14.8658 0 01 0 0 0 0 0 0 0 0 0 0 0 13.4729 30.1356 413.52 972.165 
0.000321574015523478534 0.470523 0 61743 148.621 16.6885 14.8922 0 01 0 -0 0 0 0 -0 0 0 0 -0 0 10.1958 20.8384 275.545 803.631 
0.000321574015523478534 0.506595 0 73525 137.077 16.6974 14.9007 0 01 0 0 0 0 0 0 0 0 0 0 0 14.6391 29.3553 168.416 257.09 
0.000321574015523478534 0.588433 1 48795 0 16.6885 14.8921 0 0 1 0.0088895 -0.00602586 -0.00646586 0 0 -0 0 0 0 -0 0 5.37609 29.1414 204.151 277.097 
0.000321574015523478534 0.836845 0 307797 137.619 16.6773 14.8815 0 01 0 0 0 0 0 0 0 0 0 0 0 12.4801 34.1554 154.989 320.442 
0.000321574015523478534 0.903636 0 220595 136.133 16.7227 14.9248 0 01 0 0 -0 0 0 0 -0 0 0 0 -0 10.6994 27.6109 790.987 987.999 
0.000321574015523478534 0.96337 0 246404 144.084 16.7586 14.9591 0 01 0 -0 0 0 0 -0 0 0 0 -0 0 7.55895 17.9884 432.029 464.595 
0.000321574015523478534 1.23992 0 302244 143.97 16.6503 14.8556 0 01 -0 0 0 0 -0 0 0 0 -0 0 0 3.70925 22.2597 0 38.7338 
0.000321574015523478534 1.31805 0 264858 136.438 16.6897 14.8933 0 01 0 0 0 0 0 0 0 0 0 0 0 6.59936 26.5257 0 46.3741 
0.000321574015523478534 3.01494 0 396505 141.989 16.6764 14.8805 0 01 0 0 0 0 0 0 0 0 0 0 0 3.17458 9.26984 0 23.5083 
0.000336263778353203886 0.167327 1 40380 0 16.708 14.9108 0 0 2 -0.00174599 0.000752376 0.00825439 0 0 0 0 0 0 0 0 7.03627 16.3614 797.524 2626.37 
0.000336263778353203886 0.281463 0 174558 126.594 16.6142 14.8211 0 01 0 0 0 0 0 0 0 0 0 0 0 14.8087 32.5235 64.263 861.275 
0.000336263778353203886 0.294769 1 34504 0 16.7585 14.9591 0 0 1 0.00568147 -0.00933742 0.0101106 0 0 0 0 0 0 0 0 15.5386 34.1505 552.19 2044.49 
0.000336263778353203886 0.351634 0 64926 104.991 15.7176 13.9672 0 01 -0 0 0 0 -0 0 0 0 -0 0 0 10.9212 27.8389 620.799 876.734 
0.000336263778353203886 0.366531 0 92882 107.222 15.8519 14.0947 0 01 0 0 0 0 0 0 0 0 0 0 0 11.2677 32.9734 379.286 911.3 
0.000336263778353203886 0.389674 0 48757 103.84 15.751 13.9989 0 01 0 0 -0 0 0 0 -0 0 0 0 -0 12.7539 36.3658 322.075 682.739 
0.000336263778353203886 0.40419 0 34242 102.31 15.4863 13.7479 0 01 0 0 0 0 0 0 0 0 0 0 0 12.7539 36.3658 322.075 682.739 
0.000336263778353203886 0.432703 0 175727 113.949 16.4473 14.6617 0 01 0 0 0 0 0 0 0 0 0 0 0 11.3889 37.9565 315.658 433.016 
0.000336263778353203886 0.528923 1 1230 0 16.6905 14.894 0 0 1 0.00130681 -0.00996601 -0.0154616 0 0 0 0 0 0 0 0 12.2383 32.3819 133.19 369.425 
0.000336263778353203886 0.544835 0 149723 103.931 15.7696 14.0165 0 01 0 0 0 0 0 0 0 0 0 0 0 19.4164 46.4161 608.359 2020.31 
0.000336263778353203886 0.593696 0 10657 0.113995 15.3434 13.6127 0 01 0 -0 0 0 0 -0 0 0 0 -0 0 13.6787 32.7092 1252.86 2011.62 
0.000336263778353203886 0.620659 0 226076 111.459 16.3017 14.5228 0 01 0 0 0 0 0 0 0 0 0 0 0 14.1793 30.2929 584.805 961.326 
0.000336263778353203886 0.723891 0 281701 112.129 16.4157 14.6315 0 01 0 0 0 0 0 0 0 0 0 0 0 8.83465 23.4974 0 263.786 
0.000336263778353203886 0.787305 0 265082 106.957 16.0535 14.2863 0 01 0 0 0 0 0 0 0 0 0 0 0 10.9745 26.63 250.212 681.359 
0.000336263778353203886 0.842718 0 115717 128.405 16.7605 14.961 0 01 0 0 -0 0 0 0 -0 0 0 0 -0 12.5846 30.9721 91.4226 460.938 
0.000336263778353203886 0.886087 0 119279 118.641 16.7573 14.9579 0 01 0 0 0 0 0 0 0 0 0 0 0 7.15959 21.3517 0 435.912 
0.000336263778353203886 1.03581 0 253790 109.514 16.2379 14.4619 0 01 0 0 0 0 0 0 0 0 0 0 0 6.27257 19.8356 0 273.11 
0.000336263778353203886 1.03976 0 268677 111.171 16.2553 14.4785 0 01 0 -0 0 0 0 -0 0 0 0 -0 0 6.27257 19.8356 0 273.11 
0.000336263778353203886 1.04552 0 111187 103.99 15.7812 14.0276 0 01 -0 0 0 0 -0 0 0 0 -0 0 0 6.27257 19.8356 0 273.11 
0.000336263778353203886 1.25606 1 277113 0 16.5905 14.7984 0 0 1 -0.00104943 -0.00125848 0.00253399 0 0 0 0 0 0 0 0 4.98135 16.1486 33.5781 33.5781 
0.000336263778353203886 1.27723 0 188351 108.592 16.0799 14.3115 0 01 -0 0 0 0 -0 0 0 0 -0 0 0 6.38727 19.2168 173.981 173.981 
0.000336263778353203886 1.3403 0 344445 128.127 16.6988 14.902 0 01 0 -0 0 0 0 -0 0 0 0 -0 0 10.6069 23.8605 12.5644 200.838 
0.000336263778353203886 1.73152 0 321417 134.348 16.7792 14.9789 0 01 0 0 0 0 0 0 0 0 0 0 0 7.04164 19.4392 57.7591 159.628 
0.000336263778353203886 1.8163 0 332286 106.732 16.0155 14.2503 0 01 0 0 0 0 0 0 0 0 0 0 0 3.7263 11.2335 0 0 
0.000336263778353203886 2.32346 0 362931 125.318 16.695 14.8984 0 01 0 0 0 0 0 0 0 0 0 0 0 2.47695 4.87368 0 0 
0.000361834591877222911 0.13838 0 9424 0 15.2603 13.5341 0 01 -0 0 0 0 -0 0 0 0 -0 0 0 11.0716 27.2645 1353.37 2720.62 
0.000361834591877222911 0.255484 0 24087 87.1549 14.3487 12.2338 0 25.81291 19.1951 -2.35348 -17.0973 0 0 -0 0 0 0 -0 0 18.6882 43.3776 1212.19 2271.49 
0.000361834591877222911 0.282211 0 9114 75.9226 13.2054 9.95951 0 77.66971 24.2529 33.6998 65.6407 0 0 0 0 0 0 0 0 18.1404 44.427 790.916 1538.88 
0.000361834591877222911 0.304131 1 0 0 13.3146 10.1561 0 0 1 -67.1567 0.700636 -15.8635 1 -67.9688 5.37477 -12.1912 0 0 0 0 15.3341 42.6437 303.394 1634.54 
0.000361834591877222911 0.315481 0 51333 97.6188 15.0793 13.3632 0 01 0 -0 0 0 0 -0 0 0 0 -0 0 15.3341 42.6437 303.394 1634.54 
0.000361834591877222911 0.371373 0 345065 90.159 14.5163 12.6075 0 13.88281 -11.5436 0.87111 -7.66283 0 -0 0 0 0 -0 0 0 21.2853 50.3967 570.492 1406.48 
0.000361834591877222911 0.398394 0 334111 0.245639 13.8816 11.2466 0 30.15341 -30.1443 -0.719395 -0.175956 0 0 -0 0 0 0 -0 0 20.9611 47.0494 270.933 1062.14 
0.000361834591877222911 0.409284 0 122627 80.8837 13.6011 10.6923 0 23.98391 -23.9234 -1.46019 -0.874819 0 -0 0 0 0 -0 0 0 20.9611 47.0494 270.933 1062.14 
0.000361834591877222911 0.419357 0 59411 80.6805 13.5579 10.6095 0 105.1031 68.6264 -78.7847 -11.404 0 0 0 0 0 0 0 0 18.287 44.6904 442.637 1029.58 
0.000361834591877222911 0.430168 0 161709 79.0924 13.5461 10.587 0 63.79511 -58.862 -14.4745 19.8889 0 -0 0 0 0 -0 0 0 18.287 44.6904 442.637 1029.58 
0.000361834591877222911 0.445378 0 78203 85.2054 14.1292 11.7598 0 38.0341 -36.864 -2.10543 -9.12141 0 0 -0 0 0 0 -0 0 15.6218 42.9785 363.136 701.908 
0.000361834591877222911 0.46165 0 306326 96.9957 15.1798 13.4581 0 01 0 0 0 0 0 0 0 0 0 0 0 19.7583 50.2946 233.282 1477.79 
0.000361834591877222911 0.486032 0 301990 89.0787 14.3648 12.2691 0 30.57561 9.85555 -25.3814 13.9111 0 0 0 0 0 0 0 0 22.1156 51.6472 143.531 857.212 
0.000361834591877222911 0.500178 0 147898 86.2269 14.16 11.8252 0 29.91351 -14.7138 -6.93088 25.1055 0 0 0 0 0 0 0 0 22.1156 51.6472 143.531 857.212 
0.000361834591877222911 0.520246 0 366895 78.4317 13.4004 10.3135 0 44.26561 29.5793 21.3966 -25.0337 0 0 0 0 0 0 0 0 19.0185 55.5061 413.534 769.857 
0.000361834591877222911 0.578346 0 115918 78.7712 13.484 10.4696 0 65.47331 -59.2916 27.4852 3.9791 0 0 0 0 0 0 0 0 20.7786 49.1889 742.287 2519.57 
0.000361834591877222911 0.60464 0 269660 94.1229 14.8736 13.1693 0 01 0 -0 0 0 0 -0 0 0 0 -0 0 31.0959 67.6482 48.5065 1664.01 
0.000361834591877222911 0.607827 1 150155 0 14.6208 12.846 0 0 2 -4.92057 4.12849 1.35267 0 0 0 0 0 0 0 0 31.0959 67.6482 48.5065 1664.01 
0.000361834591877222911 0.610975 0 168168 93.8479 14.8252 13.1236 0 01 0 0 0 0 0 0 0 0 0 0 0 31.0959 67.6482 48.5065 1664.01 
0.000361834591877222911 0.620867 0 395360 79.5825 13.4815 10.4648 0 31.71831 22.2214 10.1598 -20.2248 0 0 0 -0 0 0 0 -0 14.3232 39.8678 78.9773 511.408 
0.000361834591877222911 0.681143 0 167048 92.1791 14.7045 13.0101 0 01 -0 0 0 0 -0 0 0 0 -0 0 0 17.303 47.6761 194.535 425.131 
0.000361834591877222911 0.700293 0 61874 92.5073 14.7698 13.0715 0 01 0 -0 0 0 0 -0 0 0 0 -0 0 17.303 47.6761 194.535 425.131 
0.000361834591877222911 0.717611 0 241128 90.5167 14.5806 12.7537 0 8.469331 -3.24428 5.10183 -5.9309 0 -0 0 0 0 -0 0 0 18.5846 48.655 284.139 1203.79 
0.000361834591877222911 0.748238 0 213487 96.2306 15.0389 13.3251 0 01 0 0 0 0 0 0 0 0 0 0 0 19.2127 40.6126 8.86808 140.176 
0.000361834591877222911 0.75684 0 206747 96.1646 15.0267 13.3136 0 01 0 0 0 0 0 0 0 0 0 0 0 16.0362 45.0336 408.844 687.511 
0.000361834591877222911 0.777169 0 276984 84.596 14.0111 11.5122 0 17.32381 -16.5349 -3.76017 3.54562 0 -0 0 0 0 -0 0 0 14.9863 41.8242 198.792 263.319 
0.000361834591877222911 0.781328 0 283475 79.1005 13.5476 10.5899 0 54.29861 28.8621 40.3982 21.9839 0 0 0 0 0 0 0 0 14.9863 41.8242 198.792 263.319 
0.000361834591877222911 0.793225 0 248388 83.4287 13.9638 11.4143 0 15.14351 -12.4587 -2.54463 8.22394 0 -0 0 0 0 -0 0 0 14.9863 41.8242 198.792 263.319 
0.000361834591877222911 0.802053 0 239750 89.6003 14.4038 12.3556 0 11.25481 -5.82464 -8.04028 5.30075 0 -0 0 0 0 -0 0 0 20.3594 47.2874 132.348 561.824 
0.000361834591877222911 0.815375 0 136651 90.7845 14.6355 12.8799 0 2.936371 0.175511 -2.71396 -1.10718 0 0 0 -0 0 0 0 -0 20.3594 47.2874 132.348 561.824 
0.000361834591877222911 0.82597 0 338933 97.2335 15.2305 13.506 0 01 0 0 0 0 0 0 0 0 0 0 0 20.3594 47.2874 132.348 561.824 
0.000361834591877222911 0.917684 0 206906 91.7153 14.6167 12.8365 0 4.251181 3.36223 -2.54055 0.559989 0 0 0 0 0 0 0 0 14.8924 46.3686 290.279 432.22 
0.000361834591877222911 0.961615 0 219171 80.0316 13.5818 10.6553 0 38.27931 -27.691 -13.4373 -22.7585 0 0 -0 0 0 0 -0 0 11.4543 49.8667 365.607 638.254 
0.000361834591877222911 0.994609 0 242650 92.7104 14.81 13.1093 0 01 0 0 0 0 0 0 0 0 0 0 0 10.8504 30.6687 17.44 278.734 
0.000361834591877222911 1.00953 0 359428 98.4291 15.2262 13.5019 0 01 0 0 0 0 0 0 0 0 0 0 0 11.244 36.7915 90.0132 634.437 
0.000361834591877222911 1.16693 0 259495 90.0112 14.4815 12.529 0 6.412461 5.74173 1.36334 2.50867 0 0 0 0 0 0 0 0 9.299 32.4532 12.256 78.3729 
0.000361834591877222911 1.17975 0 176205 86.732 14.2658 12.0526 0 5.092741 1.33197 3.92398 2.96044 0 0 0 0 0 0 0 0 9.299 32.4532 12.256 78.3729 
0.000361834591877222911 1.2391 0 295028 0 14.8899 13.1846 0 01 0 -0 0 0 0 -0 0 0 0 -0 0 16.1786 43.5601 110.674 270.674 
0.000361834591877222911 1.26318 0 317450 87.5857 14.2509 12.0203 0 9.169551 9.14676 0.00282787 -0.646091 0 0 0 -0 0 0 0 -0 16.1786 43.5601 110.674 270.674 
0.000361834591877222911 1.29156 0 297104 97.652 15.0854 13.369 0 01 0 0 -0 0 0 0 -0 0 0 0 -0 15.551 48.9969 0 393.706 
0.000361834591877222911 1.31883 0 218214 81.2453 13.6778 10.841 0 72.71871 -27.9509 14.4266 -65.5639 0 0 0 0 0 0 0 0 9.36444 38.7012 1.12885 354.33 
0.000361834591877222911 1.41003 0 315059 88.2093 14.3782 12.2987 0 18.18241 -11.0132 8.68132 11.5733 0 0 0 0 0 0 0 0 5.48795 20.7476 0 0 
0.000361834591877222911 1.433 0 310574 84.2628 13.9384 11.3623 0 51.00181 19.0033 24.4034 -40.5528 0 0 0 0 0 0 0 0 7.23454 31.649 65.5736 71.1472 
0.000361834591877222911 1.49599 0 345768 95.6185 14.922 13.2148 0 01 0 0 0 0 0 0 0 0 0 0 0 7.56908 31.509 283.712 283.712 
0.000361834591877222911 1.5793 0 362265 81.1199 13.6463 10.7797 0 46.98241 -44.2736 -14.8243 -5.23812 0 0 -0 0 0 0 -0 0 4.66095 23.3053 0 0 
0.000361834591877222911 1.62586 0 217686 100.932 15.4704 13.7329 0 01 -0 0 0 0 -0 0 0 0 -0 0 0 6.4232 35.576 0 0 
0.000361834591877222911 1.64852 0 361959 84.4833 13.9817 11.4513 0 66.80921 56.4496 22.7771 -27.5338 0 0 0 -0 0 0 0 -0 6.4232 35.576 0 0 
0.000361834591877222911 1.68482 0 301737 91.1998 14.7255 13.0299 0 01 0 0 0 0 0 0 0 0 0 0 0 6.73738 32.1682 0 0 
0.000361834591877222911 1.70272 0 292476 87.8142 14.2955 12.1172 0 16.86881 15.2844 6.62186 -2.66363 0 0 0 0 0 0 0 0 6.73738 32.1682 0 0 
0.000361834591877222911 1.72083 0 381331 98.9901 15.3344 13.6043 0 01 -0 0 0 0 -0 0 0 0 -0 0 0 6.73738 32.1682 0 0 
0.000361834591877222911 1.7578 0 362975 76.5562 13.1829 9.91959 0 120.3391 67.2924 -22.8802 -97.1066 0 0 0 -0 0 0 0 -0 10.6132 28.3723 0 225.106 
0.000361834591877222911 1.85307 0 176470 78.0612 13.3195 10.165 0 51.09371 -48.4733 13.6783 8.59129 0 0 0 0 0 0 0 0 9.39095 24.4276 30.795 30.795 
0.000361834591877222911 1.85632 0 330344 76.1778 13.2591 10.0556 0 55.14971 -48.5823 5.00982 25.6155 0 0 0 0 0 0 0 0 9.39095 24.4276 30.795 30.795 
0.000361834591877222911 1.87821 0 261806 94.5324 14.9583 13.2491 0 01 0 0 0 0 0 0 0 0 0 0 0 9.39095 24.4276 30.795 30.795 
0.000361834591877222911 1.89907 0 159815 87.188 14.3615 12.2618 0 9.120821 8.09733 3.29573 -2.60016 0 0 0 0 0 0 0 0 9.39095 24.4276 30.795 30.795 
0.000361834591877222911 2.36908 0 379198 81.8962 13.8171 11.1166 0 76.97381 49.5379 -57.144 14.3362 0 0 -0 0 0 0 -0 0 4.95764 19.4621 0 293.863 
0.000361834591877222911 2.43386 1 178115 104.318 11.5147 7.46842 0 0 1 -0.947477 14.2236 1.61235 0 0 0 0 0 0 0 0 4.95764 19.4621 0 293.863 
0.000361834591877222911 2.93183 0 389536 76.1127 13.2393 10.0202 0 70.2251 28.4914 64.1149 3.01171 0 0 0 0 0 0 0 0 0 6.92916 0 0 
0.000417705313242832592 0.105162 0 44453 51.9633 10.6244 6.56773 0 70.98081 -68.2509 7.28759 -18.0825 0 0 0 -0 0 0 0 -0 18.3387 42.3627 1515.93 3342.94 
0.000417705313242832592 0.130279 0 6409 54.1053 10.9489 6.86351 0 45.49631 -44.7721 6.29654 5.07201 0 0 0 0 0 0 0 0 18.3387 42.3627 1515.93 3342.94 
0.000417705313242832592 0.145639 0 4485 74.1323 12.9492 9.51562 0 71.5761 10.6198 -42.2557 -56.7873 0 0 -0 0 0 0 -0 0 18.3387 42.3627 1515.93 3342.94 
0.000417705313242832592 0.162089 1 0 0 11.914 7.96405 0 0 1 -53.7028 110.231 90.6587 1 -45.6901 119.819 83.7249 0 0 0 0 18.3387 42.3627 1515.93 3342.94 
0.000417705313242832592 0.172436 0 214436 54.3792 11.0211 6.93439 0 88.87311 25.5553 40.2148 -75.0208 0 0 0 0 0 0 0 0 18.3387 42.3627 1515.93 3342.94 
0.000417705313242832592 0.196056 1 28748 0 9.3082 8.10204 0 0 1 0.792998 -0.293084 1.63575 0 0 -0 0 0 0 -0 0 24.4751 57.049 1589.44 2914.43 
0.000417705313242832592 0.254755 0 75494 52.6861 10.5948 6.54286 0 173.0031 -170.579 28.1038 -6.54897 0 -0 0 0 0 -0 0 0 26.0929 60.0453 543.341 1539.54 
0.000417705313242832592 0.266802 0 111328 67.4826 12.2162 8.37699 0 148.8081 -102.986 36.4459 101.042 0 -0 0 0 0 -0 0 0 23.0268 64.3314 852.513 2440.84 
0.000417705313242832592 0.27305 0 10715 54.7275 11.12 7.03447 0 67.87441 -47.7194 -44.1915 19.4141 0 0 0 0 0 0 0 0 23.0268 64.3314 852.513 2440.84 
0.000417705313242832592 0.285861 0 121014 67.3249 12.1928 8.34386 0 90.75391 89.4763 2.29404 -15 0 0 0 0 0 0 0 0 23.0268 64.3314 852.513 2440.84 
0.000417705313242832592 0.292777 0 27716 51.6437 10.6367 6.57828 0 159.3621 156.058 -25.38 19.95 0 0 0 0 0 0 0 0 31.272 72.8901 768.459 2008.32 
0.000417705313242832592 0.305959 0 51259 69.5325 12.4421 8.70713 0 69.66741 67.5408 -4.65476 -16.4351 0 0 0 -0 0 0 0 -0 31.272 72.8901 768.459 2008.32 
0.000417705313242832592 0.314672 0 231968 59.6735 11.5133 7.4668 0 160.6951 -9.7815 -12.1181 159.939 0 0 0 0 0 0 0 0 31.272 72.8901 768.459 2008.32 
0.000417705313242832592 0.323063 0 164435 61.1483 11.915 7.96526 0 97.821 88.3639 -21.9094 -35.7847 0 0 0 0 0 0 0 0 32.721 84.0363 661.727 2487.57 
0.000417705313242832592 0.334063 0 12700 64.3014 11.8225 7.84536 0 60.76911 3.44076 -54.9526 -25.715 0 0 0 0 0 0 0 0 32.721 84.0363 661.727 2487.57 
0.000417705313242832592 0.338872 0 11010 64.4191 11.8489 7.87928 0 141.4571 141.45 1.21378 -0.717729 0 0 0 -0 0 0 0 -0 32.721 84.0363 661.727 2487.57 
0.000417705313242832592 0.341542 0 24013 68.8349 12.4076 8.65553 0 138.9251 -138.889 -0.2964 3.15252 0 0 -0 0 0 0 -0 0 32.721 84.0363 661.727 2487.57 
0.000417705313242832592 0.342387 0 235912 63.1944 11.7854 7.79816 0 61.43981 -59.2279 -9.69205 -13.1517 0 -0 0 0 0 -0 0 0 32.721 84.0363 661.727 2487.57 
0.000417705313242832592 0.351849 0 128897 55.4251 11.3195 7.2469 0 292.5721 76.1694 -7.5191 282.382 0 0 -0 0 0 0 -0 0 32.2886 80.0379 460.314 2035.85 
0.000417705313242832592 0.35483 0 218505 59.8231 11.549 7.50884 0 138.2731 -101.41 90.1883 26.485 0 0 0 0 0 0 0 0 32.2886 80.0379 460.314 2035.85 
0.000417705313242832592 0.364689 0 174664 69.4959 12.425 8.68153 0 86.67031 -24.6682 83.0131 -3.47034 0 -0 0 0 0 -0 0 0 32.2886 80.0379 460.314 2035.85 
0.000417705313242832592 0.373575 0 114706 70.8061 12.602 8.95199 0 59.22971 17.5821 18.8101 53.3405 0 0 0 0 0 0 0 0 26.1216 78.3148 806.066 1512.17 
0.000417705313242832592 0.44152 0 181303 61.4273 12.01 8.09168 0 132.5311 40.0547 -125.876 -10.7336 0 0 0 0 0 0 0 0 35.2434 93.0222 806.396 2817.41 
0.000417705313242832592 0.445727 0 71530 66.0952 12.0467 8.14126 0 130.6211 125.081 -5.54263 37.2259 0 0 0 0 0 0 0 0 35.2434 93.0222 806.396 2817.41 
0.000417705313242832592 0.446667 0 95702 60.5667 11.7848 7.79735 0 163.9851 58.3739 55.958 142.661 0 0 0 0 0 0 0 0 35.2434 93.0222 806.396 2817.41 
0.000417705313242832592 0.465237 0 111644 52.5187 10.6057 6.55196 0 140.041 52.0574 100.223 82.8049 0 0 0 0 0 0 0 0 33.1619 74.3957 559.805 1407.59 
0.000417705313242832592 0.500501 1 156600 59.8262 9.53767 5.84597 0 0 1 -17.4587 0.495809 -12.3666 0 -0 0 0 0 -0 0 0 30.2311 80.2825 929.024 2346.76 
0.000417705313242832592 0.522413 0 37142 63.1007 11.7649 7.77232 0 195.8721 -195.16 14.4932 -8.26143 0 0 0 -0 0 0 0 -0 31.6963 78.7532 328.907 1387.9 
0.000417705313242832592 0.53461 0 196871 67.4387 12.2055 8.36181 0 56.7041 53.2994 16.1916 -10.5996 0 0 0 0 0 0 0 0 31.2659 71.7478 400.728 1021.66 
0.000417705313242832592 0.538755 0 166865 62.8942 11.718 7.71359 0 79.74041 -75.3623 -18.2837 18.5679 0 0 -0 0 0 0 -0 0 31.2659 71.7478 400.728 1021.66 
0.000417705313242832592 0.550197 0 13642 55.6771 11.3853 7.32009 0 84.90711 -54.3494 38.737 52.4863 0 0 0 0 0 0 0 0 31.2659 71.7478 400.728 1021.66 
0.000417705313242832592 0.567862 0 215727 68.5989 12.3501 8.57056 0 100.111 -68.7168 25.4012 -68.2259 0 0 0 0 0 0 0 0 32.6571 78.2331 329.25 1361.4 
0.000417705313242832592 0.636843 0 154047 51.7776 10.6296 6.57214 0 170.2381 -3.61255 57.332 -160.253 0 0 0 0 0 0 0 0 28.2406 77.8641 1547.09 2504.61 
0.000417705313242832592 0.645352 0 134142 56.2477 11.5579 7.51925 0 214.3851 161.701 -119.785 -73.9266 0 0 0 0 0 0 0 0 31.9588 74.912 951.814 1915.58 
0.000417705313242832592 0.662532 0 147276 58.7407 11.2704 7.1933 0 213.7571 205.772 -34.2123 -46.6824 0 0 0 0 0 0 0 0 33.0574 79.5239 539.992 1800.71 
0.000417705313242832592 0.668776 0 176147 59.5084 11.4867 7.43588 0 158.6061 -139.184 -6.5532 75.7675 0 0 -0 0 0 0 -0 0 33.0574 79.5239 539.992 1800.71 
0.000417705313242832592 0.673637 0 37483 52.7163 10.5887 6.53773 0 201.5391 -161.212 -76.3163 93.832 0 -0 0 0 0 -0 0 0 33.0574 79.5239 539.992 1800.71 
0.000417705313242832592 0.695822 0 165646 52.3922 10.5999 6.54708 0 38.31271 -35.4067 11.0761 -9.56809 0 -0 0 0 0 -0 0 0 27.9286 71.8682 619.875 1372.22 
0.000417705313242832592 0.715837 0 102311 75.0149 13.1663 9.89022 0 88.36091 -73.0624 38.7052 31.1678 0 0 0 0 0 0 0 0 36.7721 77.8037 419.484 1368.83 
0.000417705313242832592 0.783372 0 85265 58.7173 11.2709 7.19389 0 79.57081 -22.8325 -25.1609 71.9522 0 0 0 0 0 0 0 0 27.8681 68.432 264.565 692.764 
0.000417705313242832592 0.805169 0 203575 65.9753 12.1096 8.22759 0 93.36861 67.8998 -36.8203 -52.4554 0 0 0 0 0 0 0 0 27.8681 68.432 264.565 692.764 
0.000417705313242832592 0.805448 0 153939 71.4512 12.632 8.99909 0 99.53111 -35.216 -55.8977 74.4427 0 -0 0 0 0 -0 0 0 27.8681 68.432 264.565 692.764 
0.000417705313242832592 0.81954 0 194166 51.865 10.6259 6.56902 0 107.411 104.781 15.489 17.8268 0 0 0 0 0 0 0 0 32.8383 75.643 811.454 1370.48 
0.000417705313242832592 0.831422 1 245884 69.6359 10.0721 6.15164 0 0 1 -14.017 1.34979 -6.04468 0 0 0 0 0 0 0 0 32.8383 75.643 811.454 1370.48 
0.000417705313242832592 0.834732 0 152617 73.6069 12.9949 9.59312 0 129.0041 128.56 10.5549 -1.70691 0 0 0 0 0 0 0 0 32.8383 75.643 811.454 1370.48 
0.000417705313242832592 0.846609 0 177308 63.2174 11.7901 7.80409 0 126.1251 -13.133 106.194 -66.7683 0 0 0 0 0 0 0 0 21.1721 66.2994 320.824 429.929 
0.000417705313242832592 0.881547 0 197790 61.1754 11.9221 7.97459 0 114.1251 114.068 -1.35228 3.37175 0 0 0 0 0 0 0 0 38.6087 85.8708 619.599 1114.86 
0.000417705313242832592 0.889365 0 107024 60.5044 11.7761 7.78634 0 53.26181 -51.2249 -14.3543 -2.6043 0 0 -0 0 0 0 -0 0 27.9936 71.2708 57.4206 533.824 
0.000417705313242832592 0.917651 0 77606 52.4339 10.598 6.54551 0 80.74971 -78.0214 -10.7072 -17.8474 0 0 0 0 0 0 0 0 27.9936 71.2708 57.4206 533.824 
0.000417705313242832592 0.923978 0 233206 67.6307 12.2586 8.4375 0 115.2891 14.5674 -80.7131 -81.0227 0 0 0 0 0 0 0 0 26.9985 62.4523 0 611.902 
0.000417705313242832592 0.935493 0 52253 57.7001 11.0155 6.92883 0 75.08881 73.9119 9.92949 8.76141 0 0 0 0 0 0 0 0 26.9985 62.4523 0 611.902 
0.000417705313242832592 0.941344 0 110778 61.5212 12.0357 8.1264 0 104.3571 -102.653 13.3659 13.1944 0 0 0 0 0 0 0 0 26.9985 62.4523 0 611.902 
0.000417705313242832592 0.954471 0 184514 59.5604 11.4945 7.44485 0 124.3121 -63.542 0.209115 -106.845 0 0 0 0 0 0 0 0 20.1601 74.1211 89.1926 454.358 
0.000417705313242832592 0.963797 0 265002 55.269 11.2822 7.20612 0 137.841 125.772 40.1263 39.6373 0 0 0 0 0 0 0 0 20.1601 74.1211 89.1926 454.358 
0.000417705313242832592 0.98779 0 25684 63.0733 11.7587 7.7645 0 94.40811 36.2918 -15.4251 85.778 0 0 -0 0 0 0 -0 0 29.7272 68.5106 431.677 744.059 
0.000417705313242832592 0.987937 0 235966 55.6077 11.366 7.29845 0 115.1311 -109.613 -15.0157 -31.8549 0 -0 0 0 0 -0 0 0 29.7272 68.5106 431.677 744.059 
0.000417705313242832592 0.988184 0 338207 60.5699 11.7852 7.7979 0 201.7851 129.751 -34.8137 150.565 0 0 -0 0 0 0 -0 0 29.7272 68.5106 431.677 744.059 
0.000417705313242832592 1.02891 0 25991 61.3019 11.9755 8.04533 0 69.43141 -61.565 25.9689 18.8702 0 -0 0 0 0 -0 0 0 18.528 55.4626 30.0861 283.829 
0.000417705313242832592 1.03092 1 289012 57.5222 9.31972 8.11226 0 0 1 -0.0106286 -0.744136 1.0799 0 0 -0 0 0 0 -0 0 18.528 55.4626 30.0861 283.829 
0.000417705313242832592 1.0317 1 0 77.4806 10.62 6.564 0 0 1 -26.6743 63.4358 -44.003 1 13.5583 3.42392 11.7215 0 0 0 0 18.528 55.4626 30.0861 283.829 
0.000417705313242832592 1.03633 0 205777 70.9066 12.6666 9.05354 0 120.6111 41.3065 -100.894 51.5857 0 0 0 0 0 0 0 0 18.528 55.4626 30.0861 283.829 
0.000417705313242832592 1.06487 0 228927 65.7464 12.0518 8.1482 0 66.80651 -18.7141 60.9924 -19.8196 0 0 0 -0 0 0 0 -0 26.5222 59.4587 162.868 487.616 
0.000417705313242832592 1.07629 0 56191 51.4257 10.6431 6.58379 0 153.1571 61.2124 47.7268 -132.031 0 0 0 0 0 0 0 0 26.5222 59.4587 162.868 487.616 
0.000417705313242832592 1.09152 0 335995 70.2877 12.4841 8.77053 0 97.02491 -64.4501 72.461 -3.06915 0 -0 0 0 0 -0 0 0 25.1614 62.3518 35.2359 507.092 
0.000417705313242832592 1.10546 0 277897 54.1417 10.9514 6.86593 0 194.481 84.1882 -26.1872 173.346 0 0 0 0 0 0 0 0 25.1614 62.3518 35.2359 507.092 
0.000417705313242832592 1.11486 0 150382 65.3114 11.9568 8.02055 0 229.6871 -135.532 -47.1834 -179.335 0 -0 0 0 0 -0 0 0 31.6451 67.7918 330.882 1106.53 
0.000417705313242832592 1.12904 0 325363 63.3838 11.724 7.72108 0 197.4691 190.578 1.62303 -51.6852 0 0 0 -0 0 0 0 -0 31.6451 67.7918 330.882 1106.53 
0.000417705313242832592 1.14272 1 270680 52.7097 9.04262 7.87051 0 0 1 -0.000885877 1.30326 -0.318216 0 0 0 -0 0 0 0 -0 31.6451 67.7918 330.882 1106.53 
0.000417705313242832592 1.16875 0 269591 60.8854 11.8452 7.87454 0 154.9651 -43.6903 -67.8989 -132.269 0 -0 0 0 0 -0 0 0 22.2023 51.3422 0 1009.38 
0.000417705313242832592 1.17644 1 0 66.0513 9.95457 6.07618 0 0 1 -15.6812 23.0772 -39.2318 1 -9.94013 -3.90398 6.52307 0 0 0 0 22.2023 51.3422 0 1009.38 
0.000417705313242832592 1.22466 0 179664 56.8427 11.6597 7.64175 0 152.5711 -25.3733 -148.33 -25.1463 0 0 0 0 0 0 0 0 26.7121 64.2565 405.386 944.537 
0.000417705313242832592 1.23158 0 295960 60.9026 11.8497 7.88029 0 138.4481 -112.443 -75.9552 27.4802 0 0 0 0 0 0 0 0 22.4786 53.7646 59.887 145.697 
0.000417705313242832592 1.23842 0 306489 52.3269 10.608 6.55395 0 104.1541 -13.448 -68.022 -77.7183 0 0 0 -0 0 0 0 -0 22.4786 53.7646 59.887 145.697 
0.000417705313242832592 1.24991 0 234580 65.5664 12.0047 8.08449 0 129.2121 93.5151 -86.3802 22.116 0 0 0 0 0 0 0 0 22.4786 53.7646 59.887 145.697 
0.000417705313242832592 1.27246 0 317807 57.5989 10.983 6.89675 0 176.171 -82.8699 -100.877 -118.288 0 0 -0 0 0 0 -0 0 22.4786 53.7646 59.887 145.697 
0.000417705313242832592 1.30401 0 74245 51.1709 10.6555 6.59449 0 81.06851 -10.6221 -76.7751 -23.7668 0 0 0 0 0 0 0 0 12.9699 59.6763 0 288.161 
0.000417705313242832592 1.30662 0 327684 58.6096 11.2428 7.16359 0 237.3571 230.607 34.2065 44.5947 0 0 0 0 0 0 0 0 12.9699 59.6763 0 288.161 
0.000417705313242832592 1.3168 0 295191 62.2835 11.6753 7.66087 0 31.26691 -30.4795 6.48381 -2.56491 0 0 0 -0 0 0 0 -0 12.9699 59.6763 0 288.161 
0.000417705313242832592 1.38522 0 317685 56.9542 11.6815 7.66849 0 156.5251 73.365 138.244 -2.49797 0 0 0 0 0 0 0 0 20.9258 65.5022 0 26.683 
0.000417705313242832592 1.40636 0 243358 57.0413 11.6951 7.68525 0 82.72081 -62.9898 44.0736 30.5373 0 0 0 0 0 0 0 0 20.9258 65.5022 0 26.683 
0.000417705313242832592 1.43256 0 310350 64.3893 11.8421 7.87056 0 161.9521 -8.75226 105.955 -122.17 0 0 0 -0 0 0 0 -0 11.5462 44.8507 296.454 425.247 
0.000417705313242832592 1.52433 0 361840 51.3662 10.648 6.58796 0 155.8441 -145.744 -22.4623 50.4144 0 -0 0 0 0 -0 0 0 17.988 48.1388 98.2171 585.562 
0.000417705313242832592 1.54436 0 58352 55.3119 11.2957 7.22083 0 193.4441 -176.136 68.9342 40.553 0 0 0 0 0 0 0 0 20.4519 53.3743 0 201.288 
0.000417705313242832592 1.7362 0 381642 54.1803 10.9984 6.91189 0 118.721 112.531 -14.2691 -35.0354 0 0 0 0 0 0 0 0 5.12662 28.9298 0 8.54941 
0.000417705313242832592 1.7965 0 396909 58.0621 11.1001 7.0141 0 165.7521 43.8586 -98.1533 126.159 0 0 0 0 0 0 0 0 26.8983 60.7804 6.57331 492.028 
0.000417705313242832592 1.80049 0 371644 59.5776 11.5081 7.4607 0 153.3441 -137.848 35.6012 56.9643 0 0 0 0 0 0 0 0 26.8983 60.7804 6.57331 492.028 
0.000417705313242832592 1.84473 0 328227 72.1206 12.7808 9.23677 0 42.26581 -38.1176 6.57132 -17.0371 0 0 0 -0 0 0 0 -0 9.33433 43.2412 29.8431 90.9749 
0.000417705313242832592 1.95108 0 235149 52.2635 10.6139 6.55889 0 190.4931 92.424 160.949 -42.9076 0 0 0 0 0 0 0 0 19.7377 49.4816 248.563 383.107 
0.000417705313242832592 2.00981 0 324126 54.2403 11.0111 6.92445 0 107.2281 -11.9927 -73.2836 77.3537 0 0 0 0 0 0 0 0 19.7377 49.4816 248.563 383.107 
0.000417705313242832592 2.04814 0 372935 69.5046 12.4272 8.68487 0 38.20651 33.6895 17.382 -4.75599 0 0 0 0 0 0 0 0 10.503 50.4181 0 8.05827 
0.000417705313242832592 2.06371 0 383467 56.599 11.622 7.59596 0 51.83661 47.4977 0.243282 -20.7592 0 0 0 -0 0 0 0 -0 10.503 50.4181 0 8.05827 
0.000417705313242832592 2.06793 0 369055 72.2816 12.8327 9.32163 0 8.681621 -6.68056 -5.40826 1.22123 0 0 0 0 0 0 0 0 10.503 50.4181 0 8.05827 
0.000417705313242832592 2.36196 0 291197 57.4143 11.7559 7.7609 0 63.93811 -51.6288 30.9349 21.5773 0 0 0 0 0 0 0 0 4.87176 29.2284 0 0 
0.000417705313242832592 2.45061 0 379809 53.2254 10.701 6.63418 0 125.2411 -82.3265 -93.8162 -10.3088 0 0 0 -0 0 0 0 -0 4.87176 29.2284 0 0 
0.000417705313242832592 2.51388 0 362298 61.3799 11.9979 8.0753 0 50.33721 -35.8431 -9.47817 -34.048 0 -0 0 0 0 -0 0 0 4.87176 29.2284 0 0 
0.000417705313242832592 2.99702 0 398758 57.0943 11.6963 7.68671 0 171.9881 45.5562 -85.2896 -142.233 0 0 0 0 0 0 0 0 0 15.6901 0 0 
0.000474221608099220106 0.133375 0 6025 40.7768 10.1597 6.21083 0 157.3371 150.095 24.5562 40.2896 0 0 0 0 0 0 0 0 21.7047 44.8326 1161.77 3056.32 
0.000474221608099220106 0.092435 1 0 0 10.6933 6.62745 0 0 1 -111.098 51.3687 55.5402 1 -111.751 51.6618 53.9623 0 -0 0 0 21.7047 44.8326 1161.77 3056.32 
0.000474221608099220106 0.192134 0 35366 0.376633 10.6367 6.57828 0 199.0941 171.5 -33.0037 -95.5878 0 0 0 -0 0 0 0 -0 22.4408 57.4268 1593.85 3157.54 
0.000474221608099220106 0.194433 1 322789 44.0079 8.28278 7.20678 0 0 1 1.84306 -0.873526 -0.433363 0 0 0 0 0 0 0 0 22.4408 57.4268 1593.85 3157.54 
0.000474221608099220106 0.208122 0 54190 49.2892 10.7088 6.64105 0 75.82151 11.9758 0.0791268 -74.8697 0 0 0 0 0 0 0 0 22.4408 57.4268 1593.85 3157.54 
0.000474221608099220106 0.213382 0 43106 50.8741 10.6313 6.57365 0 165.2761 -14.4355 121.541 -111.066 0 0 0 0 0 0 0 0 22.4408 57.4268 1593.85 3157.54 
0.000474221608099220106 0.256014 0 170070 42.6563 10.4239 6.40492 0 212.0061 -49.5342 -143.167 -148.311 0 0 0 -0 0 0 0 -0 27.6167 66.097 684.909 2242.97 
0.000474221608099220106 0.273849 0 25648 43.9216 10.526 6.48618 0 155.6931 83.9749 -24.3028 -128.833 0 0 0 -0 0 0 0 -0 25.917 59.6813 1224.28 2275.29 
0.000474221608099220106 0.28653 0 141955 43.841 10.5194 6.48079 0 103.9691 -10.9934 -102.604 -12.6937 0 0 0 -0 0 0 0 -0 25.917 59.6813 1224.28 2275.29 
0.000474221608099220106 0.347045 0 60170 45.2368 10.5034 6.46787 0 139.3391 73.2133 71.3594 94.6728 0 0 0 0 0 0 0 0 34.6742 76.6667 181.75 1022.18 
0.000474221608099220106 0.365043 0 37829 45.571 10.5376 6.49559 0 293.0991 -222.532 -176.37 72.6636 0 -0 0 0 0 -0 0 0 36.8766 83.1539 811.977 2316.05 
0.000474221608099220106 0.369103 0 78974 41.3222 10.2383 6.26611 0 146.9121 -120.277 76.5576 35.4333 0 0 0 0 0 0 0 0 36.8766 83.1539 811.977 2316.05 
0.000474221608099220106 0.383444 0 51605 40.827 10.168 6.21658 0 63.2181 18.3971 1.91647 60.4515 0 0 0 0 0 0 0 0 24.0806 74.6909 308.238 1093.74 
0.000474221608099220106 0.386647 0 27316 48.1001 10.6461 6.58633 0 36.90611 -34.4442 7.79976 -10.7157 0 0 0 0 0 0 0 0 24.0806 74.6909 308.238 1093.74 
0.000474221608099220106 0.407331 0 177060 46.786 10.6959 6.62967 0 65.22991 -2.31261 -43.7984 -48.2835 0 0 0 -0 0 0 0 -0 36.5159 80.7669 891.346 1355.12 
0.000474221608099220106 0.409778 0 94719 43.369 10.4764 6.44626 0 82.341 0.112038 70.5636 -42.4338 0 0 0 0 0 0 0 0 36.5159 80.7669 891.346 1355.12 
0.000474221608099220106 0.417671 0 82477 40.9632 10.1863 6.22929 0 160.1081 155.434 20.2203 -32.6488 0 0 0 -0 0 0 0 -0 36.5159 80.7669 891.346 1355.12 
0.000474221608099220106 0.429003 0 68583 43.541 10.4982 6.46374 0 227.7691 -211.311 24.0574 -81.5327 0 0 0 0 0 0 0 0 35.5236 84.485 615.54 1312.27 
0.000474221608099220106 0.439209 0 58596 45.3218 10.5097 6.47296 0 78.48071 -49.6338 34.7464 49.8839 0 0 0 0 0 0 0 0 35.5236 84.485 615.54 1312.27 
0.000474221608099220106 0.455618 0 85683 44.9658 10.4627 6.43543 0 146.9281 -64.9144 -79.0876 105.447 0 0 0 0 0 0 0 0 31.3933 82.5407 740.541 1620.69 
0.000474221608099220106 0.478572 0 22499 40.4457 10.1235 6.18602 0 79.8421 77.0268 -5.3722 -20.3166 0 0 0 0 0 0 0 0 35.0019 86.7074 537.455 1458.07 
0.000474221608099220106 0.484166 0 83883 43.4998 10.4911 6.45799 0 231.9911 54.9504 197.35 108.874 0 0 0 0 0 0 0 0 35.0019 86.7074 537.455 1458.07 
0.000474221608099220106 0.498797 0 5284 40.5322 10.1293 6.18997 0 70.61681 67.5585 -16.9255 11.6665 0 0 -0 0 0 0 -0 0 32.5216 75.0348 340.917 691.517 
0.000474221608099220106 0.505458 0 121054 41.5427 10.2653 6.28559 0 222.2811 101.669 196.699 19.542 0 0 0 0 0 0 0 0 32.5216 75.0348 340.917 691.517 
0.000474221608099220106 0.50829 0 122995 40.6661 10.1495 6.20381 0 64.24851 -59.6969 15.8524 17.6875 0 0 0 0 0 0 0 0 32.5216 75.0348 340.917 691.517 
0.000474221608099220106 0.550201 0 139943 46.444 10.6463 6.58653 0 134.4581 -129.75 35.2651 0.653691 0 0 0 0 0 0 0 0 27.1917 76.0941 506.546 937.91 
0.000474221608099220106 0.568811 0 55710 46.9203 10.7075 6.63994 0 207.9041 157.116 -8.11099 135.915 0 0 0 0 0 0 0 0 25.4416 82.6283 629.691 1148.46 
0.000474221608099220106 0.573912 0 68259 42.4999 10.3961 6.38343 0 129.4171 122.454 -18.688 37.4745 0 0 0 0 0 0 0 0 25.4416 82.6283 629.691 1148.46 
0.000474221608099220106 0.615236 0 164882 47.7203 10.6594 6.59786 0 123.5041 -109.049 18.4798 54.9548 0 -0 0 0 0 -0 0 0 29.8506 86.0006 101.19 970.001 
0.000474221608099220106 0.616705 0 120626 44.1948 10.5455 6.5021 0 159.5291 159.526 0.809819 0.521693 0 0 0 0 0 0 0 0 29.8506 86.0006 101.19 970.001 
0.000474221608099220106 0.647049 0 99846 48.7235 10.6301 6.57257 0 91.63241 -91.121 -4.59582 -8.50472 0 0 0 0 0 0 0 0 27.4787 71.4038 613.379 778.198 
0.000474221608099220106 0.664311 0 246886 46.5453 10.6592 6.59769 0 84.96421 -80.7841 26.223 -2.28064 0 0 0 -0 0 0 0 -0 27.4787 71.4038 613.379 778.198 
0.000474221608099220106 0.670345 0 185827 39.6373 10.1364 6.19479 0 178.4531 42.3818 123.4 -121.745 0 0 0 -0 0 0 0 -0 31.1821 75.2225 259.534 1280.4 
0.000474221608099220106 0.671426 0 295464 40.7464 10.1589 6.21025 0 203.151 -28.4064 29.2242 199.02 0 0 0 0 0 0 0 0 31.1821 75.2225 259.534 1280.4 
0.000474221608099220106 0.67209 0 162029 49.042 10.6303 6.57279 0 271.491 205.093 -57.2106 -168.436 0 0 0 -0 0 0 0 -0 31.1821 75.2225 259.534 1280.4 
0.000474221608099220106 0.696578 0 144755 46.2284 10.6189 6.5631 0 182.1841 37.529 31.4028 -175.489 0 0 0 0 0 0 0 0 28.7532 79.3068 130.848 850.804 
0.000474221608099220106 0.714997 0 85753 43.43 10.4856 6.45363 0 193.7861 39.6394 38.4412 185.753 0 0 0 0 0 0 0 0 23.2043 66.7782 99.2155 999.458 
0.000474221608099220106 0.715311 0 267239 42.8741 10.4433 6.42008 0 93.09241 -35.2536 40.0003 76.3109 0 0 0 0 0 0 0 0 23.2043 66.7782 99.2155 999.458 
0.000474221608099220106 0.717619 0 116262 49.0266 10.6286 6.57128 0 166.1911 156.321 -46.815 -31.4922 0 0 0 0 0 0 0 0 23.2043 66.7782 99.2155 999.458 
0.000474221608099220106 0.718857 0 57888 45.7057 10.5533 6.50845 0 191.7221 -187.862 27.7601 26.3551 0 0 0 0 0 0 0 0 23.2043 66.7782 99.2155 999.458 
0.000474221608099220106 0.721963 0 131772 42.8596 10.4421 6.41919 0 110.8981 66.1446 51.781 -72.4009 0 0 0 0 0 0 0 0 23.2043 66.7782 99.2155 999.458 
0.000474221608099220106 0.738019 0 65477 45.4948 10.5289 6.4885 0 75.61321 -5.24902 -52.1214 54.5267 0 0 0 0 0 0 0 0 23.2043 66.7782 99.2155 999.458 
0.000474221608099220106 0.763548 0 207965 40.0184 10.1928 6.23384 0 170.6611 -123.436 -81.9547 84.6872 0 0 0 0 0 0 0 0 27.7907 73.6022 55.6781 191.526 
0.000474221608099220106 0.774806 0 157557 48.6908 10.6321 6.57433 0 122.1611 -16.3351 -104.156 61.7093 0 -0 0 0 0 -0 0 0 26.44 66.0674 12.4362 149.28 
0.000474221608099220106 0.805011 0 111014 41.6225 10.2803 6.29656 0 115.5371 -71.9502 18.5587 -88.4736 0 -0 0 0 0 -0 0 0 28.9148 73.0065 369.395 738.942 
0.000474221608099220106 0.817182 0 161343 49.6198 10.7415 6.67022 0 205.1141 -61.1744 195.182 15.2803 0 0 0 0 0 0 0 0 20.7217 71.2597 561.567 631.444 
0.000474221608099220106 0.821668 0 234722 39.7889 10.1586 6.21006 0 130.6031 -104.522 -71.6994 -31.4867 0 -0 0 0 0 -0 0 0 20.7217 71.2597 561.567 631.444 
0.000474221608099220106 0.836901 0 191234 39.5368 10.1245 6.18669 0 84.76641 84.7567 1.27916 0.100895 0 0 0 0 0 0 0 0 20.7217 71.2597 561.567 631.444 
0.000474221608099220106 0.837634 0 239587 46.862 10.7014 6.63454 0 143.8831 30.4475 -104.989 93.5553 0 0 0 0 0 0 0 0 20.7217 71.2597 561.567 631.444 
0.000474221608099220106 0.853205 0 334260 41.0287 10.1954 6.23567 0 71.18281 68.7187 -2.02578 18.456 0 0 0 0 0 0 0 0 28.1676 75.2454 24.3068 1557.09 
0.000474221608099220106 0.856947 0 89578 49.7995 10.686 6.62103 0 200.691 196.94 36.9048 11.3588 0 0 0 0 0 0 0 0 28.1676 75.2454 24.3068 1557.09 
0.000474221608099220106 0.882506 0 45741 47.4805 10.6679 6.60518 0 93.1871 76.9517 5.62444 -52.2553 0 0 0 -0 0 0 0 -0 24.8067 60.1195 0 603.518 
0.000474221608099220106 0.894384 0 244454 47.648 10.6609 6.59914 0 122.1991 107.085 47.4253 34.8764 0 0 0 0 0 0 0 0 24.8067 60.1195 0 603.518 
0.000474221608099220106 0.911309 0 205268 0.0802337 11.4716 7.41837 0 15.4321 5.842 11.2949 8.74304 0 0 0 0 0 0 0 0 26.4856 64.6673 138.383 167.555 
0.000474221608099220106 0.926274 0 183290 48.3797 10.6413 6.58219 0 82.88631 -75.8006 25.4124 -21.8773 0 0 0 -0 0 0 0 -0 26.4856 64.6673 138.383 167.555 
0.000474221608099220106 0.930231 0 244533 41.1435 10.2227 6.25501 0 137.6611 -92.3618 102.059 1.93835 0 0 0 0 0 0 0 0 18.8083 59.2493 80.0712 225.032 
0.000474221608099220106 0.939799 0 303887 44.4687 10.4042 6.38961 0 175.2591 175.193 2.23639 -4.25903 0 0 0 0 0 0 0 0 18.8083 59.2493 80.0712 225.032 
0.000474221608099220106 0.949267 0 344240 41.4003 10.2493 6.27402 0 55.36761 22.5239 30.4393 -40.3942 0 0 0 0 0 0 0 0 18.8083 59.2493 80.0712 225.032 
0.000474221608099220106 0.960861 0 146828 45.4911 10.5285 6.48816 0 76.7821 -71.9823 4.52037 -26.3361 0 0 0 0 0 0 0 0 21.4342 67.0695 3.62361 371.051 
0.000474221608099220106 0.978574 0 344190 46.6096 10.6675 6.60486 0 79.64361 70.3434 -6.28262 36.8163 0 0 0 0 0 0 0 0 21.4342 67.0695 3.62361 371.051 
0.000474221608099220106 0.979536 0 185627 50.0487 10.6615 6.59964 0 156.8531 -0.991186 100.472 120.446 0 0 0 0 0 0 0 0 21.4342 67.0695 3.62361 371.051 
0.000474221608099220106 1.01182 0 62226 48.302 10.643 6.58367 0 94.32331 81.4332 -27.7398 -38.6785 0 0 0 0 0 0 0 0 21.9889 66.0625 309.961 745.69 
0.000474221608099220106 1.01251 0 359834 50.5153 10.6441 6.5846 0 184.4311 183.622 16.8948 -3.50448 0 0 0 -0 0 0 0 -0 21.9889 66.0625 309.961 745.69 
0.000474221608099220106 1.01644 0 4347 41.5373 10.2643 6.28488 0 86.95041 -44.3305 40.5815 -62.8356 0 0 0 -0 0 0 0 -0 21.9889 66.0625 309.961 745.69 
0.000474221608099220106 1.06189 0 271044 49.4119 10.7188 6.64995 0 158.3321 -125.79 -86.4618 -42.0732 0 0 0 -0 0 0 0 -0 14.9834 59.992 27.8043 897.288 
0.000474221608099220106 1.0653 0 256067 48.9333 10.63 6.57254 0 197.5451 175.641 -69.1267 58.2735 0 0 0 0 0 0 0 0 14.9834 59.992 27.8043 897.288 
0.000474221608099220106 1.07608 1 335084 46.4154 8.48857 7.38681 0 0 1 0.648057 1.10942 -1.03965 0 0 0 -0 0 0 0 -0 14.9834 59.992 27.8043 897.288 
0.000474221608099220106 1.08517 0 20900 43.6574 10.5074 6.47111 0 109.8221 109.717 2.59286 -4.02328 0 0 0 -0 0 0 0 -0 14.9834 59.992 27.8043 897.288 
0.000474221608099220106 1.11086 0 282000 46.7004 10.6899 6.62442 0 94.24991 35.5414 87.1768 -4.47878 0 0 0 0 0 0 0 0 25.4698 67.3742 577.788 751.379 
0.000474221608099220106 1.12562 0 264494 39.589 10.1295 6.19011 0 108.2031 104.811 -22.9348 14.0142 0 0 0 0 0 0 0 0 20.5567 49.112 464.064 514.093 
0.000474221608099220106 1.13751 0 219847 39.7453 10.1526 6.20592 0 119.8861 -119.804 -3.97055 -1.96718 0 0 0 0 0 0 0 0 20.5567 49.112 464.064 514.093 
0.000474221608099220106 1.14331 0 195207 39.8973 10.1736 6.22048 0 164.411 63.2438 103.09 -111.371 0 0 0 -0 0 0 0 -0 20.5567 49.112 464.064 514.093 
0.000474221608099220106 1.17992 0 284845 43.5769 10.4984 6.46382 0 174.8971 18.9595 -156.424 75.901 0 0 0 0 0 0 0 0 23.68 59.134 13.7872 354.885 
0.000474221608099220106 1.19603 0 183715 49.3078 10.7102 6.64233 0 100.8391 -99.3329 11.9888 -12.5574 0 0 0 0 0 0 0 0 23.68 59.134 13.7872 354.885 
0.000474221608099220106 1.24777 0 63181 45.5723 10.5377 6.49572 0 86.47081 76.3348 16.9616 -36.912 0 0 0 0 0 0 0 0 20.2099 56.8066 0 589.237 
0.000474221608099220106 1.26576 0 284405 0.343808 10.3973 6.38435 0 226.0531 222.101 -34.045 -24.7408 0 0 -0 0 0 0 -0 0 20.2099 56.8066 0 589.237 
0.000474221608099220106 1.29779 0 340616 39.9961 10.1886 6.23089 0 75.90081 -69.632 -6.54671 -29.4865 0 0 0 -0 0 0 0 -0 14.3885 53.6548 194.179 442.29 
0.000474221608099220106 1.31061 0 194155 45.6927 10.5517 6.50716 0 144.5611 98.1374 87.8098 59.6357 0 0 0 0 0 0 0 0 14.3885 53.6548 194.179 442.29 
0.000474221608099220106 1.34522 0 189256 40.4504 10.1231 6.18576 0 1911 -184.935 -28.1605 -38.5589 0 0 0 -0 0 0 0 -0 27.0846 62.3072 300.56 492.798 
0.000474221608099220106 1.35446 0 290261 46.1784 10.6129 6.55806 0 179.5421 70.7784 -50.4212 -157.109 0 0 0 0 0 0 0 0 27.0846 62.3072 300.56 492.798 
0.000474221608099220106 1.49064 0 335674 47.1338 10.7354 6.66472 0 180.1711 -117.434 59.6452 122.936 0 0 0 0 0 0 0 0 13.704 47.1039 0 48.1113 
0.000474221608099220106 1.49837 0 351864 45.7105 10.5538 6.50891 0 109.9691 66.8851 -75.4374 -43.9176 0 0 0 -0 0 0 0 -0 13.704 47.1039 0 48.1113 
0.000474221608099220106 1.52959 0 245146 44.8596 10.4481 6.42387 0 68.28411 -44.9564 -37.9896 34.6182 0 0 0 0 0 0 0 0 13.704 47.1039 0 48.1113 
0.000474221608099220106 1.55102 0 334216 46.162 10.6111 6.5565 0 198.7911 192.959 47.1184 -8.0455 0 0 0 0 0 0 0 0 18.9291 63.1766 524.027 827.25 
0.000474221608099220106 1.55556 0 328792 48.8904 10.6313 6.57359 0 66.78161 39.7762 51.0446 -16.4949 0 0 0 0 0 0 0 0 18.9291 63.1766 524.027 827.25 
0.000474221608099220106 1.58775 0 150523 43.4831 10.4927 6.45932 0 113.0871 6.95686 49.8438 101.271 0 0 0 0 0 0 0 0 18.9291 63.1766 524.027 827.25 
0.000474221608099220106 1.59592 0 252721 40.7212 10.1553 6.20779 0 64.01861 42.3331 -46.9169 10.2514 0 0 -0 0 0 0 -0 0 18.9291 63.1766 524.027 827.25 
0.000474221608099220106 1.60009 0 205163 40.3764 10.1165 6.18126 0 197.1291 -188.624 36.147 44.4338 0 0 0 0 0 0 0 0 18.9291 63.1766 524.027 827.25 
0.000474221608099220106 1.62975 0 330060 41.0883 10.216 6.25023 0 132.1351 59.7623 -115.91 -21.2852 0 0 0 0 0 0 0 0 19.8028 49.3611 107.983 301.937 
0.000474221608099220106 1.76935 0 344057 50.9575 10.6277 6.57056 0 77.58111 66.2376 2.06638 40.3379 0 0 0 0 0 0 0 0 1.79035 39.817 0 0 
0.000474221608099220106 1.78047 0 255934 40.1963 10.0816 6.15789 0 228.2531 218.799 -38.4344 52.4369 0 0 0 0 0 0 0 0 1.79035 39.817 0 0 
0.000474221608099220106 1.80682 0 384887 47.1598 10.7387 6.66763 0 181.0181 176.918 8.63843 -37.3222 0 0 0 0 0 0 0 0 1.79035 39.817 0 0 
0.000474221608099220106 1.9617 0 285251 47.225 10.729 6.65897 0 14.60671 11.9807 -1.7914 8.16149 0 0 0 0 0 0 0 0 13.8075 49.825 0 0 
0.000474221608099220106 1.96837 0 409609 0 15.8519 14.0947 0 01 0 0 -0 0 0 0 -0 0 0 0 -0 13.8075 49.825 0 0 
0.000474221608099220106 2.07213 0 393629 43.1693 10.4653 6.43742 0 103.3711 26.9969 68.8058 72.2675 0 0 0 0 0 0 0 0 4.29202 33.9692 0 0 
0.000474221608099220106 2.10038 0 386480 42.959 10.4477 6.42359 0 160.5921 -27.4042 -127.462 93.767 0 0 0 0 0 0 0 0 4.29202 33.9692 0 0 
0.000474221608099220106 2.21359 0 373672 41.3139 10.2369 6.26516 0 193.4921 -97.9313 143.887 84.5301 0 0 0 0 0 0 0 0 0 31.7277 0 0 
0.000474221608099220106 2.2337 0 314533 49.0375 10.6298 6.57235 0 80.42481 -48.8192 60.9953 19.0896 0 -0 0 0 0 -0 0 0 0 31.7277 0 0 
0.000474221608099220106 2.32654 0 361078 49.0859 10.6291 6.57173 0 115.8571 73.0699 85.8915 26.5759 0 0 0 0 0 0 0 0 0 31.7277 0 0 
0.000474221608099220106 2.37512 0 392042 47.1703 10.7399 6.66877 0 101.251 -83.9912 -47.0153 -31.4097 0 0 0 0 0 0 0 0 7.56569 29.549 0 0 
0.000474221608099220106 2.42857 0 361508 44.148 10.5434 6.50038 0 239.2631 235.925 -31.456 24.4222 0 0 -0 0 0 0 -0 0 7.56569 29.549 0 0 
0.000474221608099220106 2.68364 0 364519 41.8438 10.3175 6.32393 0 131.7921 131.69 -4.92227 -1.61506 0 0 -0 0 0 0 -0 0 5.48344 27.2966 0 0 
0.000474221608099220106 2.75379 0 197910 42.2259 10.3628 6.35794 0 120.4081 110.849 -3.80902 46.8634 0 0 -0 0 0 0 -0 0 5.48344 27.2966 0 0 
0.000474221608099220106 2.90896 1 398883 43.7001 8.25744 7.18463 0 0 1 1.65037 0.629223 -0.232922 0 0 0 -0 0 0 0 -0 5.48344 27.2966 0 0 
0.000474221608099220106 3.15641 0 399060 41.5475 10.267 6.28682 0 155.6361 20.8118 -143.869 55.598 0 0 0 0 0 0 0 0 6.28613 12.3547 0 71.4496 
0.000571884656920803171 0.141327 0 67849 31.2414 9.33291 8.12353 0 01 -0 0 0 0 -0 0 0 0 -0 0 0 24.2282 60.1636 1657.64 2972.17 
0.000571884656920803171 0.150816 0 43247 34.425 9.67166 5.91359 0 69.99621 37.2022 -0.429657 -59.2897 0 0 0 0 0 0 0 0 24.2282 60.1636 1657.64 2972.17 
0.000571884656920803171 0.165051 0 36799 0 10.3851 6.37494 0 99.08191 -93.6846 17.7169 26.9541 0 0 0 0 0 0 0 0 24.2282 60.1636 1657.64 2972.17 
0.000571884656920803171 0.201108 0 58537 36.8577 9.91902 6.05427 0 33.8441 -32.866 -6.26041 -5.10402 0 -0 0 0 0 -0 0 0 33.1527 78.2722 1000.79 2538.26 
0.000571884656920803171 0.202437 0 32995 37.0429 9.93859 6.06628 0 162.1111 156.193 18.4665 39.2739 0 0 0 0 0 0 0 0 33.1527 78.2722 1000.79 2538.26 
0.000571884656920803171 0.218425 0 30052 32.4488 9.42798 8.20634 0 01 -0 0 0 0 -0 0 0 0 -0 0 0 33.1527 78.2722 1000.79 2538.26 
0.000571884656920803171 0.275596 0 52314 30.7935 9.28211 8.07927 0 01 0 0 0 0 0 0 0 0 0 0 0 39.3276 93.0841 2077.54 3370.11 
0.000571884656920803171 0.280269 0 43108 30.0418 9.13487 7.95093 0 01 0 0 0 0 0 0 0 0 0 0 0 39.3276 93.0841 2077.54 3370.11 
0.000571884656920803171 0.294428 0 109173 31.5459 9.37009 8.15592 0 01 0 0 0 0 0 0 0 0 0 0 0 39.3276 93.0841 2077.54 3370.11 
0.000571884656920803171 0.29797 0 90793 35.7125 9.73284 5.94648 0 90.0471 41.4616 66.9667 -43.6446 0 0 0 0 0 0 0 0 39.3276 93.0841 2077.54 3370.11 
0.000571884656920803171 0.304379 0 8274 35.9089 9.7629 5.96309 0 50.72141 -20.6446 25.0582 38.9686 0 0 0 0 0 0 0 0 50.2676 111.722 1299.31 3558.48 
0.000571884656920803171 0.311709 0 62469 36.8054 9.9138 6.0511 0 111.0661 106.134 30.2869 12.4048 0 0 0 0 0 0 0 0 50.2676 111.722 1299.31 3558.48 
0.000571884656920803171 0.302373 0 26774 0.182981 9.26598 8.06521 0 01 0 0 0 0 0 0 0 0 0 0 0 50.2676 111.722 1299.31 3558.48 
0.000571884656920803171 0.339039 0 71669 34.3464 9.67075 5.91311 0 151.0671 134.636 -13.6178 67.1476 0 0 0 0 0 0 0 0 45.7481 115.339 848.74 1883.32 
0.000571884656920803171 0.343017 0 201977 31.3105 9.34305 8.13236 0 01 0 -0 0 0 0 -0 0 0 0 -0 0 45.7481 115.339 848.74 1883.32 
0.000571884656920803171 0.352524 0 55686 31.4713 9.36048 8.14755 0 01 0 -0 0 0 0 -0 0 0 0 -0 0 45.7481 115.339 848.74 1883.32 
0.000571884656920803171 0.364992 0 144496 36.8656 9.91978 6.05474 0 121.4121 105.66 -32.6157 50.1304 0 0 0 0 0 0 0 0 48.0417 115.269 829.367 1746.9 
0.000571884656920803171 0.367013 0 169315 36.9321 9.92672 6.05898 0 33.25711 -33.2384 0.901447 0.657325 0 0 0 0 0 0 0 0 48.0417 115.269 829.367 1746.9 
0.000571884656920803171 0.389424 0 86848 30.8252 9.28533 8.08207 0 01 0 0 0 0 0 0 0 0 0 0 0 48.9578 130.925 1232.61 2340.51 
0.000571884656920803171 0.390775 0 134648 34.8295 9.71932 5.9391 0 88.93641 84.4659 -19.8831 19.4897 0 0 0 0 0 0 0 0 48.9578 130.925 1232.61 2340.51 
0.000571884656920803171 0.392594 0 372622 37.8862 10.0188 6.11684 0 278.4951 276.922 28.101 9.1678 0 0 0 0 0 0 0 0 48.9578 130.925 1232.61 2340.51 
0.000571884656920803171 0.402389 0 79775 30.7969 9.28245 8.07956 0 01 0 0 0 0 0 0 0 0 0 0 0 48.9578 130.925 1232.61 2340.51 
0.000571884656920803171 0.411048 0 50618 39.3718 10.091 6.16417 0 222.281 169.287 93.6831 109.425 0 0 0 0 0 0 0 0 48.3305 111.904 684.961 1590.26 
0.000571884656920803171 0.411552 0 175769 32.2172 9.3798 8.16438 0 01 0 -0 0 0 0 -0 0 0 0 -0 0 48.3305 111.904 684.961 1590.26 
0.000571884656920803171 0.414419 0 17420 33.4215 9.53922 5.84671 0 121.3061 101.645 40.89 52.0709 0 0 0 0 0 0 0 0 48.3305 111.904 684.961 1590.26 
0.000571884656920803171 0.414511 0 27397 30.0313 9.13309 7.94938 0 01 0 0 0 0 0 0 0 0 0 0 0 48.3305 111.904 684.961 1590.26 
0.000571884656920803171 0.433009 0 137507 34.7929 9.71554 5.93705 0 62.71351 13.0913 5.77978 -61.059 0 0 0 0 0 0 0 0 47.1608 116.374 440.562 1360.64 
0.000571884656920803171 0.438178 0 79197 38.3837 9.94511 6.07031 0 296.5211 -293.21 41.4649 -15.2678 0 0 0 0 0 0 0 0 47.1608 116.374 440.562 1360.64 
0.000571884656920803171 0.452428 0 342636 33.0787 9.47959 8.25126 0 01 0 0 0 0 0 0 0 0 0 0 0 43.9504 114.668 930.267 2638.96 
0.000571884656920803171 0.453022 0 159247 38.304 9.93419 6.06357 0 232.5781 -103.855 -192.483 -79.1005 0 -0 0 0 0 -0 0 0 43.9504 114.668 930.267 2638.96 
0.000571884656920803171 0.45736 0 143944 36.4785 9.85769 6.01749 0 153.171 -149.883 21.0231 23.5395 0 0 0 0 0 0 0 0 43.9504 114.668 930.267 2638.96 
0.000571884656920803171 0.463695 0 89901 30.3874 9.20397 8.01117 0 01 0 0 -0 0 0 0 -0 0 0 0 -0 43.9504 114.668 930.267 2638.96 
0.000571884656920803171 0.465566 0 325015 30.3703 9.2011 8.00866 0 01 0 0 0 0 0 0 0 0 0 0 0 43.9504 114.668 930.267 2638.96 
0.000571884656920803171 0.480665 0 57393 35.2741 9.65968 5.9073 0 227.6671 -178.144 141.656 5.52718 0 0 0 0 0 0 0 0 50.454 107.259 627.388 2239.29 
0.000571884656920803171 0.483706 0 36465 39.0862 10.0503 6.13728 0 129.2641 87.2861 88.0393 36.5985 0 0 0 0 0 0 0 0 50.454 107.259 627.388 2239.29 
0.000571884656920803171 0.485343 0 121925 32.1195 9.3633 8.15001 0 01 0 0 0 0 0 0 0 0 0 0 0 50.454 107.259 627.388 2239.29 
0.000571884656920803171 0.502651 0 52396 35.881 9.76149 5.96231 0 191.2941 -46.9148 158.761 -95.8509 0 0 0 -0 0 0 0 -0 43.1714 114.779 481.23 1956.33 
0.000571884656920803171 0.50425 0 30458 30.8936 9.29236 8.0882 0 01 0 0 0 0 0 0 0 0 0 0 0 43.1714 114.779 481.23 1956.33 
0.000571884656920803171 0.506992 0 300179 31.0381 9.30588 8.09998 0 01 0 0 0 0 0 0 0 0 0 0 0 43.1714 114.779 481.23 1956.33 
0.000571884656920803171 0.509172 0 154589 30.0242 9.13192 7.94836 0 01 0 0 0 0 0 0 0 0 0 0 0 43.1714 114.779 481.23 1956.33 
0.000571884656920803171 0.513892 0 23355 38.7463 9.9995 6.10447 0 132.7091 24.6635 85.4647 98.4838 0 0 0 0 0 0 0 0 43.1714 114.779 481.23 1956.33 
0.000571884656920803171 0.516677 0 87366 35.2759 9.65939 5.90715 0 141.6891 -115.585 -23.1272 78.6195 0 0 0 0 0 0 0 0 43.1714 114.779 481.23 1956.33 
0.000571884656920803171 0.519965 0 149543 36.7563 9.90876 6.04803 0 276.5241 159.504 36.9764 -222.837 0 0 0 0 0 0 0 0 44.4914 111.375 137.838 1207.15 
0.000571884656920803171 0.525732 0 242731 35.8408 9.75223 5.95716 0 137.2781 118.276 35.4845 59.9732 0 0 0 0 0 0 0 0 44.4914 111.375 137.838 1207.15 
0.000571884656920803171 0.542007 0 213781 34.3295 9.66876 5.91207 0 85.19721 66.8106 -44.6968 28.2332 0 0 0 0 0 0 0 0 45.761 115.495 260.46 717.14 
0.000571884656920803171 0.555403 0 24007 36.9311 9.92662 6.05892 0 188.891 -185.407 0.125042 -36.1072 0 0 0 -0 0 0 0 -0 45.761 115.495 260.46 717.14 
0.000571884656920803171 0.570688 0 107151 32.3059 9.39394 8.17669 0 01 0 0 0 0 0 0 0 0 0 0 0 46.4757 116.483 892.766 1517.49 
0.000571884656920803171 0.573386 0 138555 33.057 9.47633 8.24842 0 01 0 0 0 0 0 0 0 0 0 0 0 46.4757 116.483 892.766 1517.49 
0.000571884656920803171 0.575758 0 272267 33.8736 9.62174 5.88769 0 224.511 151.792 -25.7464 -163.404 0 0 0 -0 0 0 0 -0 46.4757 116.483 892.766 1517.49 
0.000571884656920803171 0.578819 0 70798 38.6921 9.99127 6.09923 0 201.7571 -196.442 35.1784 -29.6451 0 0 0 0 0 0 0 0 46.4757 116.483 892.766 1517.49 
0.000571884656920803171 0.592229 0 186579 35.8192 9.74825 5.95496 0 91.2131 68.3199 -11.0655 59.4118 0 0 0 0 0 0 0 0 36.5654 113.614 171.988 450.738 
0.000571884656920803171 0.602968 0 221647 33.4925 9.55427 5.85401 0 101.6151 -87.8144 -8.01035 50.4975 0 -0 0 0 0 -0 0 0 36.5654 113.614 171.988 450.738 
0.000571884656920803171 0.603788 0 170525 38.7956 10.0195 6.1173 0 158.4271 36.5405 -3.61473 154.113 0 0 0 0 0 0 0 0 36.5654 113.614 171.988 450.738 
0.000571884656920803171 0.607545 0 270802 37.0947 9.94423 6.06977 0 247.7791 -180.749 -93.7016 141.224 0 -0 0 0 0 -0 0 0 36.5654 113.614 171.988 450.738 
0.000571884656920803171 0.612163 0 334776 31.5332 9.36886 8.15485 0 01 0 0 -0 0 0 0 -0 0 0 0 -0 36.5321 107.18 89.9633 542.845 
0.000571884656920803171 0.617793 0 195542 33.3682 9.52959 5.84208 0 142.8291 122.432 -60.3112 42.1064 0 0 0 0 0 0 0 0 36.5321 107.18 89.9633 542.845 
0.000571884656920803171 0.627444 0 220037 37.2213 9.95698 6.07768 0 198.091 -159.205 -116.303 -19.1563 0 -0 0 0 0 -0 0 0 36.5321 107.18 89.9633 542.845 
0.000571884656920803171 0.628623 0 140577 33.135 9.48719 8.25788 0 01 0 0 -0 0 0 0 -0 0 0 0 -0 36.5321 107.18 89.9633 542.845 
0.000571884656920803171 0.631329 1 0 0 9.22318 8.02791 0 0 1 0 0 0 0 0 0 0 0 0 0 0 47.4961 112.275 425.423 1529.83 
0.000571884656920803171 0.643154 0 183892 30.1223 9.16271 7.9752 0 01 0 0 0 0 0 0 0 0 0 0 0 47.4961 112.275 425.423 1529.83 
0.000571884656920803171 0.644846 0 102873 35.6821 9.72857 5.94414 0 111.6321 -108.212 26.7652 5.96027 0 0 0 0 0 0 0 0 47.4961 112.275 425.423 1529.83 
0.000571884656920803171 0.6458 0 316050 32.5693 9.39178 8.17482 0 01 0 -0 0 0 0 -0 0 0 0 -0 0 47.4961 112.275 425.423 1529.83 
0.000571884656920803171 0.649123 0 87721 37.6852 10.0015 6.10574 0 115.2331 -3.79872 105.157 46.9712 0 0 0 0 0 0 0 0 47.4961 112.275 425.423 1529.83 
0.000571884656920803171 0.652751 0 162583 37.01 9.93502 6.06408 0 272.4211 -144.915 8.52839 230.521 0 0 0 0 0 0 0 0 47.4961 112.275 425.423 1529.83 
0.000571884656920803171 0.653555 0 191220 35.2742 9.65966 5.90729 0 108.7441 62.6272 29.5827 83.8333 0 0 0 0 0 0 0 0 40.6001 114.359 380.13 842.652 
0.000571884656920803171 0.656373 0 66897 31.2341 9.33188 8.12264 0 01 0 0 0 0 0 0 0 0 0 0 0 40.6001 114.359 380.13 842.652 
0.000571884656920803171 0.659157 0 211996 35.9461 9.76928 5.96666 0 117.9541 -48.8675 80.0494 -71.5351 0 -0 0 0 0 -0 0 0 40.6001 114.359 380.13 842.652 
0.000571884656920803171 0.683838 0 310669 35.289 9.6621 5.90857 0 113.8781 87.6306 64.2496 -34.0752 0 0 0 0 0 0 0 0 39.2557 108.86 229.265 967.535 
0.000571884656920803171 0.707525 0 208370 31.2844 9.33921 8.12902 0 01 -0 0 0 0 -0 0 0 0 -0 0 0 49.1461 119.704 374.663 1179.58 
0.000571884656920803171 0.709132 0 15422 31.4974 9.36382 8.15046 0 01 0 -0 0 0 0 -0 0 0 0 -0 0 49.1461 119.704 374.663 1179.58 
0.000571884656920803171 0.713814 0 176355 32.2815 9.38996 8.17323 0 01 0 0 0 0 0 0 0 0 0 0 0 49.1461 119.704 374.663 1179.58 
0.000571884656920803171 0.738382 0 296006 37.4654 9.97863 6.09124 0 187.4111 98.7874 145.814 64.0466 0 0 0 0 0 0 0 0 31.0745 88.5865 48.3982 171.57 
0.000571884656920803171 0.744508 0 169885 30.6318 9.26305 8.06266 0 01 0 0 0 0 0 0 0 0 0 0 0 31.0745 88.5865 48.3982 171.57 
0.000571884656920803171 0.767545 0 244983 36.3481 9.83696 6.00533 0 223.331 192.544 -75.5783 -84.2091 0 0 0 -0 0 0 0 -0 37.3233 109.621 447.599 942.835 
0.000571884656920803171 0.773384 0 218673 35.2491 9.64918 5.90183 0 83.1021 78.3284 16.7936 -22.1036 0 0 0 0 0 0 0 0 37.3233 109.621 447.599 942.835 
0.000571884656920803171 0.774742 0 19678 30.5204 9.22695 8.0312 0 01 0 0 0 0 0 0 0 0 0 0 0 37.3233 109.621 447.599 942.835 
0.000571884656920803171 0.777555 0 213632 32.4818 9.38022 8.16475 0 01 0 -0 0 0 0 -0 0 0 0 -0 0 36.9332 103.866 154.556 1696.74 
0.000571884656920803171 0.781627 0 149405 33.1739 9.50496 8.27334 0 01 0 0 -0 0 0 0 -0 0 0 0 -0 36.9332 103.866 154.556 1696.74 
0.000571884656920803171 0.783359 0 237905 33.8209 9.61641 5.88498 0 202.7841 23.6027 29.7772 199.193 0 0 0 0 0 0 0 0 36.9332 103.866 154.556 1696.74 
0.000571884656920803171 0.784977 0 34930 31.0161 9.30537 8.09954 0 01 0 0 0 0 0 0 0 0 0 0 0 36.9332 103.866 154.556 1696.74 
0.000571884656920803171 0.790162 1 415237 51.6693 10.5507 6.50636 0 0 2 51.0532 33.7868 -70.1482 0 0 0 0 0 0 0 0 36.9332 103.866 154.556 1696.74 
0.000571884656920803171 0.817332 0 177987 30.7625 9.27893 8.0765 0 01 0 0 0 0 0 0 0 0 0 0 0 34.2639 105.952 455.055 908.683 
0.000571884656920803171 0.829643 0 59481 30.6952 9.27013 8.06883 0 01 0 0 0 0 0 0 0 0 0 0 0 38.618 101.642 319.641 803.391 
0.000571884656920803171 0.833641 0 184947 31.2345 9.33193 8.12268 0 01 0 0 0 0 0 0 0 0 0 0 0 38.618 101.642 319.641 803.391 
0.000571884656920803171 0.838527 0 330567 34.5159 9.68714 5.9218 0 163.5841 -45.7681 -75.2039 137.875 0 0 0 0 0 0 0 0 38.618 101.642 319.641 803.391 
0.000571884656920803171 0.865426 0 334345 33.8645 9.62123 5.88743 0 166.2361 166.06 -7.02783 3.03047 0 0 -0 0 0 0 -0 0 26.9106 99.906 3.00801 454.338 
0.000571884656920803171 0.888747 0 202678 33.9515 9.62384 5.88877 0 63.96211 -49.9192 -30.9151 25.3669 0 0 0 0 0 0 0 0 35.7813 85.1842 406.075 850.448 
0.000571884656920803171 0.89223 0 261297 38.2168 10.0478 6.13563 0 101.2181 49.6916 -82.5094 31.1119 0 0 0 0 0 0 0 0 35.7813 85.1842 406.075 850.448 
0.000571884656920803171 0.900334 0 196116 35.192 9.75898 5.96091 0 228.2961 -118.813 -51.1265 188.119 0 -0 0 0 0 -0 0 0 35.7813 85.1842 406.075 850.448 
0.000571884656920803171 0.90923 0 284133 0.112354 9.95272 6.07503 0 106.6611 -100.201 25.3367 26.3504 0 0 0 0 0 0 0 0 35.7813 85.1842 406.075 850.448 
0.000571884656920803171 0.91383 0 71493 30.2655 9.18144 7.99152 0 01 0 0 0 0 0 0 0 0 0 0 0 32.4756 97.1405 34.2609 387.442 
0.000571884656920803171 0.934791 0 209143 39.2928 10.0792 6.1563 0 72.77361 -64.8724 5.39974 32.5331 0 0 0 0 0 0 0 0 32.4756 97.1405 34.2609 387.442 
0.000571884656920803171 0.940261 0 224265 32.946 9.46727 8.24054 0 01 0 0 0 0 0 0 0 0 0 0 0 32.4756 97.1405 34.2609 387.442 
0.000571884656920803171 0.943309 0 236025 32.6713 9.40825 8.18916 0 01 0 0 0 0 0 0 0 0 0 0 0 40.0954 104.068 170.171 608.785 
0.000571884656920803171 0.945541 0 139792 31.9889 9.3394 8.12919 0 01 0 0 0 0 0 0 0 0 0 0 0 40.0954 104.068 170.171 608.785 
0.000571884656920803171 0.950003 0 167586 38.5806 9.97306 6.08774 0 203.1711 -200.425 -1.77751 33.2428 0 0 0 0 0 0 0 0 40.0954 104.068 170.171 608.785 
0.000571884656920803171 0.9632 0 350599 32.4505 9.42819 8.20653 0 01 0 0 0 0 0 0 0 0 0 0 0 40.0954 104.068 170.171 608.785 
0.000571884656920803171 0.966189 0 263588 30.416 9.20875 8.01533 0 01 0 0 0 0 0 0 0 0 0 0 0 40.0954 104.068 170.171 608.785 
0.000571884656920803171 0.985543 0 194475 30.6804 9.26828 8.06722 0 01 0 0 0 0 0 0 0 0 0 0 0 29.4708 103.302 179.394 234.651 
0.000571884656920803171 1.00559 0 38744 34.4193 9.67785 5.91687 0 108.7931 107.99 -2.01234 13.0417 0 0 -0 0 0 0 -0 0 30.5435 91.527 37.1834 900.026 
0.000571884656920803171 1.01212 0 302817 35.1486 9.75263 5.95738 0 159.6911 35.117 137.284 73.6282 0 0 0 0 0 0 0 0 30.5435 91.527 37.1834 900.026 
0.000571884656920803171 1.02723 0 276444 32.0268 9.34763 8.13635 0 01 0 0 0 0 0 0 0 0 0 0 0 30.5435 91.527 37.1834 900.026 
0.000571884656920803171 1.08346 0 357743 30.4199 9.20941 8.01591 0 01 0 0 0 0 0 0 0 0 0 0 0 29.3444 94.496 420.46 644.919 
0.000571884656920803171 1.08621 0 306675 33.9768 9.6326 5.89325 0 113.7431 112.724 13.5049 6.96114 0 0 0 0 0 0 0 0 29.3444 94.496 420.46 644.919 
0.000571884656920803171 1.09281 1 403854 46.479 10.3049 6.3146 0 0 2 74.8004 -90.9508 2.86183 0 0 0 0 0 0 0 0 29.3444 94.496 420.46 644.919 
0.000571884656920803171 1.10297 0 303941 38.4651 9.95719 6.07781 0 48.59381 48.3452 2.03618 -4.46672 0 0 0 0 0 0 0 0 32.3538 89.3453 497.194 1739.95 
0.000571884656920803171 1.10865 0 41308 32.768 9.42493 8.20368 0 01 0 0 0 0 0 0 0 0 0 0 0 32.3538 89.3453 497.194 1739.95 
0.000571884656920803171 1.13509 0 246436 39.3317 10.085 6.16016 0 219.361 203.715 -5.64257 -81.1606 0 0 0 0 0 0 0 0 32.3538 89.3453 497.194 1739.95 
0.000571884656920803171 1.14276 0 258580 37.0631 9.94057 6.0675 0 394.0581 -387.074 41.0802 -61.388 0 -0 0 0 0 -0 0 0 26.6986 75.337 63.43 897.505 
0.000571884656920803171 1.19375 0 291911 30.1002 9.14528 7.96001 0 01 0 0 0 0 0 0 0 0 0 0 0 27.5353 89.8763 0 462.367 
0.000571884656920803171 1.19445 0 223846 32.3411 9.39978 8.18178 0 01 0 0 0 0 0 0 0 0 0 0 0 27.5353 89.8763 0 462.367 
0.000571884656920803171 1.19841 0 165929 34.8882 9.72877 5.94425 0 185.441 -141.41 42.1509 -112.314 0 0 0 -0 0 0 0 -0 27.5353 89.8763 0 462.367 
0.000571884656920803171 1.22071 0 304139 30.4969 9.21664 8.02221 0 01 0 0 0 0 0 0 0 0 0 0 0 38.2663 103.955 69.2073 78.4177 
0.000571884656920803171 1.25294 0 198841 35.9894 9.77615 5.97052 0 214.4751 -92.8247 -192.275 20.3303 0 0 0 0 0 0 0 0 38.2663 103.955 69.2073 78.4177 
0.000571884656920803171 1.27528 0 304523 30.9467 9.29793 8.09305 0 01 0 0 0 0 0 0 0 0 0 0 0 26.9113 92.4082 259.049 1119.54 
0.000571884656920803171 1.28198 0 132704 30.5626 9.23523 8.03842 0 01 -0 0 0 0 -0 0 0 0 -0 0 0 26.9113 92.4082 259.049 1119.54 
0.000571884656920803171 1.32397 0 291088 31.4867 9.36241 8.14923 0 01 0 0 0 0 0 0 0 0 0 0 0 38.5502 110.517 483.044 659.34 
0.000571884656920803171 1.34206 0 296138 34.5542 9.69091 5.9238 0 184.5691 121.302 138.159 16.2341 0 0 0 0 0 0 0 0 38.5502 110.517 483.044 659.34 
0.000571884656920803171 1.35006 0 292985 38.4492 9.95533 6.07665 0 182.5931 -154.254 56.7569 -79.5275 0 0 0 0 0 0 0 0 38.5502 110.517 483.044 659.34 
0.000571884656920803171 1.38103 0 296592 32.7839 9.42795 8.20632 0 01 0 -0 0 0 0 -0 0 0 0 -0 0 26.2697 85.4681 4.03756 238.163 
0.000571884656920803171 1.38606 0 299694 38.0255 10.0311 6.12479 0 92.01341 -82.6213 -37.3158 15.739 0 0 0 0 0 0 0 0 26.2697 85.4681 4.03756 238.163 
0.000571884656920803171 1.49822 0 303045 38.5069 9.96324 6.08159 0 117.7081 116.775 3.82482 14.2873 0 0 0 0 0 0 0 0 17.7972 68.1042 0 164.622 
0.000571884656920803171 1.52788 0 307821 38.4061 9.94912 6.07279 0 86.68281 16.7741 45.4703 71.8679 0 0 0 0 0 0 0 0 33.8846 83.1949 318.75 509.558 
0.000571884656920803171 1.54616 0 393168 35.7896 9.74621 5.95383 0 85.93131 -41.431 -15.9299 -73.5791 0 -0 0 0 0 -0 0 0 33.8846 83.1949 318.75 509.558 
0.000571884656920803171 1.562 0 222067 38.9746 10.0349 6.1272 0 292.9981 -290.779 -34.1749 -11.2971 0 0 -0 0 0 0 -0 0 33.8846 83.1949 318.75 509.558 
0.000571884656920803171 1.57546 0 194863 31.5906 9.37448 8.15974 0 01 0 0 0 0 0 0 0 0 0 0 0 20.8202 67.3502 41.1661 159.133 
0.000571884656920803171 1.58798 0 377351 34.8394 9.72363 5.94145 0 94.05561 -1.65427 51.1487 78.9147 0 0 0 0 0 0 0 0 20.8202 67.3502 41.1661 159.133 
0.000571884656920803171 1.62883 0 287422 36.441 9.85224 6.01427 0 199.3741 -88.5091 111.948 -139.225 0 0 0 0 0 0 0 0 20.8202 67.3502 41.1661 159.133 
0.000571884656920803171 1.73435 0 319276 35.5055 9.70603 5.93191 0 179.3431 157.483 -72.9887 -45.1157 0 0 -0 0 0 0 -0 0 19.2787 71.807 324.583 744.472 
0.000571884656920803171 1.81727 0 323235 37.3721 9.96997 6.08579 0 97.25291 -21.2591 -74.2409 59.114 0 0 0 0 0 0 0 0 21.9493 82.5866 0 163.016 
0.000571884656920803171 1.8704 0 370212 31.8537 9.32125 8.11337 0 01 -0 0 0 0 -0 0 0 0 -0 0 0 21.9493 82.5866 0 163.016 
0.000571884656920803171 1.90166 0 382096 35.6012 9.71849 5.93865 0 120.5541 66.181 91.0725 43.119 0 0 0 0 0 0 0 0 17.5216 67.6659 33.895 224.142 
0.000571884656920803171 1.98188 0 380007 34.8455 9.72306 5.94114 0 54.47121 47.9017 22.7947 12.3666 0 0 0 0 0 0 0 0 20.4716 61.3235 0 115.507 
0.000571884656920803171 2.01591 0 363058 33.527 9.56013 5.85688 0 91.45521 57.6604 -55.8983 -43.7575 0 0 0 -0 0 0 0 -0 20.4716 61.3235 0 115.507 
0.000571884656920803171 2.1232 0 387995 29.9841 9.1254 7.94267 0 01 0 0 0 0 0 0 0 0 0 0 0 12.9456 45.1454 0 140.623 
0.000571884656920803171 2.25316 1 0 35.1696 10.2492 6.27394 0 0 1 -30.944 17.5093 44.1677 1 -0.87486 -9.42175 51.029 0 0 0 0 18.2579 45.8137 321.471 360.061 
0.000571884656920803171 2.38222 0 253960 30.5912 9.24127 8.04368 0 01 0 0 0 0 0 0 0 0 0 0 0 18.2579 45.8137 321.471 360.061 
0.000571884656920803171 2.3945 0 378323 33.1048 9.4835 8.25466 0 01 0 0 0 0 0 0 0 0 0 0 0 18.2579 45.8137 321.471 360.061 
0.000571884656920803171 2.41654 0 383571 38.192 10.0455 6.13416 0 138.4761 -122.418 31.0903 56.7688 0 0 0 0 0 0 0 0 20.0945 52.4941 0 148.842 
0.000571884656920803171 2.44485 0 201617 36.6365 9.88117 6.03142 0 163.2791 -155.755 37.0742 -32.0289 0 -0 0 0 0 -0 0 0 20.0945 52.4941 0 148.842 
0.000571884656920803171 2.44708 0 389515 37.471 9.9792 6.0916 0 104.4631 56.3103 34.5766 -80.9081 0 0 0 0 0 0 0 0 20.0945 52.4941 0 148.842 
0.000571884656920803171 2.55468 0 386821 34.0314 9.6404 5.89728 0 94.10861 93.4259 -5.80839 9.71 0 0 -0 0 0 0 -0 0 20.0945 52.4941 0 148.842 
0.000571884656920803171 2.67985 0 362838 32.8024 9.43159 8.20949 0 01 0 0 0 0 0 0 0 0 0 0 0 8.23712 44.0739 0 99.6516 
0.000571884656920803171 2.70492 0 246660 35.8723 9.7567 5.95964 0 135.0071 -82.2568 -95.4911 48.3951 0 0 0 0 0 0 0 0 8.23712 44.0739 0 99.6516 
0.000571884656920803171 2.82214 0 215195 34.5123 9.68659 5.92151 0 68.39681 -50.8434 45.7338 -1.22471 0 0 0 0 0 0 0 0 8.23712 44.0739 0 99.6516 
0.000571884656920803171 3.02708 0 316784 35.195 9.76004 5.9615 0 166.1021 -162.66 -33.6367 -0.248739 0 0 0 0 0 0 0 0 3.84711 23.7239 8.29621 8.29621 
0.000571884656920803171 3.20406 0 393305 37.8849 10.0187 6.11678 0 187.3941 -187.376 2.54044 -0.316644 0 -0 0 0 0 -0 0 0 3.84711 23.7239 8.29621 8.29621 
0.000571884656920803171 3.23622 0 398460 39.3299 10.0847 6.15998 0 38.53431 -27.2918 20.7513 17.5908 0 0 0 0 0 0 0 0 3.84711 23.7239 8.29621 8.29621 
0.000654047782709987367 0.0969458 0 185079 29.0216 9.06846 7.89302 0 01 -0 0 0 0 -0 0 0 0 -0 0 0 26.199 56.6312 1280.12 3190.23 
0.000654047782709987367 0.0992872 0 8327 26.2079 8.71969 7.58856 0 01 0 -0 0 0 0 -0 0 0 0 -0 0 26.199 56.6312 1280.12 3190.23 
0.000654047782709987367 0.141308 0 39238 28.202 8.94372 7.78416 0 01 0 0 0 0 0 0 0 0 0 0 0 26.199 56.6312 1280.12 3190.23 
0.000654047782709987367 0.177818 0 23097 28.6906 9.03197 7.86117 0 01 0 0 0 0 0 0 0 0 0 0 0 26.199 56.6312 1280.12 3190.23 
0.000654047782709987367 0.18672 0 9348 26.0415 8.68855 7.56135 0 01 0 0 0 0 0 0 0 0 0 0 0 36.8638 77.5736 942.723 1952.66 
0.000654047782709987367 0.233737 0 129927 27.4288 8.88779 7.73534 0 01 0 0 -0 0 0 0 -0 0 0 0 -0 36.8638 77.5736 942.723 1952.66 
0.000654047782709987367 0.251328 0 61838 27.3392 8.87656 7.72554 0 01 0 -0 0 0 0 -0 0 0 0 -0 0 37.6943 90.3797 1553.37 2486.43 
0.000654047782709987367 0.257034 0 49516 26.5959 8.78197 7.64296 0 01 -0 0 0 0 -0 0 0 0 -0 0 0 37.6943 90.3797 1553.37 2486.43 
0.000654047782709987367 0.259994 0 145174 26.2275 8.71382 7.58343 0 01 0 -0 0 0 0 -0 0 0 0 -0 0 37.6943 90.3797 1553.37 2486.43 
0.000654047782709987367 0.262847 0 6292 29.1038 9.07952 7.90266 0 01 0 -0 0 0 0 -0 0 0 0 -0 0 37.6943 90.3797 1553.37 2486.43 
0.000654047782709987367 0.27707 0 162556 28.4539 8.98372 7.81907 0 01 -0 0 0 0 -0 0 0 0 -0 0 0 34.2871 87.9092 824.013 1544.67 
0.000654047782709987367 0.300266 0 60209 25.824 8.66005 7.53645 0 01 0 0 0 0 0 0 0 0 0 0 0 34.2871 87.9092 824.013 1544.67 
0.000654047782709987367 0.30264 0 106288 28.3056 8.96119 7.79941 0 01 0 0 0 0 0 0 0 0 0 0 0 34.2871 87.9092 824.013 1544.67 
0.000654047782709987367 0.32508 0 125335 26.327 8.73922 7.60562 0 01 0 0 0 0 0 0 0 0 0 0 0 39.6078 94.6614 308.274 1207.8 
0.000654047782709987367 0.339044 0 193763 28.3885 8.97212 7.80895 0 01 0 0 0 0 0 0 0 0 0 0 0 33.7002 99.2183 172.556 1160.97 
0.000654047782709987367 0.35987 0 126118 28.7826 9.04308 7.87088 0 01 0 0 0 0 0 0 0 0 0 0 0 33.7002 99.2183 172.556 1160.97 
0.000654047782709987367 0.360936 0 260365 25.838 8.66306 7.53908 0 01 0 0 0 0 0 0 0 0 0 0 0 33.7002 99.2183 172.556 1160.97 
0.000654047782709987367 0.375102 0 39421 25.673 8.66603 7.54167 0 01 0 0 0 0 0 0 0 0 0 0 0 39.1686 105.126 270.663 1704.95 
0.000654047782709987367 0.387222 0 73589 27.9947 8.90218 7.74791 0 01 0 0 0 0 0 0 0 0 0 0 0 39.1686 105.126 270.663 1704.95 
0.000654047782709987367 0.389502 0 141353 27.2499 8.86491 7.71537 0 01 0 0 0 0 0 0 0 0 0 0 0 43.3668 105.596 479.779 1577.86 
0.000654047782709987367 0.409942 0 75139 25.8884 8.67077 7.54582 0 01 0 0 -0 0 0 0 -0 0 0 0 -0 43.3668 105.596 479.779 1577.86 
0.000654047782709987367 0.41936 0 41160 28.0132 8.90705 7.75215 0 01 0 0 0 0 0 0 0 0 0 0 0 37.5779 106.604 382.68 1200.93 
0.000654047782709987367 0.440639 0 6219 28.0697 8.92565 7.76839 0 01 -0 0 0 0 -0 0 0 0 -0 0 0 45.8751 101.624 984.12 2371.13 
0.000654047782709987367 0.446034 0 170681 26.196 8.71875 7.58773 0 01 0 0 0 0 0 0 0 0 0 0 0 45.8751 101.624 984.12 2371.13 
0.000654047782709987367 0.449877 0 171637 26.0749 8.69445 7.5665 0 01 0 -0 0 0 0 -0 0 0 0 -0 0 45.8751 101.624 984.12 2371.13 
0.000654047782709987367 0.453055 0 61856 28.5407 8.99836 7.83185 0 01 0 -0 0 0 0 -0 0 0 0 -0 0 45.8751 101.624 984.12 2371.13 
0.000654047782709987367 0.457122 0 153147 29.442 9.1209 7.93874 0 01 -0 0 0 0 -0 0 0 0 -0 0 0 45.8751 101.624 984.12 2371.13 
0.000654047782709987367 0.508791 0 89495 27.5396 8.89546 7.74204 0 01 -0 0 0 0 -0 0 0 0 -0 0 0 42.9868 109.862 414.037 1026.75 
0.000654047782709987367 0.513152 0 37014 28.4169 8.9794 7.8153 0 01 0 -0 0 0 0 -0 0 0 0 -0 0 42.9868 109.862 414.037 1026.75 
0.000654047782709987367 0.513476 0 339850 27.5548 8.90216 7.74789 0 01 -0 0 0 0 -0 0 0 0 -0 0 0 42.9868 109.862 414.037 1026.75 
0.000654047782709987367 0.519013 0 99537 28.3536 8.96671 7.80423 0 01 0 0 0 0 0 0 0 0 0 0 0 42.9868 109.862 414.037 1026.75 
0.000654047782709987367 0.530454 0 129259 29.8493 9.10283 7.92296 0 01 0 0 -0 0 0 0 -0 0 0 0 -0 40.5384 98.3918 368.215 1439.31 
0.000654047782709987367 0.535265 0 149828 25.8174 8.65837 7.53498 0 01 0 -0 0 0 0 -0 0 0 0 -0 0 40.5384 98.3918 368.215 1439.31 
0.000654047782709987367 0.535304 0 129944 28.0037 8.90757 7.75261 0 01 0 0 -0 0 0 0 -0 0 0 0 -0 40.5384 98.3918 368.215 1439.31 
0.000654047782709987367 0.560126 0 179360 28.9337 9.05835 7.8842 0 01 0 0 0 0 0 0 0 0 0 0 0 37.7657 109.877 419.098 1100.09 
0.000654047782709987367 0.567226 0 86890 0.0806663 8.95282 7.7921 0 01 0 0 0 0 0 0 0 0 0 0 0 37.7657 109.877 419.098 1100.09 
0.000654047782709987367 0.571407 0 335263 27.4531 8.8899 7.73719 0 01 0 -0 0 0 0 -0 0 0 0 -0 0 37.7657 109.877 419.098 1100.09 
0.000654047782709987367 0.577431 0 132710 27.7405 8.86248 7.71324 0 01 0 0 0 0 0 0 0 0 0 0 0 41.0666 92.0884 866.942 1283.37 
0.000654047782709987367 0.584024 0 185527 27.9668 8.89856 7.74474 0 01 -0 0 0 0 -0 0 0 0 -0 0 0 41.0666 92.0884 866.942 1283.37 
0.000654047782709987367 0.59392 0 105386 25.5418 8.63893 7.518 0 01 0 0 0 0 0 0 0 0 0 0 0 41.0666 92.0884 866.942 1283.37 
0.000654047782709987367 0.600503 0 226518 25.803 8.65486 7.53191 0 01 0 0 0 0 0 0 0 0 0 0 0 41.4378 110.153 506.352 1246.26 
0.000654047782709987367 0.602109 0 131510 26.0311 8.68698 7.55998 0 01 0 0 0 0 0 0 0 0 0 0 0 41.4378 110.153 506.352 1246.26 
0.000654047782709987367 0.611063 0 64738 25.6395 8.66313 7.53914 0 01 -0 0 0 0 -0 0 0 0 -0 0 0 41.4378 110.153 506.352 1246.26 
0.000654047782709987367 0.615913 0 257243 27.2074 8.86343 7.71407 0 01 0 0 0 0 0 0 0 0 0 0 0 41.4378 110.153 506.352 1246.26 
0.000654047782709987367 0.616066 0 346540 27.8273 8.87861 7.72733 0 01 -0 0 0 0 -0 0 0 0 -0 0 0 41.4378 110.153 506.352 1246.26 
0.000654047782709987367 0.618301 0 232834 26.0945 8.70677 7.57727 0 01 0 0 0 0 0 0 0 0 0 0 0 41.4378 110.153 506.352 1246.26 
0.000654047782709987367 0.638342 0 210569 26.0411 8.6885 7.5613 0 01 0 0 -0 0 0 0 -0 0 0 0 -0 32.2413 89.0865 555.26 988.983 
0.000654047782709987367 0.652543 0 131361 26.4753 8.76294 7.62635 0 01 0 0 0 0 0 0 0 0 0 0 0 38.6066 92.2123 199.931 872.774 
0.000654047782709987367 0.663884 0 195209 26.2463 8.72302 7.59147 0 01 -0 0 0 0 -0 0 0 0 -0 0 0 38.6066 92.2123 199.931 872.774 
0.000654047782709987367 0.664429 0 224840 28.2861 8.95799 7.79661 0 01 0 0 0 0 0 0 0 0 0 0 0 38.6066 92.2123 199.931 872.774 
0.000654047782709987367 0.674395 0 187038 27.069 8.84446 7.69751 0 01 0 0 0 0 0 0 0 0 0 0 0 36.6719 101.755 387.726 722.761 
0.000654047782709987367 0.688572 0 353010 29.0679 9.07453 7.89832 0 01 0 0 0 0 0 0 0 0 0 0 0 36.6719 101.755 387.726 722.761 
0.000654047782709987367 0.702143 0 215333 26.9624 8.83374 7.68816 0 01 0 0 0 0 0 0 0 0 0 0 0 29.5136 93.4946 84.542 331.877 
0.000654047782709987367 0.712447 0 67839 28.2831 8.95745 7.79615 0 01 0 0 -0 0 0 0 -0 0 0 0 -0 29.5136 93.4946 84.542 331.877 
0.000654047782709987367 0.715874 0 166801 27.6131 8.90976 7.75452 0 01 -0 0 0 0 -0 0 0 0 -0 0 0 43.5244 108.182 225.817 616.822 
0.000654047782709987367 0.719805 0 181037 27.2189 8.8613 7.71222 0 01 0 -0 0 0 0 -0 0 0 0 -0 0 43.5244 108.182 225.817 616.822 
0.000654047782709987367 0.728183 0 86949 29.7502 9.08398 7.90656 0 01 0 0 -0 0 0 0 -0 0 0 0 -0 43.5244 108.182 225.817 616.822 
0.000654047782709987367 0.739108 0 241647 27.1487 8.85546 7.70712 0 01 0 0 0 0 0 0 0 0 0 0 0 31.5567 91.6268 125.675 388.895 
0.000654047782709987367 0.750851 0 293121 29.6463 9.06643 7.89125 0 01 0 0 0 0 0 0 0 0 0 0 0 31.5567 91.6268 125.675 388.895 
0.000654047782709987367 0.761074 0 149264 27.311 8.87229 7.72181 0 01 0 0 0 0 0 0 0 0 0 0 0 31.5567 91.6268 125.675 388.895 
0.000654047782709987367 0.761085 0 81542 27.2419 8.86652 7.71677 0 01 0 0 0 0 0 0 0 0 0 0 0 31.5567 91.6268 125.675 388.895 
0.000654047782709987367 0.763039 0 171631 28.0086 8.90783 7.75284 0 01 0 0 0 0 0 0 0 0 0 0 0 31.5567 91.6268 125.675 388.895 
0.000654047782709987367 0.77753 0 19650 29.1244 9.08269 7.90543 0 01 -0 0 0 0 -0 0 0 0 -0 0 0 27.9357 89.3111 222.158 748.136 
0.000654047782709987367 0.779693 0 335816 29.2236 9.09672 7.91767 0 01 0 -0 0 0 0 -0 0 0 0 -0 0 27.9357 89.3111 222.158 748.136 
0.000654047782709987367 0.796441 0 223714 28.3313 8.96214 7.80024 0 01 0 0 0 0 0 0 0 0 0 0 0 26.5227 85.0624 72.595 286.685 
0.000654047782709987367 0.799981 0 18064 27.4481 8.88688 7.73455 0 01 0 0 0 0 0 0 0 0 0 0 0 26.5227 85.0624 72.595 286.685 
0.000654047782709987367 0.814789 0 185355 28.3386 8.96789 7.80525 0 01 0 0 0 0 0 0 0 0 0 0 0 26.5227 85.0624 72.595 286.685 
0.000654047782709987367 0.816813 0 321271 28.7216 9.03648 7.86511 0 01 0 0 0 0 0 0 0 0 0 0 0 35.6775 96.1708 372.425 658.979 
0.000654047782709987367 0.845239 0 228406 28.3649 8.96947 7.80663 0 01 0 0 0 0 0 0 0 0 0 0 0 24.7772 85.4975 2.69528 117.783 
0.000654047782709987367 0.849103 0 77143 25.7174 8.67129 7.54627 0 01 0 0 0 0 0 0 0 0 0 0 0 24.7772 85.4975 2.69528 117.783 
0.000654047782709987367 0.90712 0 166175 25.6275 8.66155 7.53776 0 01 0 0 0 0 0 0 0 0 0 0 0 34.5978 101.016 146.006 584.396 
0.000654047782709987367 1.00116 0 243100 28.143 8.9335 7.77524 0 01 0 -0 0 0 0 -0 0 0 0 -0 0 30.0978 90.2611 0 143.63 
0.000654047782709987367 1.0016 0 223552 27.8459 8.8778 7.72662 0 01 0 -0 0 0 0 -0 0 0 0 -0 0 30.0978 90.2611 0 143.63 
0.000654047782709987367 1.00334 0 289599 29.5754 9.13535 7.95134 0 01 0 0 0 0 0 0 0 0 0 0 0 30.0978 90.2611 0 143.63 
0.000654047782709987367 1.03535 0 207143 27.6503 8.84578 7.69866 0 01 0 0 0 0 0 0 0 0 0 0 0 38.344 82.8314 209.431 453.737 
0.000654047782709987367 1.0367 0 243230 26.6712 8.79118 7.651 0 01 0 0 0 0 0 0 0 0 0 0 0 38.344 82.8314 209.431 453.737 
0.000654047782709987367 1.04572 0 340718 27.2398 8.8671 7.71728 0 01 0 0 0 0 0 0 0 0 0 0 0 38.344 82.8314 209.431 453.737 
0.000654047782709987367 1.04912 0 201415 28.9879 9.05818 7.88405 0 01 0 0 0 0 0 0 0 0 0 0 0 38.344 82.8314 209.431 453.737 
0.000654047782709987367 1.05256 0 223825 27.3517 8.87579 7.72487 0 01 -0 0 0 0 -0 0 0 0 -0 0 0 34.2921 84.605 174.464 588.125 
0.000654047782709987367 1.06093 0 18681 26.3216 8.73589 7.60271 0 01 0 0 0 0 0 0 0 0 0 0 0 34.2921 84.605 174.464 588.125 
0.000654047782709987367 1.08461 0 242090 26.7187 8.8052 7.66324 0 01 -0 0 0 0 -0 0 0 0 -0 0 0 34.2921 84.605 174.464 588.125 
0.000654047782709987367 1.10022 0 248774 28.5498 9.0029 7.83581 0 01 0 -0 0 0 0 -0 0 0 0 -0 0 22.0719 76.1572 19.9409 47.8876 
0.000654047782709987367 1.11549 0 296004 28.2226 8.94738 7.78735 0 01 0 0 0 0 0 0 0 0 0 0 0 22.0719 76.1572 19.9409 47.8876 
0.000654047782709987367 1.13692 0 89672 26.1819 8.71758 7.58672 0 01 0 0 0 0 0 0 0 0 0 0 0 13.6633 78.5303 0 80.565 
0.000654047782709987367 1.17901 0 274730 29.6653 9.06862 7.89316 0 01 0 0 -0 0 0 0 -0 0 0 0 -0 18.8722 70.7155 0 44.5943 
0.000654047782709987367 1.19122 0 261741 29.0085 9.06703 7.89177 0 01 0 0 0 0 0 0 0 0 0 0 0 18.8722 70.7155 0 44.5943 
0.000654047782709987367 1.20754 0 313243 29.2039 9.09481 7.916 0 01 0 0 0 0 0 0 0 0 0 0 0 29.2909 74.25 12.1929 276.494 
0.000654047782709987367 1.21667 0 298005 27.3092 8.87263 7.72211 0 01 0 0 0 0 0 0 0 0 0 0 0 29.2909 74.25 12.1929 276.494 
0.000654047782709987367 1.21887 0 262055 27.8567 8.88277 7.73095 0 01 0 0 0 0 0 0 0 0 0 0 0 29.2909 74.25 12.1929 276.494 
0.000654047782709987367 1.31163 0 335749 26.272 8.72991 7.59749 0 01 0 0 0 0 0 0 0 0 0 0 0 19.5488 65.2159 0 304.509 
0.000654047782709987367 1.3179 0 308710 28.6661 9.02781 7.85755 0 01 0 0 0 0 0 0 0 0 0 0 0 19.5488 65.2159 0 304.509 
0.000654047782709987367 1.32344 0 309816 27.6032 8.89767 7.74397 0 01 0 0 0 0 0 0 0 0 0 0 0 19.5488 65.2159 0 304.509 
0.000654047782709987367 1.32501 0 331934 28.0534 8.92107 7.76439 0 01 0 -0 0 0 0 -0 0 0 0 -0 0 19.5488 65.2159 0 304.509 
0.000654047782709987367 1.33534 0 330072 26.8562 8.82425 7.67988 0 01 0 0 0 0 0 0 0 0 0 0 0 16.2723 74.3901 0 23.955 
0.000654047782709987367 1.37649 0 332349 25.6333 8.66237 7.53848 0 01 -0 0 0 0 -0 0 0 0 -0 0 0 22.5131 71.4573 1.48879 145.411 
0.000654047782709987367 1.38895 0 279797 27.9416 8.89456 7.74125 0 01 0 0 -0 0 0 0 -0 0 0 0 -0 22.5131 71.4573 1.48879 145.411 
0.000654047782709987367 1.42295 0 291918 28.3755 8.9742 7.81076 0 01 0 0 0 0 0 0 0 0 0 0 0 22.5131 71.4573 1.48879 145.411 
0.000654047782709987367 1.42815 0 369436 25.9777 8.67991 7.5538 0 01 -0 0 0 0 -0 0 0 0 -0 0 0 17.4612 62.6914 3.75316 141.299 
0.000654047782709987367 1.45895 0 158284 26.0693 8.69333 7.56553 0 01 0 0 0 0 0 0 0 0 0 0 0 17.4612 62.6914 3.75316 141.299 
0.000654047782709987367 1.49212 0 292326 27.1149 8.85252 7.70456 0 01 0 0 0 0 0 0 0 0 0 0 0 25.6773 78.5585 129.684 129.684 
0.000654047782709987367 1.51423 0 295684 26.5173 8.7663 7.62928 0 01 0 0 0 0 0 0 0 0 0 0 0 25.6773 78.5585 129.684 129.684 
0.000654047782709987367 1.55621 0 292369 29.8038 9.09573 7.91677 0 01 0 0 -0 0 0 0 -0 0 0 0 -0 17.2338 76.7119 0 76.3686 
0.000654047782709987367 1.5736 0 325539 26.0189 8.6803 7.55414 0 01 0 0 -0 0 0 0 -0 0 0 0 -0 17.2338 76.7119 0 76.3686 
0.000654047782709987367 1.62495 0 305193 26.4866 8.7617 7.62526 0 01 0 0 0 0 0 0 0 0 0 0 0 13.0639 52.407 0 307.805 
0.000654047782709987367 1.63355 0 250839 27.0503 8.84604 7.69889 0 01 0 0 0 0 0 0 0 0 0 0 0 13.0639 52.407 0 307.805 
0.000654047782709987367 1.65006 0 271389 29.7789 9.09105 7.91271 0 01 -0 0 0 0 -0 0 0 0 -0 0 0 13.0639 52.407 0 307.805 
0.000654047782709987367 1.66214 0 152125 29.2841 9.10297 7.92312 0 01 0 0 0 0 0 0 0 0 0 0 0 13.0639 52.407 0 307.805 
0.000654047782709987367 1.68685 0 352578 27.1776 8.85972 7.71084 0 01 0 0 0 0 0 0 0 0 0 0 0 6.83083 39.16 0 34.7695 
0.000654047782709987367 1.73846 0 54359 0 9.14298 7.958 0 01 0 0 0 0 0 0 0 0 0 0 0 6.83083 39.16 0 34.7695 
0.000654047782709987367 1.74021 0 366867 29.4376 9.12036 7.93828 0 01 0 0 0 0 0 0 0 0 0 0 0 6.83083 39.16 0 34.7695 
0.000654047782709987367 1.76427 0 48688 29.678 9.07009 7.89444 0 01 -0 0 0 0 -0 0 0 0 -0 0 0 12.4875 65.9619 55.0301 76.1815 
0.000654047782709987367 1.81251 0 300870 27.9003 8.88736 7.73496 0 01 0 0 -0 0 0 0 -0 0 0 0 -0 12.4875 65.9619 55.0301 76.1815 
0.000654047782709987367 1.84993 0 338496 27.3373 8.87705 7.72597 0 01 0 0 -0 0 0 0 -0 0 0 0 -0 7.3905 39.232 0 1.24307 
0.000654047782709987367 1.86351 0 332721 28.6521 9.02503 7.85512 0 01 0 0 0 0 0 0 0 0 0 0 0 7.3905 39.232 0 1.24307 
0.000654047782709987367 1.89971 0 279961 26.3148 8.72922 7.59688 0 01 0 0 0 0 0 0 0 0 0 0 0 7.3905 39.232 0 1.24307 
0.000654047782709987367 1.90218 0 344896 28.3557 8.96941 7.80658 0 01 -0 0 0 0 -0 0 0 0 -0 0 0 7.3905 39.232 0 1.24307 
0.000654047782709987367 1.95209 0 239877 28.678 9.03011 7.85955 0 01 0 0 0 0 0 0 0 0 0 0 0 21.6094 47.1241 2.02086 35.879 
0.000654047782709987367 1.99393 0 367285 29.6525 9.06717 7.89189 0 01 0 -0 0 0 0 -0 0 0 0 -0 0 21.6094 47.1241 2.02086 35.879 
0.000654047782709987367 2.17341 0 360776 29.5502 9.13238 7.94876 0 01 0 0 -0 0 0 0 -0 0 0 0 -0 13.2634 41.6028 0 0 
0.000654047782709987367 2.42277 0 304714 26.9905 8.83805 7.69192 0 01 0 0 0 0 0 0 0 0 0 0 0 9.33632 32.9749 0 0 
0.000654047782709987367 2.62159 0 55732 28.4725 8.98634 7.82136 0 01 0 0 -0 0 0 0 -0 0 0 0 -0 2.46101 43.1243 0 0 
0.000654047782709987367 2.76307 0 392518 29.4353 9.12008 7.93804 0 01 0 -0 0 0 0 -0 0 0 0 -0 0 11.0109 33.6821 0 5.86797 
0.000654047782709987367 3.05327 0 365272 28.0702 8.92616 7.76883 0 01 0 0 0 0 0 0 0 0 0 0 0 3.08955 9.46852 0 0 
0.000654047782709987367 3.55187 0 387605 29.0408 9.0709 7.89514 0 01 0 0 0 0 0 0 0 0 0 0 0 3.08955 9.46852 0 0 
0.00078140269096733841 0.16007 1 419843 0 8.75381 7.61836 0 0 2 -24.6046 -3.87087 -2.39183 0 -0 0 0 0 -0 0 0 30.224 73.7544 1224.7 2673.54 
0.00078140269096733841 0.194641 0 5708 23.4869 8.45161 7.60645 0 01 0 0 0 0 0 0 0 0 0 0 0 42.1736 108.498 764.456 1674.64 
0.00078140269096733841 0.196935 0 163317 24.8582 8.60971 7.49246 0 01 -0 0 0 0 -0 0 0 0 -0 0 0 42.1736 108.498 764.456 1674.64 
0.00078140269096733841 0.249686 0 77879 24.5368 8.56656 7.45476 0 01 -0 0 0 0 -0 0 0 0 -0 0 0 47.6652 119.221 1177.72 1980.75 
0.00078140269096733841 0.302462 0 73656 24.4481 8.55128 7.44141 0 01 0 0 0 0 0 0 0 0 0 0 0 55.3215 131.547 776.276 1994.31 
0.00078140269096733841 0.326241 0 187804 24.3237 8.53407 7.42637 0 01 0 0 0 0 0 0 0 0 0 0 0 52.8281 123.509 674.884 1652.14 
0.00078140269096733841 0.354138 0 327342 24.5396 8.56603 7.4543 0 01 0 0 0 0 0 0 0 0 0 0 0 56.8392 132.344 933.496 2485.36 
0.00078140269096733841 0.356257 0 96095 23.6268 8.48628 7.38461 0 01 0 -0 0 0 0 -0 0 0 0 -0 0 56.8392 132.344 933.496 2485.36 
0.00078140269096733841 0.38968 0 272148 23.8146 8.39905 7.55914 0 01 -0 0 0 0 -0 0 0 0 -0 0 0 65.5949 139.195 1182.86 2772.66 
0.00078140269096733841 0.472251 0 190351 23.2074 8.29944 7.46949 0 01 0 0 0 0 0 0 0 0 0 0 0 57.5408 136.95 380.408 958.559 
0.00078140269096733841 0.474054 0 81629 24.9271 8.61674 7.49861 0 01 0 0 0 0 0 0 0 0 0 0 0 57.5408 136.95 380.408 958.559 
0.00078140269096733841 0.518396 0 63470 24.6264 8.57908 7.4657 0 01 0 0 0 0 0 0 0 0 0 0 0 61.3675 145.598 1097.66 1933.6 
0.00078140269096733841 0.521826 0 165677 24.2251 8.52037 7.4144 0 01 0 0 0 0 0 0 0 0 0 0 0 55.156 152.148 434.91 1522.05 
0.00078140269096733841 0.558066 0 232722 24.1491 8.50624 7.40206 0 01 0 0 0 0 0 0 0 0 0 0 0 51.4548 136.06 573.586 1786.78 
0.00078140269096733841 0.596922 0 226925 24.6372 8.57987 7.4664 0 01 -0 0 0 0 -0 0 0 0 -0 0 0 43.1299 125.15 297.36 1130.86 
0.00078140269096733841 0.601563 0 109592 23.684 8.49365 7.39105 0 01 0 0 0 0 0 0 0 0 0 0 0 43.1299 125.15 297.36 1130.86 
0.00078140269096733841 0.632996 0 144498 24.3374 8.53652 7.42851 0 01 0 0 0 0 0 0 0 0 0 0 0 53.3926 148.599 254.497 719.886 
0.00078140269096733841 0.642919 0 165019 24.9833 8.62259 7.50372 0 01 -0 0 0 0 -0 0 0 0 -0 0 0 55.4371 132.13 895.471 1238.15 
0.00078140269096733841 0.750377 0 112460 25.4119 8.62264 7.50377 0 01 0 0 -0 0 0 0 -0 0 0 0 -0 45.1581 133.214 365.233 545.365 
0.00078140269096733841 0.757627 0 218580 24.8244 8.60363 7.48716 0 01 0 0 -0 0 0 0 -0 0 0 0 -0 44.345 126.41 246.753 478.049 
0.00078140269096733841 0.798427 0 300953 24.441 8.55292 7.44284 0 01 0 -0 0 0 0 -0 0 0 0 -0 0 54.582 139.201 33.0607 311.42 
0.00078140269096733841 0.80322 0 190546 25.1519 8.63806 7.51724 0 01 0 0 0 0 0 0 0 0 0 0 0 54.582 139.201 33.0607 311.42 
0.00078140269096733841 0.807537 0 186121 24.8636 8.60701 7.49011 0 01 -0 0 0 0 -0 0 0 0 -0 0 0 44.0948 119.257 357.179 965.515 
0.00078140269096733841 0.887081 0 118226 24.3179 8.53488 7.42708 0 01 0 0 0 0 0 0 0 0 0 0 0 50.3895 131.365 296.417 822.037 
0.00078140269096733841 0.924372 0 350672 24.4671 8.55419 7.44396 0 01 0 0 0 0 0 0 0 0 0 0 0 43.5844 117.874 286.523 636.855 
0.00078140269096733841 0.927485 0 215725 23.8596 8.42628 7.58365 0 01 0 0 0 0 0 0 0 0 0 0 0 43.5844 117.874 286.523 636.855 
0.00078140269096733841 0.953682 0 199257 23.1499 8.26507 7.43856 0 01 0 0 0 0 0 0 0 0 0 0 0 36.449 103.545 95.6771 471.598 
0.00078140269096733841 0.974301 0 415520 0.120356 11.2851 7.20931 0 130.1741 70.613 -52.093 96.1529 0 0 0 0 0 0 0 0 33.6495 101.848 103.665 659.221 
0.00078140269096733841 0.977779 0 126498 25.4469 8.62766 7.50814 0 01 0 0 -0 0 0 0 -0 0 0 0 -0 33.6495 101.848 103.665 659.221 
0.00078140269096733841 1.02308 0 83813 23.7236 8.49481 7.39207 0 01 0 0 0 0 0 0 0 0 0 0 0 41.7242 113.045 88.1558 547.161 
0.00078140269096733841 1.02955 0 273440 24.4999 8.56127 7.45014 0 01 0 0 -0 0 0 0 -0 0 0 0 -0 41.7242 113.045 88.1558 547.161 
0.00078140269096733841 1.03084 0 140637 24.8446 8.60885 7.49172 0 01 0 0 0 0 0 0 0 0 0 0 0 41.7242 113.045 88.1558 547.161 
0.00078140269096733841 1.0495 0 87460 24.6284 8.57794 7.46471 0 01 -0 0 0 0 -0 0 0 0 -0 0 0 46.3385 116.894 192.409 367.349 
0.00078140269096733841 1.04992 0 212127 23.5537 8.47995 7.63195 0 01 -0 0 0 0 -0 0 0 0 -0 0 0 46.3385 116.894 192.409 367.349 
0.00078140269096733841 1.05419 0 197303 24.8468 8.60656 7.48971 0 01 0 0 0 0 0 0 0 0 0 0 0 46.3385 116.894 192.409 367.349 
0.00078140269096733841 1.07558 0 279622 70.9066 8.68201 7.55563 0 01 -0 0 0 0 -0 0 0 0 -0 0 0 39.1057 116.171 205.1 457.42 
0.00078140269096733841 1.08547 0 284557 23.6294 8.48588 7.38426 0 01 0 0 0 0 0 0 0 0 0 0 0 39.1057 116.171 205.1 457.42 
0.00078140269096733841 1.09191 0 327371 23.59 8.48551 7.38394 0 01 0 0 0 0 0 0 0 0 0 0 0 39.1057 116.171 205.1 457.42 
0.00078140269096733841 1.16692 0 315518 25.3638 8.61125 7.49381 0 01 0 0 -0 0 0 0 -0 0 0 0 -0 34.847 112.606 37.1378 953.827 
0.00078140269096733841 1.181 0 270726 24.975 8.61878 7.50039 0 01 0 0 0 0 0 0 0 0 0 0 0 35.9079 114.047 0 177.069 
0.00078140269096733841 1.27616 0 229597 23.781 8.50453 7.40056 0 01 0 0 0 0 0 0 0 0 0 0 0 37.1529 101.287 170.986 177.659 
0.00078140269096733841 1.29123 0 344291 24.714 8.59284 7.47772 0 01 0 -0 0 0 0 -0 0 0 0 -0 0 37.1529 101.287 170.986 177.659 
0.00078140269096733841 1.31042 0 353771 24.5135 8.56028 7.44927 0 01 0 0 0 0 0 0 0 0 0 0 0 25.2214 88.8643 3.08038 461.081 
0.00078140269096733841 1.31047 1 418711 28.3011 8.99194 7.82624 0 0 2 -0.482849 -24.9354 -6.73969 0 -0 0 0 0 -0 0 0 25.2214 88.8643 3.08038 461.081 
0.00078140269096733841 1.31128 0 185177 24.903 8.61391 7.49613 0 01 0 0 0 0 0 0 0 0 0 0 0 25.2214 88.8643 3.08038 461.081 
0.00078140269096733841 1.3157 0 74516 23.4024 8.41578 7.5742 0 01 0 0 0 0 0 0 0 0 0 0 0 25.2214 88.8643 3.08038 461.081 
0.00078140269096733841 1.36988 0 305362 25.5252 8.63696 7.51626 0 01 0 -0 0 0 0 -0 0 0 0 -0 0 31.4752 94.6424 35.178 131.6 
0.00078140269096733841 1.4431 0 362626 23.6173 8.48903 7.38701 0 01 0 0 0 0 0 0 0 0 0 0 0 28.5257 78.394 17.5508 108.169 
0.00078140269096733841 1.45034 0 317111 23.1091 8.24023 7.41621 0 01 0 0 -0 0 0 0 -0 0 0 0 -0 29.4883 78.1364 7.27305 589.658 
0.00078140269096733841 1.45378 0 77061 23.5 8.4572 7.61148 0 01 0 0 0 0 0 0 0 0 0 0 0 29.4883 78.1364 7.27305 589.658 
0.00078140269096733841 1.49588 0 312777 25.2581 8.64756 7.52554 0 01 0 0 0 0 0 0 0 0 0 0 0 29.4883 78.1364 7.27305 589.658 
0.00078140269096733841 1.51082 0 347707 23.91 8.45687 7.61119 0 01 0 -0 0 0 0 -0 0 0 0 -0 0 39.7517 93.3656 155.515 338.482 
0.00078140269096733841 1.51472 0 291484 24.5372 8.56675 7.45493 0 01 0 0 0 0 0 0 0 0 0 0 0 39.7517 93.3656 155.515 338.482 
0.00078140269096733841 1.52749 0 262693 24.9211 8.61279 7.49516 0 01 0 0 -0 0 0 0 -0 0 0 0 -0 39.7517 93.3656 155.515 338.482 
0.00078140269096733841 1.58132 0 361214 24.1206 8.50622 7.40204 0 01 0 -0 0 0 0 -0 0 0 0 -0 0 23.8992 98.5821 18.1943 67.3854 
0.00078140269096733841 1.64002 0 224434 25.1471 8.6403 7.51919 0 01 0 0 0 0 0 0 0 0 0 0 0 31.5181 88.0344 39.21 82.9935 
0.00078140269096733841 1.68282 0 323371 25.0855 8.63326 7.51304 0 01 0 -0 0 0 0 -0 0 0 0 -0 0 31.5181 88.0344 39.21 82.9935 
0.00078140269096733841 1.698 0 350281 25.2405 8.63831 7.51745 0 01 0 0 0 0 0 0 0 0 0 0 0 13.8874 55.4922 40.7617 43.099 
0.00078140269096733841 1.72462 0 350954 25.455 8.62899 7.50931 0 01 0 0 0 0 0 0 0 0 0 0 0 13.8874 55.4922 40.7617 43.099 
0.00078140269096733841 1.7279 0 251151 23.4299 8.42742 7.58468 0 01 0 0 0 0 0 0 0 0 0 0 0 13.8874 55.4922 40.7617 43.099 
0.00078140269096733841 1.74945 0 298399 25.1847 8.64021 7.51912 0 01 0 -0 0 0 0 -0 0 0 0 -0 0 13.8874 55.4922 40.7617 43.099 
0.00078140269096733841 1.75668 0 345478 24.9648 8.61676 7.49862 0 01 0 0 0 0 0 0 0 0 0 0 0 13.8874 55.4922 40.7617 43.099 
0.00078140269096733841 1.87007 0 373425 25.4531 8.62865 7.50902 0 01 0 0 0 0 0 0 0 0 0 0 0 13.3456 60.6942 0 131.299 
0.00078140269096733841 1.95502 1 419771 21.347 8.8263 7.68167 0 0 2 16.4774 8.38066 -11.735 0 0 0 0 0 0 0 0 21.9616 81.6154 11.2409 218.657 
0.00078140269096733841 1.99882 0 264646 24.3668 8.53989 7.43146 0 01 0 -0 0 0 0 -0 0 0 0 -0 0 21.9616 81.6154 11.2409 218.657 
0.00078140269096733841 2.03786 0 363707 0 9.64247 5.89835 0 188.9281 188.919 -1.82479 -0.283737 0 0 -0 0 0 0 -0 0 21.9616 81.6154 11.2409 218.657 
0.00078140269096733841 2.31694 0 371033 23.9911 8.48481 7.38332 0 01 0 0 0 0 0 0 0 0 0 0 0 31.0111 50.1921 32.4933 141.56 
0.00078140269096733841 2.62812 0 383924 24.5021 8.56161 7.45044 0 01 0 0 0 0 0 0 0 0 0 0 0 2.61184 46.921 0 10.1856 
0.00078140269096733841 2.88373 0 376360 23.3435 8.39063 7.55157 0 01 0 0 -0 0 0 0 -0 0 0 0 -0 11.6969 48.988 18.263 18.263 
0.00078140269096733841 2.90397 0 219251 24.7221 8.59338 7.47819 0 01 0 0 -0 0 0 0 -0 0 0 0 -0 11.6969 48.988 18.263 18.263 
0.00078140269096733841 2.91672 0 292351 25.3548 8.60975 7.4925 0 01 0 0 0 0 0 0 0 0 0 0 0 11.6969 48.988 18.263 18.263 
0.00078140269096733841 2.91995 0 223851 25.3818 8.6148 7.49691 0 01 0 0 -0 0 0 0 -0 0 0 0 -0 11.6969 48.988 18.263 18.263 
0.00078140269096733841 2.95835 0 342776 24.1853 8.51698 7.41144 0 01 -0 0 0 0 -0 0 0 0 -0 0 0 11.6969 48.988 18.263 18.263 
0.000977603845819984213 0.25179 0 403502 0.149074 9.64347 5.89886 0 79.66861 43.7985 -63.6789 -19.3332 0 0 0 -0 0 0 0 -0 72.8876 155.06 1272.67 3145.49 
0.000977603845819984213 0.367956 0 401491 0.268307 10.2261 6.25742 0 101.2921 -3.66986 -101.104 4.95107 0 0 -0 0 0 0 -0 0 77.0277 185.637 966.467 2727.09 
0.00130438220837917262 4.0662 0 409171 0 8.89897 7.74511 0 01 -0 0 0 0 -0 0 0 0 -0 0 0 10.1195 38.1479 17.9083 17.9083 
0.00130438220837917262 12.3504 0 403415 0.269261 9.40034 8.18226 0 01 0 0 -0 0 0 0 -0 0 0 0 -0 10.1195 38.1479 17.9083 17.9083 
0.00169198867289805256 3.52487 0 407341 0 8.59149 7.47655 0 01 -0 0 0 0 -0 0 0 0 -0 0 0 3.53492 48.4857 0 0 
