#1:time #2:r #3.binary? #4:ID #5:zams_m #6:m_progenitor #7:bh mass #8:bh_spin #9:birth-kick(km/s) #10-25:vsarray
0.00704550229437939362 0.426744 1 40380 0 35.9761 32.3785 0 0 1 0.408053 0.682216 -0.0649146 0 0 0 0 0 0 0 0 0.416131 2.06701 0 0 
0.00715746406423584721 0.679856 0 442674 0.102653 45.7322 41.159 0 01 0 0 0 0 0 0 0 0 0 0 0 0 0 0 0 
0.00721064528415682904 1.0258 0 758631 0.850504 46.1732 41.5558 0 01 0 0 -0 0 0 0 -0 0 0 0 -0 0 0 0 0 
0.00723779660712445348 0.193788 1 281701 0 36.3532 32.7178 0 0 1 -0.606218 -0.591427 0.130171 0 0 0 0 0 0 0 0 2.26651 4.38249 886.077 1721.58 
0.00730616736424729608 0.309771 1 430784 0 36.4424 32.7982 0 0 2 0.00451861 -0.005001 0.00474594 0 0 -0 0 0 0 -0 0 0.608657 0.608657 0 0 
0.00743091805325634628 0.724446 0 548822 0 46.134 41.5206 0 01 0 0 0 0 0 0 0 0 0 0 0 0 0 0 0 
0.00746312238633907703 0.097455 1 503348 0 33.7554 30.3799 0 0 2 0.845311 -0.648258 0.55328 0 0 -0 0 0 0 -0 0 1.71794 4.75272 3976.33 5144.91 
0.00752866109763730001 0.235776 1 529227 0 32.8049 29.5244 0 0 2 0.000566411 0.00622594 -0.0124062 0 0 0 0 0 0 0 0 0.509926 2.47033 0 308.085 
0.00764528379930047141 0.531077 1 477732 0 31.6786 28.5107 0 0 1 -0.0927604 0.618598 -0.134881 0 0 0 0 0 0 0 0 1.61334 2.16175 131.867 131.867 
0.00766353403131131775 0.273258 1 259495 0 31.0088 27.9079 0 0 1 -0.382925 -0.0024782 0.590101 0 0 0 0 0 0 0 0 0.267859 2.18244 0 10.1311 
0.00767034151744752299 0.555133 0 549352 0.288057 39.6058 35.6453 0 01 0 0 0 0 0 0 0 0 0 0 0 0.543399 2.74471 0 2.27107 
0.00776037718485064927 0.549719 1 737450 0 30.2861 27.2575 0 0 1 -0.534356 -0.175659 0.558383 0 0 0 0 0 0 0 0 0.550743 1.09992 0 0 
0.00777122378208820307 0.445669 1 176205 0 29.9609 26.9648 0 0 1 0.737578 -0.253545 0.483643 0 0 -0 0 0 0 -0 0 0.427225 0.876388 0 0 
0.00794341628879036837 0.252934 1 547627 0 29.002 26.1018 0 0 2 0.0111795 0.087796 0.503833 0 0 0 0 0 0 0 0 1.95508 4.93208 297.423 1297.31 
0.00794864260275356289 0.236241 0 489804 0.167 33.3619 30.0257 0 01 0 0 0 0 0 0 0 0 0 0 0 1.47353 4.12617 1.02229 1.02229 
0.00796140744480964592 0.800093 0 218214 81.2453 33.0927 29.7835 0 01 0 0 0 0 0 0 0 0 0 0 0 0 0 0 0 
0.00798296319356063717 0.476801 1 395360 0 27.3702 24.6332 0 0 2 0.0362329 -0.0547854 0.000735499 0 0 0 0 0 0 0 0 0.468105 2.32259 0 17.9412 
0.00800568609759336712 0.149769 1 451363 0 27.5958 24.8362 0 0 1 -0.829356 0.667292 0.563371 0 0 0 0 0 0 0 0 2.58412 5.09102 424.065 2773.31 
0.00803857493942183171 0.184755 1 455922 0 27.9478 25.153 0 0 1 0.115978 0.459467 -0.281035 0 0 0 0 0 0 0 0 1.76729 5.08667 301.309 301.309 
0.00805863916074167803 0.154053 1 442828 0 27.3398 24.6058 0 0 1 -0.588382 0.168951 0.103107 0 0 0 0 0 0 0 0 2.89484 4.62829 988.606 4064.41 
0.00810933025030397513 0.926924 0 596471 0.736773 31.8646 28.6782 0 01 0 0 0 0 0 0 0 0 0 0 0 0 0 0 0 
0.00811724870034239224 0.25482 1 429114 0 25.9706 23.3735 0 0 1 0.350057 -0.776376 -0.0284148 0 0 0 0 0 0 0 0 0 0.714533 0 0 
0.00817346218212192284 0.609736 1 508816 0 28.1293 25.3164 0 0 1 0.458278 0.326036 0.147986 0 0 0 0 0 0 0 0 0 1.25006 0 0 
0.00823480160486120619 0.573328 1 420882 0 26.6786 24.0108 0 0 1 -0.0147836 -0.357445 0.229971 0 0 -0 0 0 0 -0 0 0 0 0 0 
0.00829489368528121655 1.52715 0 328227 72.1206 28.5362 25.6825 0 01 0 -0 0 0 0 -0 0 0 0 -0 0 0 0 0 0 
0.00834724356421300343 0.198466 1 421063 0 24.7159 22.2443 0 0 1 0.424194 -0.398021 0.00165263 0 0 0 0 0 0 0 0 1.45771 4.54289 0 693.282 
0.00836953012333975684 0.551318 0 593852 0.242792 24.316 21.8844 0 01 0 0 0 0 0 0 0 0 0 0 0 0 2.71375 0 0 
0.0083762208884852838 0.03212 0 494532 0.10708 27.6835 24.9151 0 01 0 0 0 0 0 0 0 0 0 0 0 5.32415 7.5057 8551.39 19299.2 
0.0083993793174090732 0.663417 0 674712 0.169459 27.5404 24.7864 0 01 0 0 0 0 0 0 0 0 0 0 0 0 0.657444 0 0 
0.00843750042996906265 0.270274 1 24013 0 23.3668 21.0301 0 0 1 0.0625245 -1.00043 0.430694 0 0 0 0 0 0 0 0 1.34671 2.7057 0 795.122 
0.00845398378324855627 0.558487 1 372935 0 23.8101 21.4291 0 0 1 -0.128479 0.171492 -0.808177 0 0 0 -0 0 0 0 -0 0 0 0 0 
0.00851655335291348452 0.368862 1 471259 0 24.045 21.6405 0 0 2 -0.299903 0.328001 -0.0977168 0 0 0 0 0 0 0 0 0.347252 1.41563 0 0 
0.00852195295240272196 0.53487 0 481608 0.0938822 26.1288 23.5159 0 01 0 0 0 0 0 0 0 0 0 0 0 0 0.540893 0 0 
0.00854083024021108465 0.259175 0 531333 0.151987 26.1062 23.4955 0 01 0 0 0 0 0 0 0 0 0 0 0 0.754101 1.98193 167.233 167.233 
0.00861843904670573507 0.588569 1 71530 0 22.508 20.2572 0 0 1 -0.254892 -0.22071 -0.546972 0 0 0 -0 0 0 0 -0 0 0 0 0 
0.00862517511745590319 0.199486 0 654581 0.215205 25.2945 22.765 0 01 0 0 0 0 0 0 0 0 0 0 0 2.6193 4.09975 3254.32 4600.98 
0.00864166832374067481 0.223403 1 196871 0 23.3412 21.0071 0 0 1 -0.271175 0.303025 0.291496 0 0 0 0 0 0 0 0 0.822717 1.70941 0 373.503 
0.00865329298742167387 0.199533 1 88100 0 22.0677 19.8609 0 0 1 0.000531494 0.368997 0.894742 0 0 0 0 0 0 0 0 2.37599 6.06124 10.8694 1851.96 
0.00866771491951282697 0.171968 1 483863 0 24.5166 22.0649 0 0 1 -0.266162 -2.1404 0.102164 0 0 -0 0 0 0 -0 0 2.22374 4.37545 727.54 731.86 
0.00867805451296073047 0.386405 1 12700 0 21.85 19.665 0 0 1 -0.414293 -0.132039 0.479509 0 0 0 0 0 0 0 0 0.794077 2.74871 0 576.885 
0.00873636070038243638 0.894445 0 562452 0.151554 24.3289 21.896 0 01 0 0 0 0 0 0 0 0 0 0 0 0 0.888235 0 0 
0.00873945790043252277 0.573081 0 431012 0.081518 21.9503 19.7553 0 01 0 0 -0 0 0 0 -0 0 0 0 -0 1.13289 1.70599 0 14.1744 
0.00876199441100211987 0.463244 0 445687 0.134273 24.1947 21.7752 0 01 0 0 -0 0 0 0 -0 0 0 0 -0 0.921273 2.30873 0 98.8127 
0.0087723442340682245 0.112011 1 458308 0 22.9297 20.6367 0 0 1 -0.0402261 -0.65748 0.338729 0 0 -0 0 0 0 -0 0 4.19836 5.62618 3004.85 11138.7 
0.00885781821725073124 0.281271 1 181303 0 20.7175 18.6457 0 0 1 0.958455 -0.489249 0.300155 0 0 0 0 0 0 0 0 0.265619 2.48702 0 0 
0.00886762953306122551 0.0754427 1 465431 0 22.8782 20.5904 0 0 2 -0.00711543 0.0532251 -0.0211801 0 0 0 0 0 0 0 0 2.1415 4.64724 6375.64 12161.7 
0.00887269856510781302 3.82973 0 197790 0.105513 23.24 20.916 0 01 0 0 0 0 0 0 0 0 0 0 0 0 0 0 0 
0.00887441847783666457 0.322661 1 584435 0 20.9357 18.8421 0 0 2 0.0620065 -0.744885 -0.283991 0 0 0 0 0 0 0 0 0 0.646521 0 0 
0.00891362436806278705 0.22322 1 295960 0 20.5087 18.4578 0 0 1 -0.109815 -0.372397 0.401911 0 0 -0 0 0 0 -0 0 1.30654 2.37826 774.89 774.89 
0.00891510913092303202 0.357107 0 434638 0.13828 22.902 20.6118 0 01 0 0 0 0 0 0 0 0 0 0 0 1.42216 2.87491 0 186.522 
0.00891817626974997571 0.219153 0 476775 0.0967359 23.1907 20.8716 0 01 0 0 -0 0 0 0 -0 0 0 0 -0 2.38851 4.96917 304.554 1813.87 
0.00898499266749830904 0.126253 1 176147 0 20.6166 18.555 0 0 1 0.360516 0.865423 -0.275119 0 0 0 -0 0 0 0 -0 1.37252 3.42338 0 374.642 
0.0089899104603927537 0.437259 0 426834 0.0956775 22.4036 20.1633 0 01 0 0 0 0 0 0 0 0 0 0 0 0 0.428992 0 0 
0.00899403351203468572 0.265904 0 537348 0.844036 22.4175 20.1758 0 01 0 -0 0 0 0 -0 0 0 0 -0 0 0.266916 1.92587 0 254.72 
0.00904588797435724318 0.153427 0 503411 0.483385 21.1915 19.0723 0 01 -0 0 0 0 -0 0 0 0 -0 0 0 1.82223 4.64751 1215.63 4325.17 
0.00904921745523698355 0.167623 0 422250 0.500134 21.949 19.7541 0 01 0 -0 0 0 0 -0 0 0 0 -0 0 2.07682 3.86232 0 157.809 
0.00910114127428945062 1.18727 0 493978 0.119184 21.6639 19.4975 0 01 0 0 -0 0 0 0 -0 0 0 0 -0 1.197 1.197 26.2643 26.2643 
0.0091180123330551234 0.530512 1 441781 0 19.8917 17.9025 0 0 2 -0.0665303 1.54855 0.513598 0 0 0 0 0 0 0 0 0.537214 0.537214 0 0 
0.00912743071673043777 0.268233 0 465225 0.361737 21.6342 19.4707 0 01 0 -0 0 0 0 -0 0 0 0 -0 0 0 0.557553 0 0 
0.00912934594915515776 0.306862 0 731833 0.361427 21.6124 19.4512 0 01 0 0 0 0 0 0 0 0 0 0 0 0.296384 4.289 0 0 
0.00914380238187661835 0.121108 0 629207 0.238126 21.5437 19.3893 0 01 0 0 0 0 0 0 0 0 0 0 0 4.25816 6.39656 10454.8 19511.8 
0.00916669795043947161 0.425296 0 243358 57.0413 21.3559 19.2203 0 01 0 -0 0 0 0 -0 0 0 0 -0 0 0.436391 2.18541 0 0 
0.00917623705828456843 0.458483 0 579515 0.13079 21.1094 18.9985 0 01 -0 0 0 0 -0 0 0 0 -0 0 0 0 0 0 0 
0.00918360813751180165 0.41255 0 614276 0 21.2193 19.0973 0 01 0 0 0 0 0 0 0 0 0 0 0 0 0.840597 0 0 
0.00921642308455867393 0.142973 0 432712 0.41448 21.1583 19.0424 0 01 0 0 0 0 0 0 0 0 0 0 0 1.99574 5.09426 578.984 2660.6 
0.00925026596568050835 0.0938518 1 383467 0 18.985 17.0865 0 0 1 0.60901 0.725239 0.105112 0 0 0 0 0 0 0 0 0.885352 3.07277 1234.23 2238.25 
0.00928612657594627723 0.352126 1 235966 0 19.0477 17.1429 0 0 1 0.260241 0.481836 0.938755 0 0 0 0 0 0 0 0 0 0 0 0 
0.00930739797224914775 0.370718 0 441750 40.7464 20.4817 18.4335 0 01 0 -0 0 0 0 -0 0 0 0 -0 0 0 3.03281 0 0 
0.00931467463033352518 0.168883 0 486208 0.181619 20.5296 18.4766 0 01 0 0 0 0 0 0 0 0 0 0 0 2.17289 3.56456 0 437.352 
0.00934630007951482017 0.30901 0 420835 0.0815812 20.1143 18.1028 0 01 -0 0 0 0 -0 0 0 0 -0 0 0 0 1.23545 0 0 
0.00939020806158725498 0.137288 0 617575 0.200999 19.8962 17.9065 0 01 0 0 0 0 0 0 0 0 0 0 0 1.91098 4.16225 0 844.929 
0.00940251652970766974 0.223449 0 381642 54.1803 20.0555 18.05 0 01 0 0 0 0 0 0 0 0 0 0 0 2.65744 5.09315 510.382 1291.82 
0.00940846351474033948 0.122575 0 425144 0.148461 19.748 17.7732 0 01 0 0 -0 0 0 0 -0 0 0 0 -0 1.9991 4.22851 2140.24 2841.85 
0.00948136616007840341 0.519749 1 277897 0 18.1523 16.3319 0 0 2 -0.0465417 0.597419 -1.28641 0 -0 0 0 0 -0 0 0 0.518722 2.06187 0 0 
0.00948831928206643298 2.00846 0 379809 53.2254 19.6237 17.6614 0 01 0 0 0 0 0 0 0 0 0 0 0 0 0 0 0 
0.00950391804168276323 0.0359839 0 426417 0.250478 20.2333 18.2099 0 01 0 0 0 0 0 0 0 0 0 0 0 2.21282 4.86859 6252.31 8463.68 
0.00954782042064233893 0.433498 0 457483 0.140047 19.2533 17.328 0 01 -0 0 0 0 -0 0 0 0 -0 0 0 0 0 0 0 
0.00955577025707088704 0.230575 0 111644 0.258446 19.2263 17.3037 0 01 0 0 -0 0 0 0 -0 0 0 0 -0 1.08642 3.70464 0 0 
0.00957376712836634919 0.727542 0 424628 0.0904762 19.0873 17.1786 0 01 0 -0 0 0 0 -0 0 0 0 -0 0 0 0 0 0 
0.00958131415494206315 0.0743603 0 585646 0.097653 19.2115 17.2903 0 01 0 0 0 0 0 0 0 0 0 0 0 1.48204 3.70786 831.753 6790.3 
0.00958934522746974875 0.244609 0 440035 0.107398 19.3243 17.3918 0 01 0 0 0 0 0 0 0 0 0 0 0 0.736567 1.71915 0 194.868 
0.00959203300526741999 0.108431 0 448214 1.01722 18.9078 17.017 0 01 0 0 0 0 0 0 0 0 0 0 0 4.49171 6.24952 8049.22 19383.9 
0.00963388543505570329 0.689907 0 443085 0.751954 18.8955 17.006 0 01 0 0 0 0 0 0 0 0 0 0 0 0 1.37244 0 0 
0.00965778671707945117 0.331035 0 441366 0.197192 18.7181 16.8463 0 01 0 0 0 0 0 0 0 0 0 0 0 0.330457 0.654312 0 0 
0.00968611866914754691 0.175162 1 430721 0 19.1611 17.245 0 0 1 -0.163655 -0.153924 -0.0122526 0 0 0 0 0 0 0 0 1.61141 5.8722 0 75.4556 
0.00971064117423876307 1.20934 0 344057 50.9575 18.5956 16.7352 0 01 0 0 0 0 0 0 0 0 0 0 0 0 1.2194 0 0 
0.00973353219882705338 0.0625625 0 455987 0.24066 18.6038 16.7426 0 01 0 0 0 0 0 0 0 0 0 0 0 2.47846 5.07154 5714.66 9552.73 
0.00975824441667908285 0.327443 0 463109 0.448363 18.2536 16.4241 0 01 0 0 0 0 0 0 0 0 0 0 0 0.32426 1.29768 0 0 
0.00983737984306545625 0.377988 0 605628 1.19037 18.0298 16.2206 0 01 0 0 0 0 0 0 0 0 0 0 0 0 0 0 0 
0.00985036097799233887 0.348818 0 509578 0.200187 17.8333 16.0419 0 01 -0 0 0 0 -0 0 0 0 -0 0 0 0 0.353923 0 0 
0.0099194716228089494 1.10747 0 361078 0.0982388 17.7408 15.9578 0 01 0 0 -0 0 0 0 -0 0 0 0 -0 0 1.12423 0 0 
0.00992516240591356097 0.654102 0 314533 49.0375 17.7156 15.935 0 01 0 0 0 0 0 0 0 0 0 0 0 0 0 0 0 
0.00992572179051917289 0.728424 0 535503 0.341704 17.5721 15.8045 0 01 0 0 0 0 0 0 0 0 0 0 0 0.741726 1.48496 0 0 
0.00993797413408207576 0.0708248 0 256067 0.164311 17.6399 15.8661 0 01 0 0 0 0 0 0 0 0 0 0 0 3.32598 5.81851 6366.11 12965.1 
0.00993797413408207576 0.782839 0 454697 0.312106 17.264 15.5245 0 01 -0 0 0 0 -0 0 0 0 -0 0 0 1.57234 3.15756 0 0 
0.00997349325399789731 0.105343 0 422330 0.144272 17.53 15.7662 0 01 0 0 0 0 0 0 0 0 0 0 0 3.12123 5.08112 8985.07 13825.8 
0.010029886236870492 0.379873 0 603291 0.0803489 17.3552 15.6074 0 01 0 0 0 0 0 0 0 0 0 0 0 0.771668 2.2964 0 0 
0.0100319420330610507 0.545902 1 556996 0 16.7554 15.0626 0 0 1 -0.360877 0.0789802 -0.312969 0 0 0 -0 0 0 0 -0 0 0 0 0 
0.0100690412624282691 0.252271 0 447317 0.135828 17.3241 15.5791 0 01 0 0 0 0 0 0 0 0 0 0 0 0.974988 1.93124 0 0 
0.0100787498937323031 0.227132 0 463108 0.11303 16.8305 15.1308 0 01 0 -0 0 0 0 -0 0 0 0 -0 0 0 0.750348 0 0 
0.0101282325197237146 0.850775 0 465741 0.0824726 17.0508 15.3309 0 01 -0 0 0 0 -0 0 0 0 -0 0 0 0 0 0 0 
0.0101409875858440163 0.641121 0 561860 0.161106 17.0696 15.348 0 01 0 0 0 0 0 0 0 0 0 0 0 1.30111 1.30111 0 0 
0.0101488566994654261 0.586361 1 62226 0 16.1242 14.4898 0 0 1 -0.362532 0.552871 -0.319927 0 -0 0 0 0 -0 0 0 0 0.594231 0 0 
0.0101558416613057728 1.38363 0 392042 0.105931 16.8757 15.1719 0 01 -0 0 0 0 -0 0 0 0 -0 0 0 0 0 0 0 
0.0101571086129542826 0.354285 0 384887 47.1598 16.8698 15.1666 0 01 0 0 0 0 0 0 0 0 0 0 0 0.343622 2.07256 0 0 
0.0101684910095221851 0.480079 0 523343 0.0977184 16.8706 15.1673 0 01 0 0 -0 0 0 0 -0 0 0 0 -0 0.492033 2.43167 0 455.126 
0.0101965497792912939 0.771699 0 239587 0.242195 16.6869 15.0005 0 01 0 -0 0 0 0 -0 0 0 0 -0 0 0 0 0 0 
0.0101977710682885775 0.0789509 0 569243 0.574437 16.7542 15.0616 0 01 0 0 0 0 0 0 0 0 0 0 0 3.28493 4.92057 2754.29 12690 
0.010215656595832347 0.196137 0 456696 0.094914 16.6106 14.9312 0 01 0 -0 0 0 0 -0 0 0 0 -0 0 1.08131 2.49387 0 544.914 
0.0102297011785244581 0.486374 0 420628 0 16.6371 14.9552 0 01 0 0 0 0 0 0 0 0 0 0 0 0 1.46311 0 0 
0.0102314109220709871 0.133253 1 563562 0 28.4914 25.6422 0 0 2 -0.191246 -0.113839 0.863771 0 0 -0 0 0 0 -0 0 1.37724 3.1179 565.199 1417.1 
0.0102472493871345154 0.151032 0 246886 0.416343 16.4496 14.7851 0 01 0 0 0 0 0 0 0 0 0 0 0 2.16152 4.06774 0 1279.04 
0.0102497428781873588 0.133339 0 764190 0.0970508 16.5995 14.9211 0 01 0 0 0 0 0 0 0 0 0 0 0 0.841093 3.02956 0 2252.99 
0.0102756387954897246 0.578549 0 610116 0.528319 16.539 14.8662 0 01 0 -0 0 0 0 -0 0 0 0 -0 0 0 0 0 0 
0.0103012070208820805 0.226012 0 436843 0.0889932 16.5758 14.8996 0 01 -0 0 0 0 -0 0 0 0 -0 0 0 1.30646 3.27535 0 0 
0.010307853367367394 0.576066 0 754216 0 16.2533 14.607 0 01 0 0 0 0 0 0 0 0 0 0 0 0.555935 1.66771 0 0 
0.0103105758763588472 0.418501 0 507929 0.107885 16.2941 14.6439 0 01 0 0 -0 0 0 0 -0 0 0 0 -0 0 1.60535 0 0 
0.0103724886716076107 0.217204 0 63181 0.110101 16.1374 14.5018 0 01 0 0 0 0 0 0 0 0 0 0 0 0.881066 2.37862 0 36.8781 
0.0103730438304174572 0.140349 1 194155 0 15.6622 14.0707 0 0 1 -0.213378 -0.153043 -0.298954 0 -0 0 0 0 -0 0 0 2.52601 5.01058 961.627 1142.62 
0.0103830506881677446 0.398231 0 65477 0.61095 16.1307 14.4957 0 01 0 0 0 0 0 0 0 0 0 0 0 0 0 0 0 
0.0104344280102525323 0.132024 0 480170 0.295305 15.9052 14.2912 0 01 0 -0 0 0 0 -0 0 0 0 -0 0 2.69843 4.37991 1893.4 2747.18 
0.0105021072128872114 0.340286 0 626897 0.119128 15.6416 14.0521 0 01 0 0 -0 0 0 0 -0 0 0 0 -0 0.352118 0.710771 0 0 
0.0105229290279563233 0.209077 1 351864 0 15.2442 13.6919 0 0 2 0.0100553 -0.354706 -0.446429 0 0 0 0 0 0 0 0 0.219419 1.03964 0 0 
0.0105444636055224729 0.585563 0 502335 0.124015 22.8307 20.5476 0 01 0 -0 0 0 0 -0 0 0 0 -0 0 0 1.76067 0 0 
0.0105823564549859389 1.85746 0 361508 44.148 15.5261 13.9474 0 01 -0 0 0 0 -0 0 0 0 -0 0 0 0 0 0 0 
0.0105902643024072176 0.225337 0 427228 0.0852263 15.4913 13.9158 0 01 0 0 0 0 0 0 0 0 0 0 0 0.419518 1.2569 0 0 
0.0106169532621096813 0.286576 0 575520 0 15.5008 13.9244 0 01 0 0 0 0 0 0 0 0 0 0 0 0.302733 1.51744 0 0 
0.0106303213138332093 0.165435 0 141955 0.411914 15.3688 13.8047 0 01 0 0 0 0 0 0 0 0 0 0 0 2.3086 4.67647 607.224 3095.48 
0.0106715253919979474 1.60569 0 284845 43.5769 15.279 13.7234 0 01 0 0 0 0 0 0 0 0 0 0 0 0 0 0 0 
0.0106788946469398606 0.190628 0 20900 0.154009 14.9072 13.3865 0 01 0 0 0 0 0 0 0 0 0 0 0 1.19027 3.29166 0 759.655 
0.0106814935667242702 0.0743575 0 442134 0.387532 15.315 13.756 0 01 0 -0 0 0 0 -0 0 0 0 -0 0 3.35412 5.77083 5168.94 14459.7 
0.0107056732068323279 0.168818 0 488583 0.329953 14.967 13.4406 0 01 0 0 0 0 0 0 0 0 0 0 0 1.09681 2.16004 465.87 1255.19 
0.0107061321986999646 0.559418 0 570523 0.419567 15.1979 13.6499 0 01 0 0 0 0 0 0 0 0 0 0 0 0 0 0 0 
0.0107280112957510183 0.498229 0 503884 0.0945488 15.0015 13.472 0 01 0 0 0 0 0 0 0 0 0 0 0 0 1.03702 0 0 
0.0107468820434686255 0.536828 1 479065 0 15.1682 13.6229 0 0 2 -0.00775071 -0.000989965 0.0249993 0 0 -0 0 0 0 -0 0 0 1.05036 0 0 
0.0107502749012971088 0.548194 0 393629 0.103747 14.9824 13.4546 0 01 -0 0 0 0 -0 0 0 0 -0 0 0 0 0 0 0 
0.0107951104440931079 0.341205 0 267239 0.0944492 14.9172 13.3955 0 01 0 0 0 0 0 0 0 0 0 0 0 0 0.687163 0 0 
0.0108199144886573419 0.180299 0 428899 0.448983 14.977 13.4497 0 01 0 0 -0 0 0 0 -0 0 0 0 -0 1.46535 3.81113 0 0 
0.0108218312387041472 0.818283 0 170070 0.158045 14.8668 13.3499 0 01 0 0 0 0 0 0 0 0 0 0 0 0 0 0 0 
0.0108482117022711908 0.229631 0 68259 0.206847 14.8051 13.294 0 01 0 0 0 0 0 0 0 0 0 0 0 1.43347 2.86501 0 1133.08 
0.0109124888588733194 0.268101 0 515608 0.15542 14.6708 13.155 0 0.2138231 -0.212211 0.0237124 -0.0111655 0 0 0 -0 0 0 0 -0 1.8523 3.99086 0 96.4704 
0.0109613798808367718 0.819333 0 364519 41.8438 14.5228 12.8153 0 9.799351 1.37486 -8.09424 -5.34979 0 0 -0 0 0 0 -0 0 0 0 0 0 
0.0110005743023267946 0.243838 0 111014 0.139313 14.4275 12.6005 0 11.67611 9.58053 3.47626 5.69745 0 0 0 0 0 0 0 0 0.728354 1.44425 0 0 
0.0110139435985635338 1.92419 0 399060 41.5475 14.3966 12.5316 0 22.55051 -13.9392 -12.9185 -12.1382 0 0 0 0 0 0 0 0 0 0 0 0 
0.0110349234324992676 0.164533 0 424347 0.171926 14.4318 12.61 0 6.07851 -5.37456 2.51039 -1.32676 0 0 0 0 0 0 0 0 0.523729 2.5662 0 186.12 
0.0110564388710439644 0.554239 0 373672 41.3139 14.2936 12.3041 0 29.81941 0.565096 20.4943 21.6533 0 0 0 0 0 0 0 0 0 1.66537 0 0 
0.0110676773958616331 0.572139 0 78974 0.143309 14.204 12.1094 0 24.1511 16.5622 6.88454 16.173 0 0 0 0 0 0 0 0 0 0 0 0 
0.0110768555419814754 0.302413 0 459989 0.0800399 19.0057 17.1052 0 01 0 0 0 0 0 0 0 0 0 0 0 0.576124 2.3078 0 563.418 
0.0110878120552784128 0.51048 0 244533 0 14.2142 12.1315 0 31.38791 24.3161 -10.8445 -16.6231 0 0 0 0 0 0 0 0 0.501875 1.50187 0 0 
0.011097695865328959 1.86318 0 330060 41.0883 14.2005 12.1017 0 23.28081 0.550698 -9.04992 21.4428 0 0 0 0 0 0 0 0 0 0 0 0 
0.011108612163614185 0.413942 0 334260 41.0287 14.1724 12.0413 0 14.04891 0.641965 -11.5205 -8.01484 0 0 0 0 0 0 0 0 0.402553 2.02656 0 0 
0.0111613481479644443 0.138551 0 295464 0.266061 14.0581 11.7982 0 8.969741 -8.89078 -1.15208 -0.288117 0 -0 0 0 0 -0 0 0 1.36911 3.06293 164.802 1015 
0.0111659254524658271 0.595347 0 252721 40.7212 14.0487 11.7784 0 33.61641 -5.45225 28.0005 17.785 0 -0 0 0 0 -0 0 0 0.580773 0.580773 0 0 
0.011175291107221855 0.224345 0 122995 40.6661 14.0799 11.8442 0 37.43031 24.0887 28.6163 1.3674 0 0 0 0 0 0 0 0 2.30968 5.06842 1399.26 2726.95 
0.0111886323668422306 0.133915 0 426025 0.132772 13.8399 11.3468 0 47.67211 -47.5888 2.10171 1.87648 0 0 0 0 0 0 0 0 0.545161 2.54355 390.443 934.969 
0.0111982525926430307 0.602893 0 5284 0.143507 14.1434 11.9791 0 5.098931 -4.85336 -0.974308 1.22259 0 0 0 0 0 0 0 0 0 1.24619 0 0 
0.0112413897244910271 0.132649 0 625163 0.0939293 14.1085 11.9049 0 41.45111 -31.2726 -2.46713 27.0949 0 0 0 0 0 0 0 0 1.08263 3.06817 742.164 742.164 
0.0112473338083700983 0.417162 0 442499 0.498374 14.0173 11.7126 0 41.40291 -14.5141 -35.5705 15.4362 0 0 -0 0 0 0 -0 0 0 0.432606 0 0 
0.0112578621350175895 0.41196 0 255934 40.1963 14.3141 12.349 0 25.30081 -24.8466 -1.13591 -4.63539 0 0 0 -0 0 0 0 -0 0.403737 1.63518 0 0 
0.0112948367870551476 2.79423 0 340616 0.186962 14.4072 12.5551 0 15.69621 -14.3792 5.04502 -3.76291 0 0 0 -0 0 0 0 -0 0 0 0 0 
0.0113035203855379584 0.451806 0 440656 0.529656 14.0438 11.7682 0 64.10231 39.7186 -40.2838 -30.1455 0 0 0 0 0 0 0 0 0.886042 1.33407 0 0 
0.0113632039639028053 0.148708 0 615207 0.48602 13.6687 11.0043 0 83.37861 -79.6581 24.4491 2.97031 0 -0 0 0 0 -0 0 0 2.51463 4.18677 191.428 3082.68 
0.0113647758050536962 0.203536 0 494216 7.14132 14.2642 12.2398 0 9.491791 9.06954 2.79777 -0.0997506 0 0 0 0 0 0 0 0 1.50858 1.94846 1704.67 2023.39 
0.0113682789019652515 0.274918 1 429170 0 33.9096 30.5186 0 0 1 -0.6544 -0.398456 0.259634 0 0 -0 0 0 0 -0 0 0 0 0 0 
0.0113809845817293646 0.152807 0 582915 0.0872435 14.3698 12.4719 0 11.31751 -11.2888 -0.786382 -0.170819 0 -0 0 0 0 -0 0 0 1.88128 4.59668 670.074 2891.13 
0.0113893036138752735 0.0848961 0 639847 0.0849299 14.4141 12.5704 0 10.16921 7.37647 4.52511 -5.34081 0 0 0 0 0 0 0 0 4.38978 6.38383 7802.48 19489.6 
0.0114251699502669092 1.29435 0 246436 39.3317 14.6343 13.0704 0 2.456971 2.30449 -0.850461 -0.0522881 0 0 0 0 0 0 0 0 0 0 0 0 
0.011425615758410463 0.421892 0 398460 39.3299 14.6385 13.0803 0 1.674431 -1.64328 0.0484124 0.317831 0 0 0 0 0 0 0 0 0.439654 0.866803 0 0 
0.0114330879233103498 0.562452 0 209143 0.215238 14.6412 13.0864 0 1.573711 -1.24093 -0.874789 0.414031 0 -0 0 0 0 -0 0 0 0 0.557542 0 0 
0.0114492794092446396 0.529466 0 525512 0.237959 14.49 12.7409 0 11.87791 11.6402 -2.00142 -1.25941 0 0 -0 0 0 0 -0 0 0 0.534059 0 0 
0.0114764900452946073 0.498335 1 462907 0 18.1011 16.2854 0 0 1 -0.299552 0.404419 0.12445 0 -0 0 0 0 -0 0 0 0.508562 1.51352 0 0 
0.0114992754891078755 0.950145 0 222067 0.0969934 14.7406 13.2356 0 01 0 0 0 0 0 0 0 0 0 0 0 0 0 0 0 
0.0115209036164801472 0.403915 0 427825 0.273114 14.1827 12.0634 0 26.01331 -10.7618 -4.28191 -23.2926 0 -0 0 0 0 -0 0 0 0.791788 1.60599 167.785 167.785 
0.0115470233543113216 0.627412 0 470621 3.95752 14.4593 12.6717 0 7.05951 -6.79807 0.366217 -1.86783 0 -0 0 0 0 -0 0 0 0.61156 1.83313 0 0 
0.0116006391120774023 0.934772 0 303045 38.5069 14.9063 13.3857 0 01 0 0 0 0 0 0 0 0 0 0 0 0 0 0 0 
0.0116073816246782171 0.664085 0 477324 0.181433 14.6617 13.1339 0 2.104021 -2.08887 0.22812 0.107295 0 0 0 0 0 0 0 0 0 0 0 0 
0.0116136210256294753 1.2571 0 292985 38.4492 14.9261 13.4036 0 01 0 0 0 0 0 0 0 0 0 0 0 0 0 0 0 
0.0116234467754038808 0.738316 0 307821 38.4061 14.9536 13.4285 0 01 0 0 0 0 0 0 0 0 0 0 0 0 1.4689 0 0 
0.0116307475234738947 0.379992 0 456470 0.0841781 14.4785 12.715 0 15.91271 -14.3124 -6.21031 3.13092 0 0 0 0 0 0 0 0 0.379741 1.16062 0 43.6698 
0.0116430190349616196 0.274354 0 185827 0.0887167 13.288 10.2795 0 99.75771 20.3673 -44.9573 86.6926 0 0 -0 0 0 0 -0 0 0 2.16741 0 0 
0.0116719129845379542 2.31143 0 383571 38.192 15.0268 13.4948 0 01 0 0 0 0 0 0 0 0 0 0 0 0 0 0 0 
0.0116809403552455005 0.190236 0 587587 0.531739 14.7179 13.2151 0 01 0 0 0 0 0 0 0 0 0 0 0 1.59188 4.09379 0 1680.39 
0.0116903801363127981 0.101681 1 264494 0 13.2883 10.2801 0 0 1 -71.1465 22.3253 -42.7237 0 -0 0 0 0 -0 0 0 4.47 6.9559 6419.74 28074.2 
0.0116933880951245548 0.161499 0 499198 0.0804285 14.6948 13.1941 0 01 0 0 0 0 0 0 0 0 0 0 0 4.53935 8.06985 1534.03 3909.73 
0.0117166301415513735 0.456358 1 457760 0 14.0613 11.805 0 0 1 -29.1121 7.14119 19.5678 0 0 0 0 0 0 0 0 1.37795 1.84193 87.5784 87.5784 
0.0117173773295884392 0.531949 0 681298 0.202194 14.5678 12.9178 0 5.080521 -1.41058 0.672018 -4.83429 0 0 0 0 0 0 0 0 0 0 0 0 
0.0117651827780450857 0.172979 0 422785 0.088064 14.7267 13.223 0 01 0 0 -0 0 0 0 -0 0 0 0 -0 1.07537 3.03948 0 0 
0.0117915027586376463 0.148952 0 372622 0.120415 13.0569 9.86438 0 38.91661 4.78148 -4.68137 -38.337 0 0 0 0 0 0 0 0 1.77945 4.20859 1361.34 2626.46 
0.0118363162757951119 0.397501 0 557963 0.493205 15.0416 13.5083 0 01 0 0 -0 0 0 0 -0 0 0 0 -0 0.816541 0.816541 0 0 
0.0118462371440729419 1.02682 0 296006 37.4654 15.3341 13.7734 0 01 0 0 0 0 0 0 0 0 0 0 0 0 0 0 0 
0.0118738123255546224 0.51378 0 479729 0.113023 14.9506 13.4259 0 01 -0 0 0 0 -0 0 0 0 -0 0 0 0 0 0 0 
0.011933906055743659 0.159898 0 438953 0.0839495 14.5435 12.8623 0 4.811481 -2.07737 -4.32901 0.307393 0 0 -0 0 0 0 -0 0 1.34708 2.91429 0 1810.94 
0.0119457217300143088 0.157863 0 489800 0.182164 15.2138 13.6643 0 01 0 0 0 0 0 0 0 0 0 0 0 1.81612 3.66686 639.521 1062.66 
0.0119509888239228371 0.713701 0 258580 0.113951 36.3054 13.7679 0 01 0 0 0 0 0 0 0 0 0 0 0 0 0 0 0 
0.0119812055954322382 2.01633 0 162583 0.13491 36.3592 13.7711 0 01 -0 0 0 0 -0 0 0 0 -0 0 0 0 0 0 0 
0.0119892080612667099 0.462315 0 438353 0.0830741 15.0405 13.5073 0 01 0 0 0 0 0 0 0 0 0 0 0 0.458668 1.8529 0 76.6364 
0.0120019006906889707 0.377697 0 144496 0.176868 14.5846 12.9561 0 0.9802941 0.00476199 0.0604488 0.978417 0 0 0 0 0 0 0 0 1.13645 2.68992 121.162 300.114 
0.0120058734262408692 0.378818 1 62469 0 13.4971 10.6713 0 0 1 -90.2501 -10.9027 -14.1108 0 0 -0 0 0 0 -0 0 0.379515 1.53584 0 0 
0.0120229676867297085 0.260673 0 444008 0.131628 15.3447 13.8103 0 01 0 0 0 0 0 0 0 0 0 0 0 0.490579 1.75786 0 0 
0.0120361911781219789 0.491586 0 464175 0.14522 15.1795 13.6332 0 01 0 0 0 0 0 0 0 0 0 0 0 0 0.489761 0 0 
0.0120536743241283269 0.412505 0 201617 36.6365 35.9021 13.6091 0 01 0 0 0 0 0 0 0 0 0 0 0 0.416343 0.416343 0 0 
0.0121177708267880494 0.0580938 0 467818 0.0946541 14.7144 13.2119 0 01 0 0 -0 0 0 0 -0 0 0 0 -0 3.38384 5.49643 5471.55 15600.7 
0.0121488959872882059 0.27397 0 454580 0.490991 35.9722 13.6039 0 01 0 -0 0 0 0 -0 0 0 0 -0 0 0 1.6642 0 0 
0.012158414186292649 0.263108 0 563944 0.114352 36.007 13.614 0 01 0 0 0 0 0 0 0 0 0 0 0 0.562628 2.52635 0 0 
0.0121659991753596559 0.25858 0 489213 0.340057 14.8358 13.3219 0 01 0 0 0 0 0 0 0 0 0 0 0 0.241295 1.73637 0 0 
0.012195425834319859 0.377639 0 455170 0.236152 14.8683 13.3512 0 01 0 0 0 0 0 0 0 0 0 0 0 0 0.38375 0 0 
0.0122073668064335474 0.338595 0 447817 0.258858 36.0771 13.6428 0 01 0 0 0 0 0 0 0 0 0 0 0 0 0 0 0 
0.0122456341134725734 0.845312 0 246660 35.8723 35.179 14.1593 0 01 0 0 0 0 0 0 0 0 0 0 0 0 0.865971 0 0 
0.0122617346058117738 0.0852344 1 434162 0 33.3375 30.0038 0 0 1 0.165962 0.245312 -0.425954 0 0 0 0 0 0 0 0 3.12408 5.75511 3891.19 8870.07 
0.0122670922132915323 0.371513 0 393168 35.7896 35.1006 14.2367 0 01 0 0 0 0 0 0 0 0 0 0 0 0 0.371218 0 0 
0.0122908839153459126 0.511522 0 472396 0.147769 35.4411 13.3782 0 01 0 0 0 0 0 0 0 0 0 0 0 0 1.03825 0 0 
0.0123282710404944221 0.0488328 1 420104 0 12.6898 9.24334 0 0 1 39.4408 35.53 7.24444 0 0 0 0 0 0 0 0 2.45516 4.75562 944.171 5825.1 
0.0123416724603729495 1.85403 0 319276 35.5055 34.8315 14.4891 0 01 0 0 -0 0 0 0 -0 0 0 0 -0 0 1.91388 0 0 
0.0123970229759614997 0.342105 0 431149 0.0933345 14.9628 13.4369 0 01 0 0 0 0 0 0 0 0 0 0 0 0.357434 1.4514 0 243.652 
0.0123994870814861449 0.713988 0 310669 35.289 34.6263 14.6988 0 01 0 0 0 0 0 0 0 0 0 0 0 0 0.694624 0 0 
0.0124033209392064511 0.162897 0 510795 0.131207 14.9193 13.3975 0 01 0 0 0 0 0 0 0 0 0 0 0 0.934712 3.02949 0 236.753 
0.0124127711098366671 0.39632 1 316784 0 12.1758 8.45297 0 0 1 -70.9796 2.47458 9.86123 0 0 0 0 0 0 0 0 0.831712 0.831712 0 0 
0.0124132223558409555 0.202772 0 458972 0.133307 35.6326 15.803 0 01 0 0 0 0 0 0 0 0 0 0 0 0.213272 1.75596 0 0 
0.0124171027654226655 0.109978 0 508698 0.149314 14.7651 13.2578 0 01 0 0 -0 0 0 0 -0 0 0 0 -0 4.32643 6.86323 7454.01 21209.5 
0.0124189252447935022 0.824046 0 455706 0.140942 24.2959 21.8663 0 01 0 0 0 0 0 0 0 0 0 0 0 0.831982 0.831982 0 0 
0.0124377890274176579 0.881453 0 302817 35.1486 34.4932 14.8147 0 01 0 -0 0 0 0 -0 0 0 0 -0 0 0 0.886631 0 0 
0.0124380311392972287 0.0601431 0 433644 0.290992 20.2423 18.2181 0 01 0 0 0 0 0 0 0 0 0 0 0 3.27126 6.00497 3960.77 12763.2 
0.0124657715156760562 1.08407 0 638673 0.164237 34.8749 13.1078 0 01 0 -0 0 0 0 -0 0 0 0 -0 0 1.0901 2.18191 0 0 
0.0124685412042376265 0.26988 0 428279 0.161089 14.7988 13.2883 0 01 0 0 -0 0 0 0 -0 0 0 0 -0 1.40534 2.77483 0 0 
0.012475473411194123 1.03559 0 553847 0.0924631 34.8127 13.1079 0 01 0 0 -0 0 0 0 -0 0 0 0 -0 0 2.08694 0 0 
0.0125111258947708855 0.321119 0 477394 0.184412 35.1646 13.2447 0 01 0 0 0 0 0 0 0 0 0 0 0 0.668235 2.96494 0 0 
0.0125227075352469883 0.635448 0 377351 34.8394 34.1997 15.068 0 01 0 0 -0 0 0 0 -0 0 0 0 -0 0 0.628821 0 0 
0.01254369791807519 0.429177 0 446883 0.092235 13.8299 11.3265 0 27.95421 27.7382 -1.28956 -3.21961 0 0 0 0 0 0 0 0 0.425405 1.72678 0 0 
0.0125791329277358827 0.86215 1 506687 0 12.0519 8.27619 0 0 1 28.5734 31.3728 -17.2422 0 0 0 0 0 0 0 0 0 0 0 0 
0.0125842260920673663 0.172807 0 585929 0.0808187 34.6392 13.0337 0 01 0 0 0 0 0 0 0 0 0 0 0 1.66055 4.0895 0 887.036 
0.012608172458022017 0.192675 0 611223 0.0975999 14.6473 13.1006 0 2.73261 -1.88143 -0.412181 -1.9384 0 0 -0 0 0 0 -0 0 0.167073 0.904902 0 0 
0.0126149484606863042 0.812837 0 215195 34.5123 33.8893 15.3375 0 01 0 0 0 0 0 0 0 0 0 0 0 0 0 0 0 
0.0126572232336018553 0.273668 0 591871 0.109465 13.1646 10.0556 0 67.69391 62.0859 3.84807 -26.7021 0 0 0 0 0 0 0 0 1.91928 4.1091 98.2281 221.371 
0.0127813854413468091 0.123234 0 532066 0.16531 12.8165 9.45231 0 46.86161 -18.4425 -42.5819 -6.53189 0 -0 0 0 0 -0 0 0 2.12891 3.8734 1571.49 2322.01 
0.0128249262004601974 0.190204 0 491672 0.113556 14.4441 12.653 0 10.79181 6.83725 -4.5377 7.00885 0 0 0 0 0 0 0 0 1.42932 3.42429 938.324 1588.52 
0.0128274211152499713 0.120575 1 433009 0 12.9268 9.63885 0 0 1 9.87832 -35.1009 -7.36926 0 0 -0 0 0 0 -0 0 0.514313 1.70733 0 306.401 
0.0128501835088933002 0.852328 0 425607 0.865114 33.404 15.4969 0 1.660331 -1.62532 -0.27891 -0.193027 0 -0 0 0 0 -0 0 0 0 2.53962 0 0 
0.0128571223586926419 0.271151 0 458748 0.155665 14.602 12.996 0 1.492531 -1.30138 -0.297118 -0.667671 0 -0 0 0 0 -0 0 0 0.263197 0.832049 230.705 230.705 
0.0128792990444623924 0.162424 0 445306 0.0863474 34.0484 12.7624 0 01 0 0 -0 0 0 0 -0 0 0 0 -0 1.44996 3.21088 0 1504.04 
0.0129377704166258409 0.240786 0 221647 0.400057 33.0288 14.9152 0 22.95471 -14.2575 10.6534 14.4965 0 -0 0 0 0 -0 0 0 0.486002 1.48033 0 0 
0.0129476185571777286 0.869657 0 448085 0.131974 33.1606 15.6606 0 12.76781 6.36177 10.2037 -4.29292 0 0 0 0 0 0 0 0 0 0 0 0 
0.012948705152783015 0.313292 0 754347 0.117183 34.0329 12.7554 0 01 -0 0 0 0 -0 0 0 0 -0 0 0 0 3.72492 0 0 
0.0129513609383829966 0.558861 0 458953 0.117865 14.6567 13.1224 0 0.8796821 -0.744592 0.173327 -0.435178 0 0 0 0 0 0 0 0 0 0.563519 0 0 
0.0129525219239168092 0.557563 1 645769 0 12.6144 9.12159 0 0 2 28.4458 38.7812 48.6418 0 0 0 0 0 0 0 0 0.556172 2.17968 0 0 
0.0129910534926839343 0.207083 0 616547 0.0882383 14.3459 12.4278 0 6.235951 3.58139 -1.97478 4.70754 0 0 0 0 0 0 0 0 0.449354 1.52716 0 0 
0.0130098417330498876 0.155465 1 462163 0 37.8996 34.1097 0 0 1 6.9896e-05 0.078365 0.174998 0 0 0 0 0 0 0 0 2.30044 3.6987 1967.18 3405.57 
0.0130410880921037996 0.107985 1 524112 0 20.0006 18.0005 0 0 1 1.12185 0.271634 0.756212 0 0 0 0 0 0 0 0 2.53627 3.91311 3459.31 7323.34 
0.0130436045290703781 0.157883 1 463926 0 35.5097 31.9588 0 0 1 0.0588764 -0.58309 -0.35417 0 0 -0 0 0 0 -0 0 2.38251 3.99478 1525.33 4731.04 
0.0130446372849971921 0.356115 1 468757 0 32.6386 29.3747 0 0 1 -0.563066 -0.103709 0.364966 0 0 0 0 0 0 0 0 0 0.716403 0 0 
0.0130480823449061686 0.407673 0 464190 0.117049 32.5259 15.4975 0 58.22511 -55.8294 -14.4139 -8.09196 0 0 -0 0 0 0 -0 0 0 2.04363 0 0 
0.0130712863026383221 0.531593 1 689660 0 30.4062 27.3656 0 0 1 0.230138 0.419786 -0.408418 0 0 0 0 0 0 0 0 0 0.518703 0 0 
0.0131217550188417256 0.423764 0 644265 0.0969994 32.5628 15.2766 0 51.47241 23.729 -21.5207 40.289 0 0 0 0 0 0 0 0 0 0 0 0 
0.0131370325545368313 2.62697 0 362838 32.8024 32.2627 15.1527 0 51.43141 -2.62528 -12.7646 49.753 0 0 -0 0 0 0 -0 0 0 0 0 0 
0.0131833443292801618 0.382201 1 429408 0 12.7276 9.30507 0 0 1 45.5419 -20.7193 -36.1542 0 0 0 0 0 0 0 0 0.382201 1.92514 0 0 
0.0131937529526903498 0.0626556 1 450447 0 22.1382 19.9244 0 0 1 -0.00771234 0.657559 -0.0899613 0 0 0 0 0 0 0 0 1.90599 4.10485 3823.31 8881.74 
0.0132074794726444351 1.38291 1 427104 0 12.2614 8.57821 0 0 1 -141.108 24.3523 29.9999 0 -0 0 0 0 -0 0 0 1.38732 2.80658 0 0 
0.0132140880768396897 0.433821 0 316050 0.0824375 32.0404 15.0151 0 47.55281 5.08919 -44.4945 -15.9877 0 0 -0 0 0 0 -0 0 0.891808 1.75424 0 0 
0.0132474182766379109 0.162026 0 494245 0.176462 18.4837 16.6334 0 01 0 0 0 0 0 0 0 0 0 0 0 0.839239 3.16123 112.106 2765.42 
0.0132534514866014565 0.656475 0 350599 32.4505 31.9272 14.9281 0 63.57821 -44.6457 -45.2401 -1.51134 0 -0 0 0 0 -0 0 0 0 0 0 0 
0.0132746861068769734 0.0634311 1 424485 0 24.4527 22.0075 0 0 2 -0.221599 0.327029 0.478009 0 0 0 0 0 0 0 0 3.32626 5.91722 4555.43 11431.3 
0.0132746861068769734 0.435838 0 30052 0.426575 32.0359 14.5399 0 20.1151 -18.7364 2.97816 6.68519 0 -0 0 0 0 -0 0 0 0 1.32764 0 0 
0.0132792518521037128 0.506932 1 430148 0 35.9732 32.3759 0 0 1 0.011502 -0.444578 0.374838 0 0 0 0 0 0 0 0 0 0 0 0 
0.0132944269686551628 0.282898 0 633632 0 32.2086 15.0164 0 42.14531 17.7718 38.0949 3.02854 0 0 0 0 0 0 0 0 0 0.843152 0 0 
0.0133260818920132879 0.163603 0 437427 0 14.2936 12.3042 0 25.55281 -10.9756 -10.6995 20.445 0 -0 0 0 0 -0 0 0 1.43263 3.59572 615.887 2341.7 
0.013329771643549421 0.504177 0 107151 0.109186 31.9309 13.8653 0 43.12681 -1.24756 18.7374 38.8236 0 -0 0 0 0 -0 0 0 0.504068 2.96371 0 3.24407 
0.0133386899914023794 0.657824 0 557198 0.246556 32.0599 14.8363 0 5.105771 2.31423 4.24689 -1.6362 0 0 0 -0 0 0 0 -0 0 0 0 0 
0.0133402485137658414 0.136666 1 61874 0 30.2756 27.248 0 0 1 -0.00518607 0.0467035 -0.0216808 0 0 0 0 0 0 0 0 2.56754 5.00627 819.951 1658.11 
0.0133423893413298945 0.124659 0 461310 0.107028 33.1614 12.1085 0 7.251511 2.92218 0.124436 -6.6355 0 0 0 -0 0 0 0 -0 2.88297 6.20212 649.034 2309.35 
0.01335586635071314 0.229753 0 656027 0 32.9865 11.9329 0 8.842231 -5.87325 6.27424 2.07943 0 -0 0 0 0 -0 0 0 1.35683 2.66317 4.94074 35.3076 
0.0133978433316661906 0.266561 0 595769 0.0953205 32.0099 14.2143 0 41.56121 16.0472 2.68335 38.2442 0 0 0 0 0 0 0 0 0.826864 1.38606 0 0 
0.0134362633547452492 0.855821 0 589677 0.117836 31.7139 14.593 0 66.72441 -43.3504 -36.5656 35.1545 0 0 -0 0 0 0 -0 0 0 0 0 0 
0.0134542390069924984 0.625027 0 458457 0.610696 31.6988 14.2555 0 40.68131 13.0512 37.7132 7.89606 0 0 0 0 0 0 0 0 0 0 0 0 
0.0134902688696408712 0.50966 1 512882 0 33.4348 30.0913 0 0 2 0.00358835 0.0091978 -0.0028816 0 0 0 -0 0 0 0 -0 0.527741 1.05416 0 0 
0.0135128857162919447 0.132819 0 596357 0.106515 32.7448 11.6663 0 15.90061 -12.1773 -9.68169 -3.28764 0 0 0 0 0 0 0 0 1.98984 4.51781 235.466 2672.54 
0.0135490332154560734 0.410128 0 595941 0.14334 31.7973 10.6688 0 68.01951 -0.378602 42.6351 52.9976 0 -0 0 0 0 -0 0 0 0.413148 0.826431 0 0 
0.0135526203675535948 0.107055 0 194863 31.5906 31.1064 14.2455 0 74.08751 61.5767 22.0131 34.8238 0 0 0 0 0 0 0 0 4.13886 6.51058 7319.17 18185.4 
0.013560048187702135 0.489938 0 512580 0.125864 32.5697 16.6453 0 13.48041 -12.8942 -1.69601 3.54745 0 0 -0 0 0 0 -0 0 0.98898 2.96699 0 27.1281 
0.0135685886833414593 0.159795 0 109173 31.5459 31.0636 14.2077 0 85.96971 -34.4768 -60.9254 -49.9022 0 0 -0 0 0 0 -0 0 2.06114 4.27643 328.718 751.158 
0.0135733739515649984 0.622946 0 334776 31.5332 31.0516 14.197 0 72.19731 62.2898 -25.4048 26.2112 0 0 -0 0 0 0 -0 0 0 0 0 0 
0.013578401055054928 0.221279 0 424934 0.367608 13.8307 11.3282 0 65.53621 -7.93754 36.7153 53.7026 0 0 0 0 0 0 0 0 1.6109 4.48192 273.524 1126.4 
0.0136503829082987999 0.325067 1 442430 0 21.2183 19.0965 0 0 1 -0.185691 -0.506971 0.163699 0 0 0 0 0 0 0 0 0.683476 1.66867 0 0 
0.0136565556886585077 0.0465911 1 434946 0 28.0313 25.2282 0 0 1 -0.000631462 0.00422734 -0.00485657 0 0 0 0 0 0 0 0 3.82493 5.93077 5149.74 18416.1 
0.0137158360024057652 0.848763 0 66897 0.276529 30.85 13.1619 0 37.23211 4.8575 -18.2508 -32.0865 0 0 -0 0 0 0 -0 0 0 1.71457 0 0 
0.0137336560219264749 0.362271 0 435424 0 31.7491 10.6597 0 80.45771 -78.9749 -13.2808 -7.74778 0 0 0 -0 0 0 0 -0 0 0.73393 0 0 
0.013735373169391444 0.101745 0 475688 1.081 31.6665 13.275 0 89.25741 36.2144 13.5714 -80.4438 0 0 0 0 0 0 0 0 3.92101 6.19745 6630.14 17305.4 
0.0137492268117484183 0.162672 0 508314 0.158004 31.7897 10.6564 0 27.59231 25.8023 2.54554 9.43905 0 0 0 0 0 0 0 0 3.43627 6.57074 1011.6 3117.82 
0.0137535371207216824 0.360881 1 431887 0 29.338 26.4042 0 0 1 0.589028 0.657231 0.900901 0 0 0 0 0 0 0 0 0.729655 1.47128 0 0 
0.0137932585823633182 0.301821 1 671738 0 11.4738 7.52261 0 0 1 30.4152 90.1125 39.2605 0 0 0 0 0 0 0 0 0.309714 0.309714 0 0 
0.0137942862877669485 0.503967 0 487850 0.0857247 31.2966 13.78 0 118.6181 104.259 32.0952 -46.5854 0 0 0 0 0 0 0 0 0 0 0 0 
0.0137978631188059378 0.26512 0 543435 0.0819153 31.4566 10.3434 0 44.77771 -13.037 42.8074 -1.6122 0 0 0 -0 0 0 0 -0 0.75431 3.03324 0 0 
0.013810987937507728 0.260499 0 30458 0.110095 30.4401 13.6297 0 101.6411 35.9866 90.4966 -29.0895 0 0 0 -0 0 0 0 -0 0 0.243769 0 0 
0.0138210462616168758 0.0923495 1 469018 0 22.1015 19.8914 0 0 1 0.148386 0.357755 1.00804 0 0 0 0 0 0 0 0 3.80556 6.05302 9239.03 15475.6 
0.0138259929052156443 0.0855438 1 492536 0 24.6155 22.1539 0 0 2 0.746463 0.328765 0.273613 0 0 0 0 0 0 0 0 3.56742 5.90365 6510.23 15416.1 
0.0138572916882683649 0.438065 0 443649 0.176236 31.5711 10.4459 0 62.1041 -54.5579 17.7466 -23.7781 0 0 0 -0 0 0 0 -0 0 1.32701 0 0 
0.0138932514115912391 0.487848 0 194475 30.6804 30.2359 13.4324 0 147.0261 22.1695 -35.9409 140.831 0 0 0 0 0 0 0 0 0.498575 3.98944 0 0 
0.0139093722357140556 0.791113 0 499775 0.231119 30.6522 12.267 0 97.7471 -70.9884 62.0077 25.8875 0 0 0 0 0 0 0 0 0 0 0 0 
0.0139155267447590818 0.191804 0 435031 1.57102 11.1017 7.09922 0 118.4441 45.5817 28.9281 105.426 0 0 0 0 0 0 0 0 1.82817 3.40786 0 1288.25 
0.0139161543000736465 0.679746 0 597987 0.107253 30.5672 13.5513 0 79.67351 78.1942 -6.15917 -13.9856 0 0 0 -0 0 0 0 -0 0 1.38627 0 0 
0.0139282891591331389 0.525142 0 253960 30.5912 30.1506 13.3484 0 97.0891 20.7522 -62.6806 71.1812 0 0 0 0 0 0 0 0 0 0.512359 0 0 
0.0139577054469612414 0.29275 0 537191 0.121704 30.4037 13.2616 0 73.03191 -64.3623 -34.259 -4.18055 0 0 0 0 0 0 0 0 0 1.12118 0 0 
0.013965210067648292 0.41971 0 304139 30.4969 30.0603 13.2591 0 180.0361 147.634 -58.1497 -85.0624 0 0 0 0 0 0 0 0 0.415516 0.415516 0 0 
0.0139660789277952346 0.381868 1 423385 0 12.5273 8.98353 0 0 1 71.3727 156.066 -8.05682 0 0 0 0 0 0 0 0 0.761612 1.94099 0 0 
0.0139942086242947714 0.374617 0 439678 0.350419 30.2671 13.1599 0 123.461 -100.567 -7.66654 -71.2037 0 0 -0 0 0 0 -0 0 0 1.82838 0 0 
0.0139961123489294684 1.45852 0 357743 30.4199 29.9865 13.2146 0 126.0511 118.888 -40.0512 12.2629 0 0 0 0 0 0 0 0 0 0 0 0 
0.0140389856628839339 0.146753 0 479482 0.320668 30.9131 12.8268 0 19.7751 -2.12844 -15.2154 12.4503 0 -0 0 0 0 -0 0 0 4.23872 6.31661 1305.44 3018.36 
0.0140516203343211306 0.316344 0 446775 0.304535 30.8759 12.7139 0 29.72731 -26.6237 -9.84332 8.83165 0 0 0 0 0 0 0 0 0 0.31729 0 0 
0.014079870975638285 0.114182 0 552556 0.0817518 30.2543 9.2563 0 92.58281 77.4196 32.6656 -38.8683 0 0 0 0 0 0 0 0 4.08755 6.16609 7696.16 15566.4 
0.0141031344299277165 0.213953 1 446595 0 29.7354 26.7618 0 0 2 0.019845 -0.0212128 -0.0121309 0 0 0 0 0 0 0 0 0.683347 2.44633 0 0 
0.0141344750933687629 0.518388 0 546740 0.313944 17.1574 15.4277 0 01 0 0 0 0 0 0 0 0 0 0 0 0.525539 1.55582 0 17.6226 
0.0141531340135383141 0.285999 0 509902 0.714822 30.5859 12.9065 0 24.80451 23.9539 5.77097 -2.85803 0 0 0 0 0 0 0 0 0 1.69253 0 0 
0.0141609328960541729 0.849911 0 709554 0.213984 34.4842 12.9622 0 01 -0 0 0 0 -0 0 0 0 -0 0 0 0 0.853789 0 0 
0.0141612346342372269 0.198689 0 603892 0.506501 29.9134 13.2408 0 116.8681 -110.39 30.9984 -22.616 0 0 0 0 0 0 0 0 1.71747 2.2675 187.067 475.362 
0.0141724774629309793 1.88497 0 387995 29.9841 29.569 12.8236 0 64.42781 -18.3799 -15.6802 -59.7265 0 0 -0 0 0 0 -0 0 0 0 0 0 
0.0141857861704136438 0.174771 0 154589 0.298724 29.7532 12.6857 0 120.7671 65.5821 100.036 -16.6221 0 0 0 0 0 0 0 0 0.194032 0.779551 1.39836 1.39836 
0.0141870030874981148 0.132266 0 491494 0.101966 30.438 12.2801 0 51.00441 42.4981 -3.39212 -27.9974 0 0 0 -0 0 0 0 -0 3.10855 5.15038 1529.36 5815.37 
0.014214468557253692 0.185415 0 496123 0.811937 31.3551 10.2358 0 70.11081 -66.8624 14.8057 -15.0244 0 0 0 0 0 0 0 0 1.25251 4.17144 666.324 728.963 
0.0142285611024418161 0.155833 0 129259 0.168613 29.4397 12.6918 0 206.4271 168.084 61.2964 -102.969 0 0 0 0 0 0 0 0 1.91622 2.97897 0 958.467 
0.0142581535580172756 1.61689 0 271389 29.7789 29.3723 12.6224 0 69.58271 68.6506 6.82292 -9.07173 0 0 0 0 0 0 0 0 0 0 0 0 
0.0142710399440836265 0.202048 0 447398 0.11059 30.1395 12.8131 0 73.87981 -6.03163 50.7027 -53.3955 0 -0 0 0 0 -0 0 0 1.13365 3.4432 0 782.821 
0.0142782983548949867 0.225793 1 0 0 11.3402 7.36504 0 0 1 73.343 65.6214 -44.2001 1 64.5867 94.2995 -14.2492 0 0 0 0 0.207206 0.651364 0 0 
0.0142988162404799127 0.141866 1 177308 0 20.6262 18.5636 0 0 1 0.276021 -0.340871 0.474482 0 0 -0 0 0 0 -0 0 2.71019 5.0896 1722.98 3065.55 
0.014302764352857246 0.455755 0 439052 0.089176 31.3736 10.2611 0 39.16641 -29.6544 14.6534 -20.9738 0 0 0 -0 0 0 0 -0 0 0 0 0 
0.0143115734975281187 1.18393 0 367285 29.6525 29.251 12.4959 0 111.5541 5.13131 -100.883 -47.3362 0 0 0 0 0 0 0 0 0 0 0 0 
0.014343807254156864 0.230054 0 506949 0.129624 29.6578 12.4526 0 79.26831 75.4521 20.4393 13.1408 0 0 0 0 0 0 0 0 0.860959 1.30384 0 350.798 
0.0143976978298330262 0.584392 1 437707 0 22.6669 20.4002 0 0 2 -0.00819434 0.00901978 0.0170634 0 0 0 0 0 0 0 0 0 0 0 0 
0.0143996621675853455 0.323331 0 630905 0.0935824 29.3612 12.3621 0 115.3051 114.276 13.0288 -8.16677 0 0 0 -0 0 0 0 -0 0.991149 2.97249 5.97047 5.97047 
0.0144039312081066032 2.20882 0 366867 29.4376 29.0448 12.2783 0 202.0261 -97.9491 -174.532 27.5527 0 0 0 0 0 0 0 0 0 0 0 0 
0.0144051869951078992 2.68214 0 392518 29.4353 29.0426 12.276 0 151.9611 25.8183 -45.3419 142.722 0 0 0 0 0 0 0 0 0 0 0 0 
0.0144101970275258735 0.257739 1 0 0 11.7081 7.63552 0 0 1 -5.64832 30.586 -8.55722 1 -24.2531 -7.02803 -32.0431 0 0 0 0 1.47213 3.96107 0 346.986 
0.0144407207704330739 0.497411 0 547575 0.128677 29.7944 12.9825 0 65.22931 -35.4429 -11.0277 53.6382 0 0 0 0 0 0 0 0 0 0.972429 0 0 
0.0144427616006630889 0.687113 0 456851 0.459055 18.7881 16.9093 0 01 0 0 0 0 0 0 0 0 0 0 0 0 0 0 0 
0.0144715377183579647 1.08819 0 152125 29.2841 28.8975 12.1208 0 207.1851 82.8015 -128.42 -139.921 0 0 -0 0 0 0 -0 0 0 0 0 0 
0.0144978983612503963 0.925249 0 335816 29.2236 28.8394 12.0583 0 216.8151 207.599 -46.9285 41.3441 0 0 0 0 0 0 0 0 0 0 0 0 
0.0144992406886911961 0.19157 1 426300 0 21.7591 19.5832 0 0 1 -0.605399 -0.374727 -1.12499 0 0 0 0 0 0 0 0 0.941939 2.06469 0 212.189 
0.0145306134870917467 0.251435 0 519384 0.183347 18.2582 16.4283 0 01 0 -0 0 0 0 -0 0 0 0 -0 0 0.528483 1.2821 0 153.769 
0.0145419820391581179 0.24594 0 19650 0.13884 28.7442 11.9553 0 200.6991 189.751 63.9572 -13.5635 0 0 0 0 0 0 0 0 1.77491 3.27683 0 369.257 
0.0145533991204583601 0.310458 1 576600 0 25.5817 23.0235 0 0 1 -0.352742 0.191455 0.568696 0 0 0 0 0 0 0 0 0.310458 0.619247 0 0 
0.0145670800143883356 2.35728 0 353010 29.0679 28.6899 11.8965 0 221.5491 -187.873 86.2376 79.6898 0 0 0 0 0 0 0 0 0 0 0 0 
0.0146338544777885778 0.27376 1 436698 0 25.3662 22.8296 0 0 1 -0.259646 -0.108172 1.06261 0 0 0 0 0 0 0 0 0.543799 1.11679 229.543 229.543 
0.0146475596041693371 0.334481 0 449181 0.157411 28.9492 11.8686 0 40.22061 6.22458 6.35656 -39.2243 0 0 0 -0 0 0 0 -0 0.985892 4.36267 0 0 
0.0146644919027995417 0.129815 0 477516 0.599111 30.229 9.19543 0 60.19841 47.1557 -37.3664 -1.9859 0 0 0 0 0 0 0 0 1.60357 3.45517 1154.75 4860.86 
0.0146777156340192217 0.819777 0 599360 0.0872338 28.7819 11.7315 0 89.0621 33.9196 30.7355 -76.3991 0 0 0 -0 0 0 0 -0 0 0 0 0 
0.0146829703753887982 0.283151 0 426293 0.117269 29.2861 11.954 0 150.171 111.218 98.3927 -22.3746 0 0 0 0 0 0 0 0 0 0.55475 0 0 
0.0147251580652408339 0.15329 0 321271 0.0886233 28.3571 11.5318 0 115.1021 -88.0305 8.43689 73.6738 0 0 0 0 0 0 0 0 2.13241 3.62398 104.209 1171.73 
0.0147345440425922913 0.208927 0 126118 0.228956 28.5879 11.1666 0 123.5121 -69.0485 -100.174 -21.2748 0 0 0 -0 0 0 0 -0 0.953035 2.29458 0 455.277 
0.0147345440425922913 0.292639 0 453824 0.333542 29.1667 11.7079 0 226.5951 -212.897 65.6188 41.4015 0 0 0 0 0 0 0 0 0.281404 2.25944 0 0 
0.0147378055970549798 0.236448 0 564501 1.62378 31.1476 25.4704 0 124.8461 -88.354 -88.2044 0.335255 0 0 0 0 0 0 0 0 0.694877 2.28337 0 223.647 
0.0147453196884501977 1.06193 0 239877 28.678 28.3152 11.4856 0 117.2521 73.5122 34.8146 84.4514 0 0 0 0 0 0 0 0 0 0 0 0 
0.0147745776819027622 0.811564 0 424209 0.783534 29.4635 11.4546 0 125.2021 124.33 14.6856 -1.39043 0 0 0 0 0 0 0 0 0 0 0 0 
0.0148052262443667051 0.317793 0 248774 28.5498 28.192 11.3491 0 125.1721 -119.338 -37.6374 -3.15141 0 0 -0 0 0 0 -0 0 0 0.602437 0 0 
0.0148394884129592168 0.246973 0 505080 0.656516 28.6192 18.0399 0 219.8681 -199.142 -6.75014 -92.9465 0 -0 0 0 0 -0 0 0 0.267992 0.769942 0 0 
0.0148563285933512052 0.333488 0 430287 0.10459 20.5042 18.4538 0 01 0 0 -0 0 0 0 -0 0 0 0 -0 1.00316 2.00736 115.711 115.711 
0.0148682704455667912 4.50212 0 37014 0.0827045 28.0642 11.2069 0 66.83821 44.1734 27.9599 41.6449 0 0 0 0 0 0 0 0 0 0 0 0 
0.0148782885406933043 0.132164 1 449291 0 10.7289 6.72351 0 0 1 -133.752 26.4731 129.36 0 0 0 0 0 0 0 0 0.928366 2.12769 1935.51 2504.7 
0.0148879865380129959 0.244259 0 291918 0.131872 28.0244 11.1625 0 100.321 100.286 -2.07719 -1.57246 0 0 0 0 0 0 0 0 1.54701 4.60361 67.4184 685.661 
0.0148916386417084091 0.547881 0 475732 0 28.3343 11.3263 0 95.50761 72.7313 -4.45468 61.7416 0 0 0 0 0 0 0 0 0 1.61176 0 0 
0.0149182633453655029 0.55342 0 466451 0.282515 28.6526 12.1009 0 108.9521 43.4317 99.6588 7.24156 0 0 0 0 0 0 0 0 0 0 0 0 
0.0149215578433021957 0.556995 0 106288 28.3056 27.9571 11.0875 0 144.8591 -1.22212 133.105 57.1456 0 -0 0 0 0 -0 0 0 0 0 0 0 
0.0149325493981320914 0.444092 0 67839 28.2831 27.9354 11.0633 0 129.6471 121.75 -43.4301 9.95812 0 0 0 0 0 0 0 0 0.868773 3.89889 0 65.942 
0.0149535627166759548 0.550019 0 582557 0.112962 28.5461 11.2318 0 126.5661 17.535 -100.264 75.2241 0 0 0 0 0 0 0 0 0.550003 1.08569 0 53.9062 
0.014961658430353476 0.601452 0 296004 28.2226 27.8772 10.9982 0 81.52041 81.5197 -0.217262 0.255003 0 0 -0 0 0 0 -0 0 0 0 0 0 
0.0150014725784956525 0.274815 0 443100 0.0805394 29.4409 11.1404 0 175.5471 174.034 -22.224 -5.92063 0 0 -0 0 0 0 -0 0 0.570246 0.852954 0 5.85529 
0.0150166113633949921 0.811603 0 549396 0.0932796 28.5686 7.98282 0 127.9041 127.311 -1.93535 -12.1432 0 0 0 0 0 0 0 0 0 0 0 0 
0.0150362396473662265 0.884506 0 365272 0.247077 27.7306 10.8338 0 103.561 -60.8566 5.53668 83.6086 0 0 0 0 0 0 0 0 0 0 0 0 
0.0150445087232852093 2.16725 0 331934 28.0534 27.7145 10.8156 0 208.6821 44.2731 45.0039 198.903 0 0 0 0 0 0 0 0 0 0 0 0 
0.0150454934159921627 1.53393 0 587363 0.32757 27.9968 10.9627 0 40.52151 29.8789 17.4093 -21.1225 0 0 0 0 0 0 0 0 0 0 0 0 
0.0150571587732009904 0.661754 0 582566 1.2993 28.4633 11.2417 0 304.2021 110.906 67.6773 275.061 0 0 0 0 0 0 0 0 0 1.30802 0 0 
0.0150642492307531909 0.426539 0 41160 28.0132 27.6757 10.7721 0 63.0761 -47.0525 -13.2212 39.8729 0 0 0 0 0 0 0 0 0 0 0 0 
0.0150864498443466621 0.373874 0 613765 0 28.883 11.4923 0 227.7221 172.787 129.063 73.1073 0 0 0 0 0 0 0 0 1.43954 2.50075 0 0 
0.0150873358613671862 0.276672 0 185527 0.17266 27.6311 10.7219 0 103.0311 -59.5137 68.0907 49.3678 0 0 0 0 0 0 0 0 0 1.13482 0 0 
0.0150952209010239268 0.525041 1 468732 0 26.6158 23.9543 0 0 1 -0.11775 -0.360232 -0.609194 0 0 0 -0 0 0 0 -0 0 0.521526 0 0 
0.0150998557106616013 0.469366 0 279797 27.9416 27.6068 10.6947 0 179.9611 -120.667 96.6304 92.1307 0 -0 0 0 0 -0 0 0 0 2.34268 0 0 
0.015110579641066782 0.307754 0 506890 0.281543 29.7859 12.613 0 197.1591 194.406 25.0954 -21.175 0 0 0 -0 0 0 0 -0 0.926339 2.74242 0 248.906 
0.0151204793545493751 0.585549 0 300870 27.9003 27.567 10.65 0 202.8631 142.812 32.8473 140.282 0 0 0 0 0 0 0 0 0 0.592483 0 0 
0.0151428042886289811 0.133508 1 573939 0 22.9997 20.6997 0 0 1 -0.173337 -0.19841 0.443795 0 0 0 0 0 0 0 0 1.21027 2.59423 530.752 5694.49 
0.0151478237167714767 0.463902 0 223552 27.8459 27.5146 10.5909 0 73.62451 -72.6097 12.1494 -0.883036 0 0 0 0 0 0 0 0 0 0 0 0 
0.015148422936971731 0.149611 1 557449 0 31.7196 28.5477 0 0 1 0.843468 0.188429 -0.371619 0 0 0 0 0 0 0 0 2.16196 4.24463 28.0438 1124.11 
0.0151485820975087015 0.146061 0 466521 0.0895726 29.0567 10.9614 0 77.73861 -9.82344 44.3938 63.0554 0 0 0 0 0 0 0 0 1.82299 3.41952 1608.79 4586.18 
0.0152010351404571979 0.533559 0 132710 27.7405 27.4131 10.4767 0 183.1211 152.732 66.5267 -76.0295 0 0 0 0 0 0 0 0 0.540649 0.540649 0 0 
0.015204125508235156 0.982575 0 682055 0.108918 27.7791 10.6541 0 147.541 146.247 18.3784 6.47602 0 0 0 0 0 0 0 0 0 0.993297 0 0 
0.0152474210568022562 1.16855 0 207143 27.6503 27.3262 10.3786 0 284.7791 -179.052 184.516 -122.447 0 0 0 0 0 0 0 0 0 0 0 0 
0.0152553066848139397 0.519603 0 464877 0.386383 28.4527 10.845 0 134.2891 -108.648 -25.1561 74.808 0 0 0 0 0 0 0 0 0 0.515499 0 0 
0.0152833543946827907 0.449162 0 591633 0.240584 28.5473 10.7958 0 49.45971 14.6795 -16.7665 44.1549 0 0 0 0 0 0 0 0 0 0.876992 0 0 
0.0153007158500979568 0.315077 0 432763 3.56196 28.067 10.6661 0 215.3951 56.7174 -178.814 105.848 0 0 0 0 0 0 0 0 1.25742 4.37044 654.584 654.584 
0.0153040990563753782 0.493928 0 89495 27.5396 27.2196 10.2584 0 137.3991 -63.0631 -77.3035 94.4759 0 0 0 0 0 0 0 0 0 0.983475 0 0 
0.0153491559421110053 0.203297 0 442907 0.200894 27.1362 10.2867 0 170.2341 97.4416 138.792 14.8916 0 0 0 0 0 0 0 0 1.36822 3.75679 0 90.8526 
0.0153515433151280058 0.359793 0 446841 0.108817 28.8636 10.1987 0 155.3611 -154.637 11.8364 9.19711 0 -0 0 0 0 -0 0 0 0 0 0 0 
0.0153521232785072907 0.257913 0 18064 27.4481 27.1314 10.1589 0 114.2171 51.6019 -74.9858 68.9928 0 0 0 0 0 0 0 0 1.58811 3.95692 0 0 
0.0153694183338226147 0.304643 0 759850 0.0808815 27.5212 17.316 0 230.4431 -225.159 -44.9262 -19.7279 0 0 0 -0 0 0 0 -0 0.932478 1.23712 280.578 280.578 
0.0153944587292080756 0.312625 1 519122 0 9.72907 5.95499 0 0 2 -200.322 64.2435 23.4974 0 -0 0 0 0 -0 0 0 0.305376 2.84287 0 0 
0.0154023278559163208 0.76152 0 223825 27.3517 27.0385 10.0539 0 213.9461 -149.222 80.6815 -130.368 0 0 0 -0 0 0 0 -0 0 0.788962 0 0 
0.0154240768411092171 0.131858 0 149264 27.311 26.9993 10.0096 0 399.5631 -43.7347 79.2044 -389.184 0 0 0 0 0 0 0 0 2.24555 3.94486 8034.17 11374.9 
0.0154616574869390309 0.302517 0 340718 27.2398 26.9306 9.93221 0 110.2951 12.4293 -108.41 -16.0549 0 0 0 0 0 0 0 0 0 0.289682 0 0 
0.0154642271295612026 0.315729 0 692552 0.138026 27.2483 10.1343 0 220.391 -215.316 32.2627 -34.2063 0 -0 0 0 0 -0 0 0 1.5782 3.46087 0 415.725 
0.0154894697514226173 0.134861 0 441109 0.194296 27.3335 10.113 0 271.1531 253.202 -62.7261 -74.0158 0 0 -0 0 0 0 -0 0 3.01409 5.27542 2088.98 4214.42 
0.0154951848747895554 0.219517 0 352578 27.1776 26.8707 9.86464 0 138.7961 92.4084 92.5702 46.4296 0 0 0 0 0 0 0 0 1.67005 6.43771 2767.85 3014.65 
0.0155007959513936977 0.714348 0 141353 0.135455 27.1281 9.62864 0 148.7541 123.324 -3.10458 83.1224 0 0 0 0 0 0 0 0 0 1.41435 0 0 
0.0155119017942916375 0.606919 0 423445 0.122355 17.4462 15.6901 0 01 0 0 0 0 0 0 0 0 0 0 0 0 0 0 0 
0.015528718995422474 0.408993 0 292326 27.1149 26.8102 9.79616 0 366.0041 292.727 -171.208 -137.687 0 0 0 0 0 0 0 0 1.26768 2.10687 194.104 194.104 
0.0155631137000777787 0.150314 0 484772 0.128923 27.216 10.1537 0 95.3541 94.8515 -9.19639 3.3179 0 0 0 0 0 0 0 0 2.10983 4.6479 94.627 2063.08 
0.0155824149416767914 0.496032 0 661647 0.138321 27.1218 9.91989 0 74.82221 -56.0229 40.5201 -28.5993 0 0 0 -0 0 0 0 -0 0 0.484105 0 0 
0.0156118184462146793 0.567105 0 215333 26.9624 26.663 9.63015 0 286.5581 234.608 4.48963 164.482 0 0 0 0 0 0 0 0 0.572372 2.87641 0 0 
0.0156292268208673771 0.298564 1 554142 0 18.5544 16.6977 0 0 1 0.848868 -0.172752 -0.215734 0 0 -0 0 0 0 -0 0 1.1757 1.75588 0 126.636 
0.0156485301779663473 0.887487 0 590397 0.0978107 27.0637 9.82437 0 476.4931 147.066 424.094 159.88 0 0 0 0 0 0 0 0 0 0 0 0 
0.0156570945087820303 0.430687 0 520511 0.172747 27.9009 10.3591 0 338.5151 -266.197 -195.002 -75.5364 0 0 -0 0 0 0 -0 0 0 1.26176 0 0 
0.0156879420416965905 0.125122 1 595328 0 10.4547 6.47824 0 0 1 -93.8367 37.7988 85.8779 0 0 0 0 0 0 0 0 1.19811 2.69339 2825.87 4580.23 
0.0157251414611285049 0.293456 0 455874 0.113316 15.7838 14.181 0 01 0 0 0 0 0 0 0 0 0 0 0 0.583387 4.36548 0 105.273 
0.0157251414611285049 0.464425 0 485216 0.0835036 15.5992 14.0136 0 01 0 0 0 0 0 0 0 0 0 0 0 1.41651 1.41651 0 326.206 
0.0157736318138630531 0.373716 0 243230 0.130379 26.382 9.31378 0 150.9021 149.952 -16.2204 4.7611 0 0 0 0 0 0 0 0 0.734888 2.22512 174.42 174.42 
0.0157953209345495227 0.271191 0 422241 0.213363 27.4742 10.134 0 125.2391 -96.8842 -36.4898 -70.4754 0 -0 0 0 0 -0 0 0 0.263095 0.790515 0 0 
0.0158162138970462038 1.16193 0 49516 0.0848683 26.3093 9.23211 0 250.4161 93.8415 -105.014 -207.061 0 0 0 -0 0 0 0 -0 0 0 0 0 
0.0158306318498016921 0.484161 0 284405 0.126032 15.2951 13.738 0 01 0 0 0 0 0 0 0 0 0 0 0 1.90581 8.06419 0 0 
0.0158692145307115229 0.150994 0 487672 0.145516 28.4603 9.95436 0 49.18651 46.0408 -0.448052 17.3018 0 0 0 0 0 0 0 0 0.633321 2.41772 0 1376.37 
0.0158834790590984959 0.45407 0 451117 1.27103 16.608 14.9288 0 01 0 0 0 0 0 0 0 0 0 0 0 0 1.3535 0 0 
0.0158853416581984548 0.267043 0 522396 0.714178 27.3857 9.59371 0 175.0411 62.2919 -84.6012 140.006 0 0 0 0 0 0 0 0 0.269943 3.79748 0 0 
0.0159188145384173453 0.564646 1 166801 0 9.31112 8.3417 0 0 2 -0.519345 0.455228 -1.10948 0 0 0 0 0 0 0 0 0.557371 0.557371 0 0 
0.0159630685418412598 0.304345 0 423241 0.999511 27.253 9.42123 0 234.5421 19.6471 155.559 174.429 0 0 0 0 0 0 0 0 0 1.75956 0 0 
0.015971159449538478 0.44118 0 125335 0.197116 26.0496 8.94125 0 229.511 -210.615 46.7944 78.2729 0 -0 0 0 0 -0 0 0 0.906227 1.34975 0 13.1364 
0.0160035782484859584 0.112709 1 538202 0 36.3657 32.7291 0 0 2 0.117655 0.0866344 -0.37733 0 0 0 0 0 0 0 0 2.33992 4.08395 968.637 3710.55 
0.0160035782484859584 0.932941 0 335749 26.272 25.9964 8.88181 0 145.5751 -145.025 -4.78481 11.7059 0 0 -0 0 0 0 -0 0 0 0 0 0 
0.0160224922128301382 0.153082 0 725194 0.160254 26.75 9.34295 0 69.25731 66.1882 -0.655424 20.378 0 0 0 0 0 0 0 0 1.43926 2.97652 0 2063.66 
0.0160296364435829272 0.32098 0 438681 0.283621 26.2627 9.10094 0 30.82631 24.7464 11.7869 14.1047 0 0 0 0 0 0 0 0 1.2937 2.28468 0 396.575 
0.0160482472688503394 0.214366 0 170681 0.136393 25.9229 8.79987 0 224.5241 24.1572 -86.3399 -205.847 0 0 0 -0 0 0 0 -0 0.199822 1.03884 0 0 
0.0160486772626513112 0.138296 1 213283 0 19.8429 17.8586 0 0 2 -0.0999844 -0.50084 0.48218 0 0 0 0 0 0 0 0 1.36767 2.54567 989.539 2518.43 
0.0160687581753938581 0.298254 0 441035 0.141611 30.3811 27.343 0 01 0 0 0 0 0 0 0 0 0 0 0 1.18568 4.45808 60.8513 888.759 
0.0160699498035759246 0.314005 0 8327 0.47524 26.0577 8.86653 0 404.5571 -217.122 294.816 172.07 0 -0 0 0 0 -0 0 0 0.655189 2.28731 0 431.133 
0.0160940646257328561 0.384094 0 615209 0.0983595 26.251 9.12534 0 231.7561 147.588 -33.198 -175.574 0 0 0 0 0 0 0 0 0 1.87446 0 0 
0.0160942802689392518 0.274162 0 518509 0.220328 30.3819 12.7668 0 82.94531 -81.9383 12.1143 -4.39135 0 0 0 -0 0 0 0 -0 0.822872 1.62701 1022.84 1022.84 
0.0161089162417421966 0.309767 0 232834 26.0945 25.8249 8.69086 0 132.5361 -62.7352 -0.645347 116.746 0 0 0 0 0 0 0 0 0.894571 2.96018 0 0 
0.0161469004142671228 0.165117 0 131510 0.140168 25.7636 8.62278 0 138.841 -13.9424 -110.047 -83.4977 0 -0 0 0 0 -0 0 0 3.0584 5.28501 1377.28 5435.7 
0.0161540935231551872 1.32728 0 325539 26.0189 25.7517 8.60961 0 209.4951 185.517 -93.6319 -26.5481 0 0 0 0 0 0 0 0 0 0 0 0 
0.0161650824980690139 0.600487 0 9348 0.12323 25.8806 8.69333 0 334.0561 -89.0364 -319.708 -38.1134 0 0 -0 0 0 0 -0 0 0 1.22086 0 0 
0.0161707259677190546 0.176062 0 447610 0.298849 25.9894 8.51606 0 155.8151 -134.847 -50.7653 -59.3083 0 0 0 -0 0 0 0 -0 1.67733 3.84704 786.076 1473.4 
0.0161790358848188827 1.24576 0 369436 25.9777 25.712 8.56548 0 232.1161 -77.3744 -109.642 -189.393 0 -0 0 0 0 -0 0 0 0 1.27503 0 0 
0.0161901548530474469 0.281626 1 81542 0 9.30507 8.33626 0 0 1 0.453799 -0.59002 0.326455 0 0 0 0 0 0 0 0 0.80273 2.44017 233.729 547.032 
0.0162055489555595726 0.266638 0 588900 0.218299 26.1373 9.1105 0 332.471 -71.7839 304.43 112.719 0 0 0 0 0 0 0 0 0.533178 2.93869 0 210.888 
0.0162663556931458321 0.210282 1 449029 0 29.8547 26.8692 0 0 1 0.025252 0.565212 -0.270444 0 0 0 0 0 0 0 0 2.03661 4.77481 390.711 1239.94 
0.0162728322784033291 1.03482 0 60209 25.824 25.5633 8.40112 0 225.8251 186.07 -0.46274 -127.963 0 0 -0 0 0 0 -0 0 0 0 0 0 
0.0163013695471715125 0.924992 0 260365 0.440862 25.7303 8.4643 0 321.3931 54.0218 216.973 230.864 0 0 0 0 0 0 0 0 0 1.84999 0 0 
0.0163015823914199227 0.257066 0 432159 0.122628 26.8657 9.29957 0 325.6191 316.113 -64.4976 -44.0545 0 0 0 -0 0 0 0 -0 0.47141 0.961456 0 0 
0.0163182970825953184 0.427906 0 226518 0.102791 25.6789 8.46625 0 386.3511 -386.06 -12.5384 -8.22745 0 0 0 0 0 0 0 0 2.16431 4.73888 81.8239 97.7265 
0.0163205229305393162 0.536864 0 149828 0.226518 25.7326 8.34277 0 203.1641 -203.143 -2.71624 0.985751 0 0 0 0 0 0 0 0 0 0.542107 0 0 
0.0163213979760558001 0.471429 0 452402 0.288381 16.3934 14.7341 0 01 0 0 0 0 0 0 0 0 0 0 0 0 0 0 0 
0.0163729474004964959 0.234678 0 495140 1.13465 26.1463 8.84152 0 260.2171 138.518 -190.433 110.728 0 0 -0 0 0 0 -0 0 0.241732 0.984739 0 0 
0.0163875264334518156 1.16118 0 64738 25.6395 25.3848 8.20463 0 481.7651 422.884 -155.804 170.271 0 0 0 0 0 0 0 0 1.14326 1.14326 0 92.4216 
0.0163913891452611704 4.49996 0 332349 25.6333 25.3788 8.19806 0 305.7821 -177.175 -248.913 -12.4279 0 -0 0 0 0 -0 0 0 0 0 0 0 
0.0164040419342076499 0.153787 1 479411 0 25.9202 23.3282 0 0 1 -0.334772 -0.447625 -0.141527 0 0 0 -0 0 0 0 -0 0.658138 2.42883 1205.17 1638.77 
0.0164489025196821355 0.296658 0 105386 1.59627 25.2902 8.1011 0 278.3271 -34.3715 273.743 36.7309 0 0 0 0 0 0 0 0 0.312364 0.899845 0 0 
0.0164526078043092383 0.735419 0 459421 0 25.719 8.57963 0 176.9341 84.6456 42.2505 149.518 0 0 0 0 0 0 0 0 0 0.734182 0 0 
0.0164586620093421787 0.192908 0 497144 0.471432 25.9171 8.5585 0 179.8671 137.161 77.4774 86.8113 0 0 0 0 0 0 0 0 1.23807 3.1852 0 2093.04 
0.0164654137428713182 0.317538 0 585438 0.0855624 25.631 8.34571 0 343.1851 329.76 58.546 74.8792 0 0 0 0 0 0 0 0 0.61207 1.53403 0 41.0409 
0.0165054976795462258 1.08536 0 373425 25.4531 25.2044 8.00737 0 175.7031 132.42 103.83 50.5551 0 0 0 0 0 0 0 0 0 0 0 0 
0.0165095350919460711 1.74799 0 126498 0.111163 25.1984 8.00087 0 136.5251 79.5085 -30.6919 106.656 0 0 0 0 0 0 0 0 0 0 0 0 
0.0165178735158494072 0.348982 0 612768 0.112435 25.4947 8.22805 0 87.99381 40.6648 20.7541 75.2233 0 0 0 0 0 0 0 0 0.346683 0.706515 0 0 
0.0165416492658713096 0.191468 1 426730 0 36.0771 32.4694 0 0 1 0.35548 -0.594656 0.455217 0 0 0 0 0 0 0 0 2.73732 4.49995 1100.67 3530.84 
0.0165515929127456572 3.32596 0 223851 25.3818 25.1353 7.93219 0 284.691 270.474 20.5751 -86.4215 0 0 0 0 0 0 0 0 0 0 0 0 
0.0165627799687956406 0.506582 0 315518 25.3638 25.1179 7.91324 0 175.5511 -170.027 -43.0743 7.32083 0 0 0 0 0 0 0 0 0 1.00617 0 0 
0.0165688675716375577 2.64851 0 292351 25.3548 25.1093 7.90386 0 114.6461 -86.6888 74.9491 -3.38689 0 0 0 0 0 0 0 0 0 0 0 0 
0.0165758798146948792 0.218983 0 719625 0.102341 25.4653 8.24915 0 242.4441 237.116 -40.8837 29.7277 0 0 0 0 0 0 0 0 1.47897 3.40506 0 381.467 
0.0166261286633632675 0.304325 0 442998 0.162199 30.7764 13.7885 0 50.55221 -44.0906 -10.7016 22.2938 0 0 0 0 0 0 0 0 0.933954 3.08388 0 799.237 
0.0166314410183451486 0.662108 0 312777 25.2581 25.0156 7.80226 0 250.781 -177.845 35.3986 -173.23 0 0 0 0 0 0 0 0 1.33583 2.00104 17.7809 17.7809 
0.0166400363118178359 0.886386 0 486926 0.222459 15.0869 13.5493 0 01 0 0 0 0 0 0 0 0 0 0 0 0 1.77588 0 0 
0.0166795451281477256 0.183934 0 298399 25.1847 24.9445 7.72548 0 217.9331 214.633 36.6165 9.32181 0 0 0 0 0 0 0 0 1.38578 3.09548 1145.73 1308.97 
0.0167043171052326349 0.861772 0 224434 25.1471 24.9081 7.68622 0 470.71 -98.9775 -447.492 -107.297 0 0 0 0 0 0 0 0 0.840592 0.840592 0 0 
0.0167672149202525989 1.16358 0 610546 0.147161 25.1529 7.92557 0 199.5531 10.7236 -183.14 -78.5253 0 0 0 0 0 0 0 0 0 2.31097 0 0 
0.016795990239113566 0.310707 1 449392 0 10.6946 6.69139 0 0 1 98.3587 -205.782 34.2672 0 0 0 0 0 0 0 0 0.896304 5.22101 0 86.4882 
0.0168283032940585407 0.725647 0 486199 0.204634 25.1339 7.8148 0 279.9341 -264.282 -89.5636 -22.282 0 0 0 0 0 0 0 0 0.745341 2.20768 0 0 
0.0168381641004181661 0.295431 0 434848 0.125304 16.087 14.456 0 01 0 0 0 0 0 0 0 0 0 0 0 1.10943 3.66806 0 0 
0.0168515832440000318 0.08841 0 81629 0.0926668 24.695 7.45765 0 234.5451 -144.877 140.102 119.972 0 0 0 0 0 0 0 0 2.58844 4.37491 1658.82 4532.66 
0.016855826094383082 1.21805 0 262693 24.9211 24.6891 7.45144 0 125.9381 -122.766 15.5196 -23.4125 0 0 0 -0 0 0 0 -0 1.22614 1.22614 130.109 130.109 
0.0168617511557191298 0.230226 0 185177 0.195054 24.7681 7.53596 0 450.8931 68.8325 104.325 433.224 0 0 0 0 0 0 0 0 2.17644 3.73323 250.232 1781.72 
0.0168646340225883616 0.184826 0 466381 0.113283 26.4102 6.71989 0 97.19361 91.224 -10.1492 -31.9651 0 0 0 -0 0 0 0 -0 2.44306 5.12026 0 2654.42 
0.0168980800578755128 5.00424 0 163317 0.151419 24.6281 7.38649 0 214.4771 214.201 10.8613 -0.674238 0 0 0 -0 0 0 0 -0 5.78158 5.78158 0 43.2797 
0.0169075028913259207 0.270831 0 140637 24.8446 24.615 7.37248 0 460.8711 373.118 -115.689 244.543 0 0 0 0 0 0 0 0 0.27477 1.96798 0 205.334 
0.0169601445808968583 0.150997 0 690727 0.164582 25.2434 7.88383 0 300.8371 63.6298 -267.415 122.244 0 0 -0 0 0 0 -0 0 1.24157 2.4048 3369.11 3409.84 
0.0169656315569315756 0.343541 0 573938 0.103491 25.2846 7.87561 0 459.1461 201.784 -361.385 -198.742 0 0 0 0 0 0 0 0 0.997068 2.03473 0 289.678 
0.0169911410947129089 0.272586 0 427222 0.122185 24.9504 7.61826 0 301.231 244.817 -110.621 -136.263 0 0 0 0 0 0 0 0 1.16809 3.74362 0 88.07 
0.016991326307102983 0.189275 0 638580 0.544023 24.8431 7.53886 0 441.5841 413.237 -125.819 91.6593 0 0 0 0 0 0 0 0 0.884241 2.30517 0 834.881 
0.016991831730963896 2.07664 0 219251 24.7221 24.4962 7.24663 0 407.351 -92.6767 383.88 -99.908 0 -0 0 0 0 -0 0 0 0 0 0 0 
0.0169971039028172059 0.691374 0 344291 24.714 24.4884 7.23832 0 259.2951 -118.79 -78.8209 -216.587 0 -0 0 0 0 -0 0 0 0.691374 0.691374 0 188.416 
0.0170505715374412725 0.458755 0 226925 24.6372 24.4139 7.15981 0 258.1871 258.162 3.56805 0.351894 0 0 0 0 0 0 0 0 0 1.3799 0 0 
0.0170584606948345867 0.232716 1 0 0 10.1112 5.9105 0 0 1 -63.5042 -6.5181 -12.8704 1 -148.331 85.2604 360.525 0 -0 0 0 1.5116 3.88364 181.021 798.213 
0.0170584606948345867 0.463128 0 63470 24.6264 24.4034 7.14874 0 267.7721 -168.948 -146.869 -146.928 0 0 0 0 0 0 0 0 0.462836 0.937681 0 0 
0.0170707214824602008 0.0548277 0 490565 0.0911682 25.1823 7.83255 0 279.4551 254.83 15.9232 113.592 0 0 0 0 0 0 0 0 2.01771 4.23977 1666.94 6831.63 
0.017121139996030911 4.84625 0 77879 0.472194 24.3166 7.05763 0 507.2721 -46.0253 -5.88532 -505.146 0 0 -0 0 0 0 -0 0 0 0 0 0 
0.0171374231093656786 0.703511 0 353771 24.5135 24.294 7.03398 0 119.2041 60.8063 -44.1015 92.5594 0 0 0 0 0 0 0 0 0 0.708962 0 0 
0.0171470345977097031 0.600436 0 273440 24.4999 24.2807 7.02009 0 344.5081 -34.0774 320.65 121.277 0 0 0 0 0 0 0 0 0.61066 3.03537 0 0 
0.0171624678321765367 0.377097 0 450308 0.143161 16.2809 14.6321 0 01 -0 0 0 0 -0 0 0 0 -0 0 0 1.47568 4.83426 0 197.039 
0.0171702759962746206 1.81052 0 350672 24.4671 24.2489 6.98697 0 185.391 182.689 5.56852 31.032 0 0 0 0 0 0 0 0 0 0 0 0 
0.0171839533294341311 0.205042 0 73656 0.131309 24.2304 6.96769 0 195.7211 175.676 -79.016 34.6545 0 0 0 0 0 0 0 0 1.50117 4.19616 0 725.128 
0.017193211404463931 0.226092 0 543304 0.138675 24.5745 7.26522 0 375.5741 129.74 299.332 186.075 0 0 0 0 0 0 0 0 2.42929 5.35901 0 432.905 
0.0172020042219005534 0.413136 0 507461 0.197105 24.9061 7.37456 0 292.4081 -252.658 -71.1681 -128.847 0 -0 0 0 0 -0 0 0 2.09921 2.92014 0 0 
0.0172163481850427236 0.445987 0 446523 4.86086 24.6259 7.29546 0 302.71 -265.883 -142.705 23.841 0 -0 0 0 0 -0 0 0 0 3.12843 0 0 
0.0172196604343833395 0.460621 0 567605 1.20599 16.5268 14.8552 0 01 -0 0 0 0 -0 0 0 0 -0 0 0 0.948988 5.2054 0 0 
0.0172420218687145861 0.429436 0 264646 24.3668 24.1516 6.88566 0 233.3171 5.75793 91.6128 -214.501 0 0 0 0 0 0 0 0 0 0.416246 0 0 
0.0172735697395398242 0.224415 0 187804 0 24.1097 6.84227 0 186.7861 178.519 -53.0426 14.3709 0 0 -0 0 0 0 -0 0 2.01654 4.07543 1023.04 1023.04 
0.0172773568914167397 0.242524 0 118226 24.3179 24.1041 6.83646 0 248.0771 236.104 24.1794 72.1979 0 0 0 0 0 0 0 0 1.03733 3.81759 64.7419 112.793 
0.0172846992911697382 0.0900054 0 562128 0.0931021 24.7706 7.38717 0 152.9081 -150.697 -20.0101 16.4579 0 0 0 0 0 0 0 0 2.66801 5.26448 7358.04 11914.5 
0.0172894014726516047 0.36536 1 448838 0 32.5972 29.3374 0 0 1 0.00320197 -0.0575537 0.025079 0 0 -0 0 0 0 -0 0 1.11849 3.33504 0 226.154 
0.0173019190544548493 4.46475 0 56191 0.396017 18.1632 16.3419 0 01 0 0 0 0 0 0 0 0 0 0 0 0 0 0 0 
0.017316483431669475 0.182012 0 502477 0.180488 14.0249 11.7284 0 36.0871 36.0702 0.993216 -0.480855 0 0 0 0 0 0 0 0 2.28402 4.67818 1214.95 2024.75 
0.0173742675707078929 0.813182 0 342776 24.1853 23.9755 6.70385 0 259.8461 -71.1231 -223.012 112.815 0 -0 0 0 0 -0 0 0 0 2.39243 0 0 
0.0173841314016191205 0.44635 0 165677 0.136379 24.1643 6.85081 0 238.9471 -219.282 94.919 1.29246 0 0 0 0 0 0 0 0 0 1.79416 0 0 
0.0174163571883655978 0.124175 0 440925 0.138096 25.9674 23.3707 0 01 0 0 0 0 0 0 0 0 0 0 0 3.47927 6.05306 3774.04 8530.4 
0.0174220023057755809 3.43299 0 361214 24.1206 23.9127 6.63946 0 181.6251 130.684 -54.7071 113.65 0 0 -0 0 0 0 -0 0 0 0 0 0 
0.0174501806500108325 0.113742 1 582029 0 16.0401 14.4136 0 0 2 -0.0103091 -0.395869 -0.461769 0 -0 0 0 0 -0 0 0 2.88633 4.22914 3608.07 7003.45 
0.0175178313315051994 0.545185 0 371033 23.9911 23.7869 6.5113 0 178.8891 8.64024 -120.057 -132.337 0 0 0 -0 0 0 0 -0 0 0 0 0 
0.0175302321680836683 0.188858 1 556485 0 36.0405 32.4365 0 0 1 0.00105547 -0.636814 -0.11697 0 0 0 0 0 0 0 0 2.77367 5.66541 566.756 2300.42 
0.0175902757584368852 0.180624 1 525771 0 8.70307 7.79685 0 0 2 0.269487 0.407004 0.399903 0 0 0 0 0 0 0 0 2.69451 5.19668 0 1408.26 
0.0175931316524899004 0.521858 1 722805 0 8.83897 7.91867 0 0 2 -0.5291 -0.367555 0.409538 0 0 -0 0 0 0 -0 0 1.06212 2.64565 0 0 
0.0176050093593293801 0.111516 1 429428 0 30.4091 27.3682 0 0 2 0.0167959 0.0143707 -0.00942799 0 0 0 0 0 0 0 0 3.06937 5.56278 3679.05 6953.5 
0.0176429396902856306 0.201744 1 516106 0 26.8499 24.1649 0 0 1 0.315564 0.17814 0.578866 0 0 0 0 0 0 0 0 1.41568 5.18642 0 258.336 
0.0176527462377327402 0.782405 0 272148 23.8146 23.6154 6.3382 0 315.1821 -191.45 223.399 -113.047 0 0 0 0 0 0 0 0 0.788772 3.90693 0 0 
0.0177017529470991364 0.204757 1 482819 0 36.3629 32.7266 0 0 1 -0.452632 0.539726 0.244766 0 0 0 0 0 0 0 0 1.7879 4.13096 0 836.71 
0.0177215703573598456 1.35665 0 83813 0.168748 23.527 6.24973 0 98.64291 -88.7629 11.707 41.4067 0 0 0 0 0 0 0 0 0 0 0 0 
0.0177359533783424742 0.179358 0 588122 0.172747 24.223 6.81094 0 226.9671 41.5541 216.213 -55.1281 0 0 0 0 0 0 0 0 2.2101 4.68755 0 1084.82 
0.0177636157083147159 0.150091 0 649597 0.09475 23.859 6.54226 0 407.3621 244.253 -323.506 40.3533 0 0 -0 0 0 0 -0 0 2.79209 6.49093 1836.09 5676.71 
0.0177906378036561223 0.169563 1 421297 0 50.7185 81.0927 0 0 2 -0.0178023 -0.00110981 0.0350356 0 0 0 0 0 0 0 0 2.24524 5.79321 616.908 1797.4 
0.0177951242769634338 0.542419 0 284557 23.6294 23.4354 6.15861 0 359.7161 18.3015 -302.847 -193.248 0 0 0 -0 0 0 0 -0 0.523798 3.72854 0 0 
0.0177972092195118441 0.27146 0 96095 0.124426 23.433 6.15615 0 172.421 -37.6969 -26.934 -166.079 0 0 0 -0 0 0 0 -0 1.06235 3.42317 0 568.156 
0.0178042935310654682 0.19048 0 362626 23.6173 23.4238 6.14701 0 281.551 203.821 181.518 69.126 0 0 0 0 0 0 0 0 1.80382 4.53235 956.919 2092.63 
0.0178186468282656545 0.221691 0 529592 0.413858 23.7132 6.40689 0 516.7841 515.424 8.11305 -36.5799 0 0 0 0 0 0 0 0 0.475453 1.83027 0 0 
0.0178255149233019182 0.202601 0 327371 23.59 23.3972 6.12072 0 427.9351 -277.202 -215.059 -245.026 0 0 -0 0 0 0 -0 0 1.6024 3.19372 829.948 1964.05 
0.0178540918152073035 0.669417 0 212127 23.5537 23.3619 6.08581 0 310.8391 304.376 59.3999 -21.1697 0 0 0 0 0 0 0 0 0.675182 1.33431 0 0 
0.017896860106866426 0.917649 0 77061 23.5 23.3097 6.03448 0 394.881 -138.989 369.509 -8.70636 0 -0 0 0 0 -0 0 0 0 0.919829 0 0 
0.0179358458390316416 0.262383 0 425709 0.182429 23.406 6.14144 0 111.9631 -6.60898 -102.51 44.539 0 0 0 0 0 0 0 0 1.04204 4.10621 87.4997 87.4997 
0.0179525063435281712 1.10254 0 251151 23.4299 23.2415 5.96757 0 225.1361 -57.4114 -179.836 -122.675 0 0 -0 0 0 0 -0 0 0 0 0 0 
0.0179746454617167213 0.311131 0 74516 0.0916801 23.2148 5.94152 0 294.7181 288.88 16.0297 -56.1265 0 0 0 0 0 0 0 0 0.594144 1.78433 0 0 
0.0181244613213232611 0.275672 0 609659 0.122017 23.4624 6.21163 0 284.6411 33.3492 -278.896 46.0982 0 0 0 0 0 0 0 0 2.93667 5.82895 0 206.97 
0.0181799054719011741 0.26373 0 199257 23.1499 22.9692 5.70405 0 69.95041 60.2001 -19.1848 30.0158 0 0 0 0 0 0 0 0 1.06628 2.65379 76.5789 309.188 
0.0181919452864313727 0.361101 1 444252 0 23.8086 21.4278 0 0 1 0.58632 -0.650967 0.383764 0 0 0 0 0 0 0 0 1.4439 5.35278 248.371 412.245 
0.0181946452388497271 0.101546 0 497326 0.348534 23.2325 5.92109 0 180.9771 -82.2606 69.1733 -145.605 0 0 0 -0 0 0 0 -0 3.92427 7.33819 4409.82 8484.35 
0.018214133308106957 0.346415 0 317111 23.1091 22.9295 5.66604 0 376.21 -282.983 -197.573 149.707 0 0 0 0 0 0 0 0 1.42435 2.852 0 0 
0.0182620297340466038 0.194106 1 537808 0 9.17554 8.25798 0 0 2 11.4496 9.34279 6.01156 0 0 0 0 0 0 0 0 0.727873 3.25711 0 419.08 
0.0183385780134320449 2.0473 0 78975 22.9598 22.7842 5.5281 0 412.9831 332.459 -88.4588 -228.477 0 0 0 0 0 0 0 0 0 0 0 0 
0.0183674554724943401 0.0807703 1 661130 0 36.3131 32.6818 0 0 1 -0.0658794 -0.460979 -0.21618 0 0 0 -0 0 0 0 -0 2.33137 4.92552 596.068 4208.49 
0.0183788329279147254 0.156001 1 459841 0 36.2638 32.6374 0 0 1 0.0988042 0.571663 -0.304268 0 0 0 0 0 0 0 0 4.35828 6.96706 1762.55 6453.85 
0.0183988832063312763 0.219569 0 451525 0.100569 23.0715 5.79505 0 464.1961 -7.81594 286.197 365.387 0 -0 0 0 0 -0 0 0 1.88984 3.47384 38.7232 149.371 
0.0184107757877143181 0.532121 0 427847 0.355815 33.1181 12.0848 0 10.30261 -4.63594 8.76876 2.7858 0 -0 0 0 0 -0 0 0 1.08999 1.63747 0 1.02484 
0.0184117057109940106 0.409392 0 175854 22.8738 22.7005 17.1955 0 01 -0 0 0 0 -0 0 0 0 -0 0 0 0.424839 1.248 0 24.3911 
0.0184303652733798541 0.0529894 1 497073 0 8.29356 7.42973 0 0 1 -0.0533038 0.502558 -0.951319 0 -0 0 0 0 -0 0 0 3.47974 6.38186 3123.32 9950.28 
0.0184357905134695209 1.515 0 106367 0.0943011 22.6728 17.1856 0 01 0 0 0 0 0 0 0 0 0 0 0 0 0 0 0 
0.0184581829696196728 0.512327 1 0 0 8.0556 2.29213 0 0 1 22.1041 407.915 -140.284 1 395.338 499.532 196.438 0 0 0 0 0 0 0 0 
0.0184805700524105325 1.03475 0 208112 0.254055 22.6222 17.1679 0 01 0 0 -0 0 0 0 -0 0 0 0 -0 1.02991 2.07535 49.1986 49.1986 
0.018484399045180188 3.72614 0 153408 22.7891 22.618 17.1664 0 01 0 0 -0 0 0 0 -0 0 0 0 -0 0 0 0 0 
0.0184934813266363074 0.130568 0 159018 0.361467 22.875 5.60254 0 300.9041 -280.123 83.4038 -71.5398 0 0 0 0 0 0 0 0 2.89034 5.75799 4270.61 11104.2 
0.0185485136050362563 0.373984 0 263938 0.188191 22.5457 17.1406 0 01 0 0 0 0 0 0 0 0 0 0 0 0.716982 3.99726 0 0 
0.0185727449769068007 1.18845 0 645192 2.19824 22.5915 17.3632 0 01 0 0 0 0 0 0 0 0 0 0 0 1.17336 2.36543 0 0 
0.01862085494815734 0.843494 0 277375 22.6323 22.4653 17.1112 0 01 0 0 -0 0 0 0 -0 0 0 0 -0 0 0.823612 0 0 
0.0186282179080653788 0.0876565 1 447686 0 12.087 8.32579 0 0 1 20.6493 -80.7527 -87.4671 0 0 0 0 0 0 0 0 4.06842 7.50454 3937.3 10389.3 
0.0186772721473815462 0.129036 0 148434 0.616152 22.4026 17.0885 0 01 0 0 0 0 0 0 0 0 0 0 0 3.80807 6.84365 3422.47 7718.85 
0.018685883749329623 0.161539 0 480220 0.0902798 22.7183 17.3147 0 01 0 -0 0 0 0 -0 0 0 0 -0 0 4.1361 7.32316 628.933 3150.21 
0.018699205242720101 0.26244 0 516330 0.641866 16.0039 14.3808 0 01 -0 0 0 0 -0 0 0 0 -0 0 0 0.812621 5.09454 0 161.732 
0.0187008124892560114 2.86538 0 379599 22.5413 22.3766 17.079 0 01 0 0 0 0 0 0 0 0 0 0 0 0 0 0 0 
0.0187030802443189856 1.17717 0 337060 22.5388 22.3742 17.0782 0 01 0 0 -0 0 0 0 -0 0 0 0 -0 0 1.19325 0 0 
0.0187159004754667915 0.162316 0 224545 0.147493 22.6309 16.0333 0 01 0 0 0 0 0 0 0 0 0 0 0 2.24191 5.46996 133.66 225.885 
0.0187868052101492523 0.131932 0 13000 22.4451 22.2828 17.0434 0 01 0 0 0 0 0 0 0 0 0 0 0 2.85035 5.61944 4216.44 10506.8 
0.0188393626509330316 0.0756989 0 64642 0.169438 23.7897 21.4108 0 01 -0 0 0 0 -0 0 0 0 -0 0 0 4.79009 8.36911 2099.18 8844.38 
0.0188419206848961691 0.442289 0 542551 18.0646 22.8778 5.60946 0 470.5311 378.83 274.492 -50.4126 0 0 0 0 0 0 0 0 0.441956 2.2038 0 0 
0.0188657753076055326 0.0994716 1 527977 0 27.8406 25.0565 0 0 1 -0.0432044 0.0983188 0.5597 0 0 0 0 0 0 0 0 3.24362 5.70202 549.042 2076.08 
0.018888496357903295 0.125266 0 610780 0.127115 25.0298 7.69818 0 266.8381 -125.662 -142.868 187.084 0 0 0 0 0 0 0 0 3.79439 7.04651 7071.24 12065.8 
0.0189180246536983024 0.0852985 0 492402 0.220783 15.6245 14.0367 0 01 0 0 0 0 0 0 0 0 0 0 0 3.20971 6.9111 3256.3 6644.7 
0.0189934932725013376 0.0898213 1 554355 0 36.0773 32.4695 0 0 1 -0.441131 0.342618 0.402444 0 0 0 0 0 0 0 0 2.74825 5.36416 790.542 4881.69 
0.0190414969787597865 0.273516 0 161955 22.1664 22.0112 16.9383 0 01 0 -0 0 0 0 -0 0 0 0 -0 0 0.819739 2.73231 0 97.1225 
0.0190485846871812532 0.14865 0 342879 0.310087 22.0036 16.9354 0 01 -0 0 0 0 -0 0 0 0 -0 0 0 3.06246 6.29122 3384.55 7100.67 
0.019057941773937815 0.111796 0 1919 1.74022 21.9946 16.932 0 01 0 0 0 0 0 0 0 0 0 0 0 5.97722 9.46122 4591.16 13108 
0.0190994821324521127 0.244088 0 334931 22.1041 21.9505 16.9144 0 01 0 0 0 0 0 0 0 0 0 0 0 2.34891 4.91938 0 725.524 
0.0191040788478750619 0.337034 1 452570 0 24.452 22.0068 0 0 1 0.0239927 -0.22436 0.420706 0 0 0 0 0 0 0 0 1.01626 2.7065 0 0 
0.019115067452880892 0.152934 0 189779 0.0927297 21.9344 16.908 0 01 0 0 0 0 0 0 0 0 0 0 0 4.56271 8.67471 2555.48 6132.52 
0.0191475409419422718 0.352081 0 153745 22.0528 21.9005 16.8944 0 01 0 0 -0 0 0 0 -0 0 0 0 -0 0 0.685831 0 0 
0.0191873207082615058 0.584091 0 540012 0.588357 22.5464 16.748 0 01 -0 0 0 0 -0 0 0 0 -0 0 0 0.573645 1.15881 0 0 
0.0191879608217678174 0.198071 0 652699 0.121632 15.1292 13.5877 0 01 -0 0 0 0 -0 0 0 0 -0 0 0 1.4737 5.95746 605.076 640.145 
0.0192010262746086582 0.41511 0 143717 21.9963 21.8453 16.8722 0 01 0 -0 0 0 0 -0 0 0 0 -0 0 0 0.43597 0 0 
0.0192821788799782366 0.213274 0 478863 0.140455 24.2933 6.99819 0 344.4041 -326.37 109.674 8.26905 0 0 0 0 0 0 0 0 1.63783 3.69616 259.486 667.073 
0.019307454274554308 0.124306 1 435251 0 34.1279 30.7151 0 0 1 0.646095 -0.426044 -0.572166 0 0 0 0 0 0 0 0 4.17248 8.11424 2323.7 10124.5 
0.0193211332623651512 0.256972 0 150319 0.210043 21.723 16.822 0 01 -0 0 0 0 -0 0 0 0 -0 0 0 1.65842 4.5602 0 4.24731 
0.0193462083533022765 0.979462 0 315344 21.8446 21.6973 16.8114 0 01 0 0 0 0 0 0 0 0 0 0 0 0 0.984702 0 0 
0.0193618545075302101 0.142136 0 205292 0.335468 21.6818 16.8049 0 01 0 0 0 0 0 0 0 0 0 0 0 3.54526 6.99525 1905.39 7077.41 
0.019405923416313961 0.252328 0 18397 0.294176 21.6372 16.7864 0 01 0 0 0 0 0 0 0 0 0 0 0 2.56091 4.85239 263.525 560.442 
0.0194085880470305193 0.336637 0 5802 0.0994794 21.6347 16.7853 0 01 0 -0 0 0 0 -0 0 0 0 -0 0 0 0.663675 0 0 
0.0194163072009659286 0.30846 0 463194 0.473608 22.0307 16.6905 0 01 0 0 0 0 0 0 0 0 0 0 0 0.30569 4.09179 0 0 
0.0194197647897210758 1.26683 0 211548 21.7693 21.6238 16.7808 0 01 0 0 -0 0 0 0 -0 0 0 0 -0 0 1.30148 0 0 
0.0194288309647587774 0.0642807 1 421383 0 28.9987 26.0988 0 0 1 0.126545 -0.672409 -0.148009 0 0 0 0 0 0 0 0 4.40132 9.72353 4542.96 11116.6 
0.0194288309647587774 0.177235 0 274970 21.7604 21.6151 16.7772 0 01 0 0 0 0 0 0 0 0 0 0 0 3.99203 10.9102 885.85 3944.01 
0.0194311072793418478 0.268323 0 147298 0.0841647 21.6122 16.776 0 01 0 0 0 0 0 0 0 0 0 0 0 2.74815 7.21945 0 272.472 
0.0194407938960855647 0.148488 0 432316 0.125362 14.2361 12.1788 0 21.25291 3.34418 6.53807 19.9438 0 0 0 0 0 0 0 0 4.17148 8.96914 3142.24 6431.13 
0.0194514928807488427 0.248029 0 444796 0.0904111 21.8832 17.2642 0 01 0 0 0 0 0 0 0 0 0 0 0 1.75418 4.14744 0 601.178 
0.019472792466446124 0.212963 0 62404 0.20973 21.5709 16.7585 0 01 0 0 0 0 0 0 0 0 0 0 0 0.707412 3.53831 358.133 1253.11 
0.0194889702936183601 1.59237 0 359198 21.6985 21.5548 16.7518 0 01 0 -0 0 0 0 -0 0 0 0 -0 0 0 1.58102 0 0 
0.0195298775101792332 0.136489 1 420395 0 27.815 25.0335 0 0 1 -0.341484 0.118499 0.0325549 0 0 0 0 0 0 0 0 2.90613 6.47386 3589.97 9115.48 
0.0195594939791276963 0.212607 1 440182 0 36.136 32.5224 0 0 1 0.0143542 -0.232926 0.452937 0 0 0 0 0 0 0 0 1.72631 6.42034 156.052 805.849 
0.0195762234843815178 0.205247 0 454505 0.0855165 35.0079 31.5071 0 01 -0 0 0 0 -0 0 0 0 -0 0 0 2.91798 7.19333 391.132 1068.23 
0.0195794706820103144 0.357097 0 63111 21.6082 21.4666 16.7143 0 01 0 -0 0 0 0 -0 0 0 0 -0 0 0.34471 4.43639 0 1.59733 
0.0195794706820103144 0.418542 0 390634 21.6079 21.4662 16.7141 0 01 -0 0 0 0 -0 0 0 0 -0 0 0 0 4.33601 0 0 
0.0195974207490589337 1.05766 0 248725 21.5892 21.448 16.7062 0 01 -0 0 0 0 -0 0 0 0 -0 0 0 0 0 0 0 
0.0196144794275980514 0.840279 0 379927 21.5719 21.4311 16.6989 0 01 -0 0 0 0 -0 0 0 0 -0 0 0 0 0.865707 0 0 
0.0196383543200849622 0.238587 0 190379 21.548 21.4078 16.6891 0 01 0 0 0 0 0 0 0 0 0 0 0 1.63433 5.20122 0 385.92 
0.0196470823205649389 0.624388 0 354927 21.5397 21.3997 16.6855 0 01 0 0 0 0 0 0 0 0 0 0 0 0 1.22813 0 0 
0.0196670095212773677 0.441339 0 150526 21.52 21.3804 16.6771 0 01 0 0 0 0 0 0 0 0 0 0 0 0.424369 1.70214 0 0 
0.019670554751683153 0.436654 1 475045 0 14.5825 12.9514 0 0 2 1.68588 1.20826 0.564739 0 0 0 0 0 0 0 0 0.423146 1.71505 0 47.4404 
0.0196759867866897441 1.21129 0 388351 21.5107 21.3713 16.6731 0 01 0 0 0 0 0 0 0 0 0 0 0 0 1.21435 0 0 
0.0197000063051752383 0.358576 0 395282 21.4874 21.3486 16.6633 0 01 0 0 0 0 0 0 0 0 0 0 0 1.49309 3.72486 0 0 
0.019700712022317636 1.54716 0 224730 0.251419 21.3475 16.6628 0 01 0 0 0 0 0 0 0 0 0 0 0 1.5353 1.5353 0 0 
0.0197402947083688864 0.427927 0 206654 0.408056 21.3093 16.6463 0 01 -0 0 0 0 -0 0 0 0 -0 0 0 0 3.01719 0 0 
0.01976992169809293 0.304001 0 139643 21.4183 21.2811 16.6339 0 01 -0 0 0 0 -0 0 0 0 -0 0 0 0.299793 2.1561 85.9608 85.9608 
0.0197736011883799939 0.423976 0 454929 0.4374 21.6285 16.3814 0 01 0 0 0 0 0 0 0 0 0 0 0 1.28382 3.42054 0 122.901 
0.0197870144621651901 0.0731621 1 552047 0 26.628 23.9652 0 0 1 0.422684 0.327258 -0.313634 0 0 0 0 0 0 0 0 3.92627 6.71775 4367.62 10093.3 
0.0198123324975953523 1.82993 0 296508 21.3769 21.2407 16.6159 0 01 0 0 0 0 0 0 0 0 0 0 0 1.84346 3.69383 0 0 
0.0198225800321949232 0.183802 1 538015 0 14.8764 13.3587 0 0 2 0.0133668 0.740503 0.185037 0 0 0 0 0 0 0 0 1.70849 5.28689 172.222 303.01 
0.019841641540791443 0.351943 0 477629 0.145604 22.6195 14.5449 0 01 0 0 0 0 0 0 0 0 0 0 0 0.69864 2.4106 0 0 
0.0198532588798517075 1.23413 0 348244 21.3372 21.2019 16.5987 0 01 0 0 0 0 0 0 0 0 0 0 0 0 2.49016 0 0 
0.0198621816573586532 0.47597 0 613466 1.31403 21.4898 16.6738 0 01 0 0 -0 0 0 0 -0 0 0 0 -0 0.476307 1.90355 79.9602 79.9602 
0.0198712963525981348 0.438753 0 74810 21.3199 21.185 16.5911 0 01 0 0 0 0 0 0 0 0 0 0 0 2.14958 2.57389 1.35242 1.35242 
0.0198897910686393273 0.322157 0 125439 21.3014 21.1669 16.5831 0 01 0 0 0 0 0 0 0 0 0 0 0 1.25562 3.13632 0 23.8245 
0.0198904460979008463 0.269176 0 580063 0.251383 13.9923 11.6605 0 33.04051 33.0403 -0.117957 0.0611336 0 0 0 0 0 0 0 0 0.554866 3.28062 0 0 
0.0199704560300694202 1.55397 0 74169 21.2241 21.0914 16.5494 0 01 0 0 0 0 0 0 0 0 0 0 0 0 1.51481 0 0 
0.0199936878931938518 0.311685 0 321021 0.222734 23.1431 20.8288 0 01 0 0 0 0 0 0 0 0 0 0 0 0.641844 3.1632 0 0 
0.0200037201322111474 0.305305 0 161127 21.1922 21.0602 16.5354 0 01 0 0 -0 0 0 0 -0 0 0 0 -0 0 0.631074 0 0 
0.0200238185999082122 0.793664 0 292075 21.1734 21.0419 16.5269 0 01 0 -0 0 0 0 -0 0 0 0 -0 0 1.6016 2.40192 0 0 
0.0200262145653953907 0.202483 1 485422 0 16.0009 14.378 0 0 1 0.239787 0.262459 0.174806 0 0 0 0 0 0 0 0 1.70578 5.56613 0 497.634 
0.0200313516355684409 0.436665 0 422134 0.0885526 21.357 16.5082 0 01 0 0 0 0 0 0 0 0 0 0 0 0.857755 2.57812 0 0 
0.0200777451629234015 0.120325 1 424255 0 36.3118 32.6806 0 0 1 0.326826 0.142048 0.527246 0 0 0 0 0 0 0 0 2.5355 5.73306 2055.77 8580.2 
0.0200814757465165444 0.736043 0 272079 21.1185 20.9882 16.5025 0 01 0 0 -0 0 0 0 -0 0 0 0 -0 0 1.47498 0 0 
0.0201376771579204993 0.433838 0 239250 0.100293 20.9366 16.479 0 01 0 0 0 0 0 0 0 0 0 0 0 0.438779 4.7245 0 0 
0.0201416047894880483 7.61657 0 264081 21.0623 20.9332 16.4775 0 01 0 0 0 0 0 0 0 0 0 0 0 0 0 0 0 
0.0201516306767581706 0.498961 0 13778 21.0531 20.9242 16.4732 0 01 0 0 0 0 0 0 0 0 0 0 0 1.95345 4.41558 0 62.6479 
0.0201936445062233516 0.323017 0 61834 0.21062 20.8858 16.4555 0 01 0 -0 0 0 0 -0 0 0 0 -0 0 0.641831 4.67363 0 0 
0.0202323726144852251 0.0856667 0 239312 20.9777 20.8506 16.4392 0 01 -0 0 0 0 -0 0 0 0 -0 0 0 2.64736 4.79744 64.6683 4608.3 
0.0202337192526599388 0.101258 0 524783 0.177667 34.9776 13.6078 0 01 0 0 0 0 0 0 0 0 0 0 0 1.64764 4.97845 2452.02 4154.3 
0.020270431969350737 0.753133 0 288966 20.9424 20.8161 16.4229 0 01 0 0 0 0 0 0 0 0 0 0 0 0 0 0 0 
0.0202745553583213861 0.110967 0 207109 20.9386 20.8123 16.4212 0 01 0 0 0 0 0 0 0 0 0 0 0 2.30831 5.04645 168.386 3712.81 
0.0202829337097220307 0.297867 1 36799 0 15.0958 13.5574 0 0 2 -0.0136508 -0.379871 0.197165 0 0 -0 0 0 0 -0 0 0 1.10404 0 0 
0.0202847921945052516 0.617474 0 164300 20.9292 20.8031 16.417 0 01 0 0 0 0 0 0 0 0 0 0 0 0 0.631471 0 0 
0.0203154423305426483 1.0858 0 281742 20.901 20.7756 16.4042 0 01 0 0 -0 0 0 0 -0 0 0 0 -0 0 1.06604 0 0 
0.0203348374460641801 0.404042 0 306998 20.8835 20.7584 16.3962 0 01 0 0 0 0 0 0 0 0 0 0 0 1.58974 3.61637 0 132.706 
0.0203998904932951204 0.36314 1 477005 0 22.1278 19.9151 0 0 1 0.32408 0.367802 0.0299124 0 0 0 0 0 0 0 0 0.693501 2.08821 51.1688 226.174 
0.0204378953555097408 0.353721 0 569101 0.0976019 15.1519 13.6082 0 01 0 0 0 0 0 0 0 0 0 0 0 1.38747 4.5055 0 163.184 
0.0204511381032504956 0.362612 0 256319 20.7777 20.655 16.3478 0 01 0 0 -0 0 0 0 -0 0 0 0 -0 0.362612 2.1278 0 0 
0.0204980572562228243 0.0151864 0 25648 0 15.2768 13.7214 0 01 0 0 0 0 0 0 0 0 0 0 0 2.01136 5.62671 766.444 1738.85 
0.0205163381954863722 0.212532 0 171741 2.14689 20.8287 15.8942 0 01 0 0 0 0 0 0 0 0 0 0 0 3.13979 6.96771 551.585 1354.3 
0.0205268679465925967 0.541459 0 679597 0.432726 20.8609 15.1179 0 01 0 0 0 0 0 0 0 0 0 0 0 1.64649 4.37905 0 0 
0.0206007054775924972 4.69754 0 274639 20.6435 20.5237 16.2857 0 01 0 0 0 0 0 0 0 0 0 0 0 0 5.41485 0 0 
0.0206093278274679416 0.170207 0 52009 20.6358 20.5162 16.2821 0 01 0 0 0 0 0 0 0 0 0 0 0 2.58587 6.81798 1015.91 1015.91 
0.0206152263211784557 1.19584 0 382843 20.6307 20.5112 16.2796 0 01 0 0 0 0 0 0 0 0 0 0 0 1.22922 1.22922 0 0 
0.020617203960024949 0.180725 0 490801 0.113933 21.6872 31.2863 0 01 0 0 0 0 0 0 0 0 0 0 0 1.88853 5.38184 163.494 324.76 
0.0206279294410161816 0.927672 0 297516 20.6196 20.5003 16.2744 0 01 0 0 0 0 0 0 0 0 0 0 0 0.927672 1.8617 0 0 
0.0206789112348060994 0.288694 0 163707 0.129019 20.4561 16.2533 0 01 0 0 0 0 0 0 0 0 0 0 0 1.46174 4.30994 214.358 378.9 
0.0207022806190745347 0.0837074 0 98571 20.554 20.4361 16.2438 0 01 0 0 0 0 0 0 0 0 0 0 0 1.99757 5.3234 2121.54 7515.78 
0.0207117743363753326 0.203939 1 436892 0 33.4811 30.133 0 0 2 -0.00312207 0.00487291 0.000882541 0 0 0 0 0 0 0 0 0.824042 3.51723 505.006 613.771 
0.0207318336538085575 0.401649 0 33876 0 20.6748 15.2474 0 01 0 0 0 0 0 0 0 0 0 0 0 1.23747 2.06665 0 0 
0.0207511222506185505 0.336052 0 23718 20.5115 20.3945 16.2237 0 01 0 -0 0 0 0 -0 0 0 0 -0 0 0 0.714532 0 0 
0.0207612171124328289 0.55266 0 327355 0.13215 20.3857 16.2194 0 01 0 0 0 0 0 0 0 0 0 0 0 0 0.55266 0 0 
0.0207765545322162112 0.154747 1 442451 0 36.0999 32.4899 0 0 2 0.00181541 -0.0127086 0.00831992 0 0 0 0 0 0 0 0 2.76093 8.16023 3253.7 8877.12 
0.0207894223501088916 0.393609 0 466712 0.178763 12.6155 9.12336 0 93.48051 27.4275 80.1319 39.5627 0 0 0 0 0 0 0 0 0.377863 1.15067 0 0 
0.0208333733715427606 0.238295 0 472314 0.333468 30.4629 13.6552 0 104.0181 104.016 -0.311444 -0.640727 0 0 0 0 0 0 0 0 0.722124 2.42723 0 87.3796 
0.0208397555745053926 0.149485 1 535721 0 35.1666 31.6499 0 0 1 0.0279836 0.151412 -0.526264 0 0 0 0 0 0 0 0 3.43021 8.12547 5839.12 9201.06 
0.0208448085279250538 0.29879 0 82874 20.4299 20.3147 16.1851 0 01 0 -0 0 0 0 -0 0 0 0 -0 0 2.27488 4.28783 305.059 515.48 
0.0208661947972471271 0.127105 0 590374 0.127483 20.571 15.6065 0 01 0 -0 0 0 0 -0 0 0 0 -0 0 2.49714 5.35114 2015.21 4711.64 
0.0208879232509676313 2.94159 0 263425 20.3934 20.2789 16.1675 0 01 -0 0 0 0 -0 0 0 0 -0 0 0 0 0 0 0 
0.0208967182043730895 0.220811 0 334827 20.3856 20.2713 16.1639 0 01 0 0 -0 0 0 0 -0 0 0 0 -0 2.68862 6.58667 441.875 524.214 
0.0209034104021392116 0.266452 0 426907 0.601626 28.611 11.1914 0 126.3521 93.8557 -73.8221 41.3077 0 0 0 0 0 0 0 0 2.88826 7.56938 84.3001 1072.42 
0.0209044084827889609 0.9713 0 148444 20.3789 20.2648 16.1607 0 01 0 0 -0 0 0 0 -0 0 0 0 -0 0.989534 4.88741 0 0 
0.0209520215092737147 0.439843 0 563635 0.229782 20.5349 16.0666 0 01 -0 0 0 0 -0 0 0 0 -0 0 0 0.89609 2.22991 0 0 
0.0209868819285340437 0.139723 0 29294 0.0839333 20.1958 16.1267 0 01 0 0 0 0 0 0 0 0 0 0 0 3.21114 7.57693 5949.76 9703.55 
0.021016636635415465 0.372454 0 478057 0.19538 17.2556 15.5169 0 01 0 0 0 0 0 0 0 0 0 0 0 0.786368 3.07151 0 16.2507 
0.0210395009843528588 0.2038 0 44830 0 20.1526 16.1054 0 01 -0 0 0 0 -0 0 0 0 -0 0 0 1.3694 5.50234 0 350.389 
0.0211851855661077323 0.104012 0 423549 22.8738 20.4159 15.7919 0 01 0 0 0 0 0 0 0 0 0 0 0 5.91518 12.3056 4051.29 8087.45 
0.0212917172046865992 0.372676 0 479383 0.206345 20.2901 16.0888 0 01 0 0 0 0 0 0 0 0 0 0 0 1.42528 5.73675 143.597 341.614 
0.0213475552274508436 0.134963 1 588160 0 27.204 24.4836 0 0 2 1.41642 -0.429339 0.304184 0 0 0 0 0 0 0 0 3.32915 7.7735 853.859 3158.1 
0.0213837508605864389 0.110857 0 428563 0.19646 20.1276 18.1148 0 01 0 -0 0 0 0 -0 0 0 0 -0 0 3.80133 7.95783 1551.62 7687.61 
0.0213979657003431738 0.2458 0 556685 0.638295 28.2513 25.4261 0 01 0 -0 0 0 0 -0 0 0 0 -0 0 1.27325 3.23272 0 0 
0.0216913496536006341 0.106896 1 429759 0 30.9269 27.8342 0 0 1 -0.467707 -0.153081 -0.409874 0 0 0 0 0 0 0 0 2.63144 5.24835 3079.96 3769.98 
0.0217512252897145326 0.715166 1 442425 0 24.5719 22.1147 0 0 2 -0.142918 0.034724 0.56576 0 0 0 0 0 0 0 0 1.40096 5.61821 0 0 
0.0218128501667472045 0.43505 1 467723 0 21.1424 19.0282 0 0 1 0.4331 0.387454 -0.559466 0 0 0 0 0 0 0 0 2.53829 4.64628 0 1.78004 
0.0218355889454755724 0.28586 0 429956 0.167047 26.6132 9.07915 0 303.9231 -239.093 186.824 -17.3388 0 -0 0 0 0 -0 0 0 0.877494 2.60524 93.4998 93.4998 
0.0218618536001683392 0.132074 1 455417 0 36.308 32.6772 0 0 1 0.158073 0.680741 -0.09739 0 0 0 0 0 0 0 0 3.50287 7.46504 1022.62 6219.84 
0.0220010921098279522 0.235078 0 564769 0.111952 30.9324 13.8351 0 73.67721 -11.4573 35.808 63.3628 0 -0 0 0 0 -0 0 0 0.799135 3.11072 0 113.598 
0.0222067882195628764 0.221046 0 433270 0.42075 35.16 17.253 0 01 -0 0 0 0 -0 0 0 0 -0 0 0 2.14149 5.39252 0 266.308 
0.0222223884474494135 0.326801 1 464454 0 17.2007 15.4671 0 0 1 0.0774965 -0.341765 0.221371 0 0 0 0 0 0 0 0 0.679039 2.37175 0 219.371 
0.0222354882546764478 0.128255 0 499635 0.46024 20.1983 15.1097 0 01 0 0 0 0 0 0 0 0 0 0 0 1.91534 4.8797 717.028 4030.1 
0.0222449107953473293 0.0615408 1 460101 0 26.5889 23.93 0 0 1 0.185129 -0.694856 0.553166 0 0 0 0 0 0 0 0 4.89233 9.34314 2266.79 5412.72 
0.0226481289023612795 0.141408 1 425403 0 32.0682 28.8614 0 0 1 0.607967 0.222774 0.411556 0 0 0 0 0 0 0 0 3.85387 7.53643 431.611 2737.41 
0.022704425185129485 0.227265 0 490845 0.388352 24.551 7.30503 0 242.6611 -128.307 143.254 147.986 0 0 0 0 0 0 0 0 2.08964 5.75696 0 368.517 
0.022868674597510092 0.320885 1 448117 0 13.8286 11.3241 0 0 2 -3.93955 -24.3449 7.27329 0 -0 0 0 0 -0 0 0 0 3.33604 0 0 
0.0231222653233909316 0.177854 0 477889 0.0889951 15.6641 14.0726 0 01 0 -0 0 0 0 -0 0 0 0 -0 0 4.73194 9.5122 3778.57 6045.11 
0.023205919889598834 0.206891 0 468689 0.0875753 29.7928 11.7315 0 26.05291 26.0424 0.0734241 -0.734301 0 0 0 -0 0 0 0 -0 2.50643 7.10866 94.6917 347.732 
0.0235851712964674359 0.131615 0 459241 0.0904251 28.6461 11.125 0 167.8921 -73.8453 -147.761 30.0219 0 0 0 0 0 0 0 0 2.70632 8.49134 130.961 2314.19 
0.023632923159581997 0.283621 0 428230 0.13088 28.1357 10.8447 0 186.5591 129.706 -132.387 -21.3167 0 0 0 -0 0 0 0 -0 1.86123 6.16285 0 154.922 
0.0238574615701796951 0.246564 1 424303 0 28.2566 25.4309 0 0 1 0.0167905 0.121799 0.862311 0 0 0 0 0 0 0 0 3.40496 9.32606 127.784 800.762 
0.0238932777620648601 0.158711 0 504867 0.0819057 32.6895 11.7385 0 39.73521 32.3861 -19.049 -12.9291 0 0 0 0 0 0 0 0 0 0 0 0 
0.0239669506527485053 0.0706563 0 457793 0.145434 15.0525 13.5183 0 01 0 0 0 0 0 0 0 0 0 0 0 4.96728 11.9634 2493.29 4425.83 
0.0239683583395875165 0.144289 0 536175 0.181005 14.7796 13.2711 0 01 0 0 0 0 0 0 0 0 0 0 0 0 0 0 0 
0.0242820372269279411 0.437608 0 469156 0.1087 30.5476 12.4082 0 85.16381 70.6984 31.1827 -35.8084 0 0 0 0 0 0 0 0 0 2.68055 0 0 
0.0244343117451188349 0.285844 0 505754 0 14.867 13.3503 0 01 0 -0 0 0 0 -0 0 0 0 -0 0 1.33413 4.075 19.288 202.438 
0.0244561272249626781 0.367729 0 506849 0.133244 30.5263 12.706 0 139.2631 20.1041 -53.3639 127.052 0 0 0 0 0 0 0 0 1.43539 3.91262 73.3448 73.3448 
0.0245301788729111979 0.217738 0 553007 0.0925575 28.0871 12.7148 0 138.4461 -37.3955 -14.6443 -132.493 0 -0 0 0 0 -0 0 0 2.08134 7.57666 0 371.492 
0.0250714816799443643 0.0629595 1 430224 0 27.6975 24.9278 0 0 1 -0.0980486 -0.207205 -0.293544 0 0 0 -0 0 0 0 -0 6.10387 15.8116 1530.26 5327.28 
0.0250792581348412841 0.25724 1 546146 0 35.0467 31.542 0 0 1 0.519281 0.226038 0.459254 0 0 0 0 0 0 0 0 3.5447 9.05151 53.4871 136.018 
0.0254783897295360294 0.15303 1 480775 0 34.5987 31.1388 0 0 1 0.55109 0.768335 -0.344565 0 0 0 0 0 0 0 0 0 0 0 0 
0.0255952281837763806 0.368986 1 9290 0 25.5706 23.0135 0 0 1 -0.0134569 0.0128969 -0.0223755 0 0 0 0 0 0 0 0 4.00519 11.4278 211.146 316.759 
0.025831700725816583 0.242704 0 442716 0.390822 29.0131 11.4477 0 74.68181 46.5517 49.7793 -30.5341 0 0 0 0 0 0 0 0 4.62346 15.4502 492.551 793.646 
0.0259996892205626995 0.178051 0 267316 0.0974405 29.4909 12.7567 0 55.62991 55.5185 2.60467 2.36656 0 0 0 0 0 0 0 0 0 0 0 0 
0.0261476036979102038 0.135527 1 545878 0 9.24326 8.28114 0 0 2 0.146244 -1.01193 0.0405049 0 0 0 0 0 0 0 0 0 0 0 0 
0.0261688116284819125 0.0752048 1 425085 0 8.54911 7.6942 0 0 2 4.76374 18.4206 10.1248 0 0 0 0 0 0 0 0 10.6401 22.5877 2332.71 4160.18 
0.0267246581126278741 0.0461308 1 441923 0 27.3271 24.5944 0 0 1 -0.151256 -0.274845 0.235553 0 0 0 0 0 0 0 0 6.06713 17.1037 1496.93 5815.66 
0.027087148493541182 0.214417 1 430015 0 26.6191 23.9572 0 0 1 -0.149522 -0.206532 -0.647204 0 -0 0 0 0 -0 0 0 6.71333 19.7054 100.098 904.423 
0.0272182505682468726 0.156515 1 677869 0 9.90648 6.06611 0 0 2 -52.9171 -98.0471 -55.8724 0 0 0 0 0 0 0 0 0 0 0 0 
0.0274626644599026935 0.0401303 1 709413 0 28.645 25.7805 0 0 1 -0.487501 0.351758 -0.321671 0 0 0 -0 0 0 0 -0 8.43498 19.7195 2441.22 5681.84 
0.0284284792610351757 0.228558 0 499292 0 26.2204 8.84895 0 120.6141 120.614 -0.0194782 0.0839824 0 0 0 0 0 0 0 0 5.11282 15.5819 135.075 238.388 
0.0305205377274498958 0.147902 0 296689 0.245625 22.0356 16.9554 0 01 0 -0 0 0 0 -0 0 0 0 -0 0 0 0 0 0 
0.0306382204214768958 0.00956136 0 481496 0.269329 21.9872 16.9366 0 01 0 0 0 0 0 0 0 0 0 0 0 6.81978 19.6108 944.526 3609.77 
0.0310678992249700872 0.0804097 0 466438 1.32252 16.0369 14.4108 0 01 0 0 0 0 0 0 0 0 0 0 0 4.04874 13.7669 244.705 1827.87 
0.0314194296425528916 0.148583 0 508115 0.274801 20.1523 16.1096 0 01 -0 0 0 0 -0 0 0 0 -0 0 0 0 0 0 0 
0.0320035204182402347 0.0852742 1 420531 0 33.049 29.7441 0 0 2 0.350846 0.178753 -0.785627 0 0 0 0 0 0 0 0 0 0 0 0 
0.0329677172633929885 0.24561 0 422297 0.0840656 20.6582 16.3555 0 01 0 0 0 0 0 0 0 0 0 0 0 5.38713 14.6566 210.058 300.063 
0.0332191222654499158 0.137405 0 478963 0.140715 14.3672 12.4665 0 6.823711 2.26093 5.64852 3.08956 0 0 0 0 0 0 0 0 0 0 0 0 
0.0338459651716728066 0.15837 1 456849 0 33.8726 30.4853 0 0 1 0.351357 0.355607 0.321112 0 0 0 0 0 0 0 0 0 0 0 0 
0.0349889191397257659 0.0205507 1 462118 0 22.4929 20.2436 0 0 1 -0.109071 -0.589223 0.471153 0 0 -0 0 0 0 -0 0 7.59151 20.5932 1188.97 3809.39 
0.0360826125816168242 0.104631 1 455857 0 36.3732 32.7359 0 0 1 0.306069 -0.532133 0.398535 0 0 0 0 0 0 0 0 0 0 0 0 
0.03786008520791663 0.0601287 0 142348 0.592718 22.3798 17.098 0 01 0 0 0 0 0 0 0 0 0 0 0 0 0 0 0 
0.0391807348380971282 0.099636 0 593669 0.122946 21.4619 16.5601 0 01 0 0 0 0 0 0 0 0 0 0 0 0 0 0 0 
0.0398140244887175559 0.088146 0 450383 0.272903 26.8152 9.89305 0 171.9621 110.665 35.9441 126.619 0 0 0 0 0 0 0 0 0 0 0 0 
0.0401315640533488616 0.160452 0 370815 0.290734 20.6981 16.3737 0 01 0 0 0 0 0 0 0 0 0 0 0 0 0 0 0 
11.7917273235336246 0.038677 1 0 0 3.14814 7.77534 0 0 0 0 0 0 0 0 0 0 0 0 0 0 82.8139 203.353 103.692 295.715 
13.2240875272883258 0.095885 1 0 0 1.40412 9.02357 0 0 0 0 0 0 0 0 0 0 0 0 0 0 154.848 310.73 144.607 437.867 
13.928045898887806 0.0448705 1 0 0 10.6252 10.6251 0 0 0 0 0 0 0 0 0 0 0 0 0 0 62.5707 152.003 91.6269 288.354 
