#1:time #2:r #3.binary? #4:ID #5:zams_m #6:m_progenitor #7:bh mass #8:bh_spin #9:birth-kick(km/s) #10-25:vsarray
0.00695689469649982042 0.0700392 1 302244 0 36.072 32.4648 0 0 1 0.209976 0.308778 0.520536 0 0 0 0 0 0 0 0 2.42598 4.61436 6089.78 8909.73 
0.00702454037384689627 0.287401 1 321417 0 36.2178 32.596 0 0 2 -0.0610475 0.580412 0.53007 0 0 0 0 0 0 0 0 0.555099 1.12288 0 0 
0.00719228140098569693 1.30269 0 362931 125.318 46.4947 41.8452 0 01 0 0 0 0 0 0 0 0 0 0 0 0 0 0 0 
0.0073525505649490782 0.315037 1 426129 0 36.2786 32.6507 0 0 1 0.00743459 -0.170552 0.126552 0 0 0 0 0 0 0 0 0.649193 1.91514 0 0 
0.00740645456870150844 0.775874 0 332286 106.732 46.4935 41.8442 0 01 0 0 0 0 0 0 0 0 0 0 0 0 0 0 0 
0.0074573393429047492 0.131911 1 381331 0 33.9471 30.5524 0 0 2 0.0135122 0.00464334 -0.0212317 0 0 0 -0 0 0 0 -0 2.8296 4.68379 114.802 4180.28 
0.00753909278370802887 0.163759 1 295028 0 32.7743 29.4968 0 0 1 -0.561167 0.44091 -0.50908 0 0 0 0 0 0 0 0 0.716377 1.73554 0 46.242 
0.00757822858108574398 0.224042 1 426264 0 37.0464 33.3417 0 0 1 -0.159784 0.0240621 -0.234547 0 0 0 0 0 0 0 0 1.26976 2.51018 0 215.625 
0.00762159675418367343 1.5231 0 261806 94.5324 39.9745 35.9771 0 01 0 0 0 0 0 0 0 0 0 0 0 0 0 0 0 
0.00763114684650576403 0.248392 1 301737 0 31.3903 28.2513 0 0 1 -0.0731266 -0.668071 -0.442184 0 0 -0 0 0 0 -0 0 0 0.981373 0 0 
0.00772183869839900873 0.12817 0 735059 0.491574 30.5418 27.4876 0 01 0 0 0 0 0 0 0 0 0 0 0 2.7596 5.24487 1.36531 2778.89 
0.00772750336005038722 0.307259 1 317450 0 30.1528 27.1375 0 0 1 0.0706378 0.593234 -0.00915569 0 0 0 -0 0 0 0 -0 0.93425 1.86612 0 97.7694 
0.00775071349760357835 0.747475 0 510286 0.113485 30.1866 27.1679 0 01 0 0 0 0 0 0 0 0 0 0 0 0 0.762174 0 0 
0.00782957009092073025 0.299726 1 276984 0 29.1755 26.2579 0 0 1 -0.410545 -0.362108 -0.395664 0 -0 0 0 0 -0 0 0 0 0.319833 0 0 
0.00785100426851854938 0.0984774 1 526376 0 29.0902 26.1811 0 0 1 0.213386 0.0740575 -0.695998 0 0 0 -0 0 0 0 -0 4.79818 6.48663 7267.41 19698 
0.00796453408946252127 0.363966 1 219171 0 27.4747 24.7272 0 0 1 0.0657222 0.589568 1.0185 0 0 0 0 0 0 0 0 0.368735 0.368735 120.855 120.855 
0.00798715022470620171 0.146005 1 424391 0 30.523 27.4707 0 0 1 -0.236542 -0.442725 -0.00822235 0 0 -0 0 0 0 -0 0 2.35843 5.68948 2036.62 3851.83 
0.00801623792234407162 0.205127 1 436167 0 27.1974 24.4777 0 0 1 0.156491 0.526315 0.341591 0 0 0 0 0 0 0 0 1.0184 2.73531 0 0 
0.00802060872695346122 0.367762 0 605877 0.110697 32.6419 29.3777 0 01 0 0 0 0 0 0 0 0 0 0 0 1.45637 1.83318 181.225 181.225 
0.00807732274659520022 1.04565 0 594652 7.22512 32.081 28.8729 0 01 0 0 0 0 0 0 0 0 0 0 0 0 0 0 0 
0.00809349667130887691 0.136536 1 362975 0 27.1545 24.4391 0 0 1 -0.0749264 0.516496 0.253033 0 -0 0 0 0 -0 0 0 2.3218 5.06967 993.545 3881.93 
0.00811810184604284252 0.0820042 1 100809 0 25.938 23.3442 0 0 1 -0.0994671 0.474598 -0.457425 0 0 0 0 0 0 0 0 3.95927 7.09397 1931.2 8311.73 
0.00812018106324542861 0.187908 0 9114 0.636311 26.0379 23.4341 0 01 0 -0 0 0 0 -0 0 0 0 -0 0 2.91426 6.69214 1636.68 2811.85 
0.00813608108356585723 0.479849 0 389536 76.1127 30.5094 27.4584 0 01 0 -0 0 0 0 -0 0 0 0 -0 0 0 0 0 0 
0.00813789387097407779 0.327582 0 524872 0.0845316 30.6628 27.5965 0 01 0 0 0 0 0 0 0 0 0 0 0 0.325632 1.99339 0 74.7137 
0.00818952296197167015 0.144318 1 421058 0 27.4533 24.708 0 0 1 -0.382943 0.147617 -0.08342 0 0 0 0 0 0 0 0 3.80837 7.40529 2283.91 4756.34 
0.00819082375720796979 0.10547 1 424486 0 25.737 23.1633 0 0 1 0.914974 -0.212826 -0.374608 0 0 -0 0 0 0 -0 0 3.06833 6.10293 5312.37 12519.7 
0.00822599202377794977 0.312969 0 451643 0.713142 25.2391 22.7152 0 01 -0 0 0 0 -0 0 0 0 -0 0 0 0.939586 1.55174 0 0 
0.00826454706665814311 0.400808 1 424941 0 26.0186 23.4167 0 0 1 0.636889 -0.059593 0.234778 0 0 0 0 0 0 0 0 0.780862 1.17243 0 159.806 
0.00828698557555622266 0.304191 1 423981 0 28.0617 25.2555 0 0 2 -0.0140514 0.285411 -0.301431 0 -0 0 0 0 -0 0 0 0.907428 1.51566 0 0 
0.00829511160640024336 0.838838 0 328227 72.1206 28.5368 25.6831 0 01 0 0 0 0 0 0 0 0 0 0 0 0 0.836261 0 0 
0.00829623322364260452 0.580332 0 737504 0.406063 28.5741 25.7167 0 01 0 0 0 0 0 0 0 0 0 0 0 0 0.575451 0 0 
0.0083428044021590219 0.461706 1 468854 0 24.6518 22.1867 0 0 2 0.66775 0.454322 -0.032833 0 0 0 0 0 0 0 0 0.952673 1.88468 0 44.9097 
0.00836903227935464032 0.413196 1 457134 0 25.3239 22.7915 0 0 1 -0.574434 0.0103053 -0.020768 0 -0 0 0 0 -0 0 0 0.4252 0.828078 0 171.938 
0.00841817281793220094 0.475822 0 533483 0 27.2274 24.5047 0 01 0 0 0 0 0 0 0 0 0 0 0 0 0 0 0 
0.00845607682663784832 0.134464 1 438887 0 23.8094 21.4284 0 0 1 0.0469451 0.258006 0.485137 0 0 0 0 0 0 0 0 3.1718 6.40254 1559.7 1952.02 
0.00850186455080996321 0.0816172 1 437155 0 23.0128 20.7115 0 0 1 -0.357777 1.06425 -0.522275 0 0 0 0 0 0 0 0 2.59664 4.95138 3761.45 8578.91 
0.00852725863856290331 0.494829 1 451909 0 24.8014 22.3212 0 0 1 -0.0341807 -0.237994 -0.282419 0 -0 0 0 0 -0 0 0 0.491151 0.996038 0 0 
0.00853398011117534327 0.23357 1 653207 0 23.0654 20.7589 0 0 2 0.250641 0.0136393 0.746378 0 0 0 0 0 0 0 0 1.49552 4.49904 0 0 
0.00858144786707693182 0.533529 1 541014 0 22.8992 20.6093 0 0 1 0.351194 0.218843 -0.427856 0 0 0 0 0 0 0 0 0.517248 0.517248 0 0 
0.00859079719930123768 0.143623 1 203575 0 22.3421 20.1079 0 0 1 0.752512 -0.519707 0.167818 0 0 0 0 0 0 0 0 1.51319 2.87725 0 428.376 
0.00859556945474726497 0.0642782 1 431567 0 25.1051 22.5946 0 0 1 0.0968537 -0.209547 0.221727 0 0 -0 0 0 0 -0 0 1.51377 2.98926 19.8333 1494.62 
0.00863810802277288278 0.194106 0 446701 0.107172 25.4276 22.8849 0 01 0 0 0 0 0 0 0 0 0 0 0 0.336886 2.48962 158.239 158.239 
0.00868816029420205541 0.533718 1 648927 0 22.5572 20.3014 0 0 1 0.0886181 0.570988 0.0187035 0 0 0 0 0 0 0 0 0 0 0 0 
0.00869320504107503125 0.404755 0 491493 0.336177 22.0496 19.8447 0 01 0 0 0 0 0 0 0 0 0 0 0 0 0 0 0 
0.00873583960004141111 0.97819 0 325363 63.3838 24.3161 21.8845 0 01 0 0 0 0 0 0 0 0 0 0 0 0 0.976397 0 0 
0.00875735070961008132 0.194072 1 235912 0 21.3271 19.1944 0 0 2 0.0752552 0.467533 1.11103 0 0 0 0 0 0 0 0 2.4648 4.05885 1089.66 2345.37 
0.00876451471967634212 0.173073 0 166865 0.0910411 23.7705 21.3935 0 01 0 0 0 0 0 0 0 0 0 0 0 0.720861 2.99135 0 0 
0.0087781928048719926 0.143056 1 582454 0 22.0757 19.8681 0 0 1 0.0815325 0.00508377 0.57345 0 0 0 0 0 0 0 0 2.54413 4.93118 852.128 4240.39 
0.00886965545722782391 0.202734 1 580676 0 21.2034 19.083 0 0 2 0.170653 0.49872 0.131272 0 0 0 0 0 0 0 0 0.201841 0.64108 0 0 
0.00887421591139955432 0.172106 0 543607 6.44333 23.1685 20.8516 0 01 0 0 0 0 0 0 0 0 0 0 0 1.63412 3.24947 0 1300.54 
0.00889575749672175814 0.945325 1 197790 0 20.6113 18.5502 0 0 1 0.221322 -0.370682 -0.499847 0 0 0 0 0 0 0 0 0 0 0 0 
0.00891791013896002863 0.585628 0 420869 1.30001 22.9485 20.6537 0 01 0 0 0 0 0 0 0 0 0 0 0 0 0 0 0 
0.00892148903810815151 0.289398 0 452255 0.111891 22.8964 20.6067 0 01 0 0 0 0 0 0 0 0 0 0 0 0.821518 2.20253 0 0 
0.00893243723779598049 0.359637 0 525195 0.168273 22.9704 20.6734 0 01 0 -0 0 0 0 -0 0 0 0 -0 0 1.11635 1.85512 2.07534 2.07534 
0.00899242482134432301 0.234066 0 446241 1.64327 22.5073 20.2565 0 01 -0 0 0 0 -0 0 0 0 -0 0 0 1.70906 3.60671 253.753 553.909 
0.0089963878849938176 0.506809 0 420325 0.416035 22.398 20.1582 0 01 0 -0 0 0 0 -0 0 0 0 -0 0 0.496343 3.49378 0 0 
0.00905300113007877563 0.101788 0 492158 0.0934785 21.3054 19.1749 0 01 0 0 0 0 0 0 0 0 0 0 0 3.57408 6.04772 7245.73 15584.1 
0.00908049367439866389 0.431738 1 539336 0 20.2384 18.2146 0 0 1 0.29691 -0.29915 0.264678 0 0 0 0 0 0 0 0 0 0 0 0 
0.0090932766151602569 0.212935 1 567277 0 19.7552 17.7797 0 0 2 1.17405 -0.0921662 1.74018 0 0 0 0 0 0 0 0 1.03678 2.11552 0 836.122 
0.00910829886329931476 0.37242 1 437145 0 20.3536 18.3183 0 0 1 -0.379441 -0.220822 0.0342756 0 0 0 0 0 0 0 0 0.74613 0.74613 0 0 
0.00913223743094449675 0.134797 1 574277 0 19.4408 17.4968 0 0 1 -0.753926 -0.315724 -0.777406 0 0 0 0 0 0 0 0 1.94122 4.24467 1659.56 2962.71 
0.00913723596160570875 0.433519 1 396909 0 19.5301 17.5771 0 0 1 0.536644 -0.0627446 0.132105 0 0 0 0 0 0 0 0 0 0.455241 0 0 
0.00915028432747593684 0.280449 0 544271 0.266339 21.4934 19.3441 0 01 0 0 0 0 0 0 0 0 0 0 0 0.268101 3.04122 0 0 
0.00915869395270235698 0.0501722 0 528902 0.444919 21.5753 19.4178 0 01 0 0 -0 0 0 0 -0 0 0 0 -0 3.66139 5.64678 6793.12 11838.4 
0.00917182158663687984 0.33337 0 663896 0.145356 21.42 19.278 0 01 0 0 0 0 0 0 0 0 0 0 0 0.328856 1.9836 0 0 
0.00917484158447822926 0.610115 0 620642 0.101143 21.2309 19.1078 0 01 0 0 0 0 0 0 0 0 0 0 0 0 0.597825 0 0 
0.00925439609542056535 0.415552 1 644681 0 18.9977 17.0979 0 0 1 0.254756 0.0522504 -0.382922 0 0 0 0 0 0 0 0 0.424671 1.24287 0 0 
0.0093000342050427575 0.248376 1 552093 0 18.9272 17.0345 0 0 2 -0.736759 -0.0755744 0.309437 0 0 -0 0 0 0 -0 0 0.491082 2.25255 0 286.32 
0.00930570332193652976 0.274397 0 58352 55.3119 20.5641 18.5077 0 01 0 0 0 0 0 0 0 0 0 0 0 0.811887 1.90934 146.707 642.059 
0.00930867230060925498 0.485667 0 433644 0.340688 20.3839 18.3455 0 01 0 -0 0 0 0 -0 0 0 0 -0 0 0 0.997587 0 0 
0.00930940980572001441 0.358187 0 444057 0.336927 20.6429 18.5786 0 01 0 0 0 0 0 0 0 0 0 0 0 0.366363 1.09294 0 0 
0.00931132570887619263 0.231798 1 495500 0 34.6854 31.2169 0 0 1 -0.0192724 0.122309 -0.767131 0 0 0 0 0 0 0 0 0.404224 1.06935 0 845.63 
0.0093868848207345635 0.291235 0 214436 0.163292 19.9433 17.949 0 01 0 0 0 0 0 0 0 0 0 0 0 0.309588 1.21634 0 114.337 
0.00939824342959676845 0.299594 0 448750 2.31917 18.9867 17.088 0 01 0 0 0 0 0 0 0 0 0 0 0 1.19924 1.80041 66.2262 147.496 
0.00941749792298622775 0.640962 0 432464 0.102234 20.1985 18.1786 0 01 0 0 -0 0 0 0 -0 0 0 0 -0 0.622618 0.622618 0 0 
0.00948808578187696101 0.755613 0 379809 53.2254 19.62 17.658 0 01 0 0 0 0 0 0 0 0 0 0 0 0 0 0 0 
0.00948823288755704097 0.440784 1 6409 0 18.151 16.3307 0 0 1 0.583353 -0.330489 -0.420327 0 0 0 0 0 0 0 0 0 0 0 0 
0.00957841662548212722 1.58939 0 235149 52.2635 19.1888 17.27 0 01 0 0 0 0 0 0 0 0 0 0 0 0 0 0 0 
0.00960328074648449624 0.432886 0 467304 0.337193 19.2129 17.2916 0 01 0 -0 0 0 0 -0 0 0 0 -0 0 0 0 0 0 
0.00961725707618659408 0.536653 0 194166 51.865 19.0055 17.105 0 01 0 0 0 0 0 0 0 0 0 0 0 0 0.530083 0 0 
0.00961850041345693046 0.163565 0 464453 0.0844499 18.9429 17.0486 0 01 0 0 -0 0 0 0 -0 0 0 0 -0 1.41952 4.58646 0 555.958 
0.00963326631443465684 0.116942 0 538680 0.161014 19.4928 17.5435 0 01 0 0 0 0 0 0 0 0 0 0 0 2.14322 4.01194 1088.25 3894.1 
0.00965114152833929789 0.0834317 0 574048 0.0961783 18.461 16.6128 0 01 0 0 0 0 0 0 0 0 0 0 0 0.567482 1.74362 0 984.529 
0.00968299304211252612 0.103958 1 361840 0 17.3638 15.6152 0 0 1 -0.478086 1.04619 0.0436894 0 0 0 0 0 0 0 0 0.788728 1.88747 1733.45 2261.4 
0.00971061245535066557 1.62171 0 344057 50.9575 18.5853 16.7258 0 01 0 0 0 0 0 0 0 0 0 0 0 0 0 0 0 
0.00972644105698059966 0.369713 0 492425 0 18.5845 16.7251 0 01 0 0 0 0 0 0 0 0 0 0 0 0.732656 1.10362 0 166.842 
0.00975613821637964611 0.109719 0 424911 0.119499 18.222 16.3953 0 01 0 0 0 0 0 0 0 0 0 0 0 2.73226 5.00841 8073.36 12202.7 
0.0097905352351738955 0.111043 0 479735 1.00457 18.1832 16.36 0 01 0 0 0 0 0 0 0 0 0 0 0 2.75991 5.026 6933.2 13040.3 
0.00983789729889030483 0.599165 0 89578 0.547126 18.0274 16.2184 0 01 0 0 0 0 0 0 0 0 0 0 0 0.60388 2.41385 0 3.69023 
0.00987606139460536769 0.425337 0 513846 0.198246 17.9041 16.1063 0 01 0 0 0 0 0 0 0 0 0 0 0 0 1.25372 0 0 
0.00989356846121140603 0.415081 0 563712 0.167857 17.74 15.9571 0 01 0 0 0 0 0 0 0 0 0 0 0 0.432449 0.849552 230.119 230.119 
0.00991248502853865274 0.305457 0 554626 0.356585 17.816 16.0262 0 01 0 0 0 0 0 0 0 0 0 0 0 0.565217 1.14778 0 0 
0.0099174324840862714 0.4733 0 474191 0.168632 17.7211 15.9399 0 01 -0 0 0 0 -0 0 0 0 -0 0 0 0.956055 1.9163 0 0 
0.00991947938195449942 0.497425 0 361078 49.0859 17.7424 15.9593 0 01 0 0 -0 0 0 0 -0 0 0 0 -0 0 1.4864 0 0 
0.0099254567822172797 1.928 0 314533 49.0375 17.719 15.938 0 01 0 0 0 0 0 0 0 0 0 0 0 0 0 0 0 
0.00996145612240847272 0.29995 0 482781 0.10808 17.6594 15.8838 0 01 0 0 0 0 0 0 0 0 0 0 0 0.290794 0.874162 0 0 
0.00996819222041618949 0.136186 0 567052 0.242762 17.481 15.7217 0 01 0 0 0 0 0 0 0 0 0 0 0 1.42048 3.42589 0 2.35415 
0.00999109132811722665 0.287689 0 511592 0.229583 17.626 15.8535 0 01 0 0 0 0 0 0 0 0 0 0 0 0.587636 1.77813 0 0 
0.010068078963929911 0.114666 0 447318 0.293232 17.2736 15.5333 0 01 0 0 0 0 0 0 0 0 0 0 0 2.09942 3.87824 4279.09 8351.44 
0.010074821992792719 0.20364 0 453910 0.214197 17.131 15.4037 0 01 0 0 -0 0 0 0 -0 0 0 0 -0 0.427637 2.30476 0 0 
0.0100967913695148362 0.410904 0 164882 0.105607 16.7566 15.0638 0 01 0 0 0 0 0 0 0 0 0 0 0 0 0.415711 0 0 
0.0101217890458299552 0.620795 0 45741 0.170323 16.9161 15.2086 0 01 0 0 0 0 0 0 0 0 0 0 0 0 1.25109 0 0 
0.0101556936754728204 0.866138 0 392042 47.1703 16.8767 15.1727 0 01 0 0 0 0 0 0 0 0 0 0 0 0 0 0 0 
0.0101569140879883297 1.30588 0 384887 47.1598 16.874 15.1703 0 01 0 -0 0 0 0 -0 0 0 0 -0 0 1.33105 1.33105 0 0 
0.0101723017959932851 0.140781 0 669601 3.1351 16.8034 15.1063 0 01 0 -0 0 0 0 -0 0 0 0 -0 0 1.15262 3.19029 850.369 850.369 
0.0101858466193016882 0.416027 0 440600 0.343462 16.7815 15.0863 0 01 0 -0 0 0 0 -0 0 0 0 -0 0 0 0 0 0 
0.0102047247693984513 0.0502608 0 239587 0.920626 16.5985 14.9202 0 01 -0 0 0 0 -0 0 0 0 -0 0 0 1.93386 3.30711 2544.44 5188.54 
0.0102174619715642376 0.711496 0 282000 0.282282 16.6472 14.9645 0 01 0 0 0 0 0 0 0 0 0 0 0 0 0.70761 0 0 
0.01021881136127583 0.406516 0 420953 0.240829 16.5389 14.8661 0 01 -0 0 0 0 -0 0 0 0 -0 0 0 0 1.58651 0 0 
0.0102214085644964144 0.503667 0 592593 0.130559 16.4597 14.7942 0 01 -0 0 0 0 -0 0 0 0 -0 0 0 0 1.00709 0 0 
0.0102295163113493223 0.694904 0 344190 46.6096 16.6207 14.9403 0 01 0 0 -0 0 0 0 -0 0 0 0 -0 0 0 0 0 
0.0102885241209650681 0.654168 0 290261 0.52433 16.4104 14.7495 0 01 0 0 0 0 0 0 0 0 0 0 0 0 0.658532 0 0 
0.0102905042135054622 0.255837 1 434848 0 16.4576 14.7923 0 0 2 -0.0114306 -0.033928 -0.0173894 0 0 0 -0 0 0 0 -0 2.2071 6.06468 1459.82 2131.92 
0.0103026058166038933 0.481677 0 521458 0.0879032 16.3964 14.7368 0 01 0 0 0 0 0 0 0 0 0 0 0 0.464257 0.943524 0 0 
0.0103555521428113466 0.49858 0 194155 0.100495 16.1797 14.5401 0 01 0 -0 0 0 0 -0 0 0 0 -0 0 0 0.493885 0 0 
0.0103645134080753206 0.347969 0 477888 0.0932024 16.1814 14.5417 0 01 0 0 -0 0 0 0 -0 0 0 0 -0 0 0.351397 0 0 
0.0103757918686398741 0.281415 0 771864 0.204251 15.9091 14.2946 0 01 0 0 -0 0 0 0 -0 0 0 0 -0 0.791131 1.59765 154.017 154.017 
0.0103791413444978241 0.268933 0 37829 0.132614 16.0887 14.4576 0 01 0 -0 0 0 0 -0 0 0 0 -0 0 0.258024 2.41886 0 80.7617 
0.0104186990184242916 0.497994 0 58596 0.194343 15.8972 14.2839 0 01 0 0 0 0 0 0 0 0 0 0 0 0.494581 1.50623 0 356.335 
0.0104459165091542374 0.187323 0 480171 0.0825878 15.9882 14.3664 0 01 0 0 0 0 0 0 0 0 0 0 0 1.1378 3.53404 0 398.026 
0.0104595389663438773 0.574344 0 85683 44.9658 15.8954 14.2822 0 01 0 0 0 0 0 0 0 0 0 0 0 0.579236 1.14009 0 0 
0.0104794120201702149 0.238557 0 529949 0.128198 15.79 14.1867 0 01 0 0 0 0 0 0 0 0 0 0 0 1.21757 3.65475 0 1147.9 
0.010542372514382824 4.3597 0 303887 0.393307 15.5962 14.0109 0 01 0 -0 0 0 0 -0 0 0 0 -0 0 0 0 0 0 
0.0105821688347196505 1.42466 0 361508 44.148 15.5315 13.9522 0 01 0 0 0 0 0 0 0 0 0 0 0 0 0 0 0 
0.0105889900139161473 0.183407 0 513531 1.93646 15.5325 13.9532 0 01 0 0 0 0 0 0 0 0 0 0 0 1.24261 2.17149 0 0 
0.0106502046002543392 0.183492 0 422279 0.34466 15.2578 13.7041 0 01 0 0 0 0 0 0 0 0 0 0 0 0.723128 2.78252 0 626.758 
0.0106627953204174886 0.0917348 1 472747 0 15.2043 13.6557 0 0 2 -0.142286 -0.374654 -0.394112 0 -0 0 0 0 -0 0 0 1.13039 2.53145 4622.48 6305 
0.0106847371074910106 0.405953 0 467126 0.112367 15.2823 13.7264 0 01 0 0 0 0 0 0 0 0 0 0 0 0.410211 0.827578 0 0 
0.0106973052952756987 0.42315 0 83883 0.178724 15.1187 13.5781 0 01 -0 0 0 0 -0 0 0 0 -0 0 0 0 0.421183 0 0 
0.0106978723714023435 0.521428 1 150523 0 14.6986 13.1975 0 0 1 0.661366 0.605269 0.0168656 0 0 0 0 0 0 0 0 0 2.05184 0 0 
0.0107125906306993635 0.177806 0 505753 0.166517 15.1953 13.6475 0 01 -0 0 0 0 -0 0 0 0 -0 0 0 0.577428 1.34455 0 0 
0.0107173188374516185 0.132656 0 94719 0.203693 15.0904 13.5524 0 01 0 0 0 0 0 0 0 0 0 0 0 1.34155 3.58069 1022.18 1022.18 
0.0107715087847791817 0.269697 0 386480 0.386141 15.0102 13.4798 0 01 -0 0 0 0 -0 0 0 0 -0 0 0 0.822657 3.02122 0 348.671 
0.0107853082981613328 0.253971 0 267239 0.338751 14.9731 13.4462 0 01 0 0 0 0 0 0 0 0 0 0 0 0.251064 0.508325 0 0 
0.01078834239249527 0.120615 0 131772 0.129364 14.9374 13.4139 0 01 0 0 0 0 0 0 0 0 0 0 0 2.63769 4.74371 780.353 6396.46 
0.0108348409620921717 0.311792 0 170070 0.48252 14.7587 13.2519 0 01 0 -0 0 0 0 -0 0 0 0 -0 0 0.950729 3.85495 764.663 1080.35 
0.0108629137051684931 0.289375 0 68259 0.0913697 14.6457 13.0969 0 1.414441 1.3686 -0.265471 0.238972 0 0 -0 0 0 0 -0 0 0.598526 1.18985 75.9363 75.9363 
0.0109615759935542973 2.38851 0 364519 41.8438 14.5093 12.7845 0 6.685881 0.0833092 4.18964 5.2097 0 0 0 0 0 0 0 0 0 0 0 0 
0.0110140764200182366 1.75453 0 399060 41.5475 14.391 12.5189 0 16.2781 -11.1048 2.70128 11.5915 0 0 0 0 0 0 0 0 0 0 0 0 
0.0110332359725897507 0.270235 0 531014 0.255469 14.1676 12.031 0 38.59151 -37.945 0.703816 6.99887 0 0 0 0 0 0 0 0 0.549376 1.08887 0 970.709 
0.0110343936440275379 0.18616 0 424347 0.50148 14.3603 12.4508 0 9.199141 8.59878 1.41853 -2.94498 0 0 0 0 0 0 0 0 0.538251 1.79569 0 1195.8 
0.0110405364166671956 0.507377 0 344240 41.4003 14.3339 12.3925 0 16.81481 -12.5873 7.90076 -7.8662 0 0 0 -0 0 0 0 -0 0 0.521019 0 0 
0.0110587036998493551 0.549182 0 373672 0.729082 14.243 12.1937 0 29.99261 4.24704 12.7174 -26.8288 0 0 0 0 0 0 0 0 1.0641 1.0641 0 13.4043 
0.0110974668090987865 2.11543 0 330060 41.0883 14.2024 12.1059 0 30.88591 29.2724 -8.75112 4.52603 0 0 0 0 0 0 0 0 0 0 0 0 
0.0111053268033352009 0.11715 0 244533 0.0878775 14.0667 11.8163 0 22.81711 -22.7245 -1.20908 1.65964 0 -0 0 0 0 -0 0 0 1.9685 3.51399 5674.85 11001.2 
0.0111086429635897672 0.550041 0 334260 41.0287 14.1748 12.0464 0 24.31111 15.402 16.9281 8.20048 0 0 0 0 0 0 0 0 0 0 0 0 
0.0111612016465698679 0.675273 0 295464 40.7464 14.0566 11.795 0 51.96141 -18.706 -48.293 -4.22537 0 0 -0 0 0 0 -0 0 0 0.675199 0 0 
0.0111658805841591772 1.06449 0 252721 40.7212 14.0526 11.7865 0 30.27931 -30.0754 -2.91202 -1.95537 0 -0 0 0 0 -0 0 0 0 0 0 0 
0.0111751269283109078 0.487868 0 122995 0.36181 14.0785 11.8412 0 24.94431 10.8005 8.67374 20.7445 0 0 0 0 0 0 0 0 0.494108 0.975553 0 0 
0.0112125738020512431 0.710123 0 189256 0.139776 14.1743 12.0455 0 22.10271 18.675 -2.04635 11.6442 0 0 0 0 0 0 0 0 1.40562 1.40562 63.7726 70.821 
0.0112135011101982818 0.226796 0 22499 0.581515 14.1756 12.0482 0 16.68931 -3.4242 13.1359 -9.7085 0 0 0 0 0 0 0 0 1.86374 4.61268 1050.26 2392.41 
0.01121758570597353 9.13276 0 5284 0 13.9704 11.6147 0 28.83051 25.6333 -10.1394 8.44561 0 0 0 0 0 0 0 0 0 0 0 0 
0.0112254496621638031 0.157626 0 205163 40.3764 14.2181 12.1397 0 29.78651 -18.757 15.2882 17.3689 0 0 0 0 0 0 0 0 0.288004 0.587357 0 450.693 
0.0112577978801540243 1.06049 0 255934 40.1963 14.3139 12.3487 0 16.26311 -15.474 -2.81014 4.14062 0 -0 0 0 0 -0 0 0 0 1.06202 0 0 
0.011266958538258931 0.707131 1 121054 0 13.8989 11.4672 0 0 1 17.3499 -0.48228 -25.1206 0 0 0 0 0 0 0 0 0 0 0 0 
0.0112950445139594728 1.01209 0 340616 0.0877817 14.4096 12.5606 0 11.05791 0.835538 6.44962 -8.94323 0 0 0 0 0 0 0 0 0 0.993284 0 0 
0.0113361785563272227 0.393372 0 615207 0.0996737 14.4371 12.6219 0 7.967071 -1.96779 -7.60954 1.30266 0 0 0 0 0 0 0 0 0.400895 0.787688 11.8918 11.8918 
0.0113597181312387625 0.389777 0 587591 0.208862 14.2595 12.2296 0 28.2041 25.1982 -5.19293 11.5562 0 0 0 0 0 0 0 0 0 0.382352 0 0 
0.0113989837621909038 0.295239 0 191234 0.309872 14.4843 12.728 0 15.09091 -10.292 -11.0066 -0.815808 0 0 0 -0 0 0 0 -0 0.916887 2.41328 0 90.9712 
0.0114002590336414553 0.263493 0 435546 0.551218 14.451 12.653 0 9.882211 -4.1626 -7.77262 -4.46288 0 0 -0 0 0 0 -0 0 1.34589 3.48727 0 272.796 
0.0114114915236636239 0.155885 1 465640 0 34.2009 30.7808 0 0 2 -0.00431784 0.0123471 0.0107205 0 0 0 0 0 0 0 0 1.04556 2.30447 0 2645.22 
0.0114181731908379481 0.604841 0 50618 0.300682 14.6507 13.1083 0 0.6285871 0.601052 0.182381 0.0244084 0 0 0 0 0 0 0 0 0 0 0 0 
0.0114252059367998347 1.30563 0 246436 39.3317 14.6449 13.0949 0 3.726691 3.2369 0.588912 1.7504 0 0 0 0 0 0 0 0 0 0 0 0 
0.0114256221999781433 1.05053 0 398460 39.3299 14.6426 13.0896 0 3.453611 3.33657 0.740177 -0.4968 0 0 0 0 0 0 0 0 0 0 0 0 
0.011429042591720914 0.344639 0 7823 0.142142 14.6532 13.1142 0 1.399971 -0.999665 0.955094 -0.219945 0 -0 0 0 0 -0 0 0 0.343742 1.7109 0 0 
0.0115051574042626999 0.0547235 0 536489 0.55223 14.513 12.7929 0 10.30811 -10.2871 -0.154363 -0.638252 0 -0 0 0 0 -0 0 0 2.27899 4.7746 862.546 6975.06 
0.011509354134982332 0.223327 1 24013 0 23.0417 20.7375 0 0 1 0.292916 0.0333094 0.609167 0 0 0 0 0 0 0 0 2.16463 4.32295 1016.01 1327.52 
0.0115302883729087782 0.1634 0 456466 0.114202 14.5636 12.9082 0 5.531521 -5.48765 0.582167 -0.380106 0 0 0 0 0 0 0 0 2.04042 4.0957 405.525 1641.25 
0.0115418114088386183 0.649401 0 642067 0.129833 14.6975 13.1966 0 01 0 0 0 0 0 0 0 0 0 0 0 0 0.659951 0 0 
0.0115762997094964563 0.230716 0 443355 18.2081 14.7319 13.2277 0 01 0 0 0 0 0 0 0 0 0 0 0 0.869975 2.16968 0 371.56 
0.0115997723979746285 0.204545 0 504570 0.241876 14.6211 13.04 0 5.063631 0.290577 0.180007 -5.05208 0 0 0 0 0 0 0 0 0.864201 3.26966 0 0 
0.0116010556772887571 1.19798 0 303045 38.5069 14.9162 13.3946 0 01 0 0 -0 0 0 0 -0 0 0 0 -0 0 1.2279 0 0 
0.0116051222326031319 0.142583 0 490798 0.44729 14.6079 13.0097 0 6.007921 -0.324575 5.87172 -1.22992 0 0 0 0 0 0 0 0 1.63423 4.93902 0 3322.33 
0.0116137334307288686 0.685254 0 292985 38.4492 14.9393 13.4156 0 01 0 0 0 0 0 0 0 0 0 0 0 0 0.672951 0 0 
0.0116432522849304557 0.193731 1 461694 0 32.2741 29.0467 0 0 1 -0.216949 -0.403007 0.309895 0 0 0 0 0 0 0 0 0.554054 1.82756 0 0 
0.0116520986501319999 0.515111 0 682578 0.255595 14.7624 13.2553 0 01 0 0 0 0 0 0 0 0 0 0 0 0 0.526699 0 0 
0.0116730310478484981 0.838373 1 514661 0 13.2363 10.185 0 0 1 110.259 3.45628 6.24462 0 0 0 0 0 0 0 0 0 0.824179 0 0 
0.0117088046027721132 0.218089 0 457846 1.12938 14.6891 13.189 0 01 -0 0 0 0 -0 0 0 0 -0 0 0 0.449017 2.86623 0 0 
0.0117146089374137348 0.284652 0 447669 0.0824497 14.2394 12.186 0 20.20591 8.06144 5.29408 -17.7557 0 0 0 0 0 0 0 0 1.37541 3.56187 0 0 
0.0117175362735955964 0.564267 0 464481 0.0902421 14.7104 13.2082 0 01 -0 0 0 0 -0 0 0 0 -0 0 0 0 0.561325 0 0 
0.0117694528971044234 0.583505 0 489122 0.218156 14.9177 13.396 0 01 0 0 0 0 0 0 0 0 0 0 0 0 1.17531 0 0 
0.0117881943758530484 0.699807 0 430137 0.216855 14.656 13.1207 0 0.4275571 0.374993 0.0732354 -0.19189 0 0 0 0 0 0 0 0 0 0.692626 0 0 
0.0118082862496564321 0.449499 0 461080 0.400057 15.051 13.5168 0 01 0 0 0 0 0 0 0 0 0 0 0 0 0.453215 0 0 
0.0118169599646737126 0.346584 0 592413 0.156563 14.6855 13.1857 0 01 0 -0 0 0 0 -0 0 0 0 -0 0 0.70228 1.05414 0 0 
0.0118308631434670478 0.725254 0 631872 4.6256 14.7741 13.266 0 01 0 0 -0 0 0 0 -0 0 0 0 -0 0.728933 0.728933 0 0 
0.0119008125318908753 0.264954 0 716006 0.139379 15.1017 13.5627 0 01 -0 0 0 0 -0 0 0 0 -0 0 0 0.549748 2.46383 0 0 
0.0119057492274764649 0.182292 1 475315 0 36.3096 32.6786 0 0 2 -0.430283 0.257115 -0.316904 0 0 0 -0 0 0 0 -0 0.75996 2.81756 0 450.904 
0.0119799803741065247 0.167278 0 426993 0.110336 14.2315 12.1689 0 18.03581 5.67699 14.431 -9.20921 0 0 0 0 0 0 0 0 3.09342 5.43013 1495.31 3316.62 
0.0120107897477609374 0.122928 0 423160 0.121807 14.8314 13.3178 0 01 0 0 0 0 0 0 0 0 0 0 0 1.68018 4.21104 1665.42 6508.44 
0.0120162857298590341 0.470529 0 444007 0.366232 15.3511 13.816 0 01 0 0 -0 0 0 0 -0 0 0 0 -0 0 1.40465 0 0 
0.0120257808562924656 0.287604 0 452997 0 15.1759 13.63 0 01 0 0 0 0 0 0 0 0 0 0 0 2.3873 3.27585 1.30721 158.358 
0.0120351147087246705 0.254577 0 454727 0.429429 15.2346 13.6831 0 01 0 0 0 0 0 0 0 0 0 0 0 0.73282 2.19202 0 0 
0.012053726029248148 1.73646 0 201617 36.6365 35.9021 13.6061 0 01 0 0 0 0 0 0 0 0 0 0 0 0 0 0 0 
0.0120590613664210335 0.353596 0 482469 0.459369 36.3152 13.7547 0 01 0 0 0 0 0 0 0 0 0 0 0 0.354756 0.354756 0 0 
0.0120660668952431039 0.548211 0 442275 0.188048 14.4842 12.7278 0 6.378471 -5.71214 1.64601 -2.31237 0 0 0 0 0 0 0 0 0 1.09974 0 0 
0.0120925559280368917 0.894142 0 143944 0.178866 35.7527 13.522 0 01 0 0 0 0 0 0 0 0 0 0 0 0 0.893496 0 0 
0.0121085287617099489 0.321011 0 478540 0.245587 15.1438 13.6009 0 01 0 0 0 0 0 0 0 0 0 0 0 0 0.655999 0 0 
0.0121523367774019966 1.44569 0 574333 0.334875 35.7848 13.5211 0 01 0 0 0 0 0 0 0 0 0 0 0 0 0 0 0 
0.0121532148445766992 0.334294 0 429869 0.117716 35.9922 13.8459 0 01 0 0 0 0 0 0 0 0 0 0 0 1.9579 2.28393 0 591.134 
0.0122156237282048837 0.280373 0 198841 35.9894 35.2898 14.0563 0 01 0 0 0 0 0 0 0 0 0 0 0 0.27886 1.13763 0 0 
0.0122457680169783655 1.55645 0 246660 35.8723 35.179 14.1715 0 01 0 0 0 0 0 0 0 0 0 0 0 0 0 0 0 
0.0122524643165120121 0.169828 1 579952 0 13.161 10.0491 0 0 2 -48.8725 18.0957 47.6291 0 -0 0 0 0 -0 0 0 1.15836 3.50161 0 375.674 
0.0122540582894058413 13.7342 0 242731 35.8408 35.1492 14.1934 0 01 -0 0 0 0 -0 0 0 0 -0 0 0 0 0 0 0 
0.0122658335150714216 0.270442 1 640037 0 12.5205 8.97273 0 0 2 76.8028 -29.15 -6.52704 0 0 0 0 0 0 0 0 1.08996 3.04491 0 76.0804 
0.0122703560105316516 0.0743901 0 631996 0.178636 14.6997 13.1986 0 01 0 0 0 0 0 0 0 0 0 0 0 2.13954 4.16672 1213.41 5780.26 
0.0122738066144703929 0.263444 1 258580 0 12.3823 8.75937 0 0 1 49.8473 37.2313 -1.11636 0 0 0 0 0 0 0 0 0.73699 2.77761 0 0 
0.0122831017901985952 0.156172 1 270802 0 12.4368 8.84268 0 0 2 67.0204 -36.074 43.4103 0 0 -0 0 0 0 -0 0 4.08015 6.90636 3333.83 6771.79 
0.0123081094641962936 0.561862 0 459166 0.0901495 35.3881 13.3515 0 01 0 0 0 0 0 0 0 0 0 0 0 0 0.579574 0 0 
0.0123164575213266844 1.32319 0 382096 35.6012 34.9222 14.4032 0 01 0 0 0 0 0 0 0 0 0 0 0 1.3134 1.3134 0 0 
0.0123213923803123116 0.293292 0 465181 0.114928 35.6124 13.4536 0 01 0 0 0 0 0 0 0 0 0 0 0 0.625757 1.2293 0 0 
0.0123654850583843918 0.19792 0 510795 0.142139 35.4494 13.6004 0 01 0 0 -0 0 0 0 -0 0 0 0 -0 2.13706 6.71924 107.864 526.438 
0.012368507303225593 0.159273 0 522875 0.119158 35.4132 13.3471 0 01 -0 0 0 0 -0 0 0 0 -0 0 0 3.46197 5.8242 2064.89 4828.17 
0.0123916162544872449 0.788843 0 697822 0.290489 15.02 13.518 0 01 0 0 0 0 0 0 0 0 0 0 0 0.760673 0.760673 0 0 
0.0123984460990424847 0.495613 0 428278 0.70973 14.5624 12.9053 0 2.895151 -2.27696 -0.570051 1.69481 0 -0 0 0 0 -0 0 0 0 0 0 0 
0.0124139625477077496 5.58622 1 169315 0 12.6314 9.14889 0 0 1 70.6148 -24.7152 54.9835 0 0 -0 0 0 0 -0 0 0 0 0 0 
0.0124248952426469772 0.537008 0 316784 35.195 34.5371 14.7762 0 01 0 0 0 0 0 0 0 0 0 0 0 0.53529 2.16457 0 0 
0.012431151178884426 0.209879 0 507366 0.240112 34.7702 13.5756 0 01 0 0 -0 0 0 0 -0 0 0 0 -0 0.209771 0.874077 0 0 
0.0124318406338326023 0.609418 1 210830 0 34.513 14.8636 0 0 1 -0.329674 -0.053346 0.552233 0 0 0 0 0 0 0 0 0.612106 1.22449 0 0 
0.0124375402562755637 0.754431 0 302817 35.1486 34.4932 14.8071 0 01 0 0 0 0 0 0 0 0 0 0 0 0 0 0 0 
0.0124509888153407303 0.442984 0 196116 0.099223 34.6758 13.0498 0 01 0 0 0 0 0 0 0 0 0 0 0 0 0 0 0 
0.0124616668473842718 0.28063 0 454136 0.259386 14.6699 13.153 0 0.6133451 0.411286 0.00216976 0.455006 0 0 0 0 0 0 0 0 1.39595 3.91012 812.673 812.673 
0.012474104167653273 0.344683 0 638673 0.973054 34.9125 13.1401 0 01 -0 0 0 0 -0 0 0 0 -0 0 0 0 0.344545 0 0 
0.0124746120470475789 0.384509 0 553758 0.429753 35.0262 13.2008 0 01 0 0 0 0 0 0 0 0 0 0 0 0.385071 0.385071 0 0 
0.0124815989169821898 0.18551 1 429429 0 32.6549 29.3894 0 0 2 -0.341196 -0.312737 -0.0118524 0 0 0 -0 0 0 0 -0 2.34474 5.24462 0 1148.68 
0.0124942277755457805 0.136755 0 450074 0 28.1959 25.3764 0 01 0 0 0 0 0 0 0 0 0 0 0 1.9323 4.11828 973.565 1628.05 
0.012507101548538924 0.24841 0 464144 0.174413 35.175 13.2411 0 01 -0 0 0 0 -0 0 0 0 -0 0 0 0.249026 3.29111 0 398.199 
0.0125210152781623282 0.622774 0 380007 34.8455 34.2056 15.0669 0 01 0 -0 0 0 0 -0 0 0 0 -0 0 0 0.640325 0 0 
0.0125228440398689068 0.479885 0 377351 34.8394 34.1997 15.0753 0 01 -0 0 0 0 -0 0 0 0 -0 0 0 0.480696 1.90719 0 0 
0.0125432524068570007 0.104984 0 447718 0.0870955 18.863 16.9767 0 01 0 0 0 0 0 0 0 0 0 0 0 2.66537 5.43012 741.16 6847.95 
0.0125510255515618452 0.408855 0 529282 1.16661 14.8206 13.3081 0 01 0 0 0 0 0 0 0 0 0 0 0 0 1.20396 0 0 
0.0125947129416751572 0.563052 1 569543 0 12.9249 9.63556 0 0 2 125.089 -33.1388 -5.14423 0 0 -0 0 0 0 -0 0 0 0 0 0 
0.0126031466126219089 1.08639 0 296138 34.5542 33.9291 15.3033 0 01 0 0 0 0 0 0 0 0 0 0 0 0 0 0 0 
0.012613915172577107 1.72834 0 330567 0.271821 33.8927 15.3378 0 01 0 0 0 0 0 0 0 0 0 0 0 0 0 0 0 
0.0126150607830896565 2.81659 0 215195 34.5123 33.8893 15.3662 0 01 0 -0 0 0 0 -0 0 0 0 -0 0 0 0 0 0 
0.0127801220429926282 0.410741 0 438822 0.0904319 34.5311 12.9876 0 01 0 0 0 0 0 0 0 0 0 0 0 0 2.02703 0 0 
0.0128020174916306829 3.75168 0 272267 33.8736 33.2823 15.5998 0 2.49411 -2.44843 -0.467871 -0.0826095 0 0 -0 0 0 0 -0 0 0 0 0 0 
0.012859576406812177 0.0764864 0 754345 0.198358 33.5482 14.7445 0 01 0 0 0 0 0 0 0 0 0 0 0 3.61993 6.21766 5572.25 9530.31 
0.0128770699698695645 0.171381 0 621129 0.162891 33.8579 12.6948 0 01 0 0 0 0 0 0 0 0 0 0 0 1.62338 2.99486 1022.74 1410.62 
0.0129011250220067535 0.380724 0 466836 0.312203 18.6845 16.816 0 01 0 0 0 0 0 0 0 0 0 0 0 0.376055 2.24951 0 193.505 
0.0129126717269238567 0.624883 1 165929 0 11.7274 7.83876 0 0 1 -132.009 21.7694 6.26808 0 -0 0 0 0 -0 0 0 0.626842 1.26257 0 0 
0.0129361090247138624 0.533175 0 657907 0.160475 13.9592 11.5915 0 22.47121 -9.34195 -5.23622 -19.7551 0 -0 0 0 0 -0 0 0 0 0.52779 0 0 
0.0129400814757953172 2.50913 0 17420 0.112338 32.8522 15.4322 0 10.90431 7.98535 7.12975 -2.07476 0 0 0 0 0 0 0 0 0 0 0 0 
0.0129625412540871326 0.231561 1 479553 0 30.1932 27.1739 0 0 1 -0.0581066 -0.0537519 -0.535457 0 0 0 0 0 0 0 0 1.81261 4.30096 0 1324.2 
0.0129681763566538519 0.602962 1 454226 0 11.7995 7.93282 0 0 1 180.746 -21.944 -15.0115 0 0 0 0 0 0 0 0 0 0.615616 0 0 
0.0129818188356556567 0.129895 0 459006 0.108659 14.3714 12.4756 0 15.18311 -13.5853 -0.271174 6.77446 0 0 -0 0 0 0 -0 0 2.39951 3.96685 1548.06 5079.43 
0.0130298697889395017 0.598425 0 140577 33.135 32.5795 15.3152 0 35.68061 15.2332 30.256 11.2085 0 0 0 0 0 0 0 0 0 0.597994 0 0 
0.0130330532754164962 0.562353 1 43247 0 11.5126 7.56953 0 0 1 55.7853 92.2996 -131.778 0 0 0 0 0 0 0 0 0 0.5617 0 0 
0.0130363893555025361 0.423348 0 431548 0.280061 14.9713 13.4742 0 01 0 0 -0 0 0 0 -0 0 0 0 -0 0.852574 5.16038 0 32.4212 
0.0130365208770729657 0.24976 1 646076 0 34.6852 31.2166 0 0 2 -0.00822222 -0.101499 -0.0210754 0 0 0 0 0 0 0 0 0.769118 2.28715 0 885.847 
0.0130469692590722691 0.47674 0 476580 0.153228 33.6579 12.6099 0 01 0 0 0 0 0 0 0 0 0 0 0 0 0.958608 0 0 
0.0130480352233327806 0.598449 0 342636 33.0787 32.5259 15.2856 0 20.07981 -5.80601 18.5057 -5.19897 0 0 0 0 0 0 0 0 0.600016 1.82706 0 0 
0.0131090735329639132 0.147995 0 523050 0 31.0422 27.938 0 01 0 0 0 0 0 0 0 0 0 0 0 0.306829 1.18421 0 0 
0.0131195374705759902 0.615004 1 213781 0 11.6273 7.71136 0 0 2 -77.4145 -27.3844 30.2541 0 0 0 0 0 0 0 0 0 1.234 0 0 
0.0131362263440658166 0.284797 0 558555 0.126515 32.9195 11.8442 0 7.670431 5.04622 1.43481 -5.59576 0 0 0 0 0 0 0 0 0.868799 2.29546 0 24.2133 
0.0131371598035021787 1.31197 0 362838 32.8024 32.2627 15.1527 0 50.13561 -35.1688 -22.7559 -27.5482 0 -0 0 0 0 -0 0 0 0 1.29106 0 0 
0.0131610363890747508 0.25435 0 438237 0.140434 30.0469 27.0422 0 01 0 0 -0 0 0 0 -0 0 0 0 -0 2.81806 6.6652 2015.02 2155 
0.0131777296630439366 0.202442 1 548349 0 13.5157 10.7069 0 0 1 67.7272 -39.8476 -28.4719 0 0 0 0 0 0 0 0 0.972386 2.75844 958.686 1700.84 
0.0131945495276900356 0.554261 0 656025 0.102813 32.2169 14.9175 0 38.35761 28.1929 6.92038 -25.0713 0 0 0 0 0 0 0 0 0 1.66584 0 0 
0.0132128591842854224 0.233085 1 462387 0 13.6392 10.9464 0 0 1 51.6295 -23.7514 10.9164 0 0 0 0 0 0 0 0 1.60341 3.64163 0 582.198 
0.0132156398467141462 0.174328 0 435426 0.108004 25.7623 23.1861 0 01 0 0 0 0 0 0 0 0 0 0 0 1.70018 5.59164 123.911 3118.67 
0.0132167926251295191 0.289717 0 461308 0.0812343 32.5534 14.3705 0 25.2531 24.9849 3.39274 1.39911 0 0 0 0 0 0 0 0 0.873987 2.00383 0 292.925 
0.0132253048578675775 0.806701 1 615105 0 30.342 27.3078 0 0 1 -0.135283 -0.394013 0.567651 0 0 0 0 0 0 0 0 0 0 0 0 
0.0132305094903886269 0.57164 0 438051 1.37851 18.3435 16.5058 0 01 -0 0 0 0 -0 0 0 0 -0 0 0 0 0.575496 0 0 
0.0132534478552433204 0.582983 0 350599 32.4505 31.9272 14.9276 0 69.80631 -41.2331 25.1729 -50.3892 0 -0 0 0 0 -0 0 0 0 0.591775 0 0 
0.0133142189296628407 0.203627 0 450052 0.136453 32.2375 13.976 0 51.00181 -43.6234 4.50924 -26.0354 0 0 0 0 0 0 0 0 2.6841 5.60626 598.685 3117.88 
0.0133746159039840225 0.205283 0 596355 0.141538 32.0675 14.2782 0 38.14821 4.11176 15.026 -34.8224 0 0 0 0 0 0 0 0 0.972208 2.91754 0 212.671 
0.0133833475464097251 0.179625 1 195542 0 11.1721 7.17567 0 0 2 94.0874 50.3397 55.6352 0 0 0 0 0 0 0 0 1.34559 2.10845 0 0 
0.0134356760110644381 0.751212 0 517649 0.0930499 31.7099 14.4628 0 54.71951 -40.2737 -32.1254 -18.4447 0 -0 0 0 0 -0 0 0 0.74628 0.74628 0 0 
0.0134608426204332401 0.161263 0 427624 0.0872471 32.5627 22.4733 0 21.65941 -2.31012 -20.4516 6.7472 0 0 -0 0 0 0 -0 0 1.22313 2.67415 671.292 734.205 
0.0134810777177881824 0.227978 0 480590 0 29.5133 26.562 0 01 0 0 0 0 0 0 0 0 0 0 0 1.18763 3.29739 0 421.991 
0.0134852527197176029 0.44693 1 378323 0 11.1127 7.11109 0 0 2 34.0054 31.4956 22.5143 0 0 0 0 0 0 0 0 0 0.884371 0 0 
0.013489771248718271 0.267305 0 370212 0.141748 31.515 13.4711 0 81.48891 78.0867 -14.7159 18.0653 0 0 0 0 0 0 0 0 1.24126 2.77776 0 0 
0.0135177093890697497 0.417458 0 532342 0.318955 31.9901 10.8702 0 36.86721 -26.42 25.1884 5.16885 0 0 0 0 0 0 0 0 0.404162 2.0463 0 0 
0.013533533328498765 0.461945 0 541927 0.140067 32.4087 11.3072 0 43.13661 -2.55718 -38.9011 18.4645 0 0 0 0 0 0 0 0 0.921224 1.84092 0 1002.01 
0.0135494699655708279 0.375151 0 477920 0.171905 28.0329 25.2296 0 01 0 -0 0 0 0 -0 0 0 0 -0 0 1.14724 3.44311 0 0 
0.0135524138849401257 0.601975 0 194863 0.822228 31.1064 14.2455 0 107.2581 18.5995 -69.108 -79.8906 0 0 0 0 0 0 0 0 0 0 0 0 
0.0135579566482317056 0.362904 0 432632 0.297389 33.7234 12.6362 0 01 0 -0 0 0 0 -0 0 0 0 -0 0 0.37268 0.37268 0 0 
0.0135692473937898649 0.377913 0 439650 0.121467 36.1528 32.5375 0 01 0 0 0 0 0 0 0 0 0 0 0 0.772003 1.53899 0 13.3404 
0.0135728900346408568 0.0558382 1 527810 0 31.2313 28.1082 0 0 1 -0.0106918 0.000897753 -0.0241438 0 0 -0 0 0 0 -0 0 2.84308 6.06276 4579.04 8971.38 
0.0135900644764706414 0.103278 0 291088 31.4867 31.0071 14.1566 0 73.11621 29.0284 -67.0178 -3.45626 0 0 -0 0 0 0 -0 0 1.69704 3.99539 2580.8 5537.83 
0.0136016148054568346 0.151534 0 494767 0.118625 13.7069 11.0798 0 59.44571 -51.9628 -20.3413 -20.4912 0 -0 0 0 0 -0 0 0 1.07283 2.89973 2326.13 2441.38 
0.0136105177963333941 0.256009 1 461532 0 26.6368 23.9732 0 0 1 0.345096 0.0629752 0.525367 0 0 0 0 0 0 0 0 0.246633 1.52969 0 0 
0.013632304696368636 0.127646 0 443613 0.193206 23.4211 21.079 0 01 0 0 0 0 0 0 0 0 0 0 0 1.26147 4.10146 3114.15 6395.75 
0.013637461281896043 0.281334 1 296592 0 11.1032 7.10085 0 0 2 -32.5568 67.9791 89.6375 0 0 0 0 0 0 0 0 0.55394 2.55963 0 0 
0.0136415529300935503 0.19609 0 521283 0.495689 31.3951 13.3015 0 79.22581 33.3301 28.0699 -66.1658 0 0 0 0 0 0 0 0 0.987593 3.40933 1086.32 1659.23 
0.0136641866644152919 0.160091 0 208370 31.2844 30.8138 13.9811 0 36.97671 -0.894898 -7.16648 36.2646 0 0 -0 0 0 0 -0 0 1.69276 3.29047 1729.83 3696.56 
0.0136802122390073597 0.55938 0 67849 0.0834081 30.7726 13.9429 0 90.75061 -63.4279 61.6579 20.2699 0 -0 0 0 0 -0 0 0 1.12412 2.23298 0 0 
0.0137087296447754112 0.363906 0 441565 0.176299 34.5633 31.1069 0 01 0 0 0 0 0 0 0 0 0 0 0 0.357428 1.09154 0 0 
0.0137571679428421072 0.139202 0 422379 0.238608 31.0966 13.5628 0 76.15051 26.6818 -9.22968 70.7233 0 0 -0 0 0 0 -0 0 3.46544 7.07128 93.348 2982.21 
0.0137578965570519084 0.361616 0 485429 15.4045 31.1354 12.6102 0 73.1041 -54.51 -32.6423 36.1571 0 0 0 0 0 0 0 0 1.08362 3.64703 0 0 
0.0137705723456251865 0.572639 0 433415 0.622865 21.4668 19.3201 0 01 0 0 0 0 0 0 0 0 0 0 0 0 1.11353 0 0 
0.0137910311914789564 1.20346 0 304523 30.9467 30.4908 13.6782 0 113.5261 41.4771 9.22607 105.274 0 0 0 0 0 0 0 0 0 0 0 0 
0.013811036626838984 0.295217 0 30458 0.169698 30.4401 13.63 0 107.5481 -61.853 50.9782 -71.7077 0 0 0 -0 0 0 0 -0 0.856747 1.99521 0 2.06878 
0.0138481444757484352 0.829234 0 79775 0.100353 30.3475 13.5411 0 98.37011 90.9442 2.81063 37.3889 0 0 0 0 0 0 0 0 0.815561 3.25238 0 0 
0.0138849670126959274 0.625221 0 69754 1.36854 30.4712 13.0801 0 84.88421 -83.7965 8.82556 -10.2757 0 0 0 0 0 0 0 0 0 1.24475 0 0 
0.0138937141752743382 0.144367 1 431283 0 26.5854 23.9269 0 0 1 -0.252456 0.301612 -0.302406 0 0 0 -0 0 0 0 -0 1.09115 3.60104 1600.43 3239.97 
0.013901504572998628 0.0952806 1 169885 0 10.6918 6.68872 0 0 1 10.5723 -52.157 -79.3912 0 0 0 -0 0 0 0 -0 3.37689 6.13609 5410.37 15299.1 
0.013904991142652914 0.140671 0 520388 0.149843 31.9915 10.8409 0 26.6441 15.3099 21.1318 5.38117 0 0 0 0 0 0 0 0 0.805954 1.70601 0 2391.85 
0.0139279893751134837 0.159112 0 594144 0.357016 31.3732 13.0138 0 64.91361 -43.0481 22.1145 43.2617 0 0 0 0 0 0 0 0 0.336795 0.94069 0 192.44 
0.013928239632829317 2.33063 0 253960 30.5912 30.1506 13.3484 0 125.6281 97.4911 -74.1855 27.8268 0 0 0 0 0 0 0 0 0 0 0 0 
0.0139525206291753346 0.383724 1 429616 0 29.4933 26.544 0 0 1 -0.0433448 -0.73892 0.528147 0 0 -0 0 0 0 -0 0 1.56862 4.31213 0 286.616 
0.0139655723279816981 1.16714 0 304139 30.4969 30.0603 13.259 0 82.38771 82.359 1.89738 -1.05836 0 0 0 -0 0 0 0 -0 0 1.15724 0 0 
0.0139745480132225635 0.162839 0 446774 0.150068 30.5382 13.098 0 42.7061 11.211 4.26965 40.9864 0 0 0 0 0 0 0 0 2.84349 5.68258 606.455 1180.83 
0.0139832575758353679 1.18145 0 19678 0.378121 30.2194 13.0296 0 71.21531 27.6483 3.87857 -65.5145 0 0 0 0 0 0 0 0 0 0 0 0 
0.0139933847525089 0.157343 1 430662 0 34.9268 31.4341 0 0 2 0.188703 -0.413092 -0.431833 0 0 -0 0 0 0 -0 0 1.42023 4.2761 0 930.136 
0.0139958570662999451 0.718309 0 357743 30.4199 29.9865 13.2147 0 165.8011 42.2205 82.9585 -137.206 0 0 0 0 0 0 0 0 0.735871 1.45254 0 0 
0.014007675208527132 0.606172 0 472316 0.088199 31.0802 9.95843 0 79.24361 -46.6457 63.4385 8.90427 0 0 0 0 0 0 0 0 0 1.81514 0 0 
0.014077570247934882 0.0677013 0 466635 0.327991 27.7912 25.0121 0 01 0 0 0 0 0 0 0 0 0 0 0 3.35472 5.22655 3563.66 11829.1 
0.0140848363690444702 0.578473 1 55686 0 10.5531 6.56318 0 0 1 -30.5194 25.2049 140.952 0 0 0 0 0 0 0 0 0 0.592877 0 0 
0.0140984115923093681 0.332164 0 464050 0.443901 30.3782 12.9334 0 70.00061 -28.7227 -50.6879 -38.8049 0 -0 0 0 0 -0 0 0 2.06161 3.79678 29.4887 108.192 
0.0141533930107832027 0.607321 0 27397 0.0824174 29.6142 12.8689 0 82.38961 46.5236 60.0644 31.8727 0 0 0 0 0 0 0 0 0 1.23065 0 0 
0.0141581955714820511 0.159944 1 520260 0.138065 28.2055 25.385 0 0 2 0.0374989 1.14629 -0.187834 0 0 0 0 0 0 0 0 2.50948 5.08165 1244.98 1560.63 
0.01417009008720925 0.0928966 0 666188 0.0922361 29.8905 12.8587 0 168.6521 117.185 -10.4424 -120.839 0 0 0 0 0 0 0 0 2.75641 5.18668 1935.46 6657.04 
0.0141726927508974195 1.6028 0 387995 29.9841 29.569 12.8236 0 108.7111 -106.337 1.84713 22.5185 0 0 0 0 0 0 0 0 1.60221 4.82362 0 9.33175 
0.014193754720645723 0.478644 0 486254 0.165252 15.073 13.5367 0 01 0 0 0 0 0 0 0 0 0 0 0 0.46806 3.30377 89.197 89.197 
0.0141981729379491821 0.150952 0 494587 0.272565 31.2937 10.1625 0 33.8911 -13.7223 -11.4362 -28.8012 0 0 0 -0 0 0 0 -0 1.99354 5.12878 598.509 2870.1 
0.0141997287567067493 0.0936331 1 499584 0 36.3293 32.6964 0 0 1 -0.443606 0.878401 0.323143 0 0 0 0 0 0 0 0 2.80534 5.26275 2573.19 7005.01 
0.0142107118131708839 0.334798 0 547085 0.147655 30.1417 12.9566 0 27.01981 2.35613 -16.5761 21.2074 0 0 -0 0 0 0 -0 0 1.03697 2.06804 0 121.476 
0.0142507697759131028 0.512275 0 439535 0.300823 31.0058 9.91845 0 96.12821 95.4577 -1.14607 11.2756 0 0 0 0 0 0 0 0 1.55917 3.63753 20.253 20.253 
0.0142722062450845507 0.131789 0 468627 0.135201 31.2097 13.2653 0 42.94791 -40.794 12.5308 4.83278 0 -0 0 0 0 -0 0 0 2.61806 4.8776 5833.99 7667.07 
0.0143007486716270581 0.884099 0 48688 0.277752 29.2755 12.5222 0 193.2161 176.122 20.432 -76.7852 0 0 0 0 0 0 0 0 0 2.67402 0 0 
0.0143021992474279408 0.138889 0 549259 0.191832 29.7531 12.5035 0 68.29831 7.89558 -57.2443 -36.406 0 0 0 -0 0 0 0 -0 2.72374 5.50944 1517.2 7370.18 
0.0143053241757575052 0.0999302 1 519406 0 21.4961 19.3465 0 0 1 0.747169 0.271023 -0.171032 0 0 0 0 0 0 0 0 3.51463 5.6527 5708.27 12370.2 
0.0143061417225247064 1.08161 0 274730 29.6653 29.2633 12.5093 0 145.8561 -55.957 85.0663 -104.434 0 -0 0 0 0 -0 0 0 0 0 0 0 
0.0143118208165793834 1.38104 0 367285 29.6525 29.251 12.4963 0 73.88711 8.28444 -11.304 -72.5458 0 0 0 0 0 0 0 0 1.37338 1.37338 0 0 
0.0143188987380694181 2.63901 1 34930 0 10.5188 6.53323 0 0 2 128.98 -52.6749 -3.89819 0 0 0 0 0 0 0 0 0 0 0 0 
0.0143418189623447205 1.15987 0 691389 0.956293 29.7188 12.6195 0 51.79121 43.8348 17.673 -21.1779 0 0 0 0 0 0 0 0 0 1.1813 0 0 
0.0143836403239668582 0.378776 0 289599 1.0665 29.3585 11.2653 0 152.9611 -16.0016 133.984 72.0364 0 -0 0 0 0 -0 0 0 0.35986 1.08974 0 0 
0.0143950943787575277 0.222344 1 431010 0 21.1983 19.0785 0 0 1 0.532381 0.377499 -0.319054 0 0 0 0 0 0 0 0 1.85412 4.90284 0 949.195 
0.0143960494253956971 0.217798 0 463111 0.392108 30.7274 9.67514 0 111.2121 22.796 -108.559 -7.96035 0 0 -0 0 0 0 -0 0 1.01801 2.01886 0 0 
0.0144039530091759453 1.42139 0 366867 29.4376 29.0448 12.2787 0 223.0881 95.6784 -191.034 64.188 0 0 0 0 0 0 0 0 0 1.45697 0 0 
0.0144049930417962796 0.596998 0 460941 0.21285 29.0426 12.3993 0 198.7731 133.89 108.086 -99.5066 0 0 0 -0 0 0 0 -0 1.17384 2.37889 0 0 
0.0144078981828717097 0.271891 1 432702 0 21.979 19.7811 0 0 1 0.01275 0.30981 0.335955 0 0 0 0 0 0 0 0 1.29252 3.72407 85.7743 85.7743 
0.0144121393167991503 0.13632 1 445994 0 20.3377 18.3039 0 0 2 0.0700141 -0.547546 -0.132428 0 0 0 -0 0 0 0 -0 3.48037 5.8215 4324.13 11811.9 
0.0144179180972832874 0.302261 0 447152 3.12525 29.7083 11.8755 0 108.161 -76.5566 59.9637 -47.3499 0 -0 0 0 0 -0 0 0 1.46687 3.2424 0 84.7214 
0.0144711570091766318 0.348254 0 152125 0.235004 28.8975 12.1209 0 165.961 148.187 74.4227 6.65882 0 0 0 0 0 0 0 0 0 1.39538 0 0 
0.0144978341729698722 0.39009 0 335816 29.2236 28.8394 12.0585 0 190.9261 136.79 -60.9793 -118.418 0 0 0 -0 0 0 0 -0 0 0 0 0 
0.0145261793738738244 0.157654 0 539402 0.318792 29.5834 12.0893 0 56.09211 5.80949 -54.9376 9.718 0 0 0 0 0 0 0 0 2.43633 4.53818 280.321 2413.57 
0.0145511485869495409 5.54807 0 6292 0.732656 28.7244 11.9343 0 159.9891 144.826 -58.4206 34.7701 0 0 0 0 0 0 0 0 0 0 0 0 
0.014587914753708903 2.55774 0 185079 29.0216 28.6454 11.8481 0 235.3931 74.6903 -73.6696 -210.723 0 0 0 0 0 0 0 0 0 0 0 0 
0.0145940412500877408 0.762704 0 261741 29.0085 28.6328 11.8344 0 102.3171 59.3266 -34.9124 -75.698 0 0 0 -0 0 0 0 -0 0 0 0 0 
0.0146245854114402385 0.739619 1 452417 0 25.795 23.2155 0 0 1 -0.00673023 -0.829823 -0.190102 0 0 0 -0 0 0 0 -0 1.4897 1.4897 0 0 
0.0146514052720551312 0.441051 0 745163 0.150872 29.0304 11.8126 0 113.5921 -102.299 27.6338 40.9221 0 0 0 0 0 0 0 0 0 1.78566 0 0 
0.0146683838762264353 0.326433 0 179360 0.890327 28.7459 10.9346 0 125.1771 78.1256 -90.0832 -38.0882 0 0 0 -0 0 0 0 -0 0.977197 1.62418 0 3.18802 
0.014701321683526794 0.156866 0 517943 0.418239 29.1845 11.8541 0 88.90191 15.4821 81.8994 30.9247 0 0 0 0 0 0 0 0 1.10652 2.99148 0 2838.89 
0.0147207024589602782 0.329667 0 514946 0.571486 29.7582 11.9688 0 70.07311 -56.0009 -41.331 8.11754 0 -0 0 0 0 -0 0 0 0 1.24047 0 0 
0.0147279686391763361 0.247644 0 498078 0.441058 29.1448 12.005 0 108.3621 44.7567 83.0765 -53.2673 0 0 0 -0 0 0 0 -0 1.42323 3.77795 0 121.378 
0.0147348119536402401 0.15107 1 454506 0 36.4022 32.762 0 0 2 -2.29347e-05 -0.00343291 0.0112037 0 0 0 0 0 0 0 0 2.59191 5.55455 1408.98 3526.06 
0.0147536355792717983 0.675174 0 156217 0.0900729 15.4362 13.8659 0 01 0 0 0 0 0 0 0 0 0 0 0 0 1.37017 0 0 
0.0147573410140512725 0.986733 0 332721 28.6521 28.2904 11.4585 0 169.0061 -49.1699 -153.983 49.3394 0 0 0 0 0 0 0 0 0 0.959716 0 0 
0.0147672022400644355 0.428602 0 546118 0.352547 28.7068 11.5441 0 196.8271 -193.425 34.3497 12.1594 0 0 0 0 0 0 0 0 0.841582 4.69639 165.199 165.199 
0.0147690391038859375 0.132442 1 639852 0 36.3374 32.7037 0 0 1 0.609233 -0.0268353 -0.257674 0 0 0 -0 0 0 0 -0 2.93126 4.8026 5465.77 8701.59 
0.0147853889194266685 0.254788 0 445446 0.619556 10.5794 6.58646 0 131.5811 92.6056 92.5222 13.3158 0 0 0 0 0 0 0 0 0.97437 4.5686 0 223.579 
0.0147916609576981013 0.320283 0 443097 0.847545 28.5536 11.5488 0 85.85911 -80.2921 -7.10113 29.5726 0 0 0 0 0 0 0 0 0.6301 1.59494 0 88.411 
0.0148259378381518109 0.957219 0 728710 0.54434 28.6089 11.4322 0 206.1181 -65.6766 175.099 -86.6701 0 0 0 0 0 0 0 0 0 0.936011 0 0 
0.0148455159503417308 0.264408 1 505265 0 19.3364 17.4027 0 0 1 0.179181 0.357955 0.536743 0 0 0 0 0 0 0 0 2.40019 6.45761 0 1380.78 
0.0148491900305777608 0.235532 0 480750 0.0978003 20.593 18.5337 0 01 0 0 0 0 0 0 0 0 0 0 0 0.235539 2.89484 0 0 
0.0148528242731428717 0.365874 1 177308 0 20.6484 18.5836 0 0 1 -0.0241731 0.0635028 0.615057 0 0 0 0 0 0 0 0 0.766765 3.75818 0 896.596 
0.0148560458014883167 0.119728 0 659878 0.0877901 28.7929 11.508 0 181.021 155.208 -13.3143 -92.2031 0 0 0 0 0 0 0 0 4.23846 6.78724 3665.44 11562.6 
0.0148682285843435569 1.20517 0 37014 0.446169 28.0642 11.2074 0 55.85851 10.5076 54.4918 -6.35631 0 0 0 0 0 0 0 0 0 1.16695 0 0 
0.0148757741518388414 0.114715 1 162556 0 10.1226 6.21618 0 0 2 -168.167 77.3145 141.878 0 0 0 0 0 0 0 0 4.0081 6.57239 8398.04 14022 
0.0148774140905826666 0.126449 0 55732 0.145264 28.2786 11.0349 0 104.9581 -103.26 -3.27356 -18.5152 0 0 0 -0 0 0 0 -0 2.81998 4.86579 4276.05 11720.5 
0.0148975557985313953 1.25391 0 344896 28.3557 28.0053 11.1417 0 86.91271 77.6219 36.0863 -15.0479 0 0 0 0 0 0 0 0 0 0 0 0 
0.014905776340678004 0.611296 0 185355 28.3386 27.9889 11.1234 0 186.8141 -52.2476 128.054 -125.586 0 0 0 -0 0 0 0 -0 0 3.05693 0 0 
0.0149244881058438472 0.717096 0 668775 0.250186 28.6983 11.2879 0 249.2311 110.352 199.463 100.763 0 0 0 0 0 0 0 0 0 0 0 0 
0.0149324134816971113 0.498712 0 67839 0.385481 27.9354 11.0637 0 296.7631 -219.182 43.0365 195.384 0 -0 0 0 0 -0 0 0 0 0.992543 0 0 
0.0149616991521085013 0.416536 0 296004 28.2226 27.8772 10.9985 0 119.8581 -19.0879 79.8988 -87.2795 0 0 0 0 0 0 0 0 0 1.28953 0 0 
0.0149640463489688104 0.254954 0 613763 0.136884 28.3626 11.1506 0 245.1741 -68.8338 197.631 127.727 0 0 0 0 0 0 0 0 1.194 2.39781 0 135.893 
0.0149874357907558067 0.221397 0 711919 0.550089 28.4576 12.1383 0 103.8451 -99.2865 -15.3975 -26.2449 0 0 0 -0 0 0 0 -0 0 0.833673 0 0 
0.0150154488320079424 0.345832 1 425680 0 10.4891 6.50757 0 0 2 67.2626 14.9095 48.1226 0 0 0 0 0 0 0 0 0 0.708876 0 0 
0.0150362519147026388 1.16114 0 365272 28.0702 27.7306 10.8341 0 204.3491 124.747 124.394 103.551 0 0 0 0 0 0 0 0 0 0 0 0 
0.0150444768711994522 1.5092 0 331934 28.0534 27.7145 10.816 0 328.5171 -84.1537 -56.3715 312.512 0 -0 0 0 0 -0 0 0 0 0 0 0 
0.0150452866777984872 0.129241 1 440663 0 10.9714 6.96239 0 0 1 79.773 7.0903 -27.5585 0 0 0 -0 0 0 0 -0 2.46982 4.00019 1493.09 5613.6 
0.0150643937147474163 0.526829 0 41160 0.0878431 27.6757 10.7726 0 171.6531 163.061 53.625 0.44298 0 0 0 0 0 0 0 0 0 1.05518 0 0 
0.0150677963073596235 0.566826 0 488444 0.096238 28.5932 7.99014 0 42.3051 -2.48764 -39.9966 13.5573 0 0 0 0 0 0 0 0 0 2.23779 0 0 
0.0150847701375314003 0.185284 1 468926 0 32.909 29.6181 0 0 1 0.0323637 0.614819 0.332767 0 0 0 0 0 0 0 0 3.20736 6.95007 0 975.806 
0.0150937479824452877 0.192219 0 459239 0.146427 28.3661 11.2551 0 74.26761 -73.3309 11.3373 3.11759 0 -0 0 0 0 -0 0 0 1.01032 4.01798 66.6323 268.781 
0.0151031973470683815 0.289662 1 531644 0 17.6689 15.8924 0 0 1 -0.0437316 0.412348 0.0429468 0 0 0 0 0 0 0 0 0.587044 1.20952 0 0 
0.0151354802377141207 0.239541 1 571384 0 10.1423 6.23064 0 0 1 56.6894 53.0313 -19.5923 0 0 0 0 0 0 0 0 0.713067 3.35694 165.858 710.498 
0.0151480247804716903 0.197579 0 223552 27.8459 27.5146 10.5913 0 107.1721 88.4472 54.4139 26.4977 0 0 0 0 0 0 0 0 2.89663 4.94608 143.133 1327.15 
0.0151480247804716903 0.477949 0 51605 0.311163 13.9024 11.4744 0 33.02271 32.6134 -0.660297 -5.14116 0 0 0 0 0 0 0 0 0.95244 2.9016 0 0 
0.0151551731058779029 0.48414 1 467332 0 22.2393 20.0153 0 0 1 -0.192316 -0.538854 0.0515502 0 0 0 0 0 0 0 0 0 1.92641 0 0 
0.0151571176321191239 0.201033 0 346540 27.8273 27.4967 10.5711 0 67.57941 -56.9764 33.9073 -13.0747 0 0 0 0 0 0 0 0 0.200666 1.41483 0 202.629 
0.0151743165265149343 0.19085 1 454874 0 18.4311 16.5856 0 0 2 -0.0923006 -0.610271 0.866804 0 -0 0 0 0 -0 0 0 1.04831 3.34788 191.061 191.061 
0.015185240591900212 0.196429 0 556932 0.682303 27.8303 10.8291 0 144.5591 -126.794 -56.5786 -40.244 0 0 0 0 0 0 0 0 0.629771 3.38152 703.004 703.004 
0.0151930555374186205 0.318851 0 485059 0.0943066 29.0252 9.00104 0 84.49011 45.974 -20.1231 -67.9708 0 0 0 0 0 0 0 0 0.32609 1.3186 0 0 
0.0151937037678895916 0.81656 0 421127 0 28.0089 10.562 0 239.9781 -216.666 19.7252 101.273 0 0 0 0 0 0 0 0 0 4.0381 0 0 
0.0152166771123416877 0.356722 0 478279 0.677961 28.3309 10.335 0 132.5371 -63.4255 -6.52281 -116.193 0 0 0 -0 0 0 0 -0 1.05574 2.81739 0 52.7261 
0.0152349721466929038 0.283226 0 472256 0.141078 20.5438 18.4895 0 01 0 0 0 0 0 0 0 0 0 0 0 0.808447 2.75521 0 0 
0.0152474269247782363 0.196102 0 207143 0.168173 27.3263 10.3791 0 489.7151 -442.864 -203.707 46.8611 0 0 0 0 0 0 0 0 1.45664 5.55136 468.023 468.023 
0.0152665207071709125 0.180552 0 166801 0.198908 27.2905 10.3386 0 101.6851 76.9213 22.8255 62.4653 0 0 0 0 0 0 0 0 3.67028 6.57111 493.632 1512.86 
0.0152903058028943835 0.193158 0 426222 0.112479 28.7759 10.7202 0 113.3241 31.0162 98.2471 -47.1995 0 0 0 0 0 0 0 0 1.28124 2.99423 1307.17 1604.55 
0.0152965788678259638 0.317176 0 339850 0.447558 27.2343 10.2751 0 212.9931 198.017 -1.40186 -78.4435 0 0 0 0 0 0 0 0 0.316602 1.83839 0 0 
0.0153280289492657134 0.461952 0 430075 1.70159 27.515 10.4622 0 147.9461 2.34412 64.5025 133.123 0 0 0 0 0 0 0 0 0 0.894291 0 0 
0.0153325766013824201 0.179955 1 607416 0 28.1658 25.3492 0 0 1 -0.00627038 -0.293601 0.0289142 0 0 -0 0 0 0 -0 0 0.832787 2.18087 0 1213.44 
0.015408922393192661 0.43768 0 61838 0.161218 27.0265 10.0406 0 230.1021 227.493 30.15 16.8808 0 0 0 0 0 0 0 0 1.76235 3.48841 0 31.6936 
0.0154122175299089906 0.477761 0 481225 13.196 28.2553 7.76734 0 213.7611 -129.47 65.6687 156.904 0 0 0 0 0 0 0 0 0 0.47706 0 0 
0.0154199072272213564 0.23597 0 441707 0.130672 11.6796 7.77748 0 114.4651 -106.982 -35.6116 -19.7214 0 0 -0 0 0 0 -0 0 1.48111 3.67108 0 0 
0.0154314033053730183 0.445517 0 671094 0.0874108 18.1734 16.3512 0 01 0 0 -0 0 0 0 -0 0 0 0 -0 0.857926 3.06423 0 0 
0.0154400665413579399 0.370371 0 549927 0.288957 27.4145 10.1945 0 140.511 -27.6715 -111.485 -80.9222 0 0 -0 0 0 0 -0 0 0 0.359256 0 0 
0.01546182765677462 0.126762 0 340718 27.2398 26.9306 9.93247 0 164.4391 -161.036 -26.5153 20.1135 0 0 0 0 0 0 0 0 2.42907 4.38978 4371.93 8818.28 
0.0154729240228522937 0.214646 0 181037 0.141699 26.9105 9.90966 0 342.2921 -172.469 -294.906 -21.1895 0 0 0 0 0 0 0 0 2.27311 3.738 1451.28 1545.35 
0.0154768066766813074 1.06297 0 591631 0.24809 27.746 10.8515 0 101.3591 -90.7796 3.2763 -44.9671 0 0 0 0 0 0 0 0 0 0 0 0 
0.0154814603171312699 0.624132 0 569264 19.0947 27.2335 10.1471 0 93.77961 57.898 -55.9452 48.0893 0 0 -0 0 0 0 -0 0 0 0.621094 0 0 
0.0154874882332945735 0.217196 0 471371 0.105115 20.5681 18.5113 0 01 -0 0 0 0 -0 0 0 0 -0 0 0 0.642868 1.45995 0 278.951 
0.0154950895850592147 1.45132 0 352578 27.1776 26.8707 9.86474 0 117.5391 63.1622 39.3615 90.9755 0 0 0 0 0 0 0 0 0 1.44158 0 0 
0.0155257512463154619 0.28758 1 223714 0 9.53862 5.84784 0 0 2 -121.066 -29.1598 -32.9335 0 0 0 0 0 0 0 0 0 1.10351 0 0 
0.0155358234128666166 0.547173 0 438066 0.168447 27.9142 8.84328 0 124.751 77.5347 77.3143 -59.7774 0 0 0 -0 0 0 0 -0 0 0 0 0 
0.0155486507383634839 0.721052 0 501542 0 27.2605 10.3101 0 163.3441 -107.16 1.21903 -123.274 0 -0 0 0 0 -0 0 0 0 1.44926 0 0 
0.0155537289432912795 0.40429 0 437862 1.35407 27.1868 10.2928 0 68.21551 54.1367 11.4371 -39.897 0 0 0 0 0 0 0 0 0.821407 2.04785 23.0165 23.0165 
0.0155636808745848731 1.41211 0 250839 27.0503 26.7478 9.72608 0 90.39031 9.70124 -48.6262 75.5764 0 0 0 0 0 0 0 0 0 0 0 0 
0.0155648797200061261 0.188435 1 501859 0 26.1198 23.5078 0 0 1 0.0118597 -0.447898 -0.0199667 0 0 0 0 0 0 0 0 2.41057 5.83678 1394.48 2973.91 
0.015565716112939167 0.196182 1 491415 0 18.6806 16.8126 0 0 1 -0.260049 0.251802 -0.0984419 0 -0 0 0 0 -0 0 0 0.857153 2.35067 171.012 171.012 
0.0155683781036586866 0.267618 0 485663 0.0863074 27.077 10.1712 0 278.3311 260.007 -82.7022 54.9977 0 0 -0 0 0 0 -0 0 0 2.2367 0 0 
0.0155838101489699857 0.675842 0 603438 0.444739 27.6073 10.108 0 140.4831 -138.347 -15.8879 18.5259 0 0 0 0 0 0 0 0 0 1.35261 0 0 
0.0156117047698538149 0.319541 0 215333 26.9624 26.663 9.63043 0 269.6051 -88.0822 253.966 20.7259 0 0 0 0 0 0 0 0 1.22186 2.13101 0 21.4893 
0.0156155297924717839 0.2781 0 528947 0.165346 27.1333 9.91031 0 210.7491 3.79389 -181.11 107.703 0 0 0 0 0 0 0 0 0.83899 3.34149 88.295 88.295 
0.0156273201665430642 0.340176 0 553497 0.472885 27.6427 10.5025 0 192.1871 0.420336 -2.52979 192.17 0 0 0 0 0 0 0 0 0.669038 2.00743 0 0 
0.015638735673785379 0.289436 1 455366 0 16.4126 14.7515 0 0 2 -0.91005 0.208042 0.308351 0 0 0 0 0 0 0 0 1.15358 4.00262 0 120.887 
0.0156749293325779519 0.121767 0 559135 0.0951851 27.0332 9.79527 0 80.77761 62.3807 -22.829 45.9621 0 0 0 0 0 0 0 0 2.15804 5.03057 657.325 4607.54 
0.0157053615138346356 0.204034 1 492570 0 29.2893 26.3603 0 0 1 0.327851 0.385514 -0.441044 0 0 0 0 0 0 0 0 0.85207 3.76237 0 65.633 
0.0157183153545355017 0.193772 0 430696 0.224869 27.3889 9.98012 0 230.5381 219.062 -38.6611 -60.5385 0 0 -0 0 0 0 -0 0 3.25148 6.11424 180.871 2817.24 
0.0157469702618398405 1.23022 0 242090 26.7187 26.4279 9.36548 0 235.3681 -222.623 -1.08067 76.3923 0 -0 0 0 0 -0 0 0 0 1.19477 0 0 
0.0157728564532597544 0.719618 1 457142 0 20.4832 18.4349 0 0 1 0.0215727 0.0197356 0.72552 0 0 0 0 0 0 0 0 0 0.746437 0 0 
0.0157735673014761484 0.766839 0 243230 26.6712 26.382 9.31398 0 146.0911 138.961 -27.7301 -35.5449 0 0 0 0 0 0 0 0 0.772107 0.772107 0 0 
0.0157973454664966616 0.293291 1 49516 0 9.1861 8.22967 0 0 1 -0.232832 0.345796 0.889441 0 -0 0 0 0 -0 0 0 0.279613 0.856819 0 0 
0.0158134913593327604 0.0711178 1 466005 0 20.1521 18.1369 0 0 1 0.0947209 -0.579841 -0.389817 0 0 -0 0 0 0 -0 0 2.12017 5.51683 4020.71 6733.69 
0.01582425159993852 0.177023 0 423478 4.20352 36.1397 32.5257 0 01 0 0 0 0 0 0 0 0 0 0 0 0.858775 2.24916 0 974.279 
0.0158332968764187364 0.347624 0 475712 0.144333 16.7745 15.08 0 01 0 0 0 0 0 0 0 0 0 0 0 1.73404 3.08882 0 0 
0.0158692367330577622 0.398927 0 697898 0.0824691 19.4237 17.4813 0 01 0 0 -0 0 0 0 -0 0 0 0 -0 0 1.16876 0 0 
0.0158788047838906085 1.33872 0 305193 26.4866 26.2038 9.11392 0 220.7741 -186.17 80.1626 87.4977 0 0 0 0 0 0 0 0 1.34303 1.34303 0 0 
0.0158858224310840616 0.15409 0 131361 0.402739 26.1928 9.10167 0 431.2931 58.9787 -381.12 193.088 0 0 0 0 0 0 0 0 2.03119 6.50079 2.07006 879.567 
0.0159188206151936774 0.465693 0 413417 0.602501 29.2081 12.4516 0 101.3631 34.5598 -89.4196 -32.9282 0 0 0 -0 0 0 0 -0 0.479572 1.89286 0 116.167 
0.015923515812060432 0.36588 0 502760 0.154115 26.4761 9.66212 0 138.091 -124.97 -58.6419 -3.51855 0 0 0 0 0 0 0 0 0 0.378558 0 0 
0.0159681227872373634 0.460068 0 462297 0.54369 18.7608 16.8847 0 01 0 0 0 0 0 0 0 0 0 0 0 2.32771 3.71937 0 221.102 
0.015987656979999168 0.482657 1 572901 0 9.79359 5.99413 0 0 1 12.5738 -20.598 -35.1454 0 0 0 0 0 0 0 0 0 0.991163 0 0 
0.0160007929932007298 0.299044 1 544675 0 35.0922 31.583 0 0 1 0.750147 0.17449 0.23439 0 0 0 0 0 0 0 0 1.53965 3.74974 0 0 
0.0160018887160529345 0.184613 0 485477 0.477133 15.9397 14.3224 0 01 0 0 -0 0 0 0 -0 0 0 0 -0 2.32813 5.24708 538.66 2128.89 
0.0160018887160529345 0.286143 0 262246 0.105646 14.7432 13.2379 0 01 0 0 0 0 0 0 0 0 0 0 0 0.851954 3.42213 0 41.6831 
0.0160297370300672912 1.41667 0 145174 26.2275 25.9534 8.83405 0 96.80971 93.1955 -22.1927 13.9354 0 0 -0 0 0 0 -0 0 0 4.35033 0 0 
0.0160340663109132392 0.593516 0 420928 0.273058 26.2765 9.07923 0 300.5751 -255.432 97.0325 125.237 0 0 0 0 0 0 0 0 0 1.17981 0 0 
0.0160421918571585116 0.312254 0 8327 26.2079 25.9344 8.81289 0 156.5621 155.497 -11.9119 -13.807 0 0 0 -0 0 0 0 -0 2.47668 6.50945 0 450.127 
0.0160485026872341022 0.253488 0 170681 26.196 25.9229 8.80008 0 334.4991 -321.045 -76.6933 -54.2032 0 -0 0 0 0 -0 0 0 1.74313 4.24708 0 258.717 
0.016101459798300282 0.348143 1 481072 0 16.3388 14.6845 0 0 2 0.145217 -0.718316 0.551451 0 0 0 0 0 0 0 0 0.327007 1.70827 0 0 
0.016108797978241933 0.502626 0 232834 26.0945 25.8249 8.6909 0 93.59681 -93.2621 -1.61574 -7.74228 0 0 0 -0 0 0 0 -0 0.982842 2.48061 155.702 387.272 
0.0161207521341452664 0.288279 1 427729 0 36.1318 32.5186 0 0 1 -0.191017 0.428881 -0.583452 0 0 0 0 0 0 0 0 1.98721 5.68251 0 0 
0.016131642113544703 0.282793 0 488864 0.222378 26.6413 9.28747 0 98.46641 -75.0106 26.5678 -57.993 0 0 0 0 0 0 0 0 0.286134 0.578698 0 0 
0.0161408260974775682 1.10873 0 210569 26.0411 25.7733 8.63351 0 404.0961 -345.036 -2.13672 210.331 0 0 0 0 0 0 0 0 0 0 0 0 
0.0161468121847536637 1.56703 0 131510 26.0311 25.7636 8.62279 0 132.4481 77.4348 106.011 -17.5502 0 0 0 -0 0 0 0 -0 0 0 0 0 
0.0161541669544005943 1.34892 0 325539 26.0189 25.7517 8.60963 0 242.0391 -241.97 -2.91717 4.99303 0 -0 0 0 0 -0 0 0 0 0 0 0 
0.016160938473823782 0.275034 0 548055 0.0951242 25.9724 8.91618 0 90.87161 -87.4659 22.1429 10.819 0 0 0 0 0 0 0 0 0 0.840345 0 0 
0.0161674809345916104 0.204454 0 509672 0.364659 26.3436 8.86631 0 299.2011 -205.988 139.041 166.606 0 0 0 0 0 0 0 0 0.863537 2.38026 0 0 
0.0161789435935146692 2.35972 0 369436 25.9777 25.712 8.5655 0 262.6481 55.5227 16.3486 256.191 0 0 0 0 0 0 0 0 0 0 0 0 
0.0161844557822893656 0.382231 1 338496 0 9.43781 8.45519 0 0 2 -0.113946 0.142648 -0.786526 0 0 0 0 0 0 0 0 1.59114 2.77069 0 286.812 
0.0161917268282035821 0.239854 0 615211 0.240304 26.6522 9.0483 0 205.6351 95.9996 181.458 11.946 0 0 0 0 0 0 0 0 0 1.83357 0 0 
0.0161929912515887918 0.284859 1 421536 0 30.7902 27.7112 0 0 1 -0.0281821 -0.264053 0.42615 0 -0 0 0 0 -0 0 0 1.70905 4.01358 0 503.72 
0.0162144763270599783 0.149898 0 578284 1.90308 26.1672 8.8187 0 351.7351 291.001 -145.359 -133.817 0 0 -0 0 0 0 -0 0 2.24505 4.75314 1663.5 5870.31 
0.0162189214097518582 0.308162 0 429348 0.282926 26.0594 8.78402 0 371.431 120.355 144.397 -320.351 0 0 0 0 0 0 0 0 0.627059 1.87931 0 0 
0.0162643121443592498 0.280334 0 260365 25.838 25.5768 8.41613 0 242.7381 -25.638 134.014 -200.76 0 0 0 -0 0 0 0 -0 1.18875 2.3383 566.873 1171.11 
0.0162727175867886237 0.223608 0 60209 25.824 25.5633 8.40124 0 339.1731 110.176 -320.701 -7.12557 0 0 0 0 0 0 0 0 0.662682 2.85466 0 17.9526 
0.0162857087444642223 0.519848 0 226518 25.803 25.543 8.37882 0 114.4531 2.24526 112.274 22.1124 0 0 0 0 0 0 0 0 0.513545 1.02889 0 0 
0.0163158098382910413 0.155126 1 591683 0 32.7925 29.5133 0 0 1 0.124236 -0.435877 -0.388045 0 0 -0 0 0 0 -0 0 1.22589 3.94593 159.366 1112.53 
0.0163213334054231572 0.380048 0 495139 0.135998 25.9354 8.63777 0 191.2281 -105.764 -106.883 118.145 0 0 0 0 0 0 0 0 0.732031 1.46814 0 0 
0.0163388930223837721 0.519241 0 77143 25.7174 25.4602 8.28759 0 370.8651 -184.287 -281.044 -156.823 0 0 -0 0 0 0 -0 0 0.532221 1.59477 0 0 
0.0163462031718765374 0.140453 1 423364 0 21.3805 19.2425 0 0 1 0.0767541 0.426482 0.628194 0 0 0 0 0 0 0 0 1.09415 2.24588 3126.58 4078.97 
0.0163664918898323818 0.0677192 0 459421 0.429735 25.4173 8.27186 0 216.051 -193.681 -83.7607 -46.3643 0 0 0 -0 0 0 0 -0 1.3702 3.58012 0 4987.56 
0.0164515267120722945 0.22885 0 484738 0.211822 25.6233 8.58604 0 375.7821 163.567 174.248 -289.992 0 0 0 0 0 0 0 0 1.14625 2.96441 25.2193 313.543 
0.016468876222526789 0.403904 0 540015 0.112648 25.6399 8.49014 0 88.671 -17.744 31.3922 -81.0064 0 0 0 0 0 0 0 0 0.804932 4.3575 0 0 
0.0165041928279074275 1.02877 0 350954 25.455 25.2062 8.00938 0 326.9371 -306.883 -72.7256 -86.148 0 0 0 0 0 0 0 0 0 0 0 0 
0.0165053506859775649 0.313827 0 373425 25.4531 25.2044 8.0074 0 339.3481 -209.833 265.364 26.6333 0 -0 0 0 0 -0 0 0 0.948152 1.57846 87.3337 87.3337 
0.0165091006760345986 1.54297 0 528516 0.144645 25.467 7.88688 0 258.5341 -99.2523 201.309 -128.31 0 0 0 -0 0 0 0 -0 0 1.57971 0 0 
0.0165241489331608808 0.222736 0 490707 0.139451 26.4956 8.84841 0 320.0631 277.64 68.0068 -143.983 0 0 0 0 0 0 0 0 1.07206 2.66407 0 483.922 
0.0165246124254584195 0.981396 0 433691 0.366669 25.5988 8.19387 0 211.7591 94.2716 -73.0412 174.986 0 0 -0 0 0 0 -0 0 0 0 0 0 
0.0165627377179563898 0.428094 0 315518 25.3638 25.1179 7.91326 0 387.2431 -312.106 -178.907 -143.317 0 0 0 0 0 0 0 0 0.438539 2.1535 0 96.581 
0.0165686297040748033 0.899448 0 292351 25.3548 25.1093 7.9039 0 255.6811 -192.513 79.2073 148.451 0 0 0 0 0 0 0 0 0.898269 1.79159 0 0 
0.0165805182361077469 0.202252 0 519320 0.130893 25.4556 8.17343 0 409.2941 293.89 -220.821 -179.968 0 0 0 0 0 0 0 0 3.88958 7.80476 0 2160.65 
0.016585519100613403 0.364877 0 532460 0.11187 25.369 7.64216 0 206.4881 170.431 -34.7059 111.293 0 0 0 0 0 0 0 0 1.49847 3.37413 0 9.91131 
0.0166044173354384303 0.504235 0 363707 0 15.221 13.6709 0 01 0 0 0 0 0 0 0 0 0 0 0 0 1.02351 0 0 
0.0166282223704634427 0.134814 0 643851 0 25.4081 8.19837 0 162.1021 144.928 44.3487 -57.4987 0 0 0 -0 0 0 0 -0 3.25949 5.67843 7153.58 10413.5 
0.0166282223704634427 0.18176 0 433500 0.370724 27.0083 24.3075 0 01 0 0 0 0 0 0 0 0 0 0 0 1.61003 4.39537 634.521 1213.29 
0.016631309582400465 1.28256 0 312777 25.2581 25.0156 7.80231 0 360.4161 -358.202 7.56293 -39.1661 0 -0 0 0 0 -0 0 0 0 0 0 0 
0.0166429866886696268 1.77566 0 350281 25.2405 24.9986 7.78387 0 192.151 178.001 68.2897 -23.9547 0 0 0 0 0 0 0 0 0 0 0 0 
0.016671941082145033 0.167002 1 520641 0 36.3238 32.6915 0 0 1 -0.484948 -0.40702 -0.0471168 0 0 -0 0 0 0 -0 0 3.83058 7.97954 178.412 2693.8 
0.0166796772436266921 3.9636 0 298399 25.1847 24.9445 7.72557 0 236.7091 233.973 30.1706 19.4254 0 0 0 0 0 0 0 0 0 0 0 0 
0.0167450783023939467 0.831646 0 323371 25.0855 24.8484 7.62202 0 381.9211 -2.94893 -190.189 331.184 0 0 -0 0 0 0 -0 0 0.831646 0.831646 98.6139 98.6139 
0.0167645624030762219 0.413257 0 544249 0.123665 25.1312 7.8499 0 218.5751 198.993 -84.6934 -31.6805 0 0 -0 0 0 0 -0 0 0.78953 1.97809 0 0 
0.0168017593447991817 0.179629 1 484268 0 9.08188 8.1363 0 0 2 0.549908 0.27455 -0.748808 0 0 0 0 0 0 0 0 1.42578 2.3424 866.795 1940.85 
0.0168086020502816701 0.195816 0 420820 0.250152 29.9413 12.7173 0 128.2471 81.1691 28.8807 -94.999 0 0 0 0 0 0 0 0 2.27149 4.97028 0 1217.95 
0.0168137681755194009 0.385993 0 165019 0.437209 24.7494 7.51586 0 339.1111 71.0586 -192.477 -269.999 0 0 0 -0 0 0 0 -0 0 1.12488 0 0 
0.0168191033482430752 0.25139 0 270726 24.975 24.7413 7.50726 0 213.6391 -120.841 171.507 40.3052 0 0 0 0 0 0 0 0 2.62643 6.49675 688.481 973.489 
0.0168223492892494823 0.282742 1 525773 0 29.737 26.7633 0 0 1 -0.535878 0.211027 -0.625524 0 0 0 -0 0 0 0 -0 2.30512 4.3534 0 377.87 
0.016826001861339656 1.60818 0 345478 0.142799 24.7315 7.49671 0 230.7561 19.4069 -182.504 -139.87 0 0 0 -0 0 0 0 -0 0 1.6067 0 0 
0.0168314854784614477 0.266749 1 514950 0 35.5279 31.9751 0 0 1 0.991591 1.04316 -0.534993 0 0 0 0 0 0 0 0 1.83846 4.73432 173.726 826.193 
0.0168514280649434307 1.5065 0 81629 0.0892446 24.695 7.45768 0 217.9121 -163.312 -140.182 -34.1145 0 0 0 0 0 0 0 0 0 0 0 0 
0.016855317247721581 0.996045 0 262693 24.9211 24.6891 7.45144 0 514.821 -461.761 35.6078 224.83 0 0 0 0 0 0 0 0 0 0 0 0 
0.0168827083627628716 0.329613 1 423929 0 36.0502 32.4452 0 0 1 -0.0189122 0.0251239 -0.705487 0 0 0 0 0 0 0 0 0.970915 2.91742 0 0 
0.0168981262168973745 0.260149 0 163317 0.41107 24.6281 7.3865 0 215.2951 22.0613 211.366 34.4906 0 0 0 0 0 0 0 0 0.789421 3.40905 0 1077.78 
0.0169211197343325931 0.401268 0 218580 24.8244 24.5954 7.35164 0 285.21 284.992 9.90233 4.5262 0 0 0 0 0 0 0 0 0.412618 3.23621 0 0 
0.0169300310993908583 0.130454 1 449176 0 20.1152 18.1037 0 0 1 0.0784109 -0.805219 -0.640688 0 0 0 0 0 0 0 0 3.8916 7.07943 4384.39 9494.81 
0.0169914324512343388 1.03935 0 219251 24.7221 24.4962 7.24661 0 281.7091 -211.458 99.4283 157.352 0 0 0 0 0 0 0 0 0 2.0345 0 0 
0.0169979583805817819 0.0330552 0 344291 24.714 24.4884 7.23832 0 292.0751 -53.961 251.576 138.224 0 -0 0 0 0 -0 0 0 3.53563 6.25723 2345.13 7689.53 
0.0169982655326123659 0.886081 0 520223 0.172662 24.9177 7.61309 0 293.1251 282.695 -33.6537 -69.809 0 0 0 -0 0 0 0 -0 0 0.880789 0 0 
0.017016718318498672 0.204762 1 483182 0 15.8667 14.2562 0 0 2 -0.00659635 -0.019491 0.00461577 0 0 0 0 0 0 0 0 0.993702 3.61482 0 0 
0.0170349557607316557 0.3531 0 279622 0.144524 26.643 9.6083 0 135.4361 134.253 -15.1524 -9.46623 0 0 -0 0 0 0 -0 0 0 2.81976 0 0 
0.0170508516814192428 0.117157 0 226925 24.6372 24.4139 7.1598 0 117.9441 117.69 -7.71623 -0.509099 0 0 0 0 0 0 0 0 2.81536 5.52562 3777.23 9407.72 
0.0170566533949652668 0.507343 0 87460 0.132905 24.4054 7.15079 0 201.421 36.6809 178.998 84.7598 0 0 0 0 0 0 0 0 0 2.53529 0 0 
0.0170581480768896843 0.254796 0 63470 0.0907011 24.4034 7.14875 0 71.0881 69.2875 -8.93517 13.1491 0 0 0 0 0 0 0 0 1.0559 4.72796 0 0 
0.0171455022092108084 0.260217 0 383924 24.5021 24.2829 7.02242 0 573.6051 522.832 -208.919 -109.65 0 0 0 0 0 0 0 0 0.807395 2.43097 978.116 978.116 
0.0171475971396644333 2.35394 0 273440 0.11177 24.2807 7.0201 0 211.2831 42.3607 73.2608 -193.595 0 0 0 -0 0 0 0 -0 0 0 0 0 
0.0171589251027836932 0.0998753 1 460368 0 30.2181 27.1963 0 0 1 -0.507132 0.716299 0.318569 0 0 0 0 0 0 0 0 1.79078 4.76449 1118.74 4517.76 
0.0171893723710155009 0.546085 0 300953 24.441 24.2236 6.96049 0 321.4151 276.753 -27.8823 161.054 0 0 0 0 0 0 0 0 0 2.72924 0 0 
0.0171972135584038364 0.424064 0 566708 0.163977 24.5084 7.21971 0 386.9971 -376.343 87.065 23.5069 0 -0 0 0 0 -0 0 0 0.444638 2.62757 0 0 
0.0172158310623240669 0.529061 0 497879 0.873099 24.6243 7.29398 0 362.3421 -123.642 304.755 -152.083 0 -0 0 0 0 -0 0 0 0.551221 0.551221 0 0 
0.017236281179573848 0.179698 0 485625 0.408306 25.7666 8.0776 0 271.2261 176.997 197.757 -55.9302 0 0 0 -0 0 0 0 -0 0.75067 1.87117 1069 1265.04 
0.0172421352056455687 0.203125 0 264646 24.3668 24.1516 6.88561 0 467.5991 147.808 299.046 -327.678 0 0 0 0 0 0 0 0 1.07354 2.89409 0 1334.22 
0.0172538731614492249 0.377332 0 493656 0.327336 24.4733 7.15525 0 31.32941 -30.452 6.34612 3.73268 0 0 0 0 0 0 0 0 0.38452 1.13977 0 14.7115 
0.0172633767242787242 0.225405 0 144498 0.243255 24.123 6.85602 0 515.2051 -405.178 -252.744 193.358 0 0 0 0 0 0 0 0 1.37019 3.60374 304.07 921.165 
0.0173363770464252109 1.48117 0 538226 0.246455 24.3152 7.07507 0 506.0741 -505.95 2.94509 10.8478 0 -0 0 0 0 -0 0 0 0 0 0 0 
0.0173447753704707164 1.45009 0 165677 24.2251 24.0141 6.74359 0 500.8351 -427.966 83.0709 246.537 0 -0 0 0 0 -0 0 0 1.47097 1.47097 0 0 
0.0174006858455149627 0.302223 0 232722 24.1491 23.9402 6.66771 0 161.3351 121.958 104.611 14.5451 0 0 0 0 0 0 0 0 0.289808 2.34996 0 0 
0.0174039227993204419 0.217017 0 446927 0.107786 25.0515 7.61162 0 227.5511 169.997 2.40414 151.244 0 0 0 0 0 0 0 0 2.01618 5.69412 0 809.346 
0.0174207591881239722 0.0520586 0 544900 0.219686 15.7916 14.1881 0 01 0 0 0 0 0 0 0 0 0 0 0 1.62813 3.40706 2172.08 6449.59 
0.0174217093597310684 0.790574 0 361214 24.1206 23.9127 6.63943 0 253.081 170.023 172.021 -74.499 0 0 0 -0 0 0 0 -0 0.7827 2.36932 0 0 
0.0174360760988457736 0.248681 1 434118 0 20.2378 18.2141 0 0 1 0.0044347 -0.190231 -0.717981 0 0 0 0 0 0 0 0 1.2008 4.22312 0 302.466 
0.0175900669939026491 0.299121 1 438594 0 30.5755 27.518 0 0 1 0.441882 -0.0787014 0.546503 0 0 0 0 0 0 0 0 0 1.79074 0 0 
0.0176066391359620752 0.205537 0 660512 0.640735 24.7623 7.37957 0 97.39691 28.2172 -90.1577 23.6964 0 0 0 0 0 0 0 0 0.16538 1.49371 0 0 
0.0176173167963331115 0.173833 0 215725 23.8596 23.6592 6.38211 0 389.3541 -138.316 -259.356 -255.342 0 0 -0 0 0 0 -0 0 2.1035 5.82344 7.75951 1075.45 
0.017628486084187496 5.75565 0 492268 0.0909191 34.9871 14.3461 0 01 0 -0 0 0 0 -0 0 0 0 -0 0 0 0 0 0 
0.0176405419535049894 0.230764 1 613173 0 13.9849 11.645 0 0 2 74.9862 -1.89107 -16.1521 0 0 0 0 0 0 0 0 3.94602 7.48847 502.235 1826.93 
0.017650138391564589 0.5334 0 610760 0.0891072 23.9462 6.63026 0 307.7361 -183.702 54.7379 -240.746 0 0 0 -0 0 0 0 -0 1.63435 3.28323 0 30.2543 
0.0176516824494554782 0.875798 0 272148 23.8146 23.6154 6.33815 0 376.4931 42.3542 351.148 -129.03 0 0 0 -0 0 0 0 -0 0 0 0 0 
0.0176706719174926953 0.309182 1 439262 0 24.8817 22.3935 0 0 1 0.711828 1.23045 0.112233 0 0 0 0 0 0 0 0 0.935806 3.67452 0 0 
0.0177009713093846215 0.677104 0 569756 0.157412 24.3739 6.96654 0 337.7161 -203.004 37.402 267.287 0 -0 0 0 0 -0 0 0 1.36233 2.0359 0 0 
0.0177215438523597169 0.0261506 0 83813 0.23187 23.527 6.2497 0 288.1991 276.963 -79.688 -0.0862633 0 0 0 -0 0 0 0 -0 0.89354 2.83636 0 2438.42 
0.0177523699072729135 3.44599 0 109592 0.159599 23.4885 6.21131 0 244.2191 -107.75 135.259 172.446 0 0 0 0 0 0 0 0 0 0 0 0 
0.0177611320959016952 0.176681 1 423953 0 28.1536 25.3383 0 0 1 -0.324435 -0.414418 -0.180565 0 0 -0 0 0 0 -0 0 1.67464 4.97304 317.291 483.583 
0.0177896620125605753 0.201917 0 520007 0.0898989 16.8376 15.1373 0 01 0 0 0 0 0 0 0 0 0 0 0 3.946 7.96458 1364.47 1952.66 
0.0177967561246273262 0.235074 0 96095 0.110734 23.433 6.15611 0 203.8091 -80.9913 182.726 -39.8674 0 0 0 -0 0 0 0 -0 0 2.38397 0 0 
0.017804398550589462 0.75293 0 362626 23.6173 23.4238 6.14699 0 332.3151 91.0657 315.498 -51.0072 0 0 0 0 0 0 0 0 0 0 0 0 
0.0178254907120645456 0.554235 0 327371 23.59 23.3972 6.12069 0 347.6191 311.69 -152.385 -21.602 0 0 0 -0 0 0 0 -0 0 1.08552 0 0 
0.0178541171700333512 0.173755 0 212127 23.5537 23.3619 6.08579 0 177.3961 -168.651 35.3245 42.1698 0 -0 0 0 0 -0 0 0 1.10289 2.44421 0 2130.62 
0.017896453498521897 0.361452 0 77061 23.5 23.3097 6.03445 0 363.6511 -280.305 -12.0025 -231.359 0 0 -0 0 0 0 -0 0 0 0 0 0 
0.0179069496142478142 1.14548 0 5708 23.4869 23.2969 6.02186 0 358.5571 -248.423 -127.207 -225.095 0 0 0 -0 0 0 0 -0 0 1.166 0 0 
0.0179160906447157521 0.742748 1 291484 0 8.271 7.4095 0 0 2 -1.09448 0.418345 -0.205638 0 0 0 0 0 0 0 0 1.47686 4.43266 0 178.02 
0.0179465190011872909 0.0744972 0 569408 0.139641 14.0395 11.759 0 30.36121 -29.9731 -4.35854 -2.10298 0 0 0 0 0 0 0 0 3.23798 5.39259 4296.51 8621.91 
0.0179523589800780932 0.61938 0 251151 23.4299 23.2415 5.96755 0 368.2481 329.929 69.1222 148.242 0 0 0 0 0 0 0 0 0.639991 1.27293 0 0 
0.017974595633638013 5.45167 0 74516 23.4024 23.2148 5.94151 0 265.0951 -258.738 44.4906 36.7542 0 0 0 0 0 0 0 0 0 0 0 0 
0.0180217482607551473 0.240608 0 376360 23.3435 23.1575 5.88572 0 257.641 -18.0184 218.251 -135.722 0 0 0 0 0 0 0 0 1.40409 4.68232 0 206.951 
0.0180294837226289799 0.227424 0 678075 0.302239 17.4491 15.6928 0 01 0 -0 0 0 0 -0 0 0 0 -0 0 0.983922 3.78665 0 0 
0.0181059661053366502 0.199547 1 318455 0 8.92815 8.03534 0 0 1 6.68426 -7.28544 16.3423 0 0 0 0 0 0 0 0 1.13408 4.14731 3008.44 3716.49 
0.0181327672155782021 0.0718286 0 190351 0.100623 23.0252 5.75773 0 541.8281 281.971 -414.136 206.303 0 0 0 0 0 0 0 0 3.39083 6.68767 2421.15 5738.63 
0.0181736859492966155 0.234336 0 422031 0.160557 16.6742 14.989 0 01 0 0 0 0 0 0 0 0 0 0 0 1.4213 3.06487 0 99.1036 
0.0182144352427177705 0.61069 0 317111 23.1091 22.9295 5.66603 0 291.6251 290.274 15.8062 23.1537 0 0 0 0 0 0 0 0 2.4056 6.00475 0 0 
0.0182347051055174632 0.407316 1 497571 0 24.9216 22.4294 0 0 1 0.283195 -0.736796 -0.251166 0 0 0 0 0 0 0 0 0.78565 3.15907 0 242.105 
0.0182363682599456303 0.25333 0 545012 0.144033 23.1615 5.84739 0 269.251 105.072 -97.4531 -227.944 0 0 0 -0 0 0 0 -0 1.71596 5.37329 274.178 1453.93 
0.0182453813917709644 0.187762 0 664454 0.945643 16.393 14.7338 0 01 0 0 0 0 0 0 0 0 0 0 0 2.01805 6.78553 3610.62 3610.62 
0.0182534807354695315 0.333883 0 639766 0.0854316 13.7576 11.1811 0 61.34861 45.891 -39.7397 8.8559 0 0 -0 0 0 0 -0 0 1.35323 2.05102 0 410.335 
0.0183385176455990277 0.330575 0 78975 22.9598 22.7842 5.5281 0 495.0661 -458.849 -179.143 49.5565 0 0 -0 0 0 0 -0 0 0.692211 2.73985 0 205.307 
0.0183843420157364448 0.583596 0 210640 0.155796 22.7316 17.206 0 01 0 -0 0 0 0 -0 0 0 0 -0 0 0 0 0 0 
0.0184332050658050674 0.970094 0 159018 22.8485 22.6759 17.1865 0 01 0 0 0 0 0 0 0 0 0 0 0 1.93162 2.9015 0 0 
0.0184677800218860516 0.0912761 1 425425 0 35.9632 32.3669 0 0 1 -0.344133 0.338534 0.413206 0 -0 0 0 0 -0 0 0 1.71333 3.10979 0 4982.68 
0.0184805159768526503 0.739067 0 208112 0.0832945 22.6222 17.1676 0 01 0 0 -0 0 0 0 -0 0 0 0 -0 0 0.749444 0 0 
0.0184841676580113044 0.21399 0 153408 0.223632 22.618 17.1662 0 01 -0 0 0 0 -0 0 0 0 -0 0 0 2.51176 6.39858 663.86 1503.46 
0.0184968590471062434 0.108008 0 451526 0.43545 23.3668 6.04659 0 287.3331 0.0620093 -133.209 254.59 0 0 0 0 0 0 0 0 3.99759 7.3039 4608.15 7146.73 
0.0185388666635490917 0.360005 0 412286 0.186271 26.0724 8.96734 0 166.5191 -21.0778 -165.027 -7.10314 0 -0 0 0 0 -0 0 0 0 2.6434 0 0 
0.0185584584041369183 0.854666 0 225192 22.7032 22.5344 17.1362 0 01 0 0 -0 0 0 0 -0 0 0 0 -0 0.852728 1.68497 0 0 
0.0185896811719603108 0.301475 0 526368 0.113437 23.1556 5.86315 0 309.0741 -265.607 -118.56 104.514 0 -0 0 0 0 -0 0 0 2.48594 8.05572 0 315.625 
0.0185904362360454593 0.220419 1 0 0 23.1552 5.85943 0 0 1 17.6473 -48.2856 -36.9314 1 -17.3006 -48.7395 -34.0471 0 -0 0 0 1.91106 6.62398 0 226.304 
0.0186083009112438524 1.08204 0 360550 22.6465 22.4791 17.116 0 01 0 0 0 0 0 0 0 0 0 0 0 0 0 0 0 
0.0186207133698369012 0.419668 0 277375 22.6323 22.4653 17.111 0 01 0 0 0 0 0 0 0 0 0 0 0 1.69405 4.6929 0 266.923 
0.0186297154328034578 0.380064 0 426289 0.332571 22.7954 5.53746 0 137.9321 -95.5269 -65.4528 74.9394 0 -0 0 0 0 -0 0 0 1.10528 3.27733 0 44.719 
0.0186535944548813261 1.0843 0 224545 22.5951 22.4291 17.0977 0 01 0 0 0 0 0 0 0 0 0 0 0 1.09147 3.26552 0 0 
0.0186775388945469613 0.454254 0 148434 22.568 22.4026 17.088 0 01 0 -0 0 0 0 -0 0 0 0 -0 0 0 2.72122 0 0 
0.0186849184229186983 1.09002 0 320760 22.5594 22.3943 17.085 0 01 0 -0 0 0 0 -0 0 0 0 -0 0 1.10068 3.2789 0 0 
0.0187030567053908039 2.04685 0 337060 22.5388 22.3742 17.0777 0 01 0 0 0 0 0 0 0 0 0 0 0 0 4.18443 0 0 
0.018704238226829286 0.137938 0 456762 0.0857314 16.0134 14.3894 0 01 0 -0 0 0 0 -0 0 0 0 -0 0 3.00215 6.90769 877.156 2860.4 
0.0187057889241644681 0.265768 0 476193 0.183806 18.3816 16.5405 0 01 0 0 0 0 0 0 0 0 0 0 0 1.92372 4.12656 0 0 
0.0187221235685693585 0.157898 1 379599 0 8.53568 7.6468 0 0 1 0.513893 -0.426055 -0.0397097 0 0 -0 0 0 0 -0 0 3.57167 6.54226 3015.96 6112.96 
0.0188895581067430561 0.68676 0 433000 0.462858 22.5739 16.6692 0 01 0 0 0 0 0 0 0 0 0 0 0 0 0.690361 0 0 
0.0188957109948175057 1.12668 0 465426 0.13469 22.4747 16.7584 0 01 0 0 0 0 0 0 0 0 0 0 0 0 0 0 0 
0.019048468265531051 0.250269 0 342879 0.310185 22.0036 16.9352 0 01 -0 0 0 0 -0 0 0 0 -0 0 0 0.471988 1.63652 0 0 
0.0190731332813168473 0.163178 0 708813 0.176001 22.2242 16.4875 0 01 -0 0 0 0 -0 0 0 0 -0 0 0 2.34006 5.2287 1143.51 3488.2 
0.0190740861049922342 0.34069 1 425086 0 8.74017 7.86615 0 0 1 3.13853 -4.25171 -17.2476 0 0 0 0 0 0 0 0 0.695682 1.75799 0 0 
0.0190994570837395884 6.08725 0 334931 22.1041 21.9505 16.9141 0 01 0 0 0 0 0 0 0 0 0 0 0 0 0 0 0 
0.019114822548130548 0.128189 0 189779 22.0877 21.9344 16.9076 0 01 0 0 0 0 0 0 0 0 0 0 0 2.44073 5.46099 1621.71 5921.81 
0.0191192090686268419 0.359042 0 640696 0.285109 14.9044 13.384 0 01 0 0 0 0 0 0 0 0 0 0 0 1.71185 4.81598 309.2 439.132 
0.0191222120870302333 0.913812 0 421919 0.0998072 22.1967 15.3931 0 01 0 -0 0 0 0 -0 0 0 0 -0 0 0 0.919263 0 0 
0.0191261981639383079 0.0602943 1 552655 0 27.5413 24.7871 0 0 1 -0.413224 0.734634 0.103653 0 -0 0 0 0 -0 0 0 1.39239 3.01472 2407.04 2891.63 
0.0191479020204350474 1.69005 0 153745 0.390011 21.9005 16.8942 0 01 0 0 -0 0 0 0 -0 0 0 0 -0 0 1.66514 0 0 
0.0191486639463316066 0.52513 0 163978 22.052 21.8996 16.8939 0 01 0 0 0 0 0 0 0 0 0 0 0 1.62442 3.76819 23.7353 23.7353 
0.0192019853011937171 0.378536 0 143717 21.9963 21.8453 16.8719 0 01 0 -0 0 0 0 -0 0 0 0 -0 0 2.62344 6.37697 0 114.812 
0.0193075129152011638 0.211293 0 291729 21.885 21.7368 16.8274 0 01 0 0 0 0 0 0 0 0 0 0 0 2.9284 5.94993 0 112.533 
0.0193092860962673883 0.223476 0 493589 0.274937 27.9665 10.9527 0 171.8981 71.5829 -120.909 -99.0253 0 0 0 0 0 0 0 0 2.60174 7.39376 36.9763 871.094 
0.0193208231178855355 0.604335 0 150319 21.8709 21.723 16.8218 0 01 0 0 0 0 0 0 0 0 0 0 0 1.23583 1.23583 0 0 
0.0193366971760903228 0.268607 1 522277 0 33.6944 30.325 0 0 1 -0.411302 0.0450324 -0.430053 0 0 0 0 0 0 0 0 0.836455 3.66148 282.726 378.216 
0.019361821050445413 0.566009 0 205292 1.24062 21.6818 16.8047 0 01 0 0 0 0 0 0 0 0 0 0 0 0 1.13474 0 0 
0.0193700044276490096 0.356969 1 496130 0 10.381 6.41675 0 0 1 170.038 -10.0949 -12.4775 0 0 0 -0 0 0 0 -0 0 2.43593 0 0 
0.0193723196210640811 0.151749 0 437614 0.13413 13.8938 11.4568 0 21.6051 -2.52308 5.9702 -20.6099 0 0 0 0 0 0 0 0 3.20781 7.16598 1334.11 8677.2 
0.019394307466127414 0.525234 0 445649 0.320978 14.9949 13.4661 0 01 0 0 0 0 0 0 0 0 0 0 0 1.03855 4.11727 0 0 
0.0194087140407757756 2.93961 0 5802 21.7804 21.6347 16.785 0 01 0 0 0 0 0 0 0 0 0 0 0 0 0 0 0 
0.0194199049807113749 0.255815 0 211548 21.7693 21.6238 16.7804 0 01 0 0 0 0 0 0 0 0 0 0 0 1.22561 4.1164 191.459 191.459 
0.0194282591902993212 0.22226 0 274970 0.302962 21.6151 16.7767 0 01 0 0 0 0 0 0 0 0 0 0 0 0.802153 2.87099 21.6616 434.687 
0.0194312114783595155 0.386883 0 147298 0 21.6122 16.7754 0 01 0 0 -0 0 0 0 -0 0 0 0 -0 1.52985 2.67754 0 226.171 
0.0194427339834132851 0.480226 0 24795 1.49925 21.8633 15.9348 0 01 0 0 0 0 0 0 0 0 0 0 0 0.495224 1.47381 0 0 
0.0194591807532161799 0.636154 0 172139 21.7289 21.5844 16.7638 0 01 0 0 0 0 0 0 0 0 0 0 0 0 1.29126 0 0 
0.0194728560852889289 0.085048 0 62404 0.0919046 21.5709 16.7582 0 01 0 -0 0 0 0 -0 0 0 0 -0 0 2.80926 6.23282 4490.37 6760.64 
0.0194887742321579981 0.791398 0 376119 21.6986 21.5548 16.7513 0 01 -0 0 0 0 -0 0 0 0 -0 0 0 0 0.779397 0 0 
0.0194950562104946115 0.765133 0 735345 0.160662 22.1436 7.73446 0 01 0 0 0 0 0 0 0 0 0 0 0 0.770555 4.54035 0 0 
0.0195521829421724073 0.208767 0 438398 0.207052 22.076 16.6888 0 01 0 0 0 0 0 0 0 0 0 0 0 1.52964 4.0575 64.8503 119.601 
0.0195563262819696201 0.28148 0 477626 0.366605 21.8075 16.5716 0 01 -0 0 0 0 -0 0 0 0 -0 0 0 0.843331 3.97138 0 164.744 
0.0195784434542716421 0.101199 0 63111 0.552593 21.4666 16.7136 0 01 0 0 0 0 0 0 0 0 0 0 0 2.24456 4.83214 1715.77 4121.75 
0.0195790815635943673 0.496629 0 390634 0.194722 21.4662 16.7135 0 01 0 0 0 0 0 0 0 0 0 0 0 0.9616 2.43139 0 23.8213 
0.019590215338210995 0.595199 0 659402 0.210834 21.8307 16.6581 0 01 0 0 0 0 0 0 0 0 0 0 0 1.78515 3.57814 0 5.0314 
0.0196144237918203235 0.0957764 0 379927 21.5719 21.4311 16.6986 0 01 -0 0 0 0 -0 0 0 0 -0 0 0 2.35941 4.48608 779.359 3956.67 
0.019632796063895154 0.321625 0 190379 0.0932669 21.466 16.7148 0 01 -0 0 0 0 -0 0 0 0 -0 0 0 0 0.914276 0 0 
0.0196664767520171105 0.226651 0 150526 0.129178 21.3804 16.6767 0 01 0 0 -0 0 0 0 -0 0 0 0 -0 0.739495 2.69106 242.391 242.391 
0.0196764072604987683 1.10524 0 388351 21.5107 21.3713 16.6727 0 01 -0 0 0 0 -0 0 0 0 -0 0 0 0 0 0 0 
0.0196797857278927443 0.253538 0 458532 0.0958753 21.6845 16.6775 0 01 0 0 0 0 0 0 0 0 0 0 0 2.21832 5.42222 269.089 494.368 
0.0196997092776425853 0.152546 0 395282 21.4874 21.3486 16.6629 0 01 0 -0 0 0 0 -0 0 0 0 -0 0 1.97367 4.35348 2195.55 5942.55 
0.0197402080055016464 0.434545 0 206654 21.4472 21.3093 16.6459 0 01 0 0 0 0 0 0 0 0 0 0 0 0.442152 1.75003 0 63.6897 
0.0197545455954344709 0.600305 0 579157 2.04513 21.6849 16.3497 0 01 0 -0 0 0 0 -0 0 0 0 -0 0 0.595124 1.18025 0 0 
0.0197641152935583951 0.115114 1 421603 0 36.3656 32.7291 0 0 2 -0.697224 0.423165 -0.00531801 0 -0 0 0 0 -0 0 0 3.68473 9.47719 3785.21 6487.31 
0.0197704956466601099 0.414082 0 139643 21.4183 21.2811 16.6334 0 01 -0 0 0 0 -0 0 0 0 -0 0 0 0 4.88476 0 0 
0.0197843043484195111 0.17053 0 454929 0 21.649 16.4233 0 01 0 0 -0 0 0 0 -0 0 0 0 -0 1.01126 3.14479 0 368.932 
0.0197867678652290831 1.11962 0 526753 0.165982 24.2024 6.93858 0 253.9081 23.9599 -236.967 87.987 0 0 0 0 0 0 0 0 1.12494 1.12494 0 1.06295 
0.0198127771160607584 1.79595 0 296508 21.3769 21.2407 16.6157 0 01 -0 0 0 0 -0 0 0 0 -0 0 0 0 0 0 0 
0.0198472533973917953 0.145591 0 580530 0.221332 21.4576 16.0327 0 01 0 0 0 0 0 0 0 0 0 0 0 2.23974 5.27011 3070.74 4007.62 
0.0198535731006386114 0.507701 0 348244 21.3372 21.2019 16.5986 0 01 -0 0 0 0 -0 0 0 0 -0 0 0 1.57275 6.78149 0 32.7825 
0.019871313421775217 0.367167 0 74810 21.3199 21.185 16.5911 0 01 0 0 0 0 0 0 0 0 0 0 0 0.727082 6.0904 0 148.612 
0.0198897958833371101 0.331558 0 125439 21.3014 21.1669 16.5832 0 01 0 0 -0 0 0 0 -0 0 0 0 -0 0.96734 6.50453 0 0 
0.0199441858619041658 0.533406 0 2133 0.11337 21.1161 16.5602 0 01 0 0 0 0 0 0 0 0 0 0 0 1.64887 4.37231 0 0 
0.0199703277183529704 0.661784 0 74169 21.2241 21.0914 16.5492 0 01 -0 0 0 0 -0 0 0 0 -0 0 0 0 1.30174 0 0 
0.0200036990340382165 1.60935 0 161127 21.1922 21.0602 16.5349 0 01 0 0 0 0 0 0 0 0 0 0 0 0 0 0 0 
0.0200236843943744462 0.563386 0 292075 0.0830618 21.0419 16.5266 0 01 0 0 0 0 0 0 0 0 0 0 0 0.568754 4.58177 0 0 
0.0200796813900647325 0.102116 0 438912 0.0935884 33.5196 30.1677 0 01 0 0 0 0 0 0 0 0 0 0 0 2.41561 5.78737 252.869 3346.32 
0.0200814473948982171 0.0654106 0 272079 21.1185 20.9882 16.5023 0 01 0 0 0 0 0 0 0 0 0 0 0 2.00336 4.81842 341.295 3896.72 
0.0201051826441267095 0.173118 0 515982 0.0890914 22.5375 17.6802 0 01 0 0 0 0 0 0 0 0 0 0 0 1.55644 4.69311 0 21.2806 
0.0201418306931366795 0.395987 0 264081 21.0623 20.9332 16.4769 0 01 0 0 0 0 0 0 0 0 0 0 0 0.761113 3.85669 0 130.67 
0.020151368428176341 0.231809 0 13778 21.0531 20.9242 16.4728 0 01 0 0 0 0 0 0 0 0 0 0 0 1.251 2.7387 0 209.28 
0.0201933294955882435 0.940065 0 61834 21.0137 20.8858 16.4549 0 01 0 0 0 0 0 0 0 0 0 0 0 0 0.936806 0 0 
0.0202208237283045579 0.135834 0 470533 0.203609 21.8754 19.6879 0 01 -0 0 0 0 -0 0 0 0 -0 0 0 3.39215 8.45113 2668.13 4804.08 
0.0202320632843730752 0.123925 0 239312 20.9777 20.8506 16.4388 0 01 0 0 -0 0 0 0 -0 0 0 0 -0 2.23543 6.05307 2658.04 4072.24 
0.0202510202906544985 0.153103 1 440847 0 32.5883 29.3295 0 0 1 -0.685428 -0.555418 -0.162143 0 0 -0 0 0 0 -0 0 3.81771 8.45712 649.246 5099.97 
0.020268464696153763 0.847318 0 36799 0.0944022 15.7497 14.1502 0 01 0 0 0 0 0 0 0 0 0 0 0 0.865253 4.31916 0 0 
0.0202706475198265387 0.195801 0 288966 20.9424 20.8161 16.423 0 01 0 0 0 0 0 0 0 0 0 0 0 1.31433 4.10873 315.81 315.81 
0.0202744623388421835 0.556058 0 207109 20.9386 20.8123 16.4211 0 01 0 0 0 0 0 0 0 0 0 0 0 1.08819 2.72699 0 202.616 
0.0202850491325988619 0.135398 0 164300 20.9292 20.8031 16.4167 0 01 0 0 0 0 0 0 0 0 0 0 0 2.2208 5.55488 2640.42 4265 
0.0202863142223604145 0.0815079 0 425936 0.976228 28.4036 25.5633 0 01 0 0 -0 0 0 0 -0 0 0 0 -0 1.20203 4.23905 1890.23 3015.07 
0.0203002716174017703 0.566621 0 199578 0.485054 20.789 16.4102 0 01 0 0 0 0 0 0 0 0 0 0 0 1.1668 2.32167 0 0 
0.0203154650728158727 1.56354 0 281742 20.901 20.7756 16.4039 0 01 0 0 0 0 0 0 0 0 0 0 0 0 0 0 0 
0.0203349612175368864 0.393527 0 306998 20.8835 20.7584 16.396 0 01 0 0 0 0 0 0 0 0 0 0 0 0.777074 3.09251 0 0 
0.020448534311518822 0.403726 1 455160 0 28.1433 25.329 0 0 1 0.252833 -0.694371 0.0206073 0 0 0 0 0 0 0 0 0.83873 2.50644 0 0 
0.0204526481789984831 0.862751 0 346161 20.7763 20.6536 16.347 0 01 0 0 -0 0 0 0 -0 0 0 0 -0 0 2.5949 0 0 
0.0204865589128545959 0.116074 1 420347 0 28.4357 25.5922 0 0 1 -0.510692 -0.460239 0.793871 0 0 -0 0 0 0 -0 0 2.86439 7.84733 551.097 3588.92 
0.0205167416876507122 0.194024 1 676884 0 26.0249 23.4224 0 0 1 -0.761084 0.209205 -0.230656 0 0 0 0 0 0 0 0 3.19641 9.60035 0 269.718 
0.0205219286347579667 0.337848 0 591741 0.110091 20.8423 15.5629 0 01 0 0 0 0 0 0 0 0 0 0 0 1.64769 5.24329 0 29.8451 
0.020554485110996043 0.139496 0 557951 0.290835 20.9188 16.1326 0 01 0 0 0 0 0 0 0 0 0 0 0 3.58936 8.37469 2467.08 4296.67 
0.0205761458078262301 0.184662 1 503803 0 25.6938 23.1245 0 0 1 0.215492 0.549505 -0.220912 0 0 0 0 0 0 0 0 0.828339 4.06926 0 686.256 
0.020600772333543925 0.826071 0 274639 20.6435 20.5237 16.2859 0 01 0 0 -0 0 0 0 -0 0 0 0 -0 0.823066 3.3137 12.4196 12.4196 
0.0206092435163182063 0.902614 0 52009 20.6358 20.5162 16.2823 0 01 -0 0 0 0 -0 0 0 0 -0 0 0 0 0.89205 0 0 
0.0206153024363764752 2.33096 0 382843 20.6307 20.5112 16.2798 0 01 0 0 -0 0 0 0 -0 0 0 0 -0 0 0 0 0 
0.0206275441106414034 1.30633 0 297516 20.6196 20.5003 16.2747 0 01 0 0 0 0 0 0 0 0 0 0 0 0 0 0 0 
0.0206594260048749319 0.208354 0 33876 1.04013 20.473 16.2615 0 01 0 0 0 0 0 0 0 0 0 0 0 0.770045 4.43237 225.578 225.578 
0.0207021438890377142 0.306795 0 98571 20.554 20.4361 16.2437 0 01 -0 0 0 0 -0 0 0 0 -0 0 0 0 2.34648 0 0 
0.0207447740062393776 0.84401 0 664639 0.146751 15.1299 13.5883 0 01 0 0 0 0 0 0 0 0 0 0 0 0.843748 1.6861 0 106.977 
0.0207648196937162063 0.696543 0 583707 0.0801165 20.6829 16.3129 0 01 0 0 0 0 0 0 0 0 0 0 0 0.695819 3.46999 0 0 
0.0207891208360004576 15.8392 0 315834 20.478 20.3617 16.2079 0 01 0 0 0 0 0 0 0 0 0 0 0 0 0 0 0 
0.0208468141916218104 0.114256 0 443718 0.11002 20.6412 16.1444 0 01 0 0 -0 0 0 0 -0 0 0 0 -0 2.94805 7.06625 3942.43 5783.45 
0.020887167056667294 1.28136 0 263425 20.3934 20.2789 16.1674 0 01 0 0 0 0 0 0 0 0 0 0 0 0 0 0 0 
0.0208964088859440733 0.399055 0 334827 1.24869 20.2713 16.1636 0 01 0 -0 0 0 0 -0 0 0 0 -0 0 1.19228 3.51177 0 29.3159 
0.0209340132236295814 0.606129 0 466596 0.148902 20.5475 16.2468 0 01 0 0 -0 0 0 0 -0 0 0 0 -0 0 1.81858 0 0 
0.0209868031081458899 0.0930639 0 29294 20.3085 20.1958 16.1264 0 01 0 0 0 0 0 0 0 0 0 0 0 1.90794 4.73151 2928.46 4756.39 
0.0210183794964860955 0.516457 0 568444 3.59364 20.5423 16.1872 0 01 0 0 0 0 0 0 0 0 0 0 0 0 0.517106 0 0 
0.0210538431093278237 0.386626 0 559943 1.62346 15.9985 14.3758 0 01 0 0 0 0 0 0 0 0 0 0 0 0.395611 1.95389 0 0 
0.0211355996758559803 0.213667 1 101247 0 30.0118 27.0106 0 0 1 -0.264123 -0.310895 0.857237 0 -0 0 0 0 -0 0 0 3.30457 11.1381 1.38689 634.873 
0.0211448620989644308 0.308617 0 464830 0.0917779 20.4133 15.8358 0 01 0 0 0 0 0 0 0 0 0 0 0 1.73697 9.33178 62.7251 187.324 
0.021175018091976066 0.536501 0 635179 18.0668 20.4223 15.8129 0 01 0 0 -0 0 0 0 -0 0 0 0 -0 0.536501 6.38388 0 0 
0.021394019372987242 0.122849 1 437980 0 36.3231 32.6908 0 0 1 -0.0645424 -0.552449 0.467665 0 -0 0 0 0 -0 0 0 3.89907 7.9425 1225.65 4977.76 
0.0214097716542285647 0.133622 0 531960 0 29.2808 11.8426 0 147.0411 8.13085 -8.14377 146.59 0 0 0 0 0 0 0 0 4.01948 9.592 2830.51 4520.18 
0.0214279404697689489 0.250562 0 589099 0.154855 20.2072 15.7202 0 01 0 0 -0 0 0 0 -0 0 0 0 -0 0.520502 1.87649 0 0 
0.0214481596579793876 0.325334 0 453151 0.112825 33.2059 15.5965 0 14.52611 14.2853 -2.14887 1.52265 0 0 -0 0 0 0 -0 0 0.668591 4.38854 0 0 
0.0215107712767482265 0.189945 0 465147 0.101001 23.8064 21.4257 0 01 0 0 0 0 0 0 0 0 0 0 0 1.96879 4.68548 76.2756 149.721 
0.0215130410964578279 0.296066 0 450115 0.08354 21.0506 18.9455 0 01 0 0 0 0 0 0 0 0 0 0 0 0.58516 4.84211 0 0 
0.0216056245186879471 0.151094 1 440377 0 36.1855 32.5669 0 0 2 0.00874828 -0.00173735 -0.0119082 0 0 0 0 0 0 0 0 3.3057 8.65265 4767.49 6288.46 
0.0216218460613277763 0.424397 0 521694 0.292671 20.3847 15.5773 0 01 0 0 0 0 0 0 0 0 0 0 0 0.870808 3.45864 0 35.4841 
0.0216281212479525059 0.304445 0 426028 0.496084 14.3175 12.3567 0 5.973591 -4.64659 -1.64201 -3.37591 0 0 0 0 0 0 0 0 0 3.55367 0 0 
0.0217156903569545277 0.397419 0 86848 0 30.2722 13.4709 0 165.651 69.3944 -147.067 31.5523 0 0 0 0 0 0 0 0 0.784636 3.16997 0 168.519 
0.0217308363561296049 0.186251 0 561395 0.153461 20.3201 15.5172 0 01 -0 0 0 0 -0 0 0 0 -0 0 0 2.86052 4.38807 44.0168 542.845 
0.0218819844160121658 0.167282 1 431893 0 17.0188 15.3019 0 0 2 0.192843 0.332515 0.343465 0 0 0 0 0 0 0 0 1.75887 4.45432 1528.38 2273.43 
0.0221582597146959027 0.287739 1 13951 0 11.1268 7.12633 0 0 1 -53.7978 2.09042 -41.7024 0 0 0 -0 0 0 0 -0 2.10524 7.86414 314.668 362.114 
0.0223873692386232573 0.0992977 0 484570 0.0893429 20.4433 17.9586 0 01 0 0 0 0 0 0 0 0 0 0 0 4.28467 11.727 2425.14 4619.09 
0.0231516201819623596 0.250991 1 430717 0 17.5035 15.7422 0 0 2 -0.454252 -0.199667 -0.545097 0 0 0 -0 0 0 0 -0 0.789979 4.58593 74.6321 74.6321 
0.0231687619010909306 0.278989 0 509477 0.161957 27.1684 9.957 0 189.711 130.515 -121.6 -64.5699 0 0 -0 0 0 0 -0 0 0.550021 3.27397 0 0 
0.0232356854673459526 0.0596356 0 466110 0.0979626 32.3616 11.2642 0 34.81561 -33.5864 -5.3565 7.44217 0 -0 0 0 0 -0 0 0 3.31362 8.8725 2422.08 5205.96 
0.0233246081037506194 0.578006 0 484425 0.350845 35.1168 13.2151 0 01 0 0 0 0 0 0 0 0 0 0 0 1.7536 4.11888 0 92.0859 
0.0234115648070145552 0.0508722 0 445752 0.265657 16.8681 15.1651 0 01 0 0 0 0 0 0 0 0 0 0 0 3.74153 11.0424 2148.71 3457.63 
0.0237265464202636098 0.331045 0 487565 0.122426 30.4541 12.6315 0 88.57061 87.7996 2.78189 11.3239 0 0 0 0 0 0 0 0 3.2462 9.33302 61.0707 275.52 
0.0237945481951966353 0.0667519 0 433360 0.0941982 14.0445 11.7697 0 20.55811 18.8299 -7.89779 -2.38652 0 0 0 0 0 0 0 0 3.93822 9.91215 1948.75 4049.35 
0.0241151645749754923 0.209506 0 54359 0.197687 29.6334 12.8946 0 47.09731 -36.0395 9.49703 28.7943 0 0 0 0 0 0 0 0 2.30868 5.22549 2.15042 191.903 
0.0242326715788383808 0.287271 1 264537 0 12.4199 8.81684 0 0 2 -132.031 -15.2955 -130.935 0 0 -0 0 0 0 -0 0 1.10404 3.06137 0 226.117 
0.0242453839417383736 0.0743655 0 509495 0.339698 27.963 10.4968 0 122.0381 -90.3124 76.476 -29.8073 0 0 0 -0 0 0 0 -0 4.55815 11.7971 1778.31 4686.93 
0.0244050463740107873 0.414202 1 467398 0 10.4499 6.4742 0 0 2 42.7647 -2.61387 -31.4988 0 0 0 0 0 0 0 0 2.16441 6.04083 0 134.511 
0.0245552119232105813 0.0290126 0 450394 0 29.7471 12.5749 0 125.1471 -120.066 16.8194 31.0349 0 0 0 0 0 0 0 0 3.81424 12.2955 1372.25 3448.97 
0.0248570628236996632 0.0968007 1 427189 0 20.9487 18.8538 0 0 1 0.138136 0.700302 0.163215 0 0 0 0 0 0 0 0 7.55096 16.3981 1583 7041.33 
0.0249343702963568808 0.218964 1 492811 0 28.1247 25.3123 0 0 1 -0.239642 -0.609547 -0.113493 0 -0 0 0 0 -0 0 0 4.45386 14.0388 82.8572 466.586 
0.0250378412779696212 0.292703 0 438319 0.240835 26.3669 23.7302 0 01 0 0 0 0 0 0 0 0 0 0 0 1.1457 7.57608 0 0 
0.0258852108970485106 0.444208 0 435684 0.308541 23.7665 6.43015 0 236.2861 235.856 -10.3871 -9.76144 0 0 0 0 0 0 0 0 2.2355 5.74825 0 129.355 
0.0260414374761720746 0.423711 0 687316 13.8914 29.6867 12.6685 0 101.8781 55.4801 -42.502 -74.1263 0 0 0 0 0 0 0 0 2.45079 6.53272 155.994 231.598 
0.0261626818480858864 0.119724 0 616232 0.810747 24.5041 7.03145 0 68.75311 -51.8294 -32.5013 31.3747 0 0 0 0 0 0 0 0 4.51553 10.6102 1847.76 3824.01 
0.026712450306550832 0.140269 0 420003 0.0891409 36.3593 32.7234 0 01 -0 0 0 0 -0 0 0 0 -0 0 0 5.61309 13.2035 2194.52 3413.39 
0.0272886930717155772 0.0445156 1 437244 0 26.1348 23.5213 0 0 1 -0.081658 -0.59483 0.212696 0 -0 0 0 0 -0 0 0 4.9496 14.3072 843.226 3212.17 
0.0283886405281379532 2.00507 0 614987 0.613496 24.4128 7.16011 0 510.5131 372.648 116.577 328.888 0 0 0 0 0 0 0 0 0 0 0 0 
0.0284998638235161271 0.213704 0 427049 0.849221 30.9665 27.8698 0 01 0 0 -0 0 0 0 -0 0 0 0 -0 5.55724 15.544 201.958 441.563 
0.0285116321351628552 0.364483 0 491547 0.168938 23.9315 6.61901 0 202.3651 -64.3497 -97.8412 -165.039 0 -0 0 0 0 -0 0 0 4.22678 10.21 2.43674 204.342 
0.0294908647081229998 0.197751 0 444748 0.753251 13.5019 10.6311 0 50.38691 -39.5724 -5.7751 -30.6515 0 0 0 0 0 0 0 0 20.4528 40.9058 3167.31 8550.73 
0.0294908647081229998 0.294532 0 563635 0.236446 20.4105 16.2409 0 01 0 0 0 0 0 0 0 0 0 0 0 9.80178 23.849 96.4815 633.689 
0.0296617791450259072 0.185889 1 460516 0 35.9644 32.368 0 0 1 0.13893 0.479357 -0.798338 0 0 0 0 0 0 0 0 5.07853 14.5128 290.928 2060.06 
0.029905210554277549 0.0384902 0 676110 0.529297 20.611 18.5499 0 01 0 0 0 0 0 0 0 0 0 0 0 10.7068 26.5495 1301.7 3468.12 
0.0299857108838266599 0.156361 0 422306 0.107084 33.6207 30.2586 0 01 0 0 0 0 0 0 0 0 0 0 0 14.9776 28.0276 2021.39 7484.51 
0.0305223116256999119 0.0686002 0 296689 0.170551 22.0356 16.9631 0 01 0 0 0 0 0 0 0 0 0 0 0 12.4477 27.6852 2781.34 6032.03 
0.032920299051998704 0.0407577 1 526180 0 32.7822 29.504 0 0 1 0.265358 0.244698 0.865372 0 0 0 0 0 0 0 0 18.8292 36.9723 2226.35 6790.36 
0.033081923875440053 0.184482 0 423025 0.258946 27.1273 9.94284 0 180.2431 -156.47 -61.6335 64.8532 0 0 0 0 0 0 0 0 24.5182 47.4336 3389.39 10788.1 
0.0332002607768148161 0.0969445 0 410580 0.121554 14.5157 12.7994 0 13.26241 13.2123 0.770057 -0.856669 0 0 0 0 0 0 0 0 15.9737 32.5551 919.462 3856.26 
0.0339631602390252016 0.112702 0 584717 0.124267 21.4843 16.3735 0 01 0 0 0 0 0 0 0 0 0 0 0 15.9433 33.5755 1038.47 4527.93 
0.0350205506657585638 7.70274 0 140594 0.238199 20.5216 16.3005 0 01 0 0 0 0 0 0 0 0 0 0 0 0 0 0 0 
0.0367351669123319874 0.126064 0 588188 0.134802 20.378 16.2273 0 01 0 0 0 0 0 0 0 0 0 0 0 11.4234 27.8857 1038.51 2591.61 
0.0378770834337082349 0.256177 0 480412 1.43186 22.5378 16.7716 0 01 0 0 0 0 0 0 0 0 0 0 0 3.28432 14.5649 238.882 830.656 
0.0385873991704961047 0.0194279 0 424135 0 27.5896 24.8307 0 01 0 0 0 0 0 0 0 0 0 0 0 0 0 0 0 
0.039184722577951088 0.0606427 0 469584 0.396583 21.4692 16.3379 0 01 0 0 0 0 0 0 0 0 0 0 0 0 0 0 0 
0.0401291718489480975 1.17284 0 370815 4.33131 20.6982 16.3776 0 01 0 0 0 0 0 0 0 0 0 0 0 1.19238 10.6439 0 0 
0.0407861234411255116 0.0501352 0 447147 0.113352 21.9234 24.4115 0 01 0 0 0 0 0 0 0 0 0 0 0 0 0 0 0 
0.0417192495781933959 0.123296 0 401790 0.512009 22.1287 16.994 0 01 0 0 0 0 0 0 0 0 0 0 0 0 0 0 0 
12.035164804021079 0.0179829 1 0 0 9.97545 9.96449 0 0 0 0 0 0 0 0 0 0 0 0 0 0 49.0051 121.516 86.5831 194.163 
13.1061438212523633 0.0186124 1 0 0 4.33385 11.3819 0 0 0 0 0 0 0 0 0 0 0 0 0 0 16.3052 55.5279 41.6799 99.3159 
