#1:time #2:r #3.binary? #4:ID #5:zams_m #6:m_progenitor #7:bh mass #8:bh_spin #9:birth-kick(km/s) #10-25:vsarray
0.00693138501855004949 0.509784 1 344445 0 53.2131 47.8918 0 0 1 0.0603659 0.547231 -0.739995 0 0 0 0 0 0 0 0 0.509784 1.02533 0 402.223 
0.00700151886211921887 0.80853 0 321417 134.348 128.06 40.5 0 01 0 0 0 0 0 0 0 0 0 0 0 0 0.802108 0 0 
0.00708695788869100063 0.908617 0 362931 125.318 120.088 40.5 0 01 0 0 0 0 0 0 0 0 0 0 0 0 0 0 0 
0.00710279613854660277 0.116941 1 277113 0 47.337 42.6033 0 0 1 1.04978 1.37838 0.973335 0 0 0 0 0 0 0 0 0.59045 1.97856 0 0 
0.00715020363689810277 0.114671 1 558510 0 47.1514 42.4362 0 0 2 0.134812 -0.977005 0.27539 0 0 0 0 0 0 0 0 0.626097 1.54631 0 384.247 
0.00731724808963059824 1.19365 0 332286 106.732 103.322 40.5 0 01 0 0 -0 0 0 0 -0 0 0 0 -0 0 0 0 0 
0.00740274315661344599 0.0463139 0 359428 0.104162 40.8728 36.7855 0 01 -0 0 0 0 -0 0 0 0 -0 0 0 2.36941 4.6601 9991.17 21734.4 
0.0074238560573597007 0.102444 1 471333 0 41.5286 37.3757 0 0 2 0.0825473 0.654318 -0.652137 0 0 0 -0 0 0 0 -0 0.731897 2.50162 531.967 677.469 
0.00751540990172077424 0.571768 0 590522 0 40.7436 36.6692 0 01 0 0 -0 0 0 0 -0 0 0 0 -0 0 2.85817 0 0 
0.00753812122421637209 0.0590906 1 459775 0 38.5299 34.6769 0 0 2 -0.650908 0.270413 -0.09732 0 0 0 -0 0 0 0 -0 4.05068 6.58409 7167.17 18563 
0.00760295090913022577 0.366538 0 301737 91.1998 40.518 36.4662 0 01 0 -0 0 0 0 -0 0 0 0 -0 0 0 0.351391 0 0 
0.00769382552463947125 0.229836 0 556357 0.126595 37.091 33.3819 0 01 0 0 0 0 0 0 0 0 0 0 0 0 0.231027 0 0 
0.00781951386502088668 0.161879 0 167578 0.27492 36.511 32.8599 0 01 0 0 0 0 0 0 0 0 0 0 0 1.03078 2.80099 0 2786.89 
0.00786177296135293253 0.546553 0 622074 0.0813872 34.2329 30.8096 0 01 0 0 0 0 0 0 0 0 0 0 0 0 0.552264 0 0 
0.00786440920017901675 0.248102 0 560574 0.159445 35.7886 32.2098 0 01 0 0 0 0 0 0 0 0 0 0 0 0.742022 1.5037 0 0 
0.00790836620923387849 0.200067 1 484215 0 34.8479 31.3631 0 0 1 0.0077736 -0.609697 -1.58273 0 0 -0 0 0 0 -0 0 0.3994 1.3426 99.5545 374.933 
0.00791904592291215424 0.192552 0 542306 0 32.9734 29.6761 0 01 0 0 0 0 0 0 0 0 0 0 0 0.350212 1.06605 0 772.745 
0.00804839297766308907 0.460171 1 674927 0 32.8281 29.5453 0 0 2 0.984866 -0.0594855 -0.0874319 0 0 0 -0 0 0 0 -0 1.83534 2.74814 5.48905 5.48905 
0.00807220081402292532 0.109998 1 459850 0 32.8605 29.5744 0 0 1 0.0240383 -0.0186512 -0.0195631 0 0 0 0 0 0 0 0 0.865521 3.70205 1377.45 2344.82 
0.00807329366222306333 0.246333 1 434504 0 32.5752 29.3177 0 0 2 -0.0973751 0.043501 -0.0447039 0 0 0 0 0 0 0 0 0.974182 1.9765 129.408 129.408 
0.00807390558938396105 0.385365 1 429373 0 77.0697 39.3647 0 0 2 7.34038e-05 0.00663788 0.000606432 0 0 0 0 0 0 0 0 0.773179 1.92069 184.922 184.922 
0.00815728695975165632 0.103913 1 639171 0 33.4172 30.0754 0 0 2 -0.189814 0.286336 -0.351396 0 -0 0 0 0 -0 0 0 0.47609 1.28605 0 856.622 
0.00818899559317776658 0.5247 0 328227 72.1206 30.8895 27.8006 0 01 0 0 0 0 0 0 0 0 0 0 0 0 0.515775 0 0 
0.00819963841250631945 0.0810347 0 548030 0.453318 30.1111 27.0999 0 01 0 -0 0 0 0 -0 0 0 0 -0 0 1.45618 3.75567 1300.63 4446.09 
0.00824788545874390218 0.362901 0 427665 0.173495 30.2371 27.2134 0 01 0 0 -0 0 0 0 -0 0 0 0 -0 0.701988 1.7539 0 166.154 
0.00826852722149521574 0.945273 0 335995 70.2877 29.9921 26.9929 0 01 0 0 -0 0 0 0 -0 0 0 0 -0 1.86528 2.78618 0 163.799 
0.00840817520836614936 0.589207 0 504538 0.179688 28.3421 25.5079 0 01 0 0 0 0 0 0 0 0 0 0 0 0 0 0 0 
0.00847784938908081008 0.120355 0 203575 0.0935355 27.8388 25.0549 0 01 0 0 0 0 0 0 0 0 0 0 0 0.975737 2.56066 1052.8 1798.84 
0.00851133120790056007 0.40477 0 455822 0.121075 27.4537 24.7083 0 01 0 -0 0 0 0 -0 0 0 0 -0 0 0.412534 0.821999 0 0 
0.008614875056801077 0.231452 0 325363 0.294632 26.3456 23.7111 0 01 0 0 0 0 0 0 0 0 0 0 0 1.58443 2.48987 0 979.467 
0.00862761078453190729 0.331385 0 457384 0.476448 26.5305 23.8775 0 01 0 0 0 0 0 0 0 0 0 0 0 1.01411 2.03088 0 0 
0.00863588109171323573 10.0317 0 25684 0.53875 26.4464 23.8018 0 01 0 -0 0 0 0 -0 0 0 0 -0 0 0 0 0 0 
0.00863796268269476086 0.357633 0 515231 0.174221 26.4434 23.7991 0 01 0 0 -0 0 0 0 -0 0 0 0 -0 0.351627 2.12271 0 0 
0.00864347686974058053 0.221132 1 420451 0 28.3263 25.4937 0 0 1 -0.36917 -0.497439 0.0955238 0 0 0 0 0 0 0 0 0.464456 2.23563 0 0 
0.00866774552760030126 0.287451 0 688399 0.724772 26.1544 23.5389 0 01 0 0 0 0 0 0 0 0 0 0 0 0.561231 1.10768 0 0 
0.00869780453440887301 0.246738 1 513579 0 25.9565 23.3609 0 0 1 -0.50044 -0.507876 -0.30055 0 0 0 -0 0 0 0 -0 0.248773 1.45739 0 0 
0.00871687214494241275 0.14559 0 456323 0.135518 25.5583 23.0025 0 01 0 0 0 0 0 0 0 0 0 0 0 0.46981 1.54206 0 105.611 
0.0087453597992646244 0.145157 1 451543 0 26.8457 24.1612 0 0 2 -0.132044 -0.389231 0.599197 0 0 0 0 0 0 0 0 1.10511 2.95706 0 0 
0.00875951564014984009 0.418053 0 164435 0.104495 25.5628 23.0066 0 01 0 0 0 0 0 0 0 0 0 0 0 0.414803 0.414803 0 0 
0.00877534385296442447 0.0982366 1 295960 0 25.4342 22.8908 0 0 2 0.00621432 -0.00641221 -0.0163462 0 0 0 0 0 0 0 0 3.51739 5.40334 9115.24 17416.4 
0.00877648632101232958 0.899877 0 269591 60.8854 25.4287 22.8859 0 01 0 0 -0 0 0 0 -0 0 0 0 -0 0 0 0 0 
0.00878436137867156207 0.157974 0 95702 0.1464 25.1852 22.6667 0 01 -0 0 0 0 -0 0 0 0 -0 0 0 1.06136 1.84984 0 1000.84 
0.00878712089825958893 0.0668214 0 338207 0.873523 25.2132 22.6919 0 01 0 0 0 0 0 0 0 0 0 0 0 3.70893 5.3334 5003.52 18766.7 
0.00881539121543915144 0.263254 0 465368 0.17901 24.8479 22.3631 0 01 0 0 0 0 0 0 0 0 0 0 0 0.274876 0.274876 0 0 
0.00883564147717824308 0.262366 0 508315 0.208896 24.7301 22.257 0 01 0 -0 0 0 0 -0 0 0 0 -0 0 0.275778 0.819916 0 0 
0.00890252548401806662 0.353877 1 515560 0 24.2968 21.8672 0 0 1 -0.0183064 -0.00670003 -0.00859727 0 0 0 0 0 0 0 0 0 0.351911 0 0 
0.00893201357658406081 0.288813 0 327684 58.6096 24.2626 21.8364 0 01 0 0 0 0 0 0 0 0 0 0 0 0 1.81312 0 0 
0.00894496958667568252 0.0682882 1 428733 0 23.8876 21.4988 0 0 1 -0.0755926 0.801954 1.01256 0 -0 0 0 0 -0 0 0 1.93928 3.11542 2277.72 12579.9 
0.00897176013903812179 0.52592 0 396909 0.0969825 23.985 21.5865 0 01 0 -0 0 0 0 -0 0 0 0 -0 0 0 1.08042 0 0 
0.00899214534624916649 0.0782191 1 52253 0 23.7201 21.3481 0 0 1 -0.0303729 0.0372826 -0.00974293 0 0 0 -0 0 0 0 -0 3.97749 6.09671 10399.9 20861.9 
0.00900555920690386189 0.153949 1 317807 0 23.4942 21.1448 0 0 2 0.410336 -1.29278 1.00858 0 0 0 0 0 0 0 0 0.618783 1.8589 0 0 
0.00902018175274921577 0.135591 1 291197 0 23.655 21.2895 0 0 2 -0.00127161 0.0130999 -0.00210079 0 0 0 0 0 0 0 0 2.07931 3.82016 1666.93 4147.72 
0.00904464945784069253 3.85057 0 398758 0.10888 23.489 21.1401 0 01 0 0 0 0 0 0 0 0 0 0 0 0 0 0 0 
0.00904878775011930432 0.558799 0 243358 0.290972 23.4592 21.1133 0 01 0 0 0 0 0 0 0 0 0 0 0 0.547716 0.547716 0 0 
0.00905802599065639105 0.226112 1 197790 0 25.0055 22.5049 0 0 2 -0.2339 0.33487 0.649253 0 0 0 0 0 0 0 0 0.212507 1.91465 0 0 
0.00906389225456348882 0.338268 0 179664 56.8427 23.3593 21.0234 0 01 0 0 0 0 0 0 0 0 0 0 0 0.357162 1.39752 0 394.883 
0.0090776645239508038 0.27798 1 464145 0 23.243 20.9187 0 0 2 -0.00280913 0.000197828 -0.016733 0 -0 0 0 0 -0 0 0 0.258408 0.775279 0 38.2838 
0.00915486892907311361 0.769594 0 13642 0.121747 22.6782 20.4104 0 01 0 -0 0 0 0 -0 0 0 0 -0 0 0 0 0 0 
0.00916254943934481127 0.187977 0 23972 0.154728 22.6405 20.3765 0 01 0 0 0 0 0 0 0 0 0 0 0 0.170204 1.83621 0 96.1158 
0.00918629407441269759 0.123622 0 478352 0.102711 22.567 20.3103 0 01 0 0 0 0 0 0 0 0 0 0 0 1.29294 4.11006 2926.24 6009.33 
0.00919093080601301841 0.281967 1 176147 0 24.2285 21.8056 0 0 2 -0.0532848 0.53468 -0.158126 0 0 0 -0 0 0 0 -0 0.576141 0.576141 0 0 
0.00923646888943221306 0.379942 0 10715 0.15152 22.2814 20.0533 0 01 0 0 -0 0 0 0 -0 0 0 0 -0 0.749732 1.48866 244.426 244.426 
0.00926658178234475438 0.135214 0 214436 0.0892218 22.1078 19.897 0 01 0 0 -0 0 0 0 -0 0 0 0 -0 1.95848 3.58457 155.064 1987.96 
0.00927878851183320218 0.56346 0 324126 54.2403 22.0365 19.8329 0 01 0 -0 0 0 0 -0 0 0 0 -0 0 1.10104 1.65621 0 0 
0.00928391800941975702 0.506921 0 381642 54.1803 22.0079 19.8071 0 01 0 0 0 0 0 0 0 0 0 0 0 0 0 0 0 
0.0092873388415812743 0.25513 0 277897 0.0902454 21.9866 19.7879 0 01 -0 0 0 0 -0 0 0 0 -0 0 0 1.06316 2.11598 0 432.473 
0.00929049694256154149 0.126162 1 6409 0 21.9718 19.7746 0 0 2 -0.0144337 -0.0127477 0.0238842 0 0 -0 0 0 0 -0 0 2.15903 3.70345 2316.66 5725.9 
0.00936965262775842078 1.1169 0 379809 53.2254 21.5295 19.3765 0 01 0 0 0 0 0 0 0 0 0 0 0 0 0 0 0 
0.00941984473867238208 0.0986365 1 536634 0 21.2754 19.1479 0 0 1 -1.66472 -0.389729 -1.63743 0 0 0 0 0 0 0 0 0.884506 3.21926 222.19 1296.09 
0.00942855710911390255 0.155358 0 495494 0.451455 21.2337 19.1104 0 01 0 -0 0 0 0 -0 0 0 0 -0 0 1.16008 3.37554 548.669 982.702 
0.00943588139649897614 0.30436 0 111644 0.0817178 21.1711 19.054 0 01 -0 0 0 0 -0 0 0 0 -0 0 0 0.939088 2.52817 148.716 148.716 
0.00946037149074155891 0.559319 0 235149 52.2635 21.0448 18.9403 0 01 0 0 0 0 0 0 0 0 0 0 0 0.564042 1.65949 0 0 
0.00951211231232389209 0.166467 0 421630 0.318717 27.0451 24.3406 0 01 0 0 0 0 0 0 0 0 0 0 0 1.20625 2.90183 0 1967.95 
0.00952080882939878442 0.0847191 0 27716 0.0863816 20.734 18.6606 0 01 0 0 0 0 0 0 0 0 0 0 0 1.44606 2.92001 2185.25 3220.11 
0.00959013652942626929 1.66685 0 344057 50.9575 20.3933 18.3539 0 01 0 -0 0 0 0 -0 0 0 0 -0 0 0 0 0 0 
0.00959929641594524548 0.0977564 0 43106 0.408626 20.3121 18.2808 0 01 0 0 0 0 0 0 0 0 0 0 0 2.02216 3.6537 2010.18 5503.78 
0.00963610851811532408 0.0589232 0 359834 0.323525 20.1693 18.1524 0 01 0 0 0 0 0 0 0 0 0 0 0 2.95614 4.66276 7124.41 18153.8 
0.00968561869147914305 0.497728 0 185627 0.0887054 19.9355 17.9419 0 01 0 0 0 0 0 0 0 0 0 0 0 0 0 0 0 
0.00971272736538993965 0.244212 0 89578 0.639903 19.8183 17.8365 0 01 0 -0 0 0 0 -0 0 0 0 -0 0 0.483264 2.38655 28.2246 63.1146 
0.00973225095395965738 0.251011 1 161343 0 19.7291 17.7562 0 0 1 -0.00367458 0.00125719 0.00684358 0 0 0 0 0 0 0 0 0.460988 1.43672 0 0 
0.00975527158033653516 1.64927 1 271044 0 19.6231 17.6608 0 0 2 0.000833291 -0.0140225 0.0160249 0 0 0 0 0 0 0 0 0 0 0 0 
0.00976685112403490562 2.47033 1 183715 0 19.5697 17.6127 0 0 1 0.00019248 -0.0180409 0.00614496 0 0 -0 0 0 0 -0 0 0 0 0 0 
0.00979176450796668055 0.0941698 0 361078 0.142152 19.4619 17.5157 0 01 -0 0 0 0 -0 0 0 0 -0 0 0 2.23428 4.0665 3248.3 11117.5 
0.00979677860196529436 9.2819 1 162029 0 19.4436 17.4992 0 0 2 -0.0170417 -0.0106585 -0.0275887 0 0 0 0 0 0 0 0 0 0 0 0 
0.00979839352878047846 0.171705 1 116262 0 19.4383 17.4945 0 0 2 0.00631218 0.0167389 0.00875262 0 0 0 0 0 0 0 0 0.860736 2.27981 0 1516.19 
0.00980074777037156196 0.118386 1 577835 0 19.4427 17.4984 0 0 2 -0.00826388 0.000128178 0.00587467 0 -0 0 0 0 -0 0 0 1.70882 3.59007 60.1256 1132.32 
0.00981909396538224559 0.115179 0 748792 1.57877 19.3666 17.4299 0 01 0 0 0 0 0 0 0 0 0 0 0 1.84438 3.74941 1606.18 8070.19 
0.00983308736211165567 0.236717 1 99846 0 19.2764 17.3487 0 0 1 -0.0166114 0.00349699 0.0135112 0 0 0 0 0 0 0 0 0.23683 0.703202 0 249.981 
0.00983686070367727379 0.234426 1 157557 0 19.263 17.3367 0 0 1 -0.00308561 -0.00887326 0.00102203 0 0 0 0 0 0 0 0 0.247836 2.58271 0 0 
0.00988202922613658392 0.104035 0 62226 0.654273 19.0822 17.174 0 01 0 0 0 0 0 0 0 0 0 0 0 0.803682 2.1866 876.684 1214.55 
0.00990603393041441377 0.313017 0 27316 0.466898 18.9759 17.0783 0 01 -0 0 0 0 -0 0 0 0 -0 0 0 0.64383 0.952805 0 0 
0.00996036071874204128 1.5106 1 244454 0 18.7581 16.8823 0 0 2 0.0045765 0.0126116 -0.0103405 0 0 0 0 0 0 0 0 0 0 0 0 
0.00996596900370719241 0.294433 1 432245 0 18.8028 16.9225 0 0 2 -0.00887989 0.000313177 -0.00643397 0 0 0 0 0 0 0 0 0 1.17948 0 0 
0.00998106810250307119 0.475538 0 45741 0.378817 18.6733 16.806 0 01 0 0 0 0 0 0 0 0 0 0 0 0 0.944321 0 0 
0.0100129154712065623 0.752904 0 285251 47.225 18.561 16.7048 0 01 -0 0 0 0 -0 0 0 0 -0 0 0 0 0.738171 0 0 
0.0100196510972286185 0.309306 0 392042 0 18.535 16.6813 0 01 0 0 0 0 0 0 0 0 0 0 0 0 0.614539 0 0 
0.0100211145785463543 0.297379 0 384887 47.1598 18.5216 16.6693 0 01 0 0 0 0 0 0 0 0 0 0 0 0 1.13716 0 0 
0.0100242269970346222 10.7522 0 335674 47.1338 18.5193 16.6672 0 01 0 0 0 0 0 0 0 0 0 0 0 0 0 0 0 
0.0100650882409712289 0.416709 0 475710 0.175597 18.5628 16.7064 0 01 0 0 0 0 0 0 0 0 0 0 0 0 0.415201 0 0 
0.0100662187415739846 0.256183 1 177060 0 18.5453 16.6906 0 0 2 -0.0172419 0.00200357 -0.0132469 0 0 0 -0 0 0 0 -0 0.272598 1.57565 0 1.85027 
0.0100768618437951582 0.724359 0 282000 46.7004 18.538 16.684 0 01 0 0 0 0 0 0 0 0 0 0 0 1.42502 1.42502 74.6581 74.6581 
0.0100885053386855529 1.74387 0 344190 46.6096 18.5219 16.6695 0 01 -0 0 0 0 -0 0 0 0 -0 0 0 0 0 0 0 
0.0100966104353745791 0.263696 0 246886 0.194672 18.5074 16.6564 0 01 -0 0 0 0 -0 0 0 0 -0 0 0 1.01368 3.08915 0 231.912 
0.0101095292480776408 0.117342 1 139943 0 18.4849 16.6362 0 0 1 0.00402923 -0.00215226 0.000188767 0 0 -0 0 0 0 -0 0 0.948927 2.40649 387.215 1214.95 
0.0101128975005102626 0.119353 1 335084 0 18.4771 16.6291 0 0 1 -2.0771 1.10819 0.760717 0 -0 0 0 0 -0 0 0 1.89316 4.22955 2327.98 2652.68 
0.0101376389736696059 0.0803732 0 144755 0.345989 18.4232 16.5805 0 01 0 -0 0 0 0 -0 0 0 0 -0 0 2.19967 4.07249 512.822 9438.1 
0.0101463363807490284 0.610609 0 334216 0.266521 18.4021 16.5615 0 01 0 0 0 0 0 0 0 0 0 0 0 0 0 0 0 
0.0102065648487922461 0.849464 0 351864 45.7105 18.252 16.4262 0 01 0 0 0 0 0 0 0 0 0 0 0 0 0 0 0 
0.0102090630656906638 0.463459 0 194155 0.14174 18.2394 16.4149 0 01 0 -0 0 0 0 -0 0 0 0 -0 0 0 0.456895 0 0 
0.0102215605329904497 0.565892 0 477889 0.218035 18.2472 16.4219 0 01 0 0 0 0 0 0 0 0 0 0 0 0.57152 0.57152 0 0 
0.01022544585519518 0.103932 0 63181 0.0927775 18.1995 16.3789 0 01 0 0 0 0 0 0 0 0 0 0 0 1.52586 3.69714 0 2653.53 
0.0102257759497540873 0.224184 0 37829 0.154219 18.2036 16.3826 0 01 0 0 0 0 0 0 0 0 0 0 0 0.911931 2.73158 0 250.763 
0.0102364427502995917 0.553138 0 146828 45.4911 18.174 16.3559 0 01 0 0 0 0 0 0 0 0 0 0 0 0 0.559012 0 0 
0.0102502980905751148 0.495941 0 470594 0.469088 18.1992 16.3787 0 01 0 0 -0 0 0 0 -0 0 0 0 -0 0 0 0 0 
0.0103212366602229363 0.605218 1 505683 0 17.9927 16.1925 0 0 2 0.0034843 0.000542021 -0.0056585 0 0 0 0 0 0 0 0 0 0 0 0 
0.0103247944664595082 0.442608 1 245146 0 17.9382 16.1434 0 0 2 -0.0856911 -0.0445092 0.0409484 0 0 0 0 0 0 0 0 0 0 0 0 
0.010403416506759168 0.209342 0 581147 0.319781 17.7898 16.0097 0 01 -0 0 0 0 -0 0 0 0 -0 0 0 0.599456 1.61043 0 1048.21 
0.0104280557086504164 2.17411 0 361508 44.148 17.6616 15.8941 0 01 0 0 0 0 0 0 0 0 0 0 0 0 0 0 0 
0.0104371653881653453 0.359937 0 173427 0.0864053 25.1001 22.5901 0 01 0 0 -0 0 0 0 -0 0 0 0 -0 0.350961 1.05309 0 333.119 
0.0104445484374336827 0.205648 1 439154 0 17.6846 15.9149 0 0 2 -0.00616331 0.0236323 0.011432 0 0 0 0 0 0 0 0 1.00574 2.84719 138.08 543.78 
0.0104739485066565659 0.179767 0 141955 0.273394 17.5386 15.7833 0 01 -0 0 0 0 -0 0 0 0 -0 0 0 0.511228 1.40611 0 0 
0.0105026887755444512 0.168059 0 20900 0.479994 17.4479 15.7015 0 01 0 0 0 0 0 0 0 0 0 0 0 0.363411 1.73575 0 0 
0.0105140193283250003 0.297271 0 284845 0.120754 17.443 15.6972 0 01 0 -0 0 0 0 -0 0 0 0 -0 0 0 0.92236 0 0 
0.0105259227262820484 0.258729 0 83883 0.084145 17.4006 15.6589 0 01 0 0 0 0 0 0 0 0 0 0 0 0.246625 1.26947 0 0 
0.0105284743509359759 0.48652 0 150523 0.21388 17.3986 15.6571 0 01 -0 0 0 0 -0 0 0 0 -0 0 0 0 0 0 0 
0.0105366191901056314 0.196881 0 85753 0.450275 17.3872 15.6468 0 01 0 0 -0 0 0 0 -0 0 0 0 -0 0.779877 1.57663 0 0 
0.0105366191901056314 1.33352 0 488583 0.130356 17.4275 15.6831 0 01 0 0 0 0 0 0 0 0 0 0 0 0 0 0 0 
0.0105647508249469228 0.128929 0 94719 0.146484 17.3512 15.6144 0 01 0 0 -0 0 0 0 -0 0 0 0 -0 0.991075 2.43658 0 0 
0.0105773589302141716 2.4538 0 393629 0.209102 17.2718 15.5428 0 01 0 0 -0 0 0 0 -0 0 0 0 -0 0 0 0 0 
0.0106105050671037471 2.51213 0 386480 42.959 17.1924 15.4713 0 01 0 0 0 0 0 0 0 0 0 0 0 0 0 0 0 
0.0106240113562178981 0.786555 0 267239 0 17.1638 15.4455 0 01 0 -0 0 0 0 -0 0 0 0 -0 0 0.786017 0.786017 0 0 
0.0106263650179722006 0.785324 1 131772 0 17.1575 15.4399 0 0 2 -0.00903102 -0.00603605 -0.0251129 0 0 0 0 0 0 0 0 0 0 0 0 
0.0106594406966915387 0.167166 0 170070 0.106257 17.0647 15.3562 0 01 0 0 0 0 0 0 0 0 0 0 0 0 1.2123 0 0 
0.0107295539601659738 0.505208 0 197910 0.478486 16.9046 15.2119 0 01 0 -0 0 0 0 -0 0 0 0 -0 0 0 0 0 0 
0.0107937101297964216 1.41047 0 364519 41.8438 16.7499 15.0725 0 01 -0 0 0 0 -0 0 0 0 -0 0 0 0 1.41466 0 0 
0.0108016507229240777 0.0883449 0 431014 1.64786 26.8512 24.1661 0 01 0 0 0 0 0 0 0 0 0 0 0 3.35032 4.37132 10209.1 17749.2 
0.0108317195955519689 0.314018 0 111014 0.173767 16.6537 14.9859 0 01 0 0 -0 0 0 0 -0 0 0 0 -0 0 0.966796 0 0 
0.0108446753702607541 0.352543 0 399060 41.5475 16.6297 14.9642 0 01 0 0 0 0 0 0 0 0 0 0 0 0.706517 1.726 0 81.5094 
0.0108454178273366363 1.11787 0 121054 5.73332 16.628 14.9627 0 01 0 0 0 0 0 0 0 0 0 0 0 0 0 0 0 
0.0108463182512014006 0.265693 0 4347 0.181046 16.6219 14.9572 0 01 0 0 0 0 0 0 0 0 0 0 0 0.837228 1.92995 0 0 
0.0108701072267133273 0.713229 0 344240 41.4003 16.5668 14.9075 0 01 0 0 0 0 0 0 0 0 0 0 0 0 0 0 0 
0.0108852489438901207 0.690575 1 373672 0 16.5249 14.8698 0 0 2 0.00389456 -5.61988e-06 0.0146375 0 0 0 0 0 0 0 0 0 0 0 0 
0.010905942023242016 0.480182 1 498974 0 16.5437 14.8867 0 0 2 -0.0026714 -0.00996547 -0.0184272 0 -0 0 0 0 -0 0 0 0 0 0 0 
0.0109250956434017756 1.42152 0 330060 41.0883 16.4325 14.7866 0 01 0 -0 0 0 0 -0 0 0 0 -0 0 1.39074 1.39074 0 0 
0.0109480598247158941 0.331577 0 571732 0.0972726 16.3991 14.7564 0 01 0 0 0 0 0 0 0 0 0 0 0 0.650288 1.94206 0 0 
0.0109566559179544668 0.266314 0 257831 0.163756 25.416 22.8744 0 01 0 0 0 0 0 0 0 0 0 0 0 0.262241 0.262241 0 0 
0.0109716073070401862 0.240119 0 458504 0.316705 16.4229 14.7778 0 01 0 0 0 0 0 0 0 0 0 0 0 0.499314 1.73697 0 0 
0.0109727745743336009 0.187209 0 455806 0.126318 34.4833 31.0349 0 01 0 -0 0 0 0 -0 0 0 0 -0 0 1.39017 3.1175 0 361.683 
0.010986527467804456 1.18045 0 295464 40.7464 16.3068 14.6733 0 01 0 0 -0 0 0 0 -0 0 0 0 -0 0 0 0 0 
0.0109911783111457835 0.385438 0 252721 0.111621 16.2966 14.6641 0 01 -0 0 0 0 -0 0 0 0 -0 0 0 0.391667 0.784705 0 0 
0.0110048741672717689 0.101745 0 426025 0.0906132 16.3037 14.6705 0 01 0 -0 0 0 0 -0 0 0 0 -0 0 1.45561 3.44435 1534.18 2478.13 
0.011041660837595061 0.217957 0 22499 0.169366 16.1836 14.5623 0 01 0 0 0 0 0 0 0 0 0 0 0 1.14175 2.9905 0 193.095 
0.0110422711420291812 0.0698504 0 609256 0.293908 16.1756 14.5551 0 01 0 0 0 0 0 0 0 0 0 0 0 3.63843 5.22406 7948.06 15808.4 
0.0110546744504504465 1.41871 0 205163 40.3764 16.1572 14.5385 0 01 0 -0 0 0 0 -0 0 0 0 -0 0 1.43557 2.86715 0 0 
0.0110884876173141904 1.15688 0 255934 40.1963 16.0804 14.4693 0 01 0 0 0 0 0 0 0 0 0 0 0 0 0 0 0 
0.0110994587366013402 0.133328 1 450249 0 20.6979 18.6281 0 0 2 -0.00170868 -0.0216498 -0.00728454 0 0 0 0 0 0 0 0 2.51238 3.74232 1470.39 3402.98 
0.0111261103144703038 0.125855 0 340616 39.9961 15.9984 14.3954 0 01 -0 0 0 0 -0 0 0 0 -0 0 0 2.52171 4.14885 1695.94 4118.44 
0.0111450584918148746 0.653877 0 195207 0.385641 15.9539 14.3553 0 01 0 0 0 0 0 0 0 0 0 0 0 0.651655 0.651655 0 0 
0.0111742161961747109 0.176978 0 219847 0.993949 15.8974 14.3044 0 01 0 0 0 0 0 0 0 0 0 0 0 0.349518 1.59162 0 327.789 
0.0111952734389525344 0.204285 0 185827 0.221222 15.8527 14.2641 0 01 0 0 0 0 0 0 0 0 0 0 0 0.421803 2.42135 0 0 
0.0112148186806757776 0.629996 0 191234 39.5368 15.8087 14.2245 0 01 0 0 0 0 0 0 0 0 0 0 0 0 0 0 0 
0.0112473574148180249 0.330201 0 50618 0.174256 15.7509 14.1724 0 01 0 -0 0 0 0 -0 0 0 0 -0 0 0.314575 0.314575 0 0 
0.0112553615889239358 1.50015 0 246436 39.3317 15.7353 14.1583 0 01 0 0 0 0 0 0 0 0 0 0 0 0 0 0 0 
0.0112557111513425269 1.39677 0 398460 39.3299 15.7238 14.148 0 01 0 0 0 0 0 0 0 0 0 0 0 0 0 0 0 
0.0112749189037274749 0.201716 0 209143 0.321917 15.7386 14.1613 0 01 0 0 -0 0 0 0 -0 0 0 0 -0 0.610984 1.41314 0 522.447 
0.0113381934438779725 0.138489 0 456465 0.103301 15.702 14.1283 0 01 0 0 0 0 0 0 0 0 0 0 0 1.90235 3.9535 972.484 3466.24 
0.0114083893472809728 1.11676 0 167586 0.396728 15.4223 13.8763 0 01 0 0 0 0 0 0 0 0 0 0 0 0 0 0 0 
0.0114126160218665784 0.4254 0 490798 0.161994 15.4935 13.9405 0 01 0 0 -0 0 0 0 -0 0 0 0 -0 0 1.73053 0 0 
0.011423708339221279 0.462501 0 303045 38.5069 15.3953 13.852 0 01 0 0 0 0 0 0 0 0 0 0 0 0 0.472007 0 0 
0.0114324823092664049 0.509812 0 303941 0.51338 15.3781 13.8366 0 01 0 0 0 0 0 0 0 0 0 0 0 0 0.498276 0 0 
0.0114358169117707801 1.32734 0 292985 38.4492 15.3682 13.8277 0 01 0 0 0 0 0 0 0 0 0 0 0 0 0 0 0 
0.0114496587157441685 0.195686 1 79197 0 15.3453 13.807 0 0 1 0.00162821 0.00189977 -0.00607423 0 0 0 -0 0 0 0 -0 1.17873 3.52791 0 1031.59 
0.0114812320544768216 0.238339 0 597104 0.0948481 15.3385 13.8009 0 01 0 0 -0 0 0 0 -0 0 0 0 -0 0.490342 1.47914 0 0 
0.0114819936867906255 0.207708 0 445932 0.413579 15.3437 13.8056 0 01 0 0 0 0 0 0 0 0 0 0 0 1.19152 2.78992 0 731.255 
0.011485510875905474 0.179038 0 261297 0 15.2801 13.7482 0 01 0 0 0 0 0 0 0 0 0 0 0 0.169084 0.502359 0 644.622 
0.0114908663319478171 0.960563 0 383571 38.192 15.2701 13.7392 0 01 0 0 0 0 0 0 0 0 0 0 0 0.941057 0.941057 0 0 
0.0114984877287832576 0.159036 1 460149 0 39.6932 35.7239 0 0 1 -0.493516 0.0349642 0.730951 0 -0 0 0 0 -0 0 0 2.21789 3.94606 252.466 2291.61 
0.0115272940389944435 1.65751 0 299694 38.0255 15.1951 13.6717 0 01 0 0 0 0 0 0 0 0 0 0 0 0 0 0 0 
0.0115581465154922618 0.427412 0 393305 2.19558 15.1475 13.6288 0 01 0 0 0 0 0 0 0 0 0 0 0 0.446993 0.446993 0 0 
0.0116027725424578086 0.0513387 1 159486 0 15.07 13.559 0 0 1 -0.0198593 -0.838399 -1.70922 0 0 0 0 0 0 0 0 3.13501 4.6173 7634.65 14093.3 
0.0116027725424578086 0.761756 0 87721 0.102411 15.0507 13.5416 0 01 0 0 0 0 0 0 0 0 0 0 0 0 0.790077 0 0 
0.0116510792759974523 0.613326 0 389515 37.471 14.9714 13.4702 0 01 0 0 0 0 0 0 0 0 0 0 0 0 0 0 0 
0.0116525513538886221 0.294578 0 296006 0.149559 14.9658 13.4651 0 01 0 0 0 0 0 0 0 0 0 0 0 0.583527 2.66346 622.187 682.263 
0.0116735927560119423 0.242634 1 323235 0 14.9311 13.4338 0 0 2 0.0047247 0.00561535 0.00580543 0 0 0 0 0 0 0 0 0.486722 1.22917 0 0 
0.0117384864414662293 0.860374 1 270802 0 14.9634 13.463 0 0 2 0.00990766 -0.00872997 0.00449659 0 0 0 0 0 0 0 0 0 0 0 0 
0.0117499955115180771 0.318959 0 640037 0.128317 14.8907 13.3975 0 01 0 0 -0 0 0 0 -0 0 0 0 -0 0.314251 1.27057 0 0 
0.0117711013869808007 0.0353495 1 491626 0 37.7964 34.0167 0 0 2 0.00759563 0.013725 0.0119501 0 0 0 0 0 0 0 0 3.02921 4.38059 4230.86 16609 
0.0117779433705970348 1.12957 0 169315 0.0896997 15.0142 13.5087 0 01 0 0 0 0 0 0 0 0 0 0 0 0 0 0 0 
0.0117850543225236411 0.30526 0 258580 0.504299 14.9506 13.4515 0 01 0 0 -0 0 0 0 -0 0 0 0 -0 0.31046 1.9305 0 0 
0.0117940042892864805 0.0668128 0 144496 0.133354 15.0234 13.5171 0 01 0 0 0 0 0 0 0 0 0 0 0 2.41221 4.01824 3346.55 12798.5 
0.011796119441768475 0.301427 0 58537 0.0904611 15.0381 13.5302 0 01 -0 0 0 0 -0 0 0 0 -0 0 0 0.901242 1.48841 0 0 
0.011798670718954558 0.17217 0 162583 0.138689 14.9634 13.463 0 01 0 0 0 0 0 0 0 0 0 0 0 0.163589 1.52172 0 0 
0.0118150786103887462 0.836025 0 62469 0.0922862 36.6883 13.5341 0 01 0 0 0 0 0 0 0 0 0 0 0 0 0 0 0 
0.0118315462161268682 0.0508387 0 444007 0.117609 14.9985 13.4946 0 01 0 -0 0 0 0 -0 0 0 0 -0 0 2.59754 3.8815 2432.08 12691.9 
0.0119023612030579422 0.459859 1 287422 0 36.327 17.8942 0 0 2 -0.0091393 -0.00787237 0.0156174 0 -0 0 0 0 -0 0 0 0.459226 0.918319 0 0 
0.0119050468866518429 1.16378 0 515384 0.624939 16.0258 14.4201 0 01 0 0 0 0 0 0 0 0 0 0 0 0 0 0 0 
0.0119342825970172733 0.0321025 0 201617 0.110632 14.9767 13.4749 0 01 0 -0 0 0 0 -0 0 0 0 -0 0 1.53964 3.22541 2589.25 10974.8 
0.0119447988910632713 0.126464 0 143944 0.0988502 36.6253 13.5537 0 01 -0 0 0 0 -0 0 0 0 -0 0 0 1.56841 3.1371 2131.16 5813.6 
0.0119618240928290355 0.140208 0 507044 0.28957 36.425 15.6366 0 01 0 0 0 0 0 0 0 0 0 0 0 1.56481 3.35154 1462.3 2879.61 
0.0120006348395970026 0.131602 1 199642 0 36.4992 32.8493 0 0 1 0.0212602 -0.00849497 -0.0218644 0 0 0 0 0 0 0 0 0.983716 1.85226 0 1354.94 
0.0120139546395194498 0.134027 0 198841 1.78606 35.8791 27.5283 0 01 0 -0 0 0 0 -0 0 0 0 -0 0 1.60852 3.64329 207.595 519.346 
0.0120434926657004802 1.40694 0 246660 35.8723 35.763 29.8917 0 01 0 0 0 0 0 0 0 0 0 0 0 0 0 0 0 
0.012048733607930762 0.22422 1 717483 0 14.7764 13.2988 0 0 2 -2.06397 14.4695 -14.0803 0 0 0 0 0 0 0 0 1.08679 3.54819 192.422 192.422 
0.0120568505131006462 0.409605 0 186579 1.49191 35.7103 29.8611 0 01 0 -0 0 0 0 -0 0 0 0 -0 0 0.416509 0.416509 0 51.2989 
0.0120644785697734732 1.06459 0 393168 35.7896 35.6809 29.8531 0 01 0 0 0 0 0 0 0 0 0 0 0 1.05729 1.05729 0 16.1072 
0.0120901274923082037 0.678337 0 242731 0 35.9307 25.9999 0 01 0 0 0 0 0 0 0 0 0 0 0 0.659806 0.659806 0 0 
0.0120915642377952704 0.60169 0 52396 0.260593 36.0262 23.5609 0 01 0 0 0 0 0 0 0 0 0 0 0 0 0 0 0 
0.0120917602578760729 2.68722 0 102873 0 35.5744 29.7986 0 01 0 0 0 0 0 0 0 0 0 0 0 0 0 0 0 
0.0121380660322958061 0.213622 0 90793 0.199449 35.8756 25.9214 0 01 0 0 0 0 0 0 0 0 0 0 0 0.229294 1.34118 0 0 
0.0121388558447781715 0.122924 1 514923 0 36.2994 17.8513 0 0 2 0.427567 0.945401 0.643039 0 0 0 0 0 0 0 0 2.50713 4.62812 2403.16 4276.87 
0.0121603981844000016 0.172916 1 426530 0 35.7362 29.2573 0 0 2 -0.046579 0.0250101 0.016348 0 -0 0 0 0 -0 0 0 1.56577 3.82381 118.038 2251.63 
0.0121941435754302774 0.433777 0 310669 35.289 35.1844 29.6254 0 01 0 0 -0 0 0 0 -0 0 0 0 -0 0 0 0 0 
0.0121975808822387243 0.195753 1 87366 0 35.1714 29.6215 0 0 1 0.00281222 -0.00759985 0.0374911 0 0 -0 0 0 0 -0 0 0.204449 0.985832 0 0 
0.012204596806204393 0.129864 1 210830 0 14.2898 12.3007 0 0 1 -44.2433 -22.0357 -21.3658 0 0 0 -0 0 0 0 -0 1.90025 4.10733 0 3920.62 
0.0122190076020095729 2.33451 0 316784 35.195 35.0911 29.5826 0 01 0 0 -0 0 0 0 -0 0 0 0 -0 0 0 0 0 
0.0122204982537380841 0.266871 1 0 0 14.6365 13.1038 0 0 1 6.69819 -5.11434 -0.279527 1 -161.254 -209.454 -286.07 0 0 0 -0 0.526193 2.14589 0 234.605 
0.0122313267953566823 2.05243 0 302817 35.1486 35.0452 29.5608 0 01 -0 0 0 0 -0 0 0 0 -0 0 0 0 0 0 0 
0.0122428027612575679 0.111818 1 426325 0 35.3966 29.556 0 0 2 0.0026436 0.00408914 0.0308651 0 0 0 0 0 0 0 0 0.732283 1.62138 0 1269.3 
0.0122710961096717721 0.739003 0 196116 0.139165 35.3453 28.8191 0 01 0 0 0 0 0 0 0 0 0 0 0 0 0 0 0 
0.0123130884627574381 0.195046 0 380007 34.8455 34.7444 29.4212 0 01 0 0 0 0 0 0 0 0 0 0 0 0.608193 1.83201 0 0 
0.0123149317619376721 14.7495 0 377351 34.8394 34.7383 29.4263 0 01 0 -0 0 0 0 -0 0 0 0 -0 0 0 0 0 0 
0.0123565936422820634 0.139316 0 477394 0.0884956 35.9642 25.4586 0 01 -0 0 0 0 -0 0 0 0 -0 0 0 0.901537 3.1075 221.518 2472.66 
0.0123590594134875796 0.161351 0 585929 0.186166 35.0718 27.2521 0 01 0 0 0 0 0 0 0 0 0 0 0 0.592957 1.65112 0 329.195 
0.0124357763101512978 0.142201 0 554648 25.455 35.313 28.4271 0 01 0 0 0 0 0 0 0 0 0 0 0 0.458574 2.31815 0 0 
0.0124517699014434751 0.160044 0 458744 0.113234 34.4284 29.1509 0 01 0 0 0 0 0 0 0 0 0 0 0 1.19692 3.12526 0 282.509 
0.0124520670728461656 0.0792302 0 71669 0.0997257 34.2492 29.2005 0 01 0 0 0 0 0 0 0 0 0 0 0 3.01415 4.42249 6902.75 17298.1 
0.0124566649901043363 0.0776936 1 213781 0 34.2324 29.1973 0 0 2 -0.00017673 0.00407509 -0.00744257 0 0 0 0 0 0 0 0 3.82987 5.29717 8958.5 20063.7 
0.0124566649901043363 0.196828 0 600587 0.112757 34.764 29.3371 0 01 0 0 -0 0 0 0 -0 0 0 0 -0 1.61467 3.39134 0 842.302 
0.0125245605378994825 0.803645 0 505797 0.440995 35.6806 24.5551 0 01 0 0 0 0 0 0 0 0 0 0 0 0 0.782026 0 0 
0.012530150552370934 0.166285 0 635196 0.220935 35.0262 46.2696 0 01 -0 0 0 0 -0 0 0 0 -0 0 0 0.336079 0.518868 0 285.863 
0.01258825667692242 0.911221 0 272267 0.189406 33.78 28.9841 0 01 0 -0 0 0 0 -0 0 0 0 -0 0 0 0 0 0 
0.0125909536114772215 0.275838 0 334345 0.799806 33.771 28.9787 0 01 0 0 0 0 0 0 0 0 0 0 0 0.267115 1.07686 0 0 
0.0126914971101255124 3.07383 0 363058 33.527 33.4361 28.8311 0 01 0 0 0 0 0 0 0 0 0 0 0 0 0 0 0 
0.0127104044247711989 0.0558163 0 605903 0.0939523 34.2525 27.8072 0 01 0 0 -0 0 0 0 -0 0 0 0 -0 2.72378 4.3311 8627.14 16871.9 
0.0127234824713808523 0.152204 1 17420 0 33.3313 28.7809 0 0 1 -0.0246952 0.0088389 -0.00279521 0 -0 0 0 0 -0 0 0 0.569396 2.62148 70.0138 538.405 
0.0127512109894514242 0.12907 0 221647 0.357095 33.6445 28.5051 0 01 0 0 0 0 0 0 0 0 0 0 0 0.711435 2.72525 0 110.39 
0.0127591936547506047 0.396575 0 507806 2.91973 33.3797 28.9297 0 01 0 0 0 0 0 0 0 0 0 0 0 0 0.808083 0 0 
0.0127920847951441246 2.88906 0 726675 0.294632 35.022 14.4789 0 01 0 0 0 0 0 0 0 0 0 0 0 0 0 0 0 
0.0128242914539111776 0.186894 0 211996 0.600908 14.3447 12.4431 0 18.14841 -1.02446 10.7414 14.5923 0 -0 0 0 0 -0 0 0 1.56816 2.73118 517.964 1004.12 
0.0128290676423024989 1.71064 0 342636 0.0872388 32.9911 28.6285 0 01 0 0 0 0 0 0 0 0 0 0 0 0 0 0 0 
0.0128640680705912371 0.22577 0 149405 0.153849 33.3938 24.6407 0 01 0 0 0 0 0 0 0 0 0 0 0 0 0.653264 0 0 
0.0129164342936888294 2.09513 0 362838 32.8024 32.7168 28.5002 0 01 0 0 0 0 0 0 0 0 0 0 0 0 0 0 0 
0.0129280709923683679 0.562604 0 224265 23.1499 33.1353 27.9452 0 01 -0 0 0 0 -0 0 0 0 -0 0 0 0 0 0 0 
0.0129347782390277152 0.0774944 0 658628 0.229679 33.5672 20.3856 0 01 0 0 0 0 0 0 0 0 0 0 0 1.47289 3.1348 3667.42 9199.35 
0.0129573909084084431 0.325327 0 138555 0.11186 33.5536 27.1126 0 01 0 0 0 0 0 0 0 0 0 0 0 0.329711 1.3206 0 0 
0.0129585447279720496 0.26247 0 236025 0.231101 32.5866 28.4375 0 01 0 0 -0 0 0 0 -0 0 0 0 -0 0.261388 1.31253 0 0 
0.0129614058450709425 0.0509434 1 268677 0 45.0155 40.5139 0 0 2 0.00424091 -0.0245232 -0.00508466 0 -0 0 0 0 -0 0 0 2.44643 3.99816 4661.55 20096.8 
0.0129814096157894222 0.719808 0 41308 0.167968 32.9434 28.0359 0 01 0 0 0 0 0 0 0 0 0 0 0 0 0.728935 0 0 
0.0130253320363648978 0.133217 0 424489 0.329894 30.6859 27.6173 0 01 0 0 0 0 0 0 0 0 0 0 0 0.141609 1.14353 0 0 
0.0130304271114195912 1.13594 0 350599 32.4505 32.3674 27.8524 0 9.123841 6.21318 -5.62516 -3.60534 0 0 -0 0 0 0 -0 0 0 0 0 0 
0.0130416924852965795 0.390613 0 450052 0.202733 32.4215 27.9618 0 4.865291 -4.85751 -0.115289 0.249759 0 -0 0 0 0 -0 0 0 0.810802 2.3892 0 0 
0.0130571398899641047 0.768597 0 317685 0.154424 23.3878 21.0491 0 01 -0 0 0 0 -0 0 0 0 -0 0 0 0.744724 1.48768 0 0 
0.0130730100486925981 0.162608 1 415520 0 15.4491 13.9005 0 0 2 0.382552 1.54303 0.997424 0 0 0 0 0 0 0 0 0.346003 1.18971 0 493.792 
0.0130865099228806223 0.171199 0 176355 1.01397 32.1997 27.3718 0 8.716111 -4.99324 6.47147 3.02627 0 -0 0 0 0 -0 0 0 1.36449 3.43067 0 294.826 
0.0130879294116347574 0.120099 0 450619 0.172737 32.953 28.5257 0 01 0 0 0 0 0 0 0 0 0 0 0 1.91603 3.92243 1045.28 3504.14 
0.013136990697417944 0.148135 0 476603 0.138022 32.5868 28.1613 0 01 0 0 0 0 0 0 0 0 0 0 0 0 0 0 0 
0.013172027728238998 0.900919 0 276444 32.0268 31.9468 26.6323 0 31.67691 -17.2909 26.4983 1.514 0 0 0 0 0 0 0 0 0 0 0 0 
0.01318495893578755 0.272028 0 559792 0.0859921 31.9091 26.6511 0 27.75251 0.790157 -15.472 23.026 0 0 0 0 0 0 0 0 0.283829 0.848732 0 0 
0.0131976843612394458 0.0814136 0 445648 0.347963 17.6156 15.8526 0 01 0 0 0 0 0 0 0 0 0 0 0 2.44751 3.34161 6047.44 14004.1 
0.0132967767440360027 0.245686 0 370212 0 32.0789 26.085 0 8.684611 -2.7614 -5.37968 -6.23347 0 0 0 -0 0 0 0 -0 0.234064 1.38812 0 0 
0.0133232223089825626 1.69686 0 194863 31.5906 31.5136 25.3626 0 86.00521 -24.0964 -52.6539 63.591 0 -0 0 0 0 -0 0 0 0 1.67922 0 0 
0.0133338139353807485 0.0985486 0 427050 0.0934377 40.4929 36.4436 0 01 0 0 0 0 0 0 0 0 0 0 0 2.31333 4.53072 205.188 4447.97 
0.0133389224564849675 0.151751 0 109173 0.507699 31.4691 25.2246 0 10.63021 -6.33578 1.12387 -8.46138 0 -0 0 0 0 -0 0 0 0.996109 1.58435 1411.34 2381.29 
0.0133560892336435418 0.0893606 0 15422 0.223931 31.421 25.0758 0 27.76391 11.0159 9.69669 -23.5681 0 0 0 0 0 0 0 0 2.16913 3.63599 3656.56 17670.7 
0.0133653831653056891 0.104304 1 0 0 31.3951 24.996 0 0 1 29.5435 -19.3256 47.0231 1 62.3415 -18.1963 26.7362 0 0 0 0 1.95374 3.1833 1712.61 4536.83 
0.0134114515411179417 0.330658 0 334776 0.0963358 31.77 25.3274 0 54.01521 48.8182 23.1169 -0.190217 0 0 0 0 0 0 0 0 0 0 0 0 
0.0134203715663177587 0.26067 1 424484 0 32.1129 28.9016 0 0 1 0.016301 -0.436123 0.0892355 0 0 0 0 0 0 0 0 0.767285 1.52484 0 93.3006 
0.0134230158397027882 0.0421612 0 201977 0 31.2353 24.5055 0 50.23131 -28.239 -40.0613 -10.9924 0 -0 0 0 0 -0 0 0 0.877917 2.17054 1028.8 6681.52 
0.0134313284140526058 0.669033 0 291088 0.368936 31.7367 23.1569 0 32.63721 -7.78509 -28.0021 14.8479 0 0 -0 0 0 0 -0 0 0 1.35569 0 0 
0.0134505259398018558 0.208248 1 184947 0 31.1598 24.2735 0 0 1 31.2261 -0.134494 -3.99016 0 0 0 0 0 0 0 0 0.206942 1.28274 0 192.961 
0.013450665918736315 0.183471 1 0 0 31.1595 24.2725 0 0 1 43.1947 -13.2556 8.55093 1 40.8526 -12.9959 20.6926 0 0 0 0 0.961741 2.08628 0 616.27 
0.0135124620881374915 0.560751 0 67849 0.418712 31.4634 24.6493 0 16.01561 15.739 -0.218164 2.95562 0 0 -0 0 0 0 -0 0 0 0 0 0 
0.0135154524370592801 0.105493 1 574920 0 31.5183 14.1796 0 0 2 -5.92646 -15.6825 2.44262 0 0 0 0 0 0 0 0 2.20994 3.3879 125.978 5453.84 
0.0135224135832436917 0.274061 0 300179 31.0381 30.9648 23.6809 0 88.32891 40.5771 74.98 23.0977 0 0 0 0 0 0 0 0 0.842551 1.11617 0 73.7202 
0.0135292990410457153 0.254911 0 121925 0.212945 32.3221 27.7186 0 13.15161 -1.91309 6.27857 11.3967 0 0 0 0 0 0 0 0 1.00171 1.78278 0 0 
0.013552724727873413 0.11338 0 34930 0.0964849 31.0545 23.8574 0 45.8011 -16.7841 42.162 6.19605 0 0 0 0 0 0 0 0 0.437256 1.40007 0 0 
0.0135564226237050861 0.391915 0 304523 30.9467 30.874 23.408 0 154.7271 -49.4015 104.351 103.008 0 0 0 0 0 0 0 0 0 2.33588 0 0 
0.0135762301969007907 0.151423 0 30458 0.102921 30.8213 23.2507 0 47.26541 43.2167 18.9604 -2.61363 0 0 0 0 0 0 0 0 2.84927 4.26028 1908.55 6842.72 
0.0136017724949148728 0.0949303 1 0 0 30.7534 23.0487 0 0 1 37.5613 -13.6189 -4.67579 1 33.6478 -27.5969 5.11221 0 0 -0 0 1.0208 3.03933 1901.68 3283.51 
0.01361246388395752 0.995459 0 79775 30.7969 30.7252 22.9654 0 160.6421 -61.6525 108.323 101.347 0 0 0 0 0 0 0 0 0 0 0 0 
0.0136486242635072575 0.0403482 0 489754 0.303125 30.8451 10.4572 0 56.17371 15.8173 52.1194 -13.7428 0 0 0 0 0 0 0 0 1.81135 3.08096 4006.64 15312.5 
0.0136566667954397414 0.958904 0 194475 0.0911469 30.6095 22.6248 0 110.6961 -9.78126 107.893 22.74 0 0 0 0 0 0 0 0 0 0 0 0 
0.0136642973639568184 0.287517 0 26774 0.169041 30.5895 22.5662 0 72.37591 3.16267 22.4015 68.7491 0 0 0 0 0 0 0 0 0 1.12117 0 0 
0.0136674241465843654 0.129174 0 52314 1.1884 30.9715 23.3499 0 92.14741 -59.2943 -70.0466 8.29546 0 0 0 0 0 0 0 0 1.67713 3.62389 243.233 1734.61 
0.0136909290932920296 0.927276 0 253960 30.5912 30.5208 22.3661 0 127.1811 -101.239 -19.6344 74.4313 0 0 -0 0 0 0 -0 0 0 0 0 0 
0.0137016516766734642 0.114557 0 132704 0.299049 30.4925 22.2837 0 92.09221 -87.9194 -20.2175 -18.5042 0 0 0 0 0 0 0 0 1.51237 2.38461 316.076 2300.43 
0.0137178570590886662 2.2402 0 19678 0.0920291 30.4506 22.1624 0 89.06831 -81.7774 29.2589 19.7366 0 -0 0 0 0 -0 0 0 0 0 0 0 
0.0137269702850802665 1.295 0 304139 30.4969 30.4272 22.0949 0 20.85791 20.2569 2.60414 -4.23386 0 0 0 0 0 0 0 0 0 0 0 0 
0.0137500967634805044 0.532601 1 0 0 12.1424 8.25819 0 0 1 184.935 -8.87531 4.51119 1 231.685 796.298 -373.798 0 0 0 0 0 1.07232 0 0 
0.0137536153925462146 0.224376 1 434796 0 54.821 49.3389 0 0 2 -0.00258274 -0.0112363 0.01259 0 -0 0 0 0 -0 0 0 1.9548 3.42242 0 1074.95 
0.0137568899118971199 1.50465 0 357743 30.4199 30.3507 21.8749 0 152.3351 -149.84 16.2403 22.1433 0 0 0 0 0 0 0 0 0 0 0 0 
0.0138030664077868712 0.191154 0 589885 0.104313 31.1448 23.0917 0 56.10451 -1.58906 -2.61569 -56.021 0 0 0 0 0 0 0 0 0.758334 2.30185 282.171 464.492 
0.0138172981035220195 1.15654 0 71493 0.513287 30.1973 21.438 0 50.34771 34.8868 -9.34669 35.0777 0 0 0 0 0 0 0 0 0 0 0 0 
0.0138464608596512006 0.190562 0 325015 0.312345 30.6158 21.6897 0 127.3541 -12.5603 90.7295 -88.4837 0 0 0 -0 0 0 0 -0 0.371031 1.34585 0 0 
0.0138742053260250651 0.352235 0 183892 30.1223 30.055 21.0378 0 116.8481 -100.966 7.87802 58.2858 0 0 0 0 0 0 0 0 0 0.352235 0 0 
0.0139064022207063317 0.163477 0 43108 0.0846509 29.9751 20.815 0 209.8061 176.253 -36.6472 107.753 0 0 -0 0 0 0 -0 0 0.178798 1.50673 0 0 
0.0139106396537637435 0.417158 0 27397 0.162532 29.9646 20.7858 0 153.8041 -108.089 -106.962 23.0571 0 0 -0 0 0 0 -0 0 0 0.419083 0 0 
0.0139264916935734617 0.153705 1 344066 0 37.9924 34.1931 0 0 2 0.000105932 0.00671761 0.0194091 0 0 0 0 0 0 0 0 0 0 0 0 
0.0139297366516456349 0.74608 0 387995 29.9841 29.9177 20.6561 0 166.881 166.644 -7.85108 -4.12437 0 0 -0 0 0 0 -0 0 0 0 0 0 
0.0139555880624301076 0.435749 0 508100 0.621629 27.0425 24.3382 0 01 0 0 0 0 0 0 0 0 0 0 0 0.879606 2.17167 0 19.4672 
0.013998945182938715 0.144553 1 635391 0 14.1954 12.0892 0 0 2 22.164 -2.33669 -44.573 0 0 0 0 0 0 0 0 1.99817 4.47663 1203.2 2118.39 
0.0140031233625747265 0.390399 0 292369 0.388038 29.7386 20.1648 0 196.6261 196.055 -7.30506 13.0804 0 0 0 0 0 0 0 0 0 0.762289 0 0 
0.0140134909942635048 0.5815 0 271389 29.7789 29.7139 20.0975 0 98.49151 46.2867 69.087 -52.774 0 0 0 0 0 0 0 0 0 0 0 0 
0.0140252165997711946 0.8596 0 86949 29.7502 29.6853 20.0201 0 190.6841 -187.863 24.8424 21.225 0 0 0 0 0 0 0 0 0 0 0 0 
0.0140400814274742446 0.161235 0 129259 0.0892613 30.0365 20.7322 0 118.9791 -118.617 1.2543 9.18536 0 -0 0 0 0 -0 0 0 1.18696 2.7131 0 332.021 
0.0140551973594886925 0.319975 0 48688 0.423381 29.6136 19.8263 0 143.0151 -104.719 -27.7683 -93.3606 0 0 0 0 0 0 0 0 0.959587 2.88445 137.872 137.872 
0.0140658392955173156 1.35548 0 367285 0 29.5882 19.758 0 106.9221 -42.9299 72.3548 -65.9851 0 -0 0 0 0 -0 0 0 0 0 0 0 
0.0140683686354742092 0.804551 0 293121 0.127177 29.5821 19.7416 0 80.16841 -73.1529 8.59835 -31.6496 0 0 0 0 0 0 0 0 0 0.798086 0 0 
0.0141084774986870581 1.61548 0 360776 0.362885 29.4866 19.4862 0 90.45581 4.27416 23.0472 -87.3659 0 0 0 -0 0 0 0 -0 0 0 0 0 
0.0141140839005856333 0.0910454 0 595769 0.0807383 13.0066 9.79929 0 82.91781 -47.7657 9.35196 67.1292 0 0 0 0 0 0 0 0 1.66864 3.10781 8803.72 13164.2 
0.0141153745217409456 0.354382 0 574589 0.443464 30.8639 13.3438 0 22.92741 7.87306 18.5139 10.9961 0 0 0 0 0 0 0 0 0 0.360711 0 0 
0.0141304365227055955 0.279965 0 694730 0.117782 29.9089 20.1509 0 133.3121 -44.4618 -115.31 -49.9905 0 0 0 -0 0 0 0 -0 0 0.277362 0 0 
0.0141483096760409797 0.540978 0 573068 0.129852 29.7424 19.9761 0 161.2551 129.27 -89.4085 -36.0349 0 0 0 -0 0 0 0 -0 0 0 0 0 
0.0141541656224270333 0.708506 0 153147 29.442 29.379 19.2011 0 95.64881 -85.9713 41.1701 7.91525 0 0 0 0 0 0 0 0 0 1.4036 0 0 
0.0141561845363366943 1.15075 0 366867 29.4376 29.3747 19.1896 0 224.1991 31.0084 45.0042 -217.436 0 0 0 -0 0 0 0 -0 0 1.18315 0 0 
0.0141571252635480042 0.838613 0 392518 29.4353 29.3724 19.1836 0 143.3661 -142.447 -5.13503 -15.375 0 0 0 0 0 0 0 0 0 0.853553 0 0 
0.0141614061898967091 0.148469 1 0 29.3675 11.6891 7.60982 0 0 1 -39.9549 -56.7334 -10.6672 1 73.6784 -67.759 -65.0018 0 0 0 0 0.570273 1.99599 1387.86 1723.93 
0.014221773324338648 0.113078 1 0 0 29.2221 18.7899 0 0 1 87.8406 27.5343 23.1861 1 81.8797 72.6808 -8.82799 0 0 0 0 2.17647 2.73831 1055.57 4815.43 
0.0142477743205941618 4.27384 0 335816 29.2236 29.162 18.6338 0 72.14141 -59.7124 -37.6673 14.8317 0 0 0 0 0 0 0 0 0 4.58574 0 0 
0.0142662019414911394 0.434132 1 0 0 11.5814 7.46635 0 0 1 -32.3361 15.338 -48.0752 1 15.8639 54.8218 -52.6678 0 0 0 0 0 0.875832 0 0 
0.0142873517029250344 0.0738125 0 505880 0.0828672 30.2835 27.2552 0 01 0 0 0 0 0 0 0 0 0 0 0 2.73353 4.29549 5789.17 12588.7 
0.0142908444750797 0.201036 0 19650 0.0981297 29.0635 18.3799 0 133.8851 129.119 3.08192 35.2714 0 0 0 0 0 0 0 0 0.394423 0.985086 0 0 
0.0142943619150820243 0.246636 0 436163 0.084164 29.0429 26.1386 0 01 0 0 0 0 0 0 0 0 0 0 0 0.234133 0.234133 0 56.0196 
0.0143048879267803145 0.233487 0 77606 0.299465 21.0491 18.9442 0 01 0 0 0 0 0 0 0 0 0 0 0 0.239346 1.40901 0 0 
0.0143155427889356014 0.79354 0 353010 29.0679 29.0072 18.236 0 256.3151 -82.2997 117.192 212.579 0 0 0 0 0 0 0 0 0 0.810739 0 0 
0.0143160350860157808 0.305997 1 390884 0 29.0053 26.1047 0 0 2 0.00284671 -0.00724263 -0.00757102 0 0 0 -0 0 0 0 -0 0.304889 0.903905 0 0 
0.0143256744033906092 0.524705 0 575167 0 29.4448 18.7236 0 115.9261 -7.90994 9.35897 -115.277 0 0 0 0 0 0 0 0 0 0 0 0 
0.014327528305072449 1.91813 0 387605 29.0408 28.9803 18.1673 0 236.691 -172.433 -0.760634 162.137 0 0 -0 0 0 0 -0 0 0 0 0 0 
0.014335908761023709 2.68335 0 185079 29.0216 28.9612 18.1187 0 70.69991 -16.3512 -68.3593 7.6233 0 0 0 0 0 0 0 0 0 0 0 0 
0.0143380826688091351 0.542426 0 6292 0.104233 29.2216 18.6707 0 83.08031 64.7536 -48.5509 -18.765 0 0 -0 0 0 0 -0 0 0 0.536872 0 0 
0.0143417331940339735 0.403492 0 261741 29.0085 28.9482 18.0856 0 68.77061 -17.0023 -21.7413 -62.9891 0 0 -0 0 0 0 -0 0 0 0 0 0 
0.0143544194744403587 0.0998253 0 421200 0.314324 31.1011 27.991 0 01 0 -0 0 0 0 -0 0 0 0 -0 0 2.29881 3.96679 284.723 5910.26 
0.0144074891618382762 0.249137 1 29137 0 11.4397 7.28365 0 0 1 -52.7334 21.1681 -35.2712 0 0 0 0 0 0 0 0 0.496827 1.51217 0 400.914 
0.0144424122925378429 0.539055 0 126118 0.246002 28.7237 17.521 0 110.6941 -110.191 -10.5178 -0.828876 0 0 0 -0 0 0 0 -0 0 0.532875 0 0 
0.014469924690676126 0.514665 0 321271 0.103994 28.663 17.3704 0 169.021 -128.003 77.122 78.9638 0 0 0 0 0 0 0 0 0 0.501232 0 0 
0.0145014547976681698 1.18338 0 332721 28.6521 28.594 17.2001 0 146.8921 145.694 0.585758 -18.7094 0 0 0 0 0 0 0 0 0 1.14994 0 0 
0.014548313524533011 0.70277 0 248774 28.5498 28.4923 16.951 0 104.1151 -30.1343 -67.9657 72.8874 0 0 0 0 0 0 0 0 0 0.713117 0 0 
0.0145513669790770742 0.387045 0 61856 0.839823 28.5115 16.9979 0 124.9411 -33.8541 -53.7823 -107.572 0 0 0 -0 0 0 0 -0 0 0.384335 0 0 
0.0145631640197427022 0.230936 0 455045 0 29.8837 19.2067 0 106.5271 58.6941 -8.4204 88.4995 0 0 0 0 0 0 0 0 0 0.706639 0 0 
0.0145674401819221918 0.148124 0 264537 0.134273 28.4512 14.4499 0 73.98921 17.3766 34.9233 62.8714 0 0 0 0 0 0 0 0 0.722268 1.44186 0 270.427 
0.0145693677562434704 0.503288 0 239877 0.104764 28.9542 11.7376 0 126.9141 -126.449 9.91003 4.43077 0 0 0 0 0 0 0 0 0 1.01365 0 0 
0.0146098929431297698 0.168344 0 37014 28.4169 28.3601 16.6308 0 99.66911 -24.3828 61.6268 74.4415 0 -0 0 0 0 -0 0 0 0.482346 1.99891 0 306.873 
0.0146231655766288458 0.630654 0 193763 1.5049 28.3319 16.5629 0 202.7251 -196.757 -27.1568 -40.5751 0 0 -0 0 0 0 -0 0 0 0.621973 0 0 
0.0146291710765719257 0.399029 0 291918 0.116328 28.3191 16.532 0 227.7991 208.296 83.9276 -38.2258 0 0 0 -0 0 0 0 -0 0 0 0 0 
0.0146341102180608425 0.0319557 0 228406 0.136805 28.3085 16.5067 0 163.9051 -112.877 115.417 -28.3312 0 0 0 -0 0 0 0 -0 1.2331 2.94599 4189.72 14743.2 
0.0146385261059391245 0.59944 0 344896 28.3557 28.2994 16.4848 0 166.6791 -158.477 49.5438 -14.5744 0 -0 0 0 0 -0 0 0 0 0 0 0 
0.0146393894412450067 1.37458 0 99537 0.310768 28.2973 16.4798 0 142.1151 -7.90188 -4.1969 -141.833 0 -0 0 0 0 -0 0 0 0 0 0 0 
0.0146566024227484624 0.119997 0 55732 0.0969565 28.7227 16.9504 0 126.4941 -80.0687 -97.3216 -10.8785 0 0 0 -0 0 0 0 -0 0 0 0 0 
0.014659756527777219 0.821941 0 428274 0.45623 36.3286 17.326 0 01 0 -0 0 0 0 -0 0 0 0 -0 0 0.794419 0.794419 0 0 
0.0146619400578487779 0.0851013 0 106288 0.0986176 28.2495 16.3657 0 121.1041 22.5297 33.3873 114.21 0 0 0 0 0 0 0 0 2.08488 2.97296 5184.18 15683.9 
0.0146712028633496396 18.5698 0 224840 28.2861 28.2301 16.3194 0 128.3421 -125.582 -7.50872 -25.3863 0 0 0 0 0 0 0 0 0 0 0 0 
0.014681556276057571 0.216276 0 552205 0.103314 28.4447 16.7503 0 113.4121 113.332 2.06744 3.71394 0 0 0 0 0 0 0 0 0.436948 1.5021 0 11.2153 
0.0147011461670054338 0.686044 0 296004 28.2226 28.167 16.1697 0 247.81 -191.648 -53.447 -147.715 0 0 -0 0 0 0 -0 0 0.678145 1.34661 0 231.792 
0.0147110067570941031 0.413962 0 39238 28.202 28.1466 16.1214 0 78.86311 26.4032 42.9139 -60.6685 0 0 0 -0 0 0 0 -0 0.41184 2.43721 142.298 142.298 
0.0147686855579822335 0.10226 0 465745 0 29.1667 17.7697 0 89.54341 -13.3842 4.35748 88.4302 0 0 0 0 0 0 0 0 1.89865 3.16369 548.716 3197.7 
0.014773931495882792 0.99728 0 365272 28.0702 28.0155 15.8139 0 234.4721 193.169 8.38594 132.638 0 0 0 0 0 0 0 0 0 0.991481 0 0 
0.0147741536959350404 0.0995807 0 6219 0.158242 28.015 15.8127 0 87.02221 -63.7267 -46.3117 36.9727 0 0 -0 0 0 0 -0 0 1.11798 2.33154 0 3343.99 
0.0147820292237681901 0.895047 0 331934 28.0534 27.9988 15.7749 0 215.4191 156.556 -22.8155 146.201 0 0 0 0 0 0 0 0 0 0.885133 0 0 
0.0147941120359226727 0.426434 0 86890 0.185952 29.6683 19.9743 0 130.1341 31.8437 121.129 -35.3357 0 0 0 0 0 0 0 0 0 0 0 0 
0.014796957638329165 0.0901739 1 515940 0 23.4168 21.0751 0 0 1 -0.148442 -0.724891 -1.14096 0 -0 0 0 0 -0 0 0 1.59765 2.6596 3389.79 12799.8 
0.0148036585933485135 0.537985 0 171631 28.0086 27.9543 15.6714 0 181.7471 181.103 -7.9189 13.085 0 0 0 0 0 0 0 0 0 0 0 0 
0.0148060766833214355 0.55983 0 129944 0.135531 27.9493 15.66 0 57.11071 -0.542401 55.1564 14.8024 0 0 0 0 0 0 0 0 0 0 0 0 
0.0148105182891446838 0.623039 0 73589 27.9947 27.9404 15.6393 0 239.6061 -230.472 -65.5189 -0.918067 0 -0 0 0 0 -0 0 0 0 1.85711 0 0 
0.0148563311689158522 0.570769 0 300870 27.9003 27.8466 15.4228 0 133.0291 44.8293 -9.75019 -124.867 0 0 0 0 0 0 0 0 0.548274 0.548274 0 0 
0.0148776807724995443 1.13096 0 262055 27.8567 27.8033 15.3237 0 131.8051 -53.2761 -93.2092 -76.4608 0 0 -0 0 0 0 -0 0 0 0 0 0 
0.0148830917808149329 0.348959 0 223552 27.8459 27.7925 15.299 0 230.4111 -229.699 13.7186 11.8085 0 0 0 0 0 0 0 0 0.351521 1.03373 0 0 
0.0148921270048479985 1.20614 0 346540 27.8273 27.774 15.2569 0 96.19871 -90.4354 20.88 -25.2915 0 -0 0 0 0 -0 0 0 0 0 0 0 
0.0149091448312450511 0.196532 0 556609 0.0861359 28.1923 15.8959 0 92.59751 49.7707 -70.9527 32.6021 0 0 0 0 0 0 0 0 0.560356 1.68203 0 0 
0.0149181018512085269 0.116618 1 155899 0 29.1497 26.2347 0 0 1 0.00812001 -0.0231662 0.0139841 0 0 0 0 0 0 0 0 1.8354 3.18365 1913.81 5112.9 
0.0149986901018456555 0.419842 0 166801 0 27.5611 14.7762 0 259.5141 3.13597 239.192 -100.623 0 0 0 -0 0 0 0 -0 0 0 0 0 
0.0150281498586530889 16.8301 0 339850 27.5548 27.5031 14.647 0 292.2441 182.7 -201.321 107.224 0 0 0 0 0 0 0 0 0 0 0 0 
0.0150357153083302865 0.219844 0 89495 0.594157 27.4879 14.6134 0 93.03571 -92.5479 -1.98769 9.30417 0 0 0 0 0 0 0 0 0.22014 0.653737 0 10.6266 
0.0150690275200648753 0.396175 0 309816 0.452016 27.8258 15.1128 0 178.4781 -142.412 -61.7278 -88.107 0 -0 0 0 0 -0 0 0 1.16822 1.94706 0 5.9808 
0.0150921984554393852 0.751679 0 129927 0.119139 27.3778 14.3703 0 215.5651 63.4894 -205.455 15.0206 0 0 0 0 0 0 0 0 0 0 0 0 
0.015098536091890654 0.124768 1 530413 0 39.7292 35.7563 0 0 2 0.917553 0.725802 -0.170728 0 0 0 0 0 0 0 0 0.577315 1.76465 718.921 2098.49 
0.0151252732755531912 0.0550002 0 425499 1.2033 26.3432 23.7089 0 01 0 0 -0 0 0 0 -0 0 0 0 -0 2.03764 3.11283 7908.94 12718.9 
0.0151254296782070089 0.124738 1 470110 0 40.2961 36.2665 0 0 1 0.00606473 -0.300925 0.347959 0 0 0 0 0 0 0 0 1.84515 3.47783 752.16 4166.87 
0.0151316764476844817 0.225983 0 223825 27.3517 27.3011 14.2027 0 112.931 -112.519 -5.93282 7.57941 0 0 -0 0 0 0 -0 0 0.240517 0.472587 0 130.197 
0.0151384024615405077 0.111738 0 61838 0.338931 27.2887 14.1756 0 212.1481 -136.574 -162.303 3.45404 0 0 -0 0 0 0 -0 0 2.41616 4.10276 2860.21 6005.51 
0.0151395334479208533 0.187099 0 444090 0.0996875 36.2216 32.5994 0 01 0 0 -0 0 0 0 -0 0 0 0 -0 0.774499 2.45871 0 885.151 
0.0151536472355830211 0.816258 0 298005 27.3092 27.2589 14.1108 0 256.1661 247.47 8.79713 -65.591 0 0 0 -0 0 0 0 -0 0 0 0 0 
0.0151592599786210796 6.59459 0 18064 0 27.7105 14.6962 0 237.7731 169.334 133.18 -100.623 0 0 0 -0 0 0 0 -0 0 0 0 0 
0.0151885356358637414 0.218642 0 81542 0.34417 27.1919 13.9659 0 181.9311 -38.9033 -59.435 -167.49 0 0 0 -0 0 0 0 -0 0.654915 1.5506 151.051 604.884 
0.0151896914844978758 0.649517 0 340718 0.163461 27.1898 13.9616 0 329.4441 -159.114 287.598 22.4464 0 -0 0 0 0 -0 0 0 0 0.639837 0 0 
0.015206516769182889 0.43916 0 257243 27.2074 27.1576 13.8921 0 206.3961 56.3691 -198.526 -3.02717 0 0 0 -0 0 0 0 -0 0 0 0 0 
0.015214767184629361 0.245084 0 567515 0.172848 27.5947 14.7362 0 157.8941 121.657 -45.5784 89.737 0 0 0 0 0 0 0 0 0 0 0 0 
0.0152179041889601869 0.187343 0 561353 0.100875 27.3519 14.2461 0 136.941 43.4675 123.499 -40.1395 0 0 0 0 0 0 0 0 0.374657 1.16469 0 0 
0.0152222456667171473 0.105705 0 352578 0.0911309 27.128 13.8287 0 95.44391 68.1579 -63.3686 -21.1769 0 0 0 0 0 0 0 0 1.56815 3.15058 1467.19 5787.63 
0.0152432926869320567 0.213396 1 476915 0 25.5134 22.962 0 0 2 0.0237134 -0.00844717 -0.000913944 0 0 0 -0 0 0 0 -0 0.221494 1.0711 0 0 
0.0152672988168448334 0.257245 0 422365 0.250452 22.9395 20.6455 0 01 0 0 0 0 0 0 0 0 0 0 0 0.247946 2.02551 0 0 
0.0152895359311367735 2.17097 0 250839 27.0503 27.0014 13.5591 0 156.8581 144.204 61.4894 5.34007 0 0 0 0 0 0 0 0 0 0 0 0 
0.0153075439350158909 0.235783 0 465505 0.411173 27.3867 14.0775 0 145.1051 61.0974 -129.078 -25.7183 0 0 -0 0 0 0 -0 0 1.89359 3.06386 0 0 
0.0153213061843726281 12.9794 0 304714 26.9905 26.9419 13.4336 0 190.5811 -173.766 -27.1924 -73.3979 0 0 0 -0 0 0 0 -0 0 0 0 0 
0.0153362004666580762 0.496154 0 215333 26.9624 26.9139 13.375 0 37.77931 37.724 2.03923 -0.144667 0 0 0 -0 0 0 0 -0 0 0.489513 0 0 
0.0153388646547478937 0.0666773 0 481696 0.106861 27.0707 24.3636 0 01 0 -0 0 0 0 -0 0 0 0 -0 0 1.76399 3.05644 6608.25 14687.4 
0.015359992668827753 0.26573 0 187038 0.239526 27.3416 13.7929 0 160.4791 58.1278 44.8573 142.698 0 0 0 0 0 0 0 0 0.254116 0.507168 0 0 
0.0153932246411994916 0.250814 0 330072 0.188427 26.8083 13.1548 0 126.6271 -33.3627 21.3728 -120.268 0 0 0 0 0 0 0 0 0 0.773245 0 0 
0.0154075129848685235 0.308413 1 205268 0 22.811 20.5299 0 0 2 -0.0115543 0.0289303 0.00278701 0 0 0 0 0 0 0 0 0.291073 0.291073 0 0 
0.0155039291208429793 0.710481 1 487073 0 36.2208 32.5987 0 0 2 -0.000340489 0.00620428 0.0140596 0 0 0 0 0 0 0 0 0 0.702776 0 0 
0.0155164114705937922 0.102214 0 465781 0.115057 28.484 13.9101 0 182.7711 182.641 -6.82115 -0.974574 0 0 -0 0 0 0 -0 0 1.69621 3.54392 1825.33 2438.27 
0.0155228755904936472 0.156009 1 319813 0 41.6548 37.4893 0 0 2 0.0032337 -0.0509258 0.0143565 0 0 0 0 0 0 0 0 2.03186 3.17779 58.8484 1782.58 
0.015535778869007753 17.924 0 49516 0.129684 26.5495 12.6246 0 195.6431 -195.123 1.4055 -14.1898 0 0 0 0 0 0 0 0 0 0 0 0 
0.0155443013758456861 0.312786 0 242090 0.137912 26.9753 13.2255 0 199.1381 -88.2455 -63.4012 166.88 0 0 0 0 0 0 0 0 0.325971 1.29662 0 0 
0.0155796174450577342 0.186074 0 295684 26.5173 26.4713 12.4672 0 128.9751 56.7414 -45.4074 -106.551 0 0 0 0 0 0 0 0 0.951678 1.53351 0 568.291 
0.0155967606622197091 0.165482 0 305193 0.179258 26.4407 12.406 0 108.1111 93.5951 45.9717 28.5393 0 0 0 0 0 0 0 0 0.173421 0.513624 0 0 
0.0156031549940702421 0.254087 0 131361 1.46589 26.4295 12.3836 0 219.081 -147.284 -116.751 112.573 0 -0 0 0 0 -0 0 0 0.525545 0.791588 524.595 524.595 
0.0156476185382951431 0.162609 0 425607 0.582376 25.2338 22.7104 0 01 0 0 0 0 0 0 0 0 0 0 0 0.858981 1.5134 590.778 590.778 
0.0156903128178045199 0.397778 0 18681 0.670211 26.2766 12.0807 0 320.7631 303.823 -40.1637 94.6976 0 0 -0 0 0 0 -0 0 0.39061 0.7869 0 0 
0.0156940783597007867 0.208713 0 279961 0.112589 26.2698 12.0675 0 98.69671 -75.1943 -57.8126 -27.2867 0 0 0 0 0 0 0 0 1.06099 3.0196 0 641.011 
0.0157185091816858698 2.38137 0 335749 26.272 26.2272 11.9839 0 177.6351 139.152 110.117 8.07653 0 0 0 0 0 0 0 0 0 0 0 0 
0.0157333055759891483 1.179 0 195209 0.0889279 26.2017 11.9341 0 324.31 -2.99395 15.5039 323.916 0 0 0 0 0 0 0 0 0 0 0 0 
0.0157440900569081679 0.262178 0 145174 26.2275 26.183 11.8977 0 334.3851 -265.57 187.078 -79.2941 0 0 0 -0 0 0 0 -0 0 0.505679 0 0 
0.0157554756541639258 0.537221 1 0 0 26.1634 11.8596 0 0 1 -400.787 -5.7779 -247.834 1 -399.32 -29.6841 -249.632 0 0 -0 0 0 0.533479 0 0 
0.0157583205278703196 0.558399 0 125335 0.266028 26.5659 12.4071 0 183.831 -183.02 -16.8637 3.55593 0 0 0 0 0 0 0 0 0 0 0 0 
0.015762370925529099 8.31399 0 170681 0.203427 26.1516 11.8367 0 199.1731 158.537 -97.0026 -71.5978 0 0 0 0 0 0 0 0 0 0 0 0 
0.0158211398354543634 0.189065 1 0 0 26.0507 11.642 0 0 1 184.888 -305.708 -111.278 1 180.869 -294.689 -148.151 0 0 0 -0 0.19034 0.767368 643.792 643.792 
0.0158326138980717304 0.152494 0 171637 0.100563 26.0312 11.6046 0 218.5571 201.687 -15.8098 -82.7019 0 0 0 0 0 0 0 0 1.62746 3.09172 494.387 998.499 
0.0158358812814564168 0.720771 0 158284 0.10817 26.0256 11.5938 0 454.641 228.55 -356.487 -165.466 0 0 -0 0 0 0 -0 0 0 0 0 0 
0.0158524093298238293 0.543352 0 210569 0.182561 25.9976 11.5403 0 137.3021 -119.179 66.267 16.0242 0 0 0 0 0 0 0 0 0 0.518016 0 0 
0.0158580334119047435 0.335773 0 89672 0.090466 26.4714 7.29486 0 61.59581 61.5498 2.30596 0.590999 0 0 0 0 0 0 0 0 0.343329 0.676957 0 0 
0.0158582775871431644 0.350439 0 131510 0.181259 25.9876 11.5213 0 105.9351 104.735 -2.63782 15.6814 0 0 0 0 0 0 0 0 0.335706 0.688504 0 0 
0.0158657422912925478 0.760888 0 325539 26.0189 25.9754 11.498 0 267.6581 -4.62774 -266.413 -25.3676 0 0 0 0 0 0 0 0 0 2.30131 0 0 
0.0158706703459728475 0.0766465 0 491142 0.328094 35.0286 31.5258 0 01 0 0 0 0 0 0 0 0 0 0 0 2.52148 3.40488 6203.21 19875 
0.0158776298336039644 0.221277 1 489617 0 38.8414 34.9573 0 0 1 0.0577013 0.0688254 -0.484039 0 0 0 0 0 0 0 0 0.642232 2.14059 0 208.744 
0.015889800313815719 0.751672 0 369436 25.9777 25.9345 11.4203 0 213.4981 -62.4886 -97.7616 179.219 0 0 0 0 0 0 0 0 0 0 0 0 
0.0159428719704272637 0.498864 0 75139 0.172235 25.8456 11.2526 0 366.2671 359.299 64.2679 -30.4275 0 0 0 0 0 0 0 0 0 1.00992 0 0 
0.0159647122473466525 0.179505 1 565192 0 19.6127 17.6515 0 0 2 -0.0301445 -0.00764087 -0.0150442 0 -0 0 0 0 -0 0 0 0.357593 1.73302 0 0 
0.0159782949609897224 0.0937475 1 528487 0 30.9966 27.8969 0 0 2 0.000130288 -0.0167416 0.00307455 0 0 0 0 0 0 0 0 2.34899 3.35899 7064.45 13794.2 
0.0159813708068299275 1.01396 0 60209 0.109666 25.7816 11.1327 0 285.7971 -8.27496 264.74 107.352 0 0 0 0 0 0 0 0 0 1.00905 0 0 
0.0159940099769785293 0.367076 0 226518 25.803 25.7606 11.0938 0 231.0451 -94.989 -18.7287 209.781 0 0 -0 0 0 0 -0 0 0.372152 1.10365 0 0 
0.016024501726661991 0.196044 0 569828 0.21036 25.9432 11.3874 0 316.4441 -155.54 -34.9195 273.359 0 0 0 0 0 0 0 0 0.192383 1.34685 0 268.944 
0.0160458012712786403 0.777047 0 77143 25.7174 25.6755 10.9361 0 170.4551 -14.8501 53.477 -161.166 0 0 0 0 0 0 0 0 0 0.758165 0 0 
0.0160547814191834629 0.484692 0 260365 0.13638 26.1075 11.4955 0 174.4161 -112.556 -81.502 -105.402 0 0 -0 0 0 0 -0 0 0.486659 0.486659 0 0 
0.0160725619190965029 0.49311 0 39421 0.665716 25.6313 10.8548 0 95.65731 91.7255 24.8836 10.8421 0 0 0 0 0 0 0 0 0.494568 0.494568 0 122.836 
0.0161004821228526024 0.39802 0 166175 0.153337 25.5861 10.772 0 269.1711 -125.594 -236.304 -28.9702 0 0 -0 0 0 0 -0 0 0 0.403761 0 0 
0.0161532010747076141 0.0586951 0 105386 0.0890215 25.5008 10.6169 0 381.0331 55.6716 278.834 -253.649 0 0 0 0 0 0 0 0 1.8932 3.01516 6229.45 9960.57 
0.0161633412636208069 0.280889 0 305362 0.0915143 25.4843 10.5871 0 135.0761 -6.6321 134.627 -8.77655 0 0 0 0 0 0 0 0 0.283869 0.842704 0 0 
0.016169229682311128 0.113414 0 64738 0.288159 25.8906 11.1319 0 227.2671 -8.58472 -123.867 190.351 0 -0 0 0 0 -0 0 0 0.787903 2.7561 0 2193.67 
0.016208240815679311 0.346055 0 373425 25.4531 25.4125 10.458 0 206.2581 204.325 -24.3393 -14.183 0 0 -0 0 0 0 -0 0 0.681794 0.681794 0 0 
0.0162120578983345476 0.636741 0 126498 0.137607 25.4064 10.447 0 351.4691 -106.11 -45.8838 331.912 0 0 0 0 0 0 0 0 0 0 0 0 
0.0162528042028311122 0.988707 0 223851 25.3818 25.3415 10.3313 0 213.3781 -195.053 53.9534 -67.6299 0 0 0 0 0 0 0 0 0 0 0 0 
0.016258201268946379 0.973015 0 112460 0.785903 25.4797 10.5516 0 316.6671 303.278 -52.9231 74.162 0 0 0 0 0 0 0 0 0.955296 0.955296 0 0 
0.0162643343029771105 0.832392 0 315518 25.3638 25.3236 10.2995 0 229.1651 -68.9655 218.163 -12.8457 0 0 0 0 0 0 0 0 0 0 0 0 
0.0162697521837964348 1.5776 0 292351 25.3548 25.3147 10.2838 0 273.6641 179.072 -114.083 172.656 0 0 0 0 0 0 0 0 0 0 0 0 
0.0163001010276222248 0.718437 0 476744 0.116211 20.8533 18.768 0 01 0 0 0 0 0 0 0 0 0 0 0 0 0.732261 0 0 
0.0163201611584146214 0.103962 0 363707 0.082076 14.9817 13.4794 0 01 0 0 0 0 0 0 0 0 0 0 0 1.00324 1.46107 0 2580.17 
0.0163422381299654779 0.169349 0 350281 25.2405 25.201 10.0834 0 402.891 40.3178 390.283 -91.5119 0 0 0 -0 0 0 0 -0 0.165199 0.337345 0 0 
0.0163780432793855651 1.40659 0 298399 25.1847 25.1455 9.98655 0 450.7411 89.2934 46.7042 -439.332 0 0 0 0 0 0 0 0 0 0 0 0 
0.0163990182499921706 0.133485 0 190546 0.366231 25.1128 9.92991 0 186.5091 181.898 -19.6579 -36.2242 0 0 0 -0 0 0 0 -0 2.32413 5.8036 2320.85 4307.3 
0.0164022666513408133 0.340529 1 0 0 25.108 9.92155 0 0 1 -287.021 11.3272 -26.2816 1 -285.119 6.32859 -49.1077 0 0 0 0 0.665118 0.997583 0 154.527 
0.0164991516765496393 0.219644 1 442315 0 35.2116 31.6904 0 0 1 0.358019 -0.22248 0.068538 0 0 -0 0 0 0 -0 0 1.05186 3.43311 0 888.876 
0.0165085502353196044 0.713974 0 165019 0.727103 24.945 9.64179 0 275.311 33.5885 -204.431 -181.316 0 0 0 -0 0 0 0 -0 0 0.699176 0 0 
0.0165141986071147967 0.725204 0 270726 24.975 24.9368 9.62777 0 132.7041 -91.3555 -73.4626 -62.1923 0 0 -0 0 0 0 -0 0 0 0.730879 0 0 
0.0165206776813380911 0.306391 0 345478 24.9648 24.9266 9.6106 0 266.7371 -63.464 -24.2019 -257.944 0 0 0 0 0 0 0 0 0.889421 2.10126 0 0 
0.0165454832649692025 1.02 0 81629 0.129811 24.8891 9.5471 0 305.9981 305.695 12.6986 4.90067 0 0 0 0 0 0 0 0 0 0 0 0 
0.0165494021053827871 1.51063 0 262693 24.9211 24.8831 9.53697 0 337.3741 -144.128 -304.086 24.0915 0 -0 0 0 0 -0 0 0 0 0 0 0 
0.0165615441749497848 0.04698 0 185177 24.903 24.8651 9.50655 0 191.8361 -191.688 -5.60397 -5.07028 0 0 -0 0 0 0 -0 0 2.36009 3.70077 5465.32 18133.7 
0.016587539630383407 0.787626 0 186121 24.8636 24.8259 9.44066 0 191.3641 -180.838 54.8487 -30.1561 0 0 0 0 0 0 0 0 0.790778 0.790778 21.8463 21.8463 
0.0165910455908452464 2.4295 0 163317 24.8582 24.8205 9.43164 0 299.2461 217.51 -177.579 -103.456 0 0 -0 0 0 0 -0 0 0 0 0 0 
0.0165987502559854436 0.136382 0 197303 0.145969 24.8092 9.41268 0 272.3531 -240.972 -111.992 -59.7193 0 0 0 0 0 0 0 0 1.122 1.9594 0 3036.84 
0.0166000976961200516 0.177349 0 140637 24.8446 24.807 9.40899 0 211.5771 46.5526 145.404 146.477 0 0 0 0 0 0 0 0 0.840695 2.2112 905.131 1318.11 
0.0166135734106416799 0.236791 0 218580 0.464928 24.7869 9.37531 0 128.4431 -91.3822 8.41034 89.8669 0 0 0 0 0 0 0 0 0.935316 2.57896 700.904 979.117 
0.0166183192901548267 0.0986749 0 548897 0.14374 22.4906 20.2416 0 01 0 0 -0 0 0 0 -0 0 0 0 -0 1.23745 2.2859 3812.86 8864.8 
0.0166582061712348892 0.1737 0 413417 0.410713 25.2934 22.764 0 01 0 0 0 0 0 0 0 0 0 0 0 1.49518 2.87937 657.324 1168.93 
0.0166822186451168371 0.672094 0 219251 0.10713 24.6851 9.20642 0 271.2011 173.551 173.73 -115.099 0 0 0 0 0 0 0 0 0.66288 1.33276 0 0 
0.0166832706150885843 0.213088 1 22085 0 36.7263 33.0536 0 0 2 -0.000989383 0.00519366 0.00768101 0 0 0 0 0 0 0 0 0.212432 2.18181 0 294.549 
0.0167396377294558689 0.151228 0 226925 0.626543 24.6006 9.06769 0 386.3171 369.104 -113.887 5.74605 0 0 0 0 0 0 0 0 0.574265 1.43136 0 1297.38 
0.0167456607339693114 5.17731 0 87460 24.6284 24.5918 9.05333 0 214.6561 19.2931 72.4778 201.126 0 0 0 0 0 0 0 0 0 0 0 0 
0.0167523206267000888 0.7895 0 527151 0.0887723 32.4963 28.2366 0 4.630381 3.62508 0.943336 -2.72201 0 0 0 0 0 0 0 0 0 0.805714 0 0 
0.0167679858404056227 0.42447 1 428057 0 21.0526 18.9473 0 0 2 -0.00971146 -0.0158993 0.00161151 0 -0 0 0 0 -0 0 0 0 0.854068 0 0 
0.0168080467320371775 0.19546 0 291484 24.5372 24.5011 8.90603 0 317.5591 -200.779 240.305 -52.7717 0 0 0 0 0 0 0 0 0.965097 2.30543 0 730.211 
0.0168082287061441758 7.92623 0 77879 24.5368 24.5007 8.9054 0 178.4711 -141.367 -63.4479 88.5532 0 0 -0 0 0 0 -0 0 0 0 0 0 
0.0168339606576978114 0.823234 0 273440 0.0859131 24.4639 8.84607 0 180.7261 -162.725 77.6269 -12.5034 0 0 0 0 0 0 0 0 0 0 0 0 
0.0168564233816878781 0.900092 0 350672 24.4671 24.4313 8.79378 0 356.9161 216.889 70.668 -274.507 0 0 0 0 0 0 0 0 0.901699 0.901699 0 0 
0.0168696688387376496 4.25901 0 73656 24.4481 24.4123 8.76343 0 367.0461 366.817 0.914189 12.9323 0 0 0 0 0 0 0 0 0 0 0 0 
0.0168744984045761763 0.544815 0 300953 24.441 24.4053 8.7522 0 153.8971 62.1893 106.608 91.933 0 0 0 0 0 0 0 0 0 1.12154 0 0 
0.0169159649543622892 0.189329 0 284405 0.494537 17.7164 15.9435 0 01 0 0 -0 0 0 0 -0 0 0 0 -0 1.17383 2.91409 373.698 1145.56 
0.0169239536700010566 0.607134 0 383924 0.201253 24.7908 8.6268 0 191.4051 -49.547 -183.486 22.6669 0 0 0 0 0 0 0 0 0.60492 1.22934 94.2319 94.2319 
0.0169310570908494246 0.271196 0 284005 0.201374 18.0952 16.2849 0 01 -0 0 0 0 -0 0 0 0 -0 0 0 0.286545 0.286545 0 0 
0.0169469150148907691 0.164221 0 144498 0.428817 24.3021 8.58849 0 239.0921 -117.942 -181.455 -101.632 0 -0 0 0 0 -0 0 0 0.693034 1.21541 0 110.847 
0.0169566877411694607 2.23061 0 187804 0.745547 24.2885 8.56702 0 331.1171 152.3 -214.579 -200.994 0 0 0 0 0 0 0 0 0 0 0 0 
0.0169606339097820996 0.581727 0 118226 0.108354 24.2827 8.55794 0 218.6641 -138.263 -41.2031 164.316 0 0 -0 0 0 0 -0 0 0 0 0 0 
0.0170018904713472169 6.69708 0 264646 0.582673 24.6082 8.97531 0 476.9641 231.847 210.982 -359.483 0 0 0 0 0 0 0 0 0 0 0 0 
0.0170264525160825457 0.450413 0 165677 0.0939027 24.1904 8.41352 0 286.9551 -65.0323 245.248 134.043 0 0 0 0 0 0 0 0 0 1.35647 0 0 
0.0170546872978676427 0.147683 0 342776 0.327051 24.1508 8.35202 0 135.9361 126.885 -40.2163 -27.5936 0 0 0 -0 0 0 0 -0 0 0 0 0 
0.0171010813415543479 0.117829 0 361214 24.1206 24.0864 8.25265 0 140.7731 66.6718 -109.087 -58.9244 0 0 0 -0 0 0 0 -0 1.01223 1.94371 0 820.914 
0.0171743529616056115 0.157102 0 537753 0.23458 24.4395 7.73092 0 144.9731 93.1298 -20.8399 -109.132 0 0 0 0 0 0 0 0 2.28409 4.32527 1891.72 2155.67 
0.0171949674807364769 0.747396 0 371033 0.729781 23.9575 8.05613 0 369.0571 359.365 80.1974 -25.0585 0 0 0 0 0 0 0 0 0 0 0 0 
0.017254532930772247 0.484953 0 347707 23.91 23.8767 7.93453 0 309.0531 289.457 10.2374 -107.812 0 0 0 0 0 0 0 0 0 0 0 0 
0.0172775939434359656 0.27411 1 617912 0 17.631 15.8665 0 0 2 -2.15412 0.317265 -0.224263 0 -0 0 0 0 -0 0 0 0.548793 1.37142 0 0 
0.0172918042905571973 1.96335 0 215725 23.8596 23.8266 7.8597 0 379.2411 54.7144 -149.267 344.31 0 0 0 0 0 0 0 0 0 0 0 0 
0.0173216111575549628 0.378691 1 98258 23.7794 9.23742 8.31368 0 0 1 5.90754 -8.26058 47.0209 0 0 0 0 0 0 0 0 0 0.762352 0 0 
0.0173252094884557284 0.172648 0 272148 0.132702 23.7817 7.79319 0 189.6041 -162.825 86.9691 43.291 0 -0 0 0 0 -0 0 0 1.03849 2.70724 0 1754.61 
0.0173811831191430129 0.133604 0 443871 0.166201 37.2656 33.539 0 01 -0 0 0 0 -0 0 0 0 -0 0 0 1.74434 2.60668 0 2480.27 
0.0173823991319775016 0.141901 1 467484 0 53.3699 48.0329 0 0 1 -0.189522 -0.334723 0.106598 0 0 0 0 0 0 0 0 0.605175 1.75885 0 462.942 
0.017393284657751161 0.437481 0 83813 23.7236 23.6912 7.65997 0 124.5661 -27.1061 69.2267 99.9477 0 0 0 0 0 0 0 0 0 0.858236 0 0 
0.0174233338676415897 8.75937 0 109592 23.684 23.6517 7.60238 0 58.16421 -53.0368 -1.64336 23.8217 0 -0 0 0 0 -0 0 0 0 0 0 0 
0.0174507657987294125 0.295398 0 474190 0.180447 19.4656 17.519 0 01 0 0 0 0 0 0 0 0 0 0 0 0 0 0 0 
0.0174623275218080132 0.135883 1 425010 0 37.1628 33.4465 0 0 1 0.011718 -0.582066 -0.00246568 0 0 0 -0 0 0 0 -0 1.60092 3.74398 0 1346.14 
0.017464608553512305 2.19623 0 284557 0.313605 23.5974 7.5235 0 292.5991 -259.639 -111.811 75.498 0 -0 0 0 0 -0 0 0 0 0 0 0 
0.0174665425151066325 0.412865 0 96095 23.6268 23.5948 7.51982 0 347.7731 250.099 -235.762 53.0356 0 0 0 0 0 0 0 0 0 0 0 0 
0.0174738015705477243 0.324513 0 362626 23.6173 23.5854 7.50619 0 324.7141 319.037 28.0177 53.5711 0 0 0 0 0 0 0 0 0.321098 2.22853 0 0 
0.0174947264218490751 0.532425 0 327371 23.59 23.5582 7.467 0 369.8121 -24.8195 368.907 -7.25976 0 0 0 0 0 0 0 0 0.534255 0.534255 0 0 
0.0175225478096117 0.762804 0 212127 23.5537 23.522 7.41506 0 311.8561 301.395 56.1514 -57.1166 0 0 0 0 0 0 0 0 0 0 0 0 
0.0175637388850874536 0.194009 0 77061 0.0809809 23.4686 7.33886 0 207.5031 -3.82443 180.451 -102.374 0 0 0 0 0 0 0 0 0.376953 2.08963 0 1411.95 
0.0175920430167641091 0.0526915 1 492768 0 49.19 44.271 0 0 2 -0.00345939 -0.0151219 0.012359 0 -0 0 0 0 -0 0 0 1.61749 2.72679 4.90954 7023.49 
0.0176180717835994517 0.556462 0 251151 23.4299 23.3987 7.23993 0 254.261 4.91467 -152.526 -203.371 0 0 -0 0 0 0 -0 0 0 0 0 0 
0.0176396184030064539 0.220741 0 74516 23.4024 23.3714 7.20152 0 212.4421 161.488 -37.5393 -132.83 0 0 0 0 0 0 0 0 1.09429 3.01587 0 1469.07 
0.0177585286647234872 0.115649 1 258075 0 8.9932 8.09388 0 0 1 -269.513 112.153 -142.155 0 0 0 0 0 0 0 0 1.26715 2.67436 3381.37 5438.57 
0.017811562678740421 0.0712105 1 424569 0 45.3136 40.7822 0 0 1 -0.229717 0.159496 0.491509 0 -0 0 0 0 -0 0 0 1.96762 3.07484 3262.32 11007.9 
0.017864501281940913 0.214103 1 451671 0 9.12549 8.21294 0 0 1 11.4603 -32.5231 17.3644 0 0 0 0 0 0 0 0 0.842637 2.57675 0 0 
0.0178724724627277592 0.278586 0 317111 23.1091 23.0793 6.79913 0 233.3251 -109.196 204.273 -28.097 0 0 0 0 0 0 0 0 0.548897 1.10877 0 253.19 
0.0179706587805807359 0.184476 0 31525 0.189773 22.9589 6.63775 0 189.5131 -141.054 46.109 117.868 0 0 0 0 0 0 0 0 0.75821 2.0943 0 526.447 
0.0179939630096327442 0.167949 0 78975 0.554027 22.9306 6.6002 0 400.4361 -394.681 66.2706 13.5591 0 0 0 0 0 0 0 0 0.35671 2.37542 0 112.623 
0.0180384409696755961 0.31239 0 577094 0.721292 22.8769 6.54338 0 158.7051 1.54814 145.546 63.2546 0 0 0 0 0 0 0 0 0 0.30941 0 0 
0.0180649011707501791 0.286104 0 175854 22.8738 22.8451 6.48749 0 67.96811 67.1714 -9.49746 4.17949 0 0 0 0 0 0 0 0 0.278152 1.12362 0 0 
0.0180859421888064503 0.562766 0 159018 0.484722 22.8198 6.45455 0 302.6931 -85.2563 195.707 -214.6 0 0 0 -0 0 0 0 -0 0 1.7019 0 0 
0.0180886618756278018 0.358117 0 106367 1.03532 22.8167 6.45043 0 256.0581 -104.177 179.068 150.49 0 0 0 0 0 0 0 0 0.361351 0.718965 0 1393.09 
0.0181259717230253282 0.195113 0 444015 0.354312 28.781 25.9029 0 01 0 0 0 0 0 0 0 0 0 0 0 0.588685 2.74292 399.48 491.362 
0.0181320036536113047 0.260426 0 208112 22.7934 22.765 6.3832 0 302.6451 260.778 52.5734 -144.308 0 0 0 0 0 0 0 0 0.246712 1.02411 0 0 
0.0181356545393312092 0.37104 0 153408 22.7891 22.7607 6.37766 0 178.4951 178.433 3.85729 2.72035 0 0 0 0 0 0 0 0 0 1.14583 0 0 
0.0181537652514101068 0.644949 0 437854 0.46825 17.7828 16.0033 0 01 0 0 0 0 0 0 0 0 0 0 0 0 0 0 0 
0.0181981811558558117 0.319721 0 263938 22.7149 22.6867 6.28247 0 129.1351 128.949 6.20343 3.1165 0 0 0 0 0 0 0 0 0.319721 2.57214 0 69.6602 
0.0182081578341154945 0.352875 0 225192 22.7032 22.6751 6.26762 0 238.8061 -95.799 49.6924 -213.029 0 0 0 0 0 0 0 0 0.36688 1.09775 0 0 
0.0182561870326747935 1.57361 0 360550 22.6465 22.6186 6.19562 0 77.4661 25.7156 -71.8411 -13.362 0 0 0 -0 0 0 0 -0 0 0 0 0 
0.0182684698931560655 0.728854 0 277375 22.6323 22.6045 6.17772 0 366.1691 339.759 -114.018 75.1224 0 0 0 0 0 0 0 0 0 1.43991 0 0 
0.0183000446039217023 2.29682 0 224545 22.5951 22.5675 6.13097 0 536.1581 529.299 85.1428 7.69991 0 0 0 0 0 0 0 0 0 2.45095 0 0 
0.0183234707593427672 0.475592 0 148434 22.568 22.5404 6.09695 0 203.0141 -186.889 8.29317 -78.8571 0 0 0 0 0 0 0 0 0.480243 1.91602 0 0 
0.0183307926436228133 2.25172 0 320760 22.5594 22.5319 6.08626 0 246.1551 -210.865 3.66722 -126.944 0 0 0 0 0 0 0 0 0 2.28426 0 0 
0.0183464372879096546 0.228806 0 379599 0.0801336 22.5139 6.06369 0 375.6821 -167.529 282.072 -183.048 0 0 0 -0 0 0 0 -0 0 0.246593 0 0 
0.0183485859530618765 2.01666 0 337060 22.5388 22.5114 6.06056 0 451.4241 342.999 280.205 87.2936 0 0 0 0 0 0 0 0 0 0 0 0 
0.0184299657247983632 0.888572 0 13000 22.4451 22.418 5.94463 0 215.61 -81.0763 -97.763 174.219 0 0 0 0 0 0 0 0 0 0 0 0 
0.0184635322014552149 0.436209 0 45426 0.0988382 22.3799 5.89767 0 171.491 134.825 27.3551 102.384 0 0 0 0 0 0 0 0 0 1.26911 0 0 
0.0185374131857268636 0.182436 1 423036 0 35.7542 32.1788 0 0 2 0.00234736 0.00058802 0.00345115 0 0 0 0 0 0 0 0 1.95534 3.00154 123.758 820.142 
0.0185786897937810988 0.322909 1 229597 0 9.14628 8.22645 0 0 2 -2.47278 -1.96244 -2.39821 0 0 0 0 0 0 0 0 1.28322 2.57602 0 254.498 
0.0186234006249333013 0.14099 1 487096 0 37.8232 32.1198 0 0 2 -0.00518554 0.0312974 -0.0111474 0 0 0 -0 0 0 0 -0 1.33297 3.35301 2280.35 2280.35 
0.0186255440611408363 0.160452 1 425085 0 8.70121 7.83109 0 0 2 21.7683 -12.7434 42.0874 0 0 0 0 0 0 0 0 0.741863 1.96532 268.719 316.701 
0.018652518408704577 0.820893 0 293340 22.1941 22.1681 5.64181 0 139.7981 83.1675 64.6709 91.8935 0 0 0 0 0 0 0 0 0 1.67605 0 0 
0.0186567203773319937 0.609323 0 488260 0.206342 16.9777 15.2778 0 01 0 0 0 0 0 0 0 0 0 0 0 0 0.616326 0 0 
0.0186689988868444894 0.0234228 1 428433 0 20.6979 18.6281 0 0 2 -0.0129976 -0.0173228 -0.01398 0 0 0 0 0 0 0 0 1.62221 3.22862 4662.83 13786.7 
0.0186845134110408331 0.54106 0 342879 0.187971 22.1327 5.59986 0 287.6811 -44.4122 87.6335 -270.385 0 -0 0 0 0 -0 0 0 1.09519 2.19528 0 130.844 
0.0187012340482873539 0.111036 1 428398 0 43.1515 38.8363 0 0 1 0.414562 -0.00483631 0.00122913 0 0 -0 0 0 0 -0 0 1.98239 3.68912 1581.3 2904.47 
0.0187489744265898796 1.03411 0 189779 22.0877 22.0621 5.51665 0 448.6071 240.542 -77.4094 370.669 0 0 0 0 0 0 0 0 0 1.07182 0 0 
0.0187796421126715483 0.767683 0 161955 0.225385 22.4568 5.58737 0 163.3351 163.204 -0.0271098 6.53021 0 0 0 0 0 0 0 0 0 0 0 0 
0.0187807573254924823 0.18 0 153745 0.294337 22.0274 19.6456 0 01 0 0 0 0 0 0 0 0 0 0 0 0.529659 0.886092 0 1006.42 
0.0187814741102937839 0.437373 0 163978 22.052 22.0265 19.6449 0 01 0 -0 0 0 0 -0 0 0 0 -0 0 0.858377 0.858377 0 137.195 
0.018785213839694493 0.323036 0 421919 0.176886 22.4161 5.91754 0 251.5351 -58.7756 79.7746 231.195 0 0 0 0 0 0 0 0 0 0 0 0 
0.0188165464186766489 0.420794 0 334931 12.7644 22.3467 5.84722 0 340.9411 338.994 -18.2741 -31.4573 0 0 0 0 0 0 0 0 0 0.86152 0 0 
0.0188326630100999308 0.150455 0 143717 21.9963 21.9711 19.5959 0 01 0 0 0 0 0 0 0 0 0 0 0 0.903056 1.48931 0 518.589 
0.0188760765370096784 0.267347 1 440269 0 27.9352 25.1417 0 0 1 0.237626 -0.171443 0.0634844 0 0 -0 0 0 0 -0 0 0.779316 3.17374 0 0 
0.0189361705939636825 0.453147 0 291729 0.488906 21.8602 19.498 0 01 -0 0 0 0 -0 0 0 0 -0 0 0 0.450996 1.80803 0 0 
0.0189493108570440438 0.203047 0 150319 0.305451 21.8462 19.4856 0 01 0 0 -0 0 0 0 -0 0 0 0 -0 0.592603 2.02413 0 0 
0.018973856484400628 0.258761 0 315344 0.117851 21.82 19.4624 0 01 0 0 0 0 0 0 0 0 0 0 0 0.523366 1.32086 0 0 
0.0189795049578064534 0.242336 0 487992 0.125015 32.8927 29.6035 0 01 0 -0 0 0 0 -0 0 0 0 -0 0 0.968742 2.44343 117.748 210.402 
0.018988987714502973 2.95622 0 205292 21.8287 21.8041 19.4484 0 01 -0 0 0 0 -0 0 0 0 -0 0 0 0 0 0 0 
0.0190050987968870197 0.596742 0 24795 21.8114 21.7868 19.4332 0 01 0 -0 0 0 0 -0 0 0 0 -0 0 0 0.605921 0 0 
0.019034903371618863 1.93047 1 546483 0 16.0231 14.4176 0 0 2 0.00737083 -0.00816958 -0.0370212 0 0 0 0 0 0 0 0 0 0 0 0 
0.0190449777465423707 0.603315 0 211548 0.332531 21.7449 19.3961 0 01 0 0 0 0 0 0 0 0 0 0 0 0 1.24102 0 0 
0.0190535257220207713 0.257335 0 274970 21.7604 21.7361 19.3883 0 01 0 0 0 0 0 0 0 0 0 0 0 0.260695 2.10828 0 0 
0.0190951173349799795 0.222592 0 5802 0.359372 21.9641 19.3714 0 01 -0 0 0 0 -0 0 0 0 -0 0 0 0.220027 0.855116 0 0 
0.0190965154297483564 0.418669 0 62404 21.7151 21.6909 19.3484 0 01 0 0 0 0 0 0 0 0 0 0 0 0.810589 0.810589 1.59309 1.59309 
0.019097775317196676 0.0815916 0 57626 0.0974376 21.6896 19.3472 0 01 0 0 0 0 0 0 0 0 0 0 0 2.02096 2.79796 6302.24 12938 
0.0191122917492867611 2.63314 0 359198 21.6985 21.6744 19.3338 0 01 0 0 0 0 0 0 0 0 0 0 0 0 0 0 0 
0.019127954280511384 0.118337 1 63483 0 32.904 29.6136 0 0 1 0.0179542 0.0110106 0.0244353 0 0 0 0 0 0 0 0 2.15305 3.37621 223.954 1763 
0.0191484692054001981 0.571326 0 499137 0.488897 22.0198 12.1283 0 01 0 0 0 0 0 0 0 0 0 0 0 0 0 0 0 
0.0191992498787784995 0.193473 0 63111 0.129052 21.5844 19.2542 0 01 0 0 0 0 0 0 0 0 0 0 0 0.796015 1.19519 0 258.581 
0.0191995910871624598 0.508075 0 390634 21.6079 21.5841 19.2539 0 01 0 0 0 0 0 0 0 0 0 0 0 0 1.49958 0 0 
0.0192119664816968565 0.958268 0 376119 0.106489 21.9775 18.7486 0 01 0 0 -0 0 0 0 -0 0 0 0 -0 0 1.91452 0 0 
0.0192176742516663793 5.20267 0 248725 21.5892 21.5654 19.2374 0 01 -0 0 0 0 -0 0 0 0 -0 0 0 0 0 0 0 
0.019234646881395024 0.522952 0 379927 21.5719 21.5482 19.2222 0 01 0 -0 0 0 0 -0 0 0 0 -0 0 0.530466 0.530466 0 0 
0.0192577942197571586 0.202367 0 190379 21.548 21.5245 19.2012 0 01 -0 0 0 0 -0 0 0 0 -0 0 0 0.791854 0.983309 0 0 
0.0192658297377163203 1.85569 0 354927 21.5397 21.5162 19.1938 0 01 0 -0 0 0 0 -0 0 0 0 -0 0 0 0 0 0 
0.0192699234659963539 0.186577 0 542995 0.507684 16.2635 14.6343 0 01 0 -0 0 0 0 -0 0 0 0 -0 0 2.31314 2.88895 199.033 199.033 
0.0192715541457873125 0.21007 0 412286 0.531646 21.5972 19.2655 0 01 0 0 0 0 0 0 0 0 0 0 0 0 1.08389 0 0 
0.0192851898807151721 0.712594 0 150526 0.369215 21.4966 19.1765 0 01 0 0 -0 0 0 0 -0 0 0 0 -0 0 0 0 0 
0.0192942911580252438 18.7238 0 388351 21.5107 21.4873 19.1683 0 01 -0 0 0 0 -0 0 0 0 -0 0 0 0 0 0 0 
0.0192970622390207201 4.78553 0 34929 0.143831 21.4843 19.1656 0 01 0 0 0 0 0 0 0 0 0 0 0 0 0 0 0 
0.0193163894049521549 0.16433 1 443355 0 15.5482 13.9898 0 0 2 4.01342e-06 -0.00970805 -0.016118 0 0 0 0 0 0 0 0 1.03434 1.55175 774.862 1574.36 
0.0193172144806341498 0.341328 0 395282 21.4874 21.4641 19.1478 0 01 0 0 0 0 0 0 0 0 0 0 0 0.688564 1.6988 45.1301 45.1301 
0.0193182062616729863 0.742555 0 224730 0.0847534 21.4629 19.1467 0 01 0 0 0 0 0 0 0 0 0 0 0 0 0 0 0 
0.0193318555512375853 0.0737745 0 150063 0.152811 21.6112 19.4501 0 01 0 0 0 0 0 0 0 0 0 0 0 1.83701 3.69275 3058.65 10255.8 
0.0193567052822940303 0.253073 0 206654 21.4472 21.424 19.1123 0 01 0 0 -0 0 0 0 -0 0 0 0 -0 0.263108 1.81135 0 0 
0.0193991362766827782 0.223315 0 219189 0.537558 21.3812 19.0745 0 01 0 0 0 0 0 0 0 0 0 0 0 0.209602 0.436654 0 0 
0.0194262967823062814 0.300049 0 296508 0.146829 21.354 19.0503 0 01 -0 0 0 0 -0 0 0 0 -0 0 0 0.911631 1.50673 0 0 
0.0194660390994573183 1.17074 0 348244 21.3372 21.3144 19.0153 0 01 -0 0 0 0 -0 0 0 0 -0 0 0 0 0 0 0 
0.0194680180186606704 0.199577 1 435471 0 33.193 29.8737 0 0 2 0.0014488 -0.00435637 -0.00712861 0 0 0 0 0 0 0 0 0 0 0 0 
0.0195116603574536605 0.119862 0 51605 0.20048 16.3241 14.6888 0 01 0 0 0 0 0 0 0 0 0 0 0 0.581288 1.19245 44.7775 195.826 
0.0195307867392676485 0.138438 0 494810 0.0990193 21.4643 18.9942 0 01 0 0 -0 0 0 0 -0 0 0 0 -0 0.145156 1.62236 0 0 
0.0195545597015330704 0.748959 0 2133 21.2494 21.2269 18.9379 0 01 0 0 0 0 0 0 0 0 0 0 0 0 2.29059 0 0 
0.0195799534800007342 0.084381 0 483677 0.400696 21.2018 19.2381 0 01 -0 0 0 0 -0 0 0 0 -0 0 0 1.85689 3.46194 5921.25 7849.66 
0.0196123124518103216 1.71561 0 447173 0.50547 32.8716 28.4306 0 01 0 0 0 0 0 0 0 0 0 0 0 0 0 0 0 
0.0196125054823000113 0.262137 0 161127 0.0874421 21.1699 18.8874 0 01 0 0 0 0 0 0 0 0 0 0 0 0.257359 0.774997 0 0 
0.019631979659110517 0.230072 0 292075 21.1734 21.1512 18.8708 0 01 0 0 0 0 0 0 0 0 0 0 0 0.963005 2.18631 0 1.268 
0.019688028068024041 0.769136 0 272079 21.1185 21.0965 18.8224 0 01 0 0 -0 0 0 0 -0 0 0 0 -0 0 0 0 0 
0.0197424320613306149 0.163805 0 239250 21.0658 21.044 18.7759 0 01 0 0 -0 0 0 0 -0 0 0 0 -0 1.39556 2.46783 148.454 986.045 
0.0197557662655091747 0.555141 0 13778 21.0531 21.0313 18.7646 0 01 0 0 0 0 0 0 0 0 0 0 0 0 1.12881 0 0 
0.0197965919806811844 2.22358 0 61834 21.0137 20.9921 18.7299 0 01 0 0 -0 0 0 0 -0 0 0 0 -0 0 0 0 0 
0.0198343083095152417 0.0723448 0 492408 0.497305 34.5187 29.3327 0 01 0 0 -0 0 0 0 -0 0 0 0 -0 2.68847 4.43308 7583.41 16765.7 
0.0198343083095152417 0.194117 0 239312 20.9777 20.9562 18.6981 0 01 0 0 0 0 0 0 0 0 0 0 0 0.999176 2.57151 0 463.437 
0.0198440363921698962 0.234955 1 525857 0 56.905 51.2145 0 0 2 0.0103731 -0.00309845 0.0133175 0 0 0 0 0 0 0 0 0.968738 3.37335 0 113.936 
0.0198526758113905973 0.0984911 0 684081 0.433884 21.3475 15.1206 0 01 0 0 0 0 0 0 0 0 0 0 0 2.09573 4.11376 4886.37 14645.5 
0.0198713656938099316 0.43615 0 288966 20.9424 20.9211 18.667 0 01 0 0 0 0 0 0 0 0 0 0 0 1.26863 1.26863 0 0 
0.019885186289352489 6.17317 0 164300 0.0949363 20.9079 18.6553 0 01 0 0 0 0 0 0 0 0 0 0 0 0 0 0 0 
0.0199004618684990517 0.063334 0 199578 20.9148 20.8935 18.6426 0 01 0 0 0 0 0 0 0 0 0 0 0 1.18344 2.35364 1724.63 6438.65 
0.0199149822208310595 0.538287 0 281742 20.901 20.8798 18.6304 0 01 0 -0 0 0 0 -0 0 0 0 -0 0 0 0.5311 0 0 
0.0199336611268814481 0.312298 0 306998 20.8835 20.8623 18.6149 0 01 0 0 0 0 0 0 0 0 0 0 0 0.605804 1.50734 0 0 
0.0199845731075719811 0.506689 0 508689 0 28.9063 17.6877 0 65.80041 51.1781 -29.762 -28.7178 0 0 0 0 0 0 0 0 0 0 0 0 
0.020046589530250309 0.661914 0 256319 0.971697 20.7569 18.5215 0 01 0 0 0 0 0 0 0 0 0 0 0 0 0 0 0 
0.0200481304650983079 0.18512 0 346161 1.08892 20.7555 18.5203 0 01 0 0 0 0 0 0 0 0 0 0 0 0.512938 1.74078 0 0 
0.0200508828589936565 0.272503 0 171741 20.7738 20.753 18.518 0 01 0 0 0 0 0 0 0 0 0 0 0 0.552329 1.93858 0 218.581 
0.0200710635123547837 0.393654 1 590525 0 16.4936 14.8416 0 0 2 0.00767609 0.00341155 -0.00759554 0 0 0 0 0 0 0 0 0 0 0 0 
0.020192267280870254 0.400561 0 274639 20.6435 20.6232 18.4029 0 01 0 0 0 0 0 0 0 0 0 0 0 0 0.405795 0 0 
0.0202006301007641303 0.708137 0 52009 0.189382 20.6155 18.3961 0 01 0 0 0 0 0 0 0 0 0 0 0 0 0 0 0 
0.0202185310880292415 0.314396 0 297516 0.0969621 20.5994 18.3818 0 01 0 0 0 0 0 0 0 0 0 0 0 0.330466 2.27858 0 0 
0.0202492706821139588 0.554681 0 33876 0.420926 20.5715 18.3571 0 01 0 0 0 0 0 0 0 0 0 0 0 0 0 0 0 
0.0202683617756251287 0.366807 0 163707 20.5744 20.5543 18.3418 0 01 -0 0 0 0 -0 0 0 0 -0 0 0 0.727612 1.82765 0 0 
0.0202821051813906056 0.249864 0 420954 1.08035 18.6737 16.8063 0 01 -0 0 0 0 -0 0 0 0 -0 0 0 0.234387 0.9507 0 0 
0.0202909186087885975 0.367226 0 98571 0.103522 20.534 18.3238 0 01 0 -0 0 0 0 -0 0 0 0 -0 0 1.1 1.85107 0 458.349 
0.0202979280778412194 0.805569 0 469151 0.287451 15.2007 13.6767 0 01 0 0 0 0 0 0 0 0 0 0 0 0 0 0 0 
0.0203008089128819263 0.228606 0 382843 0.127732 20.885 18.0931 0 01 0 0 0 0 0 0 0 0 0 0 0 0.712174 2.12894 0 69.1125 
0.0203380549736419704 0.37054 0 23718 0.0859826 20.4916 18.2862 0 01 0 0 0 0 0 0 0 0 0 0 0 0.369086 0.742089 0 0 
0.0203481560150880827 0.157946 0 327355 20.5024 20.4826 18.2782 0 01 0 0 0 0 0 0 0 0 0 0 0 2.04975 3.99244 2432.76 3807.39 
0.0203661998063987375 0.085066 1 444398 0 33.7241 30.3517 0 0 2 -0.0803808 0.0656715 -0.335248 0 0 0 0 0 0 0 0 1.85859 2.51791 2574.25 8182.7 
0.0203681591427438587 1.20061 0 563607 0.082608 25.6576 10.6151 0 319.0851 -281.328 115.707 96.344 0 0 0 0 0 0 0 0 0 0 0 0 
0.0203757177760370174 0.122592 0 315834 20.478 20.4582 18.2566 0 01 -0 0 0 0 -0 0 0 0 -0 0 0 2.25549 3.53546 2774.39 5022.96 
0.0204258326476348256 0.19893 0 576601 0.14878 32.1655 28.949 0 01 0 -0 0 0 0 -0 0 0 0 -0 0 0 0.967231 0 0 
0.0204296177621389533 0.810424 0 82874 0.0812437 20.4103 18.2141 0 01 0 0 0 0 0 0 0 0 0 0 0 0 0 0 0 
0.0204384461972155138 0.241608 0 527025 0.661606 24.7623 22.286 0 01 0 0 0 0 0 0 0 0 0 0 0 0 0.23071 0 0 
0.0204460605195147006 0.262532 0 143635 0.108744 20.3958 18.2013 0 01 0 0 0 0 0 0 0 0 0 0 0 0 1.8354 0 0 
0.0204707979673791514 0.493099 0 263425 20.3934 20.374 18.1818 0 01 0 0 0 0 0 0 0 0 0 0 0 0 0 0 0 
0.0204795764417599162 0.644847 1 334827 0 20.3662 18.1749 0 0 2 -6.38748e-05 -0.0132726 0.00949124 0 0 0 0 0 0 0 0 0.648909 1.28699 0 0 
0.0204870031899499309 0.134569 0 148444 0.141003 20.3595 18.169 0 01 0 0 0 0 0 0 0 0 0 0 0 1.21084 2.54609 0 1546.96 
0.0204923159017666619 0.223097 1 480171 0 18.1123 16.3003 0 0 2 0.00521502 -0.00910436 0.00423259 0 0 0 0 0 0 0 0 1.29346 3.25226 0 390.297 
0.020567328521453463 7.24814 0 29294 20.3085 20.2894 18.1068 0 01 0 0 0 0 0 0 0 0 0 0 0 0 0 0 0 
0.0206179019356002927 2.61676 0 44830 20.2644 20.2453 18.0677 0 01 0 0 -0 0 0 0 -0 0 0 0 -0 0 0 0 0 
0.0206338639882150433 0.994679 0 317577 20.2506 20.2317 18.0555 0 01 0 0 0 0 0 0 0 0 0 0 0 1.0076 3.05866 0 0 
0.0206425834340582433 0.774006 0 332012 0.121718 20.224 18.0488 0 01 0 0 0 0 0 0 0 0 0 0 0 0 0.771206 0 0 
0.020657120505522715 0.293672 0 167944 20.2305 20.2116 18.0377 0 01 0 0 0 0 0 0 0 0 0 0 0 0.301871 2.10585 0 0 
0.0206684532888469774 0.121798 0 88115 0.0911512 20.2017 18.0289 0 01 -0 0 0 0 -0 0 0 0 -0 0 0 1.51825 2.80257 855.18 4313.2 
0.0206993490747270185 0.137778 0 512247 0.102608 26.7662 13.0674 0 168.8411 166.557 27.5414 2.73872 0 0 0 0 0 0 0 0 0.280691 1.42912 0 0 
0.0207247322584535702 0.243148 0 341480 20.1722 20.1534 17.9861 0 01 0 0 0 0 0 0 0 0 0 0 0 0 0.953543 0 0 
0.0207400074860124815 0.196135 1 627966 0 16.0507 14.4425 0 0 2 -0.00348369 0.00950533 -0.0266799 0 0 0 0 0 0 0 0 0.57215 1.7142 0 284.6 
0.0207531224858173713 0.85004 0 148344 0.215228 20.1291 17.9645 0 01 0 0 0 0 0 0 0 0 0 0 0 0 0.852036 0 0 
0.0207605049765262027 0.156036 0 59383 0.446342 20.1228 17.959 0 01 0 0 0 0 0 0 0 0 0 0 0 0.578298 2.0009 0 421.515 
0.0207831803677644249 2.3889 0 171146 20.1221 20.1035 17.9419 0 01 0 0 0 0 0 0 0 0 0 0 0 0 0 0 0 
0.0208463795431459153 0.245569 0 196880 20.0684 20.05 17.8944 0 01 0 -0 0 0 0 -0 0 0 0 -0 0 0.242933 0.483668 0 0 
0.0208820427130010401 0.364316 0 217149 20.0382 20.0199 17.8677 0 01 -0 0 0 0 -0 0 0 0 -0 0 0 0 0.714595 0 0 
0.0209034143830197604 1.01681 0 425285 1.95851 16.2478 14.6201 0 01 0 0 0 0 0 0 0 0 0 0 0 1.00637 1.00637 0 0 
0.0209430316129215234 1.15508 0 320644 19.9869 19.9688 17.8224 0 01 -0 0 0 0 -0 0 0 0 -0 0 0 1.16268 1.16268 0 14.3267 
0.0209721491838041861 5.39349 0 144527 19.9627 19.9446 17.8009 0 01 0 0 -0 0 0 0 -0 0 0 0 -0 4.509 4.509 0 0 
0.0209888753592976166 0.457312 0 185677 0.126219 19.9306 17.7885 0 01 0 0 0 0 0 0 0 0 0 0 0 0.440905 0.893222 0 0 
0.0210080940508076894 0.440826 0 431199 0.129052 23.3575 7.18201 0 92.09431 86.79 -10.6357 28.909 0 0 0 0 0 0 0 0 0 0 0 0 
0.0210218888863871294 0.218033 0 106217 0.381557 19.9032 17.7642 0 01 0 0 0 0 0 0 0 0 0 0 0 0.429121 1.28752 0 85.8236 
0.0210597621353922591 0.289209 0 593828 0.18897 19.872 8.265 0 01 0 0 0 0 0 0 0 0 0 0 0 0.874916 1.47059 0 660.575 
0.0211141837150135327 4.47598 0 361639 19.8449 19.8272 17.6968 0 01 0 0 -0 0 0 0 -0 0 0 0 -0 0 0 0 0 
0.0211329857529913602 0.212898 0 322070 19.8294 19.8118 17.6831 0 01 0 0 0 0 0 0 0 0 0 0 0 0.218086 0.880996 0 0 
0.0211406357282544373 0.183972 1 453961 0 56.7418 51.0676 0 0 2 -0.0129117 0.0203898 0.0264648 0 0 0 0 0 0 0 0 0 0.773198 0 0 
0.0211409017463945123 0.803077 0 1612 0.148348 19.8054 17.6774 0 01 0 0 -0 0 0 0 -0 0 0 0 -0 0 0 0 0 
0.0211421777051449128 0.172287 0 7154 0.666551 19.8044 17.6765 0 01 0 0 0 0 0 0 0 0 0 0 0 0.868943 2.75886 0 0 
0.0211496868137769183 0.30076 0 207105 19.8158 19.7982 17.671 0 01 0 0 0 0 0 0 0 0 0 0 0 0.298191 0.60143 0 3.30593 
0.0211721596201771799 0.521329 0 385145 19.7974 19.7799 17.6548 0 01 0 0 -0 0 0 0 -0 0 0 0 -0 0 1.0354 0 0 
0.0211954688350564427 3.01423 0 220044 19.7784 19.7609 17.6379 0 01 0 0 0 0 0 0 0 0 0 0 0 0 0 0 0 
0.0211962295065592256 0.369889 0 491993 0 20.2567 17.6291 0 01 0 0 0 0 0 0 0 0 0 0 0 0 0 0 0 
0.0212728682148009517 0.208061 0 454129 0 27.0059 24.3053 0 01 -0 0 0 0 -0 0 0 0 -0 0 0 0.215907 0.62882 0 0 
0.021282121980000724 0.143307 0 29937 0 19.6909 17.5758 0 01 0 0 0 0 0 0 0 0 0 0 0 0.898509 1.92344 0 1004.4 
0.0213134913210343176 0.282954 0 175405 0.225739 19.6658 17.5535 0 01 0 0 0 0 0 0 0 0 0 0 0 0.556687 1.93755 0 0 
0.0213603538692821414 0.281752 0 184723 19.6454 19.6284 17.5203 0 01 -0 0 0 0 -0 0 0 0 -0 0 0 1.11841 1.39895 0 401.523 
0.0213645470242608965 0.0724837 0 15890 19.6421 19.625 17.5173 0 01 0 0 0 0 0 0 0 0 0 0 0 2.27656 3.49368 7555.61 14993.4 
0.0213696199587778447 0.427764 0 215401 19.6379 19.6209 17.5137 0 01 0 0 0 0 0 0 0 0 0 0 0 0 0 0 0 
0.0213950737792786144 0.255842 0 212981 0.568371 19.6007 17.4958 0 01 0 0 0 0 0 0 0 0 0 0 0 0.253998 1.03872 0 0 
0.0213958560534362567 0.153166 0 357181 19.6172 19.6002 17.4953 0 01 0 0 0 0 0 0 0 0 0 0 0 0.817972 2.62586 0 521.826 
0.0214057460715688826 4.10576 0 329030 19.6094 19.5925 17.4884 0 01 0 0 0 0 0 0 0 0 0 0 0 0 0 0 0 
0.0214068780233494793 0.755058 0 179770 19.6083 19.5914 17.4875 0 01 0 0 0 0 0 0 0 0 0 0 0 0 0 0 0 
0.0214242123123327098 2.30272 0 353613 19.5945 19.5776 17.4752 0 01 0 -0 0 0 0 -0 0 0 0 -0 0 0 0 0 0 
0.0216500454405278292 0.186076 1 432725 0 24.1535 21.7382 0 0 1 -0.203756 -0.407136 -0.200883 0 -0 0 0 0 -0 0 0 0.192034 1.96618 0 124.663 
0.0217150766852013122 0.197685 1 444223 0 52.1164 46.9047 0 0 2 0.00432406 0.00353987 -0.00844629 0 0 0 0 0 0 0 0 0.400379 1.60324 0 0 
0.0219552415216799114 0.13461 0 486419 0.337779 20.9166 18.8249 0 01 0 0 0 0 0 0 0 0 0 0 0 0.900784 2.36393 519.58 519.58 
0.0220568263980396168 0.414382 0 142348 0.399915 22.1192 5.58382 0 403.3691 398.94 55.5977 -21.5046 0 0 0 0 0 0 0 0 0.798046 1.20102 0 56.7618 
0.0224151859156573249 0.321537 0 711911 1.36597 30.3396 21.8432 0 129.6771 115.78 17.1636 55.8247 0 0 0 0 0 0 0 0 0.322831 1.91642 0 0 
0.0225057085448707415 0.0946229 0 499709 1.09523 28.712 10.6553 0 107.8121 55.3261 81.9487 42.9746 0 0 0 0 0 0 0 0 0.834683 1.86974 3420.65 5291.42 
0.0226815687053431754 0.239732 0 463248 0.179344 34.8211 27.3549 0 01 0 -0 0 0 0 -0 0 0 0 -0 0 0.243261 0.243261 0 0 
0.0228402610078006843 0.243149 1 420574 0 56.3118 50.6806 0 0 1 -0.613391 -4.25261 -1.97473 0 0 0 -0 0 0 0 -0 1.20328 2.17136 0 436.942 
0.0231529634695524372 1.68992 0 228980 0.612731 21.0226 18.757 0 01 0 0 0 0 0 0 0 0 0 0 0 0 0 0 0 
0.0231575100483069167 0.181528 1 421239 0 51.3113 46.1802 0 0 2 0.00299028 0.000796318 0.00187783 0 0 0 0 0 0 0 0 0.701073 1.41107 0 0 
0.0231647646680214134 0.218262 0 442149 0.489569 19.4819 17.5337 0 01 0 0 0 0 0 0 0 0 0 0 0 0.878682 2.43409 0 309.344 
0.0232966977774341985 0.160108 1 453987 0 30.5422 27.488 0 0 2 28.5857 -3.3474 11.1307 0 0 0 0 0 0 0 0 1.06663 1.52825 0 43.8131 
0.0233079715860874878 0.163885 1 484762 0 30.6275 27.5647 0 0 1 -0.307458 0.0825511 -0.284612 0 -0 0 0 0 -0 0 0 1.04929 2.4471 328.881 328.881 
0.0234763589046037835 0.10755 1 470484 0 41.1754 37.0579 0 0 2 0.000984839 -0.00555579 -0.013059 0 0 -0 0 0 0 -0 0 0.719975 1.6808 0 2905.43 
0.0238477045543276089 0.149776 1 432136 0 22.6227 20.3604 0 0 2 -0.00958905 -0.00718842 0.00838397 0 0 -0 0 0 0 -0 0 0.634097 2.49398 852.613 852.613 
0.0246064679261912625 0.222212 1 465167 0 29.7484 26.7736 0 0 2 -0.00300867 -0.0245632 0.0205977 0 0 0 0 0 0 0 0 0.211832 1.09271 0 0 
0.0246332161212948937 0.291149 0 467208 0.246258 30.756 22.3138 0 60.96251 31.3251 50.9624 11.7473 0 0 0 0 0 0 0 0 0 1.47236 0 0 
0.0249724193784283677 0.116531 1 92595 0 39.496 35.5464 0 0 1 -0.0257685 -0.0536523 0.000538999 0 -0 0 0 0 -0 0 0 0.99854 1.97779 0 488.414 
0.0252496624071109448 0.449234 0 436163 0.0964446 24.3559 21.9203 0 01 0 0 0 0 0 0 0 0 0 0 0 0 0.877738 0 0 
0.0254120390400843776 0.112617 1 435972 0 53.8737 48.4863 0 0 1 -0.00295801 -0.0129513 -0.00386705 0 0 -0 0 0 0 -0 0 1.34862 2.84068 0 4018.43 
0.025767416771273019 0.157271 0 498900 0.215105 27.1797 24.4617 0 01 0 0 -0 0 0 0 -0 0 0 0 -0 0.452011 1.49743 0 458.839 
0.0261356547002372028 0.298181 0 443098 0.201887 29.3399 18.1551 0 41.01671 24.5953 -17.6829 -27.6543 0 0 -0 0 0 0 -0 0 0.302372 1.21421 0 0 
0.0261876136246634965 0.313091 0 471061 0.0838134 20.9976 18.8978 0 01 0 0 0 0 0 0 0 0 0 0 0 0.612101 2.13284 0 141.966 
0.0261932676265865319 0.246148 0 514656 0.281184 27.7944 14.8168 0 78.54061 35.1987 47.1393 -52.0342 0 0 0 0 0 0 0 0 0.237756 1.71239 0 0 
0.0264762120304530661 0.217717 0 569096 0.114842 27.6931 14.9058 0 67.37591 -50.4303 44.4085 4.91789 0 0 0 0 0 0 0 0 0.669645 2.24438 1084.76 1340.34 
0.0271793027822319691 0.157229 0 454727 1.08869 34.1616 30.7454 0 01 0 0 0 0 0 0 0 0 0 0 0 0.616639 2.88714 333.521 803.772 
0.0274111614980680415 0.15728 0 424014 0 16.5754 14.9153 0 01 0 0 0 0 0 0 0 0 0 0 0 0 0 0 0 
0.0274741538533168975 0.123165 0 633793 0.087579 30.535 27.4815 0 01 0 0 -0 0 0 0 -0 0 0 0 -0 0.965874 1.48728 0 376.792 
0.0277191003990136416 0.522791 0 477838 0.445161 28.3824 10.3214 0 91.4131 -3.3103 78.4125 46.8708 0 -0 0 0 0 -0 0 0 0 0.530866 0 0 
0.0277601260332825915 0.182656 1 0 0 10.8417 6.58955 0 0 1 181.468 20.4873 4.54852 1 229.156 -615.456 936.299 0 0 0 0 0.709228 0.877725 0 0 
0.0284788355158732062 0.142879 0 451671 0.385298 18.4096 16.5683 0 01 0 0 -0 0 0 0 -0 0 0 0 -0 0.933069 2.92213 271.235 557.984 
0.0286360297362993829 0.15268 0 565112 0.107612 15.7348 14.1579 0 01 0 0 0 0 0 0 0 0 0 0 0 0.910051 3.19486 0 1266.08 
0.0289607686751557833 0.259024 0 505882 0.160663 31.2755 28.148 0 01 0 0 0 0 0 0 0 0 0 0 0 1.06238 1.06238 0 0 
0.0291269699336796084 0.851904 0 488092 0.0831178 23.2046 6.96989 0 151.091 73.8243 120.901 52.5468 0 0 0 0 0 0 0 0 0 0 0 0 
0.029170006702449125 0.140084 1 195475 0 35.6437 32.0793 0 0 2 0.00752194 0.00327587 0.00227436 0 0 0 0 0 0 0 0 0.988152 1.34789 0 187.801 
0.0292417147155847566 0.784096 0 438397 0.123805 22.237 5.72416 0 75.18081 57.8236 46.5426 -11.9317 0 0 0 -0 0 0 0 -0 0.784137 0.784137 0 0 
0.0302071079826966987 0.178132 1 504189 0 27.9307 25.1376 0 0 1 -0.324433 0.901083 0.42468 0 0 0 0 0 0 0 0 0 0.737961 0 0 
0.0309147443608877651 0.178948 0 429350 0.257694 26.8759 8.88253 0 178.9011 -72.3855 142.15 -80.9897 0 0 0 0 0 0 0 0 0.560454 1.28352 0 0 
0.0310220560574281309 0.145117 1 468722 0 36.4866 32.838 0 0 2 -0.0161782 -0.00691696 -0.0211504 0 0 0 -0 0 0 0 -0 0.314447 1.42973 0 1102.66 
0.0312333500700960366 0.12316 1 442856 0 39.6943 35.7249 0 0 1 -0.0741727 0.35399 -0.32205 0 0 0 -0 0 0 0 -0 1.13595 2.5316 647.181 1076.14 
0.0316112388844562511 0.292984 1 91255 0 39.8107 35.8297 0 0 1 0.0246534 0.00398424 -0.0126576 0 0 0 0 0 0 0 0 0.280247 0.57151 0 141.205 
0.0317704615729010181 0.0816495 1 469356 0 33.0112 29.7101 0 0 2 0.000354031 -0.0204341 0.00752843 0 0 -0 0 0 0 -0 0 1.3059 2.1085 1633.59 2500.37 
0.0320007992696599089 0.955653 0 559643 0.124611 21.516 19.1936 0 01 0 0 0 0 0 0 0 0 0 0 0 0 0 0 0 
0.0320117223517126723 0.146673 1 65260 0 61.4499 55.3049 0 0 1 0.171045 0.214326 0.00355797 0 0 0 0 0 0 0 0 0.661955 1.42864 0 1353.42 
0.0320469968358929047 0.17064 1 81846 0 41.7005 37.5305 0 0 1 -0.01061 0.00296787 0.00454341 0 0 0 0 0 0 0 0 0.320733 1.12916 0 57.5941 
0.0321652886074988292 0.369717 0 716689 0.251425 22.3605 5.87054 0 180.4551 -60.7424 148.328 82.905 0 0 0 0 0 0 0 0 0 0.362341 0 0 
0.0325339831023564938 0.192393 0 592139 0.178908 21.9215 19.5521 0 01 0 0 0 0 0 0 0 0 0 0 0 0.555349 1.13089 0 456.825 
0.0333955658917609033 0.220958 1 440715 0 41.1942 37.0747 0 0 1 -0.133922 -0.331576 -0.0732698 0 0 0 -0 0 0 0 -0 1.26688 1.47446 0 468.155 
0.0336975923189868631 0.12867 0 542595 0.489008 29.9474 18.0573 0 56.01421 49.9431 18.3733 17.4844 0 0 0 0 0 0 0 0 0.387022 1.59296 859.296 1259.66 
0.0337056952437776239 0.126192 1 424694 0 23.6234 21.261 0 0 2 0.00586058 0.0190581 0.00207177 0 0 0 0 0 0 0 0 0.970194 2.19014 0 1113.02 
0.0338176817798430465 0.148405 1 422481 0 37.1844 33.4659 0 0 2 -0.0105096 -0.0143763 -0.0343282 0 0 0 -0 0 0 0 -0 0 0 0 0 
0.034395235748275646 0.334458 0 180477 0.183238 31.5449 28.3904 0 01 0 -0 0 0 0 -0 0 0 0 -0 0 0 0.335199 0 0 
0.0345383003225316551 0.127655 1 531400 0 47.6341 42.8706 0 0 2 -0.00416123 -0.020034 -0.000104986 0 0 -0 0 0 0 -0 0 2.15831 4.4193 0 433.616 
0.034542306209290663 0.213227 1 473827 0 20.1814 17.8066 0 0 2 -0.0036072 -0.00462892 -0.0242413 0 0 0 0 0 0 0 0 0.657282 1.73097 191.922 302.493 
0.0363734507111340283 6.68214 0 140594 0.232558 20.6497 18.4264 0 01 0 0 0 0 0 0 0 0 0 0 0 0 0 0 0 
0.0363811874583525874 0.0787673 1 100853 0 47.5172 42.7655 0 0 1 0.000678829 0.0134495 -0.00527636 0 0 0 0 0 0 0 0 0.680202 1.60297 599.113 5839.05 
0.036738282519532893 0.0765765 1 262324 0 35.6271 32.0644 0 0 1 0.000602897 0.0145474 -0.00749251 0 0 0 0 0 0 0 0 1.24393 2.02914 1488.03 4137.33 
0.0368206241729070807 0.33498 0 456745 0 25.5425 10.2026 0 286.3861 243.941 44.8842 -143.161 0 0 0 -0 0 0 0 -0 0.679438 1.01058 0 0 
0.0370897533205198637 0.197461 1 423123 0 46.5647 41.9082 0 0 1 0.115692 0.441033 0.569807 0 0 0 0 0 0 0 0 1.36876 2.53291 275.808 720.132 
0.0376682653723212288 0.203768 1 7455 0 60.162 54.1458 0 0 1 0.0341615 -0.186407 0.0766924 0 0 0 0 0 0 0 0 0.196397 2.19307 0 34.9376 
0.0377655385155567652 0.316931 1 426221 0 45.5423 40.9881 0 0 2 -0.0241054 -0.00272948 0.0632958 0 0 0 0 0 0 0 0 0 1.27517 0 0 
0.0387802457737490835 0.222669 0 293628 0.0982489 38.3315 34.4983 0 01 0 0 0 0 0 0 0 0 0 0 0 0.645514 1.30499 0 496.616 
0.0396332891725130199 0.472067 0 98786 0.0830597 21.427 18.0214 0 01 0 0 0 0 0 0 0 0 0 0 0 0 0.460904 0 0 
0.0406577507072926822 28.4359 0 370815 1.40853 20.8307 18.5869 0 01 0 0 -0 0 0 0 -0 0 0 0 -0 0 0 0 0 
0.0411995785371618503 0.132113 1 14690 0 47.6486 42.8837 0 0 1 0.000955117 0.0101331 0.0145654 0 0 0 0 0 0 0 0 1.66097 3.88612 0 293.657 
0.0438915979523778546 0.16846 0 585410 0.170623 15.9026 14.3091 0 01 0 0 0 0 0 0 0 0 0 0 0 0 0 0 0 
0.0449673488879978253 0.289816 0 400585 0.243154 26.013 9.82198 0 173.9911 -171.22 22.0271 -21.71 0 -0 0 0 0 -0 0 0 0.304841 0.887361 0 11.1934 
0.0450949202522792358 0.232471 0 330889 0.386625 20.6868 15.0586 0 01 0 0 0 0 0 0 0 0 0 0 0 0 0.234956 0 0 
0.0474991803611647251 0.426602 0 266423 0.207356 20.047 14.2691 0 01 0 0 0 0 0 0 0 0 0 0 0 0.411375 2.10945 0 0 
0.0475841444640579744 0.158893 1 331927 0 50.341 45.3069 0 0 2 -0.00322221 -0.00801193 -0.00792022 0 0 0 -0 0 0 0 -0 1.33579 4.28022 148.737 635.523 
0.0486485482293173635 0.204282 0 437525 0.0844314 18.5228 16.6703 0 01 0 0 0 0 0 0 0 0 0 0 0 0.222387 1.49456 0 0 
0.0497359630301147729 0.222265 1 487168 0 49.6663 44.6997 0 0 2 0.391673 -0.424185 0.474717 0 0 0 0 0 0 0 0 0 0.631391 0 0 
6.91476744435798008 0.0133813 1 0 0 4.07399 7.3961 0 0 0 0 0 0 0 0 0 0 0 0 0 0 36.0442 86.0453 34.5105 125.803 
