#1:time #2:r #3.binary? #4:ID #5:zams_m #6:m_progenitor #7:bh mass #8:bh_spin #9:birth-kick(km/s) #10-25:vsarray
0.00315679271874437376 0.134538 1 61743 0 36.4473 32.8026 0 0 1 0.223902 0.550327 0.436784 0 0 0 0 0 0 0 0 3.12445 5.3858 778.053 3561.55 
0.00317693792816257014 0.19151 1 62090 0 36.3954 32.7559 0 0 1 0.128938 -1.00433 -0.341432 0 0 0 -0 0 0 0 -0 4.17715 8.86227 229.332 934.669 
0.0031896732232514647 0.160865 1 73525 0 36.2327 32.6094 0 0 1 -0.177591 0.698826 -0.423556 0 0 0 0 0 0 0 0 2.78009 5.21004 616.813 771.83 
0.00321059976765960793 0.102144 1 40380 0 36.259 32.6331 0 0 1 -0.00308765 -0.00469992 -0.00871126 0 0 0 -0 0 0 0 -0 4.12926 6.84247 519.27 1739.89 
0.00322222520796521493 0.142909 1 1230 0 36.343 32.7087 0 0 1 0.435274 -0.516809 0.273582 0 0 0 0 0 0 0 0 5.84362 7.73165 1755.81 5675.66 
0.00323589068452898639 0.095707 1 100504 0 46.0553 41.4498 0 0 2 -0.00790346 -0.00948297 0.0184527 0 0 0 0 0 0 0 0 3.55395 6.26417 348.995 3603.03 
0.00323714640659990976 0.354714 0 115717 0 36.4746 32.8272 0 01 0 0 0 0 0 0 0 0 0 0 0 2.17765 3.61665 69.642 529.603 
0.00323714640659990976 0.402198 1 34504 0 36.3456 32.711 0 0 1 -0.604085 -0.329389 -0.47434 0 0 0 0 0 0 0 0 0.420509 2.05152 0 0 
0.00329162218224758911 0.256895 1 239190 0 45.3887 40.8498 0 0 1 0.00746311 -0.022046 -0.0100234 0 0 0 0 0 0 0 0 2.34035 5.93856 0 345.288 
0.00332139516080533301 0.329013 0 225839 0 46.3327 41.6994 0 01 0 0 0 0 0 0 0 0 0 0 0 5.93525 9.27708 717.754 1278.1 
0.00334003919283258795 0.195122 1 188351 0 36.2409 32.6168 0 0 1 -0.545409 0.223683 0.313343 0 0 0 0 0 0 0 0 4.04875 9.38126 613.868 1400.14 
0.00334335821369741854 0.470938 1 236783 0 45.0206 40.5186 0 0 2 0.00977773 0.00908138 0.00192144 0 0 0 0 0 0 0 0 2.82268 6.62576 0 226.27 
0.00335031551474582624 0.238239 1 64926 0 35.8577 32.272 0 0 1 0.287688 -0.112896 0.354006 0 0 0 0 0 0 0 0 1.47331 4.23507 76.762 87.3092 
0.00335031551474582624 0.257159 1 92882 0 36.4282 32.7853 0 0 1 0.257795 0.11441 -0.444129 0 0 0 0 0 0 0 0 1.82443 3.64454 0 607.822 
0.00335997633491255665 0.375321 1 10657 0 36.4987 32.8488 0 0 1 0.538204 -0.0835069 0.7463 0 0 0 0 0 0 0 0 1.82853 3.27404 0 0 
0.00339758082521514826 2.03356 0 178115 104.318 45.1628 40.6465 0 01 0 0 0 0 0 0 0 0 0 0 0 4.02205 4.02205 0 0 
0.00340680860018721665 0.186599 0 262137 0.0882127 44.5632 40.1069 0 01 0 0 -0 0 0 0 -0 0 0 0 -0 7.2776 11.1976 2905.1 5523.63 
0.00340680860018721665 0.106381 1 34242 0 43.2208 38.8987 0 0 1 0.0209421 -0.147853 -0.0410549 0 0 0 0 0 0 0 0 7.2776 11.1976 2905.1 5523.63 
0.00340680860018721665 0.438105 0 264418 1.13442 44.6442 40.1798 0 01 -0 0 0 0 -0 0 0 0 -0 0 0 4.71824 9.39354 159.826 385.287 
0.00342030363759107756 0.0920823 0 51333 0.351753 33.6798 30.3118 0 01 -0 0 0 0 -0 0 0 0 -0 0 0 7.08602 10.1161 2575.95 8385.68 
0.00343466013031291061 0.187521 0 219424 4.56486 42.3341 38.1007 0 01 -0 0 0 0 -0 0 0 0 -0 0 0 6.7601 10.6533 1852.3 6605.41 
0.00348487965107111561 0.19685 0 168168 0.216129 39.2269 35.3042 0 01 -0 0 0 0 -0 0 0 0 -0 0 0 6.08455 10.3731 337.193 2366.79 
0.00349079636830309419 0.1333 1 150155 0 31.3833 28.245 0 0 1 0.280561 0.481262 0.344046 0 0 0 0 0 0 0 0 6.74711 9.97265 2110.16 5353.25 
0.00349079636830309419 0.291087 0 61874 0.269348 37.8753 34.0878 0 01 0 0 -0 0 0 0 -0 0 0 0 -0 4.63287 10.3976 1115.53 1711.86 
0.00349519298880981684 1.63734 0 167048 92.1791 38.6654 34.7988 0 01 0 0 0 0 0 0 0 0 0 0 0 1.61554 3.22387 0 0 
0.00352612756758811713 0.0640267 0 326061 0.229679 37.5539 33.7985 0 01 0 0 -0 0 0 0 -0 0 0 0 -0 7.65301 10.3112 3727.78 5527.76 
0.00352853976053872599 0.0974098 1 24087 0 30.551 27.4959 0 0 1 0.214671 0.498882 -0.40619 0 0 0 0 0 0 0 0 4.67152 8.12655 932.037 3498.13 
0.00355648359101893305 0.152897 1 78203 0 29.4007 26.4607 0 0 1 -0.445342 -0.375005 0.110734 0 0 0 0 0 0 0 0 7.4831 11.454 2313.92 6402.33 
0.00355648359101893305 0.703373 0 176205 86.732 35.8231 32.2408 0 01 0 0 0 0 0 0 0 0 0 0 0 3.5332 7.06598 0 223.926 
0.00355648359101893305 1.582 0 159815 87.188 36.1216 32.5094 0 01 0 0 0 0 0 0 0 0 0 0 0 1.53522 4.71225 0 0 
0.00356757211569094616 0.107832 1 310018 0 35.5551 31.9996 0 0 2 0.0170053 -0.0213341 -0.00137682 0 0 -0 0 0 0 -0 0 7.48393 11.0258 1944.34 4477.88 
0.00362381077242936254 0.331893 1 122627 0 29.8989 26.909 0 0 1 0.339449 0.111444 0.272534 0 0 0 0 0 0 0 0 4.83364 8.28379 122.508 948.414 
0.00363994239890111544 0.114485 0 248793 0.212743 32.5415 29.2874 0 01 0 0 0 0 0 0 0 0 0 0 0 6.03096 10.0952 690.927 3906.47 
0.00367031341879404385 1.02334 0 239531 0.190863 31.8834 28.6951 0 01 0 0 0 0 0 0 0 0 0 0 0 4.08807 11.2473 0 0 
0.00368135750144131958 0.864546 0 176470 78.0612 31.4046 28.2642 0 01 -0 0 0 0 -0 0 0 0 -0 0 0 5.15429 12.8773 4.31153 51.736 
0.00369018570992871208 1.22492 0 42429 0.420627 30.994 27.8946 0 01 0 0 0 0 0 0 0 0 0 0 0 6.18615 9.89944 0 3.2132 
0.00371132615991666371 0.542793 0 100809 75.8412 30.3304 27.2974 0 01 0 0 0 0 0 0 0 0 0 0 0 3.2492 8.60069 0 20.7987 
0.00372875407602463486 0.309048 0 102311 0.0828681 29.89 26.901 0 01 -0 0 0 0 -0 0 0 0 -0 0 0 2.7971 7.8112 14.2721 519.363 
0.00373060156511793211 0.0922296 1 4485 0 25.7752 23.1977 0 0 1 -0.401362 0.16775 0.699337 0 0 0 0 0 0 0 0 4.73292 8.75933 1160.3 2601.36 
0.00375785892359138977 1.05505 0 267449 0.316993 29.8547 26.8692 0 01 0 0 0 0 0 0 0 0 0 0 0 0 1.06692 0 0 
0.00379529062163580207 1.10546 0 268903 40.4457 28.22 25.398 0 01 0 0 0 0 0 0 0 0 0 0 0 0 1.11618 0 0 
0.00381776804800832261 0.883383 0 317015 0.0889814 27.8671 25.0804 0 01 0 0 -0 0 0 0 -0 0 0 0 -0 3.55247 7.12027 0 0 
0.00382598318517580549 0.176323 1 51259 0 23.6643 21.2979 0 0 2 -0.39567 0.643595 -0.238168 0 0 0 -0 0 0 0 -0 8.19892 11.709 3628.56 6713.75 
0.00383476989365812843 1.87527 0 174664 69.4959 27.2062 24.4856 0 01 0 0 0 0 0 0 0 0 0 0 0 1.8445 3.69126 0 0 
0.00385373801991567436 0.166251 0 24013 1.06123 26.6904 24.0213 0 01 0 0 0 0 0 0 0 0 0 0 0 8.15473 13.1059 3028.39 5918.08 
0.00388113295874364331 0.33857 0 111328 67.4826 26.2087 23.5878 0 01 0 -0 0 0 0 -0 0 0 0 -0 0 5.29748 11.7143 450.885 993.933 
0.00388113295874364331 0.516372 0 121014 67.3249 26.1287 23.5159 0 01 0 -0 0 0 0 -0 0 0 0 -0 0 3.68449 11.5205 73.185 79.1217 
0.00388113295874364331 2.75379 0 196871 67.4387 26.2321 23.6089 0 01 0 0 -0 0 0 0 -0 0 0 0 -0 0 2.71959 0 0 
0.0039116367986513018 0.105038 0 71530 66.0952 25.5843 23.0258 0 01 0 0 -0 0 0 0 -0 0 0 0 -0 4.82457 8.22797 960.771 1441.69 
0.00393906420365979556 0.785793 0 150382 65.3114 25.1988 22.6789 0 01 0 0 -0 0 0 0 -0 0 0 0 -0 0 7.9254 0 0 
0.00394638499518950355 0.263742 1 88100 0 24.8793 22.3913 0 0 2 0.0382896 0.00449521 -0.0370438 0 0 0 0 0 0 0 0 5.96933 12.2205 303.694 632.66 
0.00395282576452669031 0.174872 0 11010 64.4191 24.765 22.2885 0 01 0 0 0 0 0 0 0 0 0 0 0 5.04178 9.03432 875.54 3171.27 
0.00395484563496394451 0.23434 0 12700 0.182163 21.7896 19.6107 0 01 0 0 0 0 0 0 0 0 0 0 0 1.75005 4.61527 19.032 258.044 
0.00398519895588060006 1.58478 0 177308 63.2174 24.1707 21.7536 0 01 0 0 0 0 0 0 0 0 0 0 0 0 0 0 0 
0.00398821056012502607 0.180175 1 25684 0 21.3374 19.2037 0 0 2 0.081078 0.320816 -0.737908 0 0 0 0 0 0 0 0 4.14758 8.44195 644.812 2555.43 
0.00399128862969188192 0.377783 0 234082 0.122708 23.9032 21.5129 0 01 0 0 0 0 0 0 0 0 0 0 0 3.10818 7.79161 0 30.7997 
0.00399418390076132241 1.20082 0 166865 62.8942 24.043 21.6387 0 01 0 0 0 0 0 0 0 0 0 0 0 0 1.21999 0 0 
0.00403215679073390312 0.13492 0 110778 0.0853609 23.3739 21.0365 0 01 0 0 0 0 0 0 0 0 0 0 0 8.79957 14.1379 3184.43 6437.45 
0.00403638558112342366 1.48831 0 181303 61.4273 23.3695 21.0325 0 01 0 0 0 0 0 0 0 0 0 0 0 0 5.94971 0 0 
0.00404004710795479328 0.317623 0 25991 0.40548 22.8624 20.5762 0 01 0 0 0 0 0 0 0 0 0 0 0 2.26021 6.78645 0 31.8602 
0.00404940435087474196 0.62557 0 164435 61.1483 23.2226 20.9003 0 01 0 0 0 0 0 0 0 0 0 0 0 6.27052 12.5256 0 0 
0.00404940435087474196 2.78756 0 197790 61.1754 23.2508 20.9258 0 01 0 0 0 0 0 0 0 0 0 0 0 2.65373 8.02148 0 4.8369 
0.00406140640083629649 0.459797 0 95702 60.5667 22.9579 20.6621 0 01 -0 0 0 0 -0 0 0 0 -0 0 0 4.98082 12.2568 0 307.359 
0.00407186294804180639 0.239345 0 107024 60.5044 22.9399 20.6459 0 01 0 0 0 0 0 0 0 0 0 0 0 7.85267 14.7485 263.999 1958.3 
0.00408543348278221294 1.26662 0 156600 59.8262 22.6162 20.3545 0 01 0 0 0 0 0 0 0 0 0 0 0 0 2.54786 0 0 
0.00409366994709276129 0.359413 0 176147 59.5084 22.4419 20.1977 0 01 0 0 0 0 0 0 0 0 0 0 0 1.78884 5.78745 18.9115 631.586 
0.00409366994709276129 1.69101 0 184514 59.5604 22.4537 20.2084 0 01 0 0 0 0 0 0 0 0 0 0 0 0 0 0 0 
0.00412334192368541894 0.364421 0 85265 0.137238 22.0126 19.8114 0 01 0 0 0 0 0 0 0 0 0 0 0 6.18512 13.5631 1.11579 325.4 
0.00412334192368541894 0.558446 0 147276 58.7407 22.1346 19.9211 0 01 0 0 0 0 0 0 0 0 0 0 0 1.69281 14.0739 191.045 370.754 
0.00415561775712533586 0.358353 0 52253 0.151674 21.5945 19.435 0 01 0 0 0 0 0 0 0 0 0 0 0 5.78233 11.9821 305.392 555.018 
0.00418694068216434161 0.496173 0 179664 56.8427 21.2014 19.0812 0 01 0 0 0 0 0 0 0 0 0 0 0 2.92018 8.29073 0 240.906 
0.00421100839455485886 0.646368 1 134142 0 20.9745 18.8771 0 0 1 -0.00244932 -0.00076911 -0.000153076 0 0 -0 0 0 0 -0 0 2.58368 13.407 0 113.56 
0.00422555939501919036 0.182377 0 13642 0.093586 20.6689 18.602 0 01 0 0 0 0 0 0 0 0 0 0 0 10.0555 14.6008 1675.29 5027.2 
0.00423553298978824027 0.41315 0 128897 55.4251 20.5534 18.4981 0 01 0 -0 0 0 0 -0 0 0 0 -0 0 2.42913 9.57383 0 238.607 
0.00424181102484110211 0.0859323 0 58352 55.3119 20.5446 18.4901 0 01 0 -0 0 0 0 -0 0 0 0 -0 0 7.576 12.631 2297.99 4291.99 
0.00426733337893274271 0.17982 0 10715 0.506218 18.9163 17.0247 0 01 0 0 0 0 0 0 0 0 0 0 0 4.23374 7.89813 1215.79 2119.19 
0.00427969596337949686 0.174729 0 28748 0.370193 20.0561 18.0505 0 01 0 0 -0 0 0 0 -0 0 0 0 -0 6.84383 12.0914 1333.57 2593.83 
0.00429130704552236047 0.0851485 0 6409 0.424807 19.9031 17.9128 0 01 0 0 0 0 0 0 0 0 0 0 0 8.6023 12.5025 1758.45 4877.66 
0.00435175301775619916 0.428189 1 37483 0.103349 19.3511 17.416 0 0 2 0.0064461 0.0243166 0.00302782 0 0 0 0 0 0 0 0 7.7496 18.1295 22.6785 539.822 
0.00435175301775619916 1.07347 0 75494 52.6861 19.3158 17.3842 0 01 0 0 -0 0 0 0 -0 0 0 0 -0 2.12968 10.7101 0 0 
0.00436468704915069124 0.234934 0 77606 0.857511 19.1104 17.1994 0 01 0 0 0 0 0 0 0 0 0 0 0 5.69604 9.68864 466.076 1230.45 
0.00438373883312509569 0.209151 0 44453 0.141677 18.8367 16.953 0 01 0 -0 0 0 0 -0 0 0 0 -0 0 5.97929 12.545 348.555 1004.17 
0.00438373883312509569 1.97289 0 194166 51.865 18.9476 17.0528 0 01 0 0 0 0 0 0 0 0 0 0 0 0 2.0064 0 0 
0.00438968800752103944 1.02167 0 154047 51.7776 18.9264 17.0338 0 01 0 0 0 0 0 0 0 0 0 0 0 5.07253 9.09937 123.668 123.668 
0.00440372377486120906 0.145895 1 237717 0 17.5851 15.8164 0 0 2 -4.28651 0.33693 6.24292 0 0 0 0 0 0 0 0 7.76685 13.167 1034.23 3709.21 
0.00441656659224574834 0.0984267 1 56191 0 17.1844 15.4524 0 0 1 1.58054 0.313367 -2.4479 0 0 0 -0 0 0 0 -0 7.29893 13.3501 1850.87 4619.33 
0.00441656659224574834 0.153792 1 74245 0 18.6701 16.803 0 0 2 0.00185675 0.00451344 0.00907625 0 0 0 0 0 0 0 0 7.29893 13.3501 1850.87 4619.33 
0.004433345070886348 0.224864 0 43106 0.0824506 18.4767 16.627 0 01 0 0 0 0 0 0 0 0 0 0 0 9.14641 15.2483 695.225 1693.08 
0.00446946138419679687 1.33331 0 185627 50.0487 18.1371 16.3182 0 01 0 -0 0 0 0 -0 0 0 0 -0 0 1.34776 3.99053 0 0 
0.00448386876875552301 0.108275 1 89578 0 18.0367 16.2269 0 0 2 -0.000254851 -0.00718312 -0.0124467 0 0 0 0 0 0 0 0 9.1614 14.9675 1193.85 5324.39 
0.0045000777368010567 0.178713 0 161343 0.721719 17.9412 16.1401 0 01 0 0 0 0 0 0 0 0 0 0 0 8.58264 15.7641 1959.18 6980.73 
0.00450763101334845668 2.23117 0 183715 49.3078 17.8187 16.0287 0 01 0 0 0 0 0 0 0 0 0 0 0 0 6.75454 0 0 
0.00451362137130636998 0.3753 0 54190 49.2892 17.8002 16.0119 0 01 0 0 0 0 0 0 0 0 0 0 0 2.25234 6.70221 203.317 203.317 
0.0045348212549931495 0.50397 0 116262 0 17.6116 15.8405 0 01 0 0 0 0 0 0 0 0 0 0 0 7.38961 17.7765 9.67527 445.469 
0.0045348212549931495 1.26892 0 162029 49.042 17.7121 15.9318 0 01 0 0 0 0 0 0 0 0 0 0 0 2.51346 8.76199 0 26.2414 
0.00454329041904161235 0.713606 0 99846 48.7235 17.5183 15.7557 0 01 -0 0 0 0 -0 0 0 0 -0 0 0 1.4553 4.35086 0 0 
0.00454329041904161235 0.853265 0 157557 48.6908 17.5244 15.7613 0 01 0 0 0 0 0 0 0 0 0 0 0 0.857525 6.80074 0 0 
0.00456015728961445439 0.288076 0 183290 48.3797 17.3737 15.6243 0 01 0 -0 0 0 0 -0 0 0 0 -0 0 3.55751 7.1408 69.1053 698.52 
0.00456258434414541936 0.248109 0 62226 48.302 17.3335 15.5878 0 01 0 -0 0 0 0 -0 0 0 0 -0 0 1.9363 5.47012 0 175.004 
0.00456258434414541936 0.6848 0 164882 0.367883 19.974 17.9766 0 01 0 0 -0 0 0 0 -0 0 0 0 -0 0.693084 3.48546 0 0 
0.00457986908638807755 0.243165 0 27316 0.199473 16.7236 15.0339 0 01 -0 0 0 0 -0 0 0 0 -0 0 0 2.2048 6.81659 0 308.046 
0.0046097373357160314 0.221713 0 45741 0.122214 16.9732 15.2605 0 01 0 0 0 0 0 0 0 0 0 0 0 1.29003 5.68733 0 55.6541 
0.00464414849834974327 0.203337 0 55710 2.3531 16.6629 14.9788 0 01 0 0 0 0 0 0 0 0 0 0 0 4.62784 8.67972 952.879 1593.56 
0.00465102069305224543 1.75554 0 177060 46.786 16.6505 14.9675 0 01 0 0 -0 0 0 0 -0 0 0 0 -0 1.79065 1.79065 0 0 
0.00466391796980951401 0.1371 0 210953 0.207915 16.6231 14.9427 0 01 -0 0 0 0 -0 0 0 0 -0 0 0 8.14448 13.2387 2710.91 5148.98 
0.0046710721332228651 0.47794 0 139943 46.444 16.5374 14.8648 0 01 0 0 -0 0 0 0 -0 0 0 0 -0 0.478197 3.76922 0 8.53194 
0.00468613333719405424 1.18886 0 144755 46.2284 16.401 14.7411 0 01 0 0 0 0 0 0 0 0 0 0 0 3.5811 10.7289 0 128.16 
0.00473062870308495545 0.301033 0 37829 45.571 16.106 14.4735 0 01 0 0 0 0 0 0 0 0 0 0 0 5.72275 14.713 171.021 829.778 
0.00473062870308495545 0.691863 0 65477 45.4948 16.1144 14.4811 0 01 0 0 -0 0 0 0 -0 0 0 0 -0 2.71343 17.7294 0 5.51716 
0.00473062870308495545 1.30818 0 146828 45.4911 16.073 14.4435 0 01 0 -0 0 0 0 -0 0 0 0 -0 0 1.28946 5.20824 0 0 
0.00473062870308495545 1.82837 0 63181 45.5723 16.107 14.4743 0 01 0 0 -0 0 0 0 -0 0 0 0 -0 1.88632 11.115 0 0 
0.00473062870308495545 3.33024 0 194155 45.6927 16.1697 14.5312 0 01 -0 0 0 0 -0 0 0 0 -0 0 0 0 3.1721 0 0 
0.00475875388967637782 0.190424 0 60170 0.450772 15.7355 14.1374 0 01 0 0 0 0 0 0 0 0 0 0 0 8.56101 14.2545 1453.54 4553.85 
0.00476710592345957248 0.389508 0 85683 44.9658 15.8374 14.2298 0 01 0 -0 0 0 0 -0 0 0 0 -0 0 4.926 13.3279 0 291.351 
0.00481836548775324298 0.2113 1 120626 0 15.4999 13.9238 0 0 2 -0.000871515 0.000501592 -0.00533126 0 0 0 0 0 0 0 0 6.38526 12.9135 1999.93 3898.21 
0.00483973846929674264 0.509049 0 25648 43.9216 15.3771 13.8125 0 01 0 0 -0 0 0 0 -0 0 0 0 -0 4.03523 8.56104 16.9927 312.721 
0.00485019790902179587 0.418297 1 141955 0 15.3441 13.7826 0 0 2 -0.00490242 -0.00694738 -0.00378515 0 0 -0 0 0 0 -0 0 5.859 15.4778 12.7673 186.207 
0.00485546570238084944 0.334142 0 35366 0.0852126 15.3117 13.7532 0 01 0 0 -0 0 0 0 -0 0 0 0 -0 3.45329 7.52978 107.473 130.702 
0.00486024140922483756 0.25165 1 58596 0 15.3798 13.8149 0 0 1 0.0960427 0.11771 -0.205424 0 0 0 0 0 0 0 0 2.69887 9.83324 590.286 799.201 
0.00486773344219935435 0.0852018 0 83883 0.155786 15.2034 13.6551 0 01 0 0 0 0 0 0 0 0 0 0 0 7.78468 14.6252 2117.38 3577.27 
0.004882822246929726 0.0789518 1 20900 0 14.2343 12.1752 0 0 1 -2.08259 -7.34374 1.96063 0 0 0 0 0 0 0 0 9.93746 17.1955 1864.86 6512.98 
0.004882822246929726 0.384839 0 85753 43.43 15.1655 13.6208 0 01 0 -0 0 0 0 -0 0 0 0 -0 0 8.37332 15.9355 54.4642 975.425 
0.004882822246929726 0.697207 0 94719 43.369 15.1353 13.5934 0 01 0 0 -0 0 0 0 -0 0 0 0 -0 7.04839 17.6092 316.817 579.623 
0.004882822246929726 0.910841 0 150523 43.4831 15.1867 13.64 0 01 0 -0 0 0 0 -0 0 0 0 -0 0 1.82813 10.9478 0 0 
0.00491888896500330356 0.446679 0 131772 42.8596 14.9439 13.42 0 01 0 0 0 0 0 0 0 0 0 0 0 8.08269 21.8843 112.489 396.609 
0.00493176497107707199 1.79395 0 170070 42.6563 14.842 13.3277 0 01 0 0 0 0 0 0 0 0 0 0 0 0 1.82141 0 0 
0.00494448515173764782 0.345589 0 68259 42.4999 14.7573 13.2509 0 01 0 0 0 0 0 0 0 0 0 0 0 6.18765 11.7351 232.66 331.816 
0.00496597701416012435 1.55331 0 197910 42.2259 14.6389 13.0814 0 2.982461 -1.80708 0.698058 -2.26766 0 0 0 0 0 0 0 0 0 1.52744 0 0 
0.00497220060513176802 0.73168 1 68583 0 14.6098 13.0141 0 0 2 2.07061 -0.901294 0.948718 0 0 0 0 0 0 0 0 0.747587 5.13694 0 0 
0.00501506182190711303 0.800723 0 111014 41.6225 14.4015 12.5427 0 18.12171 8.76476 15.5562 -3.09507 0 0 0 0 0 0 0 0 8.15628 22.7817 0 482.617 
0.00502917217667576098 0.0776845 1 0 0 14.3751 12.4841 0 0 1 13.3936 9.01078 9.32699 1 5.26786 8.23309 21.3785 0 0 0 0 10.2584 16.0064 2680.68 6524.13 
0.00502917217667576098 2.81909 0 121054 41.5427 14.3424 12.4115 0 6.802091 -3.66554 5.67442 -0.795726 0 -0 0 0 0 -0 0 0 0 2.89983 0 0 
0.00504050431259139408 0.139984 1 78974 0 13.9712 11.6166 0 0 2 18.0416 12.8603 23.4627 0 0 0 0 0 0 0 0 7.91686 13.3631 2562.88 6390.36 
0.00507899711207417115 0.493801 0 51605 40.827 14.0413 11.7631 0 46.93661 -11.818 -8.20485 44.6772 0 -0 0 0 0 -0 0 0 9.06431 21.6088 108.968 445.461 
0.00507899711207417115 3.0318 0 82477 40.9632 14.1198 11.9291 0 51.05791 12.8145 49.3805 2.06632 0 0 0 0 0 0 0 0 0 3.0318 0 0 
0.00509124126395997436 0.160953 0 6025 2.8717 13.9498 11.5723 0 30.27981 -29.8418 0.384531 -5.11728 0 0 0 -0 0 0 0 -0 9.30919 15.7124 1717.87 5370.27 
0.00510616032729707073 0.377362 0 5284 40.5322 14.127 11.9445 0 32.76831 -15.7045 -24.5951 14.9067 0 -0 0 0 0 -0 0 0 7.69555 18.3262 77.6514 417.144 
0.00510616032729707073 0.607672 0 122995 40.6661 14.0365 11.7531 0 23.6471 -23.3381 -3.52201 -1.45352 0 0 0 -0 0 0 0 -0 3.65783 12.2564 0 42.711 
0.00511949055013010291 0.364801 0 22499 0.148281 14.1531 12.0002 0 30.331 25.9456 15.3244 -3.4497 0 0 0 0 0 0 0 0 5.60467 14.3358 228.001 275.933 
0.00511949055013010291 0.840236 0 189256 40.4504 14.158 12.0107 0 34.98241 -16.1574 -13.3604 28.0036 0 -0 0 0 0 -0 0 0 3.3424 9.21644 0 0 
0.00515495875800742361 1.46181 0 195207 39.8973 14.4139 12.5703 0 19.69071 19.6766 0.48281 -0.566281 0 0 0 0 0 0 0 0 1.43475 2.88671 0 0 
0.00518097839363269863 0.558221 0 185827 39.6373 14.5551 12.889 0 5.418281 3.17845 0.818654 -4.31103 0 0 0 0 0 0 0 0 3.91933 15.1779 11.403 532.422 
0.00520061322252687343 1.69725 0 191234 39.5368 14.5766 12.938 0 8.050891 -7.94606 0.961149 -0.867798 0 0 0 0 0 0 0 0 6.71071 11.7083 0 0 
0.005206548020999467 0.126467 0 7823 0.482877 14.628 13.0561 0 4.493271 -2.22497 -3.89725 0.224428 0 0 -0 0 0 0 -0 0 4.80949 10.8061 1487.27 2776.65 
0.00522788145703778368 0.200534 0 36465 39.0862 14.6742 13.1631 0 0.4722941 -0.247967 -0.107407 -0.387347 0 -0 0 0 0 -0 0 0 10.3148 19.3185 2418.02 4961.35 
0.00522788145703778368 0.262791 0 218191 0.304617 14.5592 12.8984 0 5.50381 0.748228 4.1779 -3.50387 0 0 0 0 0 0 0 0 8.229 20.0625 252.929 1101.89 
0.00525692242433896048 2.14902 0 170525 38.7956 14.7839 13.275 0 01 -0 0 0 0 -0 0 0 0 -0 0 0 0 4.30115 0 0 
0.00527907669037968545 0.178956 1 23355 38.7463 12.6277 9.14313 0 0 1 11.6786 -10.7828 -6.02172 0 0 -0 0 0 0 -0 0 6.86447 13.3579 1272.81 2866.52 
0.00527907669037968545 0.269926 1 70798 0 13.1834 10.0895 0 0 2 109.199 -34.9939 27.247 0 0 0 0 0 0 0 0 4.8336 11.2716 554.031 969.385 
0.00527907669037968545 2.0478 0 167586 38.5806 14.8676 13.3508 0 01 0 0 0 0 0 0 0 0 0 0 0 2.06728 2.06728 0 2.34133 
0.00530619993299649359 0.637563 0 159247 38.304 14.9602 13.4347 0 01 0 0 0 0 0 0 0 0 0 0 0 1.28822 6.44989 0 0 
0.00536486517986426662 0.0342339 0 36799 37.7695 15.1928 13.6455 0 01 0 0 -0 0 0 0 -0 0 0 0 -0 9.16578 16.8249 716.479 3766.13 
0.00537622538754239931 0.509462 0 87721 0.133882 15.1818 13.6355 0 01 0 0 0 0 0 0 0 0 0 0 0 3.0926 8.74741 0 0 
0.00537622538754239931 1.52671 0 159486 37.6837 15.18 13.6338 0 01 0 0 0 0 0 0 0 0 0 0 0 1.52671 7.58299 0 0 
0.00544694807265911057 0.390716 0 209141 0 14.2897 12.2957 0 12.73251 -9.35249 -3.6059 -7.85151 0 0 0 0 0 0 0 0 6.65706 15.3301 154.717 358.47 
0.00545296586281841366 0.223079 1 79197 0 12.8639 9.53211 0 0 1 -2.35478 -42.7729 -82.9554 0 0 0 -0 0 0 0 -0 3.46481 9.85787 3.63602 546.788 
0.00545296586281841366 0.267763 0 32995 0.135116 36.2133 13.708 0 01 0 0 0 0 0 0 0 0 0 0 0 3.46481 9.85787 3.63602 546.788 
0.00545296586281841366 0.641394 0 162583 37.01 36.256 13.7297 0 01 -0 0 0 0 -0 0 0 0 -0 0 0 0.634089 3.8689 0 0 
0.00547514358462055772 0.148533 0 58537 36.8577 36.112 13.697 0 01 0 -0 0 0 0 -0 0 0 0 -0 0 12.9819 21.9018 2124.09 5405.81 
0.00547514358462055772 0.284187 0 144496 36.8656 36.1194 13.6967 0 01 0 -0 0 0 0 -0 0 0 0 -0 0 11.5053 21.3672 1050.33 1812.41 
0.00547514358462055772 0.681184 0 62469 36.8054 15.1498 13.6348 0 01 0 0 0 0 0 0 0 0 0 0 0 6.0069 22.7839 200.243 239.038 
0.00547514358462055772 1.34204 0 169315 36.9321 15.2091 13.6882 0 01 -0 0 0 0 -0 0 0 0 -0 0 0 7.9753 10.6375 34.7199 109.097 
0.00548014587393448084 1.76641 0 149543 36.7563 15.1268 13.6141 0 01 0 0 0 0 0 0 0 0 0 0 0 0 3.48559 0 0 
0.0055116921652386278 1.2671 0 143944 36.4785 35.7534 13.7081 0 01 0 0 0 0 0 0 0 0 0 0 0 0 2.49857 0 0 
0.00556492593098193659 4.21775 0 198841 35.9894 35.2907 14.2356 0 01 0 0 0 0 0 0 0 0 0 0 0 0 0 0 0 
0.00559997470713638913 0.22504 0 52396 0.263491 35.188 14.2949 0 01 -0 0 0 0 -0 0 0 0 -0 0 0 10.7426 19.1476 36.999 1460.63 
0.00559997470713638913 0.266649 0 8274 35.9089 35.2145 14.3292 0 01 0 0 -0 0 0 0 -0 0 0 0 -0 10.7426 19.1476 36.999 1460.63 
0.00559997470713638913 0.455651 0 128347 35.8955 35.2018 14.2811 0 01 0 -0 0 0 0 -0 0 0 0 -0 0 7.33262 19.2909 98.1372 672.586 
0.00561260480439902155 0.141711 0 90793 0.303502 14.7007 13.2307 0 01 0 -0 0 0 0 -0 0 0 0 -0 0 10.5179 17.8024 868.631 3321.53 
0.00561260480439902155 0.477258 0 283822 1.15536 35.3836 13.355 0 01 0 0 -0 0 0 0 -0 0 0 0 -0 4.42643 17.1357 119.642 238.785 
0.00561260480439902155 0.689599 0 102873 35.6821 35.0004 14.5301 0 01 0 0 0 0 0 0 0 0 0 0 0 8.37683 18.9249 73.3525 476.597 
0.00563367896777112933 0.502508 1 24007 0 12.4945 8.93233 0 0 2 7.33721 -49.167 -7.09807 0 0 0 0 0 0 0 0 7.84504 24.0001 26.9957 355.875 
0.00567160897963072969 0.346246 0 57393 35.2741 34.6129 14.8549 0 01 -0 0 0 0 -0 0 0 0 -0 0 0 10.3028 22.0143 452.859 1002.94 
0.00567160897963072969 1.05341 0 196116 35.192 34.535 14.959 0 01 0 0 0 0 0 0 0 0 0 0 0 8.47078 21.1023 183.072 183.072 
0.00567160897963072969 1.3301 0 87366 35.2759 34.6147 14.8748 0 01 0 0 0 0 0 0 0 0 0 0 0 8.0033 24.0448 0 6.20003 
0.00567160897963072969 1.87149 0 191220 35.2742 34.613 14.8561 0 01 0 0 0 0 0 0 0 0 0 0 0 5.64444 11.3959 0 0 
0.00569875847572768809 1.60215 0 165929 34.8882 34.2469 15.1586 0 01 0 0 0 0 0 0 0 0 0 0 0 1.60215 4.7477 0 0 
0.00572750404955778801 0.114929 1 134648 34.8295 11.1299 7.12971 0 0 1 3.28907 6.6832 -29.254 0 0 0 -0 0 0 0 -0 12.6485 20.6845 1637.23 5714.57 
0.00572750404955778801 2.13588 0 137507 34.7929 34.1564 15.2155 0 01 -0 0 0 0 -0 0 0 0 -0 0 0 2.22084 4.36827 0 0 
0.00575507614709489228 0.493684 1 43247 0 11.7763 7.90255 0 0 2 -78.7973 -55.9731 -2.55252 0 0 0 0 0 0 0 0 2.937 9.80895 25.3289 25.3289 
0.00576079798043311209 0.199942 0 38744 0.161412 33.8017 15.5348 0 01 0 0 -0 0 0 0 -0 0 0 0 -0 6.15628 13.0358 333.371 2404.01 
0.00576910362889590696 0.925322 0 71669 34.3464 33.7325 15.614 0 01 -0 0 0 0 -0 0 0 0 -0 0 0 0.922654 7.29698 0 0 
0.00579818410809522684 0.0658293 0 219114 0.126972 29.0193 26.1174 0 01 0 0 0 0 0 0 0 0 0 0 0 10.1946 16.8094 1056.29 4449.86 
0.00584508650752551748 0.10044 1 233561 0 26.2281 23.6053 0 0 2 -1.51052 -24.7116 24.3286 0 0 0 0 0 0 0 0 9.17201 15.1752 457.364 2996.27 
0.0058962071696577285 0.166821 0 17420 33.4215 32.8528 15.55 0 26.39951 1.88603 1.58562 -26.2843 0 0 0 0 0 0 0 0 5.5743 9.71962 196.647 1265.44 
0.00592000114495831991 2.58466 0 195542 33.3682 32.8022 15.5683 0 27.12121 -0.634359 20.5442 17.6945 0 -0 0 0 0 -0 0 0 0 7.90385 0 0 
0.00594472485047798944 0.377697 0 149405 33.1739 32.6171 15.4738 0 21.64981 -21.4965 2.02456 -1.5854 0 -0 0 0 0 -0 0 0 9.0597 16.6991 211.728 1420.5 
0.00594472485047798944 1.83692 0 140577 33.135 32.5801 15.4343 0 10.02751 -4.01404 -8.97327 -1.9794 0 0 0 -0 0 0 0 -0 0 1.83692 0 0 
0.00595796641771300858 0.654425 0 138555 33.057 32.5058 15.4238 0 12.10741 11.226 -4.53334 -0.120264 0 0 -0 0 0 0 -0 0 4.59996 15.8235 0 0 
0.00599114388211664014 0.181232 0 41308 32.768 32.2305 15.2422 0 45.9771 -35.7782 24.9748 14.4934 0 -0 0 0 0 -0 0 0 4.67449 10.8247 873.415 3030.28 
0.00605446965939510518 0.6863 0 30052 32.4488 31.9266 15.0117 0 20.65461 1.55425 20.2823 3.58165 0 0 0 0 0 0 0 0 5.51232 24.0739 267.824 270.89 
0.00609044215306159265 0.217343 0 107151 32.3059 31.7899 14.9003 0 41.93851 -23.7164 9.60062 33.2295 0 -0 0 0 0 -0 0 0 16.3281 24.1144 1507.35 4758.18 
0.00609044215306159265 0.705213 0 121925 32.1195 31.612 14.752 0 73.95291 73.5929 1.4527 -7.14179 0 0 0 0 0 0 0 0 5.69189 29.1715 0 74.9704 
0.00609044215306159265 1.15165 1 175769 32.2172 10.2394 6.304 0 0 1 19.965 -12.2682 -5.80412 0 0 0 -0 0 0 0 -0 6.97965 20.9914 0 54.8219 
0.00609044215306159265 1.54999 0 386355 0 31.7665 14.9547 0 27.48841 22.0693 -6.52335 -15.0333 0 0 0 -0 0 0 0 -0 3.07474 15.3447 84.2171 84.2171 
0.00611120782652929077 0.648443 0 139792 31.9889 31.4875 14.6489 0 79.35881 50.1697 -52.8961 31.35 0 0 -0 0 0 0 -0 0 6.39389 15.9414 12.5102 56.0476 
0.00618605099574715683 0.115574 0 109173 0.256807 31.0645 14.2722 0 79.06041 20.7273 -50.5596 -57.1372 0 0 0 -0 0 0 0 -0 14.338 24.1536 3313.37 5954.28 
0.00618605099574715683 2.25823 0 194863 31.5906 31.1075 14.3141 0 48.63841 -38.8442 28.9549 4.29365 0 0 0 0 0 0 0 0 4.3519 13.3311 0 0 
0.00621167678527547937 0.449785 0 55686 31.4713 30.9931 14.2111 0 87.43031 75.9744 42.8393 6.06091 0 0 0 0 0 0 0 0 7.05786 20.3302 32.8696 418.996 
0.00621167678527547937 1.42589 0 15422 31.4974 31.0182 14.2331 0 96.82571 31.7535 -75.6864 -51.3663 0 0 0 0 0 0 0 0 1.43001 10.0928 0 86.2808 
0.0062300367516542627 1.10509 0 154920 31.2574 30.7885 14.0224 0 114.9081 -70.7523 -89.26 -15.1824 0 0 0 -0 0 0 0 -0 5.53714 14.3882 48.8443 48.8443 
0.00625184450363710023 0.70314 0 184947 31.2345 30.7666 14.002 0 73.01591 -68.1683 17.3131 -19.6129 0 -0 0 0 0 -0 0 0 4.85451 15.917 49.3297 101.88 
0.00625184450363710023 1.26248 0 66897 31.2341 30.7663 14.0017 0 123.0331 122.126 2.46842 -14.7115 0 0 0 0 0 0 0 0 8.93993 16.6144 0 10.5101 
0.00627878252152844468 0.355647 0 34930 31.0161 30.558 13.8039 0 20.32141 -11.8299 -16.4296 1.75543 0 0 -0 0 0 0 -0 0 14.0667 29.6691 422.735 657.179 
0.00630687626701003159 0.125243 0 214470 0.1344 31.2648 25.0888 0 101.3211 18.2933 82.6084 55.7428 0 0 0 0 0 0 0 0 13.839 21.9429 2476.19 5499.76 
0.00630687626701003159 0.164547 1 0 30.8252 10.5176 6.53225 0 0 1 6.48627 14.6108 -44.4366 1 12.3088 13.7935 10.458 0 0 0 0 13.839 21.9429 2476.19 5499.76 
0.00630687626701003159 0.431263 0 30458 0.223986 30.4406 13.6905 0 105.091 -91.7042 32.3884 39.8142 0 0 0 0 0 0 0 0 9.21731 17.5428 572.904 1080.06 
0.00632604666146123051 0.117613 0 52314 30.7935 30.3449 13.5956 0 53.43441 -45.0369 -28.6459 2.51587 0 -0 0 0 0 -0 0 0 12.5284 20.6984 2621.34 4958.5 
0.00632604666146123051 0.336065 1 59481 0 10.5586 6.56811 0 0 2 11.2415 -17.8763 -67.49 0 0 0 0 0 0 0 0 8.10413 18.5809 163.963 425.074 
0.00632604666146123051 0.414855 0 69754 30.7762 30.3284 13.5796 0 114.6031 96.4785 29.4276 54.4028 0 0 0 0 0 0 0 0 11.3282 24.3129 261.217 686.637 
0.00632604666146123051 1.03601 0 79775 30.7969 30.3481 13.5987 0 104.3581 -83.3796 -61.9733 -9.88506 0 0 0 0 0 0 0 0 4.17098 19.8362 0 0 
0.00632604666146123051 1.42086 0 177987 30.7625 30.3153 13.5672 0 154.4131 -138.6 -53.1099 -42.5776 0 0 0 0 0 0 0 0 0 5.61301 0 0 
0.0063434837766998672 0.879175 0 169885 30.6318 30.19 13.4436 0 64.17611 -14.4419 -60.3607 -16.3274 0 0 -0 0 0 0 -0 0 3.47108 10.4554 0 0 
0.0063434837766998672 1.33406 0 194475 30.6804 30.2366 13.4895 0 34.7991 29.5655 -1.80298 18.2647 0 0 0 0 0 0 0 0 2.65499 11.929 0 0 
0.00636525209420332055 0.257795 0 19678 30.5204 30.0832 13.3379 0 17.93091 -16.4902 -3.79625 -5.931 0 -0 0 0 0 -0 0 0 9.19575 19.5806 482.724 1440.87 
0.00636525209420332055 0.358406 0 132704 30.5626 30.1236 13.3786 0 62.9111 62.8627 -2.45563 0.209529 0 0 -0 0 0 0 -0 0 13.1029 26.124 1025.87 1629.43 
0.0063976676623459499 0.842701 0 89901 30.3874 29.9558 13.2503 0 100.1521 57.1829 -77.4499 -27.6056 0 0 0 0 0 0 0 0 11.0864 34.9475 436.892 625.493 
0.00641796694124305983 0.4031 0 71493 30.2655 29.8391 13.1456 0 122.1881 116.208 34.6336 15.0355 0 0 0 0 0 0 0 0 7.85259 18.9301 79.4187 611.161 
0.00643672813086418414 0.784151 0 183892 30.1223 29.7018 13.0097 0 113.7791 -83.4947 -57.2975 -51.8786 0 -0 0 0 0 -0 0 0 5.46308 21.0526 0 1.00471 
0.00645446978669548914 0.20531 0 161709 0.111908 32.3002 29.0702 0 01 -0 0 0 0 -0 0 0 0 -0 0 0 11.6741 20.1877 430.51 3329.42 
0.00645446978669548914 0.212236 0 43108 30.0418 29.6247 12.9319 0 256.5691 195.271 75.9306 -148.092 0 0 0 0 0 0 0 0 11.6741 20.1877 430.51 3329.42 
0.00645446978669548914 0.380228 0 27397 30.0313 29.6146 12.9201 0 78.09271 -75.8606 -14.4577 -11.6028 0 0 0 0 0 0 0 0 7.876 20.6684 22.3009 842.182 
0.00645446978669548914 0.400036 0 154589 30.0242 29.6078 12.9175 0 150.0111 -149.534 11.6069 2.85219 0 0 0 0 0 0 0 0 6.26913 19.5377 118.072 575.617 
0.00650556532653581363 0.762899 0 86949 29.7502 29.3455 12.6408 0 92.71041 -72.5137 -52.6352 23.8016 0 0 0 0 0 0 0 0 12.8029 24.101 50.6169 278.386 
0.0065159308180695423 0.291014 0 48688 29.678 29.2761 12.5709 0 104.1581 -59.139 -74.2101 -42.9448 0 0 -0 0 0 0 -0 0 8.04933 16.8496 334.521 863.372 
0.0066125932856291739 0.22483 0 153147 0.729473 29.0496 12.327 0 252.3181 -245.505 48.9511 31.5519 0 -0 0 0 0 -0 0 0 17.5787 29.1568 2018.72 5523.67 
0.0066125932856291739 1.34676 0 152125 29.2841 28.8979 12.164 0 227.5441 -8.89376 -178.127 -141.307 0 0 0 0 0 0 0 0 5.35805 28.0788 0 65.0463 
0.00665040629599131152 0.232041 0 6292 29.1038 28.7248 11.9746 0 257.9531 -225.802 -124.069 12.6693 0 0 0 0 0 0 0 0 15.7839 25.7207 2321.6 4716.21 
0.00665040629599131152 0.405401 0 95010 29.1241 28.7443 11.9955 0 133.8251 -46.5789 -107.583 -64.5398 0 -0 0 0 0 -0 0 0 10.8877 29.6662 170.06 1053.07 
0.00665040629599131152 1.73027 0 185079 29.0216 28.646 11.8883 0 188.1441 -156.208 54.422 89.6409 0 0 0 0 0 0 0 0 5.23912 12.274 0 0 
0.0066717524016300404 0.296008 0 229650 0.732947 29.0223 11.9589 0 188.3921 37.8266 -31.3323 -181.876 0 0 -0 0 0 0 -0 0 11.02 22.6056 707.054 1150.37 
0.0066717524016300404 1.23283 0 179360 28.9337 28.5616 11.794 0 246.2121 -125.179 -85.3937 -194.058 0 0 -0 0 0 0 -0 0 4.90634 13.4926 0 0 
0.0066717524016300404 1.98673 0 54359 28.9575 28.5843 11.8197 0 78.62351 46.4992 1.85287 63.3723 0 0 0 0 0 0 0 0 0 7.82832 0 0 
0.00669167945049082592 0.289137 0 29137 28.8047 28.4377 11.6576 0 141.5441 52.6401 -6.67498 -131.222 0 0 0 0 0 0 0 0 4.57654 16.5927 0 254.504 
0.0067080505342487955 0.538397 0 126118 28.7826 28.4165 11.6333 0 217.1731 81.9253 -165.572 114.185 0 0 0 0 0 0 0 0 6.52658 13.6222 99.0533 544.954 
0.00672092682474609293 0.165198 0 23097 28.6906 28.3283 11.5347 0 71.27671 2.95019 51.9554 -48.7063 0 0 0 0 0 0 0 0 8.30653 16.9003 236.124 1880.69 
0.00672092682474609293 0.189705 1 26774 0 10.9958 6.98768 0 0 1 -28.1646 19.9928 48.7523 0 0 0 0 0 0 0 0 8.30653 16.9003 236.124 1880.69 
0.0067825876142211276 0.289328 1 37014 28.4169 9.36256 8.38808 0 0 1 -2.18354 -0.936744 -1.61352 0 -0 0 0 0 -0 0 0 13.8591 28.8121 1157.4 2079.74 
0.0067825876142211276 0.42307 1 0 0 28.1182 11.3029 0 0 1 186.361 194.599 -5.17583 1 175.282 205.346 1.1067 0 0 0 0 18.6912 32.8385 91.0766 1016.07 
0.0067825876142211276 0.650987 0 61856 28.5407 28.1838 11.374 0 110.6581 87.2577 -61.0606 -30.0495 0 0 0 0 0 0 0 0 11.061 28.0088 229.144 508.414 
0.0067825876142211276 1.65164 0 162556 28.4539 28.1003 11.2805 0 143.6561 95.2617 68.4444 82.9309 0 0 0 0 0 0 0 0 10.0722 26.7555 0 5.11436 
0.0067825876142211276 2.65079 0 193763 28.3885 28.0375 11.209 0 157.3281 156.544 14.94 -4.76334 0 0 0 0 0 0 0 0 5.34179 8.15537 0 1.63035 
0.00682764436476763267 0.513059 0 99537 0.322792 28.0285 11.2027 0 115.1471 112.803 8.03117 21.6761 0 0 0 0 0 0 0 0 13.9791 31.0534 185.279 239.042 
0.00682764436476763267 0.748248 0 39238 28.202 27.8582 11.01 0 164.141 -72.6638 34.3408 -143.117 0 0 0 0 0 0 0 0 14.4443 35.6928 12.0101 309.349 
0.00682764436476763267 0.957294 0 185355 28.3386 27.9894 11.1556 0 208.7881 -208.785 -0.300729 -1.08717 0 -0 0 0 0 -0 0 0 8.55577 36.9618 0 95.84 
0.00682764436476763267 1.38027 0 106288 28.3056 27.9576 11.121 0 203.5471 108.5 172.192 2.98225 0 0 0 0 0 0 0 0 5.55181 17.9609 62.5124 77.0407 
0.00682764436476763267 2.05183 0 67839 28.2831 27.9359 11.0971 0 97.71731 96.0582 12.9966 -12.3524 0 0 0 0 0 0 0 0 4.06139 10.2049 0 4.96978 
0.00685254576727060451 0.330632 0 6219 0 27.7309 10.8651 0 277.3541 -92.5079 -208.854 157.314 0 0 0 0 0 0 0 0 2.37296 7.36531 0 98.4767 
0.00686573316285619788 0.0878117 0 41160 0.0955011 27.6763 10.8015 0 281.8591 -133.1 154.362 -194.682 0 0 0 0 0 0 0 0 6.43614 13.4612 612.565 1437.48 
0.00686573316285619788 0.482516 0 171631 28.0086 27.6719 10.799 0 185.4251 184.723 13.5729 -8.69274 0 0 0 0 0 0 0 0 1.48057 6.89325 0 48.6041 
0.00686573316285619788 0.573847 0 129944 28.0037 27.6671 10.7935 0 154.7431 -153.234 1.25812 21.5228 0 -0 0 0 0 -0 0 0 2.33364 8.10698 0 137.954 
0.00687059525682931754 0.492799 0 73589 27.9947 27.6585 10.7828 0 143.6091 95.9757 99.7034 -38.3588 0 0 0 -0 0 0 0 -0 2.41609 6.85638 0 0 
0.0069296329077710014 0.155523 0 86890 27.8716 27.54 10.6475 0 70.16711 -68.3589 5.55471 14.8198 0 -0 0 0 0 -0 0 0 17.8293 28.2154 3331.96 6961.41 
0.0069296329077710014 1.35281 0 185527 27.9668 27.6317 10.7524 0 132.8391 -11.953 91.6359 -95.4264 0 -0 0 0 0 -0 0 0 8.05375 33.6443 0 0 
0.0069296329077710014 1.95785 0 132710 27.7405 27.4139 10.5052 0 335.9461 -262.145 -76.8355 195.539 0 0 0 0 0 0 0 0 7.83583 19.5294 0 0 
0.00701434670111715421 0.131324 0 18064 27.4481 27.1319 10.1831 0 155.5771 109.675 -89.3153 64.7963 0 0 0 0 0 0 0 0 19.6236 28.607 2173.04 7044.04 
0.00701434670111715421 0.305075 0 89495 27.5396 27.2202 10.2856 0 133.9511 -33.1173 104.854 -76.4962 0 0 0 -0 0 0 0 -0 22.4631 38.0859 973.974 2659.74 
0.00701434670111715421 0.815023 0 129927 27.4288 27.1133 10.1619 0 143.4151 -72.396 -87.0525 -88.0251 0 0 -0 0 0 0 -0 0 18.0367 45.822 20.0806 360.311 
0.00701434670111715421 1.64086 0 166801 27.6131 27.2912 10.3653 0 184.6941 94.7006 -109.358 -114.824 0 0 0 0 0 0 0 0 13.1199 42.4597 0 111.628 
0.00702735735629174928 0.229591 0 61838 27.3392 27.027 10.065 0 126.5351 -101.053 10.0578 75.4863 0 0 0 0 0 0 0 0 8.36668 15.2879 413.132 1998.64 
0.00702735735629174928 1.61797 0 149264 27.311 26.9998 10.034 0 134.591 25.8156 76.645 107.581 0 0 0 0 0 0 0 0 6.5109 11.4422 0 129.656 
0.00710229732972352066 0.476674 0 81542 27.2419 26.9332 9.9576 0 234.9261 -232.523 8.86296 32.3202 0 0 0 0 0 0 0 0 17.5671 38.2912 634.197 1048.09 
0.00710229732972352066 0.721749 0 141353 27.2499 26.9409 9.96731 0 231.4741 -137.704 -15.6998 185.396 0 0 0 0 0 0 0 0 17.875 45.0655 669.786 1041.73 
0.00710229732972352066 1.11567 0 181037 27.2189 26.9112 9.93271 0 209.6961 61.7303 154.091 128.132 0 0 0 0 0 0 0 0 22.1196 53.1104 0 115.098 
0.00710229732972352066 3.15132 0 187038 27.069 26.7663 9.76888 0 259.9541 -198.295 -86.9617 143.85 0 0 0 0 0 0 0 0 0 6.1546 0 0 
0.00714354118658178539 0.274038 1 321644 0 17.4284 15.674 0 0 2 -0.617038 0.283961 0.0713251 0 -0 0 0 0 -0 0 0 12.9112 26.0599 226.014 1554.9 
0.00722702321289868995 0.0727073 0 49516 0.143349 26.3098 9.25084 0 280.0681 242.766 -37.0848 -134.638 0 0 0 0 0 0 0 0 25.3775 35.1303 4801.9 9293.02 
0.00729838942774610477 0.52858 0 18681 26.3216 26.0452 8.9532 0 122.9571 92.2241 -81.0456 6.68902 0 0 0 0 0 0 0 0 15.2373 37.2341 436.554 601.054 
0.00729838942774610477 0.704269 0 125335 26.327 26.0504 8.9592 0 78.14621 77.6519 8.32111 2.78847 0 0 0 0 0 0 0 0 13.6499 47.2021 0 66.2654 
0.00729838942774610477 1.13089 0 131361 26.4753 26.1933 9.11892 0 102.7771 -84.4652 35.3959 46.6456 0 0 0 0 0 0 0 0 9.10522 32.939 0 161.446 
0.00729838942774610477 2.17647 0 195209 26.2463 25.9724 8.87055 0 256.6351 -114.009 154.536 -170.241 0 -0 0 0 0 -0 0 0 6.44211 28.2049 0 0 
0.00731127319375290095 0.329181 0 145174 26.2275 25.9541 8.85071 0 242.2951 -208.27 -45.8794 -115.002 0 0 0 0 0 0 0 0 4.42363 13.8365 1.37969 128.474 
0.00731127319375290095 0.371553 0 9348 0.203308 27.8668 11.0212 0 102.8891 -96.6949 7.84721 -34.2733 0 0 0 -0 0 0 0 -0 5.37491 16.4579 65.2321 600.74 
0.00731127319375290095 0.495156 0 8327 26.2079 25.935 8.82948 0 119.7581 -108.287 49.6678 -12.2069 0 0 0 0 0 0 0 0 4.40296 12.7945 0 0 
0.00731127319375290095 0.633042 0 170681 26.196 25.9235 8.81557 0 321.4561 -21.3125 -261.351 -185.945 0 0 0 0 0 0 0 0 3.17638 12.8065 0 109.79 
0.00731626253840550207 0.540296 0 89672 26.1819 25.9099 8.80084 0 288.4691 279.293 69.8771 -18.0701 0 0 0 0 0 0 0 0 2.11663 5.28373 0 32.7089 
0.00741411282452058597 0.450987 0 75139 25.8884 25.6259 8.48433 0 154.0451 -31.5844 -147.947 29.0548 0 0 -0 0 0 0 -0 0 16.3333 44.8635 86.6981 611.75 
0.00741411282452058597 0.520636 0 60209 25.824 25.5636 8.41566 0 91.40931 17.6721 -87.4403 -19.9386 0 0 0 0 0 0 0 0 15.3904 39.2883 222.939 566.603 
0.00741411282452058597 0.710238 0 131510 26.0311 25.7641 8.6386 0 48.1171 -15.659 -26.0861 -37.2768 0 0 -0 0 0 0 -0 0 19.6484 41.2959 0 139.89 
0.00741411282452058597 1.42195 0 158284 26.0693 25.801 8.67965 0 260.8151 -142.194 212.996 -49.3793 0 0 0 -0 0 0 0 -0 8.43013 36.618 0 143.908 
0.00741411282452058597 2.65908 0 171637 26.0749 25.8065 8.68612 0 351.291 -230.528 -265.03 4.59112 0 -0 0 0 0 -0 0 0 2.60415 13.0652 0 0 
0.00742157795653583703 0.385873 0 149828 25.8174 25.5572 8.40793 0 412.9861 409.997 -40.3949 -28.7798 0 0 0 0 0 0 0 0 3.16103 11.0453 0 627.107 
0.00745574694133589559 0.355517 0 39421 0.183789 26.46 9.42137 0 108.741 -100.85 -30.1222 27.3199 0 -0 0 0 0 -0 0 0 13.0484 28.6518 330.77 1561.59 
0.00745574694133589559 0.636239 0 77143 25.7174 25.4606 8.30097 0 203.8331 -106.666 45.6402 167.593 0 0 0 0 0 0 0 0 10.9778 30.9865 168.887 173.708 
0.00746584137795395803 0.393602 0 64738 25.6395 25.3853 8.21759 0 147.4161 131.268 6.59476 -66.7589 0 0 0 0 0 0 0 0 3.15461 14.2991 236.63 415.961 
0.00747500117577815267 1.33426 0 166175 25.6275 25.3739 8.20433 0 237.4651 205.742 88.4914 -78.9249 0 0 0 0 0 0 0 0 1.34415 2.67141 0 0 
0.00753610177944734859 0.444567 0 112460 25.4119 25.1652 7.97578 0 244.2741 -9.52618 94.6396 224.994 0 0 0 0 0 0 0 0 20.6623 37.833 123.699 600.51 
0.00753610177944734859 0.630671 0 126498 25.4469 25.1991 8.01223 0 372.8561 323.249 -174.711 -63.3033 0 0 0 0 0 0 0 0 11.7483 30.8627 66.1228 603.878 
0.00753610177944734859 0.762428 0 105386 25.5418 25.2908 8.11314 0 337.5291 253.023 223.233 -8.49409 0 0 0 0 0 0 0 0 16.5247 37.5748 2.11742 93.6178 
0.00762719876761569233 2.16898 0 190546 25.1519 24.9132 7.70079 0 74.37271 54.6342 48.1808 15 0 0 0 0 0 0 0 0 6.63337 24.0446 0 0 
0.00770080188116542639 0.862373 0 81629 24.9271 24.6954 7.46617 0 362.6731 361.715 21.2721 -15.5563 0 0 0 0 0 0 0 0 14.6895 38.9839 1.73067 136.325 
0.00770080188116542639 1.4112 0 185177 24.903 24.672 7.4411 0 254.5841 -250.395 -40.2819 -22.2038 0 0 0 -0 0 0 0 -0 8.50799 29.7514 28.1831 28.1831 
0.00770080188116542639 1.47178 0 165019 24.9833 24.7498 7.52483 0 233.6441 -195.85 37.5088 121.761 0 0 0 0 0 0 0 0 1.47313 18.9307 0 0 
0.00770080188116542639 1.53939 0 163317 24.8582 24.6288 7.39476 0 390.2451 197.694 254.24 -220.387 0 0 0 0 0 0 0 0 4.72524 20.2901 0 0 
0.00770080188116542639 2.27651 0 186121 24.8636 24.634 7.40048 0 220.4081 -217.216 -36.2371 9.14782 0 0 0 0 0 0 0 0 6.89198 18.3259 171.609 171.609 
0.007708750149105284 0.40782 0 140637 24.8446 24.6156 7.38095 0 186.8941 -68.4546 -76.1318 -156.356 0 0 0 -0 0 0 0 -0 5.3969 12.5187 158.027 379.364 
0.007708750149105284 1.44648 0 197303 24.8468 24.6178 7.38323 0 249.5151 -72.3251 144.401 -190.198 0 0 0 0 0 0 0 0 1.48075 4.41536 0 0 
0.00776840068455355096 0.34239 1 63470 0 8.54231 7.65295 0 0 1 -0.0717313 -0.7071 -0.83029 0 0 -0 0 0 0 -0 0 14.5914 33.964 503.916 1039.81 
0.0077785035245004552 0.579698 0 87460 24.6284 24.4056 7.15771 0 231.4071 -227.572 -34.9596 -23.194 0 -0 0 0 0 -0 0 0 4.00895 13.5394 215.716 215.716 
0.00783317851114689531 0.343616 0 73656 24.4481 24.2311 6.97402 0 277.5731 -226.575 -3.10884 -160.314 0 0 0 0 0 0 0 0 18.8225 36.8797 595.436 1473.1 
0.00783317851114689531 0.676327 0 77879 24.5368 24.3171 7.06474 0 324.3511 61.4403 -318.022 -17.0543 0 0 -0 0 0 0 -0 0 12.2256 37.4201 0 131.601 
0.00791165677274927558 0.43774 0 144498 24.3374 24.1234 6.86182 0 449.6611 -431.357 -100.196 78.0193 0 0 -0 0 0 0 -0 0 17.892 37.6013 581.203 1040.65 
0.00791165677274927558 0.528169 0 118226 24.3179 24.1046 6.8423 0 273.1291 95.7555 -232.092 107.536 0 0 -0 0 0 0 -0 0 15.6661 36.7047 173.696 467.051 
0.00791165677274927558 1.52124 0 165677 24.2251 24.0144 6.74854 0 428.6051 -427.885 -16.2301 -18.7881 0 -0 0 0 0 -0 0 0 4.55446 39.3636 135.576 144.95 
0.00791165677274927558 1.84557 0 187804 24.3237 24.1102 6.8482 0 257.5341 -201.491 104.801 121.416 0 -0 0 0 0 -0 0 0 1.83527 14.7816 0 0 
0.00805348564488066014 1.85534 0 98258 23.7794 23.5818 6.30731 0 335.1311 274.598 126.598 -144.504 0 0 0 0 0 0 0 0 0 3.68973 0 0 
0.00807747759852465649 0.752868 0 83813 23.7236 23.5273 6.2527 0 207.2341 -166.69 -76.7583 -96.2724 0 0 0 0 0 0 0 0 7.64181 20.6172 27.2358 286.777 
0.00809069121099621237 0.238128 0 109592 23.684 23.4887 6.21408 0 300.0931 -284.15 6.3926 96.299 0 0 0 0 0 0 0 0 8.25991 13.194 168.907 1278.71 
0.00811172861704783851 2.09571 0 96095 23.6268 23.4331 6.15865 0 325.411 82.0877 68.4703 -307.352 0 0 0 -0 0 0 0 -0 0 2.06995 0 0 
0.00816055202906281439 0.557336 0 5708 23.4869 23.2975 6.02444 0 453.1141 -341.74 254.328 154.412 0 0 0 0 0 0 0 0 12.507 40.5403 0 333.612 
0.00816055202906281439 0.823418 0 77061 23.5 23.3103 6.03694 0 333.241 -116.794 28.839 310.767 0 -0 0 0 0 -0 0 0 12.2495 36.7193 0 108.109 
0.00819107631847423162 0.496312 0 74516 23.4024 23.2152 5.94346 0 286.4061 188.645 -205.742 -64.1234 0 0 0 0 0 0 0 0 2.03353 13.2035 0 0 
0.00828101472662185617 0.212484 0 57888 0.482261 17.5348 15.7707 0 01 0 0 0 0 0 0 0 0 0 0 0 17.7505 30.8393 2181.11 5312.38 
0.00828101472662185617 1.93838 0 190351 23.2074 23.0253 5.75881 0 5521 268.125 282.869 -390.894 0 0 0 0 0 0 0 0 7.83591 19.4163 0 0 
0.00829892967563530468 0.946109 0 199257 23.1499 22.9696 5.70511 0 140.6271 126.701 -21.4587 57.117 0 0 0 0 0 0 0 0 8.62963 18.1752 77.4398 165.178 
0.00835033671355309148 0.857377 0 31525 22.9882 22.812 5.55461 0 389.7491 369.428 -97.6513 -76.7588 0 0 0 0 0 0 0 0 8.48508 23.7146 37.7576 77.2117 
0.00835551146671264892 0.666784 0 78975 22.9598 22.7843 5.52836 0 299.3911 -160.008 -211.854 138.386 0 0 0 0 0 0 0 0 3.33495 9.29022 0 0 
0.00843793295488489033 0.173049 0 106367 22.8454 22.6733 17.225 0 01 0 0 0 0 0 0 0 0 0 0 0 20.2167 31.137 1533.34 5332.25 
0.00843793295488489033 0.286446 0 159018 22.8485 22.6764 17.227 0 01 0 0 0 0 0 0 0 0 0 0 0 14.0217 31.2161 438.809 1103.51 
0.00843793295488489033 1.24765 0 175854 22.8738 22.7009 17.2346 0 01 -0 0 0 0 -0 0 0 0 -0 0 0 13.5844 37.1421 0 392.153 
0.00843793295488489033 1.68999 0 153408 22.7891 22.6184 17.2034 0 01 0 0 0 0 0 0 0 0 0 0 0 3.37891 21.8131 0 0 
0.0085508106273734872 1.19031 0 148434 22.568 22.4029 17.128 0 01 0 0 0 0 0 0 0 0 0 0 0 9.57592 31.183 0 20.5951 
0.0085650196541039586 0.220401 0 13000 22.4451 22.2833 17.0806 0 01 0 -0 0 0 0 -0 0 0 0 -0 0 9.98914 18.0853 845.83 3176.11 
0.00859439828439549983 0.921739 0 45426 22.4067 22.246 17.0642 0 01 0 0 -0 0 0 0 -0 0 0 0 -0 4.61588 20.3852 0 20.3093 
0.00865943249031194198 0.346587 0 5085 0.178113 22.1195 17.0155 0 01 0 0 0 0 0 0 0 0 0 0 0 18.2566 37.4725 1094.36 1822.7 
0.00867993708355743569 0.850662 0 161955 22.1664 22.0115 16.9743 0 01 0 0 0 0 0 0 0 0 0 0 0 3.41496 10.2035 0 4.78308 
0.00872031878077709523 0.312037 0 1919 22.1494 21.9948 16.9683 0 01 -0 0 0 0 -0 0 0 0 -0 0 0 14.8772 29.1415 590.363 1804.51 
0.00872031878077709523 1.71962 0 189779 22.0877 21.9348 16.9422 0 01 0 0 0 0 0 0 0 0 0 0 0 6.96773 17.4504 0 5.6816 
0.00873591389236136676 0.8906 0 153745 22.0528 21.901 16.928 0 01 0 0 0 0 0 0 0 0 0 0 0 3.57778 19.8218 81.5553 81.5553 
0.00873591389236136676 1.8108 0 163978 22.052 21.9001 16.9275 0 01 0 0 -0 0 0 0 -0 0 0 0 -0 3.62669 10.8017 0 0 
0.00876117398317427867 0.642478 0 143717 21.9963 21.8456 16.906 0 01 0 -0 0 0 0 -0 0 0 0 -0 0 8.85976 18.9016 93.1586 177.666 
0.00886583372247286457 0.212478 0 5802 21.7804 21.635 16.8192 0 01 0 0 0 0 0 0 0 0 0 0 0 16.2058 30.0657 2073.84 4173.69 
0.00886583372247286457 0.393838 0 18397 21.7831 21.6375 16.8203 0 01 0 0 0 0 0 0 0 0 0 0 0 13.4617 31.6561 559.733 957.356 
0.00886583372247286457 0.545315 0 24795 21.8114 21.6652 16.8308 0 01 0 0 -0 0 0 0 -0 0 0 0 -0 10.8055 31.8344 0 20.3367 
0.00886583372247286457 0.724048 0 285864 0 21.983 16.6432 0 01 0 0 0 0 0 0 0 0 0 0 0 7.83346 27.0472 111.875 127.121 
0.00886583372247286457 1.27724 0 172139 21.7289 21.5848 16.7991 0 01 0 0 0 0 0 0 0 0 0 0 0 5.12692 17.9149 118.831 124.205 
0.00886583372247286457 2.42177 0 147298 21.7574 21.6125 16.8093 0 01 0 0 -0 0 0 0 -0 0 0 0 -0 2.47892 4.90976 0 0 
0.00889941325406565058 0.439248 0 62404 21.7151 21.5714 16.7909 0 01 0 0 0 0 0 0 0 0 0 0 0 11.7848 30.6107 52.4028 503.524 
0.00889941325406565058 2.02704 0 139643 0.141657 24.4031 7.15596 0 204.5121 -66.2913 41.1915 -189.034 0 0 0 -0 0 0 0 -0 0 6.10822 0 0 
0.00892075394262142884 0.658073 0 63111 21.6082 21.4668 16.7492 0 01 0 0 0 0 0 0 0 0 0 0 0 4.61264 8.56237 107.058 214.208 
0.00896732183844890438 0.188823 0 34929 21.5077 21.3686 16.7056 0 01 0 0 -0 0 0 0 -0 0 0 0 -0 18.2377 28.9491 2232.69 5284.23 
0.00896732183844890438 0.401817 0 150526 21.52 21.3806 16.71 0 01 0 0 0 0 0 0 0 0 0 0 0 16.8813 35.3797 483.847 1082.89 
0.00896732183844890438 1.7238 0 190379 21.548 21.408 16.7208 0 01 0 0 0 0 0 0 0 0 0 0 0 0 19.1433 0 0 
0.00906995974328628045 0.383165 0 125439 21.3014 21.1672 16.6148 0 01 0 0 0 0 0 0 0 0 0 0 0 12.2002 24.6215 403.342 782.911 
0.00906995974328628045 0.850294 0 74810 21.3199 21.1852 16.6242 0 01 0 -0 0 0 0 -0 0 0 0 -0 0 11.9338 22.201 0 86.3031 
0.00915562960451565995 0.376123 0 212133 0.245388 21.3401 16.6882 0 01 0 0 -0 0 0 0 -0 0 0 0 -0 26.2663 49.4225 634.374 1865.36 
0.00915562960451565995 0.381288 0 74169 21.2241 21.0917 16.5827 0 01 0 0 -0 0 0 0 -0 0 0 0 -0 26.2663 49.4225 634.374 1865.36 
0.00915562960451565995 0.90885 0 161127 21.1922 21.0605 16.5681 0 01 0 0 0 0 0 0 0 0 0 0 0 13.6579 49.1678 25.5066 272.476 
0.00924441317891862811 0.295401 0 61834 21.0137 20.886 16.485 0 01 -0 0 0 0 -0 0 0 0 -0 0 0 19.034 40.9139 939.235 3008.54 
0.00924441317891862811 0.365635 0 13778 21.0531 20.9244 16.5041 0 01 0 0 -0 0 0 0 -0 0 0 0 -0 22.4441 47.6594 759.966 1463.69 
0.00924441317891862811 2.19227 0 164300 20.9292 20.8033 16.4481 0 01 -0 0 0 0 -0 0 0 0 -0 0 0 6.71245 15.6202 16.9767 16.9767 
0.00928528212930055871 2.82832 0 199578 20.9148 20.7893 16.4422 0 01 0 0 0 0 0 0 0 0 0 0 0 5.8397 17.1524 10.145 10.145 
0.00935313834918012968 0.250766 0 144527 0.248863 14.827 13.3141 0 01 0 0 0 0 0 0 0 0 0 0 0 19.397 31.1215 4162.39 6959.94 
0.00935313834918012968 0.693146 0 171741 20.7738 20.6515 16.3762 0 01 0 0 0 0 0 0 0 0 0 0 0 14.6184 44.5486 50.5514 310.765 
0.00941126866506838619 0.265702 0 52009 20.6358 20.5164 16.3131 0 01 0 0 0 0 0 0 0 0 0 0 0 17.7731 33.8577 560.757 1188.74 
0.00941126866506838619 0.415644 0 33876 20.5916 20.4733 16.2928 0 01 -0 0 0 0 -0 0 0 0 -0 0 0 18.8943 39.1864 122.04 1223.73 
0.00945876583415495263 0.0868075 0 98571 0 20.4365 16.2739 0 01 0 0 0 0 0 0 0 0 0 0 0 18.3987 29.6197 3022.98 5793.4 
0.00945876583415495263 0.168702 0 23718 0.198714 20.3948 16.2525 0 01 0 -0 0 0 0 -0 0 0 0 -0 0 18.3987 29.6197 3022.98 5793.4 
0.00945876583415495263 1.33568 0 163707 20.5744 20.4564 16.2845 0 01 0 -0 0 0 0 -0 0 0 0 -0 0 9.35011 38.6397 0 186.76 
0.00950489170264563581 1.12113 0 143635 20.4154 20.3007 16.2076 0 01 0 0 0 0 0 0 0 0 0 0 0 6.71625 26.8414 0 7.80088 
0.00950489170264563581 1.37236 0 82874 20.4299 20.3149 16.2159 0 01 0 0 0 0 0 0 0 0 0 0 0 4.08347 24.6124 1.13558 1.13558 
0.00954520915321998425 0.90304 0 151331 20.3561 20.2428 16.1777 0 01 0 0 -0 0 0 0 -0 0 0 0 -0 7.39147 22.9601 0 0 
0.00954520915321998425 1.19334 0 148444 20.3789 20.2651 16.1903 0 01 0 0 0 0 0 0 0 0 0 0 0 5.93288 17.7235 0 0 
0.00957974629092315719 0.407173 0 227368 0.135676 20.4404 13.9949 0 01 -0 0 0 0 -0 0 0 0 -0 0 0 11.2709 24.5939 130.153 674.017 
0.00957974629092315719 0.511168 0 29294 0.680839 20.1962 16.1563 0 01 0 0 0 0 0 0 0 0 0 0 0 8.79514 25.3317 10.2798 123.722 
0.00958815956168928424 0.576664 0 44830 20.2644 20.1528 16.1337 0 01 0 0 0 0 0 0 0 0 0 0 0 4.11285 13.9742 0 101.274 
0.0197311569019699914 8.24577 0 204457 0.143923 21.519 16.7681 0 01 0 0 0 0 0 0 0 0 0 0 0 0 0 0 0 
5.34846412174849117 0.0262312 1 0 0 5.33752 8.42872 0 0 0 0 0 0 0 0 0 0 0 0 0 0 18.0527 38.9872 45.0288 97.1312 
