#1:time #2:r #3.binary? #4:ID #5:zams_m #6:m_progenitor #7:bh mass #8:bh_spin #9:birth-kick(km/s) #10-25:vsarray
0.00946116304574012856 0.237011 1 274926 0 35.8281 32.2453 0 0 2 0.130427 -0.239116 -0.663001 0 0 0 0 0 0 0 0 0.977197 2.63142 0 675.396 
0.00949491922346582841 0.139358 1 111187 0 35.4809 31.9328 0 0 1 0.00211854 0.00731868 0.00343204 0 0 0 0 0 0 0 0 1.7678 3.39935 0 2715.02 
0.00950569495995969883 0.395146 1 149723 0 35.4164 31.8747 0 0 1 -0.254148 -0.396959 -0.338289 0 0 0 0 0 0 0 0 0 0.389328 0 0 
0.00959075926138082402 1.27362 0 178115 104.318 45.2154 40.6939 0 01 0 0 0 0 0 0 0 0 0 0 0 0 1.27991 0 0 
0.00982369764916053712 0.110715 1 271874 0 32.1219 28.9097 0 0 2 -0.00148031 -0.0380998 -0.0039682 0 0 -0 0 0 0 -0 0 1.16316 2.22714 0 1905.35 
0.00984812690646395122 0.157229 1 136651 0 31.2337 28.1103 0 0 1 -0.184073 0.0631904 -0.930499 0 0 0 -0 0 0 0 -0 1.23085 2.36599 462.031 462.031 
0.00998754050413239516 0.0445402 1 176205 0 30.0372 27.0335 0 0 1 -0.398463 -0.0462402 0.793362 0 0 0 0 0 0 0 0 3.0001 4.10594 6628.82 20199.9 
0.0101087005792091806 0.218226 1 234088 0 30.3778 27.34 0 0 2 -0.12791 -0.582161 -0.477459 0 -0 0 0 0 -0 0 0 0.805732 2.16565 0 303.644 
0.0103426028313749786 0.79883 1 325918 0 26.9986 24.2988 0 0 1 -0.414692 -0.0265532 -0.569124 0 0 0 0 0 0 0 0 0 0 0 0 
0.010349520020406287 0.0249503 1 176470 0 26.7475 24.0728 0 0 1 -0.0890154 0.250009 -0.576648 0 0 0 0 0 0 0 0 2.77593 3.74282 7340.29 16740.7 
0.0103892942974291268 0.900103 1 42429 0 26.4474 23.8027 0 0 1 1.05042 0.0823189 -0.365687 0 0 0 0 0 0 0 0 0 0 0 0 
0.0104635402701183378 0.316897 1 100809 0 25.9189 23.327 0 0 2 0.463187 -0.141034 0.338103 0 0 0 0 0 0 0 0 0 0.96844 0 0 
0.0106273282524044672 0.258208 0 225389 0.243853 29.3015 26.3714 0 01 0 -0 0 0 0 -0 0 0 0 -0 0 0 0 0 0 
0.010639695509963857 0.297014 1 214485 0 25.5537 22.9984 0 0 1 0.105756 0.402033 -0.512687 0 0 0 0 0 0 0 0 0.599054 1.17175 0 0 
0.0107248778741286972 0.378255 0 153939 71.4512 28.2084 25.3875 0 01 0 -0 0 0 0 -0 0 0 0 -0 0 0.386685 0.764437 0 0 
0.0107407051767507977 0.30243 1 114706 0 24.094 21.6846 0 0 2 -0.731876 0.912497 0.428441 0 0 0 0 0 0 0 0 0 0.301223 0 0 
0.010850085644633526 0.786869 1 234946 0 23.7079 21.3371 0 0 2 0.103899 0.152438 -1.08974 0 0 0 0 0 0 0 0 0 0 0 0 
0.0108680634663347164 0.455734 0 251344 2.26508 23.7998 21.4198 0 01 0 0 0 0 0 0 0 0 0 0 0 0.458832 2.28705 0 0 
0.0109513134198600173 0.101092 1 287660 0 22.9989 20.699 0 0 1 0.358381 -0.88662 -0.259486 0 0 -0 0 0 0 -0 0 1.14262 3.36037 1128.48 1482.97 
0.0109672657264470487 0.211829 1 196871 0 22.8835 20.5951 0 0 1 -0.29875 0.705338 0.0169498 0 0 0 0 0 0 0 0 0.656354 1.09691 0 233.567 
0.0110048893219492419 0.129423 1 78203 0 29.6944 26.725 0 0 1 -0.555821 0.866488 -0.0324186 0 -0 0 0 0 -0 0 0 1.77695 3.7209 1256.42 2225.8 
0.01105995927258396 0.360631 0 71530 0.34357 22.454 20.2086 0 01 0 0 0 0 0 0 0 0 0 0 0 0.335755 1.73764 35.862 35.862 
0.0111190836922468849 0.567687 0 266741 0.0873177 25.2254 22.7028 0 01 0 0 0 0 0 0 0 0 0 0 0 0 0.554672 0 0 
0.0112791900205251368 0.117217 0 25684 0.175197 24.1736 21.7563 0 01 0 0 0 0 0 0 0 0 0 0 0 0.650218 2.04029 0 1819.79 
0.0112935350433144427 1.56573 0 166865 62.8942 24.0892 21.6803 0 01 0 0 -0 0 0 0 -0 0 0 0 -0 1.53185 1.53185 0 0 
0.0112982568684023444 0.193833 1 278955 0 21.3819 19.2437 0 0 1 -0.150053 -0.462786 0.308119 0 0 -0 0 0 0 -0 0 1.27512 3.46956 333.593 475.173 
0.011445205446480684 0.613396 0 231758 0.0962331 23.2622 20.936 0 01 -0 0 0 0 -0 0 0 0 -0 0 0 0 0 0 0 
0.0115272205018714796 0.256735 0 95702 0.277438 20.3554 18.3199 0 01 0 -0 0 0 0 -0 0 0 0 -0 0 0 1.24692 0 0 
0.0116267610768730385 0.235199 1 176147 0 20.0408 18.0367 0 0 2 0.472334 -0.38684 -0.52952 0 0 0 0 0 0 0 0 0.741164 2.00356 0 0 
0.0116490104985647967 0.176186 0 85265 1.59193 22.0419 19.8377 0 01 0 0 0 0 0 0 0 0 0 0 0 0.786395 2.0967 0 402.418 
0.0116635477214281184 0.348551 1 287135 0 20.9294 18.8365 0 0 2 0.0870298 0.4707 0.293741 0 0 0 0 0 0 0 0 0 0.680136 0 0 
0.0118209586405921274 0.100049 1 223042 0 19.4291 17.4862 0 0 1 -1.02902 -0.100632 0.380925 0 0 -0 0 0 0 -0 0 1.22425 2.55575 20.4196 1144.57 
0.0118424224096002981 0.235745 1 179664 0 19.1787 17.2609 0 0 1 -0.317195 0.558367 0.0629017 0 0 0 0 0 0 0 0 1.32393 2.40781 0 964.873 
0.0119654801462087575 0.374804 0 13642 0.418597 18.8326 16.9493 0 01 0 0 -0 0 0 0 -0 0 0 0 -0 0 0.349749 0 0 
0.0120125478009607701 1.61388 1 220718 0 18.7617 16.8855 0 0 1 0.156799 3.48555 0.0957758 0 0 0 0 0 0 0 0 0 0 0 0 
0.0122713694355062602 0.221924 1 216409 0 18.4653 16.6166 0 0 1 -0.245283 -0.564701 0.198903 0 0 0 0 0 0 0 0 0.440601 1.09063 0 0 
0.0123248910546066345 0.306 0 285496 0.0892181 19.0129 17.1117 0 01 0 0 0 0 0 0 0 0 0 0 0 0.295729 0.597671 0 163.559 
0.012341909180591663 0.0520761 1 321645 0 17.6592 15.8837 0 0 1 -0.246035 0.644824 0.571029 0 0 0 0 0 0 0 0 1.53566 2.90866 1345.16 7216.29 
0.0123936815223142666 0.0329322 0 254453 0.208176 18.8789 16.991 0 01 0 0 0 0 0 0 0 0 0 0 0 1.79518 2.51822 2374.94 10879.4 
0.0124748000319734875 0.0635473 1 265936 0 17.498 15.7372 0 0 2 0.171537 -1.57569 0.809517 0 0 0 0 0 0 0 0 2.78084 3.6462 4492.9 11874.1 
0.0125112323707108723 0.323189 0 238009 0.155256 18.416 16.5718 0 01 -0 0 0 0 -0 0 0 0 -0 0 0 0.969167 1.63339 11.3923 11.3923 
0.0126742049437815717 0.320983 1 43106 0 17.05 15.3302 0 0 1 -0.0149177 -0.716369 -0.0274029 0 0 -0 0 0 0 -0 0 0.646966 0.646966 82.246 82.246 
0.0127066664959107813 0.169841 0 161343 0.291838 17.9101 16.1117 0 01 0 0 -0 0 0 0 -0 0 0 0 -0 1.30355 3.38605 724.866 955.487 
0.012791260519327434 0.0826904 1 185627 0 16.7363 15.0453 0 0 2 -0.261777 0.310311 0.508332 0 0 0 0 0 0 0 0 2.5238 4.14261 6075.69 12173.9 
0.0128335685030431627 0.218279 0 216643 0.103033 17.656 15.8808 0 01 0 0 0 0 0 0 0 0 0 0 0 1.5124 3.00864 0 466.589 
0.0128522432932523696 0.411303 0 157557 0 17.3131 15.5692 0 01 0 0 -0 0 0 0 -0 0 0 0 -0 0.411303 0.833136 0 0 
0.0130142431326480314 0.072189 1 99846 0 16.2947 14.6445 0 0 2 -0.65355 -0.388964 -0.135835 0 -0 0 0 0 -0 0 0 2.4654 3.42481 3527.19 9381.34 
0.0130593158598711727 0.431133 1 255741 0 16.0579 14.4297 0 0 1 -0.0297008 1.02715 -0.000495992 0 0 0 0 0 0 0 0 0 0.431132 0 0 
0.013122045654994698 0.188712 1 27316 0 16.0821 14.4516 0 0 2 -0.315447 -0.362561 0.289849 0 -0 0 0 0 -0 0 0 0.185627 1.29862 0 0 
0.0131375939060581932 0.245803 0 55710 0.13225 16.6398 14.9577 0 01 0 -0 0 0 0 -0 0 0 0 -0 0 0.740819 1.96592 150.85 150.85 
0.0131709500958181736 0.362022 1 177060 0 15.7748 14.1729 0 0 1 -0.448552 0.361372 0.168295 0 0 0 0 0 0 0 0 0 0.696157 0 0 
0.0131740983453114222 0.148928 0 953 2.28491 16.4576 14.7924 0 01 0 0 0 0 0 0 0 0 0 0 0 0.796121 2.55541 0 848.757 
0.0132555862366888228 0.0692248 0 232008 0.132857 16.0901 14.4588 0 01 0 0 0 0 0 0 0 0 0 0 0 2.37648 3.19366 5291.77 11924.1 
0.013342556531081913 1.69191 0 194155 45.6927 16.2122 14.5697 0 01 0 0 0 0 0 0 0 0 0 0 0 0 0 0 0 
0.0133916146523138119 0.335917 0 247830 0.365832 16.1146 14.481 0 01 0 -0 0 0 0 -0 0 0 0 -0 0 0.318377 0.647342 0 167.66 
0.0133935931134378048 0.253851 0 264210 0.122542 16.1138 14.4804 0 01 0 0 0 0 0 0 0 0 0 0 0 0.25988 2.0439 0 0 
0.0134042152515431636 0.13364 0 242249 0.108102 16.0837 14.4531 0 01 0 0 0 0 0 0 0 0 0 0 0 0.570086 1.5579 575.178 1850.47 
0.0134045333149864464 0.0737664 0 281917 0.535673 16.0075 14.3839 0 01 -0 0 0 0 -0 0 0 0 -0 0 0 1.87984 3.3555 5405.6 11465.3 
0.0134351929722491652 0.279105 0 238953 0.101643 15.8282 14.2213 0 01 0 0 0 0 0 0 0 0 0 0 0 0.843214 1.11344 0 99.3481 
0.0134587777962880979 1.02189 1 255729 0 15.4242 13.855 0 0 2 -0.0535319 0.33351 -0.324633 0 -0 0 0 0 -0 0 0 0 0 0 0 
0.0135294860951685521 0.197146 1 215465 0 15.6377 14.0486 0 0 1 0.0167973 0.00390382 0.0474306 0 0 0 0 0 0 0 0 0 0.570797 0 0 
0.0136278679929404921 0.260681 0 120626 0.177036 15.4829 13.9082 0 01 0 -0 0 0 0 -0 0 0 0 -0 0 0 0.536715 0 0 
0.0136891759868542472 3.13624 0 25648 1.16297 15.3733 13.8088 0 01 0 -0 0 0 0 -0 0 0 0 -0 0 0 0 0 0 
0.0137433001956119676 0.161573 0 351956 0.435001 15.3092 13.7507 0 01 0 0 0 0 0 0 0 0 0 0 0 1.14142 2.05673 1567.74 2449.09 
0.0137472316045888793 0.822048 0 225250 0.433814 15.2088 13.6598 0 01 -0 0 0 0 -0 0 0 0 -0 0 0 0 0 0 0 
0.0137702986941959354 0.921439 0 150523 0.217971 15.2042 13.6556 0 01 0 0 0 0 0 0 0 0 0 0 0 0 0 0 0 
0.0137849965784620863 1.07055 0 293883 0.185852 15.2044 13.6558 0 01 0 0 0 0 0 0 0 0 0 0 0 1.08304 1.08304 0 0 
0.01379179936383957 0.354453 0 271052 0.23198 15.1515 13.6079 0 01 0 0 -0 0 0 0 -0 0 0 0 -0 0 1.0223 0 0 
0.0137924530946861596 0.152398 0 85753 0.260756 15.1309 13.5891 0 01 0 -0 0 0 0 -0 0 0 0 -0 0 0.150562 0.594391 0 0 
0.0137924530946861596 1.28421 0 94719 43.369 15.1839 13.6372 0 01 0 0 -0 0 0 0 -0 0 0 0 -0 0 0 0 0 
0.0139056875995212676 0.101503 0 341772 0.0918164 14.8799 13.3618 0 01 0 0 0 0 0 0 0 0 0 0 0 0.427964 1.40005 1308.61 1308.61 
0.0139684408867127522 0.141523 0 241011 0.237916 14.8554 13.3396 0 01 0 0 0 0 0 0 0 0 0 0 0 0.458577 1.8027 0 128.055 
0.0140373741298075796 2.10915 0 197910 42.2259 14.6882 13.1881 0 01 0 -0 0 0 0 -0 0 0 0 -0 0 0 0 0 0 
0.0141922225412215962 0.643513 0 121054 41.5427 14.3911 12.5193 0 20.04961 19.1656 2.02538 -5.5285 0 0 0 0 0 0 0 0 0 1.9468 0 0 
0.0142184205248621111 0.116368 0 4347 0.197743 14.1725 12.0416 0 17.18041 10.0492 -12.9231 5.21283 0 0 0 0 0 0 0 0 1.23588 2.45682 0 2229.09 
0.014328408673214544 0.310977 0 82477 0.130084 14.1491 11.9915 0 23.83091 23.3145 -2.07435 4.47716 0 0 0 0 0 0 0 0 0 0.626324 0 0 
0.0143735569754722594 3.26171 0 6025 0.0839605 14.0613 11.805 0 46.26051 -44.5033 2.80317 -12.3138 0 0 0 -0 0 0 0 -0 0 0 0 0 
0.0144083647756441217 0.210817 1 122995 0 13.7851 11.2361 0 0 2 -48.5972 31.8409 15.705 0 0 0 0 0 0 0 0 0.431002 1.26142 0 149.451 
0.0144726753460414394 0.303327 0 215284 0.095124 14.0306 11.7404 0 39.77831 37.5851 -3.59629 -12.5198 0 0 0 0 0 0 0 0 0.877392 1.46196 0 0 
0.0144726753460414394 1.12304 0 22499 0.0929757 13.9552 11.5832 0 41.36041 39.1461 -7.09961 -11.3074 0 0 0 0 0 0 0 0 0 1.1125 0 0 
0.0146421393095840947 1.61427 0 185827 39.6373 14.547 12.8702 0 5.024761 -1.96265 4.07527 -2.18824 0 0 0 0 0 0 0 0 0 0 0 0 
0.0147625580498149944 0.408428 0 260618 0.492474 14.6172 13.0311 0 2.330081 1.36818 -1.20624 1.44994 0 0 -0 0 0 0 -0 0 0 0.796158 0 0 
0.0148655452178444013 0.270501 0 170525 38.7956 14.8029 13.292 0 01 0 0 0 0 0 0 0 0 0 0 0 0 0.797527 0 0 
0.0149146577728741479 0.413259 0 246467 0.369295 14.331 12.3862 0 23.79671 -20.8706 -10.3556 4.84361 0 0 0 0 0 0 0 0 0 0.841096 0 0 
0.0149262560499222926 1.7513 0 167586 38.5806 14.8808 13.3625 0 01 -0 0 0 0 -0 0 0 0 -0 0 0 0 0 0 0 
0.0149387537212592632 1.16138 0 233356 0.0892709 14.0079 11.6929 0 5.29291 -5.27149 -0.473746 -0.0428094 0 -0 0 0 0 -0 0 0 0 0 0 0 
0.0149943310042574933 0.258029 0 233662 0.164567 14.6281 13.0562 0 1.40321 -1.35143 -0.219248 0.307468 0 0 0 0 0 0 0 0 0.544002 0.822439 0 0 
0.0150572090574577593 0.11479 0 322456 0.189304 14.8443 13.3295 0 01 -0 0 0 0 -0 0 0 0 -0 0 0 0.993205 2.37778 40.9344 98.2168 
0.015067347973783049 0.607335 1 259566 0 13.2462 10.2031 0 0 2 -47.2811 -72.4032 65.428 0 0 0 0 0 0 0 0 0 0 0 0 
0.0150918320584165367 0.186358 0 263700 0 14.7067 13.2049 0 01 0 0 0 0 0 0 0 0 0 0 0 0.196629 0.933481 0 0 
0.0151037871602593757 0.619817 1 7823 0 13.116 9.96888 0 0 1 -50.585 75.3522 94.941 0 0 0 0 0 0 0 0 0 0 0 0 
0.0151965794735260881 0.0931158 0 246799 0.0892193 15.0947 13.5564 0 01 0 0 0 0 0 0 0 0 0 0 0 2.6806 3.78558 2364.03 6991.94 
0.0152081107058635173 0.273472 0 159486 0.167652 15.1648 13.6199 0 01 0 0 0 0 0 0 0 0 0 0 0 1.04545 2.37374 0 95.5236 
0.0153446788547315222 0.396157 0 271762 0.780644 14.8562 13.3403 0 01 0 0 0 0 0 0 0 0 0 0 0 0 0.383946 0 0 
0.0154910317134619498 0.91105 0 246886 0.180511 13.8084 11.283 0 31.99231 -7.06271 -29.3338 10.6374 0 0 0 0 0 0 0 0 0 0 0 0 
0.0154930960852812331 0.0512131 0 330898 0.094208 15.2551 13.7017 0 01 -0 0 0 0 -0 0 0 0 -0 0 0 2.04491 3.173 8571.58 12418.1 
0.0154930960852812331 0.998773 0 149543 36.7563 36.0154 13.6468 0 01 0 0 0 0 0 0 0 0 0 0 0 0 0.987592 0 0 
0.015557511553749374 0.374373 0 224827 0.12085 15.0961 13.5576 0 01 0 0 0 0 0 0 0 0 0 0 0 0.382429 0.382429 0 0 
0.0156885842176367925 0.731184 0 302513 0.177827 14.8186 13.3063 0 01 0 0 0 0 0 0 0 0 0 0 0 0 0.722465 0 0 
0.0157237208882032679 0.282064 1 198841 0 12.4095 8.80085 0 0 2 37.008 33.5719 -30.8855 0 0 0 0 0 0 0 0 0.584698 0.874973 385.139 385.139 
0.0157723828106242116 0.17115 1 8274 0 12.408 8.7985 0 0 1 -74.8237 -36.125 31.8118 0 0 0 0 0 0 0 0 0.73773 2.0058 1506.14 2101.42 
0.0158022602467238066 1.9487 0 52396 0.304778 35.3058 13.3095 0 01 0 -0 0 0 0 -0 0 0 0 -0 0 2.01919 2.01919 0 0 
0.0158416920523317128 1.11946 0 102873 0 34.9988 14.335 0 01 0 0 0 0 0 0 0 0 0 0 0 0 0 0 0 
0.0158518868320412475 0.263362 0 210817 0.412109 14.927 13.4045 0 01 0 0 0 0 0 0 0 0 0 0 0 0.253988 1.29107 0 227.207 
0.0158533426186892347 0.282107 0 229304 0.197484 35.4365 13.3706 0 01 0 0 0 0 0 0 0 0 0 0 0 0.850313 1.98264 0 113.428 
0.0158670627722771324 0.198338 0 58537 0.0928564 12.4246 8.82397 0 67.07151 -55.4871 -37.0713 6.74464 0 0 0 0 0 0 0 0 0.433782 1.27371 0 0 
0.0159708782500767033 0.0599201 1 87366 0 12.0323 8.24872 0 0 2 9.83381 119.676 30.9587 0 0 0 0 0 0 0 0 1.47988 2.13085 4769.47 11791 
0.015997436433000025 0.121434 0 300795 16.161 14.6043 13.0014 0 1.295431 -1.19152 -0.133675 0.490472 0 0 0 0 0 0 0 0 2.37052 3.43236 623.984 4929 
0.016005046855935446 0.431121 0 267393 0.196363 13.26 10.2283 0 38.21271 -9.64525 36.6434 4.94351 0 0 0 0 0 0 0 0 0 0.887254 0 0 
0.0160099307905983076 0.66281 0 196116 35.192 34.5343 14.7721 0 01 0 0 0 0 0 0 0 0 0 0 0 0 0 0 0 
0.0160493318308081723 0.191455 1 222033 0 12.5953 9.09113 0 0 2 32.7753 -151.532 -73.3352 0 0 0 0 0 0 0 0 0.589129 1.41934 0 0 
0.0160627412325751485 0.378038 1 378168 0 30.6829 27.6146 0 0 2 -0.0101468 -0.000909287 -0.00288386 0 0 0 0 0 0 0 0 0 0 0 0 
0.0161383319796289393 0.209827 1 231552 0 23.3211 20.989 0 0 1 1.13573 -0.644054 -0.643525 0 0 0 -0 0 0 0 -0 0.992665 2.65064 0 67.7683 
0.0162651877687235401 0.781074 0 217060 0.360411 14.5598 12.9225 0 7.857451 7.10361 2.78312 1.87949 0 0 0 0 0 0 0 0 0 0.811941 0 0 
0.0163514148336229154 0.847935 1 302358 0 12.1602 8.43035 0 0 2 36.8791 -155.506 -123.844 0 0 0 -0 0 0 0 -0 0.848813 3.3553 0 0 
0.0164547582242035341 0.429713 1 220658 0 34.0675 30.6608 0 0 1 0.478651 0.074489 -0.00562613 0 0 0 0 0 0 0 0 0.868972 1.30153 0 214.081 
0.0165314648515256131 0.391419 0 281671 0.101782 34.6007 13.0089 0 01 0 0 -0 0 0 0 -0 0 0 0 -0 0.38357 0.760867 0 0 
0.016591716075903918 0.257513 0 253250 0.0917558 14.2071 12.116 0 7.676021 -7.44997 -1.57601 0.967105 0 -0 0 0 0 -0 0 0 0 0.266789 0 0 
0.0167840344557136749 0.391584 1 149405 0 11.5536 7.61973 0 0 1 -29.5838 -9.42915 -4.02321 0 0 0 0 0 0 0 0 0.768522 2.73265 0 0 
0.0168344925317196747 0.507448 1 38744 0 11.5902 7.66502 0 0 1 125.965 71.9732 -83.9691 0 0 0 -0 0 0 0 -0 0 0.992599 0 0 
0.016927635669250915 0.315313 0 239076 0.304898 33.7505 14.7 0 01 0 0 0 0 0 0 0 0 0 0 0 0.636697 0.971211 0 0 
0.0170148617512199778 0.233453 0 41308 0.195601 32.5319 11.4376 0 23.5391 -1.74645 -18.317 14.6807 0 0 0 0 0 0 0 0 0.232931 1.18983 0 0 
0.0170218761092295404 0.39528 0 271007 0.389187 33.4854 12.5196 0 1.200541 0.162175 -0.767963 -0.908421 0 0 0 0 0 0 0 0 0 0.790528 0 0 
0.0171500185554801683 0.754491 0 176355 32.2815 31.766 14.8018 0 44.56421 31.7611 -31.2594 -0.232842 0 0 -0 0 0 0 -0 0 0 0 0 0 
0.0172051349289879529 0.553773 0 223373 0.391781 32.0373 14.5131 0 40.73351 -27.1098 -28.7619 -9.85039 0 0 0 -0 0 0 0 -0 0 1.09183 0 0 
0.0173412143037200289 0.153575 0 240054 0.707982 32.929 11.8757 0 28.37971 -25.9258 -11.5401 -0.298445 0 0 0 -0 0 0 0 -0 0.432527 2.78023 293.762 589.905 
0.0174620205604164788 4.05377 0 194863 0.0943256 31.1064 14.2458 0 93.08011 -69.9832 -16.8398 59.0143 0 -0 0 0 0 -0 0 0 0 0 0 0 
0.0174865279741720434 2.10385 0 319173 0.114583 31.0812 14.0947 0 60.47431 -9.37757 43.1118 41.359 0 0 0 0 0 0 0 0 0 0 0 0 
0.01749581608047001 0.156177 1 15422 0 10.7985 6.79001 0 0 1 -6.40606 -90.8243 -30.7148 0 0 0 -0 0 0 0 -0 0.846926 1.29832 0 482.333 
0.0176368585425429429 0.313123 0 226064 0.143429 31.4376 13.8253 0 99.23851 -34.5134 -57.7694 -72.937 0 0 -0 0 0 0 -0 0 0.928012 1.55069 40.7544 48.6222 
0.0176715458905735874 0.213044 0 229828 0.169519 17.0331 15.3149 0 01 0 0 0 0 0 0 0 0 0 0 0 0.801762 2.00992 0 0 
0.0177292488248950268 0.695962 0 260134 0.106426 11.7714 7.89594 0 67.84721 -53.7085 17.3484 -37.6519 0 0 0 0 0 0 0 0 0 0.691309 0 0 
0.0177966043654725764 0.167906 1 317025 0 20.0649 18.0584 0 0 1 0.287743 -0.483895 -0.634172 0 0 -0 0 0 0 -0 0 0.690598 1.55131 48.6321 254.836 
0.0178530217233437774 0.881442 0 69754 0.0906395 30.3277 13.522 0 95.93221 -70.6041 -38.3063 52.4469 0 0 0 0 0 0 0 0 0 0 0 0 
0.0178599471847209722 0.764555 0 177987 30.7625 30.3146 13.5093 0 139.8041 138.196 18.2588 -10.6489 0 0 0 -0 0 0 0 -0 0 0.745311 0 0 
0.017863327033558668 0.553299 1 211452 0 21.284 19.1556 0 0 1 -0.959661 -0.91472 -0.0873865 0 0 0 0 0 0 0 0 0 0 0 0 
0.0178665359707609432 0.117711 1 228415 0 12.3396 8.69482 0 0 2 21.7126 103.65 -29.2499 0 0 0 0 0 0 0 0 2.10614 3.21802 1316.17 5011.09 
0.0179007956558942666 0.496102 0 194475 30.6804 30.2359 13.4327 0 92.16691 90.9154 0.338803 15.1335 0 0 0 0 0 0 0 0 0 0.482674 0 0 
0.0179217124552296554 0.204097 0 244931 0.344272 31.23 12.6858 0 71.74081 -65.1121 5.63486 29.5873 0 0 0 0 0 0 0 0 0.421235 0.829695 0 0 
0.0179252579441355059 0.552726 0 169885 30.6318 30.1894 13.3869 0 127.9041 123.739 -2.10338 -32.3051 0 0 0 0 0 0 0 0 0 0 0 0 
0.01792553387669878 0.0693598 0 26774 0 30.2761 13.3618 0 107.3511 2.76164 80.9989 -70.3981 0 0 0 0 0 0 0 0 1.16336 1.981 2179.94 8260.46 
0.0179951771546284639 0.346202 1 19678 0 10.5641 6.57292 0 0 1 37.2082 -104.938 -98.2663 0 0 0 0 0 0 0 0 0 1.7803 0 0 
0.0182168058288068556 0.106204 1 254433 0 11.4541 7.49896 0 0 1 -136.702 -74.9239 -92.3587 0 -0 0 0 0 -0 0 0 0.567765 0.771728 944.633 1457.93 
0.0182394212027266467 0.262033 0 241508 0.211469 30.3148 12.409 0 69.75061 -18.9057 -67.1348 0.800724 0 0 -0 0 0 0 -0 0 0.508974 1.54092 0 636.165 
0.0182394212027266467 1.76216 0 154589 0.128669 29.6075 12.8622 0 125.551 102.836 13.4192 70.7645 0 0 0 0 0 0 0 0 0 0 0 0 
0.0182569690492705126 0.354896 0 219857 0.0852608 31.8531 10.7232 0 48.70281 46.9035 10.7852 -7.46332 0 0 0 0 0 0 0 0 0.345707 1.07177 0 115.789 
0.01827443218463249 0.809885 0 27397 0.26322 29.7615 12.663 0 140.6831 29.9422 80.7523 111.24 0 0 0 0 0 0 0 0 0.785837 0.785837 0 0 
0.0183107938790644312 0.185864 0 256848 0.631624 30.1426 9.1506 0 63.12111 -25.7924 -28.7082 49.9486 0 0 0 0 0 0 0 0 0.531859 1.25246 0 219.394 
0.018326518732527091 0.359552 0 238775 0.133806 30.9398 9.91539 0 51.83681 3.33037 28.3394 43.2763 0 0 0 0 0 0 0 0 0 0.363216 0 0 
0.018333706066836028 0.0683241 1 154920 0 10.6198 6.62271 0 0 2 -188.755 -1.4911 3.24559 0 -0 0 0 0 -0 0 0 1.45801 2.87521 7589.94 12511.4 
0.0183760535680229133 0.0710288 0 129259 0.1461 29.6007 12.2328 0 38.98131 38.4446 2.65775 5.87321 0 0 0 0 0 0 0 0 1.522 2.53234 4391.68 8133.13 
0.0185490410400558255 0.167144 1 296952 0 10.8081 6.79922 0 0 1 45.8609 7.78476 9.86521 0 0 0 0 0 0 0 0 0.355923 1.39892 0 0 
0.0185523087589302138 0.164581 0 258689 0.197049 29.722 12.322 0 162.2661 27.086 53.1336 -150.909 0 0 0 0 0 0 0 0 0.880466 2.54198 877.283 899.123 
0.0186323056836138513 0.182622 1 59481 0 10.4312 6.4584 0 0 1 199.781 9.00911 1.67482 0 0 0 0 0 0 0 0 0.185751 1.78986 0 253.82 
0.0186437124961149545 0.193883 1 262314 0 10.5785 6.58571 0 0 2 114.688 -38.5102 -14.7873 0 0 0 -0 0 0 0 -0 0.736209 2.68913 0 116.469 
0.0187264953975567923 0.129827 0 276925 0.100987 29.1681 12.0546 0 184.431 101.158 129.562 83.6372 0 0 0 0 0 0 0 0 1.40361 2.22512 0 693.927 
0.0187366183728749566 0.777615 0 19650 0.334931 28.7442 11.9558 0 121.3731 -40.4054 104.392 46.9177 0 0 0 0 0 0 0 0 0 0 0 0 
0.0187486306659479518 9.64416 0 6292 0.0901884 28.7244 11.9341 0 123.0031 73.3784 93.5807 -31.4317 0 0 0 0 0 0 0 0 0 0 0 0 
0.0188287190358793002 1.50026 0 185079 0.173524 28.7679 11.7932 0 156.11 -150.091 -8.627 -42.0164 0 0 0 -0 0 0 0 -0 0 0 0 0 
0.0188474970691964727 0.467884 0 179360 28.9337 28.561 11.7561 0 56.41421 -55.8225 -6.02572 -5.48666 0 0 0 0 0 0 0 0 0 0.942164 0 0 
0.0189362992472371823 0.643671 0 126118 28.7826 28.4157 11.5969 0 143.3131 132.333 -37.2851 -40.4529 0 0 0 0 0 0 0 0 0 1.27619 0 0 
0.0189446641594789647 0.234247 1 43108 0 10.1178 6.21265 0 0 1 2.63747 -164.184 117.354 0 0 -0 0 0 0 -0 0 0.47461 1.18978 0 0 
0.0189677187260538054 0.329234 0 29137 0.111491 28.5973 11.3293 0 124.71 119.707 -31.483 15.1429 0 0 0 0 0 0 0 0 0.348649 0.683481 0 0 
0.0190003091340377427 0.376693 0 233097 0.161338 28.3641 11.4805 0 135.5631 113.642 -55.5309 -48.7758 0 0 -0 0 0 0 -0 0 0.786376 1.57318 52.4244 52.4244 
0.0190088884405221724 0.283671 0 257938 0.210492 29.2197 11.7047 0 52.2751 24.3713 0.837475 46.2386 0 0 0 0 0 0 0 0 0 1.45615 0 0 
0.0191345644671471332 0.519106 0 162556 0.104091 28.0998 11.247 0 186.3531 -96.5062 55.3684 149.493 0 0 0 0 0 0 0 0 0 0.506575 0 0 
0.0191824059607639402 0.154806 0 271856 0.0907652 28.4983 11.425 0 366.8371 -129.028 58.7437 -338.335 0 -0 0 0 0 -0 0 0 0.465257 0.767274 0 371.434 
0.0191840536843491498 0.210752 0 216536 6.44333 20.6417 18.5775 0 01 0 0 0 0 0 0 0 0 0 0 0 0.430223 1.69562 0 449.488 
0.0191959004871883401 0.366361 0 99537 0.406094 28.0033 11.1393 0 205.5671 197.478 50.45 26.7391 0 0 0 0 0 0 0 0 0.364291 0.724621 0 0 
0.0192129827362675018 0.0242537 1 0 0 28.406 46.7795 0 0 1 -254.417 -73.0524 201.453 1 -217.467 -77.1701 246.399 0 0 0 0 1.653 2.21131 3019.91 8223.2 
0.0192397385657837629 2.24724 0 67839 28.2831 27.9354 11.0636 0 113.6851 -69.0149 12.0201 89.5358 0 0 0 0 0 0 0 0 0 0 0 0 
0.0192460809050022559 0.318817 0 349000 0.113204 28.0957 11.0515 0 177.7571 -169.77 -20.4012 -48.5723 0 0 0 0 0 0 0 0 0.641677 0.944286 0 0 
0.0192614213782539567 0.312491 0 277261 0.952234 28.3145 11.366 0 174.6051 167.404 -48.302 -11.3751 0 0 0 -0 0 0 0 -0 0.322813 0.64998 0 181.407 
0.0193202821237971473 0.0508959 0 247015 0.223873 28.6049 11.5637 0 114.4981 -97.9591 -50.9419 30.312 0 0 0 0 0 0 0 0 2.34849 3.19993 5490.98 7844.83 
0.0193537951538890023 0.535179 1 244751 0 16.5771 14.9008 0 0 2 -0.00787363 -0.462261 0.203189 0 0 -0 0 0 0 -0 0 0 1.05483 0 0 
0.0193589866790808696 0.153162 1 222703 0 21.5963 19.4367 0 0 2 -1.59543 0.0535377 -0.541657 0 -0 0 0 0 -0 0 0 0.481007 1.32166 0 0 
0.0193672919512036003 0.136516 1 0 0 11.0194 7.0121 0 0 1 13.6556 8.06678 -82.3378 1 61.6149 18.8703 1.92295 0 0 0 0 0.261153 1.5044 0 1.19603 
0.0193740631854926217 0.419701 1 0 0 27.7301 10.8337 0 0 1 -57.7306 -11.8652 -37.2635 1 -59.8684 8.75256 -40.4311 0 0 0 -0 0 0.824276 0 0 
0.0194656265474851646 0.58709 1 0 0 10.5246 6.53824 0 0 1 68.3646 -93.054 -66.578 1 147.615 -64.6583 -16.8006 0 0 0 0 0 0 0 0 
0.0194772537382351778 0.273883 0 251160 0.315851 27.8988 10.8274 0 163.0961 148.132 52.4743 43.6308 0 0 0 0 0 0 0 0 1.07986 2.66256 0 101.869 
0.0194797736703363027 0.433047 0 341819 0.0824191 27.8923 10.8084 0 40.23681 -27.0536 -28.0077 -10.1325 0 0 -0 0 0 0 -0 0 0.423737 0.851694 0 0 
0.0194977502952030091 0.279838 1 211232 0 36.2987 32.6689 0 0 1 -0.240335 0.616285 -0.810436 0 0 0 -0 0 0 0 -0 0.553999 0.812593 0 0 
0.0195255267180331725 0.155337 0 249239 0.732482 28.6586 10.4578 0 70.20541 59.3014 37.576 -0.425317 0 0 0 0 0 0 0 0 0.647655 1.46124 1009.42 1009.42 
0.019530019239512874 0.293563 0 86890 0.43989 9.74343 5.96358 0 74.27231 -31.7327 49.5045 45.3731 0 0 0 0 0 0 0 0 0.287534 0.287534 0 0 
0.0195860583348029665 0.861689 0 132710 27.7405 27.4131 10.477 0 273.91 -126.702 -232.87 -68.8449 0 -0 0 0 0 -0 0 0 0 0.852945 0 0 
0.0195865470874385939 0.229165 1 271853 0 21.7495 19.5746 0 0 1 0.25766 -0.5337 0.264315 0 0 0 0 0 0 0 0 0.665618 1.33589 204.34 204.34 
0.0196324444843466311 0.0915242 0 238207 0.198439 29.3266 8.50629 0 98.56691 -97.3443 -12.1745 9.55529 0 -0 0 0 0 -0 0 0 2.22257 3.24839 3049 7422.7 
0.0196697434710192583 1.17572 0 166801 27.6131 27.2905 10.3386 0 288.551 -265.144 112.764 -15.6252 0 -0 0 0 0 -0 0 0 0 1.18252 0 0 
0.0197120988569722752 0.535824 0 255638 0.0858683 18.5822 16.723 0 01 0 0 -0 0 0 0 -0 0 0 0 -0 0 0.527917 0 0 
0.0197600308936544157 0.376263 0 18064 0.198275 9.55635 5.85729 0 115.6331 -25.5911 8.56277 -112.44 0 0 0 -0 0 0 0 -0 0 2.25227 0 0 
0.0197930290225139735 1.06049 0 129927 27.4288 27.1128 10.1382 0 154.0521 -145.604 17.0033 -47.3533 0 0 0 -0 0 0 0 -0 0 0 0 0 
0.0198791602004538479 4.32638 1 271658 0 13.7464 11.1586 0 0 2 -37.5719 -74.5835 -10.4601 0 0 -0 0 0 0 -0 0 0 0 0 0 
0.0198803187593756502 0.213136 1 149264 0 10.4416 6.46714 0 0 1 47.7498 116.916 -6.94771 0 0 0 -0 0 0 0 -0 1.05638 1.67392 0 117.888 
0.0198810874053801101 0.157985 1 235538 0 11.4464 7.48983 0 0 1 -67.1475 -19.1419 -6.03714 0 -0 0 0 0 -0 0 0 0.909632 1.68326 442.754 684.098 
0.0199147053847435265 0.246866 0 141353 0.480273 26.9403 9.94346 0 240.4111 98.6506 -129.588 176.84 0 0 0 0 0 0 0 0 0.238289 1.90831 0 0 
0.0199203030653001024 1.05377 0 81542 0.215723 26.9326 9.93471 0 166.9351 74.2216 122.236 -86.1208 0 0 0 -0 0 0 0 -0 0 0 0 0 
0.0199672214103002177 0.384596 0 271838 0.175401 27.3564 10.2492 0 252.2181 250.14 -3.61124 32.104 0 0 -0 0 0 0 -0 0 0 0.383987 0 0 
0.0199900463066487871 0.0281389 1 221011 0 21.1117 19.0005 0 0 1 -0.216311 0.468319 1.54834 0 0 0 0 0 0 0 0 1.77606 3.11358 2394.26 7844.12 
0.0200400298105727244 0.166411 0 187038 27.069 26.7658 9.74643 0 138.6081 -50.6932 24.86 126.588 0 0 0 0 0 0 0 0 0.619163 1.73677 1132.63 1132.63 
0.0202063135701047829 0.235888 0 220824 0.123413 27.7281 9.766 0 251.5241 32.5006 71.0148 -239.092 0 0 0 0 0 0 0 0 0.236672 0.730249 0 0 
0.0202794198961364462 0.249347 1 73589 0 9.49965 8.51062 0 0 1 0.159334 0.448006 -0.807144 0 0 0 -0 0 0 0 -0 0.252579 0.771309 0 0 
0.0203495553175213721 0.073826 1 235991 0 19.8181 17.8363 0 0 1 0.216442 0.48313 -0.0445039 0 0 0 0 0 0 0 0 1.34018 2.66934 3560.54 9851.58 
0.0204674080511887124 0.474306 0 131361 26.4753 26.1928 9.10175 0 109.0711 -106.786 -16.2597 15.1311 0 0 0 0 0 0 0 0 1.42746 2.8562 0 0 
0.0205486525118838796 0.419386 1 89495 0 9.26266 8.29829 0 0 1 -0.927074 -0.149216 0.0996645 0 0 -0 0 0 0 -0 0 0.443971 1.30786 0 0 
0.0206081922723915442 0.33362 0 18681 1.08145 26.1348 8.98318 0 226.8081 -41.4495 -145.731 168.779 0 0 0 0 0 0 0 0 0 0.675906 0 0 
0.020624998624010335 0.350302 0 125335 0.350235 26.2025 9.00974 0 223.1121 -220.957 30.236 -6.52803 0 0 0 0 0 0 0 0 0 0 0 0 
0.0206392086274273176 0.171231 0 195209 0.0837999 25.9716 8.85432 0 242.7021 -87.3343 18.9098 -225.654 0 -0 0 0 0 -0 0 0 0.162263 1.11503 0 0 
0.0206431726487732933 0.766284 0 6639 0.11668 9.11009 8.16155 0 01 0 0 0 0 0 0 0 0 0 0 0 0 0 0 0 
0.020677488927835122 0.159636 0 170681 26.196 25.9229 8.80001 0 210.6481 184.995 -79.2116 62.2498 0 0 0 0 0 0 0 0 1.02008 2.29886 269.487 640.111 
0.0206883455698953465 0.35644 0 89672 0.0948416 25.9093 8.78487 0 295.7021 -236.333 -9.47771 -177.473 0 0 0 0 0 0 0 0 0 1.04459 0 0 
0.0206965691260324464 0.423556 0 247487 0.256458 19.2686 17.3417 0 01 0 0 0 0 0 0 0 0 0 0 0 0 0 0 0 
0.0206977631884760517 0.165378 0 259518 0.0854657 27.2873 9.57802 0 159.531 119.7 30.6777 100.9 0 0 0 0 0 0 0 0 0.456777 1.52996 1311.61 1311.61 
0.0207703527381185339 1.71594 0 171637 26.0749 25.806 8.6699 0 239.4511 -193.174 -141.174 9.52224 0 0 0 0 0 0 0 0 0 0 0 0 
0.0208431499372287894 0.1685 0 266515 0.499803 26.0088 8.80418 0 365.4871 -214.816 -292.147 45.6605 0 0 0 0 0 0 0 0 1.10394 1.75254 12.1466 12.1466 
0.0209722670943100799 0.42467 0 149828 1.23197 25.5569 8.39419 0 101.3171 74.7429 61.3242 -30.2975 0 0 0 0 0 0 0 0 0.415269 1.68199 0 0 
0.0210935856711398466 0.239566 0 155238 0.433942 17.9308 16.1305 0 01 0 0 0 0 0 0 0 0 0 0 0 0 0.722922 0 0 
0.0211277651801592137 0.156187 0 270209 0.0889259 26.0303 8.58063 0 190.7991 49.9916 -69.3481 -170.575 0 0 0 0 0 0 0 0 0.485079 1.41312 980.486 1295.85 
0.0211750474135170147 0.848451 0 64738 0.489119 25.5704 8.13743 0 229.841 229.648 -3.7319 -8.61892 0 0 0 -0 0 0 0 -0 0 0 0 0 
0.0212142030252364042 0.108649 0 289412 0.119722 25.6296 8.41892 0 162.9531 158.581 -30.8779 -21.2711 0 0 -0 0 0 0 -0 0 0.695922 1.74672 1216.9 1216.9 
0.0214495660790001916 0.319079 0 251603 0.182458 27.2039 7.17846 0 185.7291 78.0073 -136.806 -98.4586 0 0 0 -0 0 0 0 -0 0.643686 0.977328 0 0 
0.0215186643907551503 0.406525 0 190546 25.1519 24.9128 7.69126 0 223.8751 -87.619 -201.14 -44.5604 0 0 -0 0 0 0 -0 0 0 0 0 0 
0.0216633070816957159 0.594916 0 165019 24.9833 24.7494 7.51581 0 390.5421 334.987 -170.586 -105.866 0 0 0 0 0 0 0 0 0 0 0 0 
0.0217727656620586574 1.54529 0 163317 24.8582 24.6281 7.38648 0 320.5911 -39.5231 219.258 -230.526 0 0 0 0 0 0 0 0 0 0 0 0 
0.0219047079009213434 0.507572 0 256928 0.289475 24.9233 7.59868 0 254.9461 -103.377 231.604 25.8954 0 0 0 0 0 0 0 0 0 0 0 0 
0.0219562471358379849 0.0952747 0 236466 0.542033 25.3144 7.76463 0 336.8711 276.551 -177.241 74.7487 0 0 0 0 0 0 0 0 1.76661 2.38021 6765.2 7596.28 
0.0219588168242164788 0.137776 1 0 0 9.50995 5.8328 0 0 1 -17.9586 242.647 -7.31722 1 -37.9101 240.855 -17.2436 0 0 0 -0 0.679007 1.74266 9.66543 491.567 
0.0219766670173777573 1.66962 0 87460 24.6284 24.4054 7.15075 0 272.2111 145.151 204.76 105.373 0 0 0 0 0 0 0 0 0 0 0 0 
0.0219773656282980408 0.770467 0 215059 0.134838 25.1464 7.73988 0 129.7791 -128.135 1.36757 20.5464 0 0 0 0 0 0 0 0 0 0 0 0 
0.0220110366713014254 0.0881336 1 233542 0 36.313 32.6817 0 0 2 0.223697 0.235313 0.850527 0 0 0 0 0 0 0 0 1.84085 2.66941 5694.21 9431.2 
0.0220175255786466302 0.0771521 1 274012 0 17.5118 15.7497 0 0 1 0.001423 -0.00379879 -0.00299447 0 0 -0 0 0 0 -0 0 1.68482 2.27898 3197.37 6443.62 
0.02205414384729696 0.932448 0 229216 0.225586 24.6159 7.36663 0 347.1921 -284.193 -193.388 48.7591 0 0 -0 0 0 0 -0 0 0 1.86068 0 0 
0.0220594385457011967 0.273175 0 240046 0.160587 25.4216 7.89072 0 244.4731 78.7073 -226.772 46.3314 0 0 0 0 0 0 0 0 0.822351 1.10576 0 37.979 
0.0220594385457011967 0.34784 0 217745 0.148208 24.3166 7.0716 0 227.5291 155.447 -56.8964 -156.104 0 0 0 0 0 0 0 0 0 1.02827 0 0 
0.0221349014724076185 0.570934 1 374882 0 19.2652 17.3387 0 0 2 0.252568 -0.426362 -0.37723 0 0 0 0 0 0 0 0 0 0.570934 0 0 
0.0222614650868302351 0.313036 0 118226 24.3179 24.1041 6.83642 0 421.4231 346.367 221.202 93.2566 0 0 0 0 0 0 0 0 0.31894 1.27608 0 0 
0.02234797682090248 3.53257 0 165677 24.2251 24.0141 6.74352 0 159.9821 -100.797 27.8973 121.062 0 0 0 0 0 0 0 0 0 0 0 0 
0.0223721563118303851 0.504164 0 283656 0.080891 24.871 7.27939 0 111.7261 105.716 34.6735 10.2301 0 0 0 0 0 0 0 0 0 0 0 0 
0.022482181308351553 0.160381 1 214578 0 9.0426 8.1011 0 0 2 0.268428 1.03636 0.761209 0 0 0 0 0 0 0 0 1.42429 2.56733 613.979 725.486 
0.0226660522811628906 0.135291 1 213688 0 35.0421 31.5379 0 0 2 -0.0119473 -0.0187377 0.0126294 0 0 0 0 0 0 0 0 1.54371 3.32949 2492.01 2844.84 
0.0228762401790595059 0.250904 0 308258 0.953055 23.8323 6.51862 0 528.7181 413.258 -329.321 17.5556 0 0 0 0 0 0 0 0 0.752053 1.00296 139.065 139.065 
0.0228988103262157336 0.351008 0 83813 1.55854 23.7081 6.36005 0 478.1921 -234.191 416.587 16.6372 0 0 0 0 0 0 0 0 0 0 0 0 
0.0230073925685379058 0.0687646 0 96095 0.243462 23.6384 6.26536 0 201.1461 188.241 19.5383 -68.1393 0 0 0 0 0 0 0 0 1.88565 2.91327 3014.52 9455.19 
0.0232582968051938642 0.748801 0 284516 0.1008 23.463 6.16806 0 304.4871 -247.204 159.104 79.3034 0 0 0 0 0 0 0 0 0 0.767624 0 0 
0.0232912615678113159 0.167061 0 346373 0.586412 16.494 14.8254 0 01 -0 0 0 0 -0 0 0 0 -0 0 0 0.608402 1.74491 227.953 281.893 
0.0233631161547310888 0.147271 0 190351 23.2074 23.0252 5.75772 0 92.89241 -34.5964 -8.59942 -85.7795 0 0 -0 0 0 0 -0 0 1.12339 1.76758 286.879 998.964 
0.0234238981670254719 3.52592 0 199257 1.25849 22.9692 5.70402 0 215.2061 214.95 5.22375 -9.11816 0 0 0 0 0 0 0 0 0 0 0 0 
0.0235672776473989723 0.222129 1 397804 0 8.55273 7.66203 0 0 2 0.29819 -0.221711 0.625548 0 0 0 0 0 0 0 0 0.226433 0.662312 0 0 
0.0236284055677380977 2.14377 0 78975 0.0948732 22.7842 5.5281 0 224.2891 95.3489 -74.7231 188.761 0 0 0 0 0 0 0 0 0 0 0 0 
0.0237502089527401108 0.343937 1 159018 0 22.6759 17.186 0 0 2 -0.00405948 0.0201351 0.0106859 0 0 0 0 0 0 0 0 0 0.336253 0 0 
0.0237536327914881912 0.233163 0 271813 0.950044 22.6728 17.3376 0 01 0 0 0 0 0 0 0 0 0 0 0 0.215744 0.916054 0 0 
0.0237607019001238283 0.0837958 1 276775 0 27.2856 24.557 0 0 1 0.108812 0.718999 -0.0196666 0 0 0 0 0 0 0 0 1.21685 2.20615 4357.64 7101.1 
0.0238158563715584644 0.991226 0 153408 22.7891 22.618 17.1653 0 01 0 0 0 0 0 0 0 0 0 0 0 0 0 0 0 
0.0238565122578701418 0.603664 0 257188 0.211033 23.0024 5.72518 0 232.3391 -211.715 95.326 8.43029 0 -0 0 0 0 -0 0 0 0 1.1846 0 0 
0.0239371834180294243 0.316503 1 212421 0 32.845 29.5605 0 0 1 -0.307845 0.321336 0.0051566 0 -0 0 0 0 -0 0 0 1.2232 1.52972 0 10.5886 
0.0240471582045045582 0.0775636 0 238898 0.191462 16.3304 14.6769 0 01 0 0 0 0 0 0 0 0 0 0 0 2.044 2.78771 3655.63 9986.45 
0.0241448822119579715 0.681701 0 213570 0.228616 22.6035 15.7683 0 01 0 -0 0 0 0 -0 0 0 0 -0 0 0 0 0 0 
0.0242060740808365746 0.109793 0 13000 0.0824424 22.2828 17.0426 0 01 0 0 0 0 0 0 0 0 0 0 0 2.10996 3.78644 3143.96 7095.52 
0.0242506488936559302 0.218688 0 45426 22.4067 22.2455 17.0284 0 01 0 0 0 0 0 0 0 0 0 0 0 0.898531 3.17405 121.624 121.624 
0.0245337247583512774 0.0346991 0 161955 22.1664 22.0112 16.9378 0 01 0 0 0 0 0 0 0 0 0 0 0 2.35209 3.81872 3338.25 4773.63 
0.024554364755019039 0.222374 0 1919 0.104695 21.9946 16.9311 0 01 0 0 0 0 0 0 0 0 0 0 0 0.706963 2.32423 0 443.613 
0.0246287164290296678 0.74162 0 189779 0.233913 21.9344 16.9072 0 01 0 -0 0 0 0 -0 0 0 0 -0 0 0 0 0 0 
0.0246719921937293002 1.73635 0 163978 22.052 21.8996 16.8932 0 01 0 0 0 0 0 0 0 0 0 0 0 0 0 0 0 
0.0247397707855700651 0.237696 0 143717 21.9963 21.8453 16.8712 0 01 0 0 0 0 0 0 0 0 0 0 0 0.237696 1.86664 0 195.506 
0.0247419268479832609 0.207014 0 230900 0.301255 14.9768 13.4496 0 01 0 0 0 0 0 0 0 0 0 0 0 0 1.44715 0 0 
0.0247615570846109571 0.156163 1 216280 0 14.8535 13.3379 0 0 1 0.0601233 0.734523 0.504887 0 0 0 0 0 0 0 0 0.791126 2.00005 0 50.5942 
0.0247688111953435069 0.140717 0 251040 0.105613 22.1276 16.6241 0 01 0 -0 0 0 0 -0 0 0 0 -0 0 1.6517 3.73318 559.795 1065.16 
0.0249684183587512952 11.7394 0 24795 0.0892465 21.6649 16.7973 0 01 0 0 0 0 0 0 0 0 0 0 0 0 0 0 0 
0.0250039044098051971 0.143052 0 18397 0.181371 21.6372 16.7856 0 01 0 0 -0 0 0 0 -0 0 0 0 -0 1.61497 2.69401 308.477 471.456 
0.0250071390693116791 0.328053 0 5802 0.249364 21.6347 16.7846 0 01 -0 0 0 0 -0 0 0 0 -0 0 0 0.340563 1.37093 0 0 
0.0250361495393173344 1.5394 0 147298 21.7574 21.6122 16.7753 0 01 0 0 0 0 0 0 0 0 0 0 0 0 1.52094 0 0 
0.0250466745052754271 0.234243 0 111014 0.197126 14.0598 11.8019 0 21.83561 0.166937 -21.5876 3.27694 0 0 0 0 0 0 0 0 0.712277 2.39967 346.663 346.663 
0.0250721256570767478 0.912509 0 172139 21.7289 21.5844 16.7635 0 01 0 0 0 0 0 0 0 0 0 0 0 0 0 0 0 
0.0250988165491796839 0.27669 1 219116 0 24.1936 21.7742 0 0 2 2.34258 2.07242 1.32486 0 0 0 0 0 0 0 0 0.803656 2.15002 0 118.977 
0.0251166411524702815 1.45289 0 208454 0.136502 22.3852 17.081 0 01 0 0 0 0 0 0 0 0 0 0 0 0 0 0 0 
0.0252259670293473251 3.76003 0 63111 21.6082 21.4666 16.7137 0 01 0 0 0 0 0 0 0 0 0 0 0 0 0 0 0 
0.0252365232937091476 0.167182 1 217818 0 8.46405 7.61764 0 0 2 -2.82451 -14.0558 12.1308 0 -0 0 0 0 -0 0 0 0.160959 0.654588 0 0 
0.025303645285323223 0.681611 0 190379 0.263687 21.4078 16.6883 0 01 0 0 0 0 0 0 0 0 0 0 0 0 0.66039 0 0 
0.0253098637688382207 0.292552 1 283671 0 9.05282 8.11026 0 0 1 -0.618821 1.02792 0.199381 0 -0 0 0 0 -0 0 0 0 0.568841 0 0 
0.0254140486574944806 0.0387419 0 244929 5.31634 21.5168 16.4437 0 01 0 0 0 0 0 0 0 0 0 0 0 2.30206 4.17012 4073.79 5849.1 
0.0254300146231831552 0.551034 0 150526 0.162472 21.5886 15.7417 0 01 0 0 -0 0 0 0 -0 0 0 0 -0 0 0 0 0 
0.0255394039116927166 0.19838 0 216392 0.103071 35.0726 16.0978 0 01 0 0 0 0 0 0 0 0 0 0 0 0.391847 1.22869 0 336.595 
0.0256027309176927037 0.0539638 0 74810 0.518357 21.185 16.5904 0 01 0 0 0 0 0 0 0 0 0 0 0 1.5731 2.78156 2787.4 5001.1 
0.0256275779112181828 0.135206 0 125439 0.193491 21.1669 16.5824 0 01 0 0 0 0 0 0 0 0 0 0 0 1.08816 2.79407 0 1369.09 
0.0256727133069870987 0.168814 1 278260 0 13.903 11.4756 0 0 2 34.7365 -24.8072 9.57347 0 0 -0 0 0 0 -0 0 1.54215 3.23584 21.0815 736.012 
0.0257307402992860874 0.33313 0 74169 0.141217 21.0914 16.5486 0 01 0 0 0 0 0 0 0 0 0 0 0 0.706509 1.74077 0 45.8533 
0.0260668959719788373 0.279339 0 223778 0.0891319 21.1481 16.5401 0 01 0 0 0 0 0 0 0 0 0 0 0 0.539144 1.89949 0 0 
0.0261446876936852098 0.132561 0 262406 0.480863 21.8455 16.15 0 01 0 0 0 0 0 0 0 0 0 0 0 0.138367 1.37221 0 0 
0.0261701127109257824 0.120393 0 229692 0.195693 12.8861 9.56956 0 93.0451 89.4274 -23.1403 -11.1643 0 0 0 0 0 0 0 0 1.25294 2.89914 414.358 1471.22 
0.0262029060861010549 0.256501 0 305973 0.133933 20.9631 16.1519 0 01 -0 0 0 0 -0 0 0 0 -0 0 0 1.22283 1.71322 0 0 
0.0263536918170329294 0.133637 0 237718 0.435801 17.9046 16.1068 0 01 0 0 0 0 0 0 0 0 0 0 0 0.681939 2.64481 223.898 1317.66 
0.026355411410977244 8.47851 0 171741 20.7738 20.6511 16.3453 0 01 0 0 0 0 0 0 0 0 0 0 0 0 0 0 0 
0.0264407514918450562 0.121315 0 311341 0.0826774 21.4178 7.3998 0 01 0 0 -0 0 0 0 -0 0 0 0 -0 0.40133 2.51529 140.887 140.887 
0.0264910835427004353 0.129079 0 222676 0.101882 17.1723 15.4412 0 01 0 0 0 0 0 0 0 0 0 0 0 0.933767 2.82985 0 1169.69 
0.0266441594190324794 0.656096 0 163707 0.0955814 20.4561 16.253 0 01 0 0 0 0 0 0 0 0 0 0 0 0 0.666758 0 0 
0.0266739702537996184 0.579595 0 98571 20.554 20.4361 16.2434 0 01 0 0 0 0 0 0 0 0 0 0 0 0 0 0 0 
0.0266816174243891882 0.39746 1 219427 0 29.5389 26.585 0 0 1 -0.265009 0.335867 0.538302 0 0 0 0 0 0 0 0 0 0.806661 0 0 
0.0267740384366068999 0.136702 0 22198 0.212592 11.8961 8.06162 0 191.9171 27.1324 -155.255 -109.507 0 0 0 0 0 0 0 0 1.75657 3.70452 206.082 1240.46 
0.0267780282525343673 0.0692844 0 220220 0.0920039 20.9749 15.6568 0 01 -0 0 0 0 -0 0 0 0 -0 0 0 1.57165 2.65713 2882.79 6499.05 
0.0268575967352694851 0.170512 0 82874 20.4299 20.3147 16.1847 0 01 0 0 0 0 0 0 0 0 0 0 0 1.43116 2.75213 187.461 1447.86 
0.0269306289373627897 0.157312 0 143635 0.143171 20.425 16.0509 0 01 0 0 0 0 0 0 0 0 0 0 0 1.38724 2.22962 47.6041 831.941 
0.0269341573243457554 0.533076 0 148444 20.3789 20.2647 16.1603 0 01 0 0 0 0 0 0 0 0 0 0 0 0 0.553277 0 0 
0.0269499239702107318 0.0536308 0 233719 0.084 20.841 14.099 0 01 0 0 0 0 0 0 0 0 0 0 0 1.68582 2.89734 2141.62 4599.76 
0.0270408301051877319 1.41946 0 29294 0.120608 20.1958 16.1264 0 01 -0 0 0 0 -0 0 0 0 -0 0 0 0 0 0 0 
0.0271913432225108394 0.149722 1 211685 0 19.1203 17.2083 0 0 2 0.0188928 0.00214178 -0.000890378 0 0 0 0 0 0 0 0 0.461912 3.29528 0 77.4303 
0.0272462257445359526 0.0805364 0 254831 0.131064 20.4171 15.9537 0 01 0 0 0 0 0 0 0 0 0 0 0 1.06202 2.35868 1042.03 2888.11 
0.0273062896280057317 0.0681905 0 296651 0.164095 20.9336 15.1955 0 01 0 0 -0 0 0 0 -0 0 0 0 -0 1.72043 3.26899 1179.85 6630.59 
0.0273140916909759557 0.222202 0 213727 0.795771 14.7948 13.2848 0 01 0 0 0 0 0 0 0 0 0 0 0 0.449463 1.55784 0 0 
0.0274083376444635915 0.31436 0 255450 0.167486 20.6094 15.0734 0 01 -0 0 0 0 -0 0 0 0 -0 0 0 0 0.914809 0 0 
0.0275444587293616171 0.193996 1 232530 0 20.5086 18.4578 0 0 2 0.46152 -0.924267 0.547953 0 0 0 0 0 0 0 0 1.63742 4.23806 0 878.508 
0.0277614758565790307 0.640438 0 238182 0.0874519 32.6313 11.5416 0 27.74141 6.37271 26.9661 1.34188 0 0 0 0 0 0 0 0 0.640438 0.640438 0 0 
0.0284155822151522519 0.106201 0 225891 0.212373 20.1775 14.6006 0 01 0 0 0 0 0 0 0 0 0 0 0 2.25664 3.92476 2314.15 7105.02 
0.0295096701513188411 0.0785596 1 232721 0 29.2955 26.366 0 0 2 -0.386104 0.490971 0.73325 0 0 0 0 0 0 0 0 1.70791 3.81149 2191.23 4122.18 
0.0296378883226441799 0.397557 1 356371 0 11.8053 7.94058 0 0 1 200.652 -60.3676 -144.891 0 0 0 0 0 0 0 0 0.397558 0.397558 0 0 
0.0298367638499765671 0.145629 1 261037 0 9.68884 5.93131 0 0 2 12.8233 -10.7265 -21.247 0 0 -0 0 0 0 -0 0 0.877312 2.09868 0 52.1886 
0.0298715179911617466 0.249359 0 218251 0.109098 18.0866 16.2722 0 01 0 0 -0 0 0 0 -0 0 0 0 -0 1.15779 3.98239 0 11.433 
0.0301159091048164435 0.0935566 1 239026 0 36.3079 32.6771 0 0 1 0.211927 -0.0577028 -0.502701 0 0 0 0 0 0 0 0 2.21965 4.14564 2403.35 6646.08 
0.0303472751206548055 0.17767 0 221693 0.0920574 20.2794 15.8714 0 01 0 0 0 0 0 0 0 0 0 0 0 2.33616 5.01674 339.313 1105.4 
0.0311058428024323409 0.334675 1 322247 0 9.95193 6.09631 0 0 2 -102.204 -3.29287 -2.97932 0 0 0 0 0 0 0 0 0.677144 1.97677 0 59.3734 
0.0318193088670335814 0.100064 1 211032 0 29.3274 26.3946 0 0 2 -0.257921 -0.28452 0.527591 0 0 -0 0 0 0 -0 0 1.43641 3.983 1234.73 3731.18 
0.0319276702056246267 0.0474224 1 216516 0 19.4089 17.4681 0 0 1 -0.297715 0.342433 0.189757 0 0 0 0 0 0 0 0 1.38897 2.70621 1699.24 6636.39 
0.0321651034834568583 0.131569 0 314351 0.543371 26.4859 8.93538 0 67.5561 -17.1463 -38.6372 52.6971 0 0 0 0 0 0 0 0 3.21573 6.29427 2944.56 6298.81 
0.0322503577396640387 0.182297 1 232634 0 18.8865 16.9978 0 0 1 0.536233 0.0300454 0.773926 0 0 0 0 0 0 0 0 1.00671 4.11106 163.583 163.583 
0.0330751888421588966 2.9072 0 224845 0.234771 28.5243 11.718 0 289.2631 -277.072 -14.4276 81.8302 0 0 0 0 0 0 0 0 0 0 0 0 
0.0340569587913458344 0.179591 1 218637 0 34.8185 31.3366 0 0 2 0.429093 0.00874411 0.407233 0 0 0 0 0 0 0 0 1.09469 2.38033 0 361.688 
0.0346157703991350346 0.103417 1 228034 0 33.9873 30.5885 0 0 1 -0.84303 -0.346761 0.591501 0 -0 0 0 0 -0 0 0 2.6428 5.55141 3001.89 5797.68 
0.0350509058410704705 0.0404166 0 212418 0.127226 22.1607 16.9969 0 01 0 -0 0 0 0 -0 0 0 0 -0 0 2.47285 5.41621 3336.04 5358.53 
0.0361075428965121001 0.220423 1 230299 0 19.1831 17.2648 0 0 1 0.518597 0.212509 -0.0845563 0 0 0 0 0 0 0 0 2.17316 5.42628 446.365 513.013 
0.0364166086164844291 0.0851398 1 215271 0 24.9539 22.4585 0 0 2 0.311812 0.375396 -0.322901 0 0 0 0 0 0 0 0 2.34019 5.56106 2464.68 3752.66 
0.0367159506458347579 0.0948154 1 241525 0 8.49499 7.61033 0 0 1 0.00450037 1.05392 -0.172877 0 -0 0 0 0 -0 0 0 1.55537 3.83748 3696.84 5199.77 
0.0383359852796735859 0.592197 0 336498 0.418522 25.2835 7.85116 0 419.1781 -281.047 -309.628 -29.2117 0 -0 0 0 0 -0 0 0 0.585671 2.40853 0 0 
0.0397662386335038143 0.140427 0 364509 0.11366 24.8154 7.60293 0 174.1441 174.122 2.41295 1.3852 0 0 0 0 0 0 0 0 1.35175 4.04494 1354.42 1536.37 
0.0407782376588124371 0.143761 0 291416 0.763846 26.7161 8.9118 0 106.7111 -101.969 24.4322 -19.8141 0 0 0 0 0 0 0 0 2.93839 4.65133 164.5 312.933 
0.0411089778567750516 0.0348844 1 211253 0 29.9636 26.9672 0 0 2 0.000629337 -0.0065816 -0.00898043 0 0 0 -0 0 0 0 -0 1.7862 4.49257 1071.54 2995.44 
0.0418861867697029738 0.0704071 1 213225 0 36.0533 32.4479 0 0 2 -0.0120869 0.019671 0.00644601 0 0 0 0 0 0 0 0 2.20704 4.66638 1571.46 2200.94 
0.0423763256468446398 0.150903 0 243877 0.195339 20.7884 16.4106 0 01 0 0 0 0 0 0 0 0 0 0 0 0.891853 2.4551 126.592 240.126 
0.0426568008521066577 0.0867319 1 247810 0 33.7726 30.3954 0 0 2 -0.170702 -0.084082 0.632111 0 0 -0 0 0 0 -0 0 5.25227 11.1086 2919.73 4794.77 
0.0521567167447863703 0.238686 1 210164 0 22.8193 20.5374 0 0 1 0.122545 -0.229363 0.674998 0 0 0 0 0 0 0 0 0 2.91215 0 0 
0.0618870603244927875 0.00797211 1 0 0 23.9695 25.3875 0 0 0 0 0 0 0 0 0 0 0 0 0 0 0.67483 2.99548 0 1220.58 
8.32010191089532114 0.0114101 0 210011 5.82179 22.5085 7.82801 0 01 0 0 0 0 0 0 0 0 0 0 0 7.09218 17.0537 22.487 49.0512 
9.04361798328875643 0.0187097 1 0 0 9.00733 8.96419 0 0 0 0 0 0 0 0 0 0 0 0 0 0 12.9216 23.3485 34.0899 75.478 
