#1:time #2:r #3.binary? #4:ID #5:zams_m #6:m_progenitor #7:bh mass #8:bh_spin #9:birth-kick(km/s) #10-25:vsarray
0.00255928589819765656 0.174123 0 62090 0.995482 16.7496 14.9506 0 01 0 0 0 0 0 0 0 0 0 0 0 9.87431 18.4896 3261.08 7260.34 
0.00255928589819765656 0.178022 0 428621 0.132526 16.8822 15.0775 0 01 0 0 0 0 0 0 0 0 0 0 0 9.87431 18.4896 3261.08 7260.34 
0.00255928589819765656 0.571834 0 246404 0.260944 16.6727 14.8771 0 01 0 0 0 0 0 0 0 0 0 0 0 12.4587 29.4178 333.289 575.366 
0.00255928589819765656 0.875569 0 302244 143.97 16.6764 14.8806 0 01 0 0 0 0 0 0 0 0 0 0 0 4.39015 20.2165 0 0 
0.00255928589819765656 1.26739 0 375794 145.132 16.6778 14.8819 0 01 0 0 -0 0 0 0 -0 0 0 0 -0 10.2438 21.8045 744.487 744.487 
0.00256949699866577952 1.09941 0 307797 137.619 16.7321 14.9339 0 01 0 0 0 0 0 0 0 0 0 0 0 6.51697 17.4165 36.0118 598.152 
0.00256949699866577952 2.06902 0 396505 141.989 16.726 14.9279 0 01 0 0 0 0 0 0 0 0 0 0 0 2.05253 8.32908 0 0 
0.00257789964393348708 0.222297 0 100504 0 16.3108 14.5315 0 01 -0 0 0 0 -0 0 0 0 -0 0 0 11.359 21.9529 2596.66 3579.09 
0.00257789964393348708 0.627949 0 264858 0 16.429 14.6441 0 01 0 0 -0 0 0 0 -0 0 0 0 -0 8.21414 20.8388 553.481 1243.89 
0.00257789964393348708 0.743344 0 220595 136.133 16.6909 14.8943 0 01 -0 0 0 0 -0 0 0 0 -0 0 0 7.52942 16.5056 0 861.605 
0.00257789964393348708 1.76564 0 321417 134.348 16.7245 14.9266 0 01 0 0 0 0 0 0 0 0 0 0 0 1.81179 3.64889 0 0 
0.00258740259484074083 0.222918 0 420955 0.923825 20.0749 18.0674 0 01 -0 0 0 0 -0 0 0 0 -0 0 0 3.49596 8.87521 64.6453 486.509 
0.00259012626868849192 0.490515 0 115717 128.405 16.6107 14.8177 0 01 0 0 0 0 0 0 0 0 0 0 0 1.48921 9.48688 0 0 
0.00259212654888504824 0.255479 1 421230 0 16.5278 14.7383 0 0 2 -0.00482338 0.00599244 -0.00345799 0 0 0 0 0 0 0 0 3.48306 11.5268 0 331.395 
0.00259212654888504824 0.596397 0 344445 128.127 16.6138 14.8206 0 01 0 0 0 0 0 0 0 0 0 0 0 2.37048 5.91103 0 131.613 
0.0026002079470308242 0.316468 1 174558 0 16.6394 14.8452 0 0 2 -0.00805546 0.00802691 -0.00413261 0 -0 0 0 0 -0 0 0 10.5113 24.6893 112.522 1820.16 
0.0026002079470308242 1.98501 0 362931 125.318 16.6786 14.8827 0 01 0 0 0 0 0 0 0 0 0 0 0 5.94406 9.93711 8.87831 8.87831 
0.00260316649047898085 0.156192 0 48795 1.70003 11.5671 7.53016 0 144.7591 56.6247 126.224 42.6196 0 0 0 0 0 0 0 0 4.95711 11.6141 443.209 1910.7 
0.00261643897155103408 0.142726 0 119279 0.438156 16.7231 14.9252 0 01 0 0 -0 0 0 0 -0 0 0 0 -0 11.9125 22.4948 3582.69 6932.63 
0.00261643897155103408 0.164175 1 40380 0 12.6475 9.02347 0 0 1 55.8704 -1.32846 69.5525 0 0 0 0 0 0 0 0 11.9125 22.4948 3582.69 6932.63 
0.00264818840837581114 0.0935569 0 581782 0.463915 16.2976 14.5188 0 01 0 0 0 0 0 0 0 0 0 0 0 11.1682 21.4486 2912.17 7545.61 
0.00264818840837581114 0.256426 0 226076 111.459 16.2003 14.4261 0 01 0 0 0 0 0 0 0 0 0 0 0 16.92 35.5085 3009.14 4440.71 
0.00264818840837581114 0.388345 0 268677 111.171 16.2354 14.4595 0 01 0 0 0 0 0 0 0 0 0 0 0 14.8295 33.2245 1072.88 1499.2 
0.00264818840837581114 0.834568 0 281701 112.129 16.3075 14.5283 0 01 -0 0 0 0 -0 0 0 0 -0 0 0 10.7998 37.3756 0 312.91 
0.00265809931057828155 0.395183 0 188351 108.592 16.014 14.2488 0 01 0 0 0 0 0 0 0 0 0 0 0 9.99207 24.0105 325.218 820.265 
0.00266722258986085798 0.161105 0 10657 0.0832117 15.9604 14.1978 0 01 0 0 0 0 0 0 0 0 0 0 0 9.21526 16.8666 2325.15 5836.88 
0.00266722258986085798 0.332253 0 92882 107.222 15.9612 14.1986 0 01 -0 0 0 0 -0 0 0 0 -0 0 0 12.6439 26.6567 50.3645 2176.35 
0.00266722258986085798 1.66258 0 332286 106.732 15.8769 14.1185 0 01 0 0 -0 0 0 0 -0 0 0 0 -0 10.0614 16.743 2.70713 36.067 
0.00267795840094509898 0.118043 1 420562 0 15.6973 13.948 0 0 2 0.0025985 0.00717652 7.83988e-05 0 0 0 0 0 0 0 0 10.7107 17.7308 1922.3 3391.55 
0.00267795840094509898 0.213971 1 64926 0 15.6986 13.9492 0 0 1 0.000386114 -0.0129149 0.00750581 0 0 -0 0 0 0 -0 0 11.157 23.6397 468.47 3567.49 
0.00267795840094509898 1.38672 1 178115 0 15.2777 13.5506 0 0 1 -0.146466 -0.161281 0.0777174 0 -0 0 0 0 -0 0 0 9.66864 29.0436 13.0981 393.818 
0.00268465987096894176 0.0269552 0 48757 0.0886898 15.4911 13.7525 0 01 0 0 0 0 0 0 0 0 0 0 0 7.85766 14.5285 826.589 3808.01 
0.00268465987096894176 0.236332 0 149723 0.300613 15.4182 13.6835 0 01 0 0 0 0 0 0 0 0 0 0 0 9.91296 21.5215 722.477 3025.15 
0.00268465987096894176 0.278124 0 111187 0.138148 15.6352 13.889 0 01 0 0 0 0 0 0 0 0 0 0 0 7.81975 21.5449 144.975 1215 
0.00269140329659886936 0.188699 1 34504 0 11.7741 7.78382 0 0 1 72.822 0.101256 -4.06726 0 0 0 0 0 0 0 0 9.65259 17.2622 637.601 4286.48 
0.00269140329659886936 0.299701 1 277113 0 11.466 7.41189 0 0 2 -55.6266 -77.8682 -89.4094 0 0 0 -0 0 0 0 -0 9.29478 19.3647 496.375 1390.29 
0.0027093640655523818 0.843848 0 217686 100.932 15.3795 13.6468 0 01 -0 0 0 0 -0 0 0 0 -0 0 0 5.89639 21.0062 0 0 
0.0027093640655523818 3.57329 0 381331 98.9901 15.2266 13.5023 0 01 0 0 -0 0 0 0 -0 0 0 0 -0 0 0 0 0 
0.00271716817637412608 0.572616 0 297104 0.144833 15.1243 13.4057 0 01 0 0 0 0 0 0 0 0 0 0 0 7.44871 20.7412 10.8856 371.221 
0.00271716817637412608 0.979039 0 359428 98.4291 15.1994 13.4765 0 01 0 0 0 0 0 0 0 0 0 0 0 7.8641 14.7073 0 4.86028 
0.00273402956792477775 0.11672 0 295028 0.126584 14.8806 13.1758 0 01 0 0 0 0 0 0 0 0 0 0 0 15.5974 26.9568 2429.11 5416.4 
0.00273402956792477775 0.352485 0 437517 0.353083 15.0182 13.3056 0 01 0 0 0 0 0 0 0 0 0 0 0 16.6231 33.635 1269.81 3306.3 
0.00273402956792477775 0.392389 0 206747 96.1646 14.9867 13.2759 0 01 0 0 0 0 0 0 0 0 0 0 0 16.6731 33.2942 1185.27 2165.49 
0.00273402956792477775 0.854034 0 345768 95.6185 14.9525 13.2436 0 01 -0 0 0 0 -0 0 0 0 -0 0 0 18.2057 40.7305 228.683 510.141 
0.00273402956792477775 0.882657 0 306326 96.9957 15.067 13.3516 0 01 0 0 0 0 0 0 0 0 0 0 0 12.4854 37.4877 76.6693 520.775 
0.00273402956792477775 1.04312 0 338933 97.2335 15.0778 13.3618 0 01 0 0 0 0 0 0 0 0 0 0 0 9.33696 28.0796 67.5198 663.15 
0.00273673307981225607 1.48848 0 261806 94.5324 14.8636 13.1598 0 01 0 0 -0 0 0 0 -0 0 0 0 -0 3.0157 4.52947 0 227.97 
0.00273977490432791935 0.460045 0 168168 93.8479 14.8059 13.1055 0 01 0 0 0 0 0 0 0 0 0 0 0 3.20005 9.17319 228.092 237.736 
0.00273977490432791935 0.588692 0 269660 94.1229 14.8232 13.1217 0 01 0 0 0 0 0 0 0 0 0 0 0 2.90379 6.96074 0 17.6747 
0.00275104531253943501 0.147831 1 167048 0 14.7761 13.0774 0 0 2 0.0147715 -0.0284822 2.81146e-05 0 0 -0 0 0 0 -0 0 7.88119 16.2408 566.829 4293.58 
0.00275104531253943501 0.386721 0 61874 92.5073 14.6824 12.9883 0 0.03395571 -0.00877438 -0.016696 -0.0282354 0 0 0 -0 0 0 0 -0 8.32276 18.9591 394.326 1185.81 
0.00275758197667509133 1.22011 0 301737 91.1998 14.5841 12.7619 0 6.11381 -2.02336 -3.03937 4.90375 0 -0 0 0 0 -0 0 0 4.90479 13.493 25.4345 25.4345 
0.00276227438984495352 0.123682 1 150155 0 14.5331 12.6456 0 0 2 -0.861933 -9.43098 5.28693 0 0 0 0 0 0 0 0 7.26999 14.8764 2153.93 3658.73 
0.00276227438984495352 0.217653 0 495071 0.0982888 14.5382 12.6571 0 5.842611 2.44272 4.21156 3.22985 0 0 0 0 0 0 0 0 9.51093 16.932 16.5677 1122.88 
0.00276227438984495352 0.27222 0 241128 90.5167 14.4918 12.5523 0 8.187111 5.01213 2.24674 6.0712 0 0 0 0 0 0 0 0 4.46983 13.9705 251.187 1019.94 
0.00276227438984495352 0.303048 0 136651 90.7845 14.5153 12.6052 0 7.587521 5.30077 -1.36806 5.25364 0 0 0 0 0 0 0 0 6.73735 17.3178 258.527 820.638 
0.00276706859602649695 0.190202 0 259495 90.0112 14.4817 12.5296 0 7.658561 -7.59149 0.299665 0.965958 0 0 0 0 0 0 0 0 7.66988 14.2168 1813.5 4214.58 
0.00276706859602649695 0.661839 0 345065 90.159 14.4605 12.482 0 7.969641 1.20849 0.836795 7.83291 0 0 0 0 0 0 0 0 4.73798 14.8397 0 10.2525 
0.00278127345155564131 0.619813 0 239750 89.6003 14.448 12.454 0 4.356281 -3.57505 -2.08279 -1.36314 0 0 0 -0 0 0 0 -0 10.0213 26.3617 6.77676 283.647 
0.00278127345155564131 1.29216 0 301990 89.0787 14.3929 12.3312 0 16.82391 -9.51051 -12.8464 -5.25011 0 0 -0 0 0 0 -0 0 5.20997 20.8947 0 120.082 
0.00279854786444193966 0.197269 0 317450 0 13.2484 10.0364 0 68.54341 -8.02407 26.4551 -62.7211 0 0 0 0 0 0 0 0 12.5333 23.7742 2012.96 5018.4 
0.00279854786444193966 0.228966 0 159815 0 14.2015 11.9138 0 36.27611 -18.8689 25.0585 -18.2207 0 0 0 0 0 0 0 0 13.4907 28.3253 927.395 3054.59 
0.00279854786444193966 0.337987 0 24087 87.1549 14.1913 11.8921 0 15.23461 7.97204 11.549 -5.92954 0 0 0 0 0 0 0 0 17.1867 35.0562 800.768 2123.23 
0.00279854786444193966 0.514008 0 292476 87.8142 14.255 12.0293 0 26.27611 -5.60684 -25.6313 -1.4267 0 -0 0 0 0 -0 0 0 19.4633 41.9565 180.313 558.812 
0.00279854786444193966 1.50972 0 176205 86.732 14.1476 11.7989 0 10.41751 -4.03542 7.00549 6.56978 0 0 0 0 0 0 0 0 7.46409 23.9477 120.225 229.677 
0.00280759886760888503 0.077647 0 147898 2.09934 13.6225 10.7336 0 19.80721 -17.8845 -3.18652 -7.89395 0 0 0 -0 0 0 0 -0 9.05026 17.5545 898.26 3135.56 
0.00280759886760888503 0.567138 0 78203 85.2054 14.0109 11.5116 0 6.496421 2.84799 -5.26298 -2.52853 0 0 0 0 0 0 0 0 6.64539 27.8466 578.947 970.454 
0.00282379658027044015 0.163966 0 248388 0.492595 13.5836 10.6587 0 54.59141 52.9586 12.1835 -5.21228 0 0 0 -0 0 0 0 -0 12.7442 24.2391 1576.89 4447.89 
0.00282379658027044015 0.511571 0 276984 84.596 13.9687 11.4245 0 26.21591 -16.666 7.64969 -18.735 0 0 0 -0 0 0 0 -0 15.3404 36.7896 76.4689 1047.48 
0.00282379658027044015 1.09103 0 310574 84.2628 13.9096 11.3034 0 22.66561 22.2967 0.549712 4.03525 0 0 0 0 0 0 0 0 15.1815 29.2311 72.8084 125.189 
0.00282379658027044015 1.88806 0 361959 84.4833 13.9474 11.3808 0 41.99341 20.3845 -35.0635 -10.8846 0 0 -0 0 0 0 -0 0 1.92194 9.55518 0 0 
0.0028337271855177204 0.997736 0 379198 81.8962 13.6985 10.8816 0 36.29891 -11.2631 -33.7926 6.9867 0 0 0 0 0 0 0 0 5.87005 23.6851 0 511.952 
0.00284909580832047203 0.94094 0 218214 81.2453 13.669 10.8238 0 44.25591 44.1006 -3.48113 1.26486 0 0 0 0 0 0 0 0 7.49081 27.9145 0 216.854 
0.00284909580832047203 1.2955 0 362265 81.1199 13.6445 10.7762 0 46.21341 -40.8652 15.4814 -15.0346 0 0 0 0 0 0 0 0 2.62 20.9678 0 92.2336 
0.00285882630518784079 0.229289 0 470180 0.446921 12.796 9.26147 0 138.4351 -62.8926 -99.9624 72.2248 0 0 -0 0 0 0 -0 0 8.50138 18.2857 383.702 1592.55 
0.00285882630518784079 0.813163 0 283475 79.1005 13.4294 10.3673 0 79.93391 -29.1488 -57.4954 47.2659 0 0 -0 0 0 0 -0 0 4.01637 20.0531 0 0 
0.00285882630518784079 1.01926 0 219171 80.0316 13.5088 10.5163 0 78.27591 16.5278 -43.3541 63.0426 0 0 -0 0 0 0 -0 0 8.14141 15.2919 0 186.008 
0.00285882630518784079 1.81382 0 395360 79.5825 13.4574 10.4196 0 52.12181 -8.88639 -29.1077 42.3138 0 -0 0 0 0 -0 0 0 1.85884 14.6468 0 0 
0.00287487494378995496 0.080758 1 0 0 12.4354 8.69703 0 0 1 -13.1579 7.18307 -13.439 1 -1.73853 5.04444 5.37128 0 0 0 0 11.7982 23.2367 1030.05 3929.79 
0.00287487494378995496 0.257296 0 427277 0.58521 13.3376 10.1981 0 101.0841 -80.0041 -4.24402 61.6387 0 0 0 0 0 0 0 0 14.5898 30.9053 625.549 1501.45 
0.00287487494378995496 1.50636 0 176470 78.0612 13.373 10.2629 0 91.60481 79.7111 42.7211 14.5768 0 0 0 0 0 0 0 0 6.06764 27.2928 17.3381 17.3381 
0.00287487494378995496 2.60363 0 366895 78.4317 13.4572 10.4191 0 17.05841 -14.6207 -6.88217 5.46455 0 -0 0 0 0 -0 0 0 2.68628 2.68628 0 0 
0.00288810775816224696 0.333266 0 458375 0.151851 13.0704 9.72267 0 21.1921 -17.8149 4.87021 10.3929 0 0 0 0 0 0 0 0 13.5509 33.1816 310.608 1900.46 
0.00288810775816224696 1.05136 0 362975 76.5562 13.1855 9.92416 0 61.65481 15.692 -43.3288 -40.9596 0 0 -0 0 0 0 -0 0 7.35836 20.053 0 19.7106 
0.0029122953752782248 0.106258 0 100809 0.115988 13.1125 9.79592 0 110.2761 -96.4727 52.9705 6.92558 0 0 0 0 0 0 0 0 15.6655 26.6302 2642.22 5816.91 
0.0029122953752782248 0.200003 1 0 0 13.1338 9.83302 0 0 1 -20.7877 -24.3632 1.7902 1 -21.231 -24.4081 -5.97375 0 0 0 0 15.6655 26.6302 2642.22 5816.91 
0.0029122953752782248 0.222005 0 427682 0.138052 13.014 9.62559 0 101.1611 -87.0644 44.2921 -26.299 0 0 0 -0 0 0 0 -0 20.9407 40.7221 1128.46 2982.29 
0.0029122953752782248 0.680868 0 389536 76.1127 13.1657 9.88918 0 75.35641 -20.1583 -60.6724 -39.8884 0 0 0 0 0 0 0 0 16.348 51.0985 188.195 838.585 
0.0029122953752782248 0.807715 0 330344 76.1778 13.1882 9.92894 0 41.15181 16.7734 -4.12481 37.3512 0 0 -0 0 0 0 -0 0 14.4037 44.866 9.95465 974.07 
0.00292006287008430079 0.0543071 0 4485 0.0941574 12.754 9.19332 0 84.07741 66.6511 -40.3113 31.6489 0 0 -0 0 0 0 -0 0 8.6666 15.9672 1156.08 3999.87 
0.00292006287008430079 0.283602 0 152617 73.6069 12.8796 9.39921 0 57.61471 -49.7879 -25.1846 14.3648 0 -0 0 0 0 -0 0 0 9.23299 24.9376 314.436 777.137 
0.00295634839699893603 0.314078 0 114706 1.57702 12.5875 8.92943 0 51.16241 42.392 26.1533 11.6838 0 0 0 0 0 0 0 0 22.3554 49.4968 437.552 1613.19 
0.00295634839699893603 0.839512 0 205777 70.9066 12.5988 8.94705 0 73.76831 -52.3405 -49.6906 15.2666 0 -0 0 0 0 -0 0 0 18.2566 46.5102 264.674 333.3 
0.00295634839699893603 1.40852 0 328227 72.1206 12.7207 9.13981 0 47.60241 -46.2353 -7.84151 8.17297 0 0 -0 0 0 0 -0 0 7.02829 22.5513 0 0 
0.00295634839699893603 1.62995 0 369055 72.2816 12.7633 9.20842 0 126.341 96.3432 53.6058 61.6944 0 0 0 0 0 0 0 0 11.4104 40.5852 0 52.0596 
0.00296151526760549729 1.14212 0 335995 70.2877 12.5192 8.82409 0 76.53211 76.477 -2.17004 -1.93076 0 0 -0 0 0 0 -0 0 0 9.01522 0 0 
0.00298037278695432485 0.193524 0 440042 5.43475 12.3526 8.57415 0 171.9381 -75.9515 115.819 -101.883 0 -0 0 0 0 -0 0 0 14.7244 25.2207 2150.53 4264.72 
0.00298037278695432485 0.236415 1 0 0 12.4559 8.72791 0 0 1 0.855541 7.86871 19.6673 1 3.24925 5.48339 20.1189 0 0 0 0 16.6716 33.4098 1247.83 2405.4 
0.00298037278695432485 0.339108 0 174664 69.4959 12.4174 8.67016 0 64.09761 35.8805 -51.2577 13.9192 0 0 0 0 0 0 0 0 13.384 33.4513 329.049 1162.71 
0.00298037278695432485 0.631805 0 372935 69.5046 12.4187 8.67204 0 54.95171 51.0198 20.4028 0.624029 0 0 0 0 0 0 0 0 19.158 38.9493 0 904.712 
0.00299656099379420155 0.0840823 0 24013 0.616536 12.2856 8.47647 0 150.1991 64.2102 67.2037 -117.985 0 0 0 0 0 0 0 0 12.3367 21.7603 1679.28 4880.26 
0.00299656099379420155 0.663788 0 215727 68.5989 12.3304 8.54165 0 161.7791 131.655 82.581 -44.9425 0 0 0 0 0 0 0 0 7.9808 28.597 15.498 393.798 
0.00300336304980250261 0.11806 0 111328 67.4826 12.196 8.34835 0 62.8741 -52.0344 2.33944 35.2148 0 0 0 0 0 0 0 0 8.69672 18.0857 736.512 3475.88 
0.00300336304980250261 0.208018 0 121014 67.3249 12.2594 8.43877 0 96.46781 -70.3259 -65.9828 2.56445 0 -0 0 0 0 -0 0 0 8.69672 18.0857 736.512 3475.88 
0.00300336304980250261 0.319931 0 196871 67.4387 12.1784 8.32358 0 166.3021 150.148 -6.71679 71.1824 0 0 -0 0 0 0 -0 0 7.83924 21.2955 437.29 971.212 
0.00300336304980250261 0.517324 0 233206 67.6307 12.2282 8.39401 0 53.36951 -52.2574 10.4316 2.93974 0 0 0 0 0 0 0 0 5.23621 15.186 55.2058 65.0904 
0.00302936046831818852 0.220299 0 71530 66.0952 12.0339 8.12394 0 161.3741 -151.533 23.5339 50.2552 0 -0 0 0 0 -0 0 0 16.5821 35.2831 1240.7 3576.34 
0.00302936046831818852 0.368011 0 228927 65.7464 12.02 8.10506 0 68.44171 -68.3358 -1.50915 3.49399 0 0 0 0 0 0 0 0 13.0601 31.5299 8.98324 546.51 
0.00302936046831818852 0.55579 1 0 1.83774 12.0388 8.13061 0 0 1 45.2255 -6.20292 -36.1454 1 53.5755 -5.56347 -25.6845 0 0 0 0 15.9313 42.8526 14.2246 398.991 
0.00304909954287831261 0.267374 0 88100 64.7006 11.9431 8.0024 0 79.95391 -77.4372 -14.3119 13.83 0 0 0 0 0 0 0 0 15.4455 34.4147 1102.49 2946.22 
0.00304909954287831261 0.87382 0 654580 0.8544 12.0186 8.1032 0 97.69721 94.2882 -24.3244 7.92462 0 0 0 0 0 0 0 0 16.3834 50.0873 0 100.081 
0.00304909954287831261 0.998545 1 371012 66.0513 10.5676 6.52025 0 0 1 1.6352 -8.98066 -0.123074 0 0 0 0 0 0 0 0 7.03042 23.1429 644.701 791.886 
0.00304909954287831261 1.0984 0 150382 65.3114 11.994 8.07013 0 123.1621 -26.511 84.9323 85.1613 0 0 0 0 0 0 0 0 7.71073 26.4713 63.1349 120.909 
0.00307330747621923544 0.0945933 0 11010 0.19756 11.7942 7.80932 0 101.5341 66.4342 -75.4351 -14.3274 0 0 0 0 0 0 0 0 15.889 28.1125 2557.57 4809.66 
0.00307330747621923544 0.204625 0 310350 64.3893 11.8376 7.86476 0 31.41511 26.0317 17.407 -2.5004 0 0 0 -0 0 0 0 -0 15.889 28.1125 2557.57 4809.66 
0.00307330747621923544 0.269311 0 12700 0.194859 11.8102 7.82965 0 77.10731 74.1051 17.681 -11.8892 0 0 0 0 0 0 0 0 26.5076 49.2322 718.298 2966.91 
0.00307330747621923544 0.306645 0 37142 0.175576 11.587 7.5539 0 167.8141 -165.263 3.12073 -28.9853 0 0 0 0 0 0 0 0 26.5076 49.2322 718.298 2966.91 
0.00307330747621923544 0.433326 0 235912 63.1944 11.6939 7.68377 0 168.7681 -166.746 -25.0418 -7.16296 0 0 0 -0 0 0 0 -0 20.0347 50.9791 74.2246 920.482 
0.00307330747621923544 0.493492 0 177308 63.2174 11.6923 7.68182 0 153.6421 13.9897 -152.962 3.5938 0 0 0 0 0 0 0 0 17.5484 49.1579 143.959 172.973 
0.00307330747621923544 1.41612 0 325363 63.3838 11.7341 7.73371 0 67.06771 -54.8216 -28.3888 26.2058 0 -0 0 0 0 -0 0 0 7.08609 29.7411 0 0 
0.00309277846562234842 0.521179 0 295191 62.2835 11.5934 7.56164 0 218.1711 218.029 4.05214 6.75235 0 0 0 0 0 0 0 0 12.2184 37.1412 839.451 1143.24 
0.00309277846562234842 0.580531 0 432326 0.215751 11.6209 7.59465 0 111.0211 105.002 27.0702 -23.8216 0 0 0 -0 0 0 0 -0 14.3864 39.7539 113.601 479.685 
0.00311318186452080826 0.251317 0 181303 0.167588 11.3706 7.30359 0 106.4741 54.2585 -77.2384 -49.2634 0 0 0 0 0 0 0 0 14.9223 34.8342 556.818 1414.22 
0.00311318186452080826 0.375149 0 164435 61.1483 11.4776 7.42532 0 97.50511 -26.2639 86.7489 -35.9455 0 -0 0 0 0 -0 0 0 11.8163 30.7368 50.9691 1003.63 
0.00311318186452080826 0.377716 0 213283 61.3056 11.5007 7.4521 0 152.641 14.045 -127.578 82.6168 0 0 0 0 0 0 0 0 11.8163 30.7368 50.9691 1003.63 
0.00311318186452080826 0.609916 0 197790 61.1754 11.4767 7.42419 0 77.87781 58.944 -46.4139 20.8881 0 0 0 0 0 0 0 0 13.2245 40.2295 470.426 675.631 
0.00311318186452080826 0.650433 0 295960 60.9026 11.4275 7.36781 0 168.4751 145.711 69.0032 48.8966 0 0 0 0 0 0 0 0 16.8796 40.25 142.734 181.042 
0.00311318186452080826 0.848073 0 25991 61.3019 11.5004 7.45176 0 224.4351 -144.505 -3.83638 171.682 0 0 0 0 0 0 0 0 13.5955 32.192 0 687.974 
0.00311318186452080826 1.17934 0 362298 61.3799 11.5115 7.46464 0 101.4681 3.91628 -45.8261 90.4456 0 0 0 0 0 0 0 0 7.08468 31.8322 0 3.13987 
0.00311318186452080826 1.28234 0 110778 61.5212 11.5234 7.47868 0 173.2421 -79.9911 -61.662 -140.755 0 0 0 0 0 0 0 0 5.1769 27.107 0 0 
0.00311318186452080826 1.34032 0 269591 60.8854 11.4337 7.37488 0 91.91321 85.3596 -26.9046 -20.9263 0 0 -0 0 0 0 -0 0 4.00323 21.4303 0 1.08712 
0.00312930001610381772 0.230033 0 107024 0 11.477 7.4246 0 217.6811 -30.8253 -104.543 -188.429 0 0 0 -0 0 0 0 -0 14.4578 31.323 853.57 3677.78 
0.00312930001610381772 0.240361 0 95702 60.5667 11.3801 7.31428 0 94.62171 -94.4967 4.59265 1.59462 0 0 0 0 0 0 0 0 14.4578 31.323 853.57 3677.78 
0.00312930001610381772 0.348003 1 25684 0 9.55976 5.8567 0 0 1 -34.3311 161.108 -42.6461 0 -0 0 0 0 -0 0 0 17.1114 34.106 516.589 1156.97 
0.00312930001610381772 1.24861 0 338207 60.5699 11.3807 7.31486 0 78.38481 -69.6008 33.0807 -14.3379 0 0 0 0 0 0 0 0 12.4803 23.7569 346.474 352.924 
0.00315319119810261771 0.258601 0 231968 59.6735 11.2663 7.18888 0 118.2521 28.2768 114.723 4.75083 0 0 0 0 0 0 0 0 20.1705 41.2662 2519.93 4370.96 
0.00315319119810261771 0.488378 0 176147 59.5084 11.2907 7.21536 0 175.7851 25.6636 32.2898 -170.877 0 0 0 -0 0 0 0 -0 19.7733 44.3459 232.348 430.787 
0.00315319119810261771 0.726471 0 184514 59.5604 11.3069 7.23309 0 93.64611 -54.5597 36.4404 66.8202 0 0 0 0 0 0 0 0 16.602 44.7006 35.6951 235.727 
0.00315319119810261771 0.832259 0 371644 59.5776 11.3053 7.23132 0 236.6411 -20.0231 185.084 146.088 0 0 0 0 0 0 0 0 22.9943 54.1496 0 561.096 
0.00315953948252948062 0.0566287 0 85265 58.7173 11.1544 7.07014 0 34.531 -25.3832 -20.875 10.5945 0 0 -0 0 0 0 -0 0 4.84015 12.0967 184.983 1012.09 
0.00315953948252948062 1.0703 0 567276 0.19337 11.1759 7.09251 0 84.71171 34.9604 37.8595 67.2347 0 0 0 0 0 0 0 0 1.07342 7.57627 0 5.27349 
0.00315953948252948062 1.2314 0 327684 58.6096 11.2059 7.12425 0 70.95251 35.3468 59.4452 -15.8472 0 0 0 0 0 0 0 0 0 4.88427 0 0 
0.00318981981988840195 0.339713 0 52253 57.7001 11.0673 6.98067 0 215.0051 213.494 23.246 10.3619 0 0 0 0 0 0 0 0 19.7769 46.8739 1091.06 2190.22 
0.00318981981988840195 0.538552 1 156600 59.8262 9.58803 5.87072 0 0 1 18.3122 -7.28836 8.09493 0 0 0 0 0 0 0 0 24.1132 55.201 336.265 2006.32 
0.00318981981988840195 0.743915 0 317807 57.5989 11.0594 6.97275 0 70.6171 -34.0502 -45.9578 41.4154 0 0 -0 0 0 0 -0 0 17.2521 50.9961 216.853 597.423 
0.00318981981988840195 0.802686 0 291197 57.4143 11.0039 6.91734 0 159.4141 14.4639 13.2535 -158.202 0 0 0 0 0 0 0 0 17.5594 39.1851 241.729 608.868 
0.00318981981988840195 2.77571 0 396909 58.0621 11.1418 7.05701 0 124.9911 -124.391 5.40299 10.9732 0 0 0 0 0 0 0 0 10.9187 21.8991 0 104.368 
0.00321461135610898608 0.836482 0 317685 56.9542 10.9895 6.90316 0 231.8181 14.0952 171.954 154.831 0 0 0 0 0 0 0 0 14.8694 44.5183 12.6778 499.627 
0.00321461135610898608 1.08744 1 289012 57.5222 9.73667 5.94862 0 0 1 14.9325 -3.70247 -4.42393 0 0 0 0 0 0 0 0 17.289 45.3989 462.897 522.675 
0.00321461135610898608 1.35706 0 383467 56.599 10.8969 6.81361 0 133.7571 52.734 -111.554 -51.6309 0 0 0 0 0 0 0 0 8.019 24.1793 0 119.099 
0.00321461135610898608 1.5984 0 179664 56.8427 10.9646 6.87882 0 153.421 -13.022 -35.6268 -148.657 0 0 0 0 0 0 0 0 6.42408 25.5805 0 0 
0.00321461135610898608 1.62347 0 243358 57.0413 11.0031 6.91658 0 120.5651 -84.4208 -71.2857 -48.2428 0 0 -0 0 0 0 -0 0 6.42408 25.5805 0 0 
0.00321461135610898608 2.18675 0 398758 57.0943 11.0161 6.92937 0 125.2961 -57.5091 -96.7324 -55.0876 0 0 0 -0 0 0 0 -0 8.83021 28.4404 0 139.014 
0.00322805783557300087 0.235517 0 13642 0.275462 10.7139 6.64561 0 129.6931 98.532 50.3246 67.67 0 0 0 0 0 0 0 0 7.20412 17.651 31.0631 859.761 
0.00322805783557300087 1.23212 0 235966 55.6077 10.7917 6.71554 0 144.7541 -136.692 26.2249 -39.7675 0 0 0 -0 0 0 0 -0 0 6.10986 0 0 
0.00326392853514115072 0.174402 0 277897 0.135524 10.5957 6.54363 0 50.07271 38.2742 1.63254 -32.2443 0 0 0 0 0 0 0 0 17.8169 33.9523 1677.96 5229.07 
0.00326392853514115072 0.225102 1 0 0 10.6506 6.59025 0 0 1 45.3242 -58.7615 -33.0848 1 41.7613 -58.3677 -38.6001 0 0 0 -0 22.2354 53.2957 677.745 2075.49 
0.00326392853514115072 0.418162 1 134142 0 9.06706 7.8918 0 0 2 -0.619649 -2.02102 -0.345594 0 0 0 0 0 0 0 0 21.5057 57.9804 882.323 1430.24 
0.00326392853514115072 0.475448 0 128897 55.4251 10.7495 6.67737 0 39.08721 13.0982 36.7706 2.04262 0 0 0 0 0 0 0 0 22.4777 56.0889 97.006 780.325 
0.00326392853514115072 1.11474 0 381642 54.1803 10.6052 6.55154 0 98.02941 97.9664 2.57991 2.3859 0 0 0 0 0 0 0 0 25.7017 48.0427 211.354 458.078 
0.00326392853514115072 1.25302 0 265002 55.269 10.7372 6.66632 0 102.2731 80.4445 -3.5118 63.0559 0 0 -0 0 0 0 -0 0 10.0725 48.1324 0 2.95805 
0.00326392853514115072 1.42385 0 324126 54.2403 10.6191 6.56324 0 150.7811 -128.657 18.5012 76.4197 0 0 0 0 0 0 0 0 8.66989 41.834 0 88.1471 
0.00326392853514115072 2.22662 0 478352 1.48394 10.6656 6.60324 0 173.6551 86.3959 13.3678 -150.044 0 0 0 0 0 0 0 0 8.76098 24.1253 0 1.12688 
0.0032667540832952255 0.114916 0 6409 0 10.5067 6.47052 0 120.611 -63.4817 77.6618 66.9732 0 0 0 0 0 0 0 0 3.97897 10.3837 145.166 834.564 
0.00328499226527243816 0.219338 1 28748 0 9.35928 8.14653 0 0 1 1.45678 -2.93524 -1.49968 0 0 -0 0 0 0 -0 0 4.94216 11.8871 0 586.83 
0.00328499226527243816 2.19872 0 379809 53.2254 10.5991 6.54642 0 68.6821 -51.6825 32.4458 31.5182 0 0 0 0 0 0 0 0 0 2.2115 0 0 
0.00330349088573000244 0.19331 0 37483 0.398253 10.6367 6.57826 0 176.5591 35.2791 -84.9823 150.686 0 0 0 0 0 0 0 0 15.8931 30.7259 1673.87 5104.62 
0.00330349088573000244 0.256048 0 75494 52.6861 10.6337 6.57569 0 201.8281 -127.472 79.8106 -134.595 0 0 0 -0 0 0 0 -0 17.6528 38.6328 1109.39 2607.96 
0.00330650992547639041 0.110684 0 1048 0.0842653 8.96591 7.80352 0 01 0 -0 0 0 0 -0 0 0 0 -0 0 3.43855 10.9638 776.203 1451.2 
0.00330650992547639041 0.593584 0 165646 52.3922 10.6421 6.58287 0 208.7641 -19.3443 182.531 99.4525 0 -0 0 0 0 -0 0 0 1.18038 7.02556 4.90899 4.90899 
0.00330650992547639041 0.851463 0 77606 52.4339 10.6316 6.57389 0 73.48291 57.2407 -44.355 -12.4851 0 0 -0 0 0 0 -0 0 1.69192 9.34888 29.6712 29.6712 
0.00330650992547639041 0.996511 0 306489 52.3269 10.6264 6.56939 0 144.721 137.891 17.0442 -40.4921 0 0 0 0 0 0 0 0 1.96376 7.88816 0 0 
0.00333289139639957434 0.299445 0 154047 51.7776 10.6538 6.59294 0 155.4891 154.956 -10.0256 8.0507 0 0 0 0 0 0 0 0 23.8346 46.9376 911.887 1942.9 
0.00333289139639957434 0.373369 0 194166 51.865 10.6521 6.59156 0 113.9591 103.11 24.7241 41.7587 0 0 0 0 0 0 0 0 15.8668 43.3661 324.977 1867.97 
0.00333289139639957434 0.390786 0 56191 51.4257 10.6498 6.58957 0 173.5561 141.178 78.639 -63.2945 0 0 0 -0 0 0 0 -0 15.8668 43.3661 324.977 1867.97 
0.00333289139639957434 0.552856 1 270680 52.7097 9.26048 8.06085 0 0 1 -0.0173175 -1.01791 2.29536 0 0 0 0 0 0 0 0 18.5135 56.8442 940.415 1362.09 
0.00333289139639957434 0.663299 0 27716 51.6437 10.6406 6.58156 0 92.41261 -76.2721 -7.33789 51.6605 0 0 0 0 0 0 0 0 18.4587 45.4998 179.797 354.175 
0.00333289139639957434 1.68037 0 361840 51.3662 10.6628 6.60075 0 161.0551 -39.3249 -143.21 62.3137 0 0 0 0 0 0 0 0 8.30734 28.3437 0 0 
0.00333289139639957434 2.08506 0 235149 52.2635 10.6242 6.56754 0 71.08791 2.65056 -5.54452 -70.8218 0 0 -0 0 0 0 -0 0 0 12.5663 0 0 
0.00336428223055524039 0.489211 0 359834 50.5153 10.6743 6.61077 0 162.8881 133.088 88.2303 32.1795 0 0 0 0 0 0 0 0 22.5619 54.7727 296.634 776.421 
0.00336428223055524039 0.747785 0 74245 51.1709 10.6524 6.59178 0 207.6011 202.076 -12.8471 -45.808 0 0 0 -0 0 0 0 -0 22.0676 65.2042 28.5017 218.75 
0.00336428223055524039 0.950618 0 43106 50.8741 10.6674 6.6048 0 129.091 128.591 9.09065 -6.77784 0 0 0 -0 0 0 0 -0 14.093 43.2066 131.98 137.057 
0.00336428223055524039 1.99389 0 344057 50.9575 10.6677 6.60502 0 73.43941 12.1945 33.4209 64.2471 0 0 0 0 0 0 0 0 7.91043 35.709 0 201.907 
0.00338488758958879277 0.21486 0 48792 0.198967 10.8672 6.78553 0 120.3981 -116.482 -28.6418 10.356 0 -0 0 0 0 -0 0 0 15.3339 28.5586 1395.58 2918.43 
0.00338488758958879277 0.344655 0 89578 49.7995 10.6921 6.62636 0 42.74021 42.6981 1.50317 -1.15601 0 0 0 0 0 0 0 0 15.6335 37.7835 255.661 1377.95 
0.00338488758958879277 0.35534 0 161343 49.6198 10.7385 6.66747 0 107.381 86.4317 -0.987308 -63.7115 0 0 0 0 0 0 0 0 15.6335 37.7835 255.661 1377.95 
0.00338488758958879277 0.772444 0 185627 50.0487 10.6873 6.62215 0 202.771 -46.6251 191.745 46.6429 0 0 0 0 0 0 0 0 15.7016 34.549 115.596 268.747 
0.00338847724209274037 0.22614 0 54190 0.226033 10.7242 6.65471 0 113.9611 -96.5652 -45.239 40.1957 0 0 0 0 0 0 0 0 5.95111 15.1684 220.339 674.556 
0.00338847724209274037 0.678781 0 183715 49.3078 10.7002 6.63345 0 148.6881 88.7651 -81.7356 86.8802 0 0 -0 0 0 0 -0 0 1.35069 3.41323 117.565 117.565 
0.00338847724209274037 0.883788 0 271044 49.4119 10.7284 6.65844 0 82.5151 -3.2052 -46.5686 68.0427 0 0 -0 0 0 0 -0 0 4.40071 10.5828 2.14089 54.5896 
0.00340348035683691154 0.14562 0 162029 0.219477 10.7237 6.65429 0 205.2591 204.693 12.6972 8.39963 0 0 0 0 0 0 0 0 11.3246 23.1059 763.284 2892.13 
0.00340348035683691154 0.489887 0 116262 49.0266 10.7174 6.64868 0 166.211 116.483 112.206 38.3056 0 0 0 0 0 0 0 0 13.7549 33.9475 195.048 1034.49 
0.00340348035683691154 0.622191 0 256067 48.9333 10.7113 6.64329 0 212.7071 -47.5402 198.396 60.1917 0 0 0 0 0 0 0 0 11.0543 28.8661 95.2872 269.552 
0.00340348035683691154 0.754332 0 361078 49.0859 10.7365 6.66566 0 168.6231 -141.855 -82.7139 38.3304 0 0 -0 0 0 0 -0 0 12.1171 33.3448 104.059 258.838 
0.00340348035683691154 1.03942 0 328792 0.503196 10.5629 6.51638 0 107.4441 71.8962 -48.1387 -63.7007 0 0 -0 0 0 0 -0 0 8.24025 28.8325 0 73.9629 
0.00340348035683691154 2.0108 0 314533 49.0375 10.7201 6.65107 0 140.6871 -49.9439 -39.44 -125.47 0 0 0 -0 0 0 0 -0 0 4.0167 0 0 
0.00340804478111169946 0.161026 0 157557 48.6908 10.6813 6.61693 0 217.9761 -83.3951 -20.1909 -200.377 0 0 0 -0 0 0 0 -0 6.80728 12.0423 901.633 1707.23 
0.00340804478111169946 0.331281 0 99846 0.818945 10.6845 6.61973 0 162.1261 125.285 -44.6744 92.6975 0 0 -0 0 0 0 -0 0 3.76887 12.4069 154.631 364.268 
0.00344150236049128476 0.26859 0 62226 48.302 10.6721 6.60882 0 198.5791 -171.63 -79.0021 61.1174 0 0 0 0 0 0 0 0 20.0912 46.1466 1883.29 3689.74 
0.00344150236049128476 0.303151 0 164882 47.7203 10.6565 6.59532 0 242.7421 8.36645 -238.92 42.0795 0 0 0 0 0 0 0 0 23.7273 47.2143 1031.57 3269.8 
0.00344150236049128476 0.796278 0 183290 48.3797 10.6619 6.60001 0 145.3411 138.942 39.6916 15.6105 0 0 0 0 0 0 0 0 11.7797 38.5439 64.8995 542.419 
0.00344150236049128476 0.944942 0 244454 47.648 10.6493 6.58906 0 18.16591 6.0136 -11.0387 13.1143 0 0 0 0 0 0 0 0 12.2999 46.2563 0 195.556 
0.00347163535078243591 0.187312 0 45741 47.4805 10.6196 6.56361 0 169.3911 106.589 -0.782926 -131.65 0 0 -0 0 0 0 -0 0 17.0341 31.1016 1535.14 3430.54 
0.00347163535078243591 0.211399 0 55710 0.21182 10.5365 6.49468 0 105.0751 -100.78 27.8284 -10.4826 0 -0 0 0 0 -0 0 0 17.0341 31.1016 1535.14 3430.54 
0.00347163535078243591 0.822661 0 335674 47.1338 10.5843 6.53406 0 350.8351 22.9181 20.8425 349.465 0 0 0 0 0 0 0 0 17.893 54.3321 157.153 415.397 
0.00347163535078243591 0.862817 0 384887 47.1598 10.5872 6.53652 0 268.081 -264.129 0.261388 45.8571 0 0 0 0 0 0 0 0 14.6899 37.0798 0 204.455 
0.00347163535078243591 0.890458 0 285251 47.225 10.5864 6.53585 0 175.3731 122.722 37.92 119.403 0 0 0 0 0 0 0 0 23.9987 54.1808 377.635 532.192 
0.00347163535078243591 1.38308 0 239587 46.862 10.5883 6.53739 0 146.9851 105.318 -54.7618 -86.6821 0 0 0 0 0 0 0 0 8.14894 29.9142 0 0 
0.00347163535078243591 2.36255 0 392042 47.1703 10.5931 6.54138 0 157.1951 -81.4055 133.483 -16.3066 0 -0 0 0 0 -0 0 0 4.59409 11.7588 0 0 
0.00351453158742490775 0.176051 0 27316 0.0982108 8.38879 7.29936 0 01 0 -0 0 0 0 -0 0 0 0 -0 0 21.9705 43.4506 4637.57 6862.61 
0.00351453158742490775 0.164829 1 409609 0.356631 15.5081 13.7686 0 0 2 0.00113939 0.00297259 -0.00550341 0 0 0 -0 0 0 0 -0 21.9705 43.4506 4637.57 6862.61 
0.00351453158742490775 0.254284 0 57888 45.7057 10.4982 6.46373 0 296.5621 -24.3376 292.21 -44.3878 0 0 0 -0 0 0 0 -0 22.5287 49.052 1159.43 3089.53 
0.00351453158742490775 0.344135 0 63181 45.5723 10.5215 6.48247 0 164.0641 -32.4012 -123.065 -103.547 0 0 -0 0 0 0 -0 0 29.4426 62.566 1886.63 3326.48 
0.00351453158742490775 0.479878 0 139943 46.444 10.5611 6.51486 0 156.9931 -156.455 3.9189 12.3776 0 0 0 0 0 0 0 0 25.3091 68.8778 614.762 1255.77 
0.00351453158742490775 0.5051 0 194155 45.6927 10.4984 6.46383 0 93.84431 -34.7999 86.7354 8.52694 0 -0 0 0 0 -0 0 0 30.7381 70.8113 110.317 1422.11 
0.00351453158742490775 0.578454 0 144755 46.2284 10.542 6.49922 0 221.7271 -169.874 131.275 -55.4304 0 -0 0 0 0 -0 0 0 26.2006 68.4777 565.341 1396.22 
0.00351453158742490775 0.633194 0 246886 46.5453 10.5431 6.5001 0 206.4411 142.314 -122.126 86.3134 0 0 -0 0 0 0 -0 0 26.956 65.4917 189.238 478.651 
0.00351453158742490775 0.654312 0 351864 45.7105 10.4972 6.46292 0 179.4421 -179.224 -8.11224 3.49506 0 0 0 0 0 0 0 0 20.0091 48.6699 213.721 767.908 
0.00351453158742490775 0.729679 0 282000 46.7004 10.5783 6.52908 0 69.06691 -60.1056 33.5349 5.74085 0 0 0 0 0 0 0 0 21.4513 59.83 175.784 766.18 
0.00351453158742490775 0.810414 1 0 0 9.56022 5.85693 0 0 1 29.4919 -1.73546 5.85182 1 28.8905 -4.75724 -2.1361 0 0 0 -0 19.5246 67.4477 35.1433 418.757 
0.00351453158742490775 0.90465 0 344190 46.6096 10.5649 6.51805 0 198.8611 125.129 154.186 10.7219 0 0 0 0 0 0 0 0 27.4646 67.7638 58.3908 383.97 
0.00351453158742490775 0.939367 0 290261 46.1784 10.5396 6.49721 0 217.91 -208.415 57.8075 -26.4925 0 0 0 0 0 0 0 0 17.9507 70.8162 153.287 744.458 
0.00351453158742490775 1.69227 0 334216 46.162 10.5382 6.49613 0 124.5631 104.722 -8.49923 -66.9118 0 0 -0 0 0 0 -0 0 6.70949 25.2179 0 71.3005 
0.00353722852197337978 0.324187 0 58596 45.3218 10.4733 6.44383 0 105.2521 53.5605 -89.5374 -13.8651 0 0 0 0 0 0 0 0 19.5986 46.1347 888.854 2080.21 
0.00353722852197337978 0.393416 0 65477 45.4948 10.4955 6.46151 0 75.74851 30.0698 -51.3847 46.8323 0 0 -0 0 0 0 -0 0 21.4731 48.6198 208.219 1902.75 
0.00353722852197337978 0.638293 0 60170 45.2368 10.4663 6.43827 0 89.04251 -4.82257 -76.681 -45.0037 0 -0 0 0 0 -0 0 0 14.7986 39.2583 261.987 649.503 
0.00353722852197337978 0.895328 0 146828 45.4911 10.4963 6.46215 0 229.2171 78.2452 215.445 -1.25613 0 0 0 0 0 0 0 0 11.6064 42.8732 42.7277 191.645 
0.00356837992315200579 0.424011 0 245146 44.8596 10.4472 6.42314 0 227.2961 -149.914 150.885 80.1446 0 0 0 0 0 0 0 0 25.1474 53.309 175.23 795.116 
0.00356837992315200579 0.687189 0 85683 44.9658 10.4613 6.43431 0 133.3441 79.6579 6.85445 106.716 0 0 0 0 0 0 0 0 26.3166 65.1091 22.7116 648.988 
0.00356837992315200579 0.790746 0 303887 44.4687 10.4507 6.42595 0 90.58591 -27.4236 83.8677 20.4931 0 -0 0 0 0 -0 0 0 13.4446 44.2674 0 403.549 
0.00361215313400294448 0.161293 1 0 0 10.3553 6.35229 0 0 1 11.9215 -30.439 -36.2341 1 20.255 -34.9512 -29.4535 0 0 -0 0 21.8282 43.1545 1552.03 3935.57 
0.00361215313400294448 0.25932 1 37829 0 8.2169 7.14906 0 0 1 -0.448737 -1.61307 -0.255621 0 0 0 0 0 0 0 0 27.2026 57.0878 1233 3349.85 
0.00361215313400294448 0.298925 0 94719 43.369 10.3518 6.34961 0 115.6951 98.7903 -7.81677 -59.7048 0 0 -0 0 0 0 -0 0 28.1991 57.5467 725.086 2577.35 
0.00361215313400294448 0.313634 0 25648 0.254232 10.3692 6.36284 0 91.99741 -18.0275 28.9445 85.4444 0 0 0 0 0 0 0 0 28.1991 57.5467 725.086 2577.35 
0.00361215313400294448 0.46134 0 85753 43.43 10.3339 6.33616 0 135.3131 -135.253 3.13406 2.52711 0 -0 0 0 0 -0 0 0 27.4657 64.8505 260.824 979.56 
0.00361215313400294448 0.46573 0 20900 43.6574 10.3673 6.36141 0 289.0931 -102.821 264.558 -54.8741 0 -0 0 0 0 -0 0 0 27.4657 64.8505 260.824 979.56 
0.00361215313400294448 0.485765 0 83883 43.4998 10.3506 6.34875 0 22.44581 9.08492 -16.1579 -12.657 0 0 0 -0 0 0 0 -0 27.4657 64.8505 260.824 979.56 
0.00361215313400294448 0.733246 0 284845 43.5769 10.3612 6.35678 0 137.5021 -136.859 -10.987 -7.4682 0 -0 0 0 0 -0 0 0 31.8175 77.0457 178.54 431.863 
0.00361215313400294448 1.05729 0 150523 43.4831 10.352 6.34983 0 180.7541 117.17 -136.06 -20.7574 0 0 -0 0 0 0 -0 0 16.0378 56.7801 0 78.5959 
0.00361215313400294448 2.3081 0 361508 44.148 10.3952 6.3827 0 87.17231 18.1523 -84.8709 -8.15001 0 0 -0 0 0 0 -0 0 7.05862 25.854 0 0 
0.00362949585466964359 0.441128 0 131772 42.8596 10.3195 6.32547 0 67.91951 33.073 -53.1843 26.2805 0 0 0 0 0 0 0 0 12.4342 37.5019 43.9133 694.323 
0.00362949585466964359 0.518248 0 267239 42.8741 10.3211 6.32665 0 332.6841 332.684 0.0264477 -0.134852 0 0 0 -0 0 0 0 -0 17.8895 40.5152 0 893.756 
0.00362949585466964359 1.68117 0 393629 43.1693 10.3308 6.33385 0 57.71651 -36.7029 37.2178 24.473 0 0 0 0 0 0 0 0 3.37203 6.74396 54.0802 54.0802 
0.00362949585466964359 2.20919 0 386480 42.959 10.3029 6.3131 0 209.381 -195.137 -74.4422 -14.8174 0 -0 0 0 0 -0 0 0 0 8.96505 0 0 
0.00368087294258370983 0.38574 0 170070 42.6563 10.2831 6.29859 0 125.4831 -121.254 30.1811 11.5098 0 0 0 0 0 0 0 0 30.7 69.1539 605.176 2693.54 
0.00368087294258370983 0.418785 0 68259 42.4999 10.3011 6.31178 0 161.4221 -31.6049 155.441 -29.9403 0 0 0 0 0 0 0 0 38.9238 87.2235 363.36 1891.7 
0.00368087294258370983 0.480535 1 0 44.0079 8.21088 2.32303 0 0 1 8.955 -4.28175 33.7277 1 5.47389 -19.855 24.0567 0 0 -0 0 29.485 72.7286 504.498 1925.28 
0.00368087294258370983 1.79974 0 364519 41.8438 10.2683 6.2878 0 193.2291 -178.63 -65.6431 33.461 0 0 -0 0 0 0 -0 0 12.8613 31.2228 0 2.94029 
0.00368087294258370983 2.06653 0 197910 42.2259 10.257 6.2796 0 57.3871 6.13804 -56.7659 5.76424 0 0 0 0 0 0 0 0 12.5204 25.1695 4.85145 4.85145 
0.00368087294258370983 2.26617 1 398883 43.7001 8.20034 2.32093 0 0 1 7.39255 -5.20442 -15.4532 0 0 0 -0 0 0 0 -0 11.1642 35.7438 0 0 
0.00368364922344381141 1.03869 0 111014 41.6225 10.2364 6.26478 0 167.3991 89.3635 105.71 94.1379 0 0 0 0 0 0 0 0 2.07782 5.21042 0 0 
0.00368718240141815024 3.32495 0 399060 41.5475 10.2135 6.24849 0 155.8611 -141.545 53.6542 37.1311 0 0 0 0 0 0 0 0 0 0 0 0 
0.00372071952778831863 0.163002 0 121054 41.5427 10.2108 6.24651 0 95.24781 -8.13213 91.0338 -26.8117 0 0 0 0 0 0 0 0 19.4952 35.6165 1640.73 4007.55 
0.00372071952778831863 0.453737 0 82477 40.9632 10.1747 6.22122 0 116.0841 -112.571 10.0948 26.4809 0 0 0 0 0 0 0 0 22.6694 58.9195 547.244 1146.88 
0.00372071952778831863 0.516433 0 244533 41.1435 10.1924 6.23355 0 74.9041 -53.8394 -50.7689 -11.5949 0 0 0 -0 0 0 0 -0 24.8296 62.3438 69.6821 679.302 
0.00372071952778831863 0.577562 0 4347 41.5373 10.2118 6.24722 0 82.20441 -65.0826 -50.0771 3.75463 0 -0 0 0 0 -0 0 0 21.5708 51.8684 292.656 412.21 
0.00372071952778831863 0.903499 0 344240 41.4003 10.1966 6.23653 0 58.11521 -15.897 15.8244 53.612 0 -0 0 0 0 -0 0 0 8.16336 38.1638 0 169.88 
0.00372071952778831863 1.4089 0 373672 41.3139 10.1936 6.23444 0 123.6121 8.78664 -7.64635 123.062 0 0 0 0 0 0 0 0 11.4899 29.9568 0 112.744 
0.00372071952778831863 1.42283 0 334260 41.0287 10.1752 6.22155 0 222.2711 199.498 13.4847 97.0741 0 0 0 0 0 0 0 0 11.4899 29.9568 0 112.744 
0.00372071952778831863 1.66837 0 330060 41.0883 10.1863 6.22932 0 208.9741 74.8628 157.541 115.093 0 0 0 0 0 0 0 0 4.92946 21.3363 2.5611 2.5611 
0.0037254255170186888 0.238781 0 51605 40.827 10.159 6.21032 0 44.83851 -40.3309 17.6114 -8.58785 0 -0 0 0 0 -0 0 0 4.33652 11.3326 8.14356 153.972 
0.00372935669486478862 0.179673 0 6025 0.0997318 10.152 6.20549 0 45.7611 -38.8246 -17.7303 -16.5033 0 0 -0 0 0 0 -0 0 4.93105 14.579 306.868 617.524 
0.00372935669486478862 0.624357 0 252721 40.7212 10.1412 6.1981 0 239.6121 164.925 -147.123 -92.5647 0 0 0 0 0 0 0 0 1.90543 16.4591 0 0 
0.00372935669486478862 2.37892 0 295464 40.7464 10.1467 6.20184 0 146.5461 119.337 19.0506 -82.8948 0 0 0 0 0 0 0 0 0 2.3668 0 0 
0.00375914766651532471 0.186692 0 22499 0.17541 10.1174 6.18191 0 83.24011 44.2724 26.293 -65.403 0 0 0 0 0 0 0 0 19.4516 35.0316 2206.3 4315.41 
0.00375914766651532471 0.252861 1 0 0 10.1152 6.1804 0 0 1 58.1162 -80.7001 94.451 1 62.8102 -81.9825 90.4581 0 0 0 0 18.9872 45.23 1439 2774.63 
0.00375914766651532471 0.738862 0 189256 40.4504 10.1132 6.17907 0 124.5371 93.6936 41.4052 -70.8282 0 0 0 0 0 0 0 0 13.1613 48.9293 77.8095 1108.28 
0.00375914766651532471 0.774339 0 205163 40.3764 10.1097 6.17669 0 89.47091 -82.3305 32.62 -12.7541 0 0 0 0 0 0 0 0 17.1067 46.7389 400.65 680.452 
0.00375914766651532471 0.824893 0 122995 40.6661 10.1256 6.18746 0 85.26671 -78.7293 -2.96602 -32.6083 0 0 -0 0 0 0 -0 0 16.5696 52.2766 1.7584 462.543 
0.00375914766651532471 1.08049 0 255934 40.1963 10.1369 6.19517 0 85.51861 61.3826 -46.4171 37.2967 0 0 0 0 0 0 0 0 8.68381 43.3148 114.548 146.679 
0.00378954462009104031 0.329094 0 207965 40.0184 10.0983 6.16906 0 156.1431 -29.8463 -85.1584 127.428 0 0 0 0 0 0 0 0 24.3004 51.9719 624.064 2165.73 
0.00378954462009104031 0.461855 0 264494 39.589 10.0454 6.13405 0 112.6391 -106.982 35.1956 1.88536 0 -0 0 0 0 -0 0 0 21.7969 49.9175 131.951 709.869 
0.00378954462009104031 0.650391 0 195207 39.8973 10.083 6.15886 0 110.6531 -61.8473 -91.5638 5.9254 0 0 -0 0 0 0 -0 0 20.9488 51.0915 407.298 807.047 
0.00378954462009104031 0.660898 0 219847 39.7453 10.06 6.1436 0 157.9971 -146.422 40.1594 -43.7142 0 -0 0 0 0 -0 0 0 20.9488 51.0915 407.298 807.047 
0.00378954462009104031 0.839033 0 185827 39.6373 10.0529 6.13899 0 333.4051 -83.027 292.346 137.109 0 -0 0 0 0 -0 0 0 19.0969 53.1152 18.1264 72.8088 
0.00378954462009104031 0.982679 0 340616 39.9961 10.0947 6.16664 0 258.9371 99.6354 100.117 -217.02 0 0 0 -0 0 0 0 -0 23.8457 54.6331 230.225 814.424 
0.00378954462009104031 1.0802 0 234722 39.7889 10.0678 6.14874 0 134.9841 -49.0119 -28.2184 122.566 0 0 -0 0 0 0 -0 0 10.8176 30.3343 0 119.881 
0.00379314122655092069 1.27723 0 191234 39.5368 10.0633 6.1458 0 264.9871 69.8631 -251.623 -44.9763 0 0 0 -0 0 0 0 -0 1.25395 2.52642 0 0 
0.00382939775952772544 0.251246 0 36465 39.0862 10.0233 6.11973 0 118.1931 -118.186 0.100706 -1.32332 0 -0 0 0 0 -0 0 0 24.1443 54.0689 1670.19 4123.97 
0.00382939775952772544 0.753232 0 50618 39.3718 10.0252 6.12097 0 28.66371 -23.9246 13.1944 -8.66762 0 -0 0 0 0 -0 0 0 17.509 53.0384 142.968 507.033 
0.00382939775952772544 0.776944 0 246436 39.3317 10.0223 6.11905 0 64.67061 0.0865548 5.26939 -64.4555 0 0 0 -0 0 0 0 -0 11.7448 46.1901 59.5422 155.564 
0.00382939775952772544 1.15449 0 222067 38.9746 9.99472 6.10142 0 192.7791 27.4514 181 -60.4069 0 0 0 0 0 0 0 0 16.1737 54.289 266.166 392.382 
0.00382939775952772544 2.99293 0 398460 39.3299 10.0209 6.11819 0 108.5231 -106.027 4.66287 22.6692 0 -0 0 0 0 -0 0 0 0 9.43655 0 0 
0.00383162848916745362 0.149189 0 423727 0.775961 9.7833 5.97455 0 99.33551 49.1774 -75.5176 -41.7877 0 0 0 0 0 0 0 0 3.78313 10.8606 0 1096.18 
0.00383162848916745362 0.397532 0 170525 38.7956 10.0161 6.1151 0 89.16181 14.6642 -38.166 79.2347 0 0 0 0 0 0 0 0 0.767291 4.77074 0 34.768 
0.00386065237157092855 0.16857 0 79197 38.3837 9.9459 6.0708 0 286.8611 -46.3347 224.808 172.057 0 0 0 0 0 0 0 0 17.504 34.07 939.837 3944.91 
0.00386065237157092855 0.338921 0 70798 38.6921 9.9995 6.10446 0 34.81281 3.3607 -26.2373 22.6327 0 0 -0 0 0 0 -0 0 22.1951 49.6151 1521.68 2315.36 
0.00386065237157092855 0.471741 0 23355 38.7463 10.0075 6.10954 0 134.0391 -3.00892 5.02945 133.911 0 0 0 0 0 0 0 0 21.4035 47.9959 404.257 560.519 
0.00386065237157092855 0.493265 0 159247 38.304 9.9696 6.08556 0 217.8171 -141.599 -18.5316 -164.471 0 0 0 -0 0 0 0 -0 21.4035 47.9959 404.257 560.519 
0.00386065237157092855 0.659995 0 167586 38.5806 9.97388 6.08825 0 254.6081 -246.251 49.3732 41.8087 0 -0 0 0 0 -0 0 0 19.2044 54.1705 2.99926 440.995 
0.00386065237157092855 0.868125 0 303941 38.4651 9.95409 6.07588 0 216.6221 -64.3222 -201.021 -48.7695 0 0 0 0 0 0 0 0 10.3152 42.9719 0 405.252 
0.00386065237157092855 1.13304 0 307821 38.4061 9.9495 6.07303 0 238.3441 -136.34 -93.5328 171.671 0 0 0 0 0 0 0 0 14.5388 46.0025 0 0 
0.00386065237157092855 1.2371 0 303045 38.5069 9.95913 6.07902 0 106.1881 93.5807 -48.366 13.3892 0 0 0 0 0 0 0 0 13.5795 40.5816 0 81.0712 
0.00386065237157092855 1.44523 0 292985 38.4492 9.95317 6.07531 0 31.85831 29.9402 6.56797 8.68302 0 0 0 0 0 0 0 0 12.9945 31.8035 0 19.9614 
0.00386212826407676766 0.288187 0 456799 0.438083 10.6004 6.54752 0 72.65861 67.2123 20.499 18.4815 0 0 0 0 0 0 0 0 3.75384 8.04905 290.706 669.654 
0.00390237217262971205 0.26013 0 87721 0.192521 9.90196 6.04391 0 204.0531 -111.089 -57.557 -161.196 0 -0 0 0 0 -0 0 0 27.4184 58.7745 2025.18 4269.64 
0.00390237217262971205 0.334144 0 372622 37.8862 9.90263 6.04432 0 98.46911 46.5933 -78.6453 -36.608 0 0 0 0 0 0 0 0 26.8257 56.7118 797.298 2398.75 
0.00390237217262971205 0.626583 0 393305 37.8849 9.90208 6.04398 0 195.2651 41.6271 157.727 107.321 0 0 0 0 0 0 0 0 19.1051 57.9163 144.637 575.834 
0.00390237217262971205 0.651472 0 299694 38.0255 9.93987 6.06707 0 181.4641 115.941 -4.14818 139.534 0 0 0 0 0 0 0 0 27.7151 83.8764 352.185 1072.63 
0.00390237217262971205 1.20039 0 261297 38.2168 9.96074 6.08002 0 112.1821 52.6606 -62.7034 -76.6801 0 0 0 0 0 0 0 0 20.3374 52.5358 249.251 441.663 
0.00390237217262971205 2.74153 0 383571 38.192 9.95787 6.07823 0 104.0471 -103.831 -4.921 4.54844 0 0 0 0 0 0 0 0 5.54172 10.9954 0 0 
0.00395027169972530894 0.07265 0 162583 37.01 9.82783 6.00002 0 86.91471 81.8148 -22.7805 -18.4808 0 0 0 0 0 0 0 0 23.355 44.2665 3333.82 6908.32 
0.00395027169972530894 0.207496 0 32995 0.0904982 9.83591 6.00472 0 189.141 98.1837 -81.462 -139.635 0 0 0 0 0 0 0 0 23.355 44.2665 3333.82 6908.32 
0.00395027169972530894 0.491362 0 220037 37.2213 9.84697 6.01118 0 154.6121 -151.572 -12.9109 -27.6437 0 0 -0 0 0 0 -0 0 29.0405 69.8348 228.414 577.781 
0.00395027169972530894 0.524667 0 323235 37.3721 9.86981 6.02465 0 97.97051 -97.9673 -0.29244 0.736778 0 0 0 0 0 0 0 0 29.1384 77.4015 669.02 1127.51 
0.00395027169972530894 0.53323 0 169315 36.9321 9.84676 6.01106 0 142.7211 31.6836 -10.2693 138.78 0 0 -0 0 0 0 -0 0 29.6068 69.9758 153.133 1213.9 
0.00395027169972530894 0.583121 0 258580 37.0631 9.82281 5.99712 0 70.42041 -26.8456 -56.6067 -32.1564 0 0 0 0 0 0 0 0 27.6743 70.2114 131.784 1148.99 
0.00395027169972530894 0.669161 0 24007 36.9311 9.84718 6.01131 0 101.5171 21.6027 -98.8723 7.9558 0 0 0 0 0 0 0 0 31.1075 77.5011 422.756 735.93 
0.00395027169972530894 0.69691 0 270802 37.0947 9.83371 6.00344 0 211.931 -67.3143 -188.471 -69.728 0 0 -0 0 0 0 -0 0 25.4507 66.6442 32.1921 586.988 
0.00395027169972530894 1.10671 0 296006 37.4654 9.87139 6.02559 0 206.4291 65.7458 -35.0559 192.513 0 0 -0 0 0 0 -0 0 19.6158 53.4788 94.1327 270.717 
0.00395027169972530894 2.07396 0 389515 37.471 9.86587 6.02231 0 168.2041 -135.991 -67.6259 72.2884 0 -0 0 0 0 -0 0 0 2.01504 20.2942 0 40.9002 
0.00399387795620671261 0.156122 0 62469 36.8054 9.83839 6.00616 0 94.40021 -61.5281 5.71168 71.3658 0 0 0 0 0 0 0 0 18.6399 38.7684 2740.81 6001.23 
0.00399387795620671261 0.307055 0 58537 36.8577 9.83822 6.00606 0 223.5481 213.997 -32.0432 56.1421 0 0 -0 0 0 0 -0 0 27.1293 61.1925 579.183 2477.78 
0.00399387795620671261 0.388348 0 144496 36.8656 9.84092 6.00764 0 62.24511 -58.0765 19.6902 10.671 0 0 0 0 0 0 0 0 26.1564 64.0871 531.901 1841.31 
0.00399387795620671261 0.578445 0 287422 36.441 9.80936 5.98938 0 168.3761 74.834 31.2904 -147.551 0 0 0 0 0 0 0 0 27.0903 70.7106 381.806 685.757 
0.00399387795620671261 0.743815 0 149543 36.7563 9.81351 5.99176 0 130.2571 -96.5553 43.8167 -75.6583 0 0 0 -0 0 0 0 -0 27.2334 70.7128 12.6607 673.531 
0.00399387795620671261 0.854748 0 244983 36.3481 9.78181 5.9737 0 86.85251 38.4707 -60.5121 -49.0066 0 0 0 0 0 0 0 0 23.275 58.6659 602.723 1709.01 
0.00399387795620671261 2.78675 0 201617 36.6365 9.79891 5.9834 0 224.7451 -205.734 20.4581 88.1219 0 -0 0 0 0 -0 0 0 8.65301 25.8425 0 0 
0.00401454844722389913 0.612916 0 211996 35.9461 9.77539 5.97009 0 146.6181 143.992 0.598239 27.6214 0 0 0 0 0 0 0 0 7.37126 38.8299 221.151 222.384 
0.00401454844722389913 0.939505 1 417192 58.1308 11.073 6.98649 0 0 2 97.2937 -45.2061 49.9757 0 0 0 0 0 0 0 0 14.2179 43.5496 36.5288 150.82 
0.00401454844722389913 1.11243 0 198841 35.9894 9.78936 5.97797 0 47.47511 -28.592 -16.9508 -33.8976 0 0 0 -0 0 0 0 -0 4.49273 25.9568 119.564 119.564 
0.00403992513139145738 0.161689 0 8274 0.0966496 9.75517 5.95879 0 134.251 134.25 0.0561323 -0.143833 0 0 0 -0 0 0 0 -0 17.3852 35.7566 958.554 3496.06 
0.00403992513139145738 0.427817 0 52396 35.881 9.75284 5.9575 0 78.10241 -62.2721 -22.5193 -41.4131 0 0 -0 0 0 0 -0 0 18.1059 49.9044 172.392 599.441 
0.00403992513139145738 0.452435 0 90793 35.7125 9.72384 5.94156 0 113.4791 113.101 -6.25185 -6.81953 0 0 0 0 0 0 0 0 19.7329 47.7554 299.244 846.124 
0.00403992513139145738 0.746181 0 242731 35.8408 9.74436 5.95281 0 219.7471 191.508 -76.118 -76.2836 0 0 -0 0 0 0 -0 0 14.0189 50.2172 152.464 587.164 
0.00403992513139145738 0.864897 0 393168 35.7896 9.73796 5.94929 0 74.27931 -39.4578 -28.8418 -55.9343 0 0 0 -0 0 0 0 -0 12.0667 48.3553 115.043 140.44 
0.00403992513139145738 0.88701 0 246660 35.8723 9.74943 5.95561 0 116.7031 -8.97848 -15.0305 -115.383 0 -0 0 0 0 -0 0 0 7.16018 41.8178 2.79942 203.847 
0.00403992513139145738 1.06456 0 102873 35.6821 9.7213 5.94018 0 268.371 -268.352 -2.87706 1.25219 0 -0 0 0 0 -0 0 0 8.5002 35.074 7.38585 158.442 
0.00406395797993801006 0.342793 0 382096 35.6012 9.70663 5.93224 0 145.4031 -144.359 6.53372 -16.1241 0 0 0 0 0 0 0 0 20.2867 44.9091 502.195 1961.72 
0.00406395797993801006 0.444484 0 596677 0.136014 9.58884 5.87108 0 138.2221 137.141 -12.8631 11.4999 0 0 0 0 0 0 0 0 22.3596 50.4748 38.7385 778.372 
0.00406395797993801006 1.1877 0 310669 35.289 9.69185 5.92431 0 97.94121 53.0702 -46.192 -68.1346 0 0 -0 0 0 0 -0 0 4.78538 23.8632 0 38.952 
0.00406395797993801006 1.43887 0 319276 35.5055 9.69349 5.92518 0 116.8161 85.3774 -75.9785 24.1642 0 0 0 0 0 0 0 0 10.1223 33.3218 0 152.397 
0.00412854041820400874 0.202095 0 137507 0.162378 9.62161 5.88763 0 81.48041 42.5892 -56.2254 40.7912 0 0 0 0 0 0 0 0 25.2073 49.5199 2795.58 5386.46 
0.00412854041820400874 0.229896 0 165929 34.8882 9.64407 5.89918 0 137.61 -111.082 37.0494 72.2631 0 0 0 0 0 0 0 0 25.2073 49.5199 2795.58 5386.46 
0.00412854041820400874 0.270562 0 57393 35.2741 9.67418 5.91493 0 121.0351 34.7067 -113.984 -21.2773 0 0 0 0 0 0 0 0 33.5774 63.8329 1676.94 4907.24 
0.00412854041820400874 0.411189 0 191220 35.2742 9.67438 5.91503 0 207.1411 -183.504 93.1154 -23.7349 0 0 0 0 0 0 0 0 40.3588 89.6469 1117.14 2490.48 
0.00412854041820400874 0.559107 0 196116 35.192 9.6616 5.9083 0 151.7691 -144.329 46.5143 -6.28185 0 0 0 0 0 0 0 0 31.8628 98.601 199.09 905.729 
0.00412854041820400874 0.68113 0 134648 34.8295 9.631 5.89244 0 104.8771 54.1224 -38.9414 80.9544 0 0 0 0 0 0 0 0 27.7049 78.8321 43.3863 749.896 
0.00412854041820400874 0.778453 0 87366 35.2759 9.68947 5.92304 0 219.5791 209.154 66.8535 0.19842 0 0 0 0 0 0 0 0 38.318 97.3615 43.3353 1193.64 
0.00412854041820400874 0.867945 0 296138 34.5542 9.64313 5.89869 0 68.44181 -48.6601 -15.8275 45.4529 0 -0 0 0 0 -0 0 0 32.0946 91.9761 572.263 1187.86 
0.00412854041820400874 0.942932 0 316784 35.195 9.66361 5.90936 0 107.1921 79.7593 36.4466 -61.6453 0 0 0 -0 0 0 0 -0 32.4057 78.0084 0 662.744 
0.00412854041820400874 0.944529 0 380007 34.8455 9.62877 5.89129 0 211.1721 177.442 36.9993 108.346 0 0 0 0 0 0 0 0 32.4057 78.0084 0 662.744 
0.00412854041820400874 1.06524 0 302817 35.1486 9.65892 5.9069 0 197.5461 -170.004 -33.5864 -94.8419 0 -0 0 0 0 -0 0 0 26.673 65.1343 34.459 257.597 
0.00412854041820400874 1.17802 0 377351 34.8394 9.63556 5.89478 0 160.3241 -18.7789 107.091 117.824 0 0 0 0 0 0 0 0 22.2122 59.4949 25.733 166.081 
0.00412854041820400874 1.22853 0 218673 35.2491 9.66976 5.91259 0 141.4831 42.0463 126.711 -46.8396 0 0 0 0 0 0 0 0 13.573 51.9062 203.526 213.226 
0.00412854041820400874 1.2751 0 330567 34.5159 9.62907 5.89145 0 120.291 102.527 42.6061 46.2871 0 0 0 0 0 0 0 0 20.3556 77.8295 243.927 355.179 
0.00412854041820400874 1.5151 0 215195 34.5123 9.62578 5.88976 0 73.53491 68.4244 -21.5795 16.1185 0 0 0 0 0 0 0 0 8.98091 47.8604 55.3158 64.9358 
0.00415280366405605672 0.335057 0 43247 34.425 9.61158 5.88253 0 195.4441 158.911 -113.684 -4.64841 0 0 -0 0 0 0 -0 0 18.1387 45.2578 495.605 1469.85 
0.00415280366405605672 0.421125 0 71669 34.3464 9.60441 5.87889 0 154.5481 121.755 -92.8772 20.8463 0 0 0 0 0 0 0 0 19.9814 51.6608 102.874 1275.65 
0.00415280366405605672 0.490824 0 38744 34.4193 9.60878 5.88111 0 102.0231 -61.2185 -12.9547 80.5796 0 -0 0 0 0 -0 0 0 17.7766 43.0615 354.863 798.875 
0.00415280366405605672 1.38308 0 213781 34.3295 9.6032 5.87829 0 120.0891 -58.7257 100.458 29.6783 0 -0 0 0 0 -0 0 0 4.18979 20.9953 0 0 
0.00418014175981372069 0.41272 0 306675 33.9768 9.54638 5.85018 0 277.0721 178.631 123.505 172.065 0 0 0 0 0 0 0 0 21.4459 52.2016 158.563 703.292 
0.00418014175981372069 0.876555 0 202678 33.9515 9.54421 5.84913 0 171.591 -164.774 29.1053 -38.0233 0 -0 0 0 0 -0 0 0 10.4634 50.5856 0 33.1351 
0.00418014175981372069 1.22404 0 272267 33.8736 9.5359 5.84511 0 228.811 196.023 105.708 -52.4861 0 0 0 -0 0 0 0 -0 10.831 26.4666 0 0 
0.00418014175981372069 1.30678 0 334345 33.8645 9.53524 5.84479 0 135.2761 9.95387 -123.113 -55.1682 0 0 -0 0 0 0 -0 0 9.20442 35.5929 0 0 
0.00418014175981372069 2.10511 0 386821 34.0314 9.54178 5.84795 0 109.1171 108.916 4.24456 5.08468 0 0 0 0 0 0 0 0 0 15.0021 0 0 
0.00421440719297648016 0.455212 0 221647 33.4925 9.51012 5.83281 0 143.1091 -92.1243 31.4525 -104.901 0 0 0 -0 0 0 0 -0 23.2138 58.1291 122.215 626.02 
0.00421440719297648016 0.502135 0 363058 33.527 9.51699 5.83606 0 175.5331 -59.9338 70.4962 149.164 0 0 0 0 0 0 0 0 18.3096 61.8285 45.4803 928.421 
0.00421440719297648016 0.617464 0 421911 60.5699 9.56748 5.86049 0 151.4361 -39.7417 -87.613 -116.95 0 0 0 0 0 0 0 0 19.9118 70.592 43.4069 329.123 
0.00423733959466988854 0.82266 0 195542 33.3682 9.49382 8.26364 0 01 0 0 0 0 0 0 0 0 0 0 0 10.766 47.9309 0 334.3 
0.00423733959466988854 0.931615 0 17420 33.4215 9.50046 8.26939 0 01 0 -0 0 0 0 -0 0 0 0 -0 0 11.1729 33.4463 35.8165 239.33 
0.00428300257248816294 0.169882 0 138555 33.057 9.44166 8.21822 0 01 -0 0 0 0 -0 0 0 0 -0 0 0 19.3891 39.5635 1784.75 3720.38 
0.00428300257248816294 0.573651 0 224265 32.946 9.46173 8.23567 0 01 -0 0 0 0 -0 0 0 0 -0 0 0 33.9668 79.5059 240.295 792.126 
0.00428300257248816294 0.598231 0 149405 33.1739 9.45362 8.22864 0 01 -0 0 0 0 -0 0 0 0 -0 0 0 33.676 84.8039 248.861 675.099 
0.00428300257248816294 0.692305 0 140577 33.135 9.44858 8.22425 0 01 0 0 0 0 0 0 0 0 0 0 0 20.3847 81.9345 173.608 275.684 
0.00428300257248816294 1.31751 0 342636 33.0787 9.43874 8.21568 0 01 0 0 0 0 0 0 0 0 0 0 0 13.2315 50.5439 10.0527 225.222 
0.00428300257248816294 1.4973 0 41308 32.768 9.42091 8.20019 0 01 0 -0 0 0 0 -0 0 0 0 -0 0 13.6657 48.4406 0 9.97011 
0.00428300257248816294 2.03541 0 378323 33.1048 9.44569 8.2217 0 01 0 0 0 0 0 0 0 0 0 0 0 14.4742 33.0116 0 106.528 
0.00428300257248816294 2.77906 0 362838 32.8024 9.42652 8.20507 0 01 0 0 0 0 0 0 0 0 0 0 0 0 2.91637 0 0 
0.00432369669596764129 0.102184 0 30052 32.4488 9.40923 8.19001 0 01 -0 0 0 0 -0 0 0 0 -0 0 0 19.573 41.6146 2142.6 6044.05 
0.00432369669596764129 0.565877 0 176355 32.2815 9.36371 8.15036 0 01 0 0 0 0 0 0 0 0 0 0 0 21.901 65.6575 53.1078 414.185 
0.00432369669596764129 0.721175 0 213632 32.4818 9.41294 8.19321 0 01 0 0 -0 0 0 0 -0 0 0 0 -0 25.4124 69.6894 127.45 208.554 
0.00432369669596764129 0.777193 0 223846 32.3411 9.37443 8.1597 0 01 0 -0 0 0 0 -0 0 0 0 -0 0 22.4969 64.473 225.796 456.02 
0.00432369669596764129 1.12703 0 236025 32.6713 9.4045 8.18586 0 01 0 -0 0 0 0 -0 0 0 0 -0 0 15.5166 44.3951 20.2549 414.931 
0.00432369669596764129 1.12956 0 316050 32.5693 9.39344 8.17623 0 01 -0 0 0 0 -0 0 0 0 -0 0 0 19.4341 53.7438 78.2317 375.719 
0.00432369669596764129 1.19568 0 465340 0 9.27647 8.07434 0 01 -0 0 0 0 -0 0 0 0 -0 0 0 23.5555 57.7747 52.8562 522.202 
0.00432369669596764129 1.34079 0 107151 32.3059 9.37078 8.15652 0 01 0 -0 0 0 0 -0 0 0 0 -0 0 10.6181 34.5628 0 151.314 
0.00432369669596764129 3.14378 0 350599 32.4505 9.40944 8.19019 0 01 -0 0 0 0 -0 0 0 0 -0 0 0 12.8272 15.9774 0 1.22477 
0.00435108278948501993 0.187683 0 121925 32.1195 9.37001 8.15584 0 01 0 0 0 0 0 0 0 0 0 0 0 14.8012 31.7621 1020.93 2679.53 
0.00435108278948501993 0.46026 0 175769 32.2172 9.35814 8.14549 0 01 -0 0 0 0 -0 0 0 0 -0 0 0 21.0804 53.2904 100.553 725.289 
0.00435108278948501993 0.97327 0 139792 31.9889 9.33961 8.12936 0 01 0 0 0 0 0 0 0 0 0 0 0 12.4828 46.0816 0 225.624 
0.00435108278948501993 1.22807 0 276444 32.0268 9.34295 8.13228 0 01 0 0 0 0 0 0 0 0 0 0 0 8.51268 32.768 24.9397 24.9397 
0.00438968123166364431 0.390448 0 370212 31.8537 9.3153 8.10817 0 01 0 0 -0 0 0 0 -0 0 0 0 -0 30.9275 60.0938 458.01 1575.97 
0.00438968123166364431 0.936967 0 194863 31.5906 9.29672 8.092 0 01 0 0 0 0 0 0 0 0 0 0 0 18.5464 54.8843 0 534.191 
0.00443576615515648559 0.156662 0 55686 0.259379 9.14165 7.95684 0 01 -0 0 0 0 -0 0 0 0 -0 0 0 20.7728 41.212 1392.37 4732.8 
0.00443576615515648559 0.243413 0 201977 0.318889 9.27589 8.07384 0 01 0 0 -0 0 0 0 -0 0 0 0 -0 26.8501 57.2485 1310.4 2453.24 
0.00443576615515648559 0.312402 0 67849 31.2414 9.26301 8.06263 0 01 -0 0 0 0 -0 0 0 0 -0 0 0 28.764 61.564 739.317 1654.77 
0.00443576615515648559 0.449643 0 15422 31.4974 9.28186 8.07904 0 01 0 0 0 0 0 0 0 0 0 0 0 31.5105 69.1152 93.4452 835.784 
0.00443576615515648559 0.716013 0 184947 31.2345 9.2588 8.05895 0 01 0 0 0 0 0 0 0 0 0 0 0 24.7123 61.0384 0 303.486 
0.00443576615515648559 0.723809 0 334776 31.5332 9.28557 8.08228 0 01 0 0 0 0 0 0 0 0 0 0 0 24.7123 61.0384 0 303.486 
0.00443576615515648559 0.796547 0 109173 31.5459 9.28851 8.08483 0 01 0 0 -0 0 0 0 -0 0 0 0 -0 19.2526 64.119 0 176.964 
0.00443576615515648559 0.866797 0 208370 31.2844 9.26849 8.0674 0 01 0 0 0 0 0 0 0 0 0 0 0 15.8378 58.9364 4.43374 227.318 
0.00443576615515648559 0.929836 0 291088 31.4867 9.2719 8.07036 0 01 0 0 0 0 0 0 0 0 0 0 0 28.8927 66.1313 408.941 691.653 
0.00443576615515648559 0.937263 0 66897 31.2341 9.25868 8.05885 0 01 0 -0 0 0 0 -0 0 0 0 -0 0 28.8927 66.1313 408.941 691.653 
0.00452069026016991594 0.0735809 0 30458 0.922914 9.22552 8.02995 0 01 0 0 0 0 0 0 0 0 0 0 0 33.0647 62.401 2777.27 6301.26 
0.00452069026016991594 0.142277 0 69754 30.7762 9.20989 8.01633 0 01 0 0 0 0 0 0 0 0 0 0 0 33.0647 62.401 2777.27 6301.26 
0.00452069026016991594 0.20147 0 52314 30.7935 9.21187 8.01805 0 01 0 0 0 0 0 0 0 0 0 0 0 33.0647 62.401 2777.27 6301.26 
0.00452069026016991594 0.250928 0 177987 0.381871 9.20722 8.014 0 01 0 0 0 0 0 0 0 0 0 0 0 34.375 71.2396 1390.6 3650.8 
0.00452069026016991594 0.293147 0 34930 31.0161 9.2525 8.05346 0 01 -0 0 0 0 -0 0 0 0 -0 0 0 34.375 71.2396 1390.6 3650.8 
0.00452069026016991594 0.323468 0 325015 30.3703 9.17157 7.98292 0 01 0 0 0 0 0 0 0 0 0 0 0 43.4906 95.7307 1837.09 3806.97 
0.00452069026016991594 0.381314 0 79775 30.7969 9.21188 8.01806 0 01 0 0 0 0 0 0 0 0 0 0 0 41.3838 93.2268 996.13 2640.38 
0.00452069026016991594 0.411671 0 169885 30.6318 9.17847 7.98894 0 01 0 0 0 0 0 0 0 0 0 0 0 40.1558 92.5943 1064.56 1726.93 
0.00452069026016991594 0.526896 0 26774 30.6602 9.18354 7.99335 0 01 0 0 0 0 0 0 0 0 0 0 0 42.1049 106.825 972.645 1471 
0.00452069026016991594 0.534705 0 89901 30.3874 9.16854 7.98028 0 01 0 0 0 0 0 0 0 0 0 0 0 42.1049 106.825 972.645 1471 
0.00452069026016991594 0.54376 0 506848 0.770271 9.24173 8.04407 0 01 -0 0 0 0 -0 0 0 0 -0 0 0 40.4598 101.785 383.754 1124.84 
0.00452069026016991594 0.661716 0 19678 30.5204 9.19824 8.00617 0 01 0 0 0 0 0 0 0 0 0 0 0 44.4968 113.083 525.719 1617.49 
0.00452069026016991594 0.792769 0 194475 30.6804 9.20429 8.01145 0 01 0 0 0 0 0 0 0 0 0 0 0 47.2332 116.919 257.099 1082.89 
0.00452069026016991594 0.80307 0 59481 30.6952 9.20024 8.00792 0 01 0 0 0 0 0 0 0 0 0 0 0 47.2332 116.919 257.099 1082.89 
0.00452069026016991594 0.972236 0 132704 30.5626 9.20389 8.01109 0 01 0 0 0 0 0 0 0 0 0 0 0 42.3261 110.558 0 778.18 
0.00452069026016991594 0.990665 0 263588 30.416 9.17365 7.98474 0 01 0 -0 0 0 0 -0 0 0 0 -0 0 26.7349 81.121 100.815 227.439 
0.00452069026016991594 1.19516 0 300179 31.0381 9.22013 8.02524 0 01 -0 0 0 0 -0 0 0 0 -0 0 0 36.521 89.6393 17.1355 225.059 
0.00452069026016991594 1.29763 0 304139 30.4969 9.1974 8.00544 0 01 -0 0 0 0 -0 0 0 0 -0 0 0 16.7394 65.8271 11.0554 297.783 
0.00452069026016991594 1.45404 0 357743 30.4199 9.17358 7.98467 0 01 -0 0 0 0 -0 0 0 0 -0 0 0 20.4947 57.0794 170.751 225.35 
0.00452069026016991594 2.06168 0 253960 30.5912 9.20812 8.01478 0 01 -0 0 0 0 -0 0 0 0 -0 0 0 6.16508 45.4669 131.411 131.411 
0.00452069026016991594 2.32612 0 304523 30.9467 9.23677 8.03975 0 01 0 0 0 0 0 0 0 0 0 0 0 16.1895 43.9747 58.7526 117.821 
0.00454523248482822852 0.815635 0 71493 30.2655 9.1525 7.96627 0 01 0 0 0 0 0 0 0 0 0 0 0 20.1137 53.0972 261.409 294.759 
0.00457805763903720853 0.239391 0 154589 30.0242 9.1389 7.95444 0 01 0 0 0 0 0 0 0 0 0 0 0 20.7015 40.2958 1267.93 3709.96 
0.00457805763903720853 0.362633 0 43108 30.0418 9.14069 7.956 0 01 -0 0 0 0 -0 0 0 0 -0 0 0 23.0846 62.1726 457.585 854.435 
0.00457805763903720853 0.615247 0 27397 30.0313 9.14109 7.95635 0 01 -0 0 0 0 -0 0 0 0 -0 0 0 26.6529 62.43 242.243 623.569 
0.00457805763903720853 0.819072 0 183892 30.1223 9.14759 7.96201 0 01 -0 0 0 0 -0 0 0 0 -0 0 0 16.126 55.6072 120.951 699.077 
0.00457805763903720853 1.15227 0 291911 30.1002 9.1484 7.96271 0 01 0 0 0 0 0 0 0 0 0 0 0 9.24212 35.7577 4.96046 45.5166 
0.00457805763903720853 1.61862 0 387995 29.9841 9.12508 7.94237 0 01 0 -0 0 0 0 -0 0 0 0 -0 0 4.88512 34.3186 0 0 
0.00461702470928014846 0.243953 0 48688 29.678 9.07998 7.90307 0 01 0 0 0 0 0 0 0 0 0 0 0 27.6623 54.6972 553.512 1719.33 
0.00461702470928014846 0.457741 0 549259 0 8.9895 7.8241 0 01 -0 0 0 0 -0 0 0 0 -0 0 0 25.1948 65.3825 210.463 948.208 
0.00461702470928014846 0.600136 0 86949 29.7502 9.08115 7.90406 0 01 0 0 0 0 0 0 0 0 0 0 0 17.0478 58.9307 473.338 700.291 
0.00461702470928014846 0.761131 0 293121 29.6463 9.07408 7.89793 0 01 0 0 0 0 0 0 0 0 0 0 0 16.6913 49.2574 31.785 397.112 
0.00461702470928014846 0.817269 0 292369 29.8038 9.08784 7.90989 0 01 0 0 0 0 0 0 0 0 0 0 0 18.6087 56.6151 4.88672 243.386 
0.00461702470928014846 0.926109 0 271389 29.7789 9.08649 7.90872 0 01 0 0 -0 0 0 0 -0 0 0 0 -0 21.0628 56.6506 391.911 889.16 
0.00461702470928014846 1.0213 0 289599 29.5754 9.06291 7.88817 0 01 -0 0 0 0 -0 0 0 0 -0 0 0 13.3492 50.1826 173.8 284.867 
0.00461702470928014846 1.27252 0 274730 29.6653 9.0801 7.90318 0 01 -0 0 0 0 -0 0 0 0 -0 0 0 11.3672 49.2236 0 370.847 
0.00461702470928014846 2.14022 0 367285 29.6525 9.07728 7.90072 0 01 0 0 0 0 0 0 0 0 0 0 0 10.8405 21.7891 6.38907 255.356 
0.00465241050806553414 0.541347 0 153147 29.442 9.05778 7.88367 0 01 0 0 -0 0 0 0 -0 0 0 0 -0 24.5271 64.4555 60.0112 922.364 
0.00465241050806553414 1.59818 0 152125 29.2841 9.04351 7.87125 0 01 0 0 0 0 0 0 0 0 0 0 0 6.32798 31.5975 0 3.56859 
0.00465241050806553414 2.05897 0 360776 29.5502 9.06057 7.88613 0 01 0 0 -0 0 0 0 -0 0 0 0 -0 4.24309 24.9618 0 0 
0.00465241050806553414 2.19468 0 366867 29.4376 9.05665 7.88268 0 01 0 -0 0 0 0 -0 0 0 0 -0 0 4.30941 17.4547 0 7.0334 
0.00465241050806553414 2.24941 0 392518 29.4353 9.05713 7.88313 0 01 -0 0 0 0 -0 0 0 0 -0 0 0 4.6462 18.5583 0 0 
0.00467306437378819679 0.160513 0 19650 29.1244 9.00809 7.84034 0 01 0 -0 0 0 0 -0 0 0 0 -0 0 15.2288 33.687 719.987 2763.46 
0.00467306437378819679 0.721503 0 313243 29.2039 9.03138 7.86064 0 01 0 0 0 0 0 0 0 0 0 0 0 8.54062 32.6637 7.43965 160.896 
0.00467306437378819679 1.31426 0 335816 29.2236 9.03748 7.86599 0 01 0 0 0 0 0 0 0 0 0 0 0 3.89463 19.4953 0 0 
0.00471186880778094123 0.178978 0 185079 29.0216 9.03923 7.86749 0 01 0 0 0 0 0 0 0 0 0 0 0 22.6206 47.3521 996.468 3435 
0.00471186880778094123 0.199611 0 6292 29.1038 9.0072 7.83954 0 01 0 0 0 0 0 0 0 0 0 0 0 22.6206 47.3521 996.468 3435 
0.00471186880778094123 0.789553 0 179360 28.9337 9.02123 7.85181 0 01 0 0 0 0 0 0 0 0 0 0 0 20.4841 65.2615 2.21007 162.082 
0.00471186880778094123 0.804373 0 261741 29.0085 9.03668 7.86529 0 01 0 -0 0 0 0 -0 0 0 0 -0 0 25.1127 56.7587 403.606 829.648 
0.00471186880778094123 0.961062 0 353010 29.0679 9.04351 7.87125 0 01 0 0 0 0 0 0 0 0 0 0 0 16.5022 53.4347 135.423 241.052 
0.00471186880778094123 1.2839 0 201415 28.9879 9.032 7.86119 0 01 0 0 0 0 0 0 0 0 0 0 0 10.4255 42.9819 190.554 328.772 
0.00471186880778094123 4.54765 0 387605 29.0408 9.04 7.86816 0 01 0 0 0 0 0 0 0 0 0 0 0 0 7.37486 0 0 
0.00472463100594507687 0.256373 0 126118 28.7826 8.98927 7.8239 0 01 0 0 0 0 0 0 0 0 0 0 0 9.93402 30.2296 62.9008 526.737 
0.00472463100594507687 0.986241 0 321271 28.7216 8.98308 7.81852 0 01 0 -0 0 0 0 -0 0 0 0 -0 0 4.86849 20.4286 0 106.238 
0.00477315317178915802 0.265925 0 162556 28.4539 8.94543 7.78566 0 01 0 0 0 0 0 0 0 0 0 0 0 34.6202 66.2982 1252.87 3259.74 
0.00477315317178915802 0.270914 0 37014 28.4169 8.93466 7.77625 0 01 0 -0 0 0 0 -0 0 0 0 -0 0 34.6202 66.2982 1252.87 3259.74 
0.00477315317178915802 0.325497 0 55732 28.4725 8.95354 7.79273 0 01 0 0 0 0 0 0 0 0 0 0 0 29.6624 66.0005 564.258 1892.33 
0.00477315317178915802 0.346287 0 23097 28.6906 8.98763 7.82245 0 01 0 0 0 0 0 0 0 0 0 0 0 29.6624 66.0005 564.258 1892.33 
0.00477315317178915802 0.372497 0 673790 0.338655 13.2275 9.99902 0 65.85581 -36.6316 54.6934 -1.93519 0 -0 0 0 0 -0 0 0 34.1154 74.3055 604.191 2206.32 
0.00477315317178915802 0.427945 0 291918 28.3755 8.92039 7.76379 0 01 0 0 0 0 0 0 0 0 0 0 0 25.5659 67.776 497.954 1544.17 
0.00477315317178915802 0.486513 0 61856 28.5407 8.95024 7.78985 0 01 0 0 0 0 0 0 0 0 0 0 0 31.6341 81.5183 442.139 905.399 
0.00477315317178915802 0.584952 0 332721 28.6521 8.96466 7.80242 0 01 0 0 0 0 0 0 0 0 0 0 0 29.4528 78.783 299.584 647.456 
0.00477315317178915802 0.788169 0 239877 28.678 8.97625 7.81253 0 01 0 0 0 0 0 0 0 0 0 0 0 22.8304 66.9025 100.648 427.979 
0.00477315317178915802 1.09874 0 193763 28.3885 8.92462 7.76749 0 01 0 0 0 0 0 0 0 0 0 0 0 12.0011 53.6298 1.82815 353.966 
0.00477315317178915802 1.45979 0 248774 28.5498 8.94814 7.78801 0 01 0 0 0 0 0 0 0 0 0 0 0 16.3412 42.9164 0 47.2336 
0.00477315317178915802 1.93009 0 308710 28.6661 8.96772 7.80509 0 01 0 -0 0 0 0 -0 0 0 0 -0 0 5.75763 26.6262 0 0 
0.00481989614892325193 0.0855855 0 6219 28.0697 8.9111 7.75569 0 01 -0 0 0 0 -0 0 0 0 -0 0 0 22.8567 45.9796 1334.7 3812.45 
0.00481989614892325193 0.108421 0 99537 28.3536 8.92785 7.7703 0 01 0 0 0 0 0 0 0 0 0 0 0 22.8567 45.9796 1334.7 3812.45 
0.00481989614892325193 0.200107 0 223714 28.3313 8.92195 7.76515 0 01 0 0 0 0 0 0 0 0 0 0 0 22.8567 45.9796 1334.7 3812.45 
0.00481989614892325193 0.210883 0 454242 0 12.6977 9.10295 0 32.99031 -0.102454 1.83343 -32.9391 0 -0 0 0 0 -0 0 0 22.8567 45.9796 1334.7 3812.45 
0.00481989614892325193 0.23152 0 39238 0.313947 8.91499 7.75908 0 01 0 0 0 0 0 0 0 0 0 0 0 22.8567 45.9796 1334.7 3812.45 
0.00481989614892325193 0.307413 0 86890 0.0855587 9.13384 7.95003 0 01 0 -0 0 0 0 -0 0 0 0 -0 0 34.0462 75.1158 845.881 2549.23 
0.00481989614892325193 0.370638 0 67839 28.2831 8.92595 7.76865 0 01 0 0 0 0 0 0 0 0 0 0 0 26.525 71.8059 390.796 2347.51 
0.00481989614892325193 0.561923 0 106288 28.3056 8.93242 7.77429 0 01 0 0 0 0 0 0 0 0 0 0 0 25.321 77.6349 102.729 486.218 
0.00481989614892325193 0.679997 0 185355 28.3386 8.92355 7.76655 0 01 0 -0 0 0 0 -0 0 0 0 -0 0 31.6579 77.797 94.7374 713.845 
0.00481989614892325193 0.70744 0 296004 28.2226 8.92071 7.76407 0 01 0 0 0 0 0 0 0 0 0 0 0 23.5885 68.6049 458.66 617.455 
0.00481989614892325193 0.738602 0 228406 28.3649 8.92716 7.76971 0 01 0 -0 0 0 0 -0 0 0 0 -0 0 25.1549 67.2866 334.422 392.203 
0.00481989614892325193 0.745325 0 243100 28.143 8.90886 7.75373 0 01 0 0 0 0 0 0 0 0 0 0 0 25.1549 67.2866 334.422 392.203 
0.00481989614892325193 0.8677 0 224840 28.2861 8.92944 7.77169 0 01 0 0 -0 0 0 0 -0 0 0 0 -0 19.0645 58.7812 173.781 399.189 
0.00481989614892325193 1.34833 0 331934 28.0534 8.90906 7.75391 0 01 0 -0 0 0 0 -0 0 0 0 -0 0 12.1532 44.6082 269.785 286.675 
0.00481989614892325193 1.72905 0 344896 28.3557 8.92749 7.76999 0 01 0 0 0 0 0 0 0 0 0 0 0 8.51928 32.3789 0 17.4769 
0.00481989614892325193 2.3394 0 365272 28.0702 8.91144 7.75599 0 01 0 0 0 0 0 0 0 0 0 0 0 6.93655 30.2486 0 0 
0.00482623372452957011 0.23583 0 73589 27.9947 8.89747 7.74378 0 01 0 0 0 0 0 0 0 0 0 0 0 6.06948 14.7161 192.786 528.56 
0.00482623372452957011 0.364044 0 171631 28.0086 8.90096 7.74683 0 01 0 0 0 0 0 0 0 0 0 0 0 7.63499 19.3914 67.1507 167.536 
0.00482623372452957011 0.543442 0 129944 28.0037 8.89335 7.74019 0 01 0 0 0 0 0 0 0 0 0 0 0 4.30837 17.2382 0 237.553 
0.00482623372452957011 0.945788 0 41160 28.0132 8.89942 7.74549 0 01 0 0 0 0 0 0 0 0 0 0 0 0 10.4177 0 0 
0.00487525846055848755 0.133026 0 132710 27.7405 8.85784 7.7092 0 01 0 0 0 0 0 0 0 0 0 0 0 26.8004 50.4608 654.442 3084.69 
0.00487525846055848755 0.893805 0 346540 27.8273 8.8744 7.72365 0 01 0 0 0 0 0 0 0 0 0 0 0 25.0653 67.1603 46.5947 216.229 
0.00487525846055848755 1.1384 0 185527 27.9668 8.88781 7.73532 0 01 0 0 0 0 0 0 0 0 0 0 0 16.9497 63.2063 9.50629 140.219 
0.00487525846055848755 1.22164 0 300870 27.9003 8.88164 7.72997 0 01 0 0 0 0 0 0 0 0 0 0 0 17.2343 54.1724 2.89923 2.89923 
0.00487525846055848755 1.32469 0 262055 27.8567 8.87734 7.72622 0 01 0 0 -0 0 0 0 -0 0 0 0 -0 9.14672 51.1138 70.137 70.137 
0.00487525846055848755 1.5982 0 223552 27.8459 8.8739 7.72321 0 01 0 0 0 0 0 0 0 0 0 0 0 9.53103 46.1822 1.45673 5.84354 
0.00487525846055848755 1.90224 0 279797 27.9416 8.88679 7.73446 0 01 0 -0 0 0 0 -0 0 0 0 -0 0 7.62704 40.179 0 1.34154 
0.00493200690856526649 0.189995 0 129927 27.4288 8.83497 7.68923 0 01 0 0 0 0 0 0 0 0 0 0 0 24.6055 46.1762 500.505 3410.77 
0.00493200690856526649 0.331337 0 433295 0 8.68225 7.55585 0 01 0 0 0 0 0 0 0 0 0 0 0 28.4694 70.6776 914.146 1582.26 
0.00493200690856526649 0.380057 0 335263 27.4531 8.83753 7.69147 0 01 0 0 0 0 0 0 0 0 0 0 0 33.3467 75.1492 565.908 1533.46 
0.00493200690856526649 0.527193 0 18064 27.4481 8.8353 7.68952 0 01 0 0 0 0 0 0 0 0 0 0 0 33.9181 84.528 280.913 942.033 
0.00493200690856526649 0.628685 0 338496 27.3373 8.82215 7.67804 0 01 -0 0 0 0 -0 0 0 0 -0 0 0 35.1906 85.7692 424.409 791.995 
0.00493200690856526649 0.665422 0 61838 27.3392 8.81791 7.67434 0 01 0 0 0 0 0 0 0 0 0 0 0 33.9482 84.5871 445.244 804.99 
0.00493200690856526649 0.872325 0 149264 27.311 8.81002 7.66745 0 01 0 0 0 0 0 0 0 0 0 0 0 33.0234 79.9424 85.5405 838.436 
0.00493200690856526649 0.983341 0 207143 27.6503 8.85112 7.70332 0 01 0 0 0 0 0 0 0 0 0 0 0 27.3966 73.3958 50.1291 513.747 
0.00493200690856526649 1.07106 0 309816 27.6032 8.87175 7.72134 0 01 0 -0 0 0 0 -0 0 0 0 -0 0 19.2113 72.4344 4.05315 175.607 
0.00493200690856526649 1.07233 0 298005 27.3092 8.81089 7.66821 0 01 0 0 -0 0 0 0 -0 0 0 0 -0 19.2113 72.4344 4.05315 175.607 
0.00493200690856526649 1.10781 0 223825 27.3517 8.82391 7.67958 0 01 0 0 0 0 0 0 0 0 0 0 0 19.7195 74.5684 223.435 351.445 
0.00493200690856526649 1.18936 0 166801 27.6131 8.87458 7.72379 0 01 -0 0 0 0 -0 0 0 0 -0 0 0 22.7117 64.6826 0 224.82 
0.00493200690856526649 1.50875 0 339850 27.5548 8.85281 7.70479 0 01 0 -0 0 0 0 -0 0 0 0 -0 0 19.2919 52.0768 48.966 111.782 
0.0049559106345791748 0.218799 0 257243 27.2074 8.8163 7.6729 0 01 0 0 0 0 0 0 0 0 0 0 0 14.623 33.2785 685.415 2436.96 
0.0049559106345791748 0.232749 0 141353 27.2499 8.82137 7.67735 0 01 0 0 0 0 0 0 0 0 0 0 0 14.623 33.2785 685.415 2436.96 
0.0049559106345791748 0.235933 0 241647 27.1487 8.79851 7.65739 0 01 0 0 0 0 0 0 0 0 0 0 0 14.623 33.2785 685.415 2436.96 
0.0049559106345791748 0.675001 0 340718 27.2398 8.81795 7.67437 0 01 0 0 0 0 0 0 0 0 0 0 0 20.7624 59.0534 427.256 679.38 
0.0049559106345791748 0.74875 0 181037 27.2189 8.81843 7.67477 0 01 -0 0 0 0 -0 0 0 0 -0 0 0 17.1047 49.8688 0 251.827 
0.0049559106345791748 0.965183 0 81542 27.2419 8.81833 7.67468 0 01 0 0 0 0 0 0 0 0 0 0 0 9.50528 41.96 162.288 162.288 
0.0049559106345791748 1.64031 0 352578 27.1776 8.8081 7.66577 0 01 0 0 -0 0 0 0 -0 0 0 0 -0 3.28212 13.1975 4.00758 4.00758 
0.00496579186138937628 0.536104 0 187038 27.069 8.79263 7.65224 0 01 0 0 0 0 0 0 0 0 0 0 0 9.17636 35.6501 68.5656 159.838 
0.00496579186138937628 1.14346 0 292326 27.1149 8.80119 7.65974 0 01 0 0 0 0 0 0 0 0 0 0 0 3.39465 13.6203 0 6.80855 
0.0049755248343585105 1.33935 0 250839 27.0503 8.79242 7.65208 0 01 -0 0 0 0 -0 0 0 0 -0 0 0 4.10279 16.3487 18.4461 18.4461 
0.00498628648196755998 1.06513 0 215333 26.9624 8.78583 7.6463 0 01 0 0 0 0 0 0 0 0 0 0 0 5.32104 18.1728 72.1061 72.1061 
0.00498628648196755998 2.00643 0 304714 26.9905 8.77507 7.63689 0 01 0 0 0 0 0 0 0 0 0 0 0 2.02922 6.07562 0 0 
0.00502245957413708852 0.652853 0 330072 26.8562 8.77022 7.6327 0 01 -0 0 0 0 -0 0 0 0 -0 0 0 17.4248 68.4276 6.45375 383.207 
0.00502245957413708852 0.894327 0 242090 26.7187 8.76434 7.62756 0 01 0 0 0 0 0 0 0 0 0 0 0 18.8331 52.1599 1.20576 490.486 
0.00509142633187577038 0.451928 0 18681 26.3216 8.71875 7.58774 0 01 0 0 0 0 0 0 0 0 0 0 0 43.7477 106.907 323.795 1451.06 
0.00509142633187577038 0.468031 0 125335 26.327 8.71671 7.58595 0 01 0 0 0 0 0 0 0 0 0 0 0 43.7477 106.907 323.795 1451.06 
0.00509142633187577038 0.513989 0 305193 26.4866 8.74516 7.61081 0 01 0 0 0 0 0 0 0 0 0 0 0 42.6679 97.232 492.215 1290.97 
0.00509142633187577038 0.545296 0 131361 26.4753 8.74159 7.6077 0 01 0 0 0 0 0 0 0 0 0 0 0 37.4197 101.564 458.366 971.967 
0.00509142633187577038 0.576532 0 49516 26.5959 8.73283 7.60003 0 01 0 0 0 0 0 0 0 0 0 0 0 38.78 92.9402 556.851 1505.85 
0.00509142633187577038 0.664341 0 279961 26.3148 8.71453 7.58405 0 01 -0 0 0 0 -0 0 0 0 -0 0 0 35.0057 97.5751 234.782 987.867 
0.00509142633187577038 0.821687 0 295684 26.5173 8.72223 7.59077 0 01 0 0 0 0 0 0 0 0 0 0 0 23.8686 80.8352 0 300.2 
0.00509142633187577038 1.09809 0 243230 26.6712 8.75583 7.6201 0 01 0 0 -0 0 0 0 -0 0 0 0 -0 30.9378 95.0648 159.26 399.745 
0.00510105042722546788 1.05749 0 335749 26.272 8.71339 7.58303 0 01 0 0 0 0 0 0 0 0 0 0 0 5.26876 12.5726 0 20.4368 
0.00510752595066138633 0.226895 0 195209 26.2463 8.70023 7.57152 0 01 0 0 0 0 0 0 0 0 0 0 0 6.54579 17.1105 29.1584 378.449 
0.00510752595066138633 0.367726 0 145174 26.2275 8.69928 7.57071 0 01 0 0 0 0 0 0 0 0 0 0 0 6.20499 19.6738 0 272.873 
0.00515996441359796616 0.255255 0 171637 26.0749 8.71484 7.5843 0 01 0 0 0 0 0 0 0 0 0 0 0 27.7391 65.0187 130.571 1570.32 
0.00515996441359796616 0.322837 0 170681 26.196 8.68351 7.55691 0 01 0 0 -0 0 0 0 -0 0 0 0 -0 30.0452 74.239 175.983 1443.78 
0.00515996441359796616 0.36447 0 9348 26.0415 8.69333 7.56552 0 01 0 0 0 0 0 0 0 0 0 0 0 30.0452 74.239 175.983 1443.78 
0.00515996441359796616 0.466704 0 428327 0.159921 8.58835 7.47379 0 01 0 0 0 0 0 0 0 0 0 0 0 37.0171 84.9778 186.546 1210.85 
0.00515996441359796616 0.500678 0 89672 26.1819 8.69375 7.56587 0 01 0 0 0 0 0 0 0 0 0 0 0 34.0892 71.2184 758.408 1748.49 
0.00515996441359796616 0.50312 0 131510 26.0311 8.69995 7.57131 0 01 0 0 -0 0 0 0 -0 0 0 0 -0 34.0892 71.2184 758.408 1748.49 
0.00515996441359796616 0.611316 0 232834 26.0945 8.7147 7.58419 0 01 0 0 0 0 0 0 0 0 0 0 0 26.7895 76.1017 104.442 249.705 
0.00515996441359796616 0.66589 0 210569 26.0411 8.69626 7.56809 0 01 0 0 0 0 0 0 0 0 0 0 0 29.6935 80.9427 287.049 577.987 
0.00515996441359796616 1.42728 0 158284 26.0693 8.71075 7.58074 0 01 0 0 -0 0 0 0 -0 0 0 0 -0 14.1001 40.8391 0 27.2163 
0.00515996441359796616 2.12454 0 325539 26.0189 8.69944 7.57087 0 01 0 0 0 0 0 0 0 0 0 0 0 8.44451 42.4795 2.88039 192.29 
0.00515996441359796616 2.18132 0 369436 25.9777 8.69115 7.56362 0 01 0 0 0 0 0 0 0 0 0 0 0 8.896 33.2586 0 109.165 
0.00515996441359796616 9.03762 0 418711 1.14735 10.2298 6.26007 0 182.2621 -118.015 20.746 137.337 0 0 0 0 0 0 0 0 4.0658 4.0658 0 0 
0.0051910710341279663 0.174193 0 149828 25.8174 8.67145 7.54639 0 01 0 -0 0 0 0 -0 0 0 0 -0 0 17.784 37.8564 435.391 1634.96 
0.0051910710341279663 0.18305 0 60209 25.824 8.67531 7.54978 0 01 0 0 0 0 0 0 0 0 0 0 0 17.784 37.8564 435.391 1634.96 
0.0051910710341279663 0.432994 0 75139 25.8884 8.68003 7.55388 0 01 0 0 0 0 0 0 0 0 0 0 0 23.7891 60.6912 107.393 725.291 
0.0051910710341279663 0.544002 0 226518 25.803 8.66324 7.53924 0 01 0 0 -0 0 0 0 -0 0 0 0 -0 19.1027 64.4158 210.148 414.836 
0.0051910710341279663 0.671068 0 260365 25.838 8.6779 7.55204 0 01 0 -0 0 0 0 -0 0 0 0 -0 0 24.3208 66.178 75.8397 372.421 
0.00525946085240161423 0.266618 0 64738 25.6395 8.63997 7.5189 0 01 0 0 0 0 0 0 0 0 0 0 0 33.9738 77.2967 505.966 1946.09 
0.00525946085240161423 0.297727 0 112460 25.4119 8.6235 7.50451 0 01 0 0 0 0 0 0 0 0 0 0 0 33.9738 77.2967 505.966 1946.09 
0.00525946085240161423 0.444097 0 105386 25.5418 8.63039 7.51053 0 01 0 0 0 0 0 0 0 0 0 0 0 44.6542 98.9034 225.425 1342.53 
0.00525946085240161423 0.516146 0 332349 25.6333 8.63806 7.51722 0 01 0 -0 0 0 0 -0 0 0 0 -0 0 32.593 83.6426 198.784 707.174 
0.00525946085240161423 0.566682 0 126498 25.4469 8.63302 7.51283 0 01 0 0 0 0 0 0 0 0 0 0 0 32.7015 85.9972 218.64 490.383 
0.00525946085240161423 0.720559 0 39421 25.673 8.64504 7.52332 0 01 0 0 0 0 0 0 0 0 0 0 0 30.4669 90.7201 545.154 766.613 
0.00525946085240161423 0.733207 0 166175 25.6275 8.63836 7.5175 0 01 0 -0 0 0 0 -0 0 0 0 -0 0 30.4669 90.7201 545.154 766.613 
0.00525946085240161423 0.813111 0 77143 25.7174 8.64782 7.52574 0 01 0 0 0 0 0 0 0 0 0 0 0 26.4488 91.3935 309.786 703.987 
0.00525946085240161423 0.869583 0 305362 25.5252 8.6288 7.50915 0 01 0 -0 0 0 0 -0 0 0 0 -0 0 40.4861 89.7509 65.2521 723.682 
0.00525946085240161423 1.93383 0 373425 25.4531 8.62812 7.50855 0 01 0 0 0 0 0 0 0 0 0 0 0 11.7107 40.6539 0 0 
0.00525946085240161423 2.39826 0 350954 25.455 8.63054 7.51067 0 01 0 0 0 0 0 0 0 0 0 0 0 9.41542 21.2391 0 0 
0.00526787574047331807 1.41704 0 363707 0.323819 10.1408 6.19786 0 176.7951 154.664 71.8324 46.6467 0 0 0 0 0 0 0 0 2.83328 12.6899 0 0 
0.00526787574047331807 1.49213 0 315518 25.3638 8.61287 7.49522 0 01 0 0 0 0 0 0 0 0 0 0 0 2.98963 8.97124 0 0 
0.00526787574047331807 1.7421 0 223851 25.3818 8.60888 7.49172 0 01 0 0 0 0 0 0 0 0 0 0 0 3.46045 5.15496 0 0 
0.00526787574047331807 2.99085 0 292351 25.3548 8.61185 7.49433 0 01 -0 0 0 0 -0 0 0 0 -0 0 0 2.83835 5.75644 0 0 
0.00531219255848910683 0.386946 0 415520 0.0904982 11.0246 6.93787 0 149.5631 86.7181 59.6285 106.271 0 0 0 0 0 0 0 0 23.2908 69.3025 177.811 713.23 
0.00531219255848910683 0.44206 0 190546 25.1519 8.59679 7.48118 0 01 0 -0 0 0 0 -0 0 0 0 -0 0 31.0649 65.3213 323.503 1579.01 
0.00531219255848910683 0.460433 0 224434 25.1471 8.5916 7.47664 0 01 0 0 0 0 0 0 0 0 0 0 0 31.0649 65.3213 323.503 1579.01 
0.00531219255848910683 1.01124 0 350281 25.2405 8.61153 7.49405 0 01 -0 0 0 0 -0 0 0 0 -0 0 0 9.23117 46.0141 0 109.405 
0.00531219255848910683 1.28197 0 312777 25.2581 8.6046 7.48799 0 01 0 0 0 0 0 0 0 0 0 0 0 6.48079 38.5415 0 50.0742 
0.00531219255848910683 1.47887 0 298399 25.1847 8.60767 7.49068 0 01 0 -0 0 0 0 -0 0 0 0 -0 0 19.0231 42.3185 0 45.397 
0.00536711838385122136 0.337702 0 163317 24.8582 8.56017 7.44918 0 01 -0 0 0 0 -0 0 0 0 -0 0 0 35.1705 73.5504 1008.5 1778.59 
0.00536711838385122136 0.369769 0 165019 24.9833 8.57986 7.46638 0 01 0 -0 0 0 0 -0 0 0 0 -0 0 29.534 75.1288 554.116 1214.48 
0.00536711838385122136 0.388649 0 81629 24.9271 8.57771 7.46451 0 01 -0 0 0 0 -0 0 0 0 -0 0 0 29.534 75.1288 554.116 1214.48 
0.00536711838385122136 0.423972 0 186121 24.8636 8.56595 7.45423 0 01 0 0 0 0 0 0 0 0 0 0 0 35.7674 85.7515 488.931 1426.29 
0.00536711838385122136 0.468197 0 270726 24.975 8.57883 7.46548 0 01 0 0 0 0 0 0 0 0 0 0 0 32.5368 82.2775 399.637 975.988 
0.00536711838385122136 0.964437 0 185177 24.903 8.57463 7.46181 0 01 0 -0 0 0 0 -0 0 0 0 -0 0 24.0367 67.2547 21.6722 194.475 
0.00536711838385122136 1.2244 0 323371 25.0855 8.58636 7.47205 0 01 0 0 0 0 0 0 0 0 0 0 0 9.73932 44.9023 352.221 366.865 
0.00536711838385122136 1.28655 0 345478 24.9648 8.58187 7.46814 0 01 0 0 -0 0 0 0 -0 0 0 0 -0 14.199 52.9125 0 77.4252 
0.00536711838385122136 1.68081 0 262693 24.9211 8.56896 7.45686 0 01 0 0 0 0 0 0 0 0 0 0 0 6.59784 34.8939 0 0 
0.00537256405462367258 0.867758 0 197303 24.8468 8.55128 7.44138 0 01 0 -0 0 0 0 -0 0 0 0 -0 0 5.15391 12.8845 50.5893 288.858 
0.00537256405462367258 1.14293 0 140637 24.8446 8.55868 7.44785 0 01 0 0 0 0 0 0 0 0 0 0 0 0 4.62022 0 0 
0.00537256405462367258 1.15525 0 218580 24.8244 8.55484 7.44451 0 01 0 0 0 0 0 0 0 0 0 0 0 0 4.62022 0 0 
0.00542595649549459328 0.382952 0 87460 24.6284 8.54969 7.44002 0 01 0 0 0 0 0 0 0 0 0 0 0 32.2488 81.6628 414.461 1352.66 
0.00542595649549459328 0.671563 0 279622 5.01473 8.79886 7.65771 0 01 0 0 0 0 0 0 0 0 0 0 0 23.7289 86.0994 78.0568 457.798 
0.00542595649549459328 0.698291 0 63470 24.6264 8.55069 7.4409 0 01 0 0 0 0 0 0 0 0 0 0 0 28.7889 79.41 191.377 488.761 
0.00542595649549459328 0.832192 0 226925 24.6372 8.55527 7.4449 0 01 0 -0 0 0 0 -0 0 0 0 -0 0 23.2256 71.2942 0 288.857 
0.00542595649549459328 0.956183 0 219251 24.7221 8.5512 7.44133 0 01 0 0 0 0 0 0 0 0 0 0 0 14.4637 56.7908 72.137 118.706 
0.00542595649549459328 1.05443 0 344291 24.714 8.54816 7.43869 0 01 0 0 -0 0 0 0 -0 0 0 0 -0 18.885 70.3659 59.7534 456.453 
0.00549370080400488504 0.192485 0 73656 24.4481 8.52172 7.41559 0 01 -0 0 0 0 -0 0 0 0 -0 0 0 29.2646 55.8098 1261.69 3563.73 
0.00549370080400488504 0.223874 1 77879 0 8.53035 7.4231 0 0 2 0.0134823 0.0167519 -0.00868995 0 0 0 0 0 0 0 0 29.2646 55.8098 1261.69 3563.73 
0.00549370080400488504 0.316552 0 187804 24.3237 8.51797 7.4123 0 01 0 0 0 0 0 0 0 0 0 0 0 32.6567 70.4391 1298 2129.13 
0.00549370080400488504 0.508352 0 383924 24.5021 8.51831 7.41259 0 01 0 0 0 0 0 0 0 0 0 0 0 35.9347 93.1142 537.578 1539.46 
0.00549370080400488504 0.675056 0 144498 24.3374 8.52269 7.41643 0 01 0 0 0 0 0 0 0 0 0 0 0 30.6312 86.9308 553.59 630.761 
0.00549370080400488504 0.764121 0 264646 24.3668 8.53165 7.42425 0 01 0 0 0 0 0 0 0 0 0 0 0 33.2109 108.128 665.002 1067.8 
0.00549370080400488504 0.79583 0 273440 24.4999 8.52573 7.41906 0 01 0 0 -0 0 0 0 -0 0 0 0 -0 34.6116 89.3843 147.293 453.321 
0.00549370080400488504 0.931334 0 118226 24.3179 8.51796 7.4123 0 01 0 0 0 0 0 0 0 0 0 0 0 26.2271 68.3478 52.1284 349.48 
0.00549370080400488504 1.1402 0 291484 24.5372 8.53043 7.42316 0 01 0 0 0 0 0 0 0 0 0 0 0 18.3571 68.6473 12.9765 151.708 
0.00549370080400488504 1.16067 0 353771 24.5135 8.52164 7.41551 0 01 0 0 0 0 0 0 0 0 0 0 0 18.3571 68.6473 12.9765 151.708 
0.00549370080400488504 1.44396 0 300953 24.441 8.52527 7.41869 0 01 0 -0 0 0 0 -0 0 0 0 -0 0 14.5556 56.7662 0 6.31614 
0.00549370080400488504 1.8653 0 350672 24.4671 8.52082 7.4148 0 01 0 0 0 0 0 0 0 0 0 0 0 9.2763 46.531 0 0 
0.00549370080400488504 2.44639 0 327342 24.5396 8.53342 7.42578 0 01 0 0 0 0 0 0 0 0 0 0 0 4.9247 27.1816 0 138.466 
0.00549370080400488504 2.91329 0 284005 0.119273 10.7138 6.64547 0 129.6091 69.475 27.2581 105.966 0 0 0 0 0 0 0 0 3.04015 17.7194 0 0 
0.00555551363946348714 0.246109 0 165677 24.2251 8.5071 7.40279 0 01 0 0 0 0 0 0 0 0 0 0 0 26.9766 56.7639 1606.55 4169.77 
0.00555551363946348714 0.282937 0 232722 24.1491 8.49761 7.39451 0 01 0 -0 0 0 0 -0 0 0 0 -0 0 33.4836 72.8593 1337.61 3465.76 
0.00555551363946348714 1.78861 0 347707 23.91 8.46202 7.61582 0 01 0 -0 0 0 0 -0 0 0 0 -0 0 18.0301 39.4783 2.90732 5.9846 
0.00555551363946348714 1.85051 0 361214 24.1206 8.49894 7.39568 0 01 0 0 0 0 0 0 0 0 0 0 0 16.7622 44.7883 35.6202 108.705 
0.00555551363946348714 1.86157 0 371033 23.9911 8.48744 7.38562 0 01 0 0 0 0 0 0 0 0 0 0 0 16.7622 44.7883 35.6202 108.705 
0.00555551363946348714 3.5928 0 342776 24.1853 8.50237 7.39866 0 01 0 0 0 0 0 0 0 0 0 0 0 3.14267 22.5999 0 0 
0.00563024705629843261 0.388845 0 83813 23.7236 8.39389 7.5545 0 01 0 0 -0 0 0 0 -0 0 0 0 -0 39.6851 85.9118 578.5 1968.8 
0.00563024705629843261 0.468224 0 96095 23.6268 8.35054 7.51549 0 01 -0 0 0 0 -0 0 0 0 -0 0 0 40.4821 97.6894 121.419 1382.94 
0.00563024705629843261 0.546491 0 109592 23.684 8.37208 7.53487 0 01 -0 0 0 0 -0 0 0 0 -0 0 0 40.7798 104.616 214.328 975.19 
0.00563024705629843261 0.606102 0 229597 23.781 8.42723 7.58451 0 01 0 0 -0 0 0 0 -0 0 0 0 -0 37.432 108.567 132.968 895.972 
0.00563024705629843261 0.662422 0 433653 0.112074 8.46154 7.61539 0 01 0 0 0 0 0 0 0 0 0 0 0 30.1663 88.5955 14.3192 291.215 
0.00563024705629843261 0.696752 0 272148 23.8146 8.4616 7.61544 0 01 0 -0 0 0 0 -0 0 0 0 -0 0 38.8469 102.433 221.485 376.408 
0.00563024705629843261 0.709767 0 327371 23.59 8.31051 7.47946 0 01 0 0 0 0 0 0 0 0 0 0 0 38.8469 102.433 221.485 376.408 
0.00563024705629843261 1.01111 0 284557 23.6294 8.35152 7.51637 0 01 0 0 0 0 0 0 0 0 0 0 0 28.8409 75.7386 167.767 494.726 
0.00563024705629843261 1.07652 0 362626 23.6173 8.3269 7.49421 0 01 0 0 0 0 0 0 0 0 0 0 0 31.5223 86.9609 51.5997 99.6794 
0.00563469594824628564 1.08381 0 212127 23.5537 8.34919 7.51427 0 01 0 -0 0 0 0 -0 0 0 0 -0 0 3.24555 7.55248 0 0 
0.00571505166780182303 0.303712 0 5708 23.4869 8.30932 7.47839 0 01 0 0 0 0 0 0 0 0 0 0 0 36.8031 75.3036 816.634 2189.4 
0.00571505166780182303 0.812081 0 77061 23.5 8.31724 7.48552 0 01 0 0 -0 0 0 0 -0 0 0 0 -0 30.7183 87.2932 183.177 269.216 
0.00571505166780182303 1.14789 0 74516 23.4024 8.25735 7.43161 0 01 0 0 -0 0 0 0 -0 0 0 0 -0 26.4311 78.1852 66.0993 393.098 
0.00571505166780182303 1.5165 0 251151 23.4299 8.27436 7.44692 0 01 0 0 0 0 0 0 0 0 0 0 0 24.0552 72.4091 73.6575 223.363 
0.00571505166780182303 1.93551 0 376360 23.3435 8.22563 7.40307 0 01 0 0 0 0 0 0 0 0 0 0 0 27.1978 73.9019 36.243 65.9351 
0.00584184351672771291 0.769811 0 205268 0.194094 10.6788 6.61475 0 82.22461 -16.4217 79.5311 12.8847 0 0 0 0 0 0 0 0 57.7871 136.03 179.006 1215.5 
0.00602184890033407704 0.29442 0 419771 0.203807 8.63112 7.51117 0 01 0 -0 0 0 0 -0 0 0 0 -0 0 65.1054 133.295 1486.49 4528.64 
0.00602184890033407704 0.53931 0 563944 0 10.2498 6.27442 0 52.8831 -3.95374 -42.9082 30.6572 0 0 0 0 0 0 0 0 77.5639 185.527 755.88 2049.55 
0.0062834091684060029 0.277983 0 491343 0 10.227 6.25802 0 141.9461 122.469 -52.3392 49.0964 0 0 0 0 0 0 0 0 76.9029 153.892 2473.08 4685.51 
0.0062834091684060029 0.954167 1 0 0 10.4703 6.44141 0 0 1 -4.92469 -113.942 75.6651 1 -2.44635 -114.05 75.6608 0 0 0 0 83.3067 211.021 304.107 1019.69 
0.00652886972520889258 0.334784 0 537746 0.306434 10.1403 6.19751 0 188.0591 16.0198 140.563 123.902 0 0 0 0 0 0 0 0 75.8664 155.397 1148.65 3405.88 
0.0071942460108032711 0.419687 0 528516 0.502444 9.9303 6.06118 0 152.0511 -96.0051 22.5267 115.737 0 0 0 0 0 0 0 0 83.1223 189.156 1522.58 3505.15 
0.0071942460108032711 0.755103 0 409037 0.495464 9.94872 6.07254 0 131.591 52.4397 75.7472 -93.9596 0 0 0 0 0 0 0 0 82.4725 205.522 171.957 1007.85 
0.00796013868953697815 0.726401 0 412671 0 9.53879 5.84651 0 272.571 -244.054 120.964 -9.99462 0 -0 0 0 0 -0 0 0 93.0734 235.715 518.599 1717.8 
0.00818745833519858406 0.55985 0 258075 0.0847065 10.6258 6.56893 0 130.2591 56.3745 -98.6318 63.726 0 0 -0 0 0 0 -0 0 93.6508 213.164 997.367 2184.01 
0.00818745833519858406 15.895 0 410580 0.153082 9.47085 8.24366 0 01 0 0 0 0 0 0 0 0 0 0 0 3.89167 23.8777 0 0 
0.00865060751804395262 0.588121 0 403415 0.430099 9.39049 8.17368 0 01 0 0 0 0 0 0 0 0 0 0 0 105.123 235.893 790.388 2338.81 
0.00865060751804395262 1.17666 0 54359 0 9.0357 7.86444 0 01 0 0 0 0 0 0 0 0 0 0 0 96.9934 256.69 89.3537 817.044 
0.00911129723502497428 0.640331 0 418753 5.31172 8.98743 7.82231 0 01 0 0 0 0 0 0 0 0 0 0 0 97.6982 237.552 543.293 2128.36 
0.00964407676225073791 0.23337 0 267316 0.224204 9.03613 7.86481 0 01 0 0 -0 0 0 0 -0 0 0 0 -0 94.5579 173.971 2600.46 5953.77 
0.0105297591302289262 0.647391 0 407098 0.121816 8.62432 7.50523 0 01 0 0 -0 0 0 0 -0 0 0 0 -0 131.182 305.372 935.884 2489.26 
0.0105297591302289262 0.769433 0 676333 1.15371 8.54885 7.43929 0 01 0 -0 0 0 0 -0 0 0 0 -0 0 116.42 309.784 258.197 926.215 
0.0110699831859405323 1.34152 0 400448 0.285984 8.70195 7.57305 0 01 0 -0 0 0 0 -0 0 0 0 -0 0 111.391 289.332 120.785 598.549 
0.0116207193546855273 1.00512 0 402463 0 8.43096 7.58786 0 01 0 0 0 0 0 0 0 0 0 0 0 133.991 355.004 204.07 1053.25 
0.0116207193546855273 1.9643 0 407341 0.276514 8.58962 7.47492 0 01 0 0 0 0 0 0 0 0 0 0 0 71.7561 244.749 37.4105 274.701 
0.0121823363996880069 0.987839 0 416284 0.141628 8.59958 7.48362 0 01 0 0 0 0 0 0 0 0 0 0 0 125.353 350.568 339.842 822.257 
0.0121823363996880069 2.28781 0 400585 0.16026 8.36525 7.52872 0 01 0 0 0 0 0 0 0 0 0 0 0 62.0547 204.58 61.5852 128.967 
