#1:time #2:r #3.binary? #4:ID #5:zams_m #6:m_progenitor #7:bh mass #8:bh_spin #9:birth-kick(km/s) #10-25:vsarray
0.00245005431076094227 0.160461 1 61743 0 36.5092 32.8583 0 0 1 0.19235 -1.00266 -1.14841 0 0 -0 0 0 0 -0 0 7.0897 10.7922 3807.8 7293.47 
0.00245005431076094227 0.287829 0 48795 0.200571 36.3283 32.6955 0 01 0 0 0 0 0 0 0 0 0 0 0 2.53497 7.39176 0 270.769 
0.00245644758151251441 0.237764 1 62090 0 36.3025 32.6723 0 0 1 -0.330771 0.0986161 0.506364 0 0 0 0 0 0 0 0 11.2779 18.6757 1540.14 5243.14 
0.00248533665006608938 0.263134 1 220595 0 36.2788 32.651 0 0 1 -0.0119744 -0.129456 -0.990997 0 -0 0 0 0 -0 0 0 4.0599 9.88284 0 1122.08 
0.00249523995477648466 0.592454 0 302244 143.97 46.3691 41.7322 0 01 0 0 0 0 0 0 0 0 0 0 0 2.99549 7.75761 0 164.338 
0.00249944292404546487 0.399124 1 519813 0 36.4682 32.8214 0 0 2 -0.365811 0.0619928 -0.439225 0 0 0 0 0 0 0 0 3.24036 10.5765 561.355 875.786 
0.00249944292404546487 0.579751 0 666404 0.194395 45.9961 41.3965 0 01 0 0 0 0 0 0 0 0 0 0 0 3.46016 10.9006 0 233.861 
0.00249944292404546487 1.03444 0 396505 141.989 46.4571 41.8114 0 01 0 0 0 0 0 0 0 0 0 0 0 2.06483 7.26953 0 83.8347 
0.00251074467237126812 0.136272 0 73525 0.0898608 46.0236 41.4212 0 01 0 0 0 0 0 0 0 0 0 0 0 7.67174 12.9746 4326.82 10727.1 
0.0025148456041379154 0.108267 1 174558 0 36.3331 32.6998 0 0 1 0.113937 -0.258397 0.496246 0 0 0 0 0 0 0 0 5.6603 8.65905 1467.21 4556.12 
0.00251668109227358092 1.44012 0 321417 134.348 46.4092 41.7683 0 01 0 -0 0 0 0 -0 0 0 0 -0 0 0 2.90086 0 0 
0.00251982062941082585 0.518926 0 497996 0.624295 96.0018 40.5 0 01 0 -0 0 0 0 -0 0 0 0 -0 0 3.6903 14.2717 26.7058 26.7058 
0.00252340712961757717 0.61543 1 100504 0 36.5738 32.9164 0 0 1 0.102778 -0.066127 -0.425024 0 0 0 0 0 0 0 0 1.24997 4.98545 0 170.866 
0.00252643149849176305 0.538764 0 538262 19.8898 45.6198 41.0578 0 01 0 0 0 0 0 0 0 0 0 0 0 1.07001 5.82736 0 60.3779 
0.0025340653809699412 0.85898 0 344445 128.127 46.3421 41.7079 0 01 0 0 0 0 0 0 0 0 0 0 0 0 1.74018 0 0 
0.00253618902680033094 0.598115 0 535717 0.186004 46.2589 41.633 0 01 0 0 0 0 0 0 0 0 0 0 0 0.59215 7.19104 0 0 
0.00254327331814881803 1.0329 0 362931 125.318 45.9882 41.3893 0 01 0 0 0 0 0 0 0 0 0 0 0 3.13765 9.40468 0 0 
0.0025450846479334161 0.135482 0 119279 0.913976 36.258 32.6322 0 01 0 0 0 0 0 0 0 0 0 0 0 6.72597 11.6156 1010.45 4713.78 
0.002565006947966012 0.209101 1 277113 0 36.2177 32.5959 0 0 1 -0.467242 0.199012 0.167389 0 0 0 0 0 0 0 0 10.5499 16.5461 1509.77 4774.39 
0.00256931727480830957 0.395878 1 454504 0 36.8309 33.1478 0 0 1 0.426605 0.108421 0.31894 0 0 0 0 0 0 0 0 3.83257 8.11728 31.3524 154.343 
0.00258398636437146608 0.340947 0 175727 0.107455 45.25 40.725 0 01 0 0 0 0 0 0 0 0 0 0 0 3.99246 13.5858 602.35 959.223 
0.0025865382506990056 0.106668 1 226076 0 36.516 32.8644 0 0 2 -0.190014 0.365802 0.508769 0 0 0 0 0 0 0 0 5.53144 11.1994 2635.23 5288.23 
0.00259445250823224288 0.612407 0 281701 112.129 46.2686 41.6417 0 01 0 0 0 0 0 0 0 0 0 0 0 1.21367 4.82577 0 0 
0.00259850792267164211 0.446187 0 423425 0.470864 46.5351 41.8816 0 01 0 0 0 0 0 0 0 0 0 0 0 2.64284 6.1851 0 110.741 
0.00260505916862848906 0.0806825 1 149723 0 35.5227 31.9704 0 0 1 0.0620279 0.897856 -0.879449 0 0 0 0 0 0 0 0 3.47271 9.15891 715.472 2078.45 
0.0026120317368694395 0.146572 1 48757 0 35.538 31.9842 0 0 1 -0.00127776 0.10311 -0.052805 0 0 0 0 0 0 0 0 9.63322 15.0512 6180.37 14085 
0.00261466398101044099 0.681934 0 456766 0 46.0497 41.4447 0 01 0 -0 0 0 0 -0 0 0 0 -0 0 2.67549 10.7392 0 0 
0.00261781440841032161 1.42742 0 92882 107.222 46.3072 41.6764 0 01 0 0 0 0 0 0 0 0 0 0 0 0 2.81986 0 0 
0.00261897925549083553 2.19468 0 332286 106.732 45.8919 41.3027 0 01 0 0 0 0 0 0 0 0 0 0 0 0 2.27933 0 0 
0.00262311101637734525 0.324052 0 438316 0.816183 45.5024 40.9521 0 01 0 0 -0 0 0 0 -0 0 0 0 -0 7.53087 16.5025 109.641 872.327 
0.00262769030584611863 0.235921 0 64926 0.934566 45.3118 40.7806 0 01 0 0 0 0 0 0 0 0 0 0 0 6.23408 12.6385 8.19448 1274.02 
0.00262817181129939301 0.497969 0 440909 2.16512 45.6966 41.1269 0 01 0 0 0 0 0 0 0 0 0 0 0 0 3.44849 0 0 
0.00265016453715345539 0.118659 0 217686 0.435374 42.671 38.4039 0 01 0 0 0 0 0 0 0 0 0 0 0 8.41241 13.7762 5657.03 10226.2 
0.00265279336680651666 0.434419 1 297104 0 35.3488 31.814 0 0 1 -0.253288 0.474243 0.403139 0 0 0 0 0 0 0 0 0.434419 5.7659 0 290.295 
0.00265688992950718038 0.105587 1 10657 0 36.951 33.2559 0 0 1 -0.321863 0.183614 0.439905 0 0 0 0 0 0 0 0 5.43055 11.2771 2409.36 5077.49 
0.00266043515458832961 0.193464 1 213487 0 33.5217 30.1695 0 0 1 -0.0529681 0.700458 -0.410349 0 -0 0 0 0 -0 0 0 10.4147 16.3351 949.656 3504.88 
0.00266411709904375857 2.30051 0 381331 98.9901 42.2933 38.0639 0 01 0 -0 0 0 0 -0 0 0 0 -0 0 0 0 0 0 
0.00266950370132891263 1.09609 0 359428 98.4291 42.0044 37.804 0 01 0 0 0 0 0 0 0 0 0 0 0 7.63022 18.5226 0 1451.1 
0.00267409667079257507 0.168716 1 527554 0 36.195 32.5755 0 0 1 0.272465 0.0111731 0.468683 0 0 0 0 0 0 0 0 9.10229 16.6245 2724.34 11476.9 
0.00267553998684583834 0.300222 0 457788 0.244418 41.1289 37.016 0 01 -0 0 0 0 -0 0 0 0 -0 0 0 0.593289 4.82051 17.9122 17.9122 
0.00267553998684583834 0.369834 0 338933 97.2335 41.3255 37.193 0 01 -0 0 0 0 -0 0 0 0 -0 0 0 0 1.44805 0 0 
0.00267751902583782467 0.320161 0 306326 96.9957 41.2229 37.1006 0 01 0 0 0 0 0 0 0 0 0 0 0 2.99292 6.33352 877.597 1403.64 
0.00268172515725673176 0.142609 1 428173 0 34.3546 30.9191 0 0 1 -0.437129 0.164159 -0.262945 0 0 0 0 0 0 0 0 6.47509 11.5002 1966.95 4994.3 
0.00268520334649346645 0.237113 1 242650 0 32.043 28.8387 0 0 2 -0.757652 -0.260405 0.547274 0 -0 0 0 0 -0 0 0 6.36444 12.9377 1170.78 1781.76 
0.00268758008863831735 1.81133 0 345768 95.6185 40.4678 36.421 0 01 -0 0 0 0 -0 0 0 0 -0 0 0 0 3.57156 0 0 
0.00269007977101397419 0.644022 0 579963 0.0800896 40.5876 36.5289 0 01 0 0 0 0 0 0 0 0 0 0 0 2.61788 7.17831 0 0 
0.00269520294043270247 1.21789 0 261806 94.5324 39.9013 35.9111 0 01 0 -0 0 0 0 -0 0 0 0 -0 0 0 0 0 0 
0.002697915628470732 0.705018 0 269660 94.1229 39.7041 35.7337 0 01 0 0 0 0 0 0 0 0 0 0 0 2.097 6.3203 0 134.912 
0.00270008411544502003 0.135541 0 492682 0.142092 39.701 35.7309 0 01 0 0 -0 0 0 0 -0 0 0 0 -0 5.83032 12.8156 3135.14 6919.68 
0.00271644363634242431 0.411009 0 541090 0 38.3799 34.5419 0 01 0 0 0 0 0 0 0 0 0 0 0 5.04302 13.8748 523.39 523.39 
0.00272045392014245166 0.14319 0 150155 0.122336 36.7241 33.0517 0 01 -0 0 0 0 -0 0 0 0 -0 0 0 2.54526 6.33583 574.759 1948.51 
0.00272045392014245166 0.566435 0 301737 91.1998 38.1704 34.3534 0 01 0 0 0 0 0 0 0 0 0 0 0 0.575078 2.87091 0 0 
0.0027288688664641055 0.053246 1 61874 0 32.2655 29.0389 0 0 1 0.0980073 0.233717 0.389734 0 0 0 0 0 0 0 0 10.4261 18.0135 5338.14 10406.6 
0.0027288688664641055 0.160232 0 136651 90.7845 37.972 34.1748 0 01 -0 0 0 0 -0 0 0 0 -0 0 0 10.4261 18.0135 5338.14 10406.6 
0.0027288688664641055 0.54825 0 345065 0.111559 37.3797 33.6417 0 01 0 -0 0 0 0 -0 0 0 0 -0 0 6.57587 22.349 61.8509 247.533 
0.00273234403059356744 0.166022 0 523247 0 37.2142 33.4928 0 01 0 0 0 0 0 0 0 0 0 0 0 6.37002 11.4032 835.253 5087.35 
0.00273700829096223085 0.138455 1 24087 0 30.105 27.0945 0 0 1 -0.013393 -0.0732625 -0.87763 0 -0 0 0 0 -0 0 0 8.92306 14.1656 5131.2 9185.08 
0.00273700829096223085 0.378495 0 474056 0.388313 37.3656 33.6291 0 01 0 0 0 0 0 0 0 0 0 0 0 5.81016 17.1318 57.8922 232.7 
0.00273700829096223085 0.492416 0 239750 89.6003 37.3663 33.6297 0 01 0 0 0 0 0 0 0 0 0 0 0 6.87179 12.2979 82.9309 87.0472 
0.00274189754573698477 1.22174 0 301990 89.0787 37.0879 33.3791 0 01 0 0 0 0 0 0 0 0 0 0 0 4.92229 8.64207 7.54819 115.169 
0.00274968405324378792 0.161714 1 424247 0 32.1713 28.9542 0 0 1 -0.0472361 -0.0712278 0.591853 0 0 -0 0 0 0 -0 0 10.161 16.0587 3029.47 8703.71 
0.00274968405324378792 0.71 0 315059 88.2093 36.6298 32.9668 0 01 0 0 0 0 0 0 0 0 0 0 0 2.11185 9.917 175.575 252.067 
0.00274968405324378792 1.05465 0 292476 87.8142 36.3871 32.7484 0 01 0 0 0 0 0 0 0 0 0 0 0 1.0792 11.6877 0 0 
0.00275266439296367607 0.378861 0 317450 87.5857 36.265 32.6385 0 01 0 0 0 0 0 0 0 0 0 0 0 2.18039 8.06713 209.241 369.875 
0.00275950219192251265 1.44462 0 176205 86.732 35.8654 32.2788 0 01 0 -0 0 0 0 -0 0 0 0 -0 0 1.4432 2.85745 0 0 
0.00276612711848970303 0.12289 1 147898 0 29.8823 26.8941 0 0 1 0.397834 -0.354796 0.0803755 0 0 0 0 0 0 0 0 6.92352 12.7323 2017.72 5073.68 
0.00277400101830984572 0.278385 0 78203 85.2054 35.0745 31.5671 0 01 0 0 0 0 0 0 0 0 0 0 0 2.55415 6.29326 111.942 393.138 
0.00278098221179158122 0.885877 0 276984 84.596 34.7236 31.2512 0 01 0 0 -0 0 0 0 -0 0 0 0 -0 2.65254 6.17669 0 14.9093 
0.00278098221179158122 1.4227 0 361959 0.206586 34.6836 31.2153 0 01 0 -0 0 0 0 -0 0 0 0 -0 0 0 1.44721 0 0 
0.00278437916260923686 0.334527 0 310574 84.2628 34.5679 31.1111 0 01 0 0 0 0 0 0 0 0 0 0 0 3.75022 11.2213 9.03364 674.13 
0.00280217430809834127 0.083639 1 421798 0 35.0578 31.5521 0 0 2 0.00297771 -0.00431651 0.000986666 0 0 -0 0 0 0 -0 0 2.92377 7.63405 1.48036 1133.18 
0.00280875876561141168 1.494 0 379198 81.8962 33.3959 30.0563 0 01 0 0 0 0 0 0 0 0 0 0 0 0 1.47662 0 0 
0.00281810783371622955 0.172956 0 122627 1.71999 32.5053 29.2547 0 01 0 0 0 0 0 0 0 0 0 0 0 8.38189 15.5499 2972.34 6240.11 
0.00281810783371622955 1.2372 0 362265 81.1199 33.011 29.7099 0 01 0 0 0 0 0 0 0 0 0 0 0 1.25761 6.28654 0 0 
0.00282140519958158989 0.0768671 1 59411 0 32.7239 29.4515 0 0 2 0.0204345 -0.0319 0.0449538 0 0 0 0 0 0 0 0 5.98619 13.6879 931.555 2072.53 
0.00282867918171268024 0.813087 0 219171 80.0316 32.3993 29.1594 0 01 0 0 0 0 0 0 0 0 0 0 0 0 1.6104 0 0 
0.00283349829342530429 0.675445 0 602463 0.156489 36.0386 32.4347 0 01 0 -0 0 0 0 -0 0 0 0 -0 0 5.94354 21.1814 96.6626 321.788 
0.00283658548466080409 2.34581 0 395360 79.5825 32.2056 28.9851 0 01 0 0 0 0 0 0 0 0 0 0 0 0 0 0 0 
0.00283788623614932359 0.194081 0 161709 1.25179 31.4662 28.3196 0 01 0 0 0 0 0 0 0 0 0 0 0 2.90157 9.87631 222.58 222.58 
0.00284003781127910825 0.408319 0 283475 79.1005 31.9307 28.7376 0 01 0 0 0 0 0 0 0 0 0 0 0 2.00478 4.38138 234.735 234.735 
0.00284621212388182264 0.158136 0 115918 78.7712 31.7663 28.5896 0 01 0 0 0 0 0 0 0 0 0 0 0 9.12127 17.2868 4176 8853.63 
0.00285345781916046407 1.51532 0 176470 78.0612 31.4077 28.267 0 01 0 0 0 0 0 0 0 0 0 0 0 1.56633 4.64437 415.666 415.666 
0.00286603436825295628 0.187985 0 42429 0.128597 30.9982 27.8984 0 01 0 0 -0 0 0 0 -0 0 0 0 -0 8.53911 17.0764 1180.92 6561.11 
0.00286992413834819601 0.0748739 1 9114 0 26.3257 23.6931 0 0 1 0.291116 0.848735 0.695468 0 0 0 0 0 0 0 0 2.35826 7.92527 1033.79 1086.65 
0.00287247923392228242 1.66391 0 362975 76.5562 30.6971 27.6274 0 01 0 0 0 0 0 0 0 0 0 0 0 0 4.96936 0 0 
0.0028767283118049697 1.98993 0 389536 76.1127 30.4559 27.4103 0 01 0 0 0 0 0 0 0 0 0 0 0 3.97806 5.97571 185.285 232.818 
0.0028767283118049697 2.71328 0 330344 76.1778 30.4941 27.4447 0 01 0 0 -0 0 0 0 -0 0 0 0 -0 0 0 0 0 
0.00288602280596961767 0.280804 1 248388 0 29.6617 26.6955 0 0 1 -0.470267 -0.399502 -0.324486 0 0 0 -0 0 0 0 -0 10.8028 20.7621 584.391 3008.57 
0.00289135047430146962 0.0682389 0 102311 75.0149 29.8862 26.8975 0 01 0 0 0 0 0 0 0 0 0 0 0 6.55484 12.4246 474.601 4402.59 
0.00289135047430146962 0.165311 0 444736 0.100069 29.9873 26.9886 0 01 -0 0 0 0 -0 0 0 0 -0 0 0 6.55484 12.4246 474.601 4402.59 
0.0029167096786568091 0.490209 0 152617 73.6069 29.1905 26.2714 0 01 0 0 -0 0 0 0 -0 0 0 0 -0 7.2574 21.2638 312.073 454.792 
0.00293018695466457481 0.474338 0 369055 72.2816 28.5416 25.6874 0 01 0 0 0 0 0 0 0 0 0 0 0 3.85439 14.9488 0 202.711 
0.00293528849116375451 1.17109 0 328227 72.1206 28.4625 25.6163 0 01 0 0 0 0 0 0 0 0 0 0 0 2.3744 10.6737 0 90.1584 
0.00293945983760484893 0.218623 0 153939 0.201096 26.8389 24.155 0 01 0 0 0 0 0 0 0 0 0 0 0 6.94792 15.3118 17.268 1082.45 
0.00295189679654269668 0.624323 0 205777 70.9066 27.8685 25.0816 0 01 0 0 0 0 0 0 0 0 0 0 0 0.629997 5.01354 0 0 
0.00295334300841081391 0.208224 0 114706 0.088164 27.5597 24.8037 0 01 0 0 -0 0 0 0 -0 0 0 0 -0 3.29187 9.48641 0 261.126 
0.00296224232789802852 1.25576 0 335995 70.2877 27.5781 24.8203 0 01 -0 0 0 0 -0 0 0 0 -0 0 0 1.27668 1.27668 0 0 
0.00297516481212456831 0.277379 0 174664 10.3803 27.1874 24.4687 0 01 -0 0 0 0 -0 0 0 0 -0 0 0 3.56369 9.37367 748.081 984.412 
0.00297516481212456831 0.834883 0 372935 69.5046 27.1832 24.4649 0 01 0 0 0 0 0 0 0 0 0 0 0 2.53836 3.37853 0 0 
0.00297885271640446368 0.151428 0 471260 0.155472 26.9687 24.2718 0 01 -0 0 0 0 -0 0 0 0 -0 0 0 8.09267 14.9261 1008.13 6288.36 
0.00298573057904654403 0.184763 1 24013 0 23.4097 21.0687 0 0 1 -0.761502 -0.705436 -0.340122 0 0 0 -0 0 0 0 -0 3.92842 9.48821 236.834 3425.66 
0.0029912139117217215 0.547628 0 215727 68.5989 26.7442 24.0698 0 01 0 0 0 0 0 0 0 0 0 0 0 6.43047 19.3314 211.928 712.887 
0.00300665081372143055 0.268925 0 233206 67.6307 26.2954 23.6658 0 01 0 -0 0 0 0 -0 0 0 0 -0 0 4.39999 10.7548 0 360.269 
0.00301188157280386695 0.362243 0 196871 67.4387 26.185 23.5665 0 01 0 -0 0 0 0 -0 0 0 0 -0 0 6.22182 13.2564 191.772 191.772 
0.00301326476314966269 0.0509109 1 111328 0 22.9362 20.6426 0 0 2 0.786338 -0.253913 0.73874 0 0 -0 0 0 0 -0 0 4.11823 10.6682 266.09 2557.98 
0.00302939995304183154 0.0764666 1 426803 0 25.1108 22.5997 0 0 1 0.0611723 1.20199 -0.441503 0 0 0 0 0 0 0 0 5.60771 11.8542 2304.52 5650.05 
0.00303703054742438796 0.091349 0 203575 2.07551 25.4828 22.9346 0 01 0 0 0 0 0 0 0 0 0 0 0 9.65968 16.8337 3498.45 8398.26 
0.00303703054742438796 0.5833 1 371012 66.0513 22.539 20.2852 0 0 1 -0.0692584 -3.42624 4.40348 0 0 -0 0 0 0 -0 0 8.16557 19.7636 377.416 840.146 
0.00304829916043493094 0.419184 0 228927 0.291365 25.1808 22.6628 0 01 0 0 0 0 0 0 0 0 0 0 0 9.28246 22.3191 330.528 1685.55 
0.00304829916043493094 0.788842 0 234580 65.5664 25.312 22.7808 0 01 0 0 0 0 0 0 0 0 0 0 0 3.1748 13.5358 0 111.842 
0.00305440358066430421 0.108361 0 499546 0 25.3601 22.8241 0 01 0 0 0 0 0 0 0 0 0 0 0 9.19964 16.1892 4318.38 7431.83 
0.00306223406634700823 0.0827719 0 88100 28.7826 24.634 22.1706 0 01 0 0 0 0 0 0 0 0 0 0 0 4.39761 10.5075 559.125 3199.78 
0.00306223406634700823 0.101436 1 71530 0 22.6553 20.3898 0 0 1 -0.0777337 -0.640921 -0.532096 0 -0 0 0 0 -0 0 0 4.39761 10.5075 559.125 3199.78 
0.00306706958932138028 0.101226 0 11010 0.192718 24.579 22.1211 0 01 -0 0 0 0 -0 0 0 0 -0 0 0 8.38556 18.1412 1524.37 3988.53 
0.00307282202533672557 0.227005 0 432700 1.12683 24.5472 22.0925 0 01 0 0 0 0 0 0 0 0 0 0 0 12.3915 22.0428 1185.27 4440.01 
0.00307282202533672557 0.356568 0 447649 0.128119 24.582 22.1238 0 01 0 0 0 0 0 0 0 0 0 0 0 7.63142 19.1539 3.4643 448.057 
0.0030831899272820585 0.105095 1 121014 0 23.4203 21.0782 0 0 1 0.237478 -0.196317 0.500791 0 0 0 0 0 0 0 0 4.35631 10.3137 69.6999 3088.29 
0.00308934803233341286 1.37901 0 325363 63.3838 24.3154 21.8839 0 01 0 0 0 0 0 0 0 0 0 0 0 0 1.37963 0 0 
0.00309295327291727847 0.150485 1 37142 0 21.7193 19.5473 0 0 1 1.21148 -0.0934874 -0.709834 0 0 0 -0 0 0 0 -0 3.76151 10.6733 882.591 2524.3 
0.00309295327291727847 0.245724 0 235912 63.1944 24.1846 21.7661 0 01 0 -0 0 0 0 -0 0 0 0 -0 0 3.89071 12.5801 0 321.979 
0.00309492575371020113 0.463231 0 495190 0.477621 24.2273 21.8046 0 01 0 0 0 0 0 0 0 0 0 0 0 2.29384 4.59569 0 8.84951 
0.00309705095527246623 0.453399 0 25684 63.0733 24.1044 21.694 0 01 0 0 0 0 0 0 0 0 0 0 0 2.75769 8.77342 0 99.5402 
0.00310028056305045908 0.331825 0 166865 62.8942 24.0485 21.6436 0 01 0 0 -0 0 0 0 -0 0 0 0 -0 5.42193 12.4753 324.214 1353.56 
0.00311255507818606215 1.1429 0 295191 62.2835 23.7364 21.3628 0 01 0 0 0 0 0 0 0 0 0 0 0 0 5.77568 0 0 
0.00313056294412567514 1.3707 0 110778 61.5212 23.3698 21.0328 0 01 0 0 0 0 0 0 0 0 0 0 0 4.09763 12.3256 0 351.726 
0.00313326913767464311 0.13596 0 601303 0 23.2344 20.911 0 01 0 0 0 0 0 0 0 0 0 0 0 4.52295 12.7487 2605.98 4285.95 
0.00313326913767464311 2.23877 0 362298 61.3799 23.332 20.9988 0 01 -0 0 0 0 -0 0 0 0 -0 0 0 0 0 0 0 
0.00313493642633534339 0.472676 0 25991 61.3019 23.3178 20.9861 0 01 0 0 0 0 0 0 0 0 0 0 0 1.41344 7.01457 0 0 
0.00314104618338149509 0.276709 0 164435 61.1483 23.2535 20.9282 0 01 0 0 0 0 0 0 0 0 0 0 0 7.66408 18.5163 354.926 751.331 
0.00314104618338149509 0.712959 0 197790 0.117211 23.1696 20.8526 0 01 0 0 0 0 0 0 0 0 0 0 0 4.22435 14.121 0 215.447 
0.00314472612005020115 0.192148 0 459060 0.0924186 23.0863 20.7777 0 01 0 -0 0 0 0 -0 0 0 0 -0 0 7.47158 17.3143 2220.88 6010.82 
0.00314472612005020115 0.514612 0 269591 60.8854 23.1054 20.7948 0 01 0 0 0 0 0 0 0 0 0 0 0 4.65324 13.4256 225.105 432.461 
0.00315354604191987612 0.281993 0 515702 0 23.1398 20.8259 0 01 0 0 0 0 0 0 0 0 0 0 0 5.85229 14.8858 382.329 903.307 
0.00315354604191987612 0.711398 0 107024 60.5044 22.9229 20.6306 0 01 0 0 0 0 0 0 0 0 0 0 0 4.24032 7.77063 0 290.036 
0.00315354604191987612 1.90501 0 338207 60.5699 22.9577 20.6619 0 01 0 -0 0 0 0 -0 0 0 0 -0 0 1.9667 5.87054 0 199.451 
0.00317047726298913665 0.119783 0 564396 0 22.6037 20.3433 0 01 0 -0 0 0 0 -0 0 0 0 -0 0 11.6416 20.88 3291.87 7093.06 
0.00317047726298913665 0.166894 1 213283 0 20.8975 18.8077 0 0 2 -0.328215 0.296072 -0.199614 0 0 0 0 0 0 0 0 11.6416 20.88 3291.87 7093.06 
0.0031760308377019905 1.04122 0 604514 0 22.5665 20.3098 0 01 0 -0 0 0 0 -0 0 0 0 -0 0 3.11044 13.405 0 0 
0.0031760308377019905 1.07798 0 371644 59.5776 22.4633 20.2169 0 01 0 0 0 0 0 0 0 0 0 0 0 4.26878 14.9336 196.92 196.92 
0.0031760308377019905 1.86174 0 231968 59.6735 22.5118 20.2606 0 01 0 0 0 0 0 0 0 0 0 0 0 0 3.72242 0 0 
0.00318031416010003355 0.432379 0 176147 59.5084 22.4293 20.1864 0 01 0 0 0 0 0 0 0 0 0 0 0 7.46818 18.9348 6.78915 483.49 
0.00319633958123038834 0.673014 0 147276 58.7407 22.1124 19.9011 0 01 0 0 0 0 0 0 0 0 0 0 0 0 0 0 0 
0.00320191496361293786 0.197258 0 85265 0 19.8362 17.8526 0 01 0 0 0 0 0 0 0 0 0 0 0 9.85692 18.6606 2443.15 8686.82 
0.00320191496361293786 1.37767 0 327684 58.6096 22.0136 19.8122 0 01 0 0 -0 0 0 0 -0 0 0 0 -0 4.09546 12.321 0 0 
0.00321598952166754579 0.496153 0 396909 58.0621 21.7621 19.5859 0 01 0 0 0 0 0 0 0 0 0 0 0 1.46908 4.44199 0 60.1544 
0.00322761002567479747 0.336042 0 472253 0.262842 21.5971 19.4373 0 01 0 0 0 0 0 0 0 0 0 0 0 5.42519 14.0952 409.827 787.073 
0.00322761002567479747 0.548837 0 317807 57.5989 21.5486 19.3937 0 01 0 -0 0 0 0 -0 0 0 0 -0 0 2.69518 11.9152 0 501.223 
0.0032291805724537089 1.15868 1 289012 57.5222 19.3943 17.4549 0 0 1 -1.80159 -4.17406 -2.36069 0 0 0 0 0 0 0 0 1.17525 3.51112 0 0 
0.00323094102698714318 1.92649 0 291197 57.4143 21.4618 19.3156 0 01 0 0 0 0 0 0 0 0 0 0 0 0 7.79395 0 0 
0.00323969988910371596 3.19144 0 398758 57.0943 21.3704 19.2334 0 01 0 -0 0 0 0 -0 0 0 0 -0 0 0 2.92191 0 0 
0.00324310118995736491 3.53535 0 243358 57.0413 21.339 19.2051 0 01 0 0 0 0 0 0 0 0 0 0 0 0 0 0 0 
0.0032480247737905546 0.882265 0 179664 56.8427 21.2019 19.0817 0 01 -0 0 0 0 -0 0 0 0 -0 0 0 5.30242 12.4379 0 0 
0.0032480247737905546 1.59782 0 317685 0.697651 21.3079 19.1771 0 01 0 0 0 0 0 0 0 0 0 0 0 3.12838 11.0167 0 0 
0.00325577332230924483 1.76024 0 570210 0.425311 21.0762 18.9686 0 01 0 0 0 0 0 0 0 0 0 0 0 0 3.50072 0 0 
0.00326781121414442639 0.178705 0 494606 0.171893 20.9763 18.8787 0 01 0 0 0 0 0 0 0 0 0 0 0 11.5658 19.8182 1859.29 6273.69 
0.00328224649155896449 0.818425 0 235966 55.6077 20.6655 18.599 0 01 0 0 -0 0 0 0 -0 0 0 0 -0 7.28898 15.3992 0 750.844 
0.00329080869793015648 0.952868 0 128897 55.4251 20.5514 18.4962 0 01 0 0 0 0 0 0 0 0 0 0 0 1.88597 6.60464 47.3764 47.3764 
0.00329080869793015648 1.33689 0 58352 55.3119 20.5028 18.4525 0 01 0 0 0 0 0 0 0 0 0 0 0 3.96681 6.59407 0 27.5155 
0.00329544746969316323 0.66166 0 265002 55.269 20.5056 18.4551 0 01 0 -0 0 0 0 -0 0 0 0 -0 0 2.67036 6.65822 0 5.60452 
0.0033018907819951631 0.103643 0 13642 0.181101 18.6664 16.7997 0 01 0 0 -0 0 0 0 -0 0 0 0 -0 8.99046 17.8183 1460.93 6139.19 
0.00330763619105558853 0.223594 0 10715 54.7275 20.2806 18.2525 0 01 0 0 0 0 0 0 0 0 0 0 0 3.21835 7.08427 786.275 876.496 
0.00331134303270057316 0.358735 1 424485 0 26.1724 23.5552 0 0 1 -0.187455 0.696074 -0.21192 0 0 0 -0 0 0 0 -0 3.24734 15.1299 0 260.944 
0.00332617783238966852 0.132375 1 527572 0 20.1109 18.0998 0 0 2 0.00705243 -5.55861e-06 0.000938558 0 0 0 0 0 0 0 0 9.23932 18.4344 2734.67 6690.65 
0.00332617783238966852 0.262756 1 28748 0 18.7855 16.907 0 0 1 -0.0273971 -0.454595 0.965425 0 0 0 0 0 0 0 0 8.33348 17.546 119.624 238.637 
0.00332617783238966852 1.49752 0 324126 54.2403 20.0178 18.016 0 01 0 0 -0 0 0 0 -0 0 0 0 -0 0 2.94298 0 0 
0.00332617783238966852 2.82928 0 381642 54.1803 20.0051 18.0046 0 01 0 0 0 0 0 0 0 0 0 0 0 0 0 0 0 
0.00332987776612406151 0.179879 0 6409 0.468817 19.726 17.7534 0 01 0 -0 0 0 0 -0 0 0 0 -0 0 8.22527 17.6063 1563.86 5433.32 
0.00333376801234973189 0.541275 0 626338 0.0913523 19.9447 17.9502 0 01 0 0 0 0 0 0 0 0 0 0 0 3.28696 13.7177 0 63.8893 
0.00335831702149384662 1.66244 0 379809 53.2254 19.5604 17.6044 0 01 0 0 0 0 0 0 0 0 0 0 0 0 4.89612 0 0 
0.00337301503166689571 0.174234 1 75494 0 19.3177 17.386 0 0 2 0.00582619 0.019294 -0.0117765 0 0 0 0 0 0 0 0 8.62452 19.1917 1379.11 4329.57 
0.00337301503166689571 0.220133 0 37483 0.0812789 19.2631 17.3368 0 01 0 0 0 0 0 0 0 0 0 0 0 8.70173 17.3387 191.698 1701.96 
0.00337928265446450857 0.136658 0 111644 0.181304 19.1912 17.2721 0 01 0 0 0 0 0 0 0 0 0 0 0 10.2558 20.672 2541.83 5891.63 
0.00337928265446450857 0.254563 1 270680 0 17.8538 16.0606 0 0 2 1.47297 0.225641 -0.422576 0 0 0 0 0 0 0 0 8.58324 20.4001 1210.68 1991.93 
0.00338197828788745812 0.580847 0 77606 52.4339 19.203 17.2827 0 01 0 0 -0 0 0 0 -0 0 0 0 -0 3.45794 7.52575 0 69.7669 
0.00338539462015263835 0.555089 0 165646 52.3922 19.1826 17.2644 0 01 0 0 0 0 0 0 0 0 0 0 0 4.93761 9.88346 0 374.702 
0.00339184502559339122 0.761363 0 726489 0.284009 19.2008 17.2807 0 01 0 0 0 0 0 0 0 0 0 0 0 2.3161 10.7145 0 1.99481 
0.00339184502559339122 1.06932 0 235149 52.2635 19.1695 17.2525 0 01 0 0 -0 0 0 0 -0 0 0 0 -0 2.13128 9.66026 0 6.81215 
0.00339827178750218848 0.0966959 1 44453 0 18.9913 17.0921 0 0 2 0.000729034 -0.0119649 0.027578 0 0 0 0 0 0 0 0 9.11126 17.936 3471.39 5295.42 
0.00340341758321821217 0.451093 0 154047 51.7776 18.907 17.0163 0 01 0 0 0 0 0 0 0 0 0 0 0 7.21402 20.2761 0 545.211 
0.00340341758321821217 0.84019 0 194166 51.865 18.9782 17.0804 0 01 0 0 0 0 0 0 0 0 0 0 0 4.20734 11.7972 0 0 
0.0034223126743497187 1.89203 0 361840 51.3662 18.7186 16.8468 0 01 0 0 0 0 0 0 0 0 0 0 0 0 5.63311 0 0 
0.00342842410446699691 0.513963 0 74245 51.1709 18.6602 16.794 0 01 0 0 0 0 0 0 0 0 0 0 0 4.4973 15.0432 41.5228 90.6637 
0.00343549276588907054 1.76989 0 344057 50.9575 18.5679 16.71 0 01 0 0 0 0 0 0 0 0 0 0 0 1.82568 10.8111 0 0 
0.00343827194404899925 0.109183 0 43106 0.0878172 18.493 16.6419 0 01 -0 0 0 0 -0 0 0 0 -0 0 0 7.16605 15.4578 1324.26 4592.98 
0.00345172936731238944 0.539254 0 359834 50.5153 18.3428 16.5052 0 01 0 -0 0 0 0 -0 0 0 0 -0 0 5.80853 19.0263 178.313 229.616 
0.0034718182792293148 0.748512 0 185627 50.0487 18.1475 16.3276 0 01 0 0 -0 0 0 0 -0 0 0 0 -0 3.75726 13.4686 0 5.38737 
0.00347927629922487741 0.291375 0 89578 49.7995 18.025 16.2162 0 01 0 0 0 0 0 0 0 0 0 0 0 5.39745 16.055 37.1137 681.203 
0.00348811922472742029 0.382547 0 161343 49.6198 17.9425 16.1413 0 01 -0 0 0 0 -0 0 0 0 -0 0 0 4.68222 12.5751 330.821 370.449 
0.00350042193398975585 0.0781386 0 54190 0.807996 17.802 16.0135 0 01 0 0 0 0 0 0 0 0 0 0 0 14.7411 24.4027 2998.14 7344.57 
0.00350042193398975585 0.109881 0 183715 0.427637 17.7844 15.9976 0 01 0 0 0 0 0 0 0 0 0 0 0 14.7411 24.4027 2998.14 7344.57 
0.00350042193398975585 0.537398 0 271044 49.4119 17.8315 16.0403 0 01 0 0 0 0 0 0 0 0 0 0 0 7.89038 22.0831 172.75 1806.52 
0.00351026948180811977 0.307025 0 162029 49.042 17.6829 15.9053 0 01 0 0 -0 0 0 0 -0 0 0 0 -0 5.82678 12.7866 509.641 1051.1 
0.00351026948180811977 0.56239 0 116262 49.0266 17.6553 15.8802 0 01 0 0 0 0 0 0 0 0 0 0 0 4.40996 12.1555 0 59.5396 
0.00351026948180811977 1.68127 0 314533 49.0375 17.6903 15.912 0 01 0 -0 0 0 0 -0 0 0 0 -0 0 0 0 0 0 
0.00351026948180811977 2.08448 0 361078 49.0859 17.7358 15.9534 0 01 0 0 0 0 0 0 0 0 0 0 0 2.02403 2.02403 0 0 
0.00351371236645249161 0.407042 0 256067 48.9333 17.6142 15.8429 0 01 0 -0 0 0 0 -0 0 0 0 -0 0 4.74988 11.9127 0 699.071 
0.00351700928310364922 0.308654 0 328792 48.8904 17.6165 15.8449 0 01 0 0 -0 0 0 0 -0 0 0 0 -0 6.09358 15.8398 0 790.72 
0.00352837948995870761 0.169368 0 99846 0.297813 17.4125 15.6596 0 01 0 -0 0 0 0 -0 0 0 0 -0 0 8.59954 17.1793 3570.86 5816.01 
0.00352837948995870761 0.342094 0 157557 48.6908 17.5544 15.7885 0 01 0 0 -0 0 0 0 -0 0 0 0 -0 9.87509 20.7232 191.681 1384.41 
0.00353847280644026436 0.787159 0 183290 48.3797 17.3868 15.6362 0 01 0 0 0 0 0 0 0 0 0 0 0 4.79072 15.1865 0 0 
0.00354302224006631996 0.6678 0 62226 48.302 17.3284 15.5832 0 01 0 -0 0 0 0 -0 0 0 0 -0 0 4.05974 10.1442 0 5.92081 
0.0035519571295432339 0.164007 0 27316 0.488967 17.1131 15.3876 0 01 0 0 0 0 0 0 0 0 0 0 0 4.56818 12.2903 2352.93 5239.61 
0.00357030904700340662 0.682909 0 244454 47.648 17.0325 15.3144 0 01 0 0 -0 0 0 0 -0 0 0 0 -0 2.01686 4.715 0 9.25801 
0.00357336420050339155 0.512866 0 507299 0.56173 17.0637 15.3427 0 01 0 0 0 0 0 0 0 0 0 0 0 5.06931 13.1731 0 127.503 
0.00357709494857305198 0.376264 0 45741 47.4805 16.9571 15.2459 0 01 -0 0 0 0 -0 0 0 0 -0 0 0 2.19856 7.99033 26.2739 423.306 
0.00358781048707940402 0.624564 0 431825 0 31.6037 28.4434 0 01 0 0 0 0 0 0 0 0 0 0 0 1.24706 4.39824 0 0 
0.00358885395718101579 0.944486 0 285251 47.225 16.8425 15.1418 0 01 0 0 0 0 0 0 0 0 0 0 0 0 0 0 0 
0.00359089563765370521 2.06085 0 392042 47.1703 16.8183 15.1199 0 01 0 0 0 0 0 0 0 0 0 0 0 0 4.10534 0 0 
0.00359266879211459682 1.24165 0 335674 47.1338 16.8451 15.1443 0 01 0 0 0 0 0 0 0 0 0 0 0 0 1.2061 0 0 
0.00359266879211459682 2.32846 0 384887 47.1598 16.8416 15.1411 0 01 0 0 0 0 0 0 0 0 0 0 0 0 0 0 0 
0.00360893722167306575 0.209939 0 177060 46.786 16.6833 14.9973 0 01 0 0 0 0 0 0 0 0 0 0 0 9.15421 20.2868 101.446 308.963 
0.00360893722167306575 0.373822 0 55710 0 16.6792 14.9936 0 01 0 0 0 0 0 0 0 0 0 0 0 12.05 21.541 15.5468 376.258 
0.00360893722167306575 1.67675 0 239587 46.862 16.7072 15.0191 0 01 0 0 -0 0 0 0 -0 0 0 0 -0 6.61233 14.9326 20.2455 20.2455 
0.00361103058362382883 0.319186 1 953 0 16.631 14.9499 0 0 1 0.00450194 -0.0123032 0.0547889 0 0 0 0 0 0 0 0 1.96937 10.8481 0 85.582 
0.00361535523747551083 0.679582 0 282000 46.7004 16.6296 14.9485 0 01 0 0 0 0 0 0 0 0 0 0 0 2.71997 7.47554 0 56.9258 
0.00361824710177053536 1.11415 0 344190 46.6096 16.5881 14.9109 0 01 0 0 0 0 0 0 0 0 0 0 0 1.10883 5.58008 0 0 
0.00362262322528325272 0.683518 0 246886 46.5453 16.5746 14.8987 0 01 0 0 0 0 0 0 0 0 0 0 0 7.45617 13.5279 176.44 393.553 
0.00362910775275440472 0.462128 0 139943 0.783455 16.496 14.8273 0 01 -0 0 0 0 -0 0 0 0 -0 0 0 9.11258 20.4864 0 307.616 
0.00363241067590524451 0.886707 1 335084 46.4154 15.6876 14.094 0 0 1 -1.08059 -1.24723 -1.25662 0 -0 0 0 0 -0 0 0 1.76092 4.38925 0 0 
0.00363909799919808624 0.313202 0 144755 0.110091 16.3555 14.6998 0 01 0 0 0 0 0 0 0 0 0 0 0 6.09285 17.2517 186.465 415.655 
0.00363909799919808624 0.608535 0 334216 46.162 16.3682 14.7113 0 01 0 0 0 0 0 0 0 0 0 0 0 6.04869 14.5549 184.339 288.622 
0.00363909799919808624 0.864992 0 290261 46.1784 16.3947 14.7354 0 01 -0 0 0 0 -0 0 0 0 -0 0 0 1.69357 10.1824 0 0 
0.0036606250759123357 1.54265 0 351864 45.7105 16.1678 14.5295 0 01 0 0 0 0 0 0 0 0 0 0 0 1.55076 6.2217 0 0 
0.00366393659940163641 0.167857 0 57888 0.157777 16.1873 14.5472 0 01 -0 0 0 0 -0 0 0 0 -0 0 0 7.04899 14.9179 910.908 3769.19 
0.00366393659940163641 0.875121 0 194155 45.6927 16.1964 14.5554 0 01 0 0 0 0 0 0 0 0 0 0 0 1.73925 4.36027 0 0 
0.00367171918305171392 0.244045 0 65477 45.4948 16.0784 14.4484 0 01 0 -0 0 0 0 -0 0 0 0 -0 0 9.71396 21.9285 104.973 2320.74 
0.00367171918305171392 0.361848 0 146828 45.4911 16.1002 14.4681 0 01 0 0 0 0 0 0 0 0 0 0 0 11.0156 27.2162 0 1152.09 
0.00367171918305171392 0.988618 0 63181 45.5723 16.1059 14.4734 0 01 -0 0 0 0 -0 0 0 0 -0 0 0 2.97301 11.9341 0 0 
0.00367434084851783272 0.227957 0 37829 0.110178 15.8728 14.2619 0 01 0 0 0 0 0 0 0 0 0 0 0 4.86578 11.195 178.003 649.361 
0.00368402016460411255 0.318326 0 58596 0.0843825 15.8984 14.2852 0 01 0 0 0 0 0 0 0 0 0 0 0 5.60156 10.5786 265.93 1016.73 
0.00368594183304866378 0.273621 0 60170 45.2368 15.9859 14.3645 0 01 0 -0 0 0 0 -0 0 0 0 -0 0 4.0439 11.3263 116.082 282.407 
0.00369830428446001318 0.466089 0 85683 44.9658 15.8645 14.2543 0 01 0 0 0 0 0 0 0 0 0 0 0 1.34614 4.50279 0 0 
0.00370434323432719016 0.706667 0 245146 44.8596 15.7916 14.1883 0 01 0 0 0 0 0 0 0 0 0 0 0 5.61734 12.6577 0 268.275 
0.00372731211112501152 0.788337 0 303887 44.4687 15.6439 14.0544 0 01 0 0 0 0 0 0 0 0 0 0 0 6.22778 15.5833 40.397 429.333 
0.00373943573572008527 0.279536 0 120626 44.1948 15.499 13.923 0 01 0 -0 0 0 0 -0 0 0 0 -0 0 6.85048 19.6715 255.216 1156.11 
0.00374214644627250551 2.50458 0 361508 44.148 15.5026 13.9263 0 01 -0 0 0 0 -0 0 0 0 -0 0 0 5.14325 7.63453 0 0 
0.00375662682903509307 0.0874279 0 25648 43.9216 15.3972 13.8307 0 01 0 0 0 0 0 0 0 0 0 0 0 11.605 21.3533 2856.28 8446.7 
0.00375662682903509307 0.818214 1 322789 44.0079 14.6715 13.1568 0 0 1 0.93682 -0.0172455 -2.87312 0 0 0 0 0 0 0 0 3.29158 13.2608 0 465.332 
0.00375940350500869342 0.200713 0 141955 43.841 15.3424 13.781 0 01 0 0 0 0 0 0 0 0 0 0 0 5.42527 14.0306 368.493 2535.63 
0.00376886171064636649 0.628847 0 20900 43.6574 15.2936 13.7368 0 01 0 0 0 0 0 0 0 0 0 0 0 0.62545 5.04842 0 0 
0.00377451835047336315 1.05145 0 284845 43.5769 15.2279 13.6773 0 01 0 0 0 0 0 0 0 0 0 0 0 2.11529 7.40779 0 0 
0.00377451835047336315 2.88258 1 398883 43.7001 14.5083 12.7826 0 0 1 -2.0839 -2.18281 -2.12216 0 -0 0 0 0 -0 0 0 0 2.69166 0 0 
0.00377981049483152622 0.181171 0 83883 43.4998 15.2379 13.6864 0 01 0 0 0 0 0 0 0 0 0 0 0 11.2869 21.934 2416.69 5661.11 
0.00377981049483152622 0.447332 0 68583 5.43475 15.1217 13.581 0 01 0 -0 0 0 0 -0 0 0 0 -0 0 6.93618 16.0081 138.365 856.651 
0.00377981049483152622 0.662814 0 150523 43.4831 15.1869 13.6401 0 01 0 0 -0 0 0 0 -0 0 0 0 -0 4.62104 11.9069 0 197.711 
0.00378266381828296343 0.52156 0 85753 43.43 15.2067 13.658 0 01 0 0 0 0 0 0 0 0 0 0 0 2.07162 6.71215 0 0 
0.00378616366148687346 0.413303 0 94719 43.369 15.153 13.6094 0 01 0 0 0 0 0 0 0 0 0 0 0 4.04089 11.2491 13.4845 308.176 
0.00379662149970768541 2.40728 0 393629 43.1693 15.059 13.5242 0 01 0 0 0 0 0 0 0 0 0 0 0 2.29608 2.29608 0 0 
0.00381339843920674342 0.865989 0 267239 42.8741 14.9609 13.4354 0 01 0 0 0 0 0 0 0 0 0 0 0 0.849882 1.71487 0 0 
0.0038176409389401849 0.453227 0 131772 42.8596 14.9374 13.414 0 01 0 0 0 0 0 0 0 0 0 0 0 3.70378 10.6383 502.379 700.186 
0.0038176409389401849 1.10785 0 618420 0.122267 15.0711 13.5352 0 01 -0 0 0 0 -0 0 0 0 -0 0 0 4.35917 9.77478 16.032 428.879 
0.00382993600176126945 0.496115 0 170070 42.6563 14.8248 13.3121 0 01 0 0 0 0 0 0 0 0 0 0 0 6.83761 17.5761 0 887.749 
0.00383685170718470799 0.441219 0 68259 0 14.7489 13.2434 0 01 0 0 0 0 0 0 0 0 0 0 0 2.62599 11.7294 15.8551 181.36 
0.00385440407161325663 1.85526 0 197910 42.2259 14.644 13.0932 0 1.710421 1.50524 -0.650287 -0.486748 0 0 0 0 0 0 0 0 5.44648 7.27052 0 0 
0.00387957847439366526 1.97717 0 364519 41.8438 14.5171 12.8025 0 7.0621 2.3619 -6.40344 -1.81363 0 0 0 -0 0 0 0 -0 5.96182 13.8722 16.8708 16.8708 
0.00389182602478854245 0.567338 0 111014 41.6225 14.4077 12.5564 0 21.14381 -20.9837 -0.856672 -2.45156 0 0 -0 0 0 0 -0 0 2.83197 10.1964 0 0 
0.00389671608265263186 0.0814922 0 121054 1.32125 14.3644 12.4602 0 11.17981 10.0168 3.74277 3.26232 0 0 0 0 0 0 0 0 10.7497 18.2397 768.49 5199.03 
0.00389671608265263186 0.871973 0 4347 41.5373 14.3781 12.4907 0 29.17721 27.9566 -5.9572 -5.85224 0 0 0 0 0 0 0 0 4.33728 10.4218 0 84.2823 
0.00389671608265263186 2.82715 0 399060 41.5475 14.344 12.4151 0 7.97861 -7.97829 -0.0347422 -0.0611567 0 -0 0 0 0 -0 0 0 0 0 0 0 
0.00390568243439240676 0.852796 0 344240 41.4003 14.2833 12.2818 0 15.08781 -14.4841 -4.10254 1.01043 0 0 -0 0 0 0 -0 0 7.57406 20.988 118.544 135.035 
0.00390928646226875766 0.269657 0 78974 0.111876 14.2634 12.2383 0 30.47531 29.2331 8.35616 -2.08397 0 0 0 0 0 0 0 0 6.28775 16.8516 343.85 691.081 
0.00391347271177981421 1.61314 0 373672 41.3139 14.2462 12.2009 0 19.46161 -15.217 9.20755 7.90045 0 0 0 0 0 0 0 0 0 6.50227 0 0 
0.00392210770734364046 1.69022 0 244533 41.1435 14.2141 12.1314 0 29.14861 20.5496 -12.8328 -16.2071 0 0 -0 0 0 0 -0 0 1.69686 6.77916 0 27.2611 
0.00392400559395813826 1.56055 0 330060 41.0883 14.1912 12.082 0 18.95551 18.1603 5.17348 1.65806 0 0 0 0 0 0 0 0 1.54843 1.54843 0 0 
0.00393036695894699323 1.0131 0 334260 41.0287 14.177 12.0514 0 39.1161 -37.2278 7.21177 9.599 0 0 0 0 0 0 0 0 2.01353 12.0521 0 0 
0.00394009829715053893 0.336967 0 82477 0.351526 13.8341 11.3353 0 62.28831 -38.1021 -21.4801 44.3471 0 -0 0 0 0 -0 0 0 8.1722 20.0514 825.74 1904.98 
0.00394317196160631506 0.369626 1 0 0 14.0406 11.7615 0 0 1 -9.29581 23.2146 -12.864 1 -14.7709 24.8528 -5.58435 0 0 0 0 4.09816 8.55633 70.7256 184.312 
0.00394796760732083352 2.1588 0 295464 40.7464 14.0571 11.7963 0 32.08021 -9.96318 -21.3368 -21.7856 0 0 -0 0 0 0 -0 0 0 0 0 0 
0.00395079187575899608 0.244034 0 6025 0.212149 13.9128 11.4959 0 39.10461 27.6914 19.3421 -19.7038 0 0 0 0 0 0 0 0 4.13967 13.1742 191.166 379.001 
0.00395079187575899608 0.719985 0 252721 40.7212 14.0268 11.7326 0 41.12021 40.3838 6.30398 4.504 0 0 0 0 0 0 0 0 4.26085 10.7073 0 62.2538 
0.00395134061682836119 0.372776 0 122995 40.6661 14.0561 11.7942 0 35.88961 25.0407 21.1199 14.6622 0 0 0 0 0 0 0 0 1.12193 4.87827 0 55.9077 
0.00396122054819791555 0.792699 0 5284 40.5322 14.106 11.8997 0 60.52291 59.0491 -12.4723 -4.54727 0 0 0 0 0 0 0 0 1.57658 4.72763 0 0 
0.00396872368828092136 0.271164 1 0 0 14.1853 12.0693 0 0 1 35.2507 -2.80594 9.98831 1 34.9806 -11.1904 8.50404 0 0 0 0 10.1298 21.7415 72.8402 1023.28 
0.00396872368828092136 0.525772 0 189256 40.4504 14.1844 12.0674 0 31.06731 6.88001 -29.559 6.64131 0 0 0 0 0 0 0 0 9.3032 23.2821 9.46537 337.832 
0.00397102248643574698 1.0877 0 205163 40.3764 14.1759 12.0491 0 13.17991 8.08241 -3.78545 -9.69818 0 0 0 0 0 0 0 0 1.09339 1.09339 0 0 
0.00398433458348225814 1.42697 0 255934 40.1963 14.2807 12.2761 0 27.40251 -5.26373 -9.6389 25.1054 0 0 0 0 0 0 0 0 2.82438 7.01691 0 0 
0.00399534601418484112 0.732172 0 207965 40.0184 14.3521 12.433 0 11.25831 -11.2395 -0.0450635 0.64863 0 0 -0 0 0 0 -0 0 5.92209 18.5198 34.4334 34.4334 
0.00399534601418484112 0.928061 0 340616 39.9961 14.3978 12.5343 0 13.04921 2.89333 8.44254 9.52023 0 0 0 0 0 0 0 0 3.68545 21.1052 0 195.461 
0.00399918328460859528 0.0495959 1 421230 0 36.0325 32.4293 0 0 2 0.320821 -0.460213 -0.431623 0 0 0 0 0 0 0 0 8.57524 17.4083 1706.94 3999.77 
0.00400084184931203627 1.00521 0 195207 39.8973 14.4257 12.5967 0 8.503391 0.720126 1.54234 8.33128 0 0 0 0 0 0 0 0 0 5.01555 0 0 
0.00400836489490931369 0.607716 0 234722 39.7889 14.5083 12.7825 0 5.485611 -3.92433 3.65916 1.1411 0 0 0 0 0 0 0 0 5.53845 15.4008 11.5347 255.501 
0.00401579139891556757 0.877333 0 219847 39.7453 14.5237 12.8175 0 14.5831 9.13592 10.0569 -5.29677 0 0 0 0 0 0 0 0 3.4888 13.9212 0 166.759 
0.00401816307695715413 0.363638 0 185827 39.6373 14.5023 12.7689 0 8.182061 -8.1767 -0.296074 -0.0103447 0 -0 0 0 0 -0 0 0 1.12937 4.45423 0 0 
0.00402343163167229092 0.41853 0 264494 39.589 14.5824 12.9514 0 7.596951 7.39567 0.160645 -1.72974 0 0 0 0 0 0 0 0 4.49199 12.6006 76.4251 76.4251 
0.00403140747413926939 1.00869 0 191234 39.5368 14.5562 12.8914 0 3.653791 -1.50147 1.21526 3.10144 0 -0 0 0 0 -0 0 0 2.01714 15.1436 0 0 
0.00403828411740368536 0.416492 0 50618 0.103707 14.5815 12.9492 0 5.442671 -5.40261 0.652991 -0.0895388 0 0 0 -0 0 0 0 -0 6.46959 13.4156 0 13.6722 
0.00404549814958553994 0.423841 0 209143 39.2928 14.6109 13.0168 0 1.895621 0.317827 0.442112 1.81574 0 0 0 0 0 0 0 0 4.78575 17.0094 30.6985 418.013 
0.00404549814958553994 1.62626 0 246436 39.3317 14.6477 13.1016 0 2.315521 1.31646 0.306963 -1.87999 0 0 0 0 0 0 0 0 6.46609 11.3426 0 4.08456 
0.00404549814958553994 2.43853 0 398460 39.3299 14.6493 13.1053 0 1.262961 -1.08875 0.151291 0.621931 0 0 0 0 0 0 0 0 2.35891 7.08521 0 0 
0.004051392960670047 0.208188 0 7823 0.680084 14.4837 12.7269 0 13.8291 -13.5344 2.04722 -1.9673 0 0 0 -0 0 0 0 -0 12.2175 22.0463 3361.27 5816.58 
0.00405796328559170343 0.520758 0 36465 39.0862 14.6904 13.1904 0 01 0 0 0 0 0 0 0 0 0 0 0 6.18784 16.0702 0 96.522 
0.0040719523369655633 0.962087 0 222067 38.9746 14.7615 13.2548 0 01 0 0 0 0 0 0 0 0 0 0 0 4.7589 17.0933 0 0 
0.00408591828885974864 0.3757 0 23355 9.12776 14.7832 13.2744 0 01 0 0 0 0 0 0 0 0 0 0 0 4.08673 13.4148 0 0 
0.00409218509210351224 0.282528 1 70798 0 14.8045 13.2937 0 0 2 0.0132235 -0.0231177 -0.000313436 0 0 0 0 0 0 0 0 8.37165 22.442 156.613 719.261 
0.00410074584346354493 1.24554 0 167586 38.5806 14.8641 13.3477 0 01 0 0 0 0 0 0 0 0 0 0 0 4.97893 16.2289 5.20931 5.20931 
0.00410487856210797232 1.10156 0 303045 38.5069 14.8624 13.3462 0 01 0 0 0 0 0 0 0 0 0 0 0 0 2.20844 0 0 
0.00410845369298736343 0.835764 0 303941 38.4651 14.9478 13.4235 0 01 0 0 -0 0 0 0 -0 0 0 0 -0 2.53103 5.0678 0 6.03362 
0.00410845369298736343 1.88618 0 292985 38.4492 14.9297 13.4071 0 01 0 0 0 0 0 0 0 0 0 0 0 0 0 0 0 
0.00411472328688094417 3.89861 0 307821 38.4061 14.9298 13.4071 0 01 0 0 0 0 0 0 0 0 0 0 0 0 0 0 0 
0.0041179096430784207 0.865132 0 159247 38.304 14.9767 13.4497 0 01 0 0 0 0 0 0 0 0 0 0 0 0 0.859533 0 0 
0.00412531664836354988 0.134913 0 36799 0 15.3105 13.7521 0 01 0 0 0 0 0 0 0 0 0 0 0 10.0116 18.0289 3556.32 6187.53 
0.00412531664836354988 0.959282 0 261297 38.2168 14.9865 13.4585 0 01 0 -0 0 0 0 -0 0 0 0 -0 0 1.89454 8.54033 0 0 
0.00413083524104416316 2.19441 0 383571 38.192 14.9997 13.4705 0 01 0 0 0 0 0 0 0 0 0 0 0 0 0 0 0 
0.0041356960087524236 0.234272 0 437847 0.114765 14.7014 13.2004 0 01 0 0 0 0 0 0 0 0 0 0 0 7.51154 19.6623 492.847 679.784 
0.00414270865728312912 1.04513 0 299694 38.0255 15.1098 13.5702 0 01 0 0 0 0 0 0 0 0 0 0 0 1.04483 7.31494 0 205.26 
0.00415183118437971368 1.30374 0 372622 37.8862 15.091 13.5532 0 01 0 0 0 0 0 0 0 0 0 0 0 1.2887 11.5899 0 0 
0.00415900355498556498 2.23092 0 393305 37.8849 15.1335 13.5917 0 01 0 -0 0 0 0 -0 0 0 0 -0 0 2.19828 8.94438 0 8.7261 
0.00417505417299965376 0.452191 0 87721 37.6852 15.1734 13.6278 0 01 0 0 0 0 0 0 0 0 0 0 0 10.5316 26.7477 170.94 1060.49 
0.00418726554753505887 0.281414 1 170525 0 12.9457 9.67145 0 0 2 34.4442 22.7381 31.6528 0 0 0 0 0 0 0 0 3.43029 9.37543 0 918.42 
0.00419229964161971311 0.856941 0 296006 37.4654 15.2886 13.7322 0 01 0 0 0 0 0 0 0 0 0 0 0 2.51745 10.1166 14.6895 20.1548 
0.00419229964161971311 1.85535 0 389515 37.471 15.279 13.7236 0 01 0 0 0 0 0 0 0 0 0 0 0 1.86335 9.19227 0 0 
0.00421065046434985178 1.74763 0 459977 0.310203 15.2445 13.6923 0 01 0 0 0 0 0 0 0 0 0 0 0 0 5.31417 0 0 
0.00421683893038121878 0.454982 0 220037 37.2213 36.4554 13.817 0 01 0 0 0 0 0 0 0 0 0 0 0 5.6251 13.1305 0 196.018 
0.00422564251996277156 0.659674 0 270802 37.0947 15.2853 13.7567 0 01 0 0 0 0 0 0 0 0 0 0 0 7.38217 17.4742 0 347.685 
0.00422564251996277156 1.19681 0 258580 37.0631 15.2705 13.7434 0 01 0 0 0 0 0 0 0 0 0 0 0 4.89966 14.6262 0 42.3167 
0.00423075169329734622 0.158879 0 32995 0.308428 15.2597 13.7061 0 01 0 0 -0 0 0 0 -0 0 0 0 -0 9.57601 18.1831 870.127 3134 
0.00423075169329734622 0.229413 0 162583 37.01 15.2456 13.721 0 01 0 0 0 0 0 0 0 0 0 0 0 5.9757 19.7909 469.972 1303.26 
0.00423751472368630745 0.512692 0 169315 36.9321 15.2091 13.6882 0 01 0 0 0 0 0 0 0 0 0 0 0 6.82302 19.8614 148.334 205.018 
0.00424380736666022784 0.272264 1 58537 0 15.1743 13.6568 0 0 1 -0.00449451 -0.0100755 0.00161886 0 0 -0 0 0 0 -0 0 9.46032 22.3802 925.887 1596.89 
0.0042535515417042799 0.15318 0 149543 36.7563 15.1268 13.6141 0 01 0 0 0 0 0 0 0 0 0 0 0 10.1655 22.6675 1794.88 4227.36 
0.0042535515417042799 0.223526 0 444007 0.707454 15.3079 13.7498 0 01 0 0 -0 0 0 0 -0 0 0 0 -0 10.6338 26.9269 2037.97 3174.15 
0.0042535515417042799 0.397093 0 62469 0 15.1988 13.679 0 01 0 -0 0 0 0 -0 0 0 0 -0 0 6.14149 21.7487 363.098 369.999 
0.00426290544637654249 2.55496 0 201617 36.6365 15.0707 13.5637 0 01 0 0 0 0 0 0 0 0 0 0 0 0 0 0 0 
0.00426739208713074365 0.462442 0 487968 0.262775 15.2643 13.7103 0 01 0 0 0 0 0 0 0 0 0 0 0 4.73543 17.407 0 374.234 
0.00427877278333619118 0.140006 0 143944 36.4785 35.7532 13.6637 0 01 0 0 0 0 0 0 0 0 0 0 0 10.2651 19.1965 2332.12 5101.32 
0.00427877278333619118 1.25241 0 287422 36.441 35.7179 13.7149 0 01 0 -0 0 0 0 -0 0 0 0 -0 0 0 2.50354 0 0 
0.00429048880755659046 0.802602 0 244983 36.3481 35.6299 13.8171 0 01 0 0 0 0 0 0 0 0 0 0 0 2.39394 10.3592 0 0 
0.00431998806884773077 0.881545 0 198841 35.9894 35.2905 14.2051 0 01 0 0 0 0 0 0 0 0 0 0 0 3.5267 11.4341 0 0 
0.00431998806884773077 2.2325 1 394698 35.9761 12.3343 8.68701 0 0 1 9.59933 -7.84257 -1.06721 0 0 0 -0 0 0 0 -0 0 4.4304 0 0 
0.0043247864838475503 0.298875 0 211996 35.9461 35.2494 14.2389 0 01 0 0 -0 0 0 0 -0 0 0 0 -0 5.13129 17.4351 110.559 421.969 
0.00433221685901876569 0.104176 1 128347 35.8955 12.0118 8.22028 0 0 1 4.53607 18.3282 -3.791 0 0 0 0 0 0 0 0 10.8746 21.4886 2230.47 6246.17 
0.00433221685901876569 0.118612 0 8274 35.9089 35.2142 14.2318 0 01 0 0 0 0 0 0 0 0 0 0 0 10.8746 21.4886 2230.47 6246.17 
0.00433221685901876569 0.555213 0 52396 35.881 35.1876 14.2818 0 01 0 0 0 0 0 0 0 0 0 0 0 7.71396 17.662 0 74.0541 
0.00433221685901876569 0.967861 0 246660 35.8723 35.1794 14.2862 0 01 0 0 -0 0 0 0 -0 0 0 0 -0 0.946316 8.6311 0 0 
0.00434000575205849629 0.219828 0 242731 35.8408 35.1497 14.3072 0 01 0 0 0 0 0 0 0 0 0 0 0 13.7208 24.4668 827.327 1787.28 
0.00434000575205849629 0.507052 0 186579 35.8192 35.1292 14.3265 0 01 0 0 0 0 0 0 0 0 0 0 0 10.4509 27.3402 0 356.944 
0.00434000575205849629 2.46072 0 393168 35.7896 35.1011 14.3423 0 01 0 0 0 0 0 0 0 0 0 0 0 0 4.75507 0 0 
0.00434790764281979113 0.30288 0 102873 35.6821 34.9994 14.4729 0 01 0 0 -0 0 0 0 -0 0 0 0 -0 6.49374 16.9587 64.7448 445.271 
0.00434790764281979113 0.509178 0 90793 35.7125 35.0281 14.5006 0 01 0 0 0 0 0 0 0 0 0 0 0 2.95011 13.3496 158.292 184.544 
0.00435909013642041179 1.32874 0 382096 35.6012 34.9227 14.5199 0 01 -0 0 0 0 -0 0 0 0 -0 0 0 1.31958 14.6476 0 83.0715 
0.00436642876363757884 0.342843 0 319276 35.5055 34.832 14.6393 0 01 0 -0 0 0 0 -0 0 0 0 -0 0 9.39401 24.9499 95.0587 544.594 
0.00438411452018456962 0.765977 0 310669 35.289 34.6269 14.8385 0 01 0 -0 0 0 0 -0 0 0 0 -0 0 0.774312 3.12567 0 0 
0.0043853470897130464 0.137018 0 57393 35.2741 34.6127 14.8443 0 01 0 0 0 0 0 0 0 0 0 0 0 2.78752 10.213 1308.94 3411.06 
0.0043853470897130464 0.376845 0 191220 35.2742 34.6128 14.8455 0 01 0 0 0 0 0 0 0 0 0 0 0 1.88511 7.23013 136.105 178 
0.0043853470897130464 0.663302 0 87366 35.2759 34.6144 14.8649 0 01 0 0 0 0 0 0 0 0 0 0 0 3.26848 5.87055 0 0 
0.00439216405596768757 0.567564 0 218673 35.2491 34.589 14.8304 0 01 0 0 -0 0 0 0 -0 0 0 0 -0 7.54359 20.8903 117.213 262.79 
0.00439371469141441612 0.960522 0 196116 35.192 34.5349 14.9469 0 01 0 -0 0 0 0 -0 0 0 0 -0 0 0.952696 1.92298 0 85.2422 
0.00439371469141441612 3.0085 0 316784 35.195 34.5376 14.8605 0 01 -0 0 0 0 -0 0 0 0 -0 0 0 3.11121 3.11121 0 0 
0.00439532573321812711 1.14546 1 210830 0 34.5135 14.1946 0 0 1 0.00795501 0.697389 0.307816 0 0 0 0 0 0 0 0 1.15578 1.15578 0 0 
0.00440143985880954523 2.68329 0 302817 35.1486 34.4937 14.9601 0 01 0 0 0 0 0 0 0 0 0 0 0 0 0 0 0 
0.00443257361362058618 0.209705 0 570487 0.0870763 34.2934 14.7978 0 01 0 0 0 0 0 0 0 0 0 0 0 17.9039 31.4944 3614.81 7164.9 
0.00443257361362058618 0.271933 0 134648 0.400976 34.1909 15.1954 0 01 0 0 0 0 0 0 0 0 0 0 0 16.3737 30.6818 432.485 2201.69 
0.00443257361362058618 0.389755 0 137507 34.7929 34.1561 15.2102 0 01 0 0 -0 0 0 0 -0 0 0 0 -0 14.5172 38.3138 361.764 1389.67 
0.00443257361362058618 1.51218 0 377351 34.8394 34.2003 15.2029 0 01 0 0 0 0 0 0 0 0 0 0 0 0 15.2916 0 0 
0.00443257361362058618 1.9035 0 380007 34.8455 34.2061 15.1714 0 01 0 0 0 0 0 0 0 0 0 0 0 1.89469 5.79107 188.247 188.247 
0.00445602186440308395 0.730777 0 296138 34.5542 33.9296 15.4877 0 01 0 0 0 0 0 0 0 0 0 0 0 0.722751 2.16406 0 0 
0.00445977752298029086 0.592078 0 330567 34.5159 33.8933 15.4575 0 01 0 0 0 0 0 0 0 0 0 0 0 1.80697 7.82604 0 0 
0.00446126123222879631 1.32161 0 215195 34.5123 33.8899 15.5066 0 01 0 0 0 0 0 0 0 0 0 0 0 1.31405 2.60653 0 0 
0.00447593088551734384 0.208572 0 43247 34.425 33.807 15.5798 0 01 0 0 -0 0 0 0 -0 0 0 0 -0 12.3877 24.678 2150.35 6077.88 
0.00447593088551734384 0.357584 0 38744 34.4193 33.8016 15.5196 0 01 0 -0 0 0 0 -0 0 0 0 -0 0 6.95121 20.4496 48.4121 506.121 
0.00447748841109722132 0.227258 0 71669 0.170178 33.7323 15.5771 0 01 0 0 -0 0 0 0 -0 0 0 0 -0 3.8431 11.2978 136.249 322.08 
0.00447915843823026589 1.43874 0 213781 34.3295 33.7162 15.5889 0 01 0 0 0 0 0 0 0 0 0 0 0 0 1.43874 0 0 
0.00451607453338099055 0.315582 0 306675 33.9768 33.381 15.7428 0 1.072261 -1.04276 -0.229784 0.09788 0 -0 0 0 0 -0 0 0 18.1585 42.3626 941.82 1694.25 
0.00451607453338099055 2.80787 0 386821 34.0314 33.4329 15.7685 0 4.999951 3.04935 3.54987 1.76049 0 0 0 0 0 0 0 0 2.70232 5.47394 0 0 
0.00452047574468277674 0.501546 0 202678 33.9515 33.357 15.7283 0 6.368351 -5.32923 0.640637 -3.42707 0 -0 0 0 0 -0 0 0 3.01273 13.6171 0 106.428 
0.00452638156883160801 1.71098 0 272267 33.8736 33.283 15.7344 0 6.631751 2.30694 4.78511 -3.97 0 0 0 -0 0 0 0 -0 0 3.37968 0 0 
0.00452795678541434085 0.922893 0 334345 33.8645 33.2743 15.7189 0 2.573391 -1.50576 0.0474428 -2.08633 0 -0 0 0 0 -0 0 0 0.899162 3.65049 0 0 
0.00453362770462532785 0.355988 0 237905 33.8209 33.2328 15.7491 0 3.106411 -3.08333 0.322451 0.197109 0 -0 0 0 0 -0 0 0 2.42432 12.3863 20.6504 20.6504 
0.00455229569372631385 0.170394 1 422512 0 36.0808 32.4727 0 0 1 -0.00446744 -0.140633 0.473224 0 0 -0 0 0 0 -0 0 12.8407 25.3018 1873.01 4683.43 
0.00456487121141732448 0.644536 0 363058 33.527 32.9531 15.5663 0 17.65051 -15.7405 5.24749 -6.02004 0 -0 0 0 0 -0 0 0 5.02521 8.18587 96.9959 290.951 
0.00457440390151268167 0.0403386 0 178115 0.376963 46.2747 41.6472 0 01 0 0 0 0 0 0 0 0 0 0 0 13.6772 25.2724 2818.5 5565.67 
0.00457440390151268167 0.284964 0 221647 33.4925 32.9203 15.6268 0 15.07091 -13.0546 -7.42322 -1.2665 0 0 -0 0 0 0 -0 0 9.97575 24.5731 184.102 748.847 
0.00458083329760462961 0.199289 0 17420 33.4215 32.8527 15.5288 0 22.50931 -5.0197 -6.45866 -20.9704 0 -0 0 0 0 -0 0 0 10.3361 21.283 1568.4 4163.5 
0.00458083329760462961 0.579601 0 195542 33.3682 32.802 15.5526 0 28.74321 -16.2977 21.0165 10.9025 0 0 0 0 0 0 0 0 5.24097 18.022 113.491 329.494 
0.00460908747792399594 0.47498 0 149405 33.1739 32.6171 15.4302 0 35.90211 -3.72408 -27.7045 -22.529 0 0 -0 0 0 0 -0 0 9.59455 31.0873 233.074 740.504 
0.00460908747792399594 0.492594 0 140577 33.135 32.5801 15.4306 0 12.20931 10.8575 5.58395 0.0218221 0 0 0 0 0 0 0 0 10.6126 31.4024 338.043 736.7 
0.00461091453131586785 2.03213 0 378323 33.1048 32.5513 15.4308 0 29.58821 4.94658 -15.3487 24.8074 0 0 0 0 0 0 0 0 0 0 0 0 
0.00461848143174626614 0.285026 0 138555 33.057 32.506 15.3634 0 29.29121 -5.56428 -28.7115 -1.63054 0 0 0 -0 0 0 0 -0 8.56373 24.3181 446.43 1110.49 
0.00461848143174626614 0.391372 0 342636 33.0787 32.5266 15.3771 0 43.1841 26.396 -3.19019 34.0284 0 0 0 0 0 0 0 0 4.18484 19.6917 32.7672 393.091 
0.00462862941555374982 1.01511 0 224265 32.946 32.4001 15.3538 0 27.63431 26.3234 2.45991 -8.04233 0 0 0 0 0 0 0 0 2.07566 3.09504 0 0 
0.00465122091037706211 0.30454 0 41308 0.287805 32.2303 15.2265 0 11.58761 -11.4924 -0.284882 1.45455 0 0 0 0 0 0 0 0 11.4019 29.4454 487.085 1268.62 
0.00465122091037706211 1.04058 0 296592 32.7839 32.2455 15.2391 0 29.47191 -7.4098 5.79637 27.93 0 0 0 0 0 0 0 0 6.15538 19.5251 53.6202 53.6202 
0.00465122091037706211 2.18758 0 362838 32.8024 32.2632 15.2422 0 31.02671 13.231 25.653 11.3808 0 0 0 0 0 0 0 0 0 8.64426 0 0 
0.00466092367487747072 0.704358 0 236025 32.6713 32.1383 15.1611 0 30.25611 -20.433 -21.7668 4.91211 0 0 0 0 0 0 0 0 6.40083 19.1681 4.49945 44.3821 
0.00468295595679314031 0.0753517 1 437434 0 88.3115 52.7427 0 0 2 9.10007e-05 -0.015049 0.00275834 0 0 0 0 0 0 0 0 16.1296 30.6088 2646.52 5092.14 
0.00468295595679314031 0.601746 0 213632 32.4818 31.9575 15.0279 0 36.94851 36.6075 -4.96727 0.641848 0 0 0 0 0 0 0 0 13.4713 25.6362 407.478 686.17 
0.00468295595679314031 0.749399 0 316050 32.5693 32.0409 15.0903 0 43.18571 -38.7547 -18.4581 4.73088 0 -0 0 0 0 -0 0 0 8.35992 22.0209 305.822 377.643 
0.00468750048976362271 1.1745 0 350599 32.4505 31.9276 15.0043 0 41.18581 -28.7523 -29.2392 -3.82677 0 0 -0 0 0 0 -0 0 2.32583 6.93457 0 0 
0.00469922521344654561 0.442561 0 223846 32.3411 31.8233 14.916 0 50.0841 27.2094 2.39119 41.9802 0 0 0 0 0 0 0 0 1.35312 1.78777 0 120.304 
0.00470398658730430182 0.488439 0 107151 32.3059 31.7897 14.8845 0 53.30491 -30.9961 33.1537 -27.9551 0 0 0 -0 0 0 0 -0 3.84798 8.67171 262.941 286.593 
0.00470643152432789237 0.166996 0 176355 32.2815 31.7664 14.8641 0 70.76671 -47.7785 36.3908 37.4279 0 -0 0 0 0 -0 0 0 2.63036 5.43376 105.033 797.658 
0.00473158114057807468 0.22369 0 424861 0.271241 31.8867 14.6326 0 31.04071 -31.0371 -0.410941 0.235203 0 0 0 0 0 0 0 0 8.57958 22.0725 967.75 1616.02 
0.00473754772867838406 1.57814 0 276444 32.0268 31.5233 14.6689 0 23.81711 -23.0554 0.784206 -5.92348 0 0 0 -0 0 0 0 -0 0 0 0 0 
0.0047417751372023165 0.209011 0 485592 0.278715 31.831 14.4081 0 40.58471 33.2317 -10.5315 -20.7811 0 0 -0 0 0 0 -0 0 4.43238 11.6547 907.919 1282.63 
0.0047417751372023165 1.37081 0 139792 31.9889 31.4871 14.6396 0 63.68781 -34.9614 48.5911 21.7425 0 -0 0 0 0 -0 0 0 1.37273 2.73815 0 0 
0.00476335648898160591 3.01862 0 370212 31.8537 31.3581 14.5298 0 42.79891 -1.20387 -38.4467 -18.7657 0 -0 0 0 0 -0 0 0 0 0 0 0 
0.00479602165185482113 1.05034 0 194863 31.5906 31.1069 14.3026 0 114.0531 96.0369 56.0015 25.4732 0 0 0 0 0 0 0 0 4.25081 18.0583 0 266.219 
0.00479783257122437003 1.38895 0 109173 31.5459 31.064 14.2675 0 37.62831 28.7445 18.7441 15.4368 0 0 0 0 0 0 0 0 1.39547 1.39547 0 33.3435 
0.00481369636345333873 0.149809 0 55686 31.4713 30.9929 14.1968 0 32.18551 -10.4167 18.5365 24.162 0 0 0 0 0 0 0 0 17.1831 29.833 3046.49 6866.3 
0.00481369636345333873 0.179926 0 15422 31.4974 31.0177 14.2201 0 82.42191 27.8441 77.2139 7.48973 0 0 0 0 0 0 0 0 17.1831 29.833 3046.49 6866.3 
0.00481369636345333873 0.334232 0 291088 31.4867 31.0076 14.2104 0 81.00521 39.2322 2.59715 70.8232 0 0 0 0 0 0 0 0 13.6422 33.3585 520.767 1352.91 
0.00482291089658207911 1.10682 0 754776 0 31.3343 13.9636 0 60.18421 48.7002 -4.96633 -35.0109 0 0 0 -0 0 0 0 -0 4.34496 10.9432 185.135 314.421 
0.00483563434490512541 0.272872 0 208370 31.2844 30.8143 14.038 0 34.7081 23.6218 24.0006 8.40402 0 0 0 0 0 0 0 0 16.049 31.2693 957.055 2853.06 
0.00483563434490512541 0.434113 0 201977 31.3105 30.8393 14.0594 0 78.70571 78.4286 -6.00583 2.73349 0 0 0 0 0 0 0 0 14.7473 32.4073 94.1984 568.221 
0.00483563434490512541 1.18866 0 454242 0.376185 38.9155 35.024 0 01 0 0 0 0 0 0 0 0 0 0 0 3.60638 15.5972 23.7377 345.091 
0.00483681876563125685 0.620998 0 67849 31.2414 30.7731 13.9961 0 112.1211 10.7455 -35.2239 105.9 0 0 -0 0 0 0 -0 0 0 2.4823 0 0 
0.0048378028279835953 0.274346 0 184947 31.2345 30.7664 13.9913 0 54.95161 -54.0832 -9.71825 0.489706 0 0 -0 0 0 0 -0 0 2.16816 7.20992 0 201.253 
0.0048378028279835953 0.36137 0 66897 31.2341 30.7661 13.9911 0 120.5711 -18.4361 96.839 -69.4231 0 0 0 -0 0 0 0 -0 1.04533 5.24008 0 0 
0.0048378028279835953 0.455651 1 154920 31.2574 10.2249 6.29287 0 0 1 13.6146 17.1918 2.19782 0 0 0 0 0 0 0 0 1.36081 4.49942 406.469 409.966 
0.00484003957031531838 0.0940177 0 588168 0.160685 35.9564 32.3607 0 01 0 0 0 0 0 0 0 0 0 0 0 3.87625 9.12592 27.7578 988.668 
0.00486957450094881086 0.403895 0 34930 31.0161 30.5575 13.7942 0 92.95731 82.8401 25.2288 33.7949 0 0 0 0 0 0 0 0 6.65202 16.4417 171.699 178.222 
0.00486957450094881086 1.53002 0 300179 31.0381 30.5786 13.8146 0 62.82661 -13.2063 -61.3196 3.55987 0 0 0 0 0 0 0 0 1.56324 1.56324 0 0 
0.00487911667333370755 1.38551 0 304523 30.9467 30.4914 13.7294 0 152.6931 -132.087 60.5424 -46.9334 0 0 0 -0 0 0 0 -0 2.80656 8.4036 62.1566 62.1566 
0.0048835621746151801 0.312674 0 30458 1.43011 30.4406 13.6826 0 79.34831 -33.4572 -8.00553 -71.503 0 -0 0 0 0 -0 0 0 6.72788 19.9204 22.5325 470.111 
0.00490093662230864369 0.140461 1 0 0 30.3752 13.6166 0 0 1 -21.8461 36.6702 55.4396 1 -30.508 36.1635 52.3425 0 -0 0 0 15.5653 29.7072 3512.46 6125.37 
0.00490093662230864369 0.47564 0 52314 0.0802729 30.3448 13.5874 0 115.8971 85.8572 -26.0802 73.3524 0 0 -0 0 0 0 -0 0 8.17217 26.5929 210.969 619.312 
0.00490093662230864369 0.749652 0 177987 30.7625 30.3151 13.5559 0 65.70541 9.3591 -53.8651 36.444 0 0 -0 0 0 0 -0 0 8.88471 23.6811 0 130.742 
0.00491413437979284964 0.178459 0 59481 30.6952 30.2506 13.491 0 138.5881 -56.7031 -102.167 -74.5209 0 -0 0 0 0 -0 0 0 15.427 29.7113 1825.78 3972.32 
0.00491413437979284964 0.237661 0 79775 0.474949 30.4845 13.1973 0 93.29181 84.9673 -3.72772 -38.3408 0 0 -0 0 0 0 -0 0 16.836 33.9013 419.725 2668.97 
0.00491413437979284964 0.835756 0 194475 30.6804 30.2364 13.4794 0 130.0191 4.86557 -55.9405 117.269 0 0 0 0 0 0 0 0 6.76661 26.1462 0 155.873 
0.00491614359618941423 0.893268 0 26774 30.6602 30.217 13.4603 0 223.9311 221.658 -25.9743 18.3868 0 0 0 0 0 0 0 0 0.895244 1.78806 0 0 
0.00491904006252125593 0.567917 0 169885 30.6318 30.1897 13.4334 0 55.58081 -39.8295 21.8119 32.048 0 0 0 0 0 0 0 0 0.564273 2.28413 0 0 
0.00492614628572298624 3.73624 0 253960 30.5912 30.1508 13.3966 0 122.6031 -120.775 -1.23416 -21.0556 0 -0 0 0 0 -0 0 0 0 0 0 0 
0.00492828015288076984 0.873851 0 132704 30.5626 30.1235 13.3702 0 193.331 -89.7608 -47.6624 164.463 0 0 -0 0 0 0 -0 0 0.860717 5.22777 0 0 
0.00493749205786919027 0.214939 0 476191 0.332247 18.6779 16.8101 0 01 0 -0 0 0 0 -0 0 0 0 -0 0 9.46538 18.5265 2524.95 5022.17 
0.00493749205786919027 0.375513 0 19678 30.5204 30.0832 13.3264 0 207.7591 -172.082 66.9313 -95.2456 0 0 0 0 0 0 0 0 4.92151 18.1201 123.084 635.885 
0.00493749205786919027 1.06368 0 304139 30.4969 30.0607 13.3013 0 88.30111 77.6929 -36.4788 20.7412 0 0 0 0 0 0 0 0 1.07997 10.7396 0 0 
0.00495616103379899284 0.187056 0 89901 30.3874 29.9559 13.228 0 111.2311 -111.181 2.12591 2.56177 0 0 0 0 0 0 0 0 19.3175 35.469 3715.51 6777.23 
0.00495616103379899284 0.205506 1 0 0 11.5341 7.5959 0 0 1 46.1981 -37.2755 13.6206 1 42.9867 -29.9014 36.9124 0 0 0 0 19.3175 35.469 3715.51 6777.23 
0.00495616103379899284 0.541771 0 263588 30.416 29.9831 13.2488 0 123.2211 120.497 3.85871 25.4784 0 0 0 0 0 0 0 0 12.468 40.118 219.597 815.901 
0.00495616103379899284 0.813514 0 325015 30.3703 29.9396 13.2125 0 106.6891 68.7674 67.7936 -45.3614 0 0 0 0 0 0 0 0 10.6191 37.6753 0 25.4394 
0.00495616103379899284 2.01047 0 357743 30.4199 29.9869 13.2472 0 118.0781 99.5434 40.4284 -48.9794 0 0 0 0 0 0 0 0 0 16.3956 0 0 
0.00497998934221726385 0.708169 0 71493 30.2655 29.8391 13.1257 0 219.3871 -211.668 33.779 46.7581 0 0 0 0 0 0 0 0 2.87696 20.8353 0 0 
0.00499612375805083206 0.888516 0 291911 30.1002 29.6807 12.9673 0 69.70641 4.36466 68.6325 11.3806 0 0 0 0 0 0 0 0 3.51518 24.5455 3.98296 168.833 
0.00499612375805083206 1.06821 0 183892 30.1223 29.702 12.9904 0 128.9371 31.5077 -95.8883 80.2343 0 0 -0 0 0 0 -0 0 7.52366 16.1029 0 183.38 
0.00501464902992668996 0.125358 0 154589 30.0242 29.6078 12.8981 0 162.0321 117.403 -35.9012 105.744 0 0 0 0 0 0 0 0 16.775 28.9071 1015.07 4689.81 
0.00501464902992668996 0.460897 0 27397 30.0313 29.6145 12.9014 0 61.48841 47.6198 -2.5225 38.8178 0 0 0 0 0 0 0 0 10.5504 30.8782 297.975 686.846 
0.00501464902992668996 1.86297 0 387995 29.9841 29.5693 12.8534 0 51.94261 51.5822 0.586558 -6.07984 0 0 0 0 0 0 0 0 5.7256 11.3651 95.0021 95.0021 
0.0050255039495607709 0.338983 0 455087 0.179929 29.8649 12.7751 0 176.2211 25.5071 -166.968 50.2471 0 0 -0 0 0 0 -0 0 8.52064 25.9489 745.034 1084.92 
0.00504042386538916965 0.209874 0 129259 29.8493 29.4401 12.7237 0 54.84091 -49.2784 -6.29427 -23.2282 0 0 -0 0 0 0 -0 0 16.3182 30.7916 2536.65 5668.98 
0.00504042386538916965 1.11838 0 292369 29.8038 29.3965 12.6777 0 87.40581 -28.2073 -78.7049 -25.4885 0 -0 0 0 0 -0 0 0 4.43396 14.4165 0 527.941 
0.00504140481137476792 1.69277 0 271389 29.7789 29.3726 12.6561 0 16.64121 -12.7098 0.705435 -10.7189 0 0 0 0 0 0 0 0 0 0 0 0 
0.00504533033928320114 0.236798 0 86949 29.7502 29.3452 12.6294 0 88.89821 57.0996 -30.7235 60.8161 0 0 0 0 0 0 0 0 4.73359 9.48607 194.455 258.195 
0.00505953494185517379 0.113087 1 464884 0 29.8077 26.8269 0 0 1 0.13794 -0.147381 -0.343526 0 0 -0 0 0 0 -0 0 9.07613 22.2907 269.443 2514.87 
0.00505953494185517379 1.21964 0 274730 29.6653 29.2637 12.541 0 130.9471 -116.71 15.2251 -57.3948 0 -0 0 0 0 -0 0 0 1.19963 9.69358 0 0 
0.00505953494185517379 1.98233 0 48688 29.678 29.2759 12.5545 0 163.4891 74.9264 -120.64 -80.9981 0 0 0 0 0 0 0 0 3.91784 3.91784 0 0 
0.0050617373687386032 0.356886 0 293121 29.6463 29.2455 12.5247 0 35.38551 27.1624 -22.6702 0.629614 0 0 0 0 0 0 0 0 3.2706 11.2086 354.636 517.573 
0.0050617373687386032 1.73261 0 367285 29.6525 29.2514 12.5308 0 111.4751 -110.817 2.86466 -11.7516 0 0 0 -0 0 0 0 -0 0 1.71198 0 0 
0.0050726788233854082 0.565523 0 289599 29.5754 29.1775 12.455 0 152.9841 -48.0129 40.2971 139.553 0 0 0 0 0 0 0 0 2.30171 9.19387 25.5206 36.6531 
0.00507573207458772782 0.78963 0 360776 29.5502 29.1534 12.4268 0 173.1291 167.593 -36.5324 23.4852 0 0 0 0 0 0 0 0 0.804514 4.02163 0 12.6982 
0.00510720534413669578 0.205585 1 153147 0 10.134 6.22458 0 0 2 -45.3683 80.7552 -38.1544 0 0 0 -0 0 0 0 -0 21.5758 38.1877 3880.75 8233.25 
0.00510720534413669578 1.73256 0 392518 29.4353 29.0432 12.3091 0 110.9141 -109.886 -13.3116 7.06563 0 0 0 0 0 0 0 0 5.20032 15.6247 0 53.2033 
0.00510720534413669578 1.74252 0 366867 29.4376 29.0453 12.3119 0 89.90391 89.9039 -0.0218666 -0.00152754 0 0 0 0 0 0 0 0 5.20032 15.6247 0 53.2033 
0.00512965618031447062 0.440511 1 308982 0 9.01506 8.07668 0 0 1 0.986364 2.69411 -3.62577 0 0 0 0 0 0 0 0 16.0195 41.2773 894.202 1935 
0.00512965618031447062 1.27631 0 313243 29.2039 28.821 12.0739 0 155.0371 154.832 7.94139 -0.778291 0 0 0 -0 0 0 0 -0 6.46129 21.941 0 381.41 
0.00512965618031447062 1.57654 0 335816 29.2236 28.8398 12.0938 0 139.731 -17.9863 111.281 82.5686 0 0 0 0 0 0 0 0 3.17428 14.1182 0 0 
0.00512965618031447062 1.8789 0 152125 29.2841 28.8979 12.1557 0 341.331 -13.3308 -120.136 319.211 0 0 0 0 0 0 0 0 7.57345 22.6881 0 0 
0.00513856187002940858 0.292017 1 0 29.1241 10.0543 6.16698 0 0 1 -5.57043 -22.1405 63.9446 1 33.7266 -19.0289 0.603717 0 0 0 0 5.75755 15.7226 219.639 567.381 
0.0051588989494240978 0.184157 0 6292 29.1038 28.7247 11.9722 0 180.9281 10.1826 -177.498 -33.5544 0 0 0 0 0 0 0 0 19.9519 33.9291 2117.55 5729.59 
0.0051588989494240978 0.290285 0 19650 29.1244 28.7446 11.9929 0 119.0431 -93.3099 -32.4172 66.4344 0 0 -0 0 0 0 -0 0 20.7383 38.8645 580.48 2127.43 
0.0051588989494240978 0.473762 0 185079 29.0216 28.6457 11.8794 0 177.8281 -168.203 47.0169 33.4654 0 0 0 0 0 0 0 0 16.2528 44.7269 42.7911 705.581 
0.0051588989494240978 0.808491 0 353010 29.0679 28.6902 11.9311 0 125.8451 8.72772 -30.2723 121.838 0 0 -0 0 0 0 -0 0 14.4183 30.4743 9.71555 14.1827 
0.0051588989494240978 0.958549 0 54359 0.449972 29.6083 12.9076 0 225.4511 158.485 -141.594 75.2431 0 0 -0 0 0 0 -0 0 12.4707 32.7108 7.09548 77.9157 
0.0051588989494240978 2.37773 0 387605 29.0408 28.6642 11.8996 0 202.9141 60.619 161.842 106.333 0 0 0 0 0 0 0 0 2.47291 7.36517 0 0 
0.00516226006421138545 0.78997 0 261741 29.0085 28.6332 11.8654 0 36.78021 -34.7207 12.0982 0.943833 0 0 0 0 0 0 0 0 0.789526 5.59229 0 0 
0.00516624650646869792 0.456072 0 201415 28.9879 28.6135 11.8451 0 153.4171 113.166 -3.94468 -103.512 0 0 -0 0 0 0 -0 0 5.50812 11.5232 0 63.5439 
0.00517641133534511595 0.421721 0 179360 28.9337 28.5614 11.7882 0 103.5521 68.0309 -4.3877 -77.9463 0 0 0 -0 0 0 0 -0 9.88548 22.3873 200.109 550.59 
0.00519672615004135394 0.0497442 1 0 0 9.88902 6.05469 0 0 1 12.5423 -32.8322 47.5418 1 -1.65735 25.9501 9.09663 0 0 0 0 13.844 26.6225 2741.94 7221.96 
0.0052144693680445716 0.052846 0 126118 1.2074 28.3672 11.5756 0 145.3781 -76.5195 -123.164 10.4969 0 0 0 0 0 0 0 0 19.0649 37.4685 2774.88 8464.39 
0.0052144693680445716 0.403642 0 239877 28.678 28.3155 11.5173 0 272.8661 -65.4779 -203.932 -169.057 0 -0 0 0 0 -0 0 0 13.0332 40.2611 524.559 1014.83 
0.0052144693680445716 1.74397 0 321271 28.7216 28.3573 11.5637 0 249.121 44.3004 -95.8766 225.623 0 0 -0 0 0 0 -0 0 1.77489 12.2345 0 7.67891 
0.00522076749597892402 1.34581 0 332721 28.6521 28.2906 11.4899 0 140.421 7.10477 101.334 96.9479 0 0 0 0 0 0 0 0 0 3.99037 0 0 
0.00522076749597892402 1.49739 0 308710 28.6661 28.304 11.5058 0 152.1951 149.065 29.4619 -8.66497 0 0 0 0 0 0 0 0 6.07748 12.1919 0 0 
0.00522665626490253447 0.158302 0 23097 0.149428 28.4996 11.2605 0 57.35921 -23.8494 -42.3062 30.5201 0 0 -0 0 0 0 -0 0 8.80006 21.0538 482.761 2082.14 
0.00525077012309601004 0.123474 0 162556 0 28.1001 11.2769 0 196.551 130.205 137.053 53.8033 0 0 0 0 0 0 0 0 18.5894 33.1121 2405.14 6996.67 
0.00525077012309601004 0.295152 0 61856 28.5407 28.1834 11.3693 0 205.1941 164.749 -89.6807 83.1851 0 0 0 0 0 0 0 0 22.9136 41.0276 777.033 1739.33 
0.00525077012309601004 0.505094 0 248774 28.5498 28.1922 11.3801 0 100.2791 -98.9947 -9.51009 -12.8677 0 -0 0 0 0 -0 0 0 11.3666 34.0881 94.1864 297.573 
0.00525077012309601004 1.00426 0 264537 0 28.1524 13.8506 0 132.0031 -96.0953 89.4959 13.4532 0 0 0 0 0 0 0 0 8.97439 23.9467 8.10139 96.1292 
0.0052680994321118212 0.221653 0 99537 28.3536 28.0035 11.171 0 171.0661 -152.048 66.07 42.1871 0 0 0 0 0 0 0 0 16.4589 29.8292 2542.19 4229.23 
0.0052680994321118212 0.241987 0 193763 28.3885 28.0371 11.2059 0 204.1521 -152.548 127.072 -47.5413 0 0 0 0 0 0 0 0 14.7012 27.4667 476.045 2373.79 
0.0052680994321118212 0.323115 0 228406 28.3649 28.0144 11.1815 0 97.71711 94.7246 -10.3193 21.6651 0 0 -0 0 0 0 -0 0 15.535 36.5344 187.353 829.25 
0.0052680994321118212 0.50647 0 291918 28.3755 28.0246 11.1944 0 206.1941 -201.407 -1.2242 44.1566 0 0 0 0 0 0 0 0 8.89093 25.8604 78.7632 511.506 
0.0052680994321118212 1.54207 0 344896 28.3557 28.0055 11.1701 0 103.8041 -96.3452 -34.9698 16.4341 0 0 0 0 0 0 0 0 1.51492 15.2053 0 0 
0.00526998500968075059 0.471618 0 185355 28.3386 27.9891 11.1523 0 221.9861 -188.983 -109.17 -40.5607 0 0 0 0 0 0 0 0 0.916577 8.38407 0 296.31 
0.00528242741512825482 0.356988 0 67839 28.2831 27.9356 11.0916 0 20.20141 18.5043 -7.81792 -2.13703 0 0 0 0 0 0 0 0 13.4518 24.6737 1046.62 1692.63 
0.00528242741512825482 0.449623 0 106288 28.3056 27.9573 11.1154 0 227.6981 125.271 -108.199 156.354 0 0 0 0 0 0 0 0 13.0863 34.8941 496.965 728.996 
0.00528242741512825482 0.493325 0 457014 0.249908 28.2415 10.8548 0 272.281 236.375 -38.1341 -129.65 0 0 0 0 0 0 0 0 11.3396 32.6671 27.2249 268.443 
0.00528242741512825482 0.938383 0 223714 28.3313 27.982 11.1427 0 365.091 353.53 89.8137 15.5339 0 0 0 0 0 0 0 0 14.1057 30.0832 73.1689 216.849 
0.00528242741512825482 1.34414 0 224840 28.2861 27.9385 11.0954 0 76.79241 25.36 -66.0534 -29.8479 0 0 0 0 0 0 0 0 0 14.7376 0 0 
0.00529112219235003661 0.757427 0 296004 28.2226 27.8775 11.0261 0 59.71381 -12.8895 0.407064 -58.3047 0 0 0 0 0 0 0 0 0.748436 5.29442 0 0 
0.0052961087119107993 0.155318 0 39238 28.202 27.8577 11.0029 0 71.08151 32.8237 -27.0779 -56.9383 0 0 -0 0 0 0 -0 0 9.10018 19.9484 1152.84 4384.64 
0.0053063308053761327 0.482994 0 243100 28.143 27.8009 10.9361 0 305.7521 -249.657 -158.175 -78.3331 0 0 0 -0 0 0 0 -0 10.7766 28.1617 193.908 563.26 
0.00532234716732626727 0.421798 0 6219 28.0697 27.7305 10.8586 0 108.6771 92.7143 25.0015 50.8898 0 0 0 0 0 0 0 0 18.3199 38.784 4.31362 592.934 
0.00532234716732626727 0.950087 0 365272 28.0702 27.731 10.8592 0 65.72491 -64.3857 -9.32973 9.33818 0 -0 0 0 0 -0 0 0 9.41911 31.1682 0 1.55575 
0.00532234716732626727 1.15467 0 331934 28.0534 27.7148 10.8398 0 126.321 0.324708 102.533 73.7804 0 0 0 0 0 0 0 0 5.77186 18.4269 0 13.2724 
0.00533148150121722127 0.189413 0 73589 20.478 27.6583 10.7801 0 191.6581 188.249 26.5774 -24.2698 0 0 0 -0 0 0 0 -0 14.4884 28.6689 1179.7 4337.57 
0.00533148150121722127 0.246408 0 86890 94.1229 29.1043 12.3811 0 155.7941 -28.4889 -56.8141 142.241 0 0 0 0 0 0 0 0 10.3024 27.602 14.5333 863.745 
0.00533148150121722127 0.313187 0 41160 28.0132 27.6761 10.7983 0 161.1791 -68.2007 144.96 -17.722 0 0 0 0 0 0 0 0 11.2024 26.0027 335.539 797.669 
0.00533148150121722127 0.315767 0 129944 28.0037 27.6669 10.7873 0 67.50371 67.2486 -5.79512 -0.890539 0 0 0 -0 0 0 0 -0 11.2024 26.0027 335.539 797.669 
0.00533148150121722127 0.714132 0 171631 28.0086 27.6716 10.7926 0 109.9451 -109.944 0.0394384 -0.16029 0 0 0 0 0 0 0 0 3.51344 14.8815 41.6661 47.4194 
0.00534621986799669636 0.182719 0 185527 27.9668 27.6315 10.7488 0 265.5281 -264.798 8.67885 17.665 0 -0 0 0 0 -0 0 0 16.743 29.825 1778.61 3748.58 
0.00534621986799669636 1.25774 0 300870 27.9003 27.5673 10.6755 0 113.0081 -21.2311 94.6439 -57.9869 0 -0 0 0 0 -0 0 0 6.28448 19.0049 16.9341 25.9208 
0.00534621986799669636 1.32208 0 279797 27.9416 27.6072 10.7196 0 239.9481 -220.984 93.4937 0.500286 0 0 0 0 0 0 0 0 2.61748 9.14251 0 0 
0.00538279037450990587 0.367538 0 132710 27.7405 27.4134 10.5011 0 125.2331 71.9953 -99.8919 -22.8368 0 0 0 -0 0 0 0 -0 28.6324 53.3544 742.911 2516.19 
0.00538279037450990587 0.983299 0 262055 27.8567 27.5256 10.6302 0 147.0831 -54.5529 32.1596 132.753 0 -0 0 0 0 -0 0 0 21.5004 54.5586 232.107 358.083 
0.00538279037450990587 1.28499 0 223552 27.8459 27.5152 10.6169 0 259.3211 -189.008 24.568 -175.84 0 0 0 0 0 0 0 0 16.9417 44.4007 0 363.983 
0.00538279037450990587 1.31903 0 346540 27.8273 27.4972 10.5971 0 248.9561 -31.0272 232.898 -82.3097 0 0 0 -0 0 0 0 -0 16.9417 44.4007 0 363.983 
0.00539764678703534041 0.774572 0 207143 27.6503 27.3266 10.4028 0 57.34891 -48.9145 21.3577 20.9791 0 0 0 0 0 0 0 0 10.6729 25.8998 55.8248 111.143 
0.00539764678703534041 0.803651 0 166801 27.6131 27.2907 10.3634 0 255.2981 114.715 -178.767 -141.634 0 0 0 0 0 0 0 0 7.31589 25.222 0 249.337 
0.00540044178054922049 0.715211 0 309816 27.6032 27.2812 10.3523 0 154.1951 125.767 -8.7476 -88.7824 0 0 0 0 0 0 0 0 1.43427 7.84651 38.315 38.315 
0.00541087031508532754 0.518224 0 89495 27.5396 27.22 10.2812 0 150.921 5.92667 -130.737 -75.1631 0 0 -0 0 0 0 -0 0 5.25136 17.8821 96.765 231.221 
0.00541087031508532754 1.72367 0 339850 27.5548 27.2346 10.3 0 238.2891 202.583 -120.932 33.4245 0 0 0 0 0 0 0 0 1.6709 8.50981 0 0 
0.00543009899065033299 0.71055 0 335263 27.4531 27.1366 10.1879 0 128.0061 20.367 120.415 -38.3555 0 0 0 0 0 0 0 0 8.56639 31.3656 0 242.407 
0.00543009899065033299 0.855124 0 18064 27.4481 27.1318 10.1821 0 179.2761 -116.807 -113.245 -75.3097 0 0 0 0 0 0 0 0 11.219 29.4234 173.09 655.947 
0.00544570455423754735 0.565504 0 129927 27.4288 27.1131 10.1608 0 106.4031 88.2408 -35.6889 -47.5557 0 0 -0 0 0 0 -0 0 10.0678 32.334 0 414.324 
0.00544570455423754735 0.594028 0 223825 27.3517 27.0387 10.0763 0 220.4621 123.271 132.938 -125.44 0 0 0 -0 0 0 0 -0 9.95487 39.6921 0 312.834 
0.00546421306475500159 0.113284 0 61838 27.3392 27.0267 10.064 0 222.5071 -220.55 8.44028 -28.2141 0 0 0 0 0 0 0 0 20.6928 38.3691 2439.4 7018.2 
0.00546421306475500159 0.209161 0 149264 27.311 26.9996 10.032 0 221.8411 80.5264 -181.983 98.0361 0 0 0 0 0 0 0 0 20.6928 38.3691 2439.4 7018.2 
0.00546421306475500159 0.442195 0 298005 27.3092 26.9978 10.0299 0 249.9631 -177.069 -149.025 94.4457 0 0 0 0 0 0 0 0 12.7995 40.1706 393.094 806.583 
0.00546421306475500159 1.4697 0 338496 27.3373 27.0249 10.0618 0 245.6851 -126.67 68.7166 198.982 0 0 0 0 0 0 0 0 4.48152 23.84 0 0 
0.00547008245238560231 0.0523259 1 156600 0 28.0841 25.2757 0 0 1 -0.0503462 -0.204468 -0.276942 0 -0 0 0 0 -0 0 0 9.07311 20.3475 942.927 2066.89 
0.00547008245238560231 0.203208 1 55732 0 9.60144 5.8818 0 0 1 73.2991 86.2086 -119.771 0 0 0 0 0 0 0 0 9.07311 20.3475 942.927 2066.89 
0.00547008245238560231 1.03772 0 340718 27.2398 26.9312 9.95422 0 304.7051 -279.39 -61.4875 -104.907 0 0 -0 0 0 0 -0 0 4.15936 9.37465 0 107.929 
0.00547008245238560231 1.14251 1 418711 0 15.4796 13.9054 0 0 2 -0.69175 20.717 1.16952 0 -0 0 0 0 -0 0 0 4.51693 14.6745 0 13.7415 
0.00547166446155493511 0.706719 0 181037 27.2189 26.911 9.93198 0 252.0431 -251.924 6.07021 -4.83965 0 -0 0 0 0 -0 0 0 2.11212 5.68127 0 44.4029 
0.00549072815587175155 0.353839 0 141353 0.323506 27.1122 9.83108 0 132.7611 -129.613 -21.2785 -19.3183 0 0 0 -0 0 0 0 -0 15.8915 46.4405 484.818 1174.27 
0.00549072815587175155 0.910851 0 241647 27.1487 26.8431 9.85402 0 91.37171 40.2989 -29.93 76.3478 0 0 0 0 0 0 0 0 12.8714 36.8008 66.6062 337.497 
0.00549072815587175155 1.15909 0 257243 27.2074 26.8998 9.92015 0 284.5471 -272.511 78.0626 -24.7116 0 -0 0 0 0 -0 0 0 0 0 0 0 
0.00549072815587175155 1.22393 0 352578 27.1776 26.871 9.88663 0 340.951 117.983 -219.838 -232.376 0 0 0 -0 0 0 0 -0 3.70021 25.9304 0 105.552 
0.00549072815587175155 1.75182 0 292326 27.1149 26.8106 9.81719 0 198.6841 198.667 1.777 -1.84022 0 0 0 0 0 0 0 0 3.51859 14.1044 0 0 
0.00549715469794757796 0.409729 0 501542 0 27.2575 10.1583 0 119.9421 -99.6813 3.75474 66.6008 0 0 0 0 0 0 0 0 6.95653 24.1239 0 1221.53 
0.00551229219121680998 1.78332 0 250839 27.0503 26.7482 9.74739 0 290.0561 -284.19 21.8124 53.7857 0 0 0 0 0 0 0 0 1.74748 15.8798 0 0 
0.00552256335799747918 1.76947 0 304714 26.9905 26.6905 9.67971 0 164.4841 -100.234 -108.322 72.6249 0 0 -0 0 0 0 -0 0 5.32655 17.7269 0 0 
0.00553924938375072694 0.376798 0 607038 0.642157 27.0949 9.86516 0 149.3041 -30.6375 116.288 88.4889 0 0 0 0 0 0 0 0 8.50263 23.7138 485.151 1502.81 
0.00555308581028605888 0.979386 0 330072 26.8562 26.5609 9.53509 0 309.4741 123.464 -0.49722 283.78 0 0 -0 0 0 0 -0 0 7.82863 20.5843 0 234.706 
0.00555308581028605888 1.31504 0 635333 0.0980313 26.9405 9.75626 0 157.451 114.496 -94.1338 53.1046 0 0 0 0 0 0 0 0 3.96689 18.4609 0 0 
0.0055677934597406064 0.885868 0 242090 26.7187 26.4282 9.38509 0 226.2651 -180.581 32.7135 132.348 0 0 0 0 0 0 0 0 8.97437 23.3181 107.544 125.108 
0.00559119302241414904 1.38517 0 243230 26.6712 26.3823 9.33208 0 173.391 -40.2692 -8.7622 -168.421 0 0 0 0 0 0 0 0 7.01358 26.5484 0 349.08 
0.00561475752317351553 0.533639 0 305193 26.4866 26.2039 9.13049 0 247.4951 50.7871 240.47 29.134 0 0 0 0 0 0 0 0 11.7173 28.7814 10.9831 256.614 
0.00561475752317351553 0.796008 0 295684 26.5173 26.2336 9.16437 0 282.661 223.947 -136.775 -105.057 0 0 0 0 0 0 0 0 3.94483 17.3784 0 34.9046 
0.00562443610490138274 1.22566 0 131361 26.4753 26.1931 9.11946 0 107.5741 -75.8114 27.2163 -71.3027 0 0 0 0 0 0 0 0 3.73405 16.16 0 112.495 
0.00564970877810482865 0.492815 0 18681 26.3216 26.0449 8.95204 0 227.2741 -180.166 -27.755 135.732 0 0 0 0 0 0 0 0 10.552 33.1996 18.0666 287.597 
0.00564970877810482865 0.520182 0 125335 0.125143 26.0501 8.95825 0 307.9551 -168.141 227.141 122.36 0 -0 0 0 0 -0 0 0 10.0963 36.7629 0 659.85 
0.00564970877810482865 1.97408 0 279961 26.3148 26.0383 8.94399 0 138.7141 58.2949 99.1959 77.4818 0 0 0 0 0 0 0 0 0 12.0206 0 0 
0.00566711023677270078 0.111788 0 335749 26.272 25.997 8.89919 0 122.0921 119.57 20.0757 14.3705 0 0 0 0 0 0 0 0 17.2621 35.4055 1997.83 5449.58 
0.00566711023677270078 0.440161 0 195209 26.2463 25.9721 8.87012 0 390.251 -327.073 48.8648 -207.197 0 0 0 -0 0 0 0 -0 15.9667 41.7233 319.936 962.958 
0.00567776975062781082 0.167797 0 89672 26.1819 25.9096 8.8014 0 361.0371 -109.781 149.01 309.986 0 0 0 0 0 0 0 0 14.6327 29.8823 356.896 4573.27 
0.00567776975062781082 0.239315 0 170681 26.196 25.9232 8.81581 0 256.1661 -15.4283 -95.6146 237.151 0 0 -0 0 0 0 -0 0 11.5089 31.1416 520.943 1153.32 
0.00567776975062781082 0.243968 0 145174 26.2275 25.9538 8.85063 0 264.6181 -90.6213 248.22 -14.0536 0 -0 0 0 0 -0 0 0 11.5089 31.1416 520.943 1153.32 
0.00567776975062781082 0.334845 0 8327 26.2079 25.9348 8.82795 0 258.2091 -181.803 32.5275 -180.448 0 0 0 0 0 0 0 0 9.59159 29.8071 214.697 1551.65 
0.00569246744713102458 0.103501 1 419843 0 15.5538 13.9726 0 0 2 11.1276 1.79782 8.55553 0 0 0 0 0 0 0 0 15.0267 30.2489 2900.63 6584.44 
0.00570758754605295553 0.27077 0 9348 26.0415 25.774 8.64768 0 239.2571 209.598 -25.6207 112.5 0 0 0 0 0 0 0 0 20.312 43.4487 1169.97 2706.69 
0.00570758754605295553 0.412368 0 158284 26.0693 25.8008 8.67809 0 331.8291 20.3531 -302.712 134.394 0 0 0 0 0 0 0 0 13.9868 36.5088 266.772 1001.37 
0.00570758754605295553 0.436021 0 210569 26.0411 25.7736 8.64877 0 244.8731 237.774 57.4352 11.2943 0 0 0 0 0 0 0 0 16.8886 37.7098 111.46 817.799 
0.00570758754605295553 0.484551 0 232834 26.0945 25.8253 8.70515 0 358.4241 -337.025 121.554 -10.3259 0 -0 0 0 0 -0 0 0 14.6922 40.4905 307.263 1534.71 
0.00570758754605295553 0.654536 0 171637 26.0749 25.8063 8.6847 0 217.5971 -194.052 -92.6206 -33.3739 0 -0 0 0 0 -0 0 0 5.99387 31.9559 0 30.1702 
0.00572171413383642993 0.85533 0 131510 26.0311 25.7639 8.63705 0 152.6921 -151.684 17.0049 -4.1922 0 -0 0 0 0 -0 0 0 4.24637 20.3732 0 0 
0.00572171413383642993 1.27286 0 369436 25.9777 25.7122 8.57883 0 278.4731 243.049 125.519 -52.1448 0 0 0 0 0 0 0 0 5.11472 22.9357 0 0 
0.00572171413383642993 1.68801 0 325539 26.0189 25.7521 8.62345 0 224.5721 -219.65 0.194449 -46.7587 0 0 0 0 0 0 0 0 1.70176 15.4075 0 1.46004 
0.00575183277352409993 0.464302 0 75139 25.8884 25.6259 8.48331 0 339.3681 322.229 83.9728 65.4845 0 0 0 0 0 0 0 0 24.8175 53.6634 187.86 885.799 
0.00575183277352409993 0.541665 0 260365 25.838 25.5773 8.42925 0 179.8541 -136.908 -115.312 17.5107 0 -0 0 0 0 -0 0 0 15.5215 45.0073 135.153 1025.68 
0.00575368136169922186 0.237955 0 60209 25.824 25.5638 8.41456 0 105.5021 72.3536 -56.3393 52.1687 0 0 0 0 0 0 0 0 3.09954 9.75627 0 409.34 
0.0057553916085125046 0.183618 0 149828 25.8174 25.5574 8.40704 0 366.7151 103.728 266.827 229.181 0 0 0 0 0 0 0 0 4.22131 11.7774 185.322 1744.61 
0.00575838121490011151 0.245686 0 226518 25.803 25.5434 8.3924 0 118.9931 6.91697 6.57011 -118.61 0 0 0 -0 0 0 0 -0 2.64199 6.5366 0 87.1857 
0.00578661004330041466 0.283708 1 0 0 25.4176 8.25312 0 0 1 -173.274 81.5886 -18.2349 1 -167.479 91.3414 -29.5807 0 0 0 -0 15.2883 33.7918 587.29 3425.21 
0.00578661004330041466 1.35652 0 77143 25.7174 25.4604 8.29958 0 313.0361 310.37 -38.7364 12.6951 0 0 0 0 0 0 0 0 2.71109 10.9107 0 0 
0.00579774144912847608 0.119368 0 64738 0.212655 25.3852 8.21668 0 128.4721 75.5977 0.02019 -103.875 0 0 0 0 0 0 0 0 15.516 30.6098 1501.35 4867.58 
0.00579774144912847608 0.36227 0 332349 25.6333 25.3792 8.20985 0 197.4911 -77.2429 -139.957 -115.966 0 -0 0 0 0 -0 0 0 10.9213 29.6893 743.471 1032.24 
0.00579774144912847608 0.833734 0 166175 25.6275 25.3736 8.20481 0 90.37971 -47.7399 -32.9089 -69.3282 0 0 0 0 0 0 0 0 6.62336 14.859 0 17.0907 
0.00583547543194962333 0.153692 0 105386 25.5418 25.2905 8.11314 0 105.2651 55.5077 -89.3072 4.88699 0 0 0 0 0 0 0 0 22.44 41.2121 2124.73 7154.17 
0.00583547543194962333 1.30166 0 350954 25.455 25.2065 8.01972 0 270.8721 -13.2356 41.4077 -267.361 0 0 0 -0 0 0 0 -0 6.43963 23.1131 16.8672 36.9538 
0.00583547543194962333 1.31888 0 305362 25.5252 25.2745 8.09458 0 104.1741 -102.282 11.5022 16.0707 0 -0 0 0 0 -0 0 0 7.90391 25.0554 0 86.5619 
0.00584987454337092174 0.306618 0 112460 25.4119 25.1647 7.9741 0 290.5071 -137.311 -214.238 -140.15 0 0 -0 0 0 0 -0 0 14.1749 32.6626 237.277 1177.9 
0.00584987454337092174 2.47704 0 373425 25.4531 25.2047 8.0177 0 495.8991 -374.811 293.953 -137.929 0 0 0 -0 0 0 0 -0 2.56932 5.05757 0 0 
0.0058519155488348058 2.43799 0 223851 25.3818 25.1356 7.94293 0 269.4491 220.259 -134.637 77.2101 0 0 0 0 0 0 0 0 2.55141 7.59887 0 0 
0.00586014962069322538 1.0609 0 315518 25.3638 25.1182 7.92317 0 240.4731 230.649 -26.8363 -62.5146 0 0 0 0 0 0 0 0 1.06025 8.38891 0 0 
0.00586014962069322538 2.18386 0 292351 25.3548 25.1095 7.9145 0 234.1931 -229.814 -23.4682 38.4888 0 0 0 0 0 0 0 0 2.17506 4.41483 0 12.6048 
0.00591252780035663415 0.104325 0 546498 0.350736 25.45 8.25675 0 400.931 308.401 250.727 -52.6243 0 0 0 0 0 0 0 0 30.938 52.0169 6614.1 10857.4 
0.00591252780035663415 0.30703 0 190546 25.1519 24.9131 7.70106 0 180.3081 177.583 -23.3624 -20.7244 0 0 0 -0 0 0 0 -0 31.5709 65.0696 1671.52 2970.28 
0.00591252780035663415 0.746974 1 413417 24.598 14.7395 13.2349 0 0 2 11.0417 -2.95599 -19.0297 0 0 -0 0 0 0 -0 0 28.4535 83.9047 149.263 379.928 
0.00591252780035663415 0.935263 0 298399 25.1847 24.9449 7.73561 0 216.6321 -112.861 21.9109 -183.607 0 0 0 0 0 0 0 0 24.3638 62.7036 24.4092 571.185 
0.00591252780035663415 1.13957 0 312777 25.2581 25.016 7.81199 0 171.3911 -165.496 -44.2628 -5.19956 0 0 0 0 0 0 0 0 22.7673 66.2487 63.6085 115.493 
0.00591252780035663415 1.43635 0 350281 25.2405 24.9989 7.79364 0 98.86681 -70.1177 69.5581 -4.45249 0 0 0 0 0 0 0 0 8.72081 43.6506 0 160.94 
0.00591252780035663415 2.49 0 363707 0.176467 35.5509 13.9244 0 01 0 0 -0 0 0 0 -0 0 0 0 -0 12.433 27.497 22.3559 88.0233 
0.00593187773304658123 0.922181 0 564227 27.2419 25.1359 7.86037 0 115.5251 43.5636 -100.431 -36.903 0 0 0 -0 0 0 0 -0 13.0796 28.9426 0 116.06 
0.00593187773304658123 0.957571 0 323371 25.0855 24.8488 7.63128 0 193.6821 -159.767 60.8661 91.0091 0 0 0 0 0 0 0 0 8.69681 34.669 0 22.3705 
0.00595009244208000772 0.329678 0 345478 24.9648 24.732 7.5056 0 332.761 -145.365 -6.26455 -299.264 0 0 0 0 0 0 0 0 7.66721 21.045 28.4774 217.284 
0.00595009244208000772 0.628101 0 165019 24.9833 24.7499 7.52456 0 269.9811 267.667 8.35482 -34.2735 0 0 0 0 0 0 0 0 9.94341 21.2064 12.8204 181.617 
0.00595009244208000772 1.23967 0 270726 24.975 24.7418 7.51574 0 208.9181 175.633 -111.924 -16.5156 0 0 -0 0 0 0 -0 0 1.27085 6.30764 0 0 
0.00596090940573354607 0.340219 0 81629 24.9271 24.6954 7.46587 0 379.7781 -376.844 8.35104 46.3623 0 -0 0 0 0 -0 0 0 10.2015 28.799 118.162 396.462 
0.00596090940573354607 1.15595 0 262693 24.9211 24.6895 7.46016 0 201.7791 201.65 -4.97226 5.21103 0 0 0 0 0 0 0 0 6.93751 20.7095 0 1.99716 
0.00596584379684555761 0.7222 0 185177 24.903 24.6719 7.44054 0 215.2511 54.6038 -191.993 -80.5629 0 0 0 0 0 0 0 0 4.35865 12.3677 8.93348 46.5444 
0.00597590675256583822 0.141652 0 163317 24.8582 24.6284 7.39361 0 488.5841 -362.452 -327.551 7.2548 0 0 0 0 0 0 0 0 15.4965 30.6345 1387.27 4959.21 
0.00597590675256583822 0.287752 0 186121 24.8636 24.6336 7.39932 0 340.9531 315.714 125.856 -27.0974 0 0 0 -0 0 0 0 -0 13.4118 24.5292 479.442 2337.29 
0.00598806204337145806 0.393538 0 197303 24.8468 24.6174 7.38192 0 234.7881 -170.279 140.143 80.564 0 -0 0 0 0 -0 0 0 14.3151 29.7884 299.561 738.944 
0.00598806204337145806 0.542964 0 218580 24.8244 24.5957 7.35889 0 372.3091 271.702 217.891 -131.587 0 0 0 0 0 0 0 0 11.9377 26.5039 0 157.833 
0.00598806204337145806 0.81425 0 140637 24.8446 24.6152 7.37965 0 387.5311 381.517 -48.7888 -47.3801 0 0 -0 0 0 0 -0 0 4.77892 20.0393 0 0 
0.00600741699013188253 1.72827 0 219251 24.7221 24.4966 7.25359 0 243.6971 -207.798 -29.8596 -123.76 0 0 -0 0 0 0 -0 0 0 8.70946 0 0 
0.00602817259870159442 1.26786 0 344291 24.714 24.4887 7.24516 0 207.2191 160.377 -0.584827 -131.219 0 0 0 -0 0 0 0 -0 11.2641 22.5064 0 101.927 
0.00603917611890271606 0.292576 0 279622 0.127979 26.2695 9.20418 0 198.561 -138.247 83.2116 -115.714 0 0 0 0 0 0 0 0 12.1328 29.0355 407.489 726.122 
0.00603917611890271606 0.580114 0 63470 24.6264 24.4038 7.15537 0 209.1191 9.50246 133.347 -160.807 0 0 0 0 0 0 0 0 6.80906 30.0807 0 120.964 
0.00603917611890271606 0.645643 0 226925 24.6372 24.4143 7.16594 0 341.4991 -142.294 -276.057 142.009 0 0 0 0 0 0 0 0 11.0548 20.7972 16.7333 326.597 
0.00603917611890271606 2.26305 0 87460 24.6284 24.4057 7.15747 0 245.6231 40.3498 41.6002 -238.688 0 0 0 -0 0 0 0 -0 2.22814 6.70136 0 0 
0.00605420092661226178 0.179407 0 77879 24.5368 24.3169 7.06413 0 344.4481 -306.946 -103.612 -117.015 0 0 0 -0 0 0 0 -0 12.9388 25.2452 1076.53 4013.15 
0.00605420092661226178 2.26626 0 327342 24.5396 24.3196 7.06696 0 480.8711 -62.4709 414.274 236.033 0 0 0 0 0 0 0 0 0 4.53022 0 0 
0.0060610962647212243 0.295015 0 353771 24.5135 24.2943 7.04012 0 155.2011 136.536 12.2591 -72.7673 0 0 0 0 0 0 0 0 6.20777 17.5918 28.2385 579.589 
0.00606527820528848013 0.677683 0 273440 24.4999 24.281 7.02567 0 212.7221 -188.1 -69.0161 71.4548 0 0 0 0 0 0 0 0 2.01605 9.46422 0 80.0527 
0.00606527820528848013 1.3137 0 383924 24.5021 24.2832 7.02802 0 442.8991 442.876 -4.11646 -1.75124 0 0 0 0 0 0 0 0 2.59307 5.17576 190.058 190.058 
0.00607349819598698975 1.00381 0 350672 24.4671 24.2492 6.99242 0 442.9581 -52.933 59.5859 -435.728 0 0 0 -0 0 0 0 -0 4.00071 11.9854 0 158.79 
0.00608620341844501311 0.146867 0 73656 24.4481 24.2307 6.97323 0 337.2161 -264.204 65.0858 -199.186 0 -0 0 0 0 -0 0 0 17.5113 29.5501 1823.59 3503.28 
0.00608620341844501311 0.545693 0 496406 0.163108 24.5392 7.27283 0 267.5041 246.231 55.2321 88.7609 0 0 0 0 0 0 0 0 9.85316 29.963 466.96 564.147 
0.00608620341844501311 2.33963 0 300953 24.441 24.2239 6.96599 0 209.3861 -80.8876 95.0333 -168.132 0 0 0 0 0 0 0 0 2.31277 11.6877 0 0 
0.00610370352959233031 0.597617 0 144498 24.3374 24.1232 6.86154 0 248.9061 198.729 145.766 34.831 0 0 0 0 0 0 0 0 7.17772 28.1684 0 0 
0.00610370352959233031 1.27582 0 264646 24.3668 24.1518 6.89137 0 282.4561 201.353 169.641 102.273 0 0 0 0 0 0 0 0 9.02346 34.8371 0 19.5819 
0.00611467225904342195 0.742884 0 118226 24.3179 24.1043 6.84192 0 435.7721 434.403 28.0382 -20.1474 0 0 0 0 0 0 0 0 9.03426 25.5605 0 115.567 
0.00611467225904342195 0.810416 0 187804 24.3237 24.11 6.84782 0 356.4541 111.344 -337.827 23.1352 0 0 0 0 0 0 0 0 4.84394 23.2897 0 0 
0.00613250798839551619 0.54583 0 165677 24.2251 24.0144 6.7483 0 494.9171 -366.386 -305.733 131.266 0 -0 0 0 0 -0 0 0 12.5222 28.8493 266.774 428.792 
0.00614274144761932893 0.895184 0 342776 24.1853 23.9758 6.7087 0 425.7611 -226.143 -307.03 189.378 0 0 0 0 0 0 0 0 5.31748 17.7376 0 23.4582 
0.00616670102245044181 1.11841 0 232722 24.1491 23.9405 6.6724 0 137.5331 105.671 -17.4367 86.2845 0 0 -0 0 0 0 -0 0 5.59374 24.6619 0 196.721 
0.00616670102245044181 1.97318 0 361214 24.1206 23.913 6.64389 0 167.8141 148.822 77.5156 2.17243 0 0 0 0 0 0 0 0 3.87324 9.69113 0 0 
0.00618655495472589505 0.822784 0 205268 0.290402 20.2738 18.2464 0 01 0 0 0 0 0 0 0 0 0 0 0 3.34345 24.1741 72.8919 247.741 
0.00620653376859285882 1.97447 0 371033 23.9911 23.7872 6.5154 0 206.4391 -1.56522 193.106 -72.9697 0 0 0 0 0 0 0 0 7.81408 15.6128 0 0 
0.00622049933073326976 1.17488 0 347707 23.91 23.7083 6.43491 0 450.4831 365.871 238.889 109.569 0 0 0 0 0 0 0 0 3.55039 11.9342 125.148 189.078 
0.00623513484124041135 0.569478 0 215725 23.8596 23.6594 6.38565 0 340.7141 285.897 -121.011 140.377 0 0 0 0 0 0 0 0 12.6269 35.5617 216.688 331.929 
0.00624313022304654689 1.38323 0 272148 23.8146 23.6157 6.34158 0 160.3131 -160.306 1.04221 0.995192 0 0 0 0 0 0 0 0 5.53829 11.043 0 0 
0.006250198092680204 0.357455 0 229597 23.781 23.5832 6.30851 0 340.571 -51.5471 -156.965 -297.813 0 -0 0 0 0 -0 0 0 9.67962 22.6488 43.4117 224.469 
0.00627563757523102745 0.307675 0 83813 23.7236 23.5273 6.25242 0 68.43621 -34.1192 -59.2037 3.78372 0 0 -0 0 0 0 -0 0 18.7974 32.5077 179.151 2027.74 
0.00629269159100994107 0.177067 0 96095 23.6268 23.4332 6.15841 0 364.7391 216.154 276.431 -99.4865 0 0 0 0 0 0 0 0 18.1749 36.0599 2560.03 5789.62 
0.00629269159100994107 0.384705 0 284557 23.6294 23.4357 6.16093 0 573.6281 -557.191 -135.764 -12.443 0 0 0 -0 0 0 0 -0 15.5676 38.6911 109.716 865.642 
0.00629269159100994107 0.492372 0 109592 23.684 23.4888 6.21397 0 349.7961 -244.157 -193.227 -159.398 0 0 0 -0 0 0 0 -0 14.2039 39.6441 42.1228 225.806 
0.00629718839125437135 1.26246 0 362626 23.6173 23.4241 6.14948 0 79.4311 -67.7593 -41.2595 3.95058 0 0 0 0 0 0 0 0 0 2.52489 0 0 
0.00630386801401397381 1.17133 0 327371 23.59 23.3975 6.12301 0 260.0231 0.466646 -196.254 -170.575 0 0 0 0 0 0 0 0 1.14312 5.80809 0 0 
0.00632222594491046574 0.966287 0 212127 23.5537 23.3622 6.08811 0 330.7681 185.705 255.928 97.066 0 0 0 0 0 0 0 0 7.84584 15.6669 0 156.127 
0.00634273243287012626 0.422714 0 5708 23.4869 23.2972 6.02403 0 173.4031 88.6239 144.786 -35.3785 0 0 0 0 0 0 0 0 15.9225 39.8329 170.178 841.214 
0.00634273243287012626 1.05068 0 77061 23.5 23.31 6.03655 0 171.1641 117.147 -2.64408 -124.766 0 0 0 0 0 0 0 0 7.45468 26.5775 3.4894 7.27764 
0.00634916496825631716 1.17273 0 251151 23.4299 23.2419 5.96959 0 245.0711 209.581 125.429 20.0858 0 0 0 0 0 0 0 0 0 4.64167 0 0 
0.00635500877603400582 1.20578 0 74516 23.4024 23.2151 5.94322 0 428.4211 63.2262 179.665 383.755 0 0 0 0 0 0 0 0 0 2.36488 0 0 
0.00638621584970181823 2.40228 0 376360 23.3435 23.1578 5.88725 0 566.7751 447.51 -230.132 260.785 0 0 0 0 0 0 0 0 2.35289 16.7589 0 0 
0.00640547160867607508 0.411614 1 419786 19.9096 13.9746 11.6237 0 0 2 12.0051 -34.7313 15.8145 0 0 0 0 0 0 0 0 11.7484 26.0304 511.376 883.867 
0.00641546958334317848 0.842576 0 190351 23.2074 23.0253 5.75871 0 410.2581 -203.122 87.332 345.581 0 0 0 0 0 0 0 0 2.50883 8.36885 0 78.6364 
0.00642846341574949791 0.34973 0 199257 23.1499 22.9695 5.70489 0 501.5881 317.194 -223.006 -318.194 0 0 0 0 0 0 0 0 3.67059 12.9868 0 338.219 
0.00644455640758479463 1.77267 0 317111 23.1091 22.9298 5.66687 0 228.1241 -224.888 23.1475 -30.4978 0 -0 0 0 0 -0 0 0 6.9709 17.4634 0 1.73371 
0.00645080824097223494 0.816905 0 267316 0 22.8982 5.6975 0 299.671 89.2628 -271.412 -90.3856 0 0 0 -0 0 0 0 -0 9.79006 22.0091 2.43921 2.43921 
0.00647550531448983554 0.33613 0 31525 22.9882 22.812 5.55462 0 105.9571 -100.7 -32.4509 -5.77935 0 0 0 -0 0 0 0 -0 2.99947 9.92614 10.4432 28.6103 
0.0065017147182343327 0.293375 0 78975 22.9598 22.7845 5.5285 0 307.9511 10.7451 18.4476 307.21 0 0 0 0 0 0 0 0 24.8763 48.0365 436.809 3193.16 
0.0065017147182343327 0.444253 0 210640 22.9058 22.7321 17.2407 0 01 0 0 0 0 0 0 0 0 0 0 0 13.6795 42.9325 226.21 1143.47 
0.00651614864611865709 0.726834 0 175854 22.8738 22.7011 17.2323 0 01 0 0 0 0 0 0 0 0 0 0 0 5.1313 19.1227 14.7841 22.3633 
0.00652410071131138535 0.271227 0 159018 22.8485 22.6765 17.2226 0 01 0 0 0 0 0 0 0 0 0 0 0 14.1656 32.1496 201.646 1288.25 
0.00652410071131138535 0.392824 0 106367 22.8454 22.6734 17.2207 0 01 0 -0 0 0 0 -0 0 0 0 -0 0 9.09068 22.5771 40.2973 442.178 
0.00654106792347944593 0.291484 0 208112 22.7934 22.6226 17.2063 0 01 0 -0 0 0 0 -0 0 0 0 -0 0 13.1999 27.7447 625.37 1110.44 
0.00654106792347944593 0.672467 0 153408 22.7891 22.6184 17.2041 0 01 0 0 0 0 0 0 0 0 0 0 0 5.26885 22.4439 0 513.763 
0.00658346238992916274 0.509001 0 263938 22.7149 22.5459 17.175 0 01 0 -0 0 0 0 -0 0 0 0 -0 0 20.3342 49.1159 14.937 1041.27 
0.00658346238992916274 0.812623 0 225192 22.7032 22.5346 17.1695 0 01 0 0 0 0 0 0 0 0 0 0 0 17.1906 48.2654 107.44 594.369 
0.00658346238992916274 1.14267 0 277375 22.6323 22.4654 17.1456 0 01 -0 0 0 0 -0 0 0 0 -0 0 0 6.80467 36.2797 0 0 
0.00658346238992916274 2.34408 0 360550 22.6465 22.4792 17.1504 0 01 0 0 0 0 0 0 0 0 0 0 0 4.75133 14.3078 0 64.4926 
0.0066012966007860073 0.416452 0 224545 22.5951 22.4292 17.1318 0 01 0 0 0 0 0 0 0 0 0 0 0 12.5586 33.3662 16.0625 487.078 
0.0066012966007860073 0.471896 0 35366 3.03674 17.1849 15.4528 0 01 0 -0 0 0 0 -0 0 0 0 -0 0 14.1408 38.3656 81.3251 455.872 
0.00661003716413691763 0.16862 0 148434 22.568 22.4028 17.1241 0 01 0 0 -0 0 0 0 -0 0 0 0 -0 13.6016 27.6933 870.977 3625.33 
0.00661003716413691763 1.35087 0 320760 22.5594 22.3944 17.118 0 01 0 0 0 0 0 0 0 0 0 0 0 5.35461 17.5181 1.28552 1.28552 
0.0066139370843124887 1.566 0 337060 22.5388 22.3743 17.1123 0 01 0 0 0 0 0 0 0 0 0 0 0 0 7.89132 0 0 
0.0066139370843124887 3.30734 0 379599 22.5413 22.3768 17.1091 0 01 0 0 0 0 0 0 0 0 0 0 0 0 0 0 0 
0.0066569533906259571 0.161155 0 13000 0.119855 22.283 17.0765 0 01 0 -0 0 0 0 -0 0 0 0 -0 0 19.8387 36.8285 2975.14 6797.14 
0.0066569533906259571 0.34519 0 45426 22.4067 22.2457 17.0642 0 01 0 0 0 0 0 0 0 0 0 0 0 23.1116 47.2726 608.276 2270.5 
0.00672430632794124555 1.33314 0 293340 22.1941 22.0384 16.9824 0 01 0 0 0 0 0 0 0 0 0 0 0 2.71152 9.44979 0 0 
0.00673676456678507733 0.36373 0 161955 22.1664 22.0115 16.9693 0 01 0 0 0 0 0 0 0 0 0 0 0 12.3496 28.8829 0 254.813 
0.00673676456678507733 0.933103 0 342879 22.1586 22.0038 16.968 0 01 0 0 0 0 0 0 0 0 0 0 0 6.47142 23.1421 0 57.2454 
0.00674094438189755223 0.261726 0 1919 22.1494 21.9948 16.9636 0 01 0 0 0 0 0 0 0 0 0 0 0 5.48855 17.241 0 463.542 
0.00675648356462181608 2.04428 0 334931 22.1041 21.9506 16.949 0 01 0 0 0 0 0 0 0 0 0 0 0 2.01678 16.3714 0 0 
0.00677634087463247978 0.0770019 0 189779 22.0877 21.9346 16.939 0 01 0 0 0 0 0 0 0 0 0 0 0 21.3461 39.035 2964.24 5797.81 
0.00677634087463247978 0.404913 0 163978 22.052 21.8998 16.926 0 01 -0 0 0 0 -0 0 0 0 -0 0 0 17.8713 43.0341 362.363 1548.51 
0.00677634087463247978 0.520268 0 153745 22.0528 21.9006 16.9267 0 01 0 0 0 0 0 0 0 0 0 0 0 14.69 39.3398 26.7751 671.165 
0.00679570142094968431 0.537915 0 143717 21.9963 21.8455 16.9043 0 01 0 -0 0 0 0 -0 0 0 0 -0 0 4.98004 19.2662 0 115.226 
0.00684133352465030216 0.611217 0 315344 21.8446 21.6975 16.8418 0 01 0 0 0 0 0 0 0 0 0 0 0 15.7585 37.0157 208.822 395.378 
0.00684133352465030216 0.976325 0 150319 21.8709 21.7232 16.8543 0 01 0 0 -0 0 0 0 -0 0 0 0 -0 4.8955 19.6308 5.45495 36.1809 
0.00684133352465030216 1.04191 0 291729 21.885 21.737 16.8587 0 01 0 0 0 0 0 0 0 0 0 0 0 6.24162 18.6937 0 0 
0.00685056401049993942 1.35035 0 205292 21.8287 21.682 16.8372 0 01 0 0 0 0 0 0 0 0 0 0 0 4.03715 12.1476 36.3595 36.3595 
0.00685176786986876115 0.360589 0 24795 21.8114 21.6651 16.8283 0 01 0 0 -0 0 0 0 -0 0 0 0 -0 2.40709 8.1911 0 118.366 
0.00686285641472453561 0.260182 0 18397 21.7831 21.6374 16.8172 0 01 0 0 0 0 0 0 0 0 0 0 0 14.7049 34.3017 167.209 553.243 
0.00686285641472453561 0.282457 0 5802 21.7804 21.6349 16.8195 0 01 -0 0 0 0 -0 0 0 0 -0 0 0 14.7049 34.3017 167.209 553.243 
0.00687321991124199231 0.167519 0 147298 21.7574 21.6123 16.8088 0 01 0 -0 0 0 0 -0 0 0 0 -0 0 14.9024 28.7795 961.359 3935.63 
0.00687321991124199231 0.454022 0 211548 21.7693 21.6239 16.8123 0 01 0 0 0 0 0 0 0 0 0 0 0 6.92619 25.3995 67.4893 158.199 
0.00687321991124199231 1.19862 0 274970 21.7604 21.6153 16.811 0 01 0 0 0 0 0 0 0 0 0 0 0 3.6294 12.0795 0 0 
0.00688773062311819843 0.187277 0 57626 0.260427 21.5698 16.7893 0 01 -0 0 0 0 -0 0 0 0 -0 0 0 16.8813 35.5568 1585.97 3913.79 
0.00688773062311819843 0.549554 0 62404 21.7151 21.5711 16.7901 0 01 0 0 0 0 0 0 0 0 0 0 0 7.74324 26.0472 275.203 428.96 
0.00688773062311819843 0.69715 0 172139 21.7289 21.5846 16.7954 0 01 0 0 0 0 0 0 0 0 0 0 0 8.94214 30.9532 0 125.14 
0.00689078007529455444 0.594052 0 376119 21.6986 21.555 16.7826 0 01 0 0 0 0 0 0 0 0 0 0 0 1.18055 8.75752 0 14.5993 
0.00689078007529455444 0.791782 0 359198 21.6985 21.5549 16.7826 0 01 0 -0 0 0 0 -0 0 0 0 -0 0 3.18582 7.15663 0 77.8857 
0.006925413464674509 0.68397 0 63111 21.6082 21.4667 16.7477 0 01 0 0 0 0 0 0 0 0 0 0 0 12.4455 32.4431 0 384.295 
0.006925413464674509 2.16092 0 390634 21.6079 21.4664 16.7475 0 01 0 0 0 0 0 0 0 0 0 0 0 2.1162 4.26292 0 0 
0.00693335001258181191 1.26505 0 248725 21.5892 21.4481 16.7382 0 01 0 0 0 0 0 0 0 0 0 0 0 0 5.08898 0 0 
0.0069368924786015326 0.551254 0 379927 21.5719 21.4313 16.7312 0 01 0 0 0 0 0 0 0 0 0 0 0 0 8.89001 0 0 
0.00696107780831625115 0.328517 0 34929 21.5077 21.3686 16.7016 0 01 0 0 0 0 0 0 0 0 0 0 0 15.6329 36.557 188.89 621.297 
0.00696107780831625115 0.543115 0 150526 21.52 21.3806 16.7095 0 01 0 0 -0 0 0 0 -0 0 0 0 -0 14.4041 39.8617 50.3435 173.504 
0.00696107780831625115 1.25189 0 190379 21.548 21.4081 16.7194 0 01 0 0 0 0 0 0 0 0 0 0 0 6.23163 27.2194 0 0 
0.00696107780831625115 1.87069 0 354927 21.5397 21.3999 16.7175 0 01 -0 0 0 0 -0 0 0 0 -0 0 0 1.85788 7.57099 0 104.677 
0.00696107780831625115 2.31826 0 388351 21.5107 21.3715 16.7038 0 01 0 0 0 0 0 0 0 0 0 0 0 2.24735 6.81619 0 0 
0.00696904116701416512 1.09229 0 224730 21.4862 21.3476 16.6926 0 01 0 0 0 0 0 0 0 0 0 0 0 2.22175 11.0601 0 26.528 
0.00696904116701416512 2.64011 0 395282 21.4874 21.3488 16.693 0 01 0 0 0 0 0 0 0 0 0 0 0 0 2.58507 0 0 
0.00699215265359284365 0.138744 0 284405 0 15.2125 13.6633 0 01 0 0 -0 0 0 0 -0 0 0 0 -0 23.7688 42.5204 1602.2 8072.18 
0.00699215265359284365 0.140849 0 206654 21.4472 21.3095 16.6767 0 01 0 0 0 0 0 0 0 0 0 0 0 23.7688 42.5204 1602.2 8072.18 
0.00699215265359284365 0.269612 0 139643 21.4183 21.2813 16.6641 0 01 -0 0 0 0 -0 0 0 0 -0 0 0 22.8696 46.7299 660.442 2262.75 
0.00699901342305053135 0.383837 0 219189 21.4042 21.2676 16.658 0 01 0 -0 0 0 0 -0 0 0 0 -0 0 6.99937 20.1208 59.0063 359.693 
0.0070170927374964753 1.58153 0 296508 21.3769 21.2409 16.6463 0 01 -0 0 0 0 -0 0 0 0 -0 0 0 6.3483 17.3971 0 35.4816 
0.00703027491725696004 0.29465 0 74810 0.0911451 21.1851 16.6211 0 01 0 0 0 0 0 0 0 0 0 0 0 13.1939 34.8867 400.099 1197.89 
0.00703027491725696004 1.37518 0 348244 21.3372 21.2021 16.6287 0 01 0 0 0 0 0 0 0 0 0 0 0 4.16917 13.854 0 0 
0.00704411788263480457 0.586207 0 125439 21.3014 21.1671 16.613 0 01 0 0 -0 0 0 0 -0 0 0 0 -0 0 0 0 0 
0.00706286509841339352 0.244242 0 2133 21.2494 21.1163 16.5908 0 01 0 0 0 0 0 0 0 0 0 0 0 14.5468 34.4243 609.233 1840.51 
0.00706286509841339352 0.305792 0 74169 0.132602 21.0916 16.5783 0 01 0 -0 0 0 0 -0 0 0 0 -0 0 14.5468 34.4243 609.233 1840.51 
0.00707378996007933421 0.389396 0 161127 21.1922 21.0603 16.5636 0 01 0 -0 0 0 0 -0 0 0 0 -0 0 5.80434 16.8127 40.9987 168.529 
0.00708065231416910197 0.461113 0 292075 21.1734 21.042 16.5551 0 01 0 0 0 0 0 0 0 0 0 0 0 3.21208 16.1408 0 231.676 
0.00710370556240452755 1.91217 0 272079 21.1185 20.9883 16.5322 0 01 0 0 0 0 0 0 0 0 0 0 0 5.68961 18.9602 0 0 
0.0071276568384394225 0.0813881 0 239250 0.316508 20.9368 16.5054 0 01 0 0 0 0 0 0 0 0 0 0 0 19.2629 35.84 1611.84 5801.61 
0.0071276568384394225 0.174689 0 13778 0.165304 20.9244 16.4988 0 01 0 -0 0 0 0 -0 0 0 0 -0 0 19.2629 35.84 1611.84 5801.61 
0.0071276568384394225 1.38265 0 264081 21.0623 20.9334 16.5051 0 01 0 0 0 0 0 0 0 0 0 0 0 4.16901 12.549 95.6961 95.6961 
0.00714690916292619414 0.184669 0 61834 21.0137 20.8859 16.4819 0 01 0 0 0 0 0 0 0 0 0 0 0 16.6142 29.7087 1094.83 3521.59 
0.00715727103227748254 0.890858 0 239312 20.9777 20.8507 16.4653 0 01 -0 0 0 0 -0 0 0 0 -0 0 0 6.29577 20.7481 55.6408 138.743 
0.00716816553642574735 0.301839 0 207109 20.9386 20.8126 16.4517 0 01 -0 0 0 0 -0 0 0 0 -0 0 0 9.79737 29.1508 355.218 1705.73 
0.00716816553642574735 1.70917 0 288966 20.9424 20.8163 16.4502 0 01 -0 0 0 0 -0 0 0 0 -0 0 0 1.7104 15.249 0 0 
0.00718046332427241252 0.225157 0 164300 20.9292 20.8034 16.445 0 01 0 0 0 0 0 0 0 0 0 0 0 16.474 29.7757 951.879 4330.73 
0.00718046332427241252 0.950162 0 199578 20.9148 20.7893 16.4387 0 01 0 0 0 0 0 0 0 0 0 0 0 7.6481 23.9537 0 256.237 
0.00718851635782923829 1.5732 0 281742 20.901 20.7758 16.4327 0 01 0 0 0 0 0 0 0 0 0 0 0 3.18395 9.50869 0 0 
0.00719639757997100286 1.0654 0 306998 20.8835 20.7587 16.4248 0 01 -0 0 0 0 -0 0 0 0 -0 0 0 4.28041 11.7876 0 1.35396 
0.0072336264660332961 0.497581 0 256319 20.7777 20.6551 16.3753 0 01 0 0 0 0 0 0 0 0 0 0 0 18.8221 52.042 41.4302 242.284 
0.0072336264660332961 0.731437 0 171741 20.7738 20.6513 16.3733 0 01 0 0 0 0 0 0 0 0 0 0 0 0 0 0 0 
0.0072336264660332961 0.852207 0 346161 20.7763 20.6538 16.3746 0 01 0 -0 0 0 0 -0 0 0 0 -0 0 15.3423 34.926 0 189.105 
0.00730023981707209491 0.336986 0 52009 20.6358 20.5164 16.3111 0 01 0 0 0 0 0 0 0 0 0 0 0 12.5437 32.9653 500.723 975.452 
0.00730023981707209491 0.947986 0 297516 20.6196 20.5005 16.3018 0 01 0 0 0 0 0 0 0 0 0 0 0 9.66405 27.9536 0 68.1238 
0.00730023981707209491 2.93827 0 382843 20.6307 20.5114 16.3078 0 01 0 0 0 0 0 0 0 0 0 0 0 0 2.96445 0 0 
0.00730834729571762636 0.207374 0 33876 0.320399 20.4731 16.2908 0 01 0 0 0 0 0 0 0 0 0 0 0 12.1014 31.6239 1067.63 3599.27 
0.00731709269972947302 1.15025 0 163707 20.5744 20.4562 16.2797 0 01 0 0 0 0 0 0 0 0 0 0 0 3.4198 19.3606 0 6.08449 
0.00731709269972947302 1.19641 1 403389 17.1882 13.0909 9.9245 0 0 2 38.5455 23.9479 45.7526 0 0 0 0 0 0 0 0 8.47422 15.6915 0 0 
0.0073362776641996549 0.376952 0 98571 20.554 20.4362 16.2697 0 01 -0 0 0 0 -0 0 0 0 -0 0 0 17.3379 40.49 482.303 1194.92 
0.0073362776641996549 0.485841 0 432363 0.106748 20.8043 17.186 0 01 0 0 0 0 0 0 0 0 0 0 0 14.3803 39.1057 36.0474 266.842 
0.0073429834482886076 0.187598 0 23718 20.5115 20.3947 16.2516 0 01 0 0 0 0 0 0 0 0 0 0 0 9.67362 21.1804 735.701 3326.2 
0.0073429834482886076 1.59522 0 327355 20.5024 20.3859 16.2463 0 01 0 0 0 0 0 0 0 0 0 0 0 3.15401 14.3419 0 0 
0.00737765360992864022 0.248903 0 82874 20.4299 20.3149 16.2136 0 01 0 0 0 0 0 0 0 0 0 0 0 15.383 34.2965 145.183 1582.63 
0.00737765360992864022 0.553201 0 143635 20.4154 20.3007 16.2033 0 01 -0 0 0 0 -0 0 0 0 -0 0 0 8.88339 27.2333 63.5566 103.355 
0.00737765360992864022 0.604047 0 655152 0.28813 20.5729 15.1488 0 01 -0 0 0 0 -0 0 0 0 -0 0 0 7.9675 28.1704 326.919 337.786 
0.00739270759996661034 0.662691 0 296689 0.193997 21.848 16.9082 0 01 -0 0 0 0 -0 0 0 0 -0 0 0 7.33441 29.9389 0 130.677 
0.00739270759996661034 0.715614 0 148444 20.3789 20.265 16.1867 0 01 -0 0 0 0 -0 0 0 0 -0 0 0 0 0 0 0 
0.00739270759996661034 1.81107 0 334827 20.3856 20.2715 16.1909 0 01 0 0 0 0 0 0 0 0 0 0 0 1.80517 11.017 0 0 
0.00739270759996661034 2.32606 0 263425 20.3934 20.2792 16.193 0 01 0 0 0 0 0 0 0 0 0 0 0 0 6.82492 0 0 
0.00742627605548603752 0.55449 0 29294 20.3085 20.196 16.1538 0 01 0 0 0 0 0 0 0 0 0 0 0 8.90177 29.6133 0 518.983 
0.00744074116850800688 0.299032 0 44830 20.2644 20.1527 16.1318 0 01 0 0 -0 0 0 0 -0 0 0 0 -0 6.12024 20.324 127.404 147.03 
0.00758360800192732411 0.333482 1 405329 0 12.2794 8.60503 0 0 2 -70.3176 60.229 -18.961 0 0 0 0 0 0 0 0 11.1843 25.195 436.09 1263.6 
0.00797505611953282928 0.262384 0 284133 0 15.2061 13.6575 0 01 0 -0 0 0 0 -0 0 0 0 -0 0 18.5048 40.4266 552.116 1685.26 
0.00797505611953282928 0.413164 0 142348 27.069 21.8276 16.9004 0 01 0 -0 0 0 0 -0 0 0 0 -0 0 11.9221 35.0147 48.5611 531.387 
0.00797505611953282928 1.37137 0 409037 0.0837179 35.1115 14.3513 0 01 0 0 -0 0 0 0 -0 0 0 0 -0 6.88964 17.8836 0 0 
0.00830968682467015697 0.172863 0 441091 0.182266 17.7114 15.9312 0 01 0 -0 0 0 0 -0 0 0 0 -0 0 33.2806 58.5796 3186.08 8033.36 
0.00835307326729345379 1.12664 0 140594 0.0946071 20.2873 16.1977 0 01 -0 0 0 0 -0 0 0 0 -0 0 0 17.0396 52.1968 75.847 144.115 
0.00837703639027067605 0.611397 0 228980 0 20.7845 16.4385 0 01 0 0 0 0 0 0 0 0 0 0 0 10.2842 36.6146 2.28487 269.275 
0.00853941020602653686 0.129367 1 423595 0 23.1066 20.7959 0 0 2 0.21022 19.7705 3.63006 0 0 0 0 0 0 0 0 39.4875 60.4199 7043.22 11713.6 
0.00857686769376119623 0.525415 0 403502 0 32.416 15.3295 0 32.03451 31.9234 1.02784 -2.45945 0 0 0 -0 0 0 0 -0 14.4023 35.4713 154.359 166.228 
0.0090804905381584311 2.11325 0 410580 0.278379 31.5625 14.7143 0 54.35641 31.4131 23.343 -37.7219 0 0 0 -0 0 0 0 -0 4.27395 8.53795 0 0 
0.00915739965213524174 1.6535 0 370815 0.234976 20.2805 16.1972 0 01 0 0 0 0 0 0 0 0 0 0 0 4.94691 21.4156 0 5.7375 
0.00964418348859968563 1.29667 0 403415 0.29508 30.429 13.682 0 110.1671 -103.109 36.7962 -12.3019 0 0 0 0 0 0 0 0 1.29723 11.7045 0 68.8803 
0.0121638049209681198 1.15579 0 419156 5.87576 23.6029 6.32839 0 219.831 89.0237 -44.2374 -196.069 0 0 0 0 0 0 0 0 1.13115 5.68878 0 0 
0.0122429666723353966 1.73441 0 400448 0.164525 24.999 7.79407 0 113.4891 20.3877 30.9577 -107.265 0 0 0 0 0 0 0 0 0 15.3851 0 0 
0.0138392820203977109 1.45217 0 400585 0.361667 22.1682 17.0309 0 01 0 0 0 0 0 0 0 0 0 0 0 1.47513 11.6515 0 139.424 
0.0145369565666936644 9.13785 0 410213 0 21.2511 16.6458 0 01 0 0 0 0 0 0 0 0 0 0 0 0 0 0 0 
0.0157243072820362657 3.15936 0 419184 0.894823 20.7851 16.4342 0 01 0 0 0 0 0 0 0 0 0 0 0 0 0 0 0 
9.20930906672580818 0.0988334 1 0 0 15.8132 14.0852 0 0 0 0 0 0 0 0 0 0 0 0 0 0 168.648 395.589 120.168 364.9 
