#1:time #2:r #3.binary? #4:ID #5:zams_m #6:m_progenitor #7:bh mass #8:bh_spin #9:birth-kick(km/s) #10-25:vsarray
0.000395241724194436087 0.156277 1 62090 0 134.91 40.5 0 0 2 -0.00273501 -0.0508856 6.57716e-05 0 -0 0 0 0 -0 0 0 1.74585 3.53925 297.57 1274.07 
0.000395241724194436087 0.534834 0 61743 148.621 134.024 40.5 0 01 0 0 0 0 0 0 0 0 0 0 0 4.33098 7.54897 0 1472.63 
0.000395241724194436087 0.606969 0 48795 148.621 134.024 40.5 0 01 0 0 0 0 0 0 0 0 0 0 0 3.63408 5.43956 0 141.311 
0.000403257856714139915 0.0963563 1 0 0 124.439 40.5 0 0 1 -0.00377811 -0.0578091 -0.0293354 1 -3.2383 -0.91597 4.8181 0 -0 0 0 1.79614 5.35887 568.648 635.226 
0.000403257856714139915 0.469059 0 40380 131.501 125.551 40.5 0 01 0 0 0 0 0 0 0 0 0 0 0 4.28013 10.5221 406.971 425.853 
0.000403257856714139915 0.513805 0 100504 136.028 129.535 40.5 0 01 0 0 0 0 0 0 0 0 0 0 0 4.18031 8.87646 594.326 729.217 
0.000403257856714139915 0.588169 0 174558 126.594 121.243 40.5 0 01 0 0 0 0 0 0 0 0 0 0 0 6.4473 12.941 15.4481 752.187 
0.000403257856714139915 1.13847 1 115717 0 122.81 40.5 0 0 1 -0.0071978 -0.00105888 0.00758778 0 0 0 0 0 0 0 0 2.25669 9.05457 72.4092 177.872 
0.000419373279879002039 0.255277 1 10657 0 103.758 40.5 0 0 1 -0.0175903 -0.00284604 0.0164713 0 0 -0 0 0 0 -0 0 7.13066 15.8849 1137.66 1472.53 
0.000419373279879002039 0.357762 0 34504 124.455 119.336 40.5 0 01 0 0 -0 0 0 0 -0 0 0 0 -0 5.85739 16.2377 77.7731 794.085 
0.000419373279879002039 0.454106 0 111187 103.99 100.823 40.5 0 01 0 0 0 0 0 0 0 0 0 0 0 8.26258 21.1493 345.346 1451.67 
0.000419373279879002039 0.543301 0 64926 104.991 101.742 40.5 0 01 -0 0 0 0 -0 0 0 0 -0 0 0 8.19148 19.6489 3.94278 831.424 
0.000419373279879002039 0.686039 0 48757 103.84 100.684 40.5 0 01 -0 0 0 0 -0 0 0 0 -0 0 0 4.06595 12.2148 538.142 538.142 
0.000419373279879002039 0.753395 0 119279 118.641 114.122 40.5 0 01 0 0 0 0 0 0 0 0 0 0 0 9.74071 21.685 305.522 519.33 
0.000419373279879002039 0.774621 0 92882 107.222 103.762 40.5 0 01 0 0 0 0 0 0 0 0 0 0 0 3.8716 10.7956 4.44079 1040.82 
0.000419373279879002039 0.865451 0 175727 113.949 109.884 40.5 0 01 0 0 0 0 0 0 0 0 0 0 0 4.35093 14.889 355.009 370.545 
0.000419373279879002039 1.14759 0 149723 103.931 100.768 40.5 0 01 0 0 0 0 0 0 0 0 0 0 0 4.56206 11.3789 0 1.52145 
0.000419373279879002039 1.52439 1 188351 0 105.013 40.5 0 0 1 0.000938711 -0.00481203 -0.0011753 0 0 -0 0 0 0 -0 0 6.04258 15.099 0 258.526 
0.000419373279879002039 1.93814 0 178115 104.318 101.124 40.5 0 01 0 0 0 0 0 0 0 0 0 0 0 0 5.81791 0 0 
0.000436384213394439056 0.107693 1 9424 0 96.408 41.8996 0 0 1 -0.00173842 0.000806949 -0.00145804 0 0 0 -0 0 0 0 -0 3.79345 8.19232 1309.58 2331.94 
0.000436384213394439056 0.31164 1 34242 102.31 45.7278 41.155 0 0 1 0.183055 -0.520621 -1.5625 0 0 0 -0 0 0 0 -0 7.45541 16.1719 876.67 1234.45 
0.000436384213394439056 0.376162 0 61874 92.5073 41.0571 36.9514 0 01 0 -0 0 0 0 -0 0 0 0 -0 0 5.58366 16.0321 180.257 426.771 
0.000436384213394439056 0.45742 0 51333 97.6188 94.9428 40.383 0 01 0 0 0 0 0 0 0 0 0 0 0 9.20463 19.2425 456.374 754.576 
0.000436384213394439056 0.81016 0 167048 92.1791 40.8901 36.8011 0 01 0 0 -0 0 0 0 -0 0 0 0 -0 4.01907 17.658 0 307.279 
0.000436384213394439056 1.02565 0 136651 0 40.2155 36.1939 0 01 0 0 -0 0 0 0 -0 0 0 0 -0 4.07248 13.3658 79.1651 79.1651 
0.000436384213394439056 1.11939 0 150155 90.7141 40.2259 36.2033 0 01 0 0 0 0 0 0 0 0 0 0 0 5.66765 16 0 9.17769 
0.000436384213394439056 1.18976 0 168168 93.8479 91.4401 37.6815 0 01 0 0 0 0 0 0 0 0 0 0 0 4.72038 12.9765 0 55.3182 
0.0004542990049511587 0.170489 0 78203 85.2054 37.3122 33.581 0 01 0 -0 0 0 0 -0 0 0 0 -0 0 6.24307 13.8611 719.685 2253.23 
0.0004542990049511587 0.214034 0 59411 80.6805 35.1386 31.6248 0 01 0 0 0 0 0 0 0 0 0 0 0 6.24307 13.8611 719.685 2253.23 
0.0004542990049511587 0.247669 0 147898 86.2269 37.8957 34.1062 0 01 0 0 0 0 0 0 0 0 0 0 0 4.72757 15.3486 269.248 609.169 
0.0004542990049511587 0.25759 0 115918 78.7712 34.0665 30.6598 0 01 0 0 -0 0 0 0 -0 0 0 0 -0 9.12041 19.5697 107.078 669.875 
0.0004542990049511587 0.562433 0 24087 87.1549 38.4094 34.5685 0 01 0 0 0 0 0 0 0 0 0 0 0 5.53436 19.3152 0 313.373 
0.0004542990049511587 0.640319 0 122627 80.8837 35.1311 31.618 0 01 0 0 0 0 0 0 0 0 0 0 0 10.8584 18.5225 528.703 633.487 
0.0004542990049511587 1.35693 0 176470 78.0612 33.7677 30.3909 0 01 0 0 0 0 0 0 0 0 0 0 0 1.37849 6.87576 0 0 
0.0004542990049511587 1.51396 0 176205 86.732 38.0896 34.2806 0 01 0 0 0 0 0 0 0 0 0 0 0 1.51396 13.8958 0 0 
0.0004542990049511587 1.56083 0 161709 0.702043 34.9497 31.4547 0 01 0 -0 0 0 0 -0 0 0 0 -0 0 1.51396 13.8958 0 0 
0.0004542990049511587 2.36194 0 159815 87.188 38.4027 34.5624 0 01 0 0 0 0 0 0 0 0 0 0 0 2.39711 9.59065 0 0 
0.000474544021677056284 0.313679 0 9114 75.9226 32.7077 29.4369 0 01 0 -0 0 0 0 -0 0 0 0 -0 0 9.30448 21.6059 480.372 1883.77 
0.000474544021677056284 0.532085 1 4485 0 31.7633 28.587 0 0 1 -5.77295e-05 0.00501304 -0.00146794 0 0 0 -0 0 0 0 -0 7.95733 23.3581 460.865 677.997 
0.000474544021677056284 0.631906 0 51259 69.5325 29.5022 26.552 0 01 0 0 0 0 0 0 0 0 0 0 0 7.69181 19.8582 204.952 387.179 
0.000474544021677056284 1.02905 0 102311 75.0149 32.2027 28.9824 0 01 0 0 0 0 0 0 0 0 0 0 0 2.08917 12.5112 0 106.715 
0.000474544021677056284 1.10838 0 114706 70.8061 30.2096 27.1886 0 01 -0 0 0 0 -0 0 0 0 -0 0 0 4.46228 16.8135 0 22.8937 
0.000474544021677056284 1.26495 0 100809 75.8412 32.6102 29.3492 0 01 0 0 0 0 0 0 0 0 0 0 0 8.92301 11.4862 0 20.4242 
0.000474544021677056284 1.29133 0 42429 77.2398 33.3012 29.9711 0 01 0 0 0 0 0 0 0 0 0 0 0 8.92301 11.4862 0 20.4242 
0.000474544021677056284 1.44519 0 152617 73.6069 31.6214 28.4592 0 01 0 0 0 0 0 0 0 0 0 0 0 4.24049 21.4397 0 0 
0.000474544021677056284 1.49292 0 153939 71.4512 30.5611 27.505 0 01 0 0 -0 0 0 0 -0 0 0 0 -0 3.00315 13.4485 0 6.63884 
0.000474544021677056284 1.74011 0 174664 69.4959 29.5233 26.571 0 01 0 0 0 0 0 0 0 0 0 0 0 7.07157 17.6443 0 0 
0.000495408077921275359 0.389442 0 88100 64.7006 27.1678 24.4511 0 01 0 0 0 0 0 0 0 0 0 0 0 10.6451 20.9194 85.7053 321.265 
0.000495408077921275359 0.50638 0 71530 66.0952 27.9273 25.1346 0 01 0 0 0 0 0 0 0 0 0 0 0 7.17011 17.4576 48.876 80.0849 
0.000495408077921275359 0.566613 0 111328 67.4826 28.539 25.6851 0 01 0 0 0 0 0 0 0 0 0 0 0 6.69491 18.9532 62.5734 73.3818 
0.000495408077921275359 0.603949 0 37142 63.1007 26.3964 23.7567 0 01 0 0 0 0 0 0 0 0 0 0 0 10.1756 20.3431 1.22837 503.345 
0.000495408077921275359 0.615932 0 12700 64.3014 26.9761 24.2785 0 01 0 0 0 0 0 0 0 0 0 0 0 3.73234 12.4739 235.874 440.721 
0.000495408077921275359 0.647729 0 25684 63.0733 26.4438 23.7994 0 01 0 0 0 0 0 0 0 0 0 0 0 7.07855 21.9215 0 497.969 
0.000495408077921275359 0.652286 0 24013 68.8349 29.1822 26.264 0 01 0 0 0 0 0 0 0 0 0 0 0 7.07855 21.9215 0 497.969 
0.000495408077921275359 0.780897 0 121014 67.3249 28.499 25.6491 0 01 0 0 0 0 0 0 0 0 0 0 0 8.71118 22.0903 459.89 541.14 
0.000495408077921275359 0.973404 1 11010 0 27.0318 24.3286 0 0 1 0.00205412 -0.00434165 0.00846978 0 0 0 0 0 0 0 0 6.87458 18.6893 0 105.69 
0.000495408077921275359 1.17955 0 166865 62.8942 26.4048 23.7643 0 01 0 -0 0 0 0 -0 0 0 0 -0 0 3.58339 11.9537 0 0 
0.000495408077921275359 1.30272 0 177308 63.2174 26.5446 23.8901 0 01 -0 0 0 0 -0 0 0 0 -0 0 0 0 10.1754 0 0 
0.000495408077921275359 1.65878 0 150382 65.3114 27.5102 24.7592 0 01 0 0 0 0 0 0 0 0 0 0 0 1.68871 10.1786 0 0 
0.000495408077921275359 2.90249 0 196871 67.4387 28.5852 25.7267 0 01 0 0 0 0 0 0 0 0 0 0 0 0 6.51515 0 0 
0.000504823201870823282 0.329523 0 25991 61.3019 25.5313 22.9781 0 01 0 -0 0 0 0 -0 0 0 0 -0 0 4.34252 12.6911 183.742 868.93 
0.000504823201870823282 0.329953 0 110778 61.5212 25.6946 23.1251 0 01 0 0 -0 0 0 0 -0 0 0 0 -0 4.34252 12.6911 183.742 868.93 
0.000504823201870823282 0.493416 0 156600 59.8262 24.7753 22.2978 0 01 -0 0 0 0 -0 0 0 0 -0 0 0 5.48293 13.9306 139.442 433.576 
0.000504823201870823282 0.787103 0 95702 60.5667 25.2521 22.7268 0 01 0 0 0 0 0 0 0 0 0 0 0 1.59081 8.70362 25.9876 25.9876 
0.000504823201870823282 0.838583 0 107024 60.5044 25.1682 22.6514 0 01 0 0 0 0 0 0 0 0 0 0 0 3.38056 10.1221 0 0 
0.000504823201870823282 0.857912 0 184514 59.5604 24.6391 22.1752 0 01 -0 0 0 0 -0 0 0 0 -0 0 0 3.38056 10.1221 0 0 
0.000504823201870823282 1.42126 0 181303 61.4273 25.6703 23.1033 0 01 -0 0 0 0 -0 0 0 0 -0 0 0 0 7.17422 0 0 
0.000504823201870823282 1.6691 0 164435 61.1483 25.4537 22.9084 0 01 0 0 0 0 0 0 0 0 0 0 0 5.11277 10.2099 0 0 
0.000504823201870823282 2.21436 0 197790 61.1754 25.5404 22.9863 0 01 0 0 -0 0 0 0 -0 0 0 0 -0 0 6.70608 0 0 
0.000516768531283455512 0.678164 0 52253 57.7001 23.7688 21.392 0 01 -0 0 0 0 -0 0 0 0 -0 0 0 5.40639 13.4993 31.4789 642.367 
0.000516768531283455512 0.798711 0 147276 58.7407 24.2408 21.8167 0 01 0 -0 0 0 0 -0 0 0 0 -0 0 6.34347 18.2418 1.41544 121.669 
0.000516768531283455512 1.08272 0 85265 58.7173 24.2795 21.8515 0 01 0 0 0 0 0 0 0 0 0 0 0 4.36547 8.71933 0 0 
0.000516768531283455512 1.2312 0 179664 56.8427 23.2517 20.9265 0 01 0 0 0 0 0 0 0 0 0 0 0 3.74502 10.0007 0 433.883 
0.000516768531283455512 1.8791 0 176147 59.5084 24.7199 22.2479 0 01 -0 0 0 0 -0 0 0 0 -0 0 0 3.71176 9.37799 14.4056 14.4056 
0.000538247834969355211 0.0685114 1 165646 52.3922 21.1204 19.0084 0 0 1 -0.664469 3.99441 2.14349 0 0 0 0 0 0 0 0 6.26031 11.4979 1161.12 2619.52 
0.000538247834969355211 0.215266 0 58352 55.3119 22.5595 20.3036 0 01 0 0 0 0 0 0 0 0 0 0 0 5.38611 15.3311 53.7377 274.471 
0.000538247834969355211 0.209532 1 10715 0 22.2461 20.0215 0 0 1 0.00285297 -0.00192804 0.00125852 0 0 0 0 0 0 0 0 5.38611 15.3311 53.7377 274.471 
0.000538247834969355211 0.456551 1 37483 0 21.1535 19.0382 0 0 1 0.00658458 -0.00896099 0.00746622 0 0 -0 0 0 0 -0 0 7.24551 22.175 379.236 655.738 
0.000538247834969355211 0.4624 1 6409 0 21.859 19.6731 0 0 1 0.000449471 0.00240793 -0.013145 0 0 0 0 0 0 0 0 7.24551 22.175 379.236 655.738 
0.000538247834969355211 0.488602 0 13642 55.6771 22.6605 20.3944 0 01 0 -0 0 0 0 -0 0 0 0 -0 0 9.89982 20.8457 225.031 608.857 
0.000538247834969355211 0.522889 0 77606 7.75351 21.0844 18.976 0 01 0 -0 0 0 0 -0 0 0 0 -0 0 8.78502 21.2799 0 664.676 
0.000538247834969355211 0.521435 1 111644 0 21.0549 18.9494 0 0 2 0.00116996 0.000193678 -0.000319053 0 0 0 0 0 0 0 0 8.78502 21.2799 0 664.676 
0.000538247834969355211 0.612326 0 28748 54.3326 22.0846 19.8761 0 01 0 0 0 0 0 0 0 0 0 0 0 5.47432 21.8316 0 202.045 
0.000538247834969355211 0.634508 0 128897 55.4251 22.6208 20.3587 0 01 -0 0 0 0 -0 0 0 0 -0 0 0 8.19641 20.7676 0 480.182 
0.000538247834969355211 0.932021 0 75494 52.6861 21.2422 19.118 0 01 0 0 0 0 0 0 0 0 0 0 0 3.73293 16.7486 20.3278 85.0684 
0.000538247834969355211 2.03814 0 134142 56.2477 23.0483 20.7435 0 01 -0 0 0 0 -0 0 0 0 -0 0 0 2.08798 4.24065 0 0 
0.000557152543482248891 0.157724 0 27716 51.6437 20.7085 18.6377 0 01 0 0 0 0 0 0 0 0 0 0 0 4.61213 9.65139 1094.48 1448.33 
0.000557152543482248891 0.199433 1 43106 0 20.2356 18.2121 0 0 1 -0.00290743 -0.0112675 0.00318831 0 0 0 -0 0 0 0 -0 5.62324 14.4444 447.022 571.5 
0.000557152543482248891 0.221922 0 154047 51.7776 20.7995 18.7196 0 01 0 0 0 0 0 0 0 0 0 0 0 5.62324 14.4444 447.022 571.5 
0.000557152543482248891 0.43051 0 44453 51.9633 20.8067 18.7261 0 01 0 0 0 0 0 0 0 0 0 0 0 5.60521 20.321 273.358 280.747 
0.000557152543482248891 0.71117 0 74245 51.1709 20.4529 18.4076 0 01 0 0 0 0 0 0 0 0 0 0 0 4.8776 13.3408 38.4922 144.404 
0.000557152543482248891 0.717304 0 185627 50.0487 19.9174 17.9257 0 01 0 -0 0 0 0 -0 0 0 0 -0 0 5.10519 12.386 0 139.953 
0.000557152543482248891 0.770864 0 54190 49.2892 19.423 17.4807 0 01 0 0 0 0 0 0 0 0 0 0 0 4.67339 16.3215 282.514 283.687 
0.000557152543482248891 0.776829 0 89578 49.7995 19.7187 17.7469 0 01 0 0 0 0 0 0 0 0 0 0 0 4.67339 16.3215 282.514 283.687 
0.000557152543482248891 0.848263 1 56191 51.4257 21.3681 20.8177 0 0 1 0.158042 2.53046 1.74661 0 0 0 0 0 0 0 0 3.41738 12.768 0 265.261 
0.000557152543482248891 0.850157 0 161343 49.6198 19.6015 17.6414 0 01 -0 0 0 0 -0 0 0 0 -0 0 0 3.41738 12.768 0 265.261 
0.000557152543482248891 2.04764 0 183715 49.3078 19.5315 17.5784 0 01 0 -0 0 0 0 -0 0 0 0 -0 0 2.06846 10.278 0 0 
0.000557152543482248891 2.18967 0 194166 51.865 20.7467 18.672 0 01 -0 0 0 0 -0 0 0 0 -0 0 0 0 2.33463 0 0 
0.00057342048852374039 0.282826 0 55710 46.9203 18.4437 16.599 0 01 0 0 0 0 0 0 0 0 0 0 0 5.62228 17.2612 193.936 232.464 
0.00057342048852374039 0.36969 0 45741 47.4805 18.5506 16.6953 0 01 -0 0 0 0 -0 0 0 0 -0 0 0 7.97037 20.727 144.273 863.231 
0.00057342048852374039 0.496847 0 27316 48.1001 18.8427 16.9584 0 01 0 0 0 0 0 0 0 0 0 0 0 6.0052 19.0641 0 325.967 
0.00057342048852374039 0.542328 0 62226 48.302 18.9853 17.0868 0 01 0 0 0 0 0 0 0 0 0 0 0 7.0758 20.7648 0 367.987 
0.00057342048852374039 0.60821 0 99846 48.7235 19.1813 17.2632 0 01 0 0 -0 0 0 0 -0 0 0 0 -0 9.86118 20.3352 0 315.946 
0.00057342048852374039 0.648837 0 157557 48.6908 19.2617 17.3355 0 01 0 0 0 0 0 0 0 0 0 0 0 3.95039 14.457 0 36.7218 
0.00057342048852374039 0.775012 0 116262 49.0266 19.3395 17.4056 0 01 0 0 0 0 0 0 0 0 0 0 0 12.4049 19.4089 32.4417 319.329 
0.00057342048852374039 0.79454 0 177060 46.786 18.4566 16.6107 0 01 0 0 0 0 0 0 0 0 0 0 0 0.802613 8.02006 0 0 
0.00057342048852374039 1.0837 1 164882 47.7203 18.7899 16.9109 0 0 1 0.0549509 0.251972 0.50269 0 0 0 0 0 0 0 0 1.1074 9.92006 0 0 
0.00057342048852374039 1.50722 0 162029 49.042 19.2992 17.3693 0 01 0 0 -0 0 0 0 -0 0 0 0 -0 1.50836 9.05959 232.301 232.301 
0.00057342048852374039 2.29706 0 183290 48.3797 19.1055 17.1949 0 01 0 0 0 0 0 0 0 0 0 0 0 0 4.48488 0 0 
0.00058339251433707376 0.105662 1 953 0 18.4237 16.581 0 0 1 0.00400975 0.00309294 0.00228469 0 0 0 0 0 0 0 0 1.8795 6.50039 813.946 1205.11 
0.00058339251433707376 0.322575 1 204434 46.176 22.2058 19.9852 0 0 2 -2.68697 0.270078 -0.334673 0 -0 0 0 0 -0 0 0 3.4148 12.1313 414.009 462.291 
0.00058339251433707376 0.562621 0 57888 0 18.2966 16.4665 0 01 0 0 -0 0 0 0 -0 0 0 0 -0 6.27192 12.5478 0 628.228 
0.00058339251433707376 0.589265 0 144755 46.2284 18.3273 16.4941 0 01 0 0 0 0 0 0 0 0 0 0 0 2.98062 12.4578 0 639.445 
0.00058339251433707376 0.648944 0 37829 45.571 18.1771 16.3588 0 01 0 0 -0 0 0 0 -0 0 0 0 -0 1.92833 8.97127 0 220.816 
0.00058339251433707376 0.65609 0 65477 45.4948 18.0653 16.2579 0 01 0 0 0 0 0 0 0 0 0 0 0 3.31094 9.91592 0 101.839 
0.00058339251433707376 1.03511 0 139943 46.444 18.3639 16.5271 0 01 0 0 0 0 0 0 0 0 0 0 0 3.12606 6.2005 0 0 
0.00058339251433707376 1.98317 0 63181 45.5723 18.178 16.3595 0 01 0 0 -0 0 0 0 -0 0 0 0 -0 0 1.99828 0 0 
0.00058339251433707376 2.62372 0 194155 45.6927 18.1508 16.335 0 01 0 0 0 0 0 0 0 0 0 0 0 2.86984 2.86984 0 0 
0.00058339251433707376 3.04129 0 146828 45.4911 18.1005 16.2896 0 01 0 0 0 0 0 0 0 0 0 0 0 0 0 0 0 
0.00059887945733845874 0.223528 1 20900 43.6574 17.4604 15.7128 0 0 1 0.651689 3.27746 -0.781897 0 0 0 0 0 0 0 0 5.4964 14.9148 254.027 647.538 
0.00059887945733845874 0.439036 0 58596 45.3218 18.0158 16.2133 0 01 0 0 0 0 0 0 0 0 0 0 0 7.87796 17.9546 0 66.1935 
0.00059887945733845874 0.46572 0 35366 43.6827 17.4476 15.7013 0 01 0 -0 0 0 0 -0 0 0 0 -0 0 6.89591 13.3912 137.5 609.832 
0.00059887945733845874 0.452733 1 85683 0 17.897 16.1062 0 0 2 -0.00261386 -0.00153675 -0.00447785 0 0 -0 0 0 0 -0 0 6.89591 13.3912 137.5 609.832 
0.00059887945733845874 0.53465 0 60170 45.2368 17.9944 16.194 0 01 0 0 0 0 0 0 0 0 0 0 0 6.85802 17.4002 24.9823 551.832 
0.00059887945733845874 0.54007 0 25648 43.9216 17.5144 15.7614 0 01 0 0 0 0 0 0 0 0 0 0 0 5.47588 23.1152 0 37.837 
0.00059887945733845874 0.891335 0 120626 44.1948 17.6932 15.9226 0 01 0 0 0 0 0 0 0 0 0 0 0 3.51742 10.623 43.7322 207.41 
0.00059887945733845874 0.924887 0 141955 43.841 17.4895 15.739 0 01 0 0 0 0 0 0 0 0 0 0 0 7.36021 17.4759 46.433 681.18 
0.000610068081052993596 0.388506 0 131772 0.161662 17.059 15.351 0 01 0 0 -0 0 0 0 -0 0 0 0 -0 3.54708 13.3799 483.092 710.764 
0.000610068081052993596 0.444556 0 68583 43.541 17.3602 15.6225 0 01 0 0 -0 0 0 0 -0 0 0 0 -0 5.70274 14.11 0 1225.02 
0.000610068081052993596 0.494402 0 68259 42.4999 17.022 15.3177 0 01 0 0 0 0 0 0 0 0 0 0 0 4.35789 14.0223 31.126 190.859 
0.000610068081052993596 0.559026 0 150523 43.4831 17.3153 15.5821 0 01 0 0 0 0 0 0 0 0 0 0 0 3.872 11.5463 0 245.857 
0.000610068081052993596 0.740387 0 83883 43.4998 17.33 15.5953 0 01 0 0 -0 0 0 0 -0 0 0 0 -0 2.93566 13.2029 0 111.794 
0.000610068081052993596 0.743446 0 94719 43.369 17.2634 15.5352 0 01 0 0 0 0 0 0 0 0 0 0 0 2.93566 13.2029 0 111.794 
0.000610068081052993596 1.02356 0 85753 43.43 17.3617 15.6238 0 01 0 0 0 0 0 0 0 0 0 0 0 8.10282 15.1923 0 15.5692 
0.000610068081052993596 1.46866 0 170070 42.6563 16.9855 15.2849 0 01 0 0 0 0 0 0 0 0 0 0 0 0 7.39713 0 0 
0.000633114819826011816 0.211115 0 6025 0.247424 16.2374 14.6108 0 01 0 0 -0 0 0 0 -0 0 0 0 -0 9.09629 18.6896 991.937 1951.42 
0.000633114819826011816 0.283741 0 22499 40.4457 16.1017 14.4885 0 01 0 0 0 0 0 0 0 0 0 0 0 7.874 20.9361 4.14128 262.691 
0.000633114819826011816 0.328647 0 4347 41.5373 16.6249 14.96 0 01 0 -0 0 0 0 -0 0 0 0 -0 0 10.5762 22.5051 422.957 941.869 
0.000633114819826011816 0.674897 0 78974 41.3222 16.444 14.7969 0 01 0 -0 0 0 0 -0 0 0 0 -0 0 11.3354 27.2558 0 432.84 
0.000633114819826011816 0.908658 0 5284 40.5322 16.1325 14.5162 0 01 0 0 0 0 0 0 0 0 0 0 0 5.53634 21.1423 0 14.6843 
0.000633114819826011816 1.08514 0 122995 40.6661 16.1923 14.5701 0 01 0 0 0 0 0 0 0 0 0 0 0 8.63169 18.3458 0 8.01241 
0.000633114819826011816 1.09545 0 111014 41.6225 16.6578 14.9896 0 01 0 0 0 0 0 0 0 0 0 0 0 8.63169 18.3458 0 8.01241 
0.000633114819826011816 1.69021 0 121054 41.5427 16.6285 14.9631 0 01 0 0 0 0 0 0 0 0 0 0 0 1.62201 8.23413 0 0 
0.000633114819826011816 1.77084 0 51605 40.827 16.3072 14.6736 0 01 0 0 -0 0 0 0 -0 0 0 0 -0 1.72522 13.8615 0 0 
0.000633114819826011816 2.49183 0 189256 40.4504 16.1061 14.4925 0 01 0 0 0 0 0 0 0 0 0 0 0 2.41633 7.45335 0 0 
0.000633114819826011816 3.28957 0 197910 42.2259 16.8646 15.1759 0 01 0 0 0 0 0 0 0 0 0 0 0 0 10.0368 0 0 
0.000633114819826011816 3.38741 0 82477 40.9632 16.3848 14.7436 0 01 -0 0 0 0 -0 0 0 0 -0 0 0 0 10.0368 0 0 
0.00066577119961234825 0.100577 0 70798 38.6921 15.4406 13.8929 0 01 0 0 0 0 0 0 0 0 0 0 0 5.6279 12.7068 277.119 514.226 
0.00066577119961234825 0.117421 0 7823 39.3151 15.6442 14.0763 0 01 0 0 -0 0 0 0 -0 0 0 0 -0 5.6279 12.7068 277.119 514.226 
0.00066577119961234825 0.296223 0 50618 39.3718 15.674 14.1032 0 01 0 0 0 0 0 0 0 0 0 0 0 9.96015 27.8494 40.46 609.306 
0.00066577119961234825 0.317726 0 79197 38.3837 15.2722 13.7411 0 01 0 -0 0 0 0 -0 0 0 0 -0 0 8.16292 20.8277 288.063 402.689 
0.00066577119961234825 0.330777 1 209141 37.9483 20.1999 18.1799 0 0 2 -0.715532 0.519277 0.177997 0 0 0 0 0 0 0 0 13.6678 28.6688 219.979 1167.63 
0.00066577119961234825 0.332154 1 23355 38.7463 15.3731 13.8321 0 0 1 -0.434158 1.12726 3.04861 0 0 0 0 0 0 0 0 13.6678 28.6688 219.979 1167.63 
0.00066577119961234825 0.43557 0 36799 37.7695 15.0784 13.5666 0 01 0 0 0 0 0 0 0 0 0 0 0 12.8319 32.6808 211.102 1128.67 
0.00066577119961234825 0.457281 0 191234 39.5368 15.7306 14.1541 0 01 0 0 -0 0 0 0 -0 0 0 0 -0 10.1926 28.7406 713.81 1250.74 
0.00066577119961234825 0.558782 0 36465 39.0862 15.5465 13.9883 0 01 0 0 0 0 0 0 0 0 0 0 0 9.3989 28.651 127.096 139.24 
0.00066577119961234825 0.859171 0 159486 37.6837 14.9777 13.4759 0 01 -0 0 0 0 -0 0 0 0 -0 0 0 6.93231 19.9523 0 345.014 
0.00066577119961234825 0.878284 0 159247 38.304 15.2309 13.704 0 01 0 0 0 0 0 0 0 0 0 0 0 6.93231 19.9523 0 345.014 
0.00066577119961234825 1.02988 0 87721 37.6852 14.9792 13.4772 0 01 0 0 -0 0 0 0 -0 0 0 0 -0 5.2339 27.1959 0 0 
0.00066577119961234825 1.4875 0 185827 39.6373 15.7706 14.1902 0 01 0 0 0 0 0 0 0 0 0 0 0 2.94811 14.633 0 0 
0.00066577119961234825 1.70426 0 167586 38.5806 15.4363 13.889 0 01 0 0 0 0 0 0 0 0 0 0 0 6.94332 19.0998 133.362 133.362 
0.00066577119961234825 2.12694 0 170525 38.7956 15.4379 13.8905 0 01 0 0 0 0 0 0 0 0 0 0 0 2.12737 12.693 0 0 
0.00066577119961234825 2.15505 0 195207 39.8973 15.8976 14.3046 0 01 0 0 0 0 0 0 0 0 0 0 0 2.12737 12.693 0 0 
0.000725016740214505886 0.203532 0 24007 36.9311 14.9546 13.455 0 01 0 0 0 0 0 0 0 0 0 0 0 14.4295 31.1216 1041.79 2437.46 
0.000725016740214505886 0.232284 0 43247 34.425 34.3286 29.3638 0 01 0 0 0 0 0 0 0 0 0 0 0 16.7708 38.0261 437.432 1579.86 
0.000725016740214505886 0.258677 0 90793 35.7125 35.6059 29.9296 0 01 0 0 -0 0 0 0 -0 0 0 0 -0 16.7708 38.0261 437.432 1579.86 
0.000725016740214505886 0.378952 0 17420 33.4215 33.3325 28.8629 0 01 0 0 0 0 0 0 0 0 0 0 0 18.2269 46.1486 418.604 1022.73 
0.000725016740214505886 0.39207 0 58537 36.8577 14.9506 13.4515 0 01 0 0 0 0 0 0 0 0 0 0 0 16.2686 43.199 507.944 662.247 
0.000725016740214505886 0.426793 0 8274 35.9089 35.8008 29.8722 0 01 0 0 0 0 0 0 0 0 0 0 0 14.701 41.1877 207.231 525.623 
0.000725016740214505886 0.445365 0 32995 37.0429 14.8933 13.3998 0 01 0 0 0 0 0 0 0 0 0 0 0 15.5587 37.4096 139.88 761.938 
0.000725016740214505886 0.456527 1 134648 34.8295 13.8288 11.3499 0 0 1 -9.24829 3.6239 -4.12449 0 0 0 0 0 0 0 0 17.3191 46.3985 1225.12 1710.71 
0.000725016740214505886 0.542209 0 52396 35.881 35.7731 29.905 0 01 -0 0 0 0 -0 0 0 0 -0 0 0 14.3722 42.1259 880.215 1242.44 
0.000725016740214505886 0.577348 0 38744 34.4193 34.3229 29.3636 0 01 0 0 0 0 0 0 0 0 0 0 0 14.4858 34.1562 189.173 240.237 
0.000725016740214505886 0.683778 0 128347 35.8955 35.7875 29.6409 0 01 0 0 0 0 0 0 0 0 0 0 0 17.2994 38.0334 385.755 943.539 
0.000725016740214505886 0.710718 0 165929 34.8882 34.7882 29.583 0 01 0 -0 0 0 0 -0 0 0 0 -0 0 19.2812 47.9224 375.856 692.064 
0.000725016740214505886 0.792645 0 144496 36.8656 14.9589 13.4589 0 01 0 0 0 0 0 0 0 0 0 0 0 11.8086 39.4873 302.399 353.628 
0.000725016740214505886 0.824647 0 71669 34.3464 34.2506 29.3 0 01 0 0 0 0 0 0 0 0 0 0 0 11.452 31.8605 154.234 384.58 
0.000725016740214505886 0.840319 0 57393 35.2741 35.171 29.7367 0 01 0 -0 0 0 0 -0 0 0 0 -0 0 15.9788 46.3311 30.7918 577.913 
0.000725016740214505886 0.93391 0 149543 36.7563 36.6412 13.5488 0 01 0 0 -0 0 0 0 -0 0 0 0 -0 12.0424 33.355 100.489 516.081 
0.000725016740214505886 1.07031 0 169315 36.9321 14.955 13.4555 0 01 0 0 0 0 0 0 0 0 0 0 0 15.1164 34.5593 2.85519 288.135 
0.000725016740214505886 1.10033 0 62469 36.8054 15.006 13.5013 0 01 0 0 -0 0 0 0 -0 0 0 0 -0 5.56861 33.4555 0 51.8468 
0.000725016740214505886 1.22185 0 162583 37.01 14.9097 13.4146 0 01 0 0 0 0 0 0 0 0 0 0 0 7.35357 20.9225 35.1792 95.2648 
0.000725016740214505886 1.37356 0 87366 35.2759 35.1728 29.7386 0 01 0 0 0 0 0 0 0 0 0 0 0 6.81645 36.8788 0 86.5928 
0.000725016740214505886 1.6105 0 143944 36.4785 36.3658 17.5268 0 01 0 0 0 0 0 0 0 0 0 0 0 9.61102 25.5215 147.853 165.577 
0.000725016740214505886 1.62724 0 191220 35.2742 35.1711 29.7369 0 01 -0 0 0 0 -0 0 0 0 -0 0 0 9.92876 19.8972 0 355.462 
0.000725016740214505886 1.71679 0 186579 35.8192 35.7118 30.0121 0 01 0 0 0 0 0 0 0 0 0 0 0 8.6328 31.311 133.797 411.699 
0.000725016740214505886 1.73828 0 137507 34.7929 34.6936 29.5091 0 01 0 0 0 0 0 0 0 0 0 0 0 8.6328 31.311 133.797 411.699 
0.000725016740214505886 1.79761 0 102873 35.6821 35.5758 29.9028 0 01 0 0 0 0 0 0 0 0 0 0 0 9.04071 27.2346 221.784 221.784 
0.000725016740214505886 2.60337 0 196116 35.192 35.0895 29.6706 0 01 0 0 0 0 0 0 0 0 0 0 0 2.67214 13.7967 0 0 
0.000725016740214505886 3.67432 0 198841 35.9894 35.8807 27.8195 0 01 0 0 0 0 0 0 0 0 0 0 0 0 3.67432 0 0 
0.000758991060052993595 0.466292 0 41308 32.768 32.6837 28.6304 0 01 -0 0 0 0 -0 0 0 0 -0 0 0 10.3032 24.4227 119.967 318.1 
0.000758991060052993595 0.651275 0 107151 32.3059 32.225 27.5568 0 14.49881 -13.4714 -3.39147 4.15145 0 0 0 0 0 0 0 0 10.387 25.2548 0 37.0476 
0.000758991060052993595 0.674417 0 30052 32.4488 32.3669 27.8785 0 9.366581 -2.17334 3.99181 -8.18993 0 0 0 0 0 0 0 0 0 0 0 0 
0.000758991060052993595 0.680073 0 138555 33.057 32.9706 28.7152 0 01 -0 0 0 0 -0 0 0 0 -0 0 0 0 0 0 0 
0.000758991060052993595 0.786368 0 149405 33.1739 33.0867 28.8071 0 01 0 0 0 0 0 0 0 0 0 0 0 11.058 29.2527 131.854 556.914 
0.000758991060052993595 1.02328 0 121925 32.1195 32.0399 26.9537 0 28.83791 -21.4696 -6.93591 -17.9603 0 0 -0 0 0 0 -0 0 11.2442 24.4484 244.325 385.052 
0.000758991060052993595 1.18209 0 194863 31.5906 31.5146 25.3753 0 45.921 -41.6224 2.53826 19.2296 0 -0 0 0 0 -0 0 0 8.36368 25.1236 23.9686 486.647 
0.000758991060052993595 1.29469 0 140577 33.135 33.0481 28.7755 0 01 0 0 -0 0 0 0 -0 0 0 0 -0 3.83956 18.0068 0 7.97156 
0.000758991060052993595 1.41503 0 139792 31.9889 31.9101 26.5371 0 13.7541 13.3548 -2.38519 2.2657 0 0 -0 0 0 0 -0 0 1.43421 19.8846 0 0 
0.000758991060052993595 1.98156 0 176355 32.2815 32.2008 27.4756 0 14.46421 -11.3355 -6.35906 -6.3468 0 0 0 0 0 0 0 0 3.9576 9.98319 0 281.096 
0.000758991060052993595 2.7832 0 195542 33.3682 33.2796 28.8175 0 01 0 0 0 0 0 0 0 0 0 0 0 2.78857 8.51335 0 0 
0.000771782580295357059 0.160325 0 15422 31.4974 31.422 25.0885 0 25.63831 24.607 -3.05782 -6.5169 0 0 0 -0 0 0 0 -0 4.28719 8.87725 821.361 1057.68 
0.000771782580295357059 0.294097 0 154920 31.2574 31.1836 24.3574 0 57.02751 -27.2706 47.1269 -16.9561 0 -0 0 0 0 -0 0 0 5.78525 15.5984 184.432 441.861 
0.000771782580295357059 0.328039 0 66897 31.2341 31.1605 24.2875 0 38.31861 31.2423 -17.8476 -13.1795 0 0 0 0 0 0 0 0 7.08475 17.0976 172.1 593.061 
0.000771782580295357059 0.3522 0 55686 31.4713 31.3961 25.0093 0 20.62921 -20.5845 -0.367888 -1.30647 0 0 -0 0 0 0 -0 0 3.52042 12.6313 0 333.997 
0.000771782580295357059 0.443244 0 67849 31.2414 31.1677 24.3069 0 45.80571 -44.8644 -2.46893 -8.90212 0 -0 0 0 0 -0 0 0 8.99704 19.2769 0 469.039 
0.000771782580295357059 0.472168 0 34930 31.0161 30.9438 23.6272 0 27.68351 2.97927 18.7083 -20.1865 0 0 0 -0 0 0 0 -0 3.27772 15.5411 0 89.7053 
0.000771782580295357059 0.514122 0 109173 31.5459 31.4702 25.2395 0 32.38141 -31.6914 -6.63031 -0.499013 0 0 0 -0 0 0 0 -0 4.68829 13.9948 0 120.215 
0.000771782580295357059 0.746904 0 184947 31.2345 31.1608 24.285 0 75.37541 -54.5498 4.18574 51.8483 0 0 0 0 0 0 0 0 2.99931 9.71848 38.7395 38.7395 
0.000815466777398461402 0.183656 0 71493 30.2655 30.1983 21.4499 0 99.58991 -88.745 19.9771 -40.5388 0 0 0 0 0 0 0 0 9.26791 17.6377 470.577 1653.01 
0.000815466777398461402 0.217638 0 52314 30.7935 30.7228 22.9685 0 59.12961 -5.7121 58.8084 2.29385 0 0 0 0 0 0 0 0 11.371 25.9065 912.301 1402.47 
0.000815466777398461402 0.295933 0 69754 30.7762 30.7057 22.916 0 56.55771 29.3173 24.6939 41.587 0 0 0 0 0 0 0 0 11.4715 29.9046 396.897 638.695 
0.000815466777398461402 0.394481 0 153147 29.442 29.38 19.2102 0 59.88941 33.5893 -45.9427 18.6486 0 0 0 0 0 0 0 0 12.8651 33.4352 463.227 966.592 
0.000815466777398461402 0.425293 0 30458 30.8936 30.8222 23.2639 0 41.35551 14.2576 18.8685 33.9261 0 0 0 0 0 0 0 0 10.7246 31.1986 1019.62 1428.13 
0.000815466777398461402 0.438257 1 0 0 29.0644 18.3891 0 0 1 -114.972 112.288 66.3072 1 -112.338 113.306 69.1466 0 0 0 0 12.5467 31.0011 169.413 1076.12 
0.000815466777398461402 0.441496 1 86848 30.8252 12.338 8.55996 0 0 1 -20.6468 56.2165 16.9003 0 0 0 0 0 0 0 0 12.5467 31.0011 169.413 1076.12 
0.000815466777398461402 0.529559 0 26774 30.6602 30.5904 22.5788 0 10.11491 -10.0201 -1.36429 -0.218833 0 -0 0 0 0 -0 0 0 16.1157 39.9324 157.449 659.394 
0.000815466777398461402 0.585575 0 48688 29.678 29.6145 19.8354 0 25.00041 -12.247 21.099 -5.46434 0 0 0 0 0 0 0 0 8.74024 29.2041 601.87 701.956 
0.000815466777398461402 0.757746 0 86949 29.7502 29.6862 20.0303 0 117.7921 75.8616 -71.8327 -54.4059 0 0 -0 0 0 0 -0 0 8.25963 23.9072 50.649 103.532 
0.000815466777398461402 0.897006 0 43108 30.0418 29.9761 20.825 0 139.2011 20.4417 -134.171 30.9359 0 0 -0 0 0 0 -0 0 15.3747 31.6416 24.2575 255.002 
0.000815466777398461402 1.09163 0 6292 29.1038 29.0439 18.3372 0 34.58581 10.818 28.0629 -17.077 0 0 0 0 0 0 0 0 11.9813 25.0916 0 26.4287 
0.000815466777398461402 1.09576 0 129259 29.8493 29.7847 20.2992 0 48.82591 22.213 -42.8215 -7.5411 0 0 0 0 0 0 0 0 11.9813 25.0916 0 26.4287 
0.000815466777398461402 1.16072 0 132704 30.5626 30.4935 22.2948 0 78.15431 -31.7503 70.9354 -8.25739 0 0 0 0 0 0 0 0 5.82653 29.1531 133.745 177.466 
0.000815466777398461402 1.16909 0 59481 30.6952 30.6252 22.6807 0 141.9421 -100.9 -45.9413 88.6352 0 -0 0 0 0 -0 0 0 5.82653 29.1531 133.745 177.466 
0.000815466777398461402 1.17003 0 89901 30.3874 30.3194 21.7945 0 52.33661 14.1341 -47.9998 -15.3415 0 0 0 0 0 0 0 0 5.82653 29.1531 133.745 177.466 
0.000815466777398461402 1.18377 0 95010 29.1241 29.0641 18.3883 0 169.4391 -166.229 -31.4329 9.45601 0 -0 0 0 0 -0 0 0 6.00637 19.2312 307.867 307.867 
0.000815466777398461402 1.20954 0 27397 30.0313 29.9655 20.7976 0 143.7511 -114.561 -86.2189 10.3178 0 0 0 0 0 0 0 0 6.00637 19.2312 307.867 307.867 
0.000815466777398461402 1.26831 0 154589 30.0242 29.9586 20.7778 0 76.53971 5.30783 -73.4926 20.7119 0 0 0 0 0 0 0 0 5.14267 24.4354 0 0 
0.000815466777398461402 1.34558 0 169885 30.6318 30.5622 22.4955 0 74.31141 24.416 -67.6558 18.6745 0 0 0 0 0 0 0 0 6.69064 16.0476 146.097 159.162 
0.000815466777398461402 1.43279 0 152125 29.2841 29.2231 18.798 0 119.9871 -106.853 52.4641 15.0618 0 0 0 0 0 0 0 0 5.71047 17.1537 0 134.551 
0.000815466777398461402 1.60391 0 19678 30.5204 30.4515 22.1755 0 115.6731 44.2183 -103.228 27.7299 0 0 0 0 0 0 0 0 4.81742 14.4608 49.2179 90.6324 
0.000815466777398461402 1.78168 0 194475 30.6804 30.6105 22.6362 0 98.94771 -91.5753 -29.7327 22.8162 0 -0 0 0 0 -0 0 0 5.24097 22.7857 0 0 
0.000815466777398461402 1.80861 0 79775 30.7969 30.7262 22.9788 0 27.31281 27.2217 -1.40443 -1.73043 0 0 -0 0 0 0 -0 0 9.18049 21.8946 0 34.7505 
0.000815466777398461402 1.89681 0 177987 30.7625 30.6921 22.8778 0 100.6721 56.3461 71.2043 43.4732 0 0 0 0 0 0 0 0 3.93117 15.4113 0 51.2245 
0.000815466777398461402 2.12202 0 183892 30.1223 30.056 21.0476 0 70.62271 -21.6237 55.8028 -37.4971 0 0 0 0 0 0 0 0 2.18758 13.0023 0 8.47314 
0.000846337021512922043 0.156905 0 55732 28.4725 28.4163 16.7718 0 154.2171 -141.007 59.6754 18.405 0 0 0 0 0 0 0 0 6.79506 17.1348 209.522 1288.58 
0.000846337021512922043 0.313913 0 41160 28.0132 27.9597 15.6891 0 173.6521 -135.875 76.918 -76.0041 0 0 0 -0 0 0 0 -0 10.3578 22.4543 187.397 1132.94 
0.000846337021512922043 0.34239 0 29137 28.8047 28.7465 17.5847 0 132.4571 -70.5339 -106.603 34.7235 0 0 0 0 0 0 0 0 10.5618 28.6606 0 403.649 
0.000846337021512922043 0.501927 1 37014 28.4169 28.361 8.80134 0 0 1 11.3249 4.68714 12.0751 0 0 0 0 0 0 0 0 8.94197 27.3364 331.382 359.527 
0.000846337021512922043 0.567398 0 6219 28.0697 28.0159 15.82 0 292.1041 177.895 169.759 157.671 0 0 0 0 0 0 0 0 11.8579 27.0534 246.789 758.602 
0.000846337021512922043 0.649656 0 23097 28.6906 28.6331 17.3031 0 205.8121 -112.49 171.311 -18.8984 0 -0 0 0 0 -0 0 0 8.53416 25.5664 43.1059 873.3 
0.000846337021512922043 0.698394 0 61856 28.5407 28.4841 16.9372 0 92.71591 83.9145 35.4625 17.2341 0 0 0 0 0 0 0 0 6.29762 27.4046 60.3862 133.038 
0.000846337021512922043 0.779103 0 126118 28.7826 28.7246 17.5283 0 111.0091 67.2309 -78.066 41.3353 0 0 -0 0 0 0 -0 0 10.0935 27.9601 0 115.035 
0.000846337021512922043 0.831898 0 185355 28.3386 28.2832 16.4521 0 117.8321 -110.477 39.6373 10.39 0 0 0 0 0 0 0 0 7.43959 33.8478 186.167 204.197 
0.000846337021512922043 0.842196 0 99537 28.3536 28.2981 16.4869 0 195.6661 -165.861 -29.7067 99.4627 0 0 -0 0 0 0 -0 0 7.64945 16.136 180.344 216.976 
0.000846337021512922043 0.868856 0 73589 27.9947 27.9413 15.6469 0 200.2911 18.2448 189.022 -63.6752 0 0 0 0 0 0 0 0 4.37482 18.469 92.8454 148.934 
0.000846337021512922043 0.895335 0 162556 28.4539 28.3978 16.7278 0 174.6791 -58.5086 -159.194 -41.7922 0 0 0 -0 0 0 0 -0 7.25201 24.4367 0 79.6559 
0.000846337021512922043 0.927154 0 179360 28.9337 28.8748 17.9054 0 136.2211 -3.23081 125.325 -53.288 0 0 0 0 0 0 0 0 9.36691 17.8057 0 35.1142 
0.000846337021512922043 1.12572 0 54359 28.9575 28.8984 17.9646 0 108.3821 104.666 -28.131 -0.653923 0 0 0 0 0 0 0 0 4.50708 15.808 0 8.1295 
0.000846337021512922043 1.1905 0 129944 28.0037 27.9502 15.6666 0 88.61621 54.7857 69.6512 0.27371 0 0 0 0 0 0 0 0 8.42288 18.0766 0 194.947 
0.000846337021512922043 1.24315 0 185079 29.0216 28.9622 18.1267 0 155.1191 -150.419 -20.7535 -31.7061 0 0 -0 0 0 0 -0 0 5.01347 17.5044 0 28.9044 
0.000846337021512922043 1.46666 0 106288 28.3056 28.2503 16.3733 0 161.8561 -42.1798 -5.9931 -156.148 0 0 -0 0 0 0 -0 0 4.4874 23.8801 0 49.3049 
0.000846337021512922043 1.70774 0 39238 28.202 28.1474 16.1286 0 96.70961 -15.1923 -91.7345 -26.5843 0 0 0 0 0 0 0 0 3.36224 8.42708 30.602 181.739 
0.000846337021512922043 1.7724 0 171631 28.0086 27.9551 15.6782 0 161.2981 -14.4438 54.2477 151.214 0 -0 0 0 0 -0 0 0 3.52159 24.6215 0 0 
0.000846337021512922043 2.01641 0 185527 27.9668 27.9136 15.5827 0 191.3261 -12.0095 -190.852 6.07959 0 0 -0 0 0 0 -0 0 4.05904 12.2874 0 0 
0.000846337021512922043 2.14586 0 67839 28.2831 28.2279 16.3185 0 238.8651 37.3608 -200.103 -124.979 0 0 0 0 0 0 0 0 0 10.7024 0 0 
0.000846337021512922043 2.86607 0 193763 28.3885 28.3328 16.5705 0 314.9331 -88.5451 -195.262 -230.684 0 0 0 0 0 0 0 0 2.77846 11.2972 0 0 
0.000892154615839245088 0.133715 0 61838 27.3392 27.2895 14.1818 0 252.061 219.151 55.3856 -111.533 0 0 0 0 0 0 0 0 7.07945 18.6538 184.671 1099.79 
0.000892154615839245088 0.494171 0 49516 26.5959 26.5502 12.6298 0 230.8131 -60.1542 54.327 216.113 0 0 0 0 0 0 0 0 12.4979 34.599 118.184 416.797 
0.000892154615839245088 0.740475 0 81542 27.2419 27.1927 13.9711 0 224.7751 -40.2092 -61.8858 212.314 0 0 0 0 0 0 0 0 10.9322 27.0327 34.1171 267.761 
0.000892154615839245088 0.806229 0 18064 27.4481 27.3978 14.4188 0 65.85881 -52.5803 -39.0251 -7.05172 0 -0 0 0 0 -0 0 0 11.2917 26.5321 0 91.3354 
0.000892154615839245088 0.840218 0 181037 27.2189 27.1699 13.9221 0 81.04651 73.4013 13.6165 -31.5495 0 0 0 0 0 0 0 0 11.716 31.6509 212.786 596.891 
0.000892154615839245088 0.902568 0 86890 27.8716 27.8189 15.3639 0 248.9791 -136.267 -193.682 76.873 0 -0 0 0 0 -0 0 0 11.899 28.4353 23.5743 330.869 
0.000892154615839245088 0.903039 0 89495 27.5396 27.4888 14.6191 0 272.4731 -262.323 69.5718 24.2494 0 0 0 0 0 0 0 0 11.899 28.4353 23.5743 330.869 
0.000892154615839245088 1.02177 1 206604 28.5508 17.876 16.0874 0 0 2 -0.527091 3.71117 -0.00663382 0 0 0 -0 0 0 0 -0 5.16176 16.4985 0 80.8262 
0.000892154615839245088 1.12938 0 141353 27.2499 27.2007 13.9886 0 199.7061 176.33 -88.9959 -29.4971 0 0 -0 0 0 0 -0 0 5.66397 24.9929 0 89.1328 
0.000892154615839245088 1.43567 0 166801 27.6131 27.5619 14.783 0 46.00451 2.39817 19.1955 -41.7397 0 0 0 -0 0 0 0 -0 5.81175 21.648 0 21.8347 
0.000892154615839245088 1.47618 0 132710 27.7405 27.6885 15.0673 0 85.24291 8.37445 61.1913 -58.7524 0 0 0 0 0 0 0 0 9.02546 12.0054 0 203.327 
0.000892154615839245088 1.63296 0 129927 27.4288 27.3786 14.3756 0 164.4871 164.07 -8.55455 7.98446 0 0 0 0 0 0 0 0 8.10941 14.564 0 146.637 
0.000892154615839245088 1.76494 0 131361 26.4753 26.4302 12.3878 0 130.8461 94.0207 86.1027 29.4453 0 0 0 0 0 0 0 0 3.49577 17.6308 0 27.0389 
0.000892154615839245088 1.95483 0 149264 27.311 27.2615 14.1207 0 59.491 25.8619 -50.7388 17.1986 0 0 -0 0 0 0 -0 0 5.78733 13.583 3.54816 70.4216 
0.000892154615839245088 2.24461 0 187038 27.069 27.0207 13.604 0 241.361 144.59 -179.37 71.9348 0 0 -0 0 0 0 -0 0 2.12805 15.2225 0 0 
0.000939800066021573592 0.316865 0 8327 26.2079 26.1641 11.8637 0 59.72441 -59.7221 0.450298 -0.268584 0 0 0 -0 0 0 0 -0 14.5726 38.2868 436.631 757.3 
0.000939800066021573592 0.342614 0 9348 1.19038 26.2875 11.6777 0 281.831 172.157 40.824 -219.371 0 0 0 0 0 0 0 0 14.5726 38.2868 436.631 757.3 
0.000939800066021573592 0.453238 1 204329 29.757 22.4628 20.2165 0 0 2 2.27889 -2.22398 -0.568925 0 0 0 0 0 0 0 0 16.5729 33.9183 175.125 1201.34 
0.000939800066021573592 0.467286 0 18681 26.3216 26.2773 12.0846 0 283.3281 252.64 -98.3109 -82.3587 0 0 0 0 0 0 0 0 16.5729 33.9183 175.125 1201.34 
0.000939800066021573592 0.549959 0 131510 26.0311 25.9883 11.5253 0 289.7941 283.985 49.9066 29.0229 0 0 0 0 0 0 0 0 9.34087 30.2131 414.496 671.643 
0.000939800066021573592 0.558007 1 0 25.673 25.8847 11.3495 0 0 1 -146.294 -75.6173 26.1772 0 0 -0 0 0 0 -0 0 9.34087 30.2131 414.496 671.643 
0.000939800066021573592 0.628781 0 145174 26.2275 26.1836 11.9016 0 242.011 -202.355 -93.3255 -94.4001 0 0 -0 0 0 0 -0 0 11.1296 36.4535 0 141.628 
0.000939800066021573592 0.68071 0 64738 25.6395 25.5987 10.7971 0 480.9021 -90.9739 254.35 397.865 0 -0 0 0 0 -0 0 0 13.034 35.6504 0 443.493 
0.000939800066021573592 0.702042 0 89672 26.1819 26.1382 11.8135 0 213.4441 72.4299 141.127 -142.813 0 0 0 0 0 0 0 0 12.0478 34.763 352.534 367.006 
0.000939800066021573592 0.78895 0 126498 25.4469 25.4071 10.4501 0 109.9951 -65.8612 -26.7306 83.9443 0 0 -0 0 0 0 -0 0 10.1609 26.6219 0 352.135 
0.000939800066021573592 0.84755 0 60209 25.824 25.7823 11.1362 0 206.7291 -10.5667 98.7636 181.304 0 0 0 0 0 0 0 0 5.86849 26.827 0 321.005 
0.000939800066021573592 0.936029 0 112460 25.4119 25.3722 10.388 0 134.5961 35.0737 -129.296 -12.9709 0 0 0 -0 0 0 0 -0 7.57023 25.5609 176.715 393.717 
0.000939800066021573592 1.1115 0 125335 26.327 26.2827 12.0954 0 165.9981 131.433 18.0864 -99.7686 0 0 0 0 0 0 0 0 6.68303 25.573 0 36.9252 
0.000939800066021573592 1.133 0 190546 25.1519 25.1135 9.9328 0 179.331 -49.6884 -21.1501 -171.006 0 0 0 0 0 0 0 0 8.0064 29.6961 0 7.19104 
0.000939800066021573592 1.15054 0 75139 25.8884 25.8463 11.2567 0 515.6561 -343.631 289.936 -252.5 0 0 0 0 0 0 0 0 8.0064 29.6961 0 7.19104 
0.000939800066021573592 1.16979 0 166175 25.6275 25.5868 10.7759 0 286.2471 271.244 84.088 -35.9588 0 0 0 -0 0 0 0 -0 8.26451 30.8457 0 170.777 
0.000939800066021573592 1.22947 0 149828 25.8174 25.7757 11.1246 0 126.11 -123.842 2.24697 -23.6469 0 -0 0 0 0 -0 0 0 7.36204 24.4216 2.80603 2.80603 
0.000939800066021573592 1.37194 0 105386 25.5418 25.5015 10.6201 0 257.3111 -251.81 -7.78001 52.3425 0 0 0 0 0 0 0 0 9.46374 21.5416 0 112.401 
0.000939800066021573592 1.40745 0 158284 26.0693 26.0263 11.5974 0 183.7341 -182.169 23.744 2.99258 0 0 0 0 0 0 0 0 11.2165 25.1046 0 335.35 
0.000939800066021573592 1.6722 0 170681 26.196 26.1522 11.8403 0 148.761 63.6008 -106.152 82.5597 0 0 0 0 0 0 0 0 6.8201 16.9579 0 167.507 
0.000939800066021573592 1.80057 0 77143 25.7174 25.6762 10.94 0 148.3141 -39.902 -141.11 -22.1959 0 0 -0 0 0 0 -0 0 3.51347 17.8238 0 0 
0.000939800066021573592 2.32041 0 171637 26.0749 26.0319 11.6084 0 180.0321 75.768 159.565 34.783 0 0 0 0 0 0 0 0 4.79063 19.0631 0 0 
0.000939800066021573592 2.37663 0 195209 26.2463 26.2023 11.9378 0 205.7941 -60.5583 142.442 135.626 0 0 0 0 0 0 0 0 4.79063 19.0631 0 0 
0.000940955379309060553 1.33806 0 165019 24.9833 24.9457 9.64445 0 311.6271 -241.738 -1.93585 -196.648 0 0 -0 0 0 0 -0 0 0 1.37184 0 0 
0.000942785766201761672 1.37493 0 81629 24.9271 24.8898 9.55 0 312.5141 -295.2 101.434 -15.2605 0 -0 0 0 0 -0 0 0 0 1.36682 0 0 
0.000944657191975126665 1.93723 0 185177 24.903 24.8658 9.50937 0 219.8431 66.8212 -161.935 132.827 0 0 0 0 0 0 0 0 0 0 0 0 
0.000944657191975126665 2.33955 0 186121 24.8636 24.8266 9.4436 0 313.7241 -295.983 23.367 -101.346 0 0 0 -0 0 0 0 -0 0 0 0 0 
0.00100652031636680548 0.411272 0 109592 23.684 23.6523 7.60414 0 453.4731 -62.7404 -426.364 -141.123 0 0 0 -0 0 0 0 -0 15.8814 43.4378 686.005 1141.99 
0.00100652031636680548 0.522966 0 144498 24.3374 24.3028 8.59056 0 296.1261 91.4755 70.4723 272.684 0 0 0 0 0 0 0 0 15.3517 39.4119 501.498 963.656 
0.00100652031636680548 0.53623 0 187804 24.3237 24.2891 8.56923 0 413.4521 297.146 -252.449 137.538 0 0 -0 0 0 0 -0 0 21.9572 50.8992 49.1813 342.582 
0.00100652031636680548 0.588301 0 63470 24.6264 24.5905 9.05258 0 225.0451 -174.587 103.087 97.6621 0 0 0 0 0 0 0 0 15.6299 40.5734 39.0744 135.155 
0.00100652031636680548 0.599317 0 98258 23.7794 23.7473 7.74318 0 369.1611 42.9962 -353.145 -98.5906 0 0 -0 0 0 0 -0 0 16.9016 40.432 95.4411 304.66 
0.00100652031636680548 0.640167 0 77879 24.5368 24.5013 8.90788 0 344.8561 -338.28 29.2855 60.289 0 0 0 0 0 0 0 0 19.4963 44.1977 40.3269 242.185 
0.00100652031636680548 0.729431 0 5708 23.4869 23.456 7.3217 0 222.0311 146.869 -87.1603 141.88 0 0 0 0 0 0 0 0 15.1516 44.0401 189.864 898.751 
0.00100652031636680548 0.770461 0 77061 23.5 23.4692 7.34029 0 201.9681 -127.315 96.6547 -123.449 0 0 0 0 0 0 0 0 16.2009 39.3146 294.714 458.065 
0.00100652031636680548 0.840148 0 140637 24.8446 24.8077 9.41148 0 129.1151 13.252 122.925 -37.2075 0 0 0 -0 0 0 0 -0 10.1972 39.8074 0 292.463 
0.00100652031636680548 0.925422 0 118226 24.3179 24.2834 8.56003 0 118.3311 111.353 -18.773 -35.3592 0 0 0 0 0 0 0 0 12.0367 38.9527 0 255.942 
0.00100652031636680548 1.34715 0 83813 23.7236 23.6918 7.66172 0 184.8411 11.8668 -161.038 89.9546 0 0 -0 0 0 0 -0 0 6.8546 31.4843 67.4588 67.4588 
0.00100652031636680548 1.3885 0 74516 23.4024 23.372 7.20295 0 433.3241 282.6 203.064 -258.208 0 0 0 0 0 0 0 0 6.8546 31.4843 67.4588 67.4588 
0.00100652031636680548 1.65023 0 165677 24.2251 24.191 8.41554 0 302.1841 -237.689 125.783 137.834 0 0 0 0 0 0 0 0 8.22033 34.606 0 721.009 
0.00100652031636680548 1.66048 0 163317 24.8582 24.8212 9.43443 0 193.2911 62.7524 179.335 35.5325 0 0 0 0 0 0 0 0 8.22033 34.606 0 721.009 
0.00100652031636680548 1.76674 0 87460 24.6284 24.5925 9.05589 0 232.8681 -205.635 -96.6371 -51.0227 0 0 0 -0 0 0 0 -0 5.35279 21.6251 0 0 
0.00100652031636680548 1.90606 0 96095 23.6268 23.5954 7.52134 0 255.9691 153.75 162.53 -124.359 0 0 0 0 0 0 0 0 1.89363 15.1081 10.317 10.317 
0.00100652031636680548 3.99324 0 197303 24.8468 24.8099 9.41522 0 146.9441 -104.933 9.55661 102.422 0 0 0 0 0 0 0 0 6.26979 9.45651 0 0 
0.00104999206556259423 0.408358 0 13000 22.4451 22.4185 5.94546 0 212.1131 208.525 -16.3946 -35.2177 0 0 0 0 0 0 0 0 16.3648 40.6621 239.689 642.441 
0.00104999206556259423 0.505412 0 190351 23.2074 23.1778 6.93354 0 450.4911 249.84 -223.877 300.669 0 0 0 0 0 0 0 0 16.5175 40.1474 383.198 706.021 
0.00104999206556259423 0.60588 0 31525 22.9882 22.9595 6.63889 0 235.3231 -157.363 -81.5301 -154.812 0 0 0 -0 0 0 0 -0 12.6802 39.9851 0 303.271 
0.00104999206556259423 0.78563 0 78975 22.9598 22.9312 6.60126 0 310.8531 -309.246 -13.5298 28.5164 0 0 0 0 0 0 0 0 9.55731 30.2936 129.415 160.595 
0.00104999206556259423 1.00973 0 106367 22.8454 22.8172 6.45147 0 317.2861 317.178 -7.50977 -3.48577 0 0 0 -0 0 0 0 -0 4.10935 26.6536 9.98468 9.98468 
0.00104999206556259423 1.37733 0 159018 22.8485 22.8204 6.45562 0 330.1631 200.212 -182.482 188.741 0 0 0 0 0 0 0 0 9.57818 16.4084 0 160.55 
0.00104999206556259423 1.55359 0 153408 22.7891 22.7612 6.37866 0 388.5911 319.855 -91.6361 200.745 0 0 0 0 0 0 0 0 3.10006 21.4613 0 0 
0.00104999206556259423 1.65241 0 148434 22.568 22.5409 6.09776 0 385.1651 -116.625 -213.695 -298.471 0 0 -0 0 0 0 -0 0 6.62388 19.7769 0 111.235 
0.00104999206556259423 1.89505 0 175854 22.8738 22.8456 6.48848 0 571.5831 -278.418 -125.341 483.198 0 -0 0 0 0 -0 0 0 3.76728 16.9101 7.13004 7.13004 
0.00104999206556259423 3.03997 0 199257 23.1499 23.1205 6.85545 0 116.1931 -108.291 -4.87087 41.8363 0 0 0 0 0 0 0 0 8.48355 14.2621 0 179.126 
0.00105306366851505074 1.03611 0 45426 22.4067 22.3804 5.89847 0 301.7641 196.42 228.571 -15.3712 0 0 0 0 0 0 0 0 2.02473 3.04085 0 0 
0.00106425337054191251 0.233358 0 5085 22.277 22.2512 5.74135 0 294.3351 83.4722 239.428 149.465 0 0 0 0 0 0 0 0 6.42187 14.1808 348.066 592.441 
0.00106425337054191251 0.997446 0 161955 22.1664 22.141 5.60971 0 227.2231 -224.039 -37.6472 -4.43725 0 0 0 -0 0 0 0 -0 3.96802 14.849 0 105.201 
0.0010661064916444472 0.247662 0 1919 22.1494 22.124 5.58958 0 338.3931 -284.342 -86.5797 161.75 0 0 0 0 0 0 0 0 1.78642 3.79705 210.924 210.924 
0.00107410348800660873 0.730093 0 189779 22.0877 22.0626 5.51724 0 433.4481 -174.962 371.53 138.675 0 -0 0 0 0 -0 0 0 2.87044 5.05567 0 75.8986 
0.00107410348800660873 1.5798 0 153745 22.0528 22.0279 19.6511 0 01 0 0 0 0 0 0 0 0 0 0 0 0 1.58081 0 0 
0.00107410348800660873 1.60312 0 163978 22.052 22.027 19.6503 0 01 0 0 0 0 0 0 0 0 0 0 0 0 1.58081 0 0 
0.00107410348800660873 1.63764 0 143717 21.9963 21.9716 19.6014 0 01 0 0 0 0 0 0 0 0 0 0 0 1.68953 4.97966 0 14.3204 
0.00112899514984615896 0.188438 0 13778 21.0531 21.0318 18.7698 0 01 0 0 -0 0 0 0 -0 0 0 0 -0 0 0 0 0 
0.00112899514984615896 0.266266 0 2133 21.2494 21.2274 18.9433 0 01 0 0 0 0 0 0 0 0 0 0 0 16.0044 39.0296 714.641 1380.27 
0.00112899514984615896 0.273058 0 5802 21.7804 21.7565 19.4111 0 01 0 0 0 0 0 0 0 0 0 0 0 16.0044 39.0296 714.641 1380.27 
0.00112899514984615896 0.274209 0 34929 21.5077 21.4847 19.1717 0 01 0 0 -0 0 0 0 -0 0 0 0 -0 16.0044 39.0296 714.641 1380.27 
0.00112899514984615896 0.318007 0 18397 21.7831 21.7591 19.4137 0 01 0 0 0 0 0 0 0 0 0 0 0 0 0 0 0 
0.00112899514984615896 0.363069 0 62404 21.7151 21.6914 19.3543 0 01 0 0 0 0 0 0 0 0 0 0 0 15.3647 40.3307 364.114 711.017 
0.00112899514984615896 0.364572 0 24795 21.8114 21.7873 19.4379 0 01 0 -0 0 0 0 -0 0 0 0 -0 0 15.3647 40.3307 364.114 711.017 
0.00112899514984615896 0.446981 1 57626 21.7137 21.69 7.56262 0 0 1 0.992074 -1.27437 0.90553 0 0 0 0 0 0 0 0 11.9981 38.2234 487.712 785.44 
0.00112899514984615896 0.506478 0 63111 21.6082 21.5849 19.2597 0 01 0 0 0 0 0 0 0 0 0 0 0 14.3603 37.4502 65.0369 196.939 
0.00112899514984615896 0.512008 0 61834 21.0137 20.9926 18.7347 0 01 -0 0 0 0 -0 0 0 0 -0 0 0 14.3603 37.4502 65.0369 196.939 
0.00112899514984615896 0.560514 0 74169 21.2241 21.2022 18.9205 0 01 0 0 0 0 0 0 0 0 0 0 0 14.0693 35.941 25.8793 25.8793 
0.00112899514984615896 0.585274 0 161127 21.1922 21.1704 18.8925 0 01 0 0 0 0 0 0 0 0 0 0 0 16.9198 44.3511 40.5823 739.188 
0.00112899514984615896 0.987002 0 125439 21.3014 21.2792 18.9891 0 01 0 0 0 0 0 0 0 0 0 0 0 8.95316 42.7246 56.5776 144.968 
0.00112899514984615896 1.21424 0 150526 21.52 21.497 19.182 0 01 0 0 0 0 0 0 0 0 0 0 0 9.66171 25.2705 48.288 53.8202 
0.00112899514984615896 1.55154 0 150319 21.8709 21.8466 19.4904 0 01 0 0 0 0 0 0 0 0 0 0 0 6.10555 21.3222 0 12.8283 
0.00112899514984615896 1.69936 0 74810 21.3199 21.2976 19.0055 0 01 0 0 0 0 0 0 0 0 0 0 0 15.6201 27.8307 0 49.1179 
0.00112899514984615896 1.77903 0 147298 21.7574 21.7335 19.3904 0 01 0 0 0 0 0 0 0 0 0 0 0 1.79712 21.6212 0 0 
0.00112899514984615896 2.03059 0 190379 21.548 21.5249 19.206 0 01 0 0 -0 0 0 0 -0 0 0 0 -0 8.00041 15.9106 0 0 
0.00112899514984615896 2.09389 0 172139 21.7289 21.7051 19.366 0 01 0 0 0 0 0 0 0 0 0 0 0 4.23413 14.7807 0 1.22958 
0.00112899514984615896 2.55624 1 0 21.4183 21.6605 19.0181 0 0 1 0 0 0 0 0 0 0 0 0 0 0 2.55624 2.55624 0 0 
0.00115935841089407168 0.186255 0 52009 20.6358 20.6159 18.4012 0 01 0 0 0 0 0 0 0 0 0 0 0 0 0 0 0 
0.00115935841089407168 0.492973 0 23718 20.5115 20.492 18.291 0 01 0 0 0 0 0 0 0 0 0 0 0 7.3957 20.1902 35.7619 244.684 
0.00115935841089407168 0.668209 0 98571 20.554 20.5344 18.3293 0 01 0 0 0 0 0 0 0 0 0 0 0 8.77827 25.7443 216.051 630.43 
0.00115935841089407168 0.845493 0 33876 20.5916 20.5719 18.3628 0 01 0 0 0 0 0 0 0 0 0 0 0 6.79117 23.0193 101.941 290.527 
0.00115935841089407168 0.988553 0 164300 20.9292 20.9083 18.6601 0 01 0 0 0 0 0 0 0 0 0 0 0 7.94131 21.9166 0 0 
0.00115935841089407168 1.35276 0 163707 20.5744 20.5547 18.3476 0 01 0 0 0 0 0 0 0 0 0 0 0 5.27942 13.2564 0 18.2393 
0.00115935841089407168 1.80264 0 171741 20.7738 20.7534 18.5231 0 01 0 0 0 0 0 0 0 0 0 0 0 1.84243 5.4589 0 0 
0.00115935841089407168 3.72559 0 199578 20.9148 20.894 18.6477 0 01 0 -0 0 0 0 -0 0 0 0 -0 0 0 0 0 0 
0.00119028008455340849 0.292206 0 29294 20.3085 20.2898 18.1112 0 01 0 0 0 0 0 0 0 0 0 0 0 11.5483 27.8659 412.133 1066.16 
0.00119028008455340849 0.326817 0 44830 20.2644 20.2457 18.0726 0 01 0 0 0 0 0 0 0 0 0 0 0 11.6933 26.337 263.795 380.98 
0.00119028008455340849 0.504212 0 17368 20.3403 20.3214 18.1406 0 01 0 0 0 0 0 0 0 0 0 0 0 12.2155 31.1596 11.4762 177.143 
0.00119028008455340849 0.593513 0 171146 20.1221 20.1039 17.9472 0 01 0 0 0 0 0 0 0 0 0 0 0 8.48893 24.1995 21.5645 38.6582 
0.00119028008455340849 0.630059 0 59383 20.1415 20.1232 17.9646 0 01 0 0 0 0 0 0 0 0 0 0 0 6.86016 21.8965 4.76331 70.7313 
0.00119028008455340849 0.764476 0 88115 20.2206 20.2021 18.0343 0 01 0 -0 0 0 0 -0 0 0 0 -0 0 7.71469 30.8253 20.5822 63.8862 
0.00119028008455340849 0.824658 0 143635 20.4154 20.3962 18.2065 0 01 0 0 -0 0 0 0 -0 0 0 0 -0 9.04542 21.3628 0 267.59 
0.00119028008455340849 1.03431 0 151331 20.3561 20.3371 18.1545 0 01 0 0 0 0 0 0 0 0 0 0 0 9.19919 26.6787 28.6712 35.7638 
0.00119028008455340849 1.12363 0 82874 20.4299 20.4107 18.2192 0 01 0 -0 0 0 0 -0 0 0 0 -0 0 1.12196 12.3872 0 8.04401 
0.00119028008455340849 1.54512 0 148444 20.3789 20.3599 18.174 0 01 0 0 0 0 0 0 0 0 0 0 0 3.09461 13.7883 0 50.7419 
0.00119028008455340849 1.64325 0 148344 20.1477 20.1295 17.9693 0 01 0 0 0 0 0 0 0 0 0 0 0 3.33033 9.97356 0 0 
0.00119028008455340849 2.61029 0 167944 20.2305 20.212 18.0425 0 01 0 0 0 0 0 0 0 0 0 0 0 2.61029 10.4379 0 0 
0.00124123211861323457 0.130363 0 15890 19.6421 19.6254 17.5225 0 01 0 -0 0 0 0 -0 0 0 0 -0 0 10.0858 20.8356 446.45 1086.35 
0.00124123211861323457 0.223391 0 1612 19.8229 19.8057 17.6819 0 01 0 0 0 0 0 0 0 0 0 0 0 0 0 0 0 
0.00124123211861323457 0.390463 0 7154 19.822 19.8047 17.681 0 01 0 -0 0 0 0 -0 0 0 0 -0 0 19.1776 42.2672 383.927 843.698 
0.00124123211861323457 0.403526 0 29937 19.7082 19.6913 17.5812 0 01 0 0 0 0 0 0 0 0 0 0 0 19.1776 42.2672 383.927 843.698 
0.00124123211861323457 0.425289 0 53826 19.7413 19.7244 17.6107 0 01 0 0 0 0 0 0 0 0 0 0 0 14.9659 36.7389 440.956 557.846 
0.00124123211861323457 0.791867 1 106217 19.9211 19.9036 6.87389 0 0 1 -0.577882 -0.975259 1.48377 0 0 0 0 0 0 0 0 11.9314 38.2765 14.0417 208.98 
0.00124123211861323457 1.38827 1 144527 19.9627 19.9451 6.88886 0 0 1 0.656369 -0.011009 1.46781 0 0 0 0 0 0 0 0 16.4848 32.9521 194.894 438.082 
0.00124123211861323457 1.67232 0 173828 19.8898 19.8724 17.7412 0 01 0 0 -0 0 0 0 -0 0 0 0 -0 5.02045 11.6737 22.6566 22.6566 
0.00124123211861323457 1.7134 0 175405 19.6829 19.6661 17.5582 0 01 0 0 0 0 0 0 0 0 0 0 0 8.60343 17.3664 0 38.4996 
0.00124123211861323457 1.8681 0 184723 19.6454 19.6287 17.5257 0 01 0 0 0 0 0 0 0 0 0 0 0 1.86965 15.1785 0 0 
0.00124123211861323457 2.47067 0 179770 19.6083 19.5918 17.4925 0 01 -0 0 0 0 -0 0 0 0 -0 0 0 0 14.3578 0 0 
0.00124123211861323457 2.57731 0 196880 0 20.3119 17.7052 0 01 0 0 0 0 0 0 0 0 0 0 0 0 2.63882 0 0 
0.00124123211861323457 3.34095 0 185677 0 20.1394 20.2834 0 01 0 -0 0 0 0 -0 0 0 0 -0 0 0 9.69426 0 0 
0.00124123211861323457 4.88417 0 73017 19.7728 19.7557 17.6385 0 01 0 0 0 0 0 0 0 0 0 0 0 0 9.69426 0 0 
0.00165966545520162471 0.255211 1 201564 15.6681 11.0874 7.09551 0 0 2 -29.7769 73.0823 -94.6183 0 0 0 0 0 0 0 0 16.9724 43.3235 484.732 1487.67 
0.00199170239167943295 0.92461 1 204569 11.9412 9.09074 8.17654 0 0 2 4.05998 -11.2932 -18.9377 0 0 0 0 0 0 0 0 0.92461 6.43417 0 162.697 
