#1:time #2:r #3.binary? #4:ID #5:zams_m #6:m_progenitor #7:bh mass #8:bh_spin #9:birth-kick(km/s) #10-25:vsarray
0.00702145730387118 0.169359 1 321417 0 36.3888 32.7499 0 0 2 -0.00146237 -0.0229425 0.0620155 0 0 0 0 0 0 0 0 1.20998 2.79601 0 0 
0.00720182856013944304 0.996809 0 490792 0.524837 46.3742 41.7368 0 01 0 0 -0 0 0 0 -0 0 0 0 -0 0 0 0 0 
0.00736421188706908297 0.18437 1 149723 0 35.56 32.004 0 0 1 0.0189372 0.011008 -0.0420244 0 0 0 0 0 0 0 0 0.165717 2.03657 0 0 
0.00740635793697650216 1.05974 0 332286 106.732 46.503 41.8527 0 01 0 0 -0 0 0 0 -0 0 0 0 -0 0 0 0 0 
0.00749879813001408727 0.679176 0 338933 0 33.4626 30.1163 0 01 0 0 0 0 0 0 0 0 0 0 0 0 0 0 0 
0.00753952251397095683 0.356161 1 420906 0 33.1209 29.8088 0 0 1 -0.147013 0.450706 -0.198375 0 0 0 0 0 0 0 0 0.330594 0.330594 0 770.862 
0.00756051772685002819 0.39198 0 554986 0.102958 32.5872 29.3284 0 01 0 0 0 0 0 0 0 0 0 0 0 0 0.787578 0 0 
0.00759928260007108544 0.783164 0 345768 95.6185 40.5446 36.4901 0 01 0 -0 0 0 0 -0 0 0 0 -0 0 0 0 0 0 
0.00768369588392194772 0.137861 0 453572 0.094594 39.0511 35.146 0 01 0 0 0 0 0 0 0 0 0 0 0 1.17265 3.47759 0 0 
0.00768925088039457052 0.656904 1 301990 0 30.6917 27.6225 0 0 1 0.660642 0.528768 -0.481687 0 0 0 -0 0 0 0 -0 0 0 0 0 
0.00773252803558420639 1.14346 0 292476 0 30.3316 27.2985 0 01 0 0 -0 0 0 0 -0 0 0 0 -0 0 0 0 0 
0.00781933172488604236 0.661284 0 422692 0.131975 35.7532 32.1778 0 01 0 0 0 0 0 0 0 0 0 0 0 0 0 0 0 
0.00785089079863401755 0.100357 1 248388 0 28.7049 25.8344 0 0 1 -0.141612 -0.489895 0.324193 0 0 -0 0 0 0 -0 0 2.12029 5.05229 275.047 1965.02 
0.00798317672786262589 0.163526 0 458925 0.246825 33.0463 29.7417 0 01 0 -0 0 0 0 -0 0 0 0 -0 0 1.34089 3.33448 630.203 1733.48 
0.00799768616074592043 0.321841 1 161709 0 27.1788 24.4609 0 0 1 1.68629 -0.245629 0.0583371 0 0 -0 0 0 0 -0 0 0.671403 1.0054 107.059 107.059 
0.0080030418495317876 0.19335 1 283475 0 26.9272 24.2345 0 0 1 -0.0129588 0.20599 0.672551 0 0 0 0 0 0 0 0 2.26736 4.6864 0 674.317 
0.0080066563601141668 0.255735 1 115918 0 27.0836 24.3752 0 0 2 -0.210191 0.329919 -0.924891 0 -0 0 0 0 -0 0 0 0.529172 2.45421 149.844 730.764 
0.00803384019752677314 0.142298 0 428669 0.795293 32.4456 29.2011 0 01 0 0 -0 0 0 0 -0 0 0 0 -0 1.77147 4.62974 1101.37 3016.81 
0.00806544674730857829 0.0922429 1 420039 0 28.1073 25.2966 0 0 1 -0.419285 0.381394 0.0692368 0 0 0 0 0 0 0 0 4.02284 6.24271 2702.68 13013.1 
0.00806743043504402207 0.325253 1 424622 0 32.004 28.8036 0 0 1 -0.358029 0.591803 0.244084 0 0 0 0 0 0 0 0 0.320293 0.990763 0 0 
0.00806911042093386155 1.02831 0 480955 0.488445 31.5405 28.3865 0 01 0 0 0 0 0 0 0 0 0 0 0 0 0 0 0 
0.00812309195239800837 0.219857 1 100809 0 25.9552 23.3597 0 0 1 0.358005 0.512978 -0.235502 0 0 0 -0 0 0 0 -0 0 0.601655 0 0 
0.00818835843202561468 0.278528 1 4485 0 25.314 22.7826 0 0 1 0.195394 0.663303 0.465935 0 0 0 0 0 0 0 0 0.531526 1.35833 0 149.585 
0.00821366053955668168 0.10754 1 429115 0 26.3056 23.6751 0 0 2 -0.297436 -0.361829 -0.163235 0 0 0 -0 0 0 0 -0 1.31912 2.93446 0 858.527 
0.00830406603744041939 1.35969 0 608726 0.181823 28.5444 25.69 0 01 0 0 0 0 0 0 0 0 0 0 0 0 0 0 0 
0.00832226590182254776 0.453695 0 529003 0.130541 28.6171 25.7554 0 01 0 -0 0 0 0 -0 0 0 0 -0 0 0.461342 1.3903 0 122.708 
0.00834544563904538426 0.123688 1 431581 0 26.8563 24.1706 0 0 1 -0.356203 0.555189 0.105817 0 0 0 0 0 0 0 0 3.00341 6.31665 1585.12 3857.07 
0.00834616577766925626 0.114515 1 205777 0 24.1828 21.7645 0 0 1 -0.309651 -0.405993 0.357603 0 0 0 0 0 0 0 0 1.69556 4.18023 0 1715.1 
0.00834869654992984045 0.164396 1 114706 0 24.1383 21.7244 0 0 1 -0.414645 0.282211 -0.00658368 0 -0 0 0 0 -0 0 0 1.01195 2.03742 408.087 408.087 
0.00839836783937524846 0.46066 0 482283 0.209291 27.9433 25.149 0 01 0 0 0 0 0 0 0 0 0 0 0 0 0.457958 0 0 
0.00844651742160043399 0.236483 0 611883 0.174477 27.1182 24.4064 0 01 0 0 0 0 0 0 0 0 0 0 0 0.228532 2.4233 0 0 
0.00845543961494788464 0.112775 1 444013 0 23.3249 20.9924 0 0 2 0.479812 0.292541 -0.663749 0 0 0 0 0 0 0 0 2.14412 4.83694 1996.48 3875.45 
0.008466212852183767 0.335032 1 215727 0 23.361 21.0249 0 0 1 0.340909 -0.371372 0.299873 0 0 0 0 0 0 0 0 1.01967 3.39696 0 0 
0.00849285031824090555 0.330186 1 478573 0 23.2003 20.8803 0 0 1 0.536382 0.722753 0.603016 0 0 0 0 0 0 0 0 0 0.32082 0 0 
0.00855655785328576952 0.20472 0 470435 0.11455 26.0915 23.4824 0 01 0 0 0 0 0 0 0 0 0 0 0 0 1.46683 0 0 
0.00862939018431269425 0.638084 0 436073 0.187311 25.2255 22.7029 0 01 0 0 0 0 0 0 0 0 0 0 0 0 0.628961 0 0 
0.00867327620419499137 0.123841 1 234580 0 22.2525 20.0273 0 0 2 -0.256565 0.200796 0.424982 0 0 0 0 0 0 0 0 0.770051 2.82602 1268.97 1531.4 
0.00871281125469211201 0.13176 0 479779 0.724637 24.9122 22.421 0 01 -0 0 0 0 -0 0 0 0 -0 0 0 1.27618 3.03275 759.905 1576.19 
0.00874750227463661628 0.484291 0 466733 0.626615 24.338 21.9042 0 01 0 0 0 0 0 0 0 0 0 0 0 0 0.48701 0 0 
0.00881514629489917219 0.665286 1 426574 0 22.2645 20.038 0 0 2 1.08504 -0.445249 -0.31709 0 0 0 0 0 0 0 0 0 1.32812 0 0 
0.00882092669603638975 9.7399 0 422171 0.179452 23.7045 21.3341 0 01 0 0 0 0 0 0 0 0 0 0 0 0 0 0 0 
0.00885804200649545695 0.115056 1 475915 0 21.1149 19.0034 0 0 1 0.424435 0.219911 0.35816 0 0 0 0 0 0 0 0 1.56259 3.86693 0 2895.96 
0.00887266592221598593 9.10283 0 197790 0.163804 23.234 20.9106 0 01 0 0 0 0 0 0 0 0 0 0 0 0 0 0 0 
0.00889243039583080541 0.141764 1 462385 0 20.7934 18.7141 0 0 1 -0.654813 0.72898 -0.420219 0 0 0 0 0 0 0 0 0.815567 3.05969 560.274 1729.83 
0.00889390878031173261 0.315521 1 269591 0 20.6558 18.5902 0 0 1 -0.217058 0.601256 0.0794041 0 0 0 0 0 0 0 0 0 0.316746 0 0 
0.00892100554920113517 0.432722 0 558805 0.117712 23.0292 20.7263 0 01 0 0 0 0 0 0 0 0 0 0 0 0 0.449316 0 0 
0.00893589327814033919 0.213461 1 498193 0 20.943 18.8487 0 0 1 0.607672 -0.619937 0.130359 0 0 0 0 0 0 0 0 0.409582 2.07234 0 125.53 
0.00897728039785439594 0.555194 1 231968 0 20.1266 18.1139 0 0 1 0.268025 -1.46091 -0.0746668 0 0 -0 0 0 0 -0 0 0 0.540081 0 0 
0.0089838065736643543 0.366482 1 184514 0 20.2371 18.2134 0 0 1 -0.970008 0.544229 0.569501 0 0 0 0 0 0 0 0 0.705844 2.82637 0 0 
0.00898539404968474488 0.765124 0 448009 0 21.6126 19.4514 0 01 0 0 -0 0 0 0 -0 0 0 0 -0 0 1.54944 0 0 
0.00899538105421249928 0.976924 0 549504 0.193313 22.3323 20.099 0 01 0 -0 0 0 0 -0 0 0 0 -0 0 0 0.983636 0 0 
0.00904038124769480228 0.0772488 0 567276 0.157834 21.576 19.4184 0 01 -0 0 0 0 -0 0 0 0 -0 0 0 2.93152 5.15048 4304.95 14951.8 
0.00905859267232065821 0.622377 0 451955 0.130448 22.0803 19.8723 0 01 0 -0 0 0 0 -0 0 0 0 -0 0 0 1.27005 0 0 
0.00908927301996572366 4.29523 0 396909 58.0621 21.8293 19.6463 0 01 0 0 0 0 0 0 0 0 0 0 0 0 0 0 0 
0.00911607533894731766 0.112185 1 603606 0 19.6441 17.6796 0 0 1 -0.197521 0.605283 -0.100112 0 0 0 0 0 0 0 0 1.427 3.72297 0 3085.83 
0.00912441965270323341 0.615136 1 52253 0 19.3657 17.4291 0 0 1 -0.99248 -1.19239 0.527044 0 -0 0 0 0 -0 0 0 0 1.23953 0 0 
0.0091666376166202497 1.41505 0 243358 0.267151 21.3561 19.2205 0 01 0 0 0 0 0 0 0 0 0 0 0 0 0 0 0 
0.00918062028414839797 0.279249 1 291197 0 19.2688 17.3419 0 0 2 -0.664383 0.856863 0.546223 0 0 0 0 0 0 0 0 0.253844 1.34508 0 0 
0.00918217647727794829 0.388659 0 179664 56.8427 21.2687 19.1418 0 01 -0 0 0 0 -0 0 0 0 -0 0 0 0 1.49145 0 0 
0.0092083636662049495 0.0861889 1 806527 0 19.1594 17.2434 0 0 2 -0.16903 -0.371438 0.0538738 0 0 0 0 0 0 0 0 4.04477 5.71301 7209.93 23421 
0.00920872810069708024 0.285004 1 733945 0 19.1058 17.1953 0 0 1 0.0674098 0.659661 -0.756566 0 0 0 0 0 0 0 0 0.28773 0.570216 0 0 
0.00924405887908424755 0.116236 1 436127 0 19.4423 17.498 0 0 2 0.00175497 -0.144181 -0.304068 0 0 0 0 0 0 0 0 1.43559 3.22632 709.12 3022.42 
0.00933740610670090454 0.201403 0 478355 0.355936 20.5326 18.4793 0 01 0 0 0 0 0 0 0 0 0 0 0 0.618668 3.89368 584.449 584.449 
0.00933920600980281748 0.117365 1 515702 0 20.5512 18.4961 0 0 1 -0.509961 0.135418 0.0171152 0 -0 0 0 0 -0 0 0 1.33041 3.08333 0 1745.99 
0.00935166309356864379 1.45403 1 438404 0 20.0573 18.0515 0 0 1 -0.039686 -0.290914 -0.262706 0 0 0 -0 0 0 0 -0 0 0 0 0 
0.00942322690519063408 0.161433 0 438644 0.18256 19.3535 17.4181 0 01 0 -0 0 0 0 -0 0 0 0 -0 0 0.652728 3.4376 0 0 
0.00942889906007994029 0.282239 0 426411 0.158357 19.8539 17.8685 0 01 0 0 0 0 0 0 0 0 0 0 0 1.18323 2.978 17.4098 105.508 
0.00951546804124566228 0.739226 1 488694 0 20.1227 18.1104 0 0 1 0.040565 -0.0705072 0.257966 0 0 0 0 0 0 0 0 0 0 0 0 
0.00955303539981321691 0.89561 0 423129 0.180894 19.3203 17.3883 0 01 -0 0 0 0 -0 0 0 0 -0 0 0 0 0 0 0 
0.00958393767054154834 0.137985 0 424130 0.375297 19.1201 17.2081 0 01 0 -0 0 0 0 -0 0 0 0 -0 0 1.66595 3.5717 1730.71 3431.41 
0.0095845512808530979 0.244562 0 442426 0.114275 18.6973 16.8276 0 01 0 0 0 0 0 0 0 0 0 0 0 0.468721 1.42148 2.87536 220.827 
0.00958740810744159941 0.307798 1 306489 0 17.8045 16.0158 0 0 1 -0.0926256 -0.200257 -0.586302 0 0 0 0 0 0 0 0 0.906701 1.18966 344.702 1050.51 
0.00959544854869443485 0.791381 0 643337 0.306993 19.1536 17.2382 0 01 0 -0 0 0 0 -0 0 0 0 -0 0 0 0.800142 0 0 
0.00959791995922830779 0.364533 0 420394 0.102428 19.2363 17.3127 0 01 0 0 0 0 0 0 0 0 0 0 0 0.342548 0.691642 0 0 
0.00960848714081256015 0.221777 1 426909 0 18.6543 16.7886 0 0 1 0.298268 -0.413389 -0.235648 0 0 0 0 0 0 0 0 0 1.64061 0 0 
0.00966235347751336765 0.179526 0 424489 0.450167 18.8282 16.9454 0 01 0 0 0 0 0 0 0 0 0 0 0 0.855694 3.23615 0 109.617 
0.00966688324871560131 0.056553 0 473761 0.089132 18.9035 17.0131 0 01 -0 0 0 0 -0 0 0 0 -0 0 0 2.65331 5.56066 5978.37 12685.9 
0.00966774680086556447 0.389639 0 361840 51.3662 18.7815 16.9034 0 01 -0 0 0 0 -0 0 0 0 -0 0 0 0 0.393128 0 0 
0.00969366851648224143 0.155002 0 445144 0.407028 18.4906 16.6396 0 01 -0 0 0 0 -0 0 0 0 -0 0 0 0.337417 3.3442 0 1121.52 
0.00971049659831767914 2.12762 0 344057 50.9575 18.5946 16.7342 0 01 0 0 0 0 0 0 0 0 0 0 0 0 0 0 0 
0.00979154017100036279 0.386364 0 437733 2.51754 17.7513 15.9673 0 01 0 0 0 0 0 0 0 0 0 0 0 1.15222 1.9332 0 533.418 
0.00988895879397935426 0.745044 0 271044 19.1237 17.6432 15.8691 0 01 -0 0 0 0 -0 0 0 0 -0 0 0 0 0 0 0 
0.00989683470586590411 0.216171 0 54190 0.375468 17.792 16.0044 0 01 0 0 -0 0 0 0 -0 0 0 0 -0 1.38991 2.80446 0 1.48799 
0.00991118251898287332 0.124922 1 464458 0 18.0852 16.2709 0 0 1 -0.0175062 0.174917 0.148031 0 -0 0 0 0 -0 0 0 1.22289 2.22103 1423.32 2128.17 
0.00992534079887767359 1.45735 0 314533 49.0375 17.7155 15.9349 0 01 0 0 0 0 0 0 0 0 0 0 0 0 0 0 0 
0.00992704511754349643 0.922495 0 446590 1.27468 17.7014 15.922 0 01 0 0 0 0 0 0 0 0 0 0 0 0 0 0 0 
0.00992839116443115614 0.697649 0 651663 0.081612 17.7267 15.945 0 01 0 0 0 0 0 0 0 0 0 0 0 0.716272 0.716272 0 0 
0.00993747226280065898 0.351792 0 256067 48.9333 17.6689 15.8924 0 01 0 0 -0 0 0 0 -0 0 0 0 -0 0 1.71144 0 0 
0.00995815523960281654 0.127131 0 597851 0.0869762 17.4082 15.6556 0 01 0 0 0 0 0 0 0 0 0 0 0 1.01791 2.57029 0 255.616 
0.00996914842302110485 0.655643 0 519846 0.544467 17.4563 15.6992 0 01 0 0 -0 0 0 0 -0 0 0 0 -0 0 0 0 0 
0.010029521863594652 0.367763 1 62226 0 16.2864 14.637 0 0 2 -0.0137722 -0.421217 -1.11212 0 -0 0 0 0 -0 0 0 0 0 0 0 
0.0100524397385635903 0.302743 0 453431 0.0935209 16.7838 15.0884 0 01 -0 0 0 0 -0 0 0 0 -0 0 0 0 0 0 0 
0.0100668975594997157 0.140582 1 582029 0 16.4288 14.7662 0 0 1 0.0407902 0.46187 0.269613 0 0 0 0 0 0 0 0 0.929756 1.9846 132.806 132.806 
0.0100843321757489914 0.233922 1 432385 0 18.0627 16.2504 0 0 1 1.20322 0.194993 -0.216941 0 0 0 0 0 0 0 0 0.693889 2.07572 0 154.077 
0.0101112191526618322 0.24426 0 664454 0.17035 17.0793 15.3567 0 01 0 0 0 0 0 0 0 0 0 0 0 0 0.459925 0 0 
0.0101570570243594369 0.309025 0 384887 47.1598 16.8725 15.169 0 01 0 0 0 0 0 0 0 0 0 0 0 0.943484 1.91987 0 53.2779 
0.0101607014156164278 5.89592 0 335674 0.122218 16.8313 15.1315 0 01 0 0 0 0 0 0 0 0 0 0 0 0 0 0 0 
0.0101654673344143687 0.18363 1 454625 0 36.29 32.661 0 0 1 -0.249118 -0.262926 -0.500485 0 0 -0 0 0 0 -0 0 1.55228 2.5263 0 787.633 
0.0101666928941089932 0.433419 1 465743 0 16.9625 15.2507 0 0 2 0.000506855 0.0353245 -0.0227757 0 0 0 -0 0 0 0 -0 0 2.5651 0 0 
0.0101702727888951516 0.22777 0 600436 0.47727 16.6541 14.9706 0 01 0 0 0 0 0 0 0 0 0 0 0 0 0 0 0 
0.0101971429854176392 0.132121 0 443041 0.292215 16.6893 15.0026 0 01 0 0 0 0 0 0 0 0 0 0 0 0.978281 2.42048 1048.04 1048.04 
0.0102104859656411539 0.319592 0 659587 0.0951226 16.7238 15.034 0 01 0 0 0 0 0 0 0 0 0 0 0 1.28823 1.93588 196.457 498.634 
0.0102120541983641878 0.0599944 0 177060 0.160295 16.6088 14.9296 0 01 0 0 -0 0 0 0 -0 0 0 0 -0 2.93371 5.33232 4855.35 16269.5 
0.0102293994999485861 0.660248 0 344190 46.6096 16.6273 14.9463 0 01 0 0 0 0 0 0 0 0 0 0 0 0 0 0 0 
0.0102315363148581442 0.115799 0 420954 0.221829 16.5789 14.9024 0 01 0 0 0 0 0 0 0 0 0 0 0 1.49312 4.2063 782.853 3094.39 
0.0102480080071045716 0.0772382 1 246886 0 15.9461 14.3282 0 0 1 0.615284 0.647076 -0.563553 0 0 0 0 0 0 0 0 3.93624 5.59043 5535.21 20092.7 
0.0102639980094750682 0.393735 0 621403 0.0974019 16.5528 14.8788 0 01 0 -0 0 0 0 -0 0 0 0 -0 0 0 0.410484 0 0 
0.0103002023892157027 0.23683 0 445835 0.092504 16.4268 14.7644 0 01 0 0 0 0 0 0 0 0 0 0 0 0.699716 1.3907 279.876 279.876 
0.010304367030100502 0.285919 0 627233 0.760113 16.4137 14.7525 0 01 0 0 0 0 0 0 0 0 0 0 0 1.46054 3.81082 0 0 
0.010319776669986654 0.169027 0 479471 0.0985373 16.3771 14.7193 0 01 0 0 0 0 0 0 0 0 0 0 0 0.813046 1.82279 0 0 
0.0103527113552557785 0.758366 0 351864 0.189586 16.221 14.5776 0 01 0 0 0 0 0 0 0 0 0 0 0 0 0.758196 0 0 
0.0103635664603642739 1.02151 0 57888 0.198981 16.1115 14.4783 0 01 0 0 0 0 0 0 0 0 0 0 0 0 0 0 0 
0.0103862959853559516 0.773198 1 63181 0 15.3894 13.8234 0 0 2 -0.416923 -0.436542 -0.159419 0 0 0 0 0 0 0 0 0 0 0 0 
0.010405368512565934 0.137194 0 423800 0 16.1149 14.4813 0 01 0 0 0 0 0 0 0 0 0 0 0 1.70151 3.50945 919.801 1665.03 
0.010408007585596327 5.9386 0 58596 0 16.0374 14.411 0 01 0 0 0 0 0 0 0 0 0 0 0 0 0 0 0 
0.0104095814671631079 0.117588 1 516748 0 15.6161 14.0289 0 0 1 0.294167 -0.129525 0.458234 0 0 0 0 0 0 0 0 1.44761 3.60337 198.507 240.168 
0.0104213039311779054 0.603791 0 485478 0.138994 16.0671 14.4379 0 01 0 0 0 0 0 0 0 0 0 0 0 0 0 0 0 
0.010422042786119641 0.232902 0 429503 0.0891069 16.1123 14.479 0 01 0 0 0 0 0 0 0 0 0 0 0 0 0.712555 0 0 
0.0104946666674029018 0.252464 0 505684 0.131049 15.7496 14.15 0 01 0 0 -0 0 0 0 -0 0 0 0 -0 0.267925 1.0744 0 267.061 
0.0104981681013690906 4.62497 0 245146 0.0800219 15.195 13.6472 0 01 -0 0 0 0 -0 0 0 0 -0 0 0 0 0 0 0 
0.0105576346249565429 0.790814 0 656762 0.442946 15.3903 13.8242 0 01 0 0 0 0 0 0 0 0 0 0 0 0 0 0 0 
0.0105822627957075453 2.24211 0 361508 44.148 15.5302 13.951 0 01 0 0 -0 0 0 0 -0 0 0 0 -0 0 0 0 0 
0.0106047713968557677 0.191101 0 425972 0.197235 34.429 30.9861 0 01 0 -0 0 0 0 -0 0 0 0 -0 0 1.89085 4.16795 164.616 2731.19 
0.0106052469551127376 0.0529673 0 425964 0.312605 15.2616 13.7076 0 01 -0 0 0 0 -0 0 0 0 -0 0 0 1.78105 4.10816 155.292 8751.7 
0.0106299280878807429 0.511838 0 141955 0.275197 15.3857 13.8201 0 01 -0 0 0 0 -0 0 0 0 -0 0 0 0.53303 0.53303 0 0 
0.0106714463784632271 0.542778 0 284845 43.5769 15.2764 13.7211 0 01 0 0 0 0 0 0 0 0 0 0 0 0.538703 1.6417 0 0 
0.0106863668524817997 0.658024 0 150523 43.4831 15.2338 13.6824 0 01 0 -0 0 0 0 -0 0 0 0 -0 0 0 0 0 0 
0.0106948392574251951 0.307654 0 85753 0.159632 15.2116 13.6623 0 01 0 0 0 0 0 0 0 0 0 0 0 0 0 0 0 
0.0107045681047234706 0.349082 0 94719 0.458619 15.1899 13.6427 0 01 0 -0 0 0 0 -0 0 0 0 -0 0 0.711847 0.711847 0 0 
0.0107101867291827229 0.321423 0 503883 0.172199 15.1336 13.5916 0 01 0 0 -0 0 0 0 -0 0 0 0 -0 0 0.661546 0 0 
0.0107369187099440166 1.0634 0 393629 0.51059 15.101 13.562 0 01 0 0 0 0 0 0 0 0 0 0 0 0 0 0 0 
0.0107891060634132396 0.539491 0 386480 0.0888629 14.7578 13.2512 0 01 0 0 0 0 0 0 0 0 0 0 0 0 0 0 0 
0.0108950396281958847 1.79458 0 197910 42.2259 14.6893 13.1891 0 01 0 0 0 0 0 0 0 0 0 0 0 0 0 0 0 
0.0109614524956397133 2.65401 0 364519 41.8438 14.5187 12.8059 0 12.44411 12.0496 2.42992 -1.93888 0 0 0 0 0 0 0 0 0 0 0 0 
0.0109954980424146857 0.200757 1 267239 0 14.2815 12.2778 0 0 2 17.2367 1.39368 -9.56093 0 0 0 0 0 0 0 0 1.93133 4.05811 0 717.098 
0.0110007098845745447 1.07333 0 111014 0 14.4189 12.5811 0 23.94461 -11.4369 2.17644 -20.9237 0 0 0 0 0 0 0 0 0 0 0 0 
0.0110019657539565229 0.736486 1 131772 0 14.2887 12.2935 0 0 2 -0.0507914 9.1454 16.0233 0 0 0 0 0 0 0 0 0 0 0 0 
0.0110198142049064158 0.493504 0 779069 29.8493 14.3436 12.4141 0 22.5431 -11.5884 5.995 -18.3835 0 0 0 0 0 0 0 0 0.493251 0.493251 0 314.882 
0.0110306182008803998 0.358676 0 472275 0.146691 14.3688 12.4697 0 2.758861 1.4352 1.11328 -2.07656 0 0 0 -0 0 0 0 -0 0.343559 1.06975 0 0 
0.0110321838188723112 0.538713 0 424347 0.108419 14.2635 12.2383 0 2.492261 1.49476 1.95566 -0.390422 0 0 0 0 0 0 0 0 0 0 0 0 
0.0110340599976877802 0.301326 1 170070 0 14.2047 12.1109 0 0 2 -0.100218 5.38473 10.2283 0 0 0 0 0 0 0 0 1.49245 2.69789 0 0 
0.0110405567766201258 1.3641 0 344240 41.4003 14.3311 12.3864 0 9.068021 2.60825 6.9186 -5.24967 0 0 0 0 0 0 0 0 0 0 0 0 
0.0110563600785277393 0.449714 0 373672 41.3139 14.2958 12.3089 0 19.60131 -14.0638 13.4212 -2.50781 0 0 0 -0 0 0 0 -0 0 0.907262 0 0 
0.0110974128929974478 1.88955 0 330060 41.0883 14.2038 12.1088 0 7.975881 7.41299 -0.124836 -2.94053 0 0 0 0 0 0 0 0 0 0 0 0 
0.0111085858283925844 1.11074 0 334260 41.0287 14.1758 12.0485 0 21.90441 -14.3782 -14.2872 8.3033 0 0 -0 0 0 0 -0 0 0 0 0 0 
0.0111175958565504183 0.292239 0 664534 1.21832 14.1336 11.9584 0 12.76991 -12.7146 -1.0446 0.563081 0 -0 0 0 0 -0 0 0 0.292124 2.75991 0 0 
0.0111612364755027671 2.50635 0 295464 40.7464 14.0584 11.7988 0 9.779091 -0.275221 8.68177 4.4924 0 0 0 0 0 0 0 0 0 0 0 0 
0.0111659454189368106 0.732414 0 252721 40.7212 14.0507 11.7825 0 40.78561 8.18202 35.5124 -18.3136 0 0 0 -0 0 0 0 -0 0.735717 0.735717 0 0 
0.0112125112631810547 0.583272 0 189256 0.181441 14.1763 12.0497 0 32.14251 18.0864 15.1967 21.7963 0 0 0 0 0 0 0 0 0 0 0 0 
0.0112125112631810547 0.676432 0 5284 0.148388 14.0653 11.8133 0 37.0521 -10.0004 34.2555 9.97035 0 0 0 0 0 0 0 0 0 0 0 0 
0.0112255656675339759 0.288076 0 205163 40.3764 14.2245 12.1536 0 13.88141 13.391 -3.06624 1.99286 0 0 0 0 0 0 0 0 1.11707 1.94092 0 243.721 
0.0112306571511887315 0.178471 0 22499 4.13977 14.0886 11.8625 0 40.98081 -26.077 29.4131 -11.5881 0 0 0 0 0 0 0 0 0.493526 2.33118 0 0 
0.011257783625036025 0.839006 0 255934 40.1963 14.3108 12.3418 0 36.12611 20.752 25.7353 14.5651 0 0 0 0 0 0 0 0 0 0 0 0 
0.0112947817178959097 1.50695 0 340616 0.355985 14.4121 12.566 0 4.054851 3.55947 1.93691 -0.142785 0 0 0 0 0 0 0 0 0 0 0 0 
0.011306607996566435 0.177097 0 207965 0.133643 14.314 12.3489 0 13.53561 -8.573 4.96836 9.22125 0 0 0 0 0 0 0 0 1.15265 3.18223 0 885.229 
0.0113342991742489355 1.93381 0 234722 39.7889 14.5051 12.7751 0 17.64241 -17.0582 -1.98725 4.04009 0 -0 0 0 0 -0 0 0 0 0 0 0 
0.0113427468430656979 0.690372 0 219847 1.00875 14.5229 12.8155 0 5.336791 -5.18176 -0.973368 0.826593 0 0 0 0 0 0 0 0 0 2.02961 0 0 
0.0113738699919980219 0.231446 0 581592 0.176777 14.2885 12.2929 0 11.72891 5.49588 -1.32452 10.2765 0 0 -0 0 0 0 -0 0 0.886122 2.22548 0 8.82093 
0.0113840037535103151 0.710457 0 191234 0.247842 14.5734 12.9305 0 4.803661 -1.15538 2.23422 -4.09249 0 0 0 -0 0 0 0 -0 0 1.41606 0 0 
0.0114171250393024833 0.764483 0 50618 0.309943 14.6276 13.0549 0 3.707711 3.70153 -0.201642 0.0715749 0 0 -0 0 0 0 -0 0 0 0.756946 0 0 
0.0114251457643573442 1.58158 0 246436 39.3317 14.6454 13.0962 0 2.069611 -0.516125 1.7962 0.889152 0 0 0 0 0 0 0 0 0 0 0 0 
0.011425545410960733 0.678777 0 398460 0.334652 14.6473 13.1006 0 4.513691 -4.21648 -1.55739 -0.411341 0 -0 0 0 0 -0 0 0 0 0.663281 0 0 
0.0114653339047405458 0.942625 0 531042 0.17327 14.5532 12.8844 0 11.72651 9.17316 -4.85638 5.45714 0 0 -0 0 0 0 -0 0 0 1.91144 0 0 
0.0114660875824934561 0.544264 0 427823 0 14.5715 12.9262 0 3.14521 -2.68896 -0.238963 1.6139 0 0 0 0 0 0 0 0 0 0 0 0 
0.0114993800625633955 1.57817 0 222067 38.9746 14.7594 13.2526 0 01 0 0 0 0 0 0 0 0 0 0 0 0 0 0 0 
0.0115176856190205863 0.334385 1 425798 0 23.701 21.3309 0 0 2 -0.188841 -0.725974 0.576017 0 0 0 0 0 0 0 0 0 0.315995 0 0 
0.0115199329605223701 0.305556 0 456465 0.089969 14.6109 13.0165 0 2.964561 2.23801 0.290753 1.92234 0 0 0 0 0 0 0 0 0 0 0 0 
0.0116008686709555362 1.00008 0 303045 38.5069 14.912 13.3908 0 01 0 0 0 0 0 0 0 0 0 0 0 0 0 0 0 
0.0116071904263894427 0.233134 0 442449 0.121201 14.6594 13.1285 0 1.261321 -0.771508 0.597337 0.7993 0 0 0 0 0 0 0 0 1.11905 3.16547 0 81.0488 
0.0116137165780509435 0.818584 0 292985 38.4492 14.9352 13.4118 0 01 0 0 0 0 0 0 0 0 0 0 0 0 0 0 0 
0.0116234056721397049 0.281535 0 307821 0.0814582 14.9463 13.4219 0 01 0 0 0 0 0 0 0 0 0 0 0 0.82983 3.06577 0 296.849 
0.0116414095737257892 0.208762 1 490482 0 13.6027 10.8751 0 0 1 5.43124 -26.7344 -44.8795 0 0 0 0 0 0 0 0 1.00195 2.36925 0 337.7 
0.0116532405832834984 0.267823 0 430004 0.0959877 14.5911 12.971 0 5.773441 0.16224 0.0928407 -5.77041 0 0 0 0 0 0 0 0 0.829177 2.4935 0 0 
0.0116663620416319821 0.202204 0 261297 0.216156 15.0088 13.4785 0 01 0 0 0 0 0 0 0 0 0 0 0 1.19498 3.13338 121.644 121.644 
0.0116720586188353431 1.09805 0 383571 38.192 15.0295 13.4973 0 01 0 0 0 0 0 0 0 0 0 0 0 0 0 0 0 
0.0116967104946998357 0.298579 1 185827 0 13.3553 10.404 0 0 1 -85.0448 20.4063 -5.07807 0 0 0 -0 0 0 0 -0 0 1.5222 0 0 
0.0117132050554378392 0.154304 0 459097 0.150414 14.6099 13.0142 0 5.585941 2.0945 3.87222 3.43828 0 0 0 0 0 0 0 0 1.15418 3.78739 198.869 452.407 
0.0117616107731090928 0.168984 0 455598 0.174842 15.007 13.4769 0 01 0 0 0 0 0 0 0 0 0 0 0 1.29358 2.77343 0 420.436 
0.0118006726834996006 0.278884 0 439161 0.547601 14.8507 13.3353 0 01 0 0 0 0 0 0 0 0 0 0 0 1.0975 1.93508 0 0 
0.0118362882570929549 0.603227 0 460578 0.0953416 13.7993 11.2647 0 76.94581 74.3566 18.8954 -5.89253 0 0 0 -0 0 0 0 -0 0 0 0 0 
0.0118460965479246002 0.902615 0 296006 37.4654 15.3264 13.7663 0 01 0 -0 0 0 0 -0 0 0 0 -0 0 0 1.82462 0 0 
0.0118699154952876113 2.26441 0 323235 37.3721 15.388 13.8222 0 01 -0 0 0 0 -0 0 0 0 -0 0 0 0 0 0 0 
0.0119509036017562843 0.204257 1 502985 0 20.2047 18.1842 0 0 1 0.037619 0.352064 0.210935 0 0 0 0 0 0 0 0 0.392154 1.74229 295.003 668.08 
0.0119524730450848941 0.284604 0 300603 0.172691 12.7214 9.2949 0 114.5111 114.509 -0.646709 -0.27011 0 0 -0 0 0 0 -0 0 0 0 0 0 
0.0119658353138969858 0.107779 0 162583 0.145601 36.1642 13.7042 0 01 0 0 0 0 0 0 0 0 0 0 0 2.90695 5.19695 3691.26 9501.13 
0.011999589492974045 0.156065 0 463108 0 18.3846 16.5432 0 01 -0 0 0 0 -0 0 0 0 -0 0 0 2.16201 4.1876 496.424 2382.1 
0.012003757668367648 1.35685 0 452056 0.168863 15.3833 13.845 0 01 0 0 0 0 0 0 0 0 0 0 0 0 0 0 0 
0.0120178066138259577 0.364786 0 589315 1.21972 15.3092 13.7783 0 01 0 0 -0 0 0 0 -0 0 0 0 -0 0 1.06334 0 0 
0.0120247976164786913 0.231576 0 452997 0.10669 13.1162 9.96916 0 64.26331 -12.564 -59.7908 -19.9244 0 0 0 -0 0 0 0 -0 0.671247 1.5968 112.723 112.723 
0.0120407963372673316 0.128252 1 579247 0 13.0066 9.7765 0 0 1 -23.2773 19.2657 123.86 0 0 0 0 0 0 0 0 1.09155 3.32469 0 2283.41 
0.0120655802809133961 0.556589 0 566878 0.0941197 15.0143 13.4836 0 01 0 0 0 0 0 0 0 0 0 0 0 0 1.10472 0 0 
0.012101901487157821 0.506999 0 287422 36.441 35.7172 13.545 0 01 0 0 -0 0 0 0 -0 0 0 0 -0 1.01495 2.04451 0 0 
0.0121147291126023106 0.408069 0 451638 0.0922952 14.7322 13.2279 0 01 -0 0 0 0 -0 0 0 0 -0 0 0 0.410345 0.826171 0 108.086 
0.0121198839553194725 0.76101 0 448606 0.0939291 15.1053 13.5659 0 01 0 0 -0 0 0 0 -0 0 0 0 -0 0 0 0 0 
0.0121249164711018584 0.872306 0 244983 36.3481 35.6294 13.6275 0 01 0 0 0 0 0 0 0 0 0 0 0 0 0 0 0 
0.0121666387449976023 0.267219 0 444012 0.103591 14.8693 13.3522 0 01 0 -0 0 0 0 -0 0 0 0 -0 0 1.37139 2.99485 0 86.8622 
0.012173194259687636 0.216565 0 426061 0.163041 15.1567 13.6126 0 01 0 0 0 0 0 0 0 0 0 0 0 2.07396 5.40362 176.051 725.964 
0.0122242691239774701 2.67551 0 211996 0.587458 35.3464 14.0015 0 01 0 -0 0 0 0 -0 0 0 0 -0 0 2.78147 2.78147 0 0 
0.012236470744122617 0.251563 0 449771 0.128278 14.7341 13.2297 0 01 0 0 0 0 0 0 0 0 0 0 0 0.978871 1.75602 247.395 264.261 
0.0122375534761025064 0.216705 1 246660 0 12.2342 8.53801 0 0 1 50.5041 -10.5058 62.4384 0 0 0 0 0 0 0 0 0.662127 1.76284 409.33 409.33 
0.0122671797450593367 0.964682 0 393168 35.7896 35.1006 14.2329 0 01 0 -0 0 0 0 -0 0 0 0 -0 0 0 0 0 0 
0.0123164457634633191 0.164293 1 522873 0 12.3841 8.76205 0 0 1 -45.6298 45.3412 -17.6534 0 0 0 -0 0 0 0 -0 1.87315 4.23244 908.793 2645.14 
0.012322500274315874 0.1593 0 520440 1.30385 20.3242 18.2918 0 01 0 0 -0 0 0 0 -0 0 0 0 -0 2.15022 4.49051 630.611 1938.46 
0.0123706091044777054 0.227364 0 449110 0.08406 14.7244 13.2209 0 01 0 0 0 0 0 0 0 0 0 0 0 0.889656 3.13169 0 0 
0.0123747611981639364 0.239425 0 497575 0.256279 36.1508 19.567 0 01 -0 0 0 0 -0 0 0 0 -0 0 0 1.00411 3.50991 0 321.491 
0.012386342513268752 0.163317 0 606580 0.503909 14.7979 13.2874 0 01 0 0 0 0 0 0 0 0 0 0 0 1.32688 3.62244 0 1348.01 
0.0123923275292426218 0.138524 0 424203 1.93766 35.5813 13.4363 0 01 0 0 0 0 0 0 0 0 0 0 0 1.71458 4.35633 1162.33 2851.59 
0.0123997471419835942 1.50992 0 310669 35.289 34.6263 14.6833 0 01 -0 0 0 0 -0 0 0 0 -0 0 0 0 1.52006 0 0 
0.0124375237107431022 0.162255 0 538000 0.129509 34.4932 15.5295 0 01 0 0 0 0 0 0 0 0 0 0 0 1.81702 4.28171 0 527.811 
0.0124600177518204187 0.762865 0 592706 0.085155 34.9223 13.1559 0 01 0 0 0 0 0 0 0 0 0 0 0 0 0 0 0 
0.0124688344129399303 0.589402 0 707556 0.119212 34.7697 13.0873 0 01 0 0 0 0 0 0 0 0 0 0 0 0 0 0 0 
0.0124801760555420388 0.293286 1 481835 0 13.6732 11.0131 0 0 1 62.9067 -3.97777 -1.44881 0 0 0 0 0 0 0 0 0.307564 1.22166 0 1.41108 
0.0124844872572873362 0.196701 0 440748 0.571909 14.7513 13.2453 0 01 0 -0 0 0 0 -0 0 0 0 -0 0 0.415176 2.42045 0 0 
0.0125210766408937451 1.6559 0 380007 34.8455 34.2056 15.0604 0 01 0 0 0 0 0 0 0 0 0 0 0 0 0 0 0 
0.0125227302487308217 1.52142 0 377351 34.8394 34.1997 15.066 0 01 0 0 0 0 0 0 0 0 0 0 0 0 0 0 0 
0.012535181161598366 0.072917 0 437986 4.86654 15.4659 13.8927 0 01 0 0 0 0 0 0 0 0 0 0 0 1.95263 3.53973 4556.59 11589.4 
0.0125549173386268909 0.0686717 1 11010 0 21.6777 19.5099 0 0 1 -0.28041 0.202542 -1.14929 0 0 0 0 0 0 0 0 3.34936 5.95588 4634.94 17762.1 
0.0125735653720870193 0.168284 0 438234 0.279414 14.7536 13.2473 0 01 -0 0 0 0 -0 0 0 0 -0 0 0 0.863782 3.20796 0 13.0273 
0.0126022480303356749 0.368932 0 60170 0.11896 15.8619 14.2518 0 01 0 -0 0 0 0 -0 0 0 0 -0 0 0.368557 1.48726 0 0 
0.0126218580564059664 0.270816 1 8274 0 12.0919 8.33274 0 0 1 -40.4128 -45.0855 37.6342 0 -0 0 0 0 -0 0 0 0 0.540669 0 0 
0.0126581086241742743 1.10324 0 716138 0.691334 34.2095 14.4065 0 01 0 0 0 0 0 0 0 0 0 0 0 0 0 0 0 
0.0126693376094365664 0.122038 1 423443 0 36.3307 32.6976 0 0 2 0.34786 -0.375781 -0.454975 0 0 0 0 0 0 0 0 1.14705 2.43113 1127.84 1127.84 
0.0126783911267428651 0.232236 1 463249 0 12.3026 8.63927 0 0 1 -81.2065 -8.62292 3.83637 0 0 -0 0 0 0 -0 0 0 1.10616 0 0 
0.0127084152625547304 0.369078 0 616401 0.261701 33.9305 14.6302 0 01 0 0 -0 0 0 0 -0 0 0 0 -0 0.378188 0.378188 0 58.7739 
0.0127255084140127407 0.14496 0 560962 0.114773 34.4797 12.9631 0 01 0 0 0 0 0 0 0 0 0 0 0 1.29436 2.57856 0 1768.72 
0.0128224302775444363 0.148247 0 334345 0.168804 33.3729 14.9886 0 5.071081 -4.04507 -2.12358 -2.20083 0 0 -0 0 0 0 -0 0 1.02891 2.44494 350.771 2099.36 
0.0128929426576023035 0.215208 0 448215 0.126754 22.5026 20.2523 0 01 0 0 0 0 0 0 0 0 0 0 0 0.216556 0.905643 0 568.782 
0.0128949450555347865 0.250471 0 442842 0.0913607 14.7506 13.2446 0 01 0 0 0 0 0 0 0 0 0 0 0 0.240931 0.749766 0 0 
0.0128978317203720591 0.252911 0 435919 0.215898 14.5069 12.779 0 11.1561 -2.18256 5.88584 9.22229 0 0 0 0 0 0 0 0 0.24489 0.494402 0 0 
0.0129020157468766987 0.0866843 0 634557 0.249504 34.1847 17.9576 0 01 -0 0 0 0 -0 0 0 0 -0 0 0 2.86034 4.52443 7807.26 20314.6 
0.0129540437667810815 0.408177 0 497839 0.123824 34.2639 12.8675 0 01 0 0 0 0 0 0 0 0 0 0 0 0.389063 1.96592 0 0 
0.0129895528909005561 0.488385 0 615242 0.339387 14.2136 12.13 0 22.92861 5.02872 5.74475 -21.6201 0 0 0 0 0 0 0 0 0 0 0 0 
0.0129946824269869116 0.133571 0 440912 0.223764 14.3419 12.4104 0 20.83381 -20.254 -3.01984 3.83459 0 0 -0 0 0 0 -0 0 2.35371 4.37009 1581.88 2357.1 
0.0130021480709267539 0.582005 0 466969 0.263943 34.3041 12.8829 0 01 -0 0 0 0 -0 0 0 0 -0 0 0 1.16814 1.74732 0 0 
0.0130047654758328 0.329497 0 541158 0.106415 30.7921 27.7129 0 01 0 0 -0 0 0 0 -0 0 0 0 -0 0.323822 0.971534 0 547.537 
0.0130140817140083319 0.174162 0 511490 0.259688 14.3284 12.3805 0 27.19851 17.9355 -7.14819 -19.1568 0 0 0 0 0 0 0 0 1.47105 3.49586 757.348 1819.69 
0.0130260585761191421 0.409058 0 448867 0.168108 33.0419 14.6325 0 6.625091 4.95952 4.26791 1.0392 0 0 0 0 0 0 0 0 0 1.98018 0 0 
0.0130473481984345347 0.187998 1 138555 0 11.3129 7.33364 0 0 2 -117.97 -46.4856 -69.0705 0 -0 0 0 0 -0 0 0 2.17258 4.15002 1433.44 2181.22 
0.0130478260290118695 0.267919 0 342636 33.0787 32.5259 15.297 0 29.49021 2.02244 13.4622 -26.1601 0 0 0 0 0 0 0 0 0.552859 2.78507 0 0 
0.0130562311891145727 0.423282 0 432098 0.0978778 12.377 8.75132 0 81.75431 69.0424 18.6175 -39.6269 0 0 0 0 0 0 0 0 0.424583 2.10578 0 0 
0.0130899605768774688 0.287501 0 791312 0.231632 32.8019 14.7085 0 22.22741 -5.06577 -9.21465 -19.5828 0 -0 0 0 0 -0 0 0 0.556483 2.77561 0 39.8493 
0.0130927422714383866 0.413091 0 224265 0.513234 32.3272 15.2013 0 58.23441 28.591 24.7225 -44.3013 0 0 0 0 0 0 0 0 0.846485 4.24295 106.45 106.45 
0.0130964900047350324 0.544068 0 569405 0.257405 33.0119 29.1508 0 11.99791 11.8689 -0.668648 1.62287 0 0 0 0 0 0 0 0 0 0 0 0 
0.0130976407805254852 0.998614 0 475431 0.853722 32.9321 11.8751 0 18.65491 15.4436 9.07358 5.21262 0 0 0 0 0 0 0 0 0 0 0 0 
0.0131194264123963913 0.236564 1 493240 0 12.9158 9.62017 0 0 1 82.0418 37.8424 50.7879 0 0 0 0 0 0 0 0 0.456631 1.15148 0 0 
0.0131210451297938922 0.280232 1 518869 0 30.008 27.0072 0 0 1 -0.340113 0.00763314 -0.0184226 0 0 0 -0 0 0 0 -0 1.36395 3.88529 0 152.619 
0.0131314223413503718 0.312664 0 476804 0.130648 13.9386 11.5489 0 16.5891 -16.1715 0.638296 3.64257 0 -0 0 0 0 -0 0 0 0.913216 2.41438 231.33 427.636 
0.0131371024969737654 1.88197 0 362838 32.8024 32.2627 15.1565 0 36.47471 10.472 -33.6333 -9.46296 0 0 -0 0 0 0 -0 0 0 0 0 0 
0.0131610030795062758 0.276096 1 296592 0 11.4715 7.51984 0 0 1 -66.3935 34.7171 15.1339 0 -0 0 0 0 -0 0 0 0.819928 1.94666 0 0 
0.013176900441982331 0.039591 1 525892 0 22.4215 20.1793 0 0 1 0.22045 0.699051 -0.211572 0 0 0 0 0 0 0 0 2.95717 5.26697 5210.18 11146.5 
0.0132033398404843745 0.383138 1 427091 0 12.4565 8.87312 0 0 1 82.638 23.1919 17.8607 0 0 0 0 0 0 0 0 1.14869 1.90173 0 197.072 
0.0133237691656145508 0.0878646 0 509424 0.110731 32.5764 15.6629 0 48.76341 -46.9292 -12.3721 -4.73849 0 -0 0 0 0 -0 0 0 2.56816 3.41863 3322.3 11042.7 
0.0133256868859658855 0.242285 0 107151 1.4931 31.9132 14.4306 0 52.63331 24.5429 -30.8858 34.8422 0 0 0 0 0 0 0 0 0.23096 1.18095 0 38.6027 
0.0133288820107277418 0.0560386 0 438180 0.104807 33.1044 12.061 0 16.48671 16.1846 1.5025 -2.75888 0 0 0 -0 0 0 0 -0 2.80852 4.45986 6263.5 9569.64 
0.0133318059134154496 1.72664 0 744708 0.0893393 32.2853 14.4487 0 58.6741 -0.969737 -36.3228 -46.069 0 -0 0 0 0 -0 0 0 0 1.69331 0 0 
0.0133603884810281071 0.304064 0 492945 0.106031 33.0029 11.963 0 8.299391 -4.6051 -6.51321 -2.29154 0 -0 0 0 0 -0 0 0 0 1.81866 0 0 
0.0133764296602774634 0.357664 1 487849 0 18.103 16.2871 0 0 2 0.219144 0.458503 -0.236335 0 0 0 -0 0 0 0 -0 1.04978 2.8199 0 1.05087 
0.0133900023686516524 1.54269 0 596355 0.524118 32.155 13.918 0 15.89461 14.5173 2.10066 6.12152 0 0 0 0 0 0 0 0 0 0 0 0 
0.0133981094350598857 0.760862 0 276444 32.0268 31.523 14.6028 0 64.91871 24.6205 -59.5514 -7.86748 0 0 0 0 0 0 0 0 0 1.53346 0 0 
0.0134332812126473546 0.358498 0 429456 0.438211 32.5744 11.4561 0 47.33621 -7.08711 -46.2953 -6.87237 0 0 0 -0 0 0 0 -0 1.07853 3.60084 228.084 228.084 
0.0134375801997363674 0.167998 1 156600 0 25.6884 23.1195 0 0 1 0.0997638 0.0455323 -0.682283 0 0 0 0 0 0 0 0 2.75167 4.85714 911.927 3820.91 
0.0135731723234962832 0.912928 0 334776 31.5332 31.0516 14.196 0 41.68451 -39.3289 -12.0772 -6.70643 0 -0 0 0 0 -0 0 0 0 0 0 0 
0.0135819671095357263 0.373931 1 425750 0 30.6704 27.6034 0 0 2 0.00331713 0.00803127 0.00597728 0 0 0 0 0 0 0 0 0.748068 1.13713 0 0 
0.0136146949664697602 0.103221 0 614863 0.0954038 31.3939 13.8646 0 57.86291 -55.056 3.94123 -17.3615 0 0 0 0 0 0 0 0 2.8243 4.52824 4262.61 12132.9 
0.0136310241056055576 0.558933 0 475687 0.0885447 31.1714 12.8176 0 50.84391 23.4474 44.371 8.15725 0 0 0 0 0 0 0 0 0.552352 1.11273 0 0 
0.0136545759331463835 0.375849 0 201977 31.3105 30.8387 14.0035 0 82.26821 -80.7353 8.10488 13.5715 0 0 0 0 0 0 0 0 0.772816 1.14601 0 0 
0.0137481145362497413 0.163156 0 486898 0.733949 31.063 13.8763 0 71.91811 33.6869 53.3344 -34.5376 0 0 0 0 0 0 0 0 0.853457 2.64307 335.454 391.471 
0.0137548645562874782 0.550792 0 450119 30.3874 33.204 12.185 0 8.08271 -4.41619 5.32741 -4.17685 0 -0 0 0 0 -0 0 0 0 1.13899 0 0 
0.0137909802830115981 0.680496 0 304523 30.9467 30.4908 13.6785 0 74.77861 -24.1996 46.2324 -53.5611 0 0 0 0 0 0 0 0 0.671134 0.671134 112.365 112.365 
0.0137977563890467649 0.185315 0 444847 0.111111 31.9581 13.5465 0 39.30291 -33.1229 -14.2409 -15.6457 0 0 -0 0 0 0 -0 0 2.2878 3.89045 172.635 1644.57 
0.0138098036085293769 0.119919 0 720179 0.253206 30.8285 13.6088 0 96.19141 -95.0286 12.8842 -7.50602 0 -0 0 0 0 -0 0 0 2.36337 4.44803 505.13 2340.03 
0.0138614240510120668 1.46546 0 177987 30.7625 30.3146 13.5087 0 65.12731 -20.5816 45.3625 -41.9549 0 -0 0 0 0 -0 0 0 0 1.47098 0 0 
0.0138732973507978592 0.155024 0 447318 1.35469 16.2598 14.6128 0 01 0 -0 0 0 0 -0 0 0 0 -0 0 2.25557 5.05998 378.048 1509.18 
0.0139101363670335477 0.388652 0 425885 0.310787 30.7315 13.7542 0 21.63741 -21.5815 1.33155 0.800606 0 0 0 0 0 0 0 0 0 0.389159 0 0 
0.0139139937187080023 0.165357 1 424937 0 25.2204 22.6984 0 0 1 -0.279665 0.0937623 0.63014 0 -0 0 0 0 -0 0 0 1.57652 2.99079 322.058 1165.7 
0.013916755558576157 0.630415 0 59481 0.168978 30.3949 13.1638 0 128.8521 83.4061 57.6093 -79.5453 0 0 0 0 0 0 0 0 0 1.22867 0 0 
0.0139207669813900155 0.292588 0 450309 0.451602 31.2449 14.0007 0 24.45431 -18.8537 15.5452 0.948223 0 0 0 0 0 0 0 0 0.27887 3.13568 0 792.406 
0.0139280954842230676 2.0975 0 253960 30.5912 30.1506 13.3482 0 87.71311 -74.7684 -3.08915 45.7573 0 0 -0 0 0 0 -0 0 0 0 0 0 
0.0139319725915279437 0.282239 0 422376 0.251566 30.4227 13.3053 0 144.6831 141.426 23.5714 -19.3922 0 0 0 0 0 0 0 0 2.30041 3.75028 0 189.503 
0.0139468387983311577 0.25911 0 432284 0.213637 13.5564 10.7396 0 33.90961 32.0387 -6.23518 -9.1925 0 0 -0 0 0 0 -0 0 0.277175 0.277175 0 165.229 
0.0139572903956973852 0.417082 1 472316 0 11.0265 7.01957 0 0 1 -125.032 37.9643 -11.2596 0 0 0 0 0 0 0 0 0 0.409602 0 0 
0.0139582404610658246 0.128733 0 450460 0.201201 31.1293 13.2694 0 70.98331 63.5292 5.71732 -31.1445 0 0 0 0 0 0 0 0 3.7064 6.33321 5263.13 7907.65 
0.0139659286682767402 0.717794 0 132704 2.04001 30.2566 12.9767 0 67.87741 34.0325 42.6869 -40.3355 0 0 0 -0 0 0 0 -0 0 0.707169 0 0 
0.0139847305220263778 0.477288 0 489755 0.325282 30.9415 12.6356 0 86.89191 11.9012 85.1169 -12.7932 0 0 0 -0 0 0 0 -0 1.93731 3.86898 0 253.599 
0.0140155076044545732 1.91689 0 325015 30.3703 29.9391 13.1806 0 143.4251 -114.798 85.2119 11.4595 0 -0 0 0 0 -0 0 0 0 0 0 0 
0.0140168565287019497 0.772688 0 486503 0.257346 30.0821 13.0715 0 185.6211 9.57411 -148.559 -110.877 0 0 0 0 0 0 0 0 0.7599 0.7599 0 0 
0.0140644389987239597 0.720998 0 439678 0.396323 30.572 12.4123 0 76.80811 42.1637 -25.5628 58.8919 0 0 -0 0 0 0 -0 0 0 0 0 0 
0.0140960886455784983 0.28863 0 499778 0.195394 31.5229 10.3999 0 29.9551 -29.5841 2.9065 -3.69217 0 0 0 -0 0 0 0 -0 1.17692 2.62586 181.806 181.806 
0.014103708220841768 0.152494 0 427029 2.61597 14.4304 12.6214 0 7.03761 -5.33824 -4.55901 -0.496427 0 0 -0 0 0 0 -0 0 3.79963 6.64654 947.882 6086.8 
0.0141143836086997758 0.453283 0 604728 0.0909055 30.7467 9.65782 0 100.3111 -94.4386 33.5142 -4.51658 0 0 0 0 0 0 0 0 0.458462 1.85755 0 0 
0.0141159180054264768 0.357615 0 183892 0.0932208 29.7014 12.9559 0 121.6921 -3.95313 -61.1707 -105.126 0 0 0 0 0 0 0 0 0.721185 2.15949 0 0 
0.0141296248932455994 0.17295 0 509902 0 30.495 12.7563 0 98.53821 98.4652 1.1981 3.59716 0 0 0 0 0 0 0 0 3.06835 6.37244 774.954 1860.94 
0.0141486656121477903 2.91154 0 43108 0.286538 29.6243 12.8792 0 123.0761 -108.304 -41.4898 41.1895 0 0 0 0 0 0 0 0 0 0 0 0 
0.0141529824790764345 1.17015 0 27397 0.144749 29.6142 12.8691 0 108.5181 73.3958 1.61939 -79.9161 0 0 0 0 0 0 0 0 0 1.16236 0 0 
0.0141725817026199831 1.88617 0 387995 29.9841 29.569 12.8234 0 166.2571 -63.4625 41.2298 -148.034 0 0 0 0 0 0 0 0 0 0 0 0 
0.0142166777308294842 0.037086 1 418711 0 11.4079 7.44412 0 0 2 -82.7873 -36.819 9.07933 0 0 -0 0 0 0 -0 0 2.76339 5.64564 2723.69 9885.3 
0.0142179486451610264 0.286345 0 421779 0.36832 31.0401 9.9352 0 92.4831 71.5289 -16.2098 56.3379 0 0 -0 0 0 0 -0 0 1.72203 3.4603 0 302.881 
0.0142257277015359462 0.234669 0 574589 0.586456 29.9097 12.9604 0 114.4451 -83.5632 57.4151 -53.0874 0 0 0 -0 0 0 0 -0 1.4614 3.11195 344.627 441.785 
0.0142303622614432523 0.0424397 0 437054 0.0944058 33.8348 12.6766 0 01 0 0 0 0 0 0 0 0 0 0 0 2.85149 4.85895 4530.27 11972.9 
0.0142320367745369779 0.191015 0 491496 0.113308 30.6263 9.57697 0 53.83951 -15.7247 -4.04973 -51.3325 0 0 -0 0 0 0 -0 0 1.61572 3.63505 920.847 3156.76 
0.014258206745027778 1.15184 0 271389 29.7789 29.3723 12.6222 0 142.7491 132.921 34.3991 39.0635 0 0 0 0 0 0 0 0 0 2.30741 0 0 
0.0142624927250436552 0.313191 0 468216 0.112907 30.2813 12.7042 0 58.38481 57.7031 -7.62633 -4.5792 0 0 0 0 0 0 0 0 0.623943 1.86809 0 0 
0.0142703212515325386 0.126001 0 86949 0.08614 29.3447 12.5937 0 161.0691 89.3876 -129.779 33.3238 0 0 0 0 0 0 0 0 2.26759 4.09783 748.792 748.792 
0.0143009058128631909 1.1705 0 48688 29.678 29.2755 12.5217 0 178.8291 177.65 9.69622 18.0611 0 0 0 0 0 0 0 0 0 0 0 0 
0.0143062964321921966 1.12698 0 274730 29.6653 29.2633 12.5091 0 71.86511 -17.5981 -8.25937 69.1858 0 0 0 0 0 0 0 0 0 0 0 0 
0.0143117525848200384 1.14295 0 367285 29.6525 29.251 12.4961 0 145.2861 -143.975 17.8991 7.66366 0 0 0 0 0 0 0 0 0 1.14295 0 0 
0.0143988175599567784 0.27646 0 472469 0.144336 29.5932 12.3467 0 77.44251 60.149 -5.71254 48.4439 0 0 0 0 0 0 0 0 1.0903 1.0903 0 0 
0.0144041344815435818 1.55776 0 366867 29.4376 29.0448 12.2785 0 151.6531 -148.469 20.7781 -22.8885 0 0 0 -0 0 0 0 -0 0 1.59996 0 0 
0.0144049560236735666 1.78461 0 392518 29.4353 29.0426 12.2761 0 121.5971 113.974 5.35133 -42.0355 0 0 0 0 0 0 0 0 0 0 0 0 
0.0144257090617093547 0.159959 1 507704 0 28.3072 25.4765 0 0 1 -0.305588 0.601568 -0.204341 0 0 0 -0 0 0 0 -0 1.56495 3.58948 728.824 1345.41 
0.0144556421605714323 0.109897 1 453451 0 25.1709 22.6538 0 0 1 0.657885 0.15257 -0.59561 0 0 0 -0 0 0 0 -0 3.90391 6.97194 5246.88 15538.7 
0.0144710768425439056 1.39493 0 152125 29.2841 28.8975 12.1209 0 82.22311 -16.466 -78.5514 -17.8657 0 -0 0 0 0 -0 0 0 0 0 0 0 
0.0144977245038794035 2.63176 0 335816 0.10661 28.8394 12.0585 0 100.331 60.61 -0.720403 79.9498 0 0 -0 0 0 0 -0 0 0 0 0 0 
0.0145245443559818034 0.126218 1 446419 0 51.5408 46.3867 0 0 2 -0.00216624 0.00581258 0.000278535 0 0 0 0 0 0 0 0 2.29974 5.99683 894.756 1298.23 
0.0145321066878086654 0.435539 0 420086 0.0900089 12.4338 8.83815 0 107.0921 -58.017 -82.4007 36.2344 0 0 0 0 0 0 0 0 0.446493 1.31591 0 0 
0.0145511407057742122 2.00602 0 6292 2.08477 28.7244 11.9341 0 127.5671 41.1771 -75.7467 -94.0219 0 0 0 -0 0 0 0 -0 0 1.92112 0 0 
0.0145880451662805111 0.268584 0 467966 0.132897 29.1953 11.076 0 122.6991 98.8626 60.6361 -40.0558 0 0 0 -0 0 0 0 -0 0.811821 4.89949 0 353.628 
0.0146614790673907491 0.251 1 0 0 11.4517 7.29883 0 0 1 21.2067 -61.415 -9.41172 1 68.9365 -13.3181 5.53345 0 0 0 0 0 0.711946 0 0 
0.0146670073559320591 0.270866 0 434389 0.120626 12.7428 9.33003 0 117.2341 -59.8326 20.3001 -98.7517 0 0 0 0 0 0 0 0 0.259412 1.07055 0 0 
0.0146689775106476385 0.120535 0 621416 0.193158 28.8914 11.7754 0 22.89681 22.5021 3.87746 -1.69901 0 0 0 -0 0 0 0 -0 1.33846 3.1319 479.838 2575.47 
0.0146756624177738233 0.250912 1 567430 0 21.5025 19.3523 0 0 1 0.323587 -0.209143 0.826493 0 0 0 0 0 0 0 0 0.462548 0.952475 0 0 
0.0146756624177738233 0.616806 0 605079 0.404007 29.0413 11.4373 0 116.4661 -115.263 6.16761 -15.5132 0 0 0 -0 0 0 0 -0 0.615488 0.615488 0 0 
0.0146883245216853833 0.226316 1 175769 0 10.8275 6.81818 0 0 2 5.15379 -71.8418 -113.681 0 0 0 0 0 0 0 0 0.204691 1.72071 0 21.5478 
0.0147389942655641211 0.358216 1 486989 0 27.4909 24.7418 0 0 1 0.229708 0.718454 0.026986 0 0 0 0 0 0 0 0 0.349694 1.05112 0 0 
0.014747788398343141 0.37136 0 615030 0.141715 29.3966 11.4613 0 89.00861 74.2305 37.9221 -31.2134 0 0 0 0 0 0 0 0 0 1.10662 0 0 
0.0147574462384448494 0.714763 0 332721 28.6521 28.2904 11.4583 0 285.1641 244.376 -139.615 -45.8981 0 0 -0 0 0 0 -0 0 0 0 0 0 
0.0147648574046144055 0.127738 0 428514 0.155914 30.9917 12.7189 0 56.47681 56.4634 0.197474 1.2167 0 0 0 0 0 0 0 0 2.07142 4.43939 2146.54 4482.29 
0.0147737311137893269 0.298413 0 546118 0.311554 28.7651 11.4734 0 239.1971 -233.764 -22.793 45.2782 0 -0 0 0 0 -0 0 0 0.301007 1.77506 2.19431 2.19431 
0.0148050854158882483 0.943595 0 448253 0.139279 12.3167 8.66041 0 145.0511 -91.923 110.582 19.0128 0 0 0 0 0 0 0 0 0 0 0 0 
0.0148053725407086868 0.334143 0 248774 28.5498 28.192 11.3494 0 195.8531 78.2024 -127.782 -126.152 0 0 0 0 0 0 0 0 1.96691 3.26335 0 1213.22 
0.0148072237471210556 0.193791 0 659877 0 28.5772 11.6639 0 286.3361 223.292 156.206 -87.9122 0 0 0 0 0 0 0 0 0.38422 0.928879 0 693.148 
0.0148141479024099434 0.171337 1 436641 0 19.9614 17.9653 0 0 2 0.00354396 -0.289882 -0.245986 0 0 0 0 0 0 0 0 1.46065 2.60324 1530.27 2302.48 
0.0148173040326303376 0.0730505 0 625268 0.224459 20.3477 18.313 0 01 0 -0 0 0 0 -0 0 0 0 -0 0 3.88802 5.64923 6808.35 13675.1 
0.0148176656519639991 0.338585 0 421213 0.104591 21.4812 19.3331 0 01 0 0 0 0 0 0 0 0 0 0 0 0 1.41535 0 0 
0.014841843255994221 0.0853506 0 55732 1.20834 28.1176 11.2668 0 44.17491 31.7788 28.4955 -11.3813 0 0 0 0 0 0 0 0 1.25396 2.75042 2747.7 6772.88 
0.0148823259899594201 0.11932 1 424657 0 16.3687 14.7117 0 0 2 0.141228 0.486046 -0.407239 0 0 0 -0 0 0 0 -0 2.96478 5.46545 3930.19 10849.5 
0.0148977407913147529 7.82997 0 344896 28.3557 28.0053 11.1417 0 142.3221 -142.306 -2.06376 -0.386348 0 0 -0 0 0 0 -0 0 0 0 0 0 
0.0149017968822076057 0.0611975 1 429190 0 28.0878 25.279 0 0 1 0.00829806 -0.0238507 0.0180878 0 0 0 0 0 0 0 0 2.91608 5.21559 4012.49 9432.32 
0.0149025666556655088 1.38904 1 289599 0 9.93116 6.08241 0 0 2 -199.286 13.4353 -26.7669 0 0 0 -0 0 0 0 -0 0 0 0 0 
0.014902601261322283 0.75267 0 37014 0.416465 28.2215 11.0274 0 155.8231 153.948 -21.9008 -10.0587 0 0 -0 0 0 0 -0 0 0 0.751684 0 0 
0.0149041301963736671 0.137883 1 462768 0 36.1816 32.5634 0 0 1 -0.0245163 -0.323519 -0.566907 0 -0 0 0 0 -0 0 0 2.12545 4.41355 1576.02 3647.79 
0.0149059695282076719 0.462638 0 185355 28.3386 27.9889 11.1234 0 229.8021 -139.153 -172.495 -60.7525 0 0 0 0 0 0 0 0 0.942891 1.90158 0 76.4903 
0.0149091256039635862 0.102351 0 223714 0.106301 27.9818 11.1155 0 244.251 -149.3 149.264 -122.833 0 0 0 -0 0 0 0 -0 1.72739 3.41379 0 2728.92 
0.014913118748956334 0.316952 0 443099 0.0947217 29.0725 8.32785 0 53.36921 50.179 -8.30095 16.1688 0 0 0 0 0 0 0 0 0.32045 3.54285 0 0 
0.0149300446566666724 0.227057 0 519537 0.497717 28.149 11.2538 0 203.5731 -1.82706 -147.223 140.585 0 0 0 0 0 0 0 0 0.619028 1.50674 896.916 896.916 
0.0149323282330741641 0.344587 0 67839 0.161647 27.9354 11.0636 0 166.4391 -148.107 -65.0693 39.1443 0 0 0 0 0 0 0 0 0.362593 1.7958 0 0 
0.0150004029392683952 0.163193 0 243100 0.167938 27.8007 10.9126 0 215.1141 -131.937 -104.212 -134.188 0 -0 0 0 0 -0 0 0 0.550031 1.25051 0 0 
0.0150023350661439986 0.196538 0 510751 0.145757 28.7438 11.152 0 175.7661 128.445 -14.3896 -119.117 0 0 0 0 0 0 0 0 0.918041 2.3497 246.55 254.11 
0.0150027158323334294 0.372682 1 541817 0 9.96172 6.10291 0 0 2 -69.7448 1.33222 -4.02253 0 0 0 0 0 0 0 0 0 0.364995 0 0 
0.0150110681219778434 0.192695 0 452254 0.235018 28.2561 11.1502 0 76.58471 76.0858 0.0176815 8.72695 0 0 0 0 0 0 0 0 0.180576 2.57844 0 0 
0.015014763046404863 0.189613 0 716004 0 28.1037 11.0652 0 130.4551 -108.29 72.5669 5.09539 0 0 0 0 0 0 0 0 0.890033 2.15657 258.634 258.634 
0.0150367255600384383 0.0546224 0 6219 0.138905 27.7301 10.8334 0 193.7941 -187.883 -46.5674 9.36916 0 0 0 0 0 0 0 0 3.19874 6.29541 2911.6 10196.7 
0.0150446036027484676 1.36566 0 331934 28.0534 27.7145 10.8158 0 144.7371 -38.4589 -77.9916 115.702 0 0 0 0 0 0 0 0 0 0 0 0 
0.015047719341283133 3.59908 0 86890 0.179733 29.5094 12.7641 0 121.5751 100.395 2.34003 68.526 0 0 0 0 0 0 0 0 0 0 0 0 
0.0150479982740883544 0.168968 0 613765 0.0920372 28.6975 11.3125 0 88.56871 87.8719 1.64453 -10.965 0 0 0 0 0 0 0 0 2.03077 3.32372 0 352.513 
0.0150519233673270213 0.0995157 1 518861 0 20.5524 18.4972 0 0 1 0.74367 0.230991 -0.691975 0 0 0 0 0 0 0 0 2.60817 5.3735 2030.5 5341.78 
0.0150665074261269998 0.800494 0 171631 28.0086 27.6713 10.7674 0 225.6651 154.922 138.15 88.5347 0 0 0 0 0 0 0 0 0.792296 0.792296 0 0 
0.0150882037788879365 0.362447 0 459239 0.119857 28.3487 10.9868 0 248.8791 247.903 15.7533 15.3836 0 0 0 0 0 0 0 0 0.351618 1.76955 0 216.853 
0.0151325577518879543 0.369878 0 520118 0.213495 28.978 12.6918 0 47.20731 -41.2311 9.08574 -21.1183 0 -0 0 0 0 -0 0 0 0 2.27247 0 0 
0.0151423267354412212 1.09904 0 262055 27.8567 27.5251 10.6031 0 303.7971 -90.291 23.1385 289.145 0 0 0 0 0 0 0 0 0 1.0905 0 0 
0.0151475496709048037 0.814354 0 300870 0.33931 27.6907 10.6307 0 130.0641 65.7065 110.613 19.08 0 0 0 0 0 0 0 0 1.6484 3.28827 0 0 
0.0151478854688004826 1.28746 0 223552 27.8459 27.5146 10.5913 0 342.6071 -14.8482 -341.521 -22.85 0 0 0 -0 0 0 0 -0 0 0 0 0 
0.0151576844638604911 0.516583 0 346540 27.8273 27.4967 10.5712 0 123.8351 -79.3186 -49.8166 81.0059 0 -0 0 0 0 -0 0 0 0 1.01536 0 0 
0.0151721021029634952 0.24509 0 461160 0.142044 28.1304 10.3846 0 276.0521 186.224 79.5453 -187.611 0 0 0 0 0 0 0 0 1.50031 3.50105 0 128.527 
0.0152011985541765839 0.325582 0 132710 0.772351 27.4131 10.4768 0 188.7231 175.214 69.3203 -10.5561 0 0 0 0 0 0 0 0 0.665618 1.3182 0 29.6084 
0.0152013759404806617 0.0703184 0 439471 0.0926349 30.338 9.29532 0 135.2961 -134.218 -10.8389 -13.1571 0 0 0 0 0 0 0 0 1.84816 3.97391 1005.58 10977.1 
0.0152067512246311862 0.299553 0 439678 0.26969 29.1683 12.131 0 44.51831 38.9532 -0.757957 -21.5395 0 0 0 0 0 0 0 0 0.907375 2.10055 0 0 
0.0152388046583542217 0.15838 0 493590 0.128582 28.3061 10.8924 0 178.471 -177.485 17.4369 6.83275 0 0 0 0 0 0 0 0 2.95407 5.11648 577.702 2268.29 
0.0152418794366259332 0.160499 0 439104 0.160104 28.3839 7.83885 0 44.01861 -12.9593 -40.6902 10.6772 0 0 0 0 0 0 0 0 2.50666 6.50176 209.155 3045.35 
0.0152474361440706647 0.840026 0 207143 27.6503 27.3262 10.3789 0 158.4261 -118.508 -59.4898 86.6927 0 0 0 0 0 0 0 0 0.821999 0.821999 0 0 
0.0152662083098465736 0.342599 0 166801 0.0936453 27.2905 10.3386 0 82.17921 64.8557 -7.0936 49.9685 0 0 0 0 0 0 0 0 1.95469 2.95176 0 1250.43 
0.0152808988068900507 0.258307 1 443085 0 27.4365 24.6928 0 0 1 0.208315 0.698412 -0.177335 0 0 0 0 0 0 0 0 0.258407 2.74783 0 0 
0.0152847363840770915 0.131816 0 545921 0.46784 28.7678 10.5904 0 118.5151 117.418 -4.35204 -15.485 0 0 0 0 0 0 0 0 1.47305 2.97749 1255 1762.62 
0.0152896123089600808 0.523941 1 438238 0 34.4415 30.9973 0 0 2 -0.206857 1.06296 0.676471 0 0 0 0 0 0 0 0 0 0.524284 0 0 
0.0152909215967149733 0.159238 1 444300 0 36.234 32.6106 0 0 1 -0.343918 -0.666847 0.444576 0 0 0 0 0 0 0 0 2.10027 3.99007 0 1544.15 
0.0152963245616192269 0.308422 0 82477 0.71907 14.1213 11.9321 0 43.73221 -43.3977 -2.38584 4.84345 0 0 -0 0 0 0 -0 0 0.624634 2.14678 0 0 
0.0153044367500736432 0.359777 1 179360 0 9.92052 6.07535 0 0 1 -7.1788 -86.688 -21.3105 0 0 -0 0 0 0 -0 0 0 0.71228 0 0 
0.0153314492545081095 0.0907133 0 491763 0.138923 28.6371 11.5808 0 179.3281 85.5247 -37.7917 -153.023 0 0 -0 0 0 0 -0 0 3.83508 6.58474 6668.62 16280 
0.0153445671952444195 0.339503 0 467420 0.485803 30.4639 9.42823 0 48.28231 2.34194 -47.9704 -4.95364 0 0 0 0 0 0 0 0 0 0.988858 0 0 
0.0153491062360212784 0.703085 0 335263 27.4531 27.1362 10.1645 0 349.821 -95.9901 310.08 130.423 0 0 0 0 0 0 0 0 0 0 0 0 
0.0153618554150376559 0.329054 0 129927 0.123539 27.1128 10.1382 0 224.8591 -16.418 182.827 -129.87 0 0 0 -0 0 0 0 -0 0.655946 1.34363 1.22719 1.22719 
0.0154094076390180312 0.576948 0 61838 0.0916376 27.0265 10.0405 0 171.8071 126.997 -5.80979 115.567 0 0 -0 0 0 0 -0 0 1.18754 4.67418 0 36.8891 
0.0154122103800892578 0.190833 0 510453 0.104762 28.9004 13.2008 0 276.0931 -274.13 -29.2848 14.9127 0 0 -0 0 0 0 -0 0 0.914327 2.39732 0 355.773 
0.0154185640042970064 0.122571 0 644753 0.235074 27.8622 10.4604 0 221.8241 -62.1682 -89.9627 192.997 0 0 0 0 0 0 0 0 3.40244 5.87144 5381.73 14129.8 
0.0154242996116128947 0.0862985 1 460164 0 19.7442 17.7698 0 0 2 0.0315982 -0.217333 0.544155 0 0 -0 0 0 0 -0 0 0.2558 1.55147 0 321.682 
0.0154567304071110342 1.10233 0 141353 0.175595 26.9403 9.9432 0 204.0681 -119.988 0.204742 165.066 0 0 0 0 0 0 0 0 0 0 0 0 
0.0154609400723875606 1.12394 0 81542 0.140232 26.9326 9.93446 0 123.3991 103.297 22.6189 -63.6026 0 0 0 0 0 0 0 0 0 0 0 0 
0.0154617281676976432 1.46495 0 340718 27.2398 26.9306 9.93225 0 300.8061 -274.153 34.6318 118.847 0 0 0 0 0 0 0 0 0 1.4547 0 0 
0.0154722594611779573 0.878303 0 612306 0.105261 27.9918 10.6142 0 161.7891 142.776 -75.1256 12.116 0 0 0 0 0 0 0 0 0 0 0 0 
0.0154730348941283461 0.496478 0 181037 0.13143 26.9105 9.90955 0 242.3561 174.383 104.552 -131.894 0 0 0 0 0 0 0 0 0 1.01476 0 0 
0.0154954470074726899 0.167234 0 494432 0.2269 27.432 9.74335 0 207.451 -204.55 -24.7269 24.1517 0 0 0 0 0 0 0 0 4.62368 7.63964 1316.76 4428.94 
0.0154954470074726899 1.06761 0 352578 27.1776 26.8707 9.8647 0 286.1761 214.675 67.7011 -176.714 0 0 0 -0 0 0 0 -0 0 0 0 0 
0.0155127517198104907 0.82453 0 677243 0.0815842 27.0528 9.9867 0 248.7281 -213.406 -79.4621 100.046 0 0 0 0 0 0 0 0 0 0 0 0 
0.0155286818332753037 0.202799 0 292326 27.1149 26.8102 9.79636 0 163.9061 102.428 103.031 75.883 0 0 0 0 0 0 0 0 1.86826 5.46665 2210.28 3163.44 
0.0155436447235341394 0.322703 0 434686 0.0907377 22.2551 20.0296 0 01 0 0 0 0 0 0 0 0 0 0 0 0.305402 2.49468 0 178.401 
0.0155586827995249938 0.231439 0 567077 0.164148 27.5296 10.128 0 191.4771 94.4737 -165.164 -21.4184 0 0 0 0 0 0 0 0 2.00308 5.149 0 380.947 
0.0155637474040741363 1.36763 0 250839 27.0503 26.7478 9.72599 0 46.32631 -7.36154 9.46944 44.7467 0 0 0 0 0 0 0 0 0 0 0 0 
0.0155710572888937034 0.612192 0 438066 0.245405 28.0429 10.4354 0 163.7831 118.74 30.7969 -108.523 0 0 0 0 0 0 0 0 0 0.616642 0 0 
0.0155875881992330548 0.296367 0 490798 0 14.5092 12.7843 0 7.060851 -3.57502 -4.83902 3.69577 0 0 0 0 0 0 0 0 0.312771 0.921737 0 0 
0.015592158588589233 0.135359 1 429430 0 32.1965 28.9769 0 0 1 0.307244 0.248809 0.608927 0 0 0 0 0 0 0 0 2.23216 5.79451 231.212 1880.19 
0.0155938118600386349 0.315342 0 105971 0 9.37382 8.39787 0 01 -0 0 0 0 -0 0 0 0 -0 0 0 0.913979 2.43183 0 0 
0.0156074247005550271 0.119334 0 568444 0.438986 9.53921 5.84815 0 95.18711 32.396 -31.6838 83.7091 0 0 -0 0 0 0 -0 0 3.29651 6.44041 1971.14 8280.59 
0.0156159172881385096 0.242551 0 490307 0.147303 27.7706 10.2749 0 444.0561 -111.013 -281.454 325.031 0 0 0 0 0 0 0 0 0 0.76238 0 0 
0.015621794556374715 0.434388 1 464633 0 33.073 29.7657 0 0 1 -0.122316 -0.675202 0.0224779 0 0 0 0 0 0 0 0 0.44171 3.51638 0 5.24452 
0.015632385103403975 0.191223 0 480770 0.739352 27.3292 9.4553 0 102.5961 -89.6879 45.3299 -20.6703 0 0 0 0 0 0 0 0 1.3241 2.70854 0 983.88 
0.0156708452152047491 0.650877 0 330072 0.358369 26.5606 9.51483 0 274.6181 75.1902 238.626 -113.22 0 0 0 -0 0 0 0 -0 0.650877 1.94284 188.398 188.398 
0.0156875352190787541 0.778259 1 455366 0 16.5716 14.8958 0 0 2 -0.0543706 0.291728 0.0545816 0 -0 0 0 0 -0 0 0 0 0 0 0 
0.0156879323576377475 0.263364 0 423144 0.0849238 19.3763 17.4387 0 01 0 0 0 0 0 0 0 0 0 0 0 0.5013 2.80307 12.7844 12.7844 
0.0157448824926894465 0.0997436 0 445070 0.162424 27.7235 24.9512 0 01 0 0 0 0 0 0 0 0 0 0 0 1.73119 3.76182 2272.18 7136.59 
0.0157468267192466677 0.858185 0 242090 0.0915977 26.4279 9.36543 0 155.9051 -142.858 13.5019 -60.9549 0 0 0 -0 0 0 0 -0 0 0 0 0 
0.0157739297880490764 2.16714 0 243230 26.6712 26.382 9.31389 0 266.1891 236.8 119.094 24.4805 0 0 0 0 0 0 0 0 0 0 0 0 
0.0158150320403580881 0.167814 0 490955 0.084854 17.5543 15.7883 0 01 0 0 0 0 0 0 0 0 0 0 0 2.68016 7.52933 664.26 4409.54 
0.0158199917797616704 0.248299 1 540954 0 30.8597 27.7737 0 0 2 0.212528 0.296576 -0.477283 0 0 0 -0 0 0 0 -0 0.533936 1.55893 0 1161.07 
0.015830227171653527 0.198054 0 704405 0 15.4663 13.8932 0 01 0 0 0 0 0 0 0 0 0 0 0 0.978807 3.24599 0 187.569 
0.0158444108224751225 0.689897 1 512863 0 25.7036 23.1332 0 0 1 -0.238036 -0.00904804 0.315718 0 0 -0 0 0 0 -0 0 0 0.678211 0 0 
0.0158789776794103429 0.886308 0 305193 26.4866 26.2038 9.11382 0 262.2841 259.007 -11.8302 -39.6043 0 0 -0 0 0 0 -0 0 0 0.881992 0 0 
0.0158885770377772927 0.0821272 1 563324 0 19.0129 17.1116 0 0 1 -0.0277457 0.539846 0.225399 0 -0 0 0 0 -0 0 0 3.12428 5.73125 2175.65 10815.5 
0.0158922033115320126 0.291336 1 420898 0 16.7017 15.0139 0 0 1 -0.206476 0.60413 0.267908 0 0 0 0 0 0 0 0 0 0.592989 0 0 
0.0159231336193205765 0.356631 0 664781 0.173154 26.4745 13.3854 0 229.4461 223.382 -35.993 -38.0823 0 0 0 -0 0 0 0 -0 0 0.740487 0 0 
0.0159467786445735733 0.279319 0 484693 0.662528 26.4322 9.37568 0 221.4411 202.183 -45.2984 78.1433 0 0 0 0 0 0 0 0 0.863531 1.99658 0 0 
0.0159686865731324505 0.235906 0 498809 0.254931 28.4266 7.88392 0 128.7621 20.0253 -119.697 43.0282 0 0 0 0 0 0 0 0 0.46308 1.16936 0 1257 
0.0159744634465140319 0.92996 0 18681 26.3216 26.0444 8.93548 0 207.021 -123.46 -22.7536 -164.613 0 0 -0 0 0 0 -0 0 0 0.929628 0 0 
0.0160159171656445859 1.24073 0 279961 0.163541 26.195 8.94406 0 262.1881 247.005 -56.2704 -67.5597 0 0 0 -0 0 0 0 -0 0 1.27923 0 0 
0.0160185428666559833 0.344748 0 195209 26.2463 25.9716 8.85428 0 79.66851 -78.6805 7.12151 -10.2828 0 -0 0 0 0 -0 0 0 1.36618 3.40945 290.06 434.871 
0.0160414463442829537 0.19088 0 8327 0.0842947 25.9344 8.81284 0 136.2041 41.7186 -72.1651 107.719 0 0 0 0 0 0 0 0 0.972491 2.12649 0 151.835 
0.0160482440830048909 0.224633 0 170681 0.085333 25.9229 8.80003 0 358.5221 205.862 -244.852 161.884 0 0 0 0 0 0 0 0 1.38428 2.54996 0 54.1953 
0.0160627424497749131 0.737457 1 338496 0 9.19559 8.23818 0 0 2 0.422097 -0.424214 0.939411 0 0 -0 0 0 0 -0 0 0.741827 0.741827 0 0 
0.0160824683812876151 0.0673226 1 460382 0 36.3601 32.7241 0 0 2 0.00742261 -0.00461364 -0.00339984 0 0 -0 0 0 0 -0 0 4.39964 7.10177 6061.38 13860.6 
0.0160928478143592714 0.472012 0 89672 0.922143 26.0603 8.81463 0 100.951 54.0985 -76.3478 37.885 0 0 -0 0 0 0 -0 0 0.468084 0.947081 0 34.6165 
0.0161144433367444613 0.16568 0 565174 0 26.2587 8.98077 0 268.8351 39.0043 1.44063 265.987 0 0 0 0 0 0 0 0 1.385 3.90253 776.441 1759.7 
0.0161207049634965772 0.0973269 0 171637 0.558917 25.806 8.6699 0 116.6041 -54.2568 38.0441 95.9449 0 0 0 0 0 0 0 0 3.08069 5.11063 2046.28 10725.2 
0.0161240192456896733 0.19193 0 477260 0.690643 25.8005 8.95295 0 248.931 -248.186 19.1803 -1.28796 0 -0 0 0 0 -0 0 0 0.772432 2.50541 0 0 
0.0161319193296152776 0.121651 1 517323 0 17.1868 15.4545 0 0 1 0.0579007 0.327919 -0.398683 0 0 0 0 0 0 0 0 1.50133 3.36418 900.763 5971.19 
0.0161404134510145063 0.124484 0 9348 0.0867927 25.7736 8.63394 0 120.7781 82.5043 28.3144 -83.5386 0 0 0 0 0 0 0 0 2.29602 5.0409 4247.16 9257.63 
0.0161512439187383276 0.237431 0 232834 8.62808 25.9986 8.6284 0 206.3651 205.389 18.6165 7.42836 0 0 0 0 0 0 0 0 1.37797 4.15937 323.894 425.6 
0.0161541420748364598 1.71512 0 325539 26.0189 25.7517 8.6096 0 222.5421 -99.1582 -171.009 -102.218 0 0 0 -0 0 0 0 -0 0 0 0 0 
0.016164469587901454 0.263854 0 445111 1.14517 25.8773 8.70459 0 425.0471 204.126 -26.9544 -371.847 0 0 -0 0 0 0 -0 0 0 0.788143 0 0 
0.0161710074171313029 0.420311 1 440695 0 28.9036 26.0133 0 0 2 -0.036543 -0.438295 -0.361741 0 -0 0 0 0 -0 0 0 0 2.12878 0 0 
0.0161790525999731261 1.85777 0 369436 25.9777 25.712 8.56552 0 119.0361 -115.11 -6.51804 29.611 0 0 0 0 0 0 0 0 0 0 0 0 
0.0162104375158086157 0.160518 0 494305 0 26.8243 9.66652 0 272.6871 -156.111 223.449 -7.62599 0 0 0 -0 0 0 0 -0 1.22083 1.82439 537.451 537.451 
0.0162413601825241657 0.552765 0 460566 0.132206 29.6045 26.644 0 01 0 0 0 0 0 0 0 0 0 0 0 0 0 0 0 
0.0162547585627391342 0.131863 0 556761 0.0904405 22.0358 19.8322 0 01 0 0 -0 0 0 0 -0 0 0 0 -0 1.53138 2.6013 1305.48 1305.48 
0.0162768470361340373 0.562597 0 149828 0.0800025 25.5569 8.3941 0 282.2781 -273.787 27.2728 63.0722 0 0 0 0 0 0 0 0 1.12954 1.69213 0 0 
0.016285670791008712 13.1271 0 226518 0.171044 25.543 8.37872 0 254.5631 188.514 156.04 70.116 0 0 0 0 0 0 0 0 0 0 0 0 
0.0162916199163000361 0.436739 0 487610 0.164191 18.588 16.7283 0 01 0 0 0 0 0 0 0 0 0 0 0 1.33397 4.43327 0 0 
0.0163068000481150881 0.0742701 0 461352 0.080075 28.2268 7.75824 0 67.41161 -34.031 54.6389 -20.0201 0 0 0 0 0 0 0 0 3.40264 6.02113 4364.7 10350.7 
0.0163147982399127131 1.09 0 495139 1.66644 25.9173 8.63674 0 90.77381 -55.6609 -17.5164 69.5335 0 -0 0 0 0 -0 0 0 0 0 0 0 
0.0163388793786954541 0.834294 0 77143 0.0956721 25.4602 8.28758 0 118.4041 -28.7778 -52.6192 102.091 0 0 0 0 0 0 0 0 0 3.41278 0 0 
0.0163590246896972574 0.0835182 0 437436 0.20029 26.5602 9.14369 0 135.5441 66.0781 37.2495 112.332 0 0 0 0 0 0 0 0 3.43559 5.90672 1216.29 8717.95 
0.0163602603877205204 0.0708906 1 510525 0 33.1801 29.8621 0 0 1 0.615404 0.539038 0.00564388 0 0 0 0 0 0 0 0 2.10041 5.71995 1149.72 5305.71 
0.016366571852422903 0.413619 0 39421 0.0821184 25.4172 8.24031 0 93.71321 31.2703 88.3017 -2.67112 0 0 0 -0 0 0 0 -0 0.83931 2.11181 0 0 
0.016387345468064949 0.413438 0 64738 25.6395 25.3848 8.20466 0 200.4341 25.5006 197.6 21.8631 0 0 0 0 0 0 0 0 0 1.26251 0 0 
0.0163948510094196996 0.483744 0 166175 25.6275 25.3732 8.19198 0 204.051 151.822 -52.4568 -125.836 0 0 -0 0 0 0 -0 0 0 0.925969 0 0 
0.0164099681575677649 0.233131 0 474597 0.441964 27.7229 7.44395 0 90.7741 -54.7502 57.1306 -44.4797 0 0 0 0 0 0 0 0 0.691726 1.84864 4.93283 4.93283 
0.0164201637582903175 0.221359 0 480210 0.0992706 26.1004 8.80853 0 427.2471 -337.825 68.7256 -252.37 0 -0 0 0 0 -0 0 0 1.15112 4.61872 0 0 
0.0164593954760129529 0.219456 0 305362 25.5252 25.2742 8.08354 0 178.2551 -130.027 -107.412 57.7114 0 0 0 0 0 0 0 0 0.230691 1.37922 0 0 
0.0164655636469345848 0.0741142 0 562459 0.120285 25.6476 8.49508 0 403.321 -34.2984 -389.546 98.7168 0 0 0 0 0 0 0 0 2.2606 4.73641 6537.7 7463.21 
0.0164787330811231904 0.254291 0 433360 1.20696 19.3352 17.4016 0 01 0 0 0 0 0 0 0 0 0 0 0 0.773051 1.81113 0 1871.04 
0.0165515636502454461 1.36344 0 223851 25.3818 25.1353 7.93218 0 316.2171 -163.565 -268.474 -34.0828 0 0 0 0 0 0 0 0 0 1.3639 0 0 
0.0165685548802225538 1.87679 0 292351 25.3548 25.1093 7.90386 0 218.6981 208.223 24.2665 62.3138 0 0 0 0 0 0 0 0 0 0 0 0 
0.0165913010066928643 0.571046 0 446868 1.41706 25.5025 8.18994 0 236.0841 -114.07 -202.652 -40.6895 0 -0 0 0 0 -0 0 0 0 0.567477 0 0 
0.0166044064762618584 0.37456 0 428812 0.120802 15.417 13.8485 0 01 0 0 0 0 0 0 0 0 0 0 0 0.742032 4.47964 0 0 
0.0166195308619874367 0.435874 0 448850 0.183359 19.9206 17.9285 0 01 0 0 0 0 0 0 0 0 0 0 0 0.445201 4.48789 0 0 
0.0166239496119203259 0.0613918 0 532460 0.096924 25.478 8.17516 0 181.8581 97.2618 9.06904 153.396 0 0 0 0 0 0 0 0 3.3723 6.77655 4738.06 13765.2 
0.0166314562447134259 1.5495 0 312777 25.2581 25.0156 7.80231 0 229.0811 -176.94 61.5672 -131.833 0 -0 0 0 0 -0 0 0 0 0 0 0 
0.0166336355471160581 0.0371189 1 439412 0 23.5961 21.2365 0 0 1 -0.687998 0.00176985 0.196993 0 0 0 0 0 0 0 0 3.11091 5.59182 2710.83 12935.1 
0.0166459887493162033 0.233443 0 433648 0.0810604 19.7785 17.8007 0 01 0 0 -0 0 0 0 -0 0 0 0 -0 0.934541 1.63792 0 170.69 
0.0166511641396176087 0.0586798 0 494246 0.139726 18.4134 16.5694 0 01 0 -0 0 0 0 -0 0 0 0 -0 0 3.05969 5.96989 6462.61 9175.49 
0.0166546026121166604 0.216682 0 579985 0.209645 25.7478 8.39071 0 211.21 -210.647 14.1841 -5.69149 0 0 0 -0 0 0 0 -0 0.793469 2.40397 176.341 176.341 
0.016676273326613953 0.471385 0 585648 0.0806666 18.5547 16.698 0 01 -0 0 0 0 -0 0 0 0 -0 0 0 0.484867 3.36656 167.863 167.863 
0.0167111628678590189 0.195856 0 432980 0.178462 25.9446 8.50166 0 326.4321 -170.885 278.064 6.03766 0 0 0 0 0 0 0 0 1.60853 4.38882 208.059 383.442 
0.0167356802980953324 0.129651 0 498437 0.0936671 25.037 7.76995 0 251.141 19.2963 58.5887 -243.447 0 0 0 0 0 0 0 0 2.4949 5.31316 2730.43 10727.1 
0.0167452626665829316 0.397813 0 323371 25.0855 24.8484 7.62198 0 331.061 -330.686 -8.83988 -13.013 0 0 -0 0 0 0 -0 0 0 0.39136 0 0 
0.0167516555014661679 0.26086 0 456446 0.0838778 25.8223 8.69168 0 382.1561 -295.994 -118.077 -210.922 0 0 0 -0 0 0 0 -0 2.14936 4.50512 106.429 106.429 
0.0167605694614632421 0.0770519 0 610546 0.0804384 25.1331 8.30036 0 203.1951 -158.978 65.9499 108.003 0 -0 0 0 0 -0 0 0 3.90915 6.1549 3578.44 8725.59 
0.0167625099316274159 0.256254 0 718399 0.104855 25.2309 7.91604 0 191.4881 -63.8519 179.308 -20.9633 0 -0 0 0 0 -0 0 0 0.54086 1.58782 0 0 
0.0168115902523861029 0.189336 1 435821 0 36.3605 32.7244 0 0 2 0.0146574 -0.0107551 0.00524307 0 0 0 0 0 0 0 0 0.603787 1.98396 0 158.217 
0.0168134423749829905 1.12705 0 165019 0.257905 24.7494 7.51575 0 288.4451 217.435 -173.099 -77.1932 0 0 0 0 0 0 0 0 0 0 0 0 
0.0168260228650938225 13.7883 0 345478 24.9648 24.7315 7.49664 0 172.8861 135.492 -10.7019 -106.85 0 0 0 0 0 0 0 0 0 0 0 0 
0.0168513815112847874 0.330604 0 81629 0.0976563 24.695 7.45764 0 190.3941 66.4068 139.776 110.917 0 0 0 0 0 0 0 0 0.323872 1.92148 0 0 
0.0168553270641929875 0.805254 0 262693 24.9211 24.6891 7.4514 0 354.8851 -248.259 151.233 -203.566 0 0 0 0 0 0 0 0 0 1.58302 0 0 
0.0168676396903885001 0.318937 0 185177 24.903 24.6716 7.43269 0 380.5711 323.698 -49.083 -194.022 0 0 0 0 0 0 0 0 0 0.661043 0 0 
0.016883680988333493 0.306755 1 434583 0 36.2051 32.5846 0 0 2 -0.00511893 -0.00396656 -0.0125261 0 -0 0 0 0 -0 0 0 0.28003 1.17939 0 0 
0.0168845709731297172 0.363203 1 10715 0 18.1576 16.3367 0 0 1 -0.470455 -0.108155 0.126623 0 -0 0 0 0 -0 0 0 0.735365 3.37601 0 0 
0.0168949403787111083 2.72726 0 186121 24.8636 24.6334 7.39208 0 162.7751 158.387 -13.0719 35.1932 0 0 0 0 0 0 0 0 0 0 0 0 
0.0168985051141168942 6.96451 0 163317 0.180606 24.6281 7.3865 0 523.0891 426.553 269.045 -138.888 0 0 0 -0 0 0 0 -0 0 0 0 0 
0.0169211629066750059 1.31943 0 218580 24.8244 24.5954 7.35163 0 128.8581 -45.6099 112.679 -42.7501 0 -0 0 0 0 -0 0 0 0 0 0 0 
0.0169308517255559697 0.508818 0 690727 0.0931457 25.1317 7.92027 0 326.1311 305.307 107.779 39.1465 0 0 0 0 0 0 0 0 0.996136 1.99513 0 86.7976 
0.0169666275347467414 0.565431 0 450283 0.129155 21.5151 19.3636 0 01 0 0 -0 0 0 0 -0 0 0 0 -0 1.11079 1.67642 0 0 
0.0169669410814604106 0.992308 0 617303 0 24.8395 7.5523 0 59.74351 42.2158 17.4216 -38.5176 0 0 0 0 0 0 0 0 0.990766 0.990766 0 0 
0.0169915173250732958 0.417512 0 219251 24.7221 24.4962 7.24658 0 488.7681 327.509 133.183 337.482 0 0 0 0 0 0 0 0 0.420596 1.27224 0 0 
0.0170199424059544885 0.135795 0 452680 7.22544 18.6402 16.7758 0 01 0 -0 0 0 0 -0 0 0 0 -0 0 2.28882 4.57617 2281.85 8438.5 
0.0170566525161410486 0.226078 0 87460 0.195591 24.4054 7.15074 0 302.2981 289.213 54.8716 -68.7646 0 0 0 -0 0 0 0 -0 1.16049 1.8882 0 343.08 
0.0170581849158942776 0.138343 0 63470 0.0899424 24.4034 7.14868 0 220.391 -172.732 98.6046 94.9332 0 0 0 0 0 0 0 0 2.7272 4.84586 287.382 2139.83 
0.0171189623171878157 10.578 0 327342 24.5396 24.3192 7.06032 0 264.1651 259.956 43.0347 18.8083 0 0 0 0 0 0 0 0 0 0 0 0 
0.0171198096209596098 0.23459 0 699622 0.271529 26.9592 9.71009 0 295.5611 -42.401 51.7504 -287.889 0 -0 0 0 0 -0 0 0 0 0.236614 0 0 
0.017120710479852707 0.0798555 0 291484 24.5372 24.3169 7.05794 0 206.7011 -160.852 127.376 25.0478 0 -0 0 0 0 -0 0 0 3.11962 5.12243 1443.89 9183.64 
0.0171377119798975242 0.511289 0 353771 24.5135 24.294 7.0339 0 242.5221 -234.501 30.4427 -53.8458 0 -0 0 0 0 -0 0 0 1.52851 3.06161 0 0 
0.0171380276826549431 0.374548 0 649255 0.137685 24.9859 7.68299 0 326.1761 -238.591 198.084 101.132 0 -0 0 0 0 -0 0 0 0 2.27252 0 0 
0.0171454952254846485 0.33262 0 383924 24.5021 24.2829 7.02233 0 189.0471 0.574732 -153.564 110.257 0 0 0 0 0 0 0 0 0.338464 1.98509 0 171.866 
0.0171472566498740396 12.7749 0 273440 24.4999 24.2807 7.02003 0 396.1431 -223.863 166.49 -281.24 0 0 0 -0 0 0 0 -0 0 0 0 0 
0.0171705615257393938 0.970982 0 350672 24.4671 24.2489 6.98687 0 511.591 -450.744 190.54 149.162 0 0 0 0 0 0 0 0 0 0 0 0 
0.0171785436800893157 0.268878 0 497879 0.132409 24.5252 5.96033 0 196.7651 -192.24 37.9023 -17.983 0 0 0 0 0 0 0 0 0.257263 1.32357 0 0 
0.0171920048622254719 0.109454 1 421185 0 35.0991 31.5892 0 0 1 -0.353435 0.256271 -0.493717 0 -0 0 0 0 -0 0 0 2.0962 5.30876 1222.1 4697.12 
0.0172407261873914891 0.314589 0 73656 0.626639 24.4358 6.97687 0 211.0311 170.38 104.15 -68.2462 0 0 0 -0 0 0 0 -0 0.648714 2.56439 0 0 
0.0172419980905217408 0.45542 0 264646 0.210539 24.1516 6.8856 0 86.7411 -28.1492 79.8529 18.845 0 0 0 0 0 0 0 0 1.38605 2.30926 45.2495 113.034 
0.0172468982972377206 0.624944 0 438611 0.0998251 24.4329 5.93077 0 190.4011 -167.08 -84.6692 34.1763 0 -0 0 0 0 -0 0 0 0.619801 3.07831 0 32.2028 
0.0172493104340618493 0.210463 0 421546 0 16.5067 14.8369 0 01 0 0 0 0 0 0 0 0 0 0 0 1.42076 3.15084 0 226.954 
0.0172633655292797721 0.156588 0 144498 24.3374 24.123 6.85598 0 349.0431 -331.463 20.526 107.436 0 0 0 0 0 0 0 0 1.02791 3.72137 1343.78 2254.98 
0.0172938010826346016 0.249832 0 565007 0.0860128 25.3021 7.95412 0 119.7831 -20.2174 79.352 87.4207 0 0 0 0 0 0 0 0 0.7041 2.66771 0 0 
0.0173030292287705417 0.295765 0 448229 0.450703 26.0638 6.56083 0 218.4461 -110.589 33.506 -185.381 0 0 0 -0 0 0 0 -0 0.296658 1.18932 0 0 
0.0173080773046191544 0.190247 0 474709 0.648205 15.6144 14.0274 0 01 0 0 -0 0 0 0 -0 0 0 0 -0 2.54686 5.60917 1068.33 1377.52 
0.0173672883335228151 0.391858 0 422715 0.0816838 24.3965 7.07422 0 285.5611 170.483 -41.7148 -225.257 0 0 0 -0 0 0 0 -0 0 1.12418 0 0 
0.0173822805105842484 0.160131 1 509578 0 16.8433 15.1425 0 0 1 0.275795 -0.138452 0.227704 0 0 0 0 0 0 0 0 0.750803 2.64272 0 24.0906 
0.0174006942835619738 0.852394 0 232722 0.118193 23.9402 6.66763 0 190.8321 -151.299 -115.616 12.5941 0 0 0 0 0 0 0 0 0 0 0 0 
0.0174214800187067302 1.88159 0 361214 24.1206 23.9127 6.63938 0 666.4571 618.777 -121.084 215.912 0 0 -0 0 0 0 -0 0 0 0 0 0 
0.017426512489420707 0.33196 0 585677 0.225319 24.2852 7.03255 0 184.5751 162.358 -87.457 -7.68282 0 0 0 -0 0 0 0 -0 0.642552 1.30646 127.983 184.477 
0.0174674659154598517 0.447796 0 751373 0 24.2744 6.95483 0 210.2741 -65.7235 167.164 -109.324 0 0 0 0 0 0 0 0 0 0 0 0 
0.0174751373349628682 0.317986 0 425258 0.259315 24.8197 7.40633 0 219.4181 212.988 -38.9209 35.5735 0 0 0 0 0 0 0 0 0.647671 1.64552 0 0 
0.0175180256948993356 0.277989 0 371033 23.9911 23.7869 6.51123 0 172.1681 171.523 14.663 -2.60414 0 0 0 0 0 0 0 0 0.549525 2.9675 0 0 
0.0176172451978168845 0.210667 0 215725 0.142919 23.6592 6.3821 0 137.7361 -102.466 -27.7294 87.7669 0 0 0 0 0 0 0 0 4.16905 7.80505 863.786 1143.89 
0.0176478914803021442 0.113124 1 98258 0 9.18521 8.26669 0 0 1 -13.1611 -11.4555 -7.4365 0 -0 0 0 0 -0 0 0 2.24274 4.43874 3641.34 7968.59 
0.0176517049750784111 1.78958 0 272148 23.8146 23.6154 6.33811 0 438.4611 437.99 4.26407 -19.8492 0 0 0 -0 0 0 0 -0 0 0 0 0 
0.0176738197011198257 0.163972 1 493120 0 24.9422 22.448 0 0 1 -0.103481 -0.256847 -1.01562 0 0 -0 0 0 0 -0 0 3.63491 7.48363 414.734 3220.28 
0.0177188705996044818 0.328216 0 667762 0 24.1829 7.18718 0 182.8141 -180.75 3.91355 27.1187 0 -0 0 0 0 -0 0 0 0.317231 3.61523 0 0 
0.0177226512717788658 0.00908102 0 426025 0 14.033 11.7455 0 21.14991 19.0753 -3.55651 8.41435 0 0 0 0 0 0 0 0 2.06423 4.29246 529.453 5271.5 
0.0177522725259838116 0.184394 0 109592 23.684 23.4885 6.21129 0 262.121 -175.851 -161.342 -108.408 0 0 0 -0 0 0 0 -0 1.33855 3.40546 2502.13 3616.67 
0.0177949276339201129 0.240775 0 284557 23.6294 23.4354 6.15855 0 273.5741 273.259 4.4759 -12.3323 0 0 0 0 0 0 0 0 0.71983 3.1512 628.359 777.978 
0.0178041233210331426 0.178304 0 362626 23.6173 23.4238 6.14696 0 190.9051 95.8974 -87.9212 139.707 0 0 -0 0 0 0 -0 0 2.30812 6.04324 1223.5 2145.45 
0.0178255099154960642 1.40838 0 327371 23.59 23.3972 6.12067 0 444.1581 155.629 211.409 358.277 0 0 0 0 0 0 0 0 0 0 0 0 
0.0178305010751781991 0.200481 1 449596 0 27.0096 24.3086 0 0 2 0.00375491 -0.002921 -0.012131 0 0 0 0 0 0 0 0 2.04386 6.28368 0 895.131 
0.0178540796351727496 0.146804 0 212127 23.5537 23.3619 6.08577 0 327.1291 -179.347 201.557 -184.995 0 0 0 0 0 0 0 0 2.41326 5.34758 253.651 1460.92 
0.0178838338358003959 0.470347 0 461960 0.235392 23.7495 6.39121 0 353.0151 301.691 -155.994 96.271 0 0 0 0 0 0 0 0 0.938082 3.77712 0 0 
0.0178967641766633254 0.187314 1 463831 0 36.372 32.7348 0 0 2 0.0156037 -0.0530768 -0.0360575 0 0 -0 0 0 0 -0 0 1.47974 4.14535 890.827 918.328 
0.0179053781338884485 1.07758 0 5708 0.182591 23.3222 6.04671 0 332.6191 22.2393 -117.459 -310.394 0 0 -0 0 0 0 -0 0 0 0 0 0 
0.0179116551696427845 1.23162 0 68259 0.138226 14.6669 13.1459 0 0.8512951 -0.842653 0.113771 0.0411805 0 -0 0 0 0 -0 0 0 0 0 0 0 
0.0179525349900458778 0.203241 0 251151 0.242364 23.2415 5.96754 0 104.4131 92.8687 -46.0168 12.6426 0 0 0 0 0 0 0 0 3.13895 4.16863 46.0917 1307.62 
0.0179593604510043803 0.113003 1 437202 0 21.7337 19.5604 0 0 1 0.00847329 -0.331793 0.249605 0 0 0 0 0 0 0 0 3.58184 7.06643 4978.43 11997.3 
0.0179679473819650479 0.280663 0 497061 0.178553 23.5449 6.26649 0 453.981 -326.349 135.199 285.159 0 0 0 0 0 0 0 0 0.812131 4.61774 0 0 
0.0179745389308116101 0.286457 0 74516 0.103437 23.2148 5.94149 0 353.3861 -208.539 -249.512 138.338 0 -0 0 0 0 -0 0 0 1.10473 1.64679 0 1155.3 
0.0179976250851374177 0.0935036 0 466348 0.459191 24.6476 7.46878 0 142.5251 141.891 10.1964 8.74321 0 0 0 0 0 0 0 0 3.70871 6.81728 2558.57 11171.3 
0.0180938302576164056 0.0383766 0 440900 0.307273 14.9991 13.4698 0 01 -0 0 0 0 -0 0 0 0 -0 0 0 3.4979 6.89725 2105.06 9160.15 
0.0181812725899095327 0.050107 0 796360 0.202701 23.6658 6.24405 0 138.6151 -137.229 -17.6174 -8.48538 0 0 -0 0 0 0 -0 0 1.65982 4.13111 1740.67 6609.3 
0.0181924856107642911 0.423074 1 594832 0 9.05042 8.14538 0 0 2 -7.09123 -15.2509 -4.51279 0 0 0 -0 0 0 0 -0 0 0 0 0 
0.0182115733554189078 0.628769 0 499246 0.147542 23.2757 5.99169 0 110.8151 46.2929 -85.0742 -53.8457 0 0 0 0 0 0 0 0 1.25263 2.51953 14.7446 14.7446 
0.0182138981452482328 0.291668 0 317111 23.1091 22.9295 5.66602 0 268.9591 175.287 -180.043 -95.9051 0 0 0 -0 0 0 0 -0 0.835694 4.41538 0 0 
0.0183146596801404514 0.832652 0 31525 0.141115 22.8118 5.55422 0 266.2361 -233.81 -93.3855 86.5678 0 0 0 0 0 0 0 0 0 0 0 0 
0.0183274067382231468 0.16629 0 286091 0.115066 21.2732 19.1458 0 01 0 0 -0 0 0 0 -0 0 0 0 -0 1.06141 3.80498 889.421 1123.37 
0.0183403086758692976 0.312011 0 480346 0.262784 23.5038 6.22449 0 328.5481 244.798 50.9296 -213.129 0 0 0 0 0 0 0 0 0.607985 1.21882 0 69.9737 
0.0183710919864993501 0.216073 1 535045 0 18.6403 16.7759 0 0 2 -0.0771765 0.322124 -0.120895 0 0 0 0 0 0 0 0 1.24444 2.88235 0 231.604 
0.0184115221917987362 0.41886 0 175854 0.131336 22.7005 17.1947 0 01 0 0 -0 0 0 0 -0 0 0 0 -0 0 3.32903 0 0 
0.0184212847932861343 0.30617 0 498975 0.109088 23.04 5.76247 0 309.9691 -176.829 242.521 77.4339 0 0 0 0 0 0 0 0 1.22317 1.82387 0 214.971 
0.0184236615927928782 0.0583646 0 491850 0.274109 14.9428 13.4188 0 01 0 0 -0 0 0 0 -0 0 0 0 -0 3.73047 5.70698 5979.07 11555.2 
0.0184359313194886916 0.160092 0 106367 0.0897458 22.6728 17.1848 0 01 0 0 0 0 0 0 0 0 0 0 0 0.778004 2.74573 0 188.397 
0.0184843000050899063 0.160738 0 153408 0.168474 22.618 17.1656 0 01 0 0 0 0 0 0 0 0 0 0 0 1.44862 3.84331 1174.3 1903.01 
0.0185049513461598078 0.431462 0 475710 0.10248 16.1395 14.5037 0 01 0 0 0 0 0 0 0 0 0 0 0 0.44249 2.64284 0 0 
0.018577936065883028 0.340207 0 480356 0.233725 22.9074 5.64192 0 297.4941 112.224 211.554 176.502 0 0 0 0 0 0 0 0 1.64892 4.98848 0 72.8081 
0.0186081282684261509 1.34763 0 360550 22.6465 22.4791 17.1156 0 01 0 0 0 0 0 0 0 0 0 0 0 0 1.39304 0 0 
0.01862058685781166 1.47046 0 277375 22.6323 22.4653 17.1105 0 01 0 0 0 0 0 0 0 0 0 0 0 0 1.50258 0 0 
0.0186233762839615145 0.364509 0 438590 0.341362 22.8537 20.5683 0 01 0 0 -0 0 0 0 -0 0 0 0 -0 1.0617 1.78487 0 19.5596 
0.0186534829667918262 0.17261 0 224545 0.127576 22.4291 17.0972 0 01 0 0 0 0 0 0 0 0 0 0 0 1.71711 3.82869 1242.47 2300.76 
0.0186941193830450526 0.412875 0 500528 0.487173 24.0781 6.63295 0 486.0531 175.521 385.436 238.494 0 0 0 0 0 0 0 0 0 2.90359 0 0 
0.0187009563893962699 7.63916 0 379599 22.5413 22.3766 17.0779 0 01 0 0 0 0 0 0 0 0 0 0 0 0 0 0 0 
0.0187252261445671093 0.24102 0 494064 0.187157 23.0723 5.79814 0 491.1331 458.348 -147.732 96.4552 0 0 0 0 0 0 0 0 0.466094 1.19923 184.18 395.4 
0.018786925999587395 0.271488 1 443640 0 15.009 13.4787 0 0 2 -0.0170284 -0.248208 0.615616 0 -0 0 0 0 -0 0 0 0.272478 0.54088 0 0 
0.0187872563896836764 0.408508 0 757060 0.101521 22.6277 16.7219 0 01 -0 0 0 0 -0 0 0 0 -0 0 0 0.417937 1.26037 0 179.192 
0.0187914114162202987 0.0250935 1 426064 0 37.3823 138.382 0 0 2 -0.00688012 0.0171365 -0.00960915 0 0 0 -0 0 0 0 -0 2.54023 5.3706 1274.83 8443.96 
0.0188214792126069445 1.81978 0 45426 22.4067 22.2455 17.0286 0 01 0 -0 0 0 0 -0 0 0 0 -0 0 0 0 0 0 
0.0188506483828129803 0.250171 0 605019 0.16049 22.8979 5.6271 0 153.8921 54.9003 -90.2134 111.938 0 0 0 0 0 0 0 0 0.238333 0.964758 0 0 
0.0188956555932212229 0.377415 0 433000 0.175955 22.6447 15.6973 0 01 0 0 0 0 0 0 0 0 0 0 0 0.379867 0.747363 0 0 
0.0188985271099087609 0.0468549 1 471335 0 29.6475 26.6827 0 0 1 0.680541 -0.767737 0.0884277 0 0 0 0 0 0 0 0 3.34732 5.61777 3967.48 9893.52 
0.0190155914981392123 0.217421 1 484584 0 22.0382 17.0616 0 0 1 -0.00956788 -0.0035554 -0.0279676 0 0 0 -0 0 0 0 -0 1.58211 3.70707 1075.54 1094.12 
0.0190337206285317931 0.403187 0 424518 0.159844 14.0778 11.8398 0 32.58351 -32.4905 1.00219 2.24569 0 0 0 0 0 0 0 0 0.808266 3.59622 13.3497 70.0223 
0.0190417718525484926 0.379963 0 161955 0.102106 22.0112 16.9378 0 01 0 0 0 0 0 0 0 0 0 0 0 0 2.21499 0 0 
0.0190485106373340166 1.0051 0 342879 22.1586 22.0036 16.9347 0 01 -0 0 0 0 -0 0 0 0 -0 0 0 0 0 0 0 
0.0190571680223419436 0.153611 0 1919 22.1494 21.9946 16.9312 0 01 0 0 0 0 0 0 0 0 0 0 0 1.23859 2.65984 895.388 895.388 
0.0190921350105052699 0.234206 0 626841 0.410272 15.0244 13.4927 0 01 -0 0 0 0 -0 0 0 0 -0 0 0 2.79513 6.74033 0 454.263 
0.0190967140012731525 0.321861 1 425087 0 8.76914 7.89223 0 0 2 2.71556 18.2691 4.27516 0 0 0 0 0 0 0 0 0.945405 4.13889 0 445.559 
0.0191147542565893828 0.921194 0 189779 22.0877 21.9344 16.9072 0 01 0 -0 0 0 0 -0 0 0 0 -0 0 1.84337 2.78094 0 0 
0.0191534263227838356 0.486097 0 482471 0.137495 14.9433 13.4193 0 01 0 0 0 0 0 0 0 0 0 0 0 0 0.489209 0 0 
0.0191796454149726174 0.276541 0 573745 0.0888629 22.0128 16.767 0 01 0 0 0 0 0 0 0 0 0 0 0 0.57252 4.56964 0 0 
0.0192539059855674939 0.160962 0 143717 0.212171 22.0175 16.4993 0 01 0 0 0 0 0 0 0 0 0 0 0 1.36985 3.08031 1754.5 1754.5 
0.019270231741492401 0.658437 0 659750 0.117206 22.4539 16.5537 0 01 0 0 0 0 0 0 0 0 0 0 0 0 1.3319 0 0 
0.0192723772350633163 0.107869 0 437737 0.102583 32.8069 29.5262 0 01 0 0 0 0 0 0 0 0 0 0 0 1.43598 2.99472 1891.98 2922.33 
0.0193073649523720463 1.18709 0 291729 21.885 21.7368 16.827 0 01 -0 0 0 0 -0 0 0 0 -0 0 0 0 2.34423 0 0 
0.0193215521835200486 0.316242 0 150319 21.8709 21.723 16.8214 0 01 -0 0 0 0 -0 0 0 0 -0 0 0 1.89364 3.76441 329.469 386.14 
0.0193298365084389918 0.104381 1 425755 0 36.3979 32.7581 0 0 1 0.058724 0.485777 -0.236117 0 0 0 0 0 0 0 0 2.31114 5.47606 4707.85 7866.08 
0.0193461726888909356 0.201539 0 315344 21.8446 21.6973 16.8108 0 01 0 0 0 0 0 0 0 0 0 0 0 2.36342 5.20061 654.085 862.631 
0.0193783638233156995 0.489599 0 24795 0.122812 21.6649 16.7973 0 01 0 0 0 0 0 0 0 0 0 0 0 0.971308 2.38571 0 97.3174 
0.0193952259884889767 0.241673 1 435691 0 25.8814 23.2932 0 0 1 0.568905 0.316588 0.283016 0 0 0 0 0 0 0 0 0.743188 2.0151 0 279.139 
0.0194085602737325592 0.498358 0 5802 0.116619 21.6347 16.7846 0 01 0 0 0 0 0 0 0 0 0 0 0 1.00819 1.52551 0 0 
0.0194195460506947568 0.167275 0 211548 0 21.6238 16.7801 0 01 0 0 0 0 0 0 0 0 0 0 0 2.06799 6.11124 0 2007.14 
0.0194280974980969925 0.312012 0 274970 0.141699 21.6151 16.7764 0 01 0 -0 0 0 0 -0 0 0 0 -0 0 0.649961 2.54957 0 43.6042 
0.0194312608740010509 1.43089 0 147298 21.7574 21.6122 16.7752 0 01 0 0 0 0 0 0 0 0 0 0 0 0 0 0 0 
0.0194728081515562028 0.191215 0 62404 0.180346 21.5709 16.7578 0 01 0 0 0 0 0 0 0 0 0 0 0 2.20245 7.3541 91.9401 1784.22 
0.0194739128619907248 0.643571 0 57626 0.0887105 21.5696 16.7573 0 01 0 0 0 0 0 0 0 0 0 0 0 0 0.627 0 0 
0.0194886582886940191 0.702742 0 376119 0.0982563 21.5548 16.751 0 01 -0 0 0 0 -0 0 0 0 -0 0 0 0 0 0 0 
0.0194888765483408541 0.328233 0 359198 21.6985 21.5548 16.751 0 01 0 -0 0 0 0 -0 0 0 0 -0 0 0 1.35512 0 0 
0.0194995456258532131 0.431825 0 438397 0.423172 21.898 16.5871 0 01 0 0 -0 0 0 0 -0 0 0 0 -0 1.28817 4.68133 299.529 299.529 
0.0195260289846187103 0.227632 0 612708 0.125737 22.1602 15.283 0 01 0 0 0 0 0 0 0 0 0 0 0 1.92685 4.02375 0 652.369 
0.0195325521129342781 0.640799 0 592139 0.143952 21.8031 16.5758 0 01 0 0 0 0 0 0 0 0 0 0 0 0 1.27326 0 0 
0.019578773811925361 0.623042 0 390634 21.6079 21.4662 16.7134 0 01 0 0 0 0 0 0 0 0 0 0 0 0 3.07205 0 0 
0.0196348526191766452 0.135251 0 516976 0.221833 21.5744 17.4798 0 01 0 -0 0 0 0 -0 0 0 0 -0 0 3.15127 5.89106 6524.67 11979.8 
0.0196466809469855834 0.467853 0 354927 21.5397 21.3997 16.6848 0 01 0 -0 0 0 0 -0 0 0 0 -0 0 1.34846 3.15971 0 0 
0.019662704577528077 0.409406 0 483111 0.0986042 21.7073 16.4329 0 01 0 0 0 0 0 0 0 0 0 0 0 1.22625 2.44593 0 47.4438 
0.0196758750497761994 0.185109 0 388351 21.5107 21.3713 16.6726 0 01 0 0 0 0 0 0 0 0 0 0 0 2.42986 4.9816 1.60648 662.918 
0.0196771372676006681 0.121319 0 447993 0.658511 14.3814 12.4977 0 8.54481 -7.06563 -0.613235 4.76597 0 -0 0 0 0 -0 0 0 3.25755 6.15575 3637.25 8409.79 
0.0196790972132539037 1.4384 0 34929 0.128187 21.3684 16.6712 0 01 0 0 0 0 0 0 0 0 0 0 0 0 1.4228 0 0 
0.0196836677687664448 0.41232 1 488583 0 14.2381 12.1831 0 0 2 24.6716 -12.8865 -4.56128 0 0 0 -0 0 0 0 -0 0.806817 3.57297 0 0 
0.0196993990494671693 11.2341 0 395282 21.4874 21.3486 16.6627 0 01 0 0 0 0 0 0 0 0 0 0 0 0 0 0 0 
0.01970075851221436 0.122836 0 224730 0.165728 21.3475 16.6622 0 01 0 0 0 0 0 0 0 0 0 0 0 2.77061 6.87871 1975.5 4751.73 
0.0197192879515879077 1.17127 0 555707 0.0934741 21.7113 16.5895 0 01 -0 0 0 0 -0 0 0 0 -0 0 0 0 1.16496 0 0 
0.0197402271276458582 9.6416 0 206654 21.4472 21.3093 16.6457 0 01 0 0 0 0 0 0 0 0 0 0 0 0 0 0 0 
0.0197624848344814218 0.185573 0 570526 0.103272 21.6435 17.0677 0 01 0 0 0 0 0 0 0 0 0 0 0 2.46647 6.47055 470.742 676.112 
0.0197700951345659813 0.116363 0 139643 21.4183 21.2811 16.6331 0 01 0 0 -0 0 0 0 -0 0 0 0 -0 2.4698 6.37771 2369.34 6554.39 
0.0197840544306309915 1.44029 0 219189 21.4042 21.2674 16.6271 0 01 0 0 -0 0 0 0 -0 0 0 0 -0 0 0 0 0 
0.0198123627380116345 0.899416 0 296508 21.3769 21.2407 16.6153 0 01 0 0 0 0 0 0 0 0 0 0 0 0 0 0 0 
0.0198528312721574854 0.973953 0 348244 21.3372 21.2019 16.5982 0 01 -0 0 0 0 -0 0 0 0 -0 0 0 0 0 0 0 
0.0198688167307351921 0.469568 0 468903 0.290399 13.9433 11.5586 0 8.337061 -8.33447 -0.139894 -0.153912 0 0 0 -0 0 0 0 -0 0.48316 1.45676 0 0 
0.0198900160279817662 0.756202 0 125439 21.3014 21.1669 16.5827 0 01 0 -0 0 0 0 -0 0 0 0 -0 0 0 0 0 0 
0.0199437587230035275 0.267875 0 2133 0.223918 21.1161 16.5598 0 01 0 0 -0 0 0 0 -0 0 0 0 -0 0.71994 1.73698 0 0 
0.019943899712609011 0.0971205 0 74810 0.213864 21.3979 7.46506 0 01 0 -0 0 0 0 -0 0 0 0 -0 0 1.3746 3.48331 4.13744 2384.04 
0.0199645540588590242 0.150502 0 439744 0.0965596 22.3599 16.2188 0 01 -0 0 0 0 -0 0 0 0 -0 0 0 2.20282 5.02136 44.711 2471.6 
0.0199703416222148829 0.787412 0 74169 0.209751 21.0914 16.5488 0 01 0 0 0 0 0 0 0 0 0 0 0 0 0 0 0 
0.0200670323948013186 0.262519 0 161127 0.276687 21.2489 15.9202 0 01 0 0 0 0 0 0 0 0 0 0 0 1.00558 2.57804 0 246.732 
0.0201153626480161142 0.35657 0 502315 0.112601 27.2841 24.5557 0 01 0 0 0 0 0 0 0 0 0 0 0 0.71737 4.25501 0 0 
0.0201924920987165586 0.169245 0 420772 0.613482 21.5146 16.1965 0 01 0 0 0 0 0 0 0 0 0 0 0 1.36922 3.57846 0 88.9335 
0.020213782576906144 0.181641 0 555758 0.384384 21.1404 15.8359 0 01 0 -0 0 0 0 -0 0 0 0 -0 0 2.24541 4.51297 252.397 2787.8 
0.0202197487545397216 0.0650436 0 464397 0.450209 21.1648 16.2422 0 01 0 0 0 0 0 0 0 0 0 0 0 3.79514 6.87721 2376.4 8352.12 
0.0202320192559615093 0.342026 0 239312 20.9777 20.8506 16.4386 0 01 0 0 -0 0 0 0 -0 0 0 0 -0 0.691856 3.14298 0 0 
0.0202465939295962197 0.290915 0 433778 0.133344 21.1788 16.2229 0 01 0 0 0 0 0 0 0 0 0 0 0 1.46027 3.76205 164.119 664.873 
0.0202496476604474389 0.165224 0 456799 2.22487 15.7151 14.1188 0 01 0 0 -0 0 0 0 -0 0 0 0 -0 1.28226 4.42637 112.921 424.245 
0.0202656834697058572 0.202054 0 611849 0.260812 21.4872 18.3774 0 01 0 0 0 0 0 0 0 0 0 0 0 2.78448 8.82134 0 435.878 
0.0202710457254078741 1.38754 0 288966 20.9424 20.8161 16.4227 0 01 0 0 -0 0 0 0 -0 0 0 0 -0 1.39711 1.39711 0 0 
0.0202745032437903414 0.286913 0 207109 0.210936 20.8123 16.4211 0 01 0 0 -0 0 0 0 -0 0 0 0 -0 0.861853 2.57816 0 97.5172 
0.0202749074934768861 0.262592 1 470636 0 36.199 32.5791 0 0 1 0.236581 0.539896 -0.689046 0 0 0 0 0 0 0 0 0.271937 2.34241 0 128.394 
0.0202848476665035519 0.244521 0 164300 0.18945 20.8031 16.4167 0 01 0 0 0 0 0 0 0 0 0 0 0 2.30539 6.14005 0 0 
0.0203002900265749457 0.21756 0 199578 0.105167 20.789 16.4101 0 01 0 0 0 0 0 0 0 0 0 0 0 1.6113 5.57808 0 289.996 
0.0203059771217203484 0.899821 1 499198 0 13.1426 10.0162 0 0 1 -37.1394 -5.28428 42.1429 0 0 -0 0 0 0 -0 0 0 1.78853 0 0 
0.0203155054744884704 2.0143 0 281742 20.901 20.7756 16.4038 0 01 0 -0 0 0 0 -0 0 0 0 -0 0 2.02825 2.02825 0 0 
0.0203347411006158142 0.971377 0 306998 20.8835 20.7584 16.3957 0 01 -0 0 0 0 -0 0 0 0 -0 0 0 0 0 0 0 
0.0204508347606592519 0.364151 0 256319 0.0886081 20.655 16.3474 0 01 0 0 0 0 0 0 0 0 0 0 0 2.47519 3.84342 0 238.868 
0.0204526341529492998 0.799736 0 346161 20.7763 20.6536 16.3467 0 01 0 0 0 0 0 0 0 0 0 0 0 0 0 0 0 
0.0206095415258331256 0.153117 0 52009 0.522962 20.5162 16.2819 0 01 0 0 0 0 0 0 0 0 0 0 0 1.95426 5.04466 186.886 259.199 
0.0206150549904391307 2.52958 0 382843 20.6307 20.5112 16.2796 0 01 0 0 0 0 0 0 0 0 0 0 0 0 0 0 0 
0.0206214049064020362 0.115145 0 484949 0.276687 21.103 15.1693 0 01 0 0 0 0 0 0 0 0 0 0 0 3.00106 6.33999 4758.35 11201.8 
0.0206280633005598013 0.539742 0 297516 20.6196 20.5003 16.2744 0 01 0 0 0 0 0 0 0 0 0 0 0 0.556186 2.73977 0 0 
0.0206789705618495717 0.960613 0 163707 20.5744 20.4561 16.253 0 01 0 0 0 0 0 0 0 0 0 0 0 0 0 0 0 
0.0206871024251896567 0.360433 0 498493 0.195586 20.7545 16.0409 0 01 0 0 -0 0 0 0 -0 0 0 0 -0 0.354005 3.84956 62.3355 62.3355 
0.0207023279632922788 0.980761 0 98571 0.167883 20.4361 16.2434 0 01 0 0 0 0 0 0 0 0 0 0 0 0 0 0 0 
0.0207466303816117685 0.999209 0 420567 0.145868 20.7041 18.251 0 01 -0 0 0 0 -0 0 0 0 -0 0 0 0 0.973696 0 0 
0.0207507029806879642 0.937369 0 23718 20.5115 20.3945 16.2234 0 01 0 -0 0 0 0 -0 0 0 0 -0 0 0 0 0 0 
0.0207614093690370906 0.161566 0 327355 20.5024 20.3857 16.2192 0 01 0 -0 0 0 0 -0 0 0 0 -0 0 1.99516 5.67818 257.216 898.454 
0.0207988362695927971 0.152738 1 541016 0 21.5599 19.4039 0 0 1 -0.196038 0.0793528 0.640295 0 0 0 0 0 0 0 0 1.79203 3.4354 233.729 612.243 
0.0208615777616318193 3.19102 0 143635 0.240586 20.3004 16.1779 0 01 0 0 0 0 0 0 0 0 0 0 0 0 0 0 0 
0.0208872307199680328 2.66749 0 263425 20.3934 20.2789 16.1673 0 01 0 0 0 0 0 0 0 0 0 0 0 0 0 0 0 
0.020896297494809684 0.845897 0 334827 20.3856 20.2713 16.1636 0 01 0 -0 0 0 0 -0 0 0 0 -0 0 0 1.70371 0 0 
0.0209053320566680578 1.67519 0 609961 0.231031 20.6434 15.8972 0 01 0 0 0 0 0 0 0 0 0 0 0 0 0 0 0 
0.0209110211728352306 0.20496 1 450052 0 11.4944 7.54742 0 0 1 -101.956 91.7805 6.46452 0 -0 0 0 0 -0 0 0 1.98463 3.97154 178.145 178.145 
0.0209274191250649819 0.347037 0 502874 0 20.535 16.0477 0 01 0 0 0 0 0 0 0 0 0 0 0 0.347066 1.40083 0 0 
0.0209305677634763522 0.136552 0 151331 0.1438 20.2426 16.1662 0 01 0 0 0 0 0 0 0 0 0 0 0 3.24388 6.48501 2544.57 8211.68 
0.0210399907482181521 0.362214 0 427853 0.106558 29.6187 11.6982 0 107.4611 36.9924 -72.2191 -70.454 0 0 0 0 0 0 0 0 0 0.369384 0 0 
0.0210416095109926711 0.108832 1 218120 0 27.3126 24.5813 0 0 2 0.00619977 -0.0126246 -0.0215841 0 0 0 -0 0 0 0 -0 3.66003 6.96073 4510.26 10780.3 
0.021066480914739779 0.162829 0 494996 0.456179 13.8659 11.3998 0 48.37071 31.207 -27.5081 24.6811 0 0 0 0 0 0 0 0 2.31972 3.60049 0 401.99 
0.0210683103186785591 0.877758 0 449294 0.328419 20.4129 7.0734 0 01 0 0 0 0 0 0 0 0 0 0 0 0 1.74113 0 0 
0.0211187780156093449 0.191853 0 44830 2.06977 20.3654 15.0863 0 01 -0 0 0 0 -0 0 0 0 -0 0 0 1.7733 5.20834 1340.21 1518.55 
0.0211238554538360143 0.339408 1 481732 0 20.627 18.5643 0 0 1 -0.298651 0.207237 0.132137 0 -0 0 0 0 -0 0 0 1.63521 4.22352 0 159.916 
0.0211963667310895131 0.296943 0 633633 0.117902 32.1394 11.0431 0 34.72751 11.5244 9.79242 -31.2617 0 0 0 -0 0 0 0 -0 1.18367 2.64557 0 0 
0.0213239524415806229 0.30516 0 551529 0.265508 20.2874 15.7983 0 01 0 0 0 0 0 0 0 0 0 0 0 0.569953 2.33761 0 0 
0.021551701121785706 0.376705 0 544800 1.0612 20.2363 15.6981 0 01 0 0 0 0 0 0 0 0 0 0 0 1.13413 4.18959 0 0 
0.0217451520548316672 0.142034 1 437470 0 17.7369 15.9543 0 0 1 0.327934 0.27273 -0.331628 0 0 0 -0 0 0 0 -0 2.4709 5.33947 2782.13 4865.12 
0.0217830456715266234 0.283699 0 421612 0.304112 20.2191 12.9352 0 01 0 0 0 0 0 0 0 0 0 0 0 2.36891 5.62535 0 131.696 
0.0218944244263065205 0.123413 0 169885 0.380262 11.8484 7.99766 0 203.0131 -175.772 -35.5072 -95.1714 0 -0 0 0 0 -0 0 0 2.82779 6.57757 3505.3 10028.9 
0.02220329724782363 0.0979528 1 459950 0 30.2449 27.2204 0 0 1 0.0880624 0.478317 0.00387255 0 0 0 0 0 0 0 0 3.61719 6.37519 3098.24 5486.59 
0.0222433962013867115 0.0919524 1 427294 0 30.2645 27.2381 0 0 1 -0.00698349 0.510412 0.373217 0 0 0 0 0 0 0 0 3.20782 6.68074 2645.52 7174.48 
0.0223446363132664277 0.0640389 1 437723 0 36.1834 32.5651 0 0 1 -0.541213 -0.0503732 -0.617715 0 -0 0 0 0 -0 0 0 2.86661 6.08831 581.605 5393.95 
0.0227087543264101743 0.345051 0 591934 0.72388 16.3119 14.6602 0 01 0 0 0 0 0 0 0 0 0 0 0 2.35155 5.73685 0 115.149 
0.0230172921140728362 0.065305 0 496590 0.415225 25.7504 8.38184 0 146.4331 17.1505 141.879 31.9171 0 0 0 0 0 0 0 0 2.96657 7.03894 3703.49 9687.93 
0.0231508177763035811 0.456819 0 483503 0.0990384 30.3588 12.8022 0 95.33481 60.7845 -56.7427 46.6286 0 0 -0 0 0 0 -0 0 0 1.35148 0 0 
0.0232343396650340379 0.334388 0 457144 0.080786 19.9715 17.9743 0 01 0 -0 0 0 0 -0 0 0 0 -0 0 1.01021 3.71756 0 253.786 
0.023439382477357204 0.364252 0 467580 0.479952 14.6193 13.0359 0 2.153771 -2.13929 -0.175131 0.177464 0 0 0 0 0 0 0 0 0.740312 2.24089 0 0 
0.0235275795203178026 0.136447 1 482880 0 13.6421 10.952 0 0 2 -9.76465 -13.3807 24.014 0 0 -0 0 0 0 -0 0 3.10775 7.01869 1838.85 4601.86 
0.0240537847305894899 0.127616 1 223097 0 88.3626 79.5263 0 0 2 -0.012006 -0.00476013 0.0239591 0 0 0 0 0 0 0 0 2.96528 4.98961 769.569 6040.25 
0.0240611171808892202 0.0390835 0 520717 0.131725 14.7808 13.272 0 01 0 0 0 0 0 0 0 0 0 0 0 3.69987 7.48988 3011.95 8796.82 
0.024185447521221929 0.149579 1 432994 0 26.5802 23.9222 0 0 1 -0.118629 0.0882605 0.624852 0 0 0 0 0 0 0 0 3.93276 9.34567 4598.57 7319.54 
0.0242048446526153781 0.115392 1 438196 0 35.6972 32.1275 0 0 2 -0.00798493 0.0483532 -0.0410555 0 -0 0 0 0 -0 0 0 3.16966 7.82389 1213.91 4653.82 
0.0243844646064680613 0.21371 0 446778 0.235038 31.4584 10.3069 0 47.10971 -44.5069 4.97507 14.6188 0 0 0 0 0 0 0 0 1.11001 6.25266 571.419 571.419 
0.0244520650432292 0.231821 1 439002 0 22.3573 20.1215 0 0 1 0.565551 -0.142603 -0.317315 0 0 -0 0 0 0 -0 0 1.21838 3.61795 0 0 
0.0247561513096904856 0.306608 0 457829 0.245903 15.1767 13.6308 0 01 0 0 0 0 0 0 0 0 0 0 0 0.319783 2.58472 0 0 
0.0248638108901852485 0.396332 0 102229 0.803768 15.5846 14.0005 0 01 -0 0 0 0 -0 0 0 0 -0 0 0 2.71826 9.26376 0 280.241 
0.0254131113245389464 0.191203 0 494618 0.131406 14.5831 12.9528 0 2.671521 2.65209 -0.0705054 0.313802 0 0 0 0 0 0 0 0 3.31518 10.7885 0 394.487 
0.025493918123939089 0.1625 0 468771 0.148398 35.1993 13.2615 0 01 0 0 -0 0 0 0 -0 0 0 0 -0 2.13377 8.23657 248.193 1483.94 
0.0257269605843189371 0.227937 0 461667 0.128469 28.7611 13.4106 0 117.5661 -92.8539 -32.8909 64.1732 0 0 0 0 0 0 0 0 1.9684 4.36135 0 273.646 
0.0261068772571707505 0.129621 0 601715 0.916822 29.9731 12.0748 0 107.0121 65.8798 -75.3292 -37.9057 0 0 0 0 0 0 0 0 2.51098 6.20519 1860.7 2595.41 
0.0262589193039067387 0.241827 0 496277 0.155005 15.1994 13.6513 0 01 0 0 0 0 0 0 0 0 0 0 0 0.766978 3.44817 0 231.355 
0.0262724431211413603 0.287467 0 452489 0.188183 24.6636 8.8389 0 323.5871 -15.807 316.545 -65.2563 0 0 0 0 0 0 0 0 3.50275 10.0433 65.3918 430.398 
0.0266581585697367833 0.232561 0 497515 0.162944 14.4874 12.7352 0 9.600141 -1.04883 -2.78846 -9.12617 0 0 -0 0 0 0 -0 0 1.79844 6.84745 0 183.048 
0.0270892475626176125 0.167576 1 445997 0 34.3249 30.8924 0 0 1 0.262995 0.435733 -0.104005 0 0 0 0 0 0 0 0 3.87573 10.7769 1923.7 6675.17 
0.0271260229507555607 0.104926 1 451769 0 36.0996 32.4897 0 0 1 0.443827 0.332472 0.00421266 0 0 0 0 0 0 0 0 4.05706 7.68267 1574.03 4137.31 
0.0271951273721596429 0.0921723 0 509496 0.569094 27.9997 10.8064 0 102.3291 68.3999 3.95077 -76.0077 0 0 0 0 0 0 0 0 3.68994 8.33463 851.242 4700.44 
0.0273002625736309679 0.0861586 1 385401 0 32.3685 29.1316 0 0 2 -0.0023773 -4.71501e-05 0.00438296 0 0 0 0 0 0 0 0 1.95896 4.74588 1335.18 3603.16 
0.0274488788203245439 0.193075 0 420340 0.141219 29.3341 26.4007 0 01 0 0 0 0 0 0 0 0 0 0 0 2.22426 6.82253 0 245.531 
0.027514034879313639 0.250193 1 472392 0 25.0038 22.5034 0 0 1 0.556979 0.512321 -0.95784 0 0 0 0 0 0 0 0 0.279379 4.69357 0 0 
0.0277366808206250676 0.104917 1 435805 0 34.9421 31.4479 0 0 2 0.00140195 -0.000601462 0.00578687 0 0 0 0 0 0 0 0 6.85476 16.0854 4724.99 7444.34 
0.0278667539045588074 0.0982961 1 531598 0 27.034 24.3306 0 0 1 -0.0703466 -1.07129 -0.469647 0 0 0 -0 0 0 0 -0 2.46817 5.8079 1457.63 4477.45 
0.0283790309928783104 0.0945978 1 673363 0 22.0854 19.8768 0 0 1 -0.300172 0.208815 -0.492331 0 0 0 0 0 0 0 0 5.41522 11.6423 1935.03 5332.38 
0.0287701862095941438 0.117987 1 454760 0 25.956 23.3604 0 0 1 -0.234569 -0.401475 -0.485661 0 -0 0 0 0 -0 0 0 4.12484 11.258 2318.5 5675.41 
0.0287916173168542323 0.284731 0 449968 2.36941 28.6264 11.8309 0 185.1781 148.89 -87.126 67.3175 0 0 0 0 0 0 0 0 3.5013 10.4638 200.611 718.623 
0.0293297557994598307 0.110099 1 442610 0 24.7454 22.2709 0 0 1 -0.246082 0.777048 -0.844103 0 0 0 0 0 0 0 0 6.22622 13.6526 918.298 6147.22 
0.0297434423512193367 0.151137 0 499157 0.737257 26.0274 8.68978 0 106.41 51.5502 46.1574 80.827 0 0 0 0 0 0 0 0 6.4362 15.0508 2688.5 5374.04 
0.0301167191992012216 0.142204 1 549566 0 34.9185 31.4267 0 0 2 0.911495 -0.944294 -1.01965 0 0 0 0 0 0 0 0 2.70601 6.73123 1046.59 2491.77 
0.0305186284149780128 0.221764 0 296689 0.166303 22.0356 16.95 0 01 0 0 0 0 0 0 0 0 0 0 0 1.95225 7.01095 0 0 
0.0309062474478186376 0.0839138 1 444091 0 24.646 22.1814 0 0 1 0.193921 0.716735 0.263277 0 0 0 0 0 0 0 0 2.5717 6.19362 521.3 1413.56 
0.0330904650226815783 0.110995 1 528016 0 27.7392 24.9653 0 0 1 -0.555881 0.134336 -0.696799 0 0 0 0 0 0 0 0 2.37582 7.72916 941.997 2923.75 
0.0350835991675171668 0.118856 0 453619 0.351191 20.7075 15.9075 0 01 0 0 0 0 0 0 0 0 0 0 0 1.47386 6.16249 5.98136 2013.5 
0.037963077452425234 0.17171 0 562348 0.210031 22.6764 16.7107 0 01 0 0 0 0 0 0 0 0 0 0 0 0 0 0 0 
0.0391252219065847812 0.0839354 0 510241 0.21626 27.7523 10.2886 0 109.1691 -45.4029 -88.5599 44.874 0 0 0 0 0 0 0 0 0 0 0 0 
0.0392011083601648894 0.417271 0 498244 0.130379 21.5013 16.7134 0 01 -0 0 0 0 -0 0 0 0 -0 0 0 1.7289 2.9871 93.1551 93.1551 
0.0401286194460102399 0.318226 0 529179 0.151506 20.6981 16.4511 0 01 0 0 0 0 0 0 0 0 0 0 0 0.877621 4.43126 0 23.1588 
0.0431496853795748786 0.32308 0 108418 0.179588 20.9107 11.7348 0 01 0 0 -0 0 0 0 -0 0 0 0 -0 0 0 0 0 
0.0452350150218797861 0.473506 1 472400 0 11.982 8.17901 0 0 1 4.43114 -50.3056 70.1605 0 0 0 0 0 0 0 0 0.506783 1.97792 0 0 
0.0456559694156560211 0.0432731 1 424047 0 31.7441 28.5697 0 0 2 0.223496 -0.295272 -0.545948 0 0 0 0 0 0 0 0 7.52171 17.8426 942.176 2414.81 
0.0597943339569425719 0.0748382 1 426509 0 21.7522 19.577 0 0 1 0.179636 0.18627 -0.264789 0 0 0 -0 0 0 0 -0 0 0 0 0 
