#1:time #2:r #3.binary? #4:ID #5:zams_m #6:m_progenitor #7:bh mass #8:bh_spin #9:birth-kick(km/s) #10-25:vsarray
0.00694330692794451095 0.261866 1 465669 0 53.269 47.9421 0 0 2 0.00243819 0.00321368 -0.0102077 0 0 0 -0 0 0 0 -0 0.244173 1.21245 647.85 647.85 
0.00695331860963995137 0.238876 1 174558 0 52.5785 47.3206 0 0 2 -0.00830739 0.0631608 0.0188942 0 0 0 0 0 0 0 0 0.481003 1.94514 89.4151 587.505 
0.0069679461519039981 0.306219 0 460644 0.111735 60.0334 54.0301 0 01 0 0 0 0 0 0 0 0 0 0 0 0 0 0 0 
0.0070869179694917411 1.36313 0 362931 125.318 120.088 40.5 0 01 0 0 -0 0 0 0 -0 0 0 0 -0 0 0 0 0 
0.00731733199431173521 0.860731 0 332286 106.732 103.322 40.5 0 01 0 0 0 0 0 0 0 0 0 0 0 0 0.857456 0 0 
0.00737686399455908786 0.0505233 1 429425 0 40.9949 36.8954 0 0 1 -0.471289 2.44347 -0.743787 0 0 0 -0 0 0 0 -0 2.44431 3.95751 5383.75 7574.61 
0.007440451940411031 0.375128 1 455653 0 39.8739 35.8865 0 0 2 -0.0610732 0.156166 1.64428 0 0 0 0 0 0 0 0 0 1.08991 0 0 
0.00748263274919345415 0.284488 0 474118 0.4281 39.3577 35.422 0 01 -0 0 0 0 -0 0 0 0 -0 0 0 1.14756 2.55068 0 364.744 
0.00755488781284596907 0.0529611 1 544892 0 38.5791 34.7212 0 0 2 -0.000638893 -0.0125968 0.0125382 0 0 -0 0 0 0 -0 0 2.43695 4.20207 6249.88 13766.7 
0.00756175511615843343 0.341326 0 311551 0.244215 41.197 37.0773 0 01 0 0 0 0 0 0 0 0 0 0 0 0.340699 0.690525 0 725.194 
0.00759091714466259178 0.352211 0 442807 0.137707 37.7077 33.9369 0 01 -0 0 0 0 -0 0 0 0 -0 0 0 0.352582 1.08035 0 0 
0.0076022619155133005 0.583551 0 301737 91.1998 40.518 36.4662 0 01 0 0 0 0 0 0 0 0 0 0 0 0 0 0 0 
0.00765140812542393182 0.169762 1 432254 0 38.1923 34.3731 0 0 2 -0.000593336 0.00505615 -0.0100567 0 0 0 0 0 0 0 0 2.37453 3.66834 0 1972.83 
0.00765654171949101559 0.260337 1 544923 0 36.3367 32.7031 0 0 1 -0.154537 0.0879111 -0.202486 0 0 0 0 0 0 0 0 0.50335 1.255 0 0 
0.00766118361802156905 0.250182 0 426737 0.499446 38.4561 34.6105 0 01 0 0 0 0 0 0 0 0 0 0 0 0.249018 1.99129 0 127.302 
0.00775360785201876113 0.428047 1 587932 0 35.0328 31.5295 0 0 1 0.430133 1.04061 -0.74615 0 0 0 0 0 0 0 0 0.429241 0.429241 0 0 
0.00781500359229826518 1.23252 0 379198 0.191547 34.2515 30.8264 0 01 0 0 0 0 0 0 0 0 0 0 0 0 0 0 0 
0.0078234409548172644 0.212202 1 525272 0 36.186 32.5674 0 0 2 -0.00205508 0.00738475 -0.010347 0 0 0 0 0 0 0 0 1.00625 2.39509 0 0 
0.00791912660523816543 0.947651 0 361175 0.0856108 32.6804 29.4123 0 01 0 -0 0 0 0 -0 0 0 0 -0 0 0 0.947651 0 0 
0.00792553755551004234 0.291231 1 498204 0 35.4736 31.9263 0 0 2 -0.763848 0.212166 0.783692 0 -0 0 0 0 -0 0 0 0 0.281764 0 0 
0.00793253769205365736 0.244667 0 432030 0.179344 38.2451 34.4206 0 01 -0 0 0 0 -0 0 0 0 -0 0 0 0.751036 2.55485 0 1216.26 
0.00795199984957531587 1.91104 0 366895 0.678434 34.0239 30.6215 0 01 0 0 0 0 0 0 0 0 0 0 0 0 0 0 0 
0.00798420120591321857 0.84669 0 476428 0.202646 33.6936 30.3242 0 01 0 0 0 0 0 0 0 0 0 0 0 0 0 0 0 
0.00800530571458017357 0.233502 1 421784 0 33.5993 30.2394 0 0 2 0.034845 -0.840358 1.03578 0 0 -0 0 0 0 -0 0 2.02382 3.38338 1.33397 1062.04 
0.00800661205524995541 0.471298 1 612307 0 31.5693 28.4123 0 0 1 0.333522 0.864005 0.697175 0 0 0 0 0 0 0 0 0.452396 1.86954 0 0 
0.00818662925348504107 0.0953754 1 49688 0 31.4416 28.2974 0 0 1 0.00159237 0.00475703 0.0427027 0 0 0 0 0 0 0 0 2.03406 4.64948 1168.19 11655.5 
0.00819472892878412955 0.670436 0 564356 0.351901 30.8927 27.8035 0 01 0 0 -0 0 0 0 -0 0 0 0 -0 0 0 0 0 
0.00825007674552691132 0.137365 1 625777 0 30.2895 27.2606 0 0 2 0.00525912 0.0480978 -0.0310063 0 0 0 0 0 0 0 0 2.872 5.05758 2507.98 5960.12 
0.00826471118971865669 0.134643 0 501908 0.0981895 30.1823 27.1641 0 01 0 0 0 0 0 0 0 0 0 0 0 2.82115 5.37682 1647.83 4256.89 
0.00826848810205560794 1.07013 0 335995 70.2877 29.9933 26.994 0 01 0 0 0 0 0 0 0 0 0 0 0 0 0 0 0 
0.00829313512363431121 0.415189 1 527114 0 30.2589 27.233 0 0 2 -1.17704 0.718192 0.791583 0 0 0 0 0 0 0 0 0.425958 1.24026 0 0 
0.00830551119399043462 0.0523598 0 51259 0.120016 29.5623 26.6061 0 01 0 0 0 0 0 0 0 0 0 0 0 2.53418 4.65028 6456.45 9308.1 
0.00831296096990740037 0.326017 0 633236 0.101264 29.6096 26.6487 0 01 0 -0 0 0 0 -0 0 0 0 -0 0 0 2.02568 0 0 
0.00833995666429378744 0.333669 1 444013 0 29.2845 26.3561 0 0 2 0.00157774 0.0186939 -0.00154327 0 0 0 0 0 0 0 0 0.98942 3.02117 0 466.855 
0.00839724983606312918 0.149549 1 592072 0 28.6468 25.7821 0 0 2 -0.00577694 0.000838184 0.0245837 0 0 0 0 0 0 0 0 2.01366 4.54607 634.498 4836.04 
0.00840453122382552216 0.247391 0 196871 0.171502 28.5272 25.6745 0 01 0 0 0 0 0 0 0 0 0 0 0 2.59415 4.96263 855.612 1207.97 
0.00840617849277655593 0.178825 1 431304 0 28.5335 25.6802 0 0 2 0.00844006 0.0241507 0.00956392 0 0 0 0 0 0 0 0 2.74701 5.32851 527.177 1064.16 
0.00841690169235548812 0.277519 0 219439 0.0953156 29.9591 26.9632 0 01 0 0 0 0 0 0 0 0 0 0 0 0.292179 3.16498 0 445.696 
0.00847326636699406374 0.0362663 0 491530 0.0822735 27.963 25.1667 0 01 0 -0 0 0 0 -0 0 0 0 -0 0 1.0622 2.69782 866.172 1027.17 
0.00847719386878681772 0.241305 0 203575 0.246035 27.8009 25.0208 0 01 0 0 -0 0 0 0 -0 0 0 0 -0 0.455506 1.88562 0 0 
0.00851375163546376143 0.387615 0 150382 65.3114 27.5649 24.8084 0 01 0 0 0 0 0 0 0 0 0 0 0 0 0.770655 0 0 
0.00854560031287786293 0.234414 1 508100 0 27.2862 24.5576 0 0 2 -0.0209071 0.00708797 -0.016846 0 -0 0 0 0 -0 0 0 1.39301 2.98122 0 321.308 
0.00856238313171672587 0.520219 0 310350 0.211597 27.0851 24.3766 0 01 0 0 0 0 0 0 0 0 0 0 0 0 0.527675 0 0 
0.00862244673705392893 0.504253 0 325363 63.3838 26.6449 23.9804 0 01 0 0 0 0 0 0 0 0 0 0 0 0 1.00092 0 0 
0.00863794245690770353 0.144326 0 586865 0.217512 26.3906 23.7515 0 01 0 0 0 0 0 0 0 0 0 0 0 2.54708 5.85164 2526.96 4455.97 
0.00863871725797099588 0.757315 0 37142 1.99707 26.5035 23.8531 0 01 0 0 0 0 0 0 0 0 0 0 0 0 0.786689 0 0 
0.00868485156334054993 0.596701 0 3417 0.190242 25.759 23.1831 0 01 -0 0 0 0 -0 0 0 0 -0 0 0 0.59952 0.59952 0 0 
0.00872371569328052841 0.155294 0 468187 0.11395 25.6389 23.075 0 01 0 0 0 0 0 0 0 0 0 0 0 2.81447 4.74107 2454.44 3936.75 
0.00873886528332794461 0.21931 1 601911 0 25.6433 23.079 0 0 2 0.0424665 0.0251288 -0.0106926 0 0 0 0 0 0 0 0 1.28394 3.57979 184.437 184.437 
0.00874743002578316428 0.587491 0 425491 1.25965 25.3669 22.8302 0 01 -0 0 0 0 -0 0 0 0 -0 0 0 0 1.15266 0 0 
0.00874895793379372975 0.15579 0 164435 0.313351 25.453 22.9077 0 01 0 0 0 0 0 0 0 0 0 0 0 2.78613 5.20012 711.698 3297.24 
0.00875506303254241884 0.479979 0 483609 0.411811 25.4367 22.893 0 01 -0 0 0 0 -0 0 0 0 -0 0 0 0 0.469997 0 0 
0.00876515443756231 0.211408 0 499622 0.0895634 25.2163 22.6946 0 01 0 0 -0 0 0 0 -0 0 0 0 -0 1.25096 3.96878 0 0 
0.00878239123343851728 0.242315 1 338207 0 25.094 22.5846 0 0 2 0.00160889 0.00711039 -0.0133569 0 0 0 -0 0 0 0 -0 0.242219 2.61641 0 0 
0.00880145768086212574 0.0959966 1 107024 0 25.2314 22.7083 0 0 1 0.000718962 0.0121623 0.0098887 0 0 0 0 0 0 0 0 1.35908 2.8755 615.335 6075.18 
0.00881954009877164435 0.461487 0 441486 0.118136 24.8802 22.3922 0 01 0 0 0 0 0 0 0 0 0 0 0 0 0.933183 0 0 
0.00882344671905122523 0.0697202 0 519562 0 24.6767 22.209 0 01 0 0 0 0 0 0 0 0 0 0 0 2.95005 5.14062 3143.85 8079.47 
0.00884707222592618844 0.283306 0 231968 0.116738 24.7829 22.3046 0 01 -0 0 0 0 -0 0 0 0 -0 0 0 0.282854 1.43695 0 0 
0.00885334733069558823 0.127424 1 479977 0 24.6948 22.2253 0 0 2 -0.000572033 -0.00724693 -0.00322549 0 0 0 0 0 0 0 0 3.5497 5.74333 909.069 3468.58 
0.00886403464224677466 0.229253 1 371644 0 24.7525 22.2772 0 0 2 -0.0068463 0.0939583 0.0316484 0 0 0 0 0 0 0 0 1.20056 4.26688 0 424.57 
0.00891157016114380029 0.10457 0 446932 0.0951842 24.3467 21.912 0 01 0 0 0 0 0 0 0 0 0 0 0 3.46098 5.48921 7674.63 15734.9 
0.00891747454080249122 0.406165 0 85265 0.177362 24.3113 21.8801 0 01 0 0 -0 0 0 0 -0 0 0 0 -0 0.383557 1.17158 0 0 
0.008932054217757621 0.03765 0 327684 58.6096 24.2556 21.8301 0 01 -0 0 0 0 -0 0 0 0 -0 0 0 4.33161 6.70747 9621.67 20347.9 
0.00897179990432331841 0.157349 0 396909 0.976979 23.9792 21.5813 0 01 -0 0 0 0 -0 0 0 0 -0 0 0 1.5136 3.72793 577.719 715.654 
0.00899873018902867805 0.158021 1 52253 0 23.8005 21.4205 0 0 1 -0.0132634 -0.0206093 -0.0147223 0 0 0 0 0 0 0 0 2.00833 4.61543 159.935 2852.41 
0.0090007887851545499 0.360208 1 519685 0 24.0259 21.6239 0 0 1 0.187963 -0.812781 -0.97589 0 0 0 0 0 0 0 0 0 1.45874 0 0 
0.00900621996470227573 0.22933 0 317807 0.105087 23.7493 21.3744 0 01 0 0 0 0 0 0 0 0 0 0 0 0.241073 0.960399 0 0 
0.00901546051850616627 0.288942 0 521247 0.433958 23.665 21.2985 0 01 0 0 -0 0 0 0 -0 0 0 0 -0 0.600967 0.887644 0 69.5737 
0.00904156743803113082 0.208799 1 25991 0 25.0517 22.5465 0 0 1 0.304822 -0.197382 0.436298 0 0 0 0 0 0 0 0 2.08666 6.33967 821.463 1478.73 
0.00904465090176729061 0.171714 0 398758 0.461427 23.4897 21.1407 0 01 0 0 0 0 0 0 0 0 0 0 0 1.91534 4.44174 0 2077.41 
0.00904853103300893614 0.303501 1 243358 0 23.4577 21.1119 0 0 2 -0.00304991 0.0107302 0.00104629 0 0 0 -0 0 0 0 -0 0.282513 0.867703 0 150.642 
0.0090553053537129162 0.27416 1 317685 0 23.4185 21.0766 0 0 2 0.0196696 -0.00680971 0.0015838 0 0 0 0 0 0 0 0 0 0.261073 0 0 
0.00907876803910066463 0.254596 0 383467 0.214892 23.1522 20.837 0 01 0 -0 0 0 0 -0 0 0 0 -0 0 0.256865 1.06357 0 0 
0.00911078387137488101 0.154603 1 134142 0 23.0539 20.7485 0 0 1 -0.0704902 -0.0172612 0.0514222 0 0 0 0 0 0 0 0 0.918759 2.29387 766.738 1046.93 
0.00915471881620982808 0.769307 0 13642 0.520003 22.7057 20.4351 0 01 0 0 0 0 0 0 0 0 0 0 0 0 0 0 0 
0.009162636192523433 0.411543 0 235966 0.184253 22.7221 20.4499 0 01 0 0 0 0 0 0 0 0 0 0 0 0.412966 1.67064 0 0 
0.00918708780296035622 0.244613 1 58352 0 22.582 20.3238 0 0 1 -0.0111586 0.0107559 0.0509019 0 0 0 0 0 0 0 0 0.459478 2.36503 0 0 
0.00918974437278485649 0.325777 0 265002 0 22.4673 20.2205 0 01 0 0 0 0 0 0 0 0 0 0 0 0.649018 2.8855 0 160.13 
0.00923640764711910686 0.191957 0 10715 1.18022 22.2879 20.0591 0 01 0 0 -0 0 0 0 -0 0 0 0 -0 1.05222 2.85343 0 725.434 
0.00926649232018303924 0.606839 1 214436 0 22.1114 19.9002 0 0 2 -0.00701485 0.00654902 0.0038168 0 0 0 -0 0 0 0 -0 0 1.22032 0 0 
0.00927073136450968192 0.239224 1 28748 0 22.0818 19.8736 0 0 1 0.617764 1.91282 -0.930396 0 0 0 0 0 0 0 0 1.69806 3.86791 219.89 1327.41 
0.0092799922405865775 0.268499 0 324126 0.149098 22.0173 19.8155 0 01 0 0 0 0 0 0 0 0 0 0 0 0.549869 1.34606 0 0 
0.00928387394052938332 0.970099 0 381642 54.1803 21.9973 19.7976 0 01 0 -0 0 0 0 -0 0 0 0 -0 0 0 0.9667 0 0 
0.00929048949721762371 0.249419 0 6409 1.1523 21.9599 19.7639 0 01 0 0 0 0 0 0 0 0 0 0 0 0.247273 0.739667 0 0 
0.00936989013131900132 0.649873 0 379809 53.2254 21.5092 19.3583 0 01 0 0 0 0 0 0 0 0 0 0 0 0 1.96337 0 0 
0.00941295770694021774 0.0903856 1 457329 0 26.6483 23.9834 0 0 1 -0.0575619 1.2149 -0.206168 0 0 0 0 0 0 0 0 3.20736 5.21466 5310.43 15698.9 
0.00941704265080058056 0.574894 1 37483 0 21.2728 19.1456 0 0 1 -0.0509646 0.00499578 0.0406035 0 0 0 0 0 0 0 0 0 0 0 0 
0.0094207414376060155 0.237207 1 75494 0 21.2152 19.0937 0 0 1 -0.0327036 -0.00275396 0.00280397 0 0 0 0 0 0 0 0 0.942633 2.6123 0 349.524 
0.00943580852534454777 0.811319 1 111644 0 21.1732 19.0559 0 0 1 0.0140844 0.0287294 0.0291418 0 0 0 0 0 0 0 0 0 0 0 0 
0.00944785465490796672 0.384345 0 165646 1.03406 21.1041 18.9937 0 01 0 0 -0 0 0 0 -0 0 0 0 -0 0 0.386625 0 0 
0.00944853820567955263 0.117941 0 497606 0.336649 21.1041 18.9937 0 01 0 0 0 0 0 0 0 0 0 0 0 1.8917 3.98246 1010.96 2094.11 
0.00945427333170926511 0.1362 0 306489 0.236807 21.0721 18.9649 0 01 -0 0 0 0 -0 0 0 0 -0 0 0 2.85813 5.56976 2067.23 3199.36 
0.00946053995702340195 0.716445 0 235149 0.475388 21.04 18.936 0 01 0 0 0 0 0 0 0 0 0 0 0 0 0 0 0 
0.00948943505797726454 0.105327 0 44453 0.231704 20.888 18.7992 0 01 0 0 0 0 0 0 0 0 0 0 0 3.55508 5.29824 7204.14 13790.8 
0.00949895105682152519 0.230145 1 194166 0 20.8445 18.7601 0 0 2 -0.00453717 0.00303555 -0.00586984 0 0 -0 0 0 0 -0 0 0 0.706131 0 0 
0.00950768411219427879 0.158434 0 154047 0.557131 20.8027 18.7224 0 01 0 0 -0 0 0 0 -0 0 0 0 -0 3.56407 7.07435 1364.66 5050.86 
0.00952090062375682798 0.221962 0 27716 0.357941 20.7296 18.6567 0 01 0 0 0 0 0 0 0 0 0 0 0 0.469952 2.08292 0 0 
0.00954858605700833508 0.259958 0 361840 2.16716 20.597 18.5373 0 01 0 0 0 0 0 0 0 0 0 0 0 0.772723 2.09287 0 0 
0.0095493423799890894 0.379868 0 476191 0.481654 20.5902 18.5312 0 01 0 0 0 0 0 0 0 0 0 0 0 0.393409 1.95728 0 0 
0.00959007276783764746 1.58594 0 344057 50.9575 20.3901 18.3511 0 01 0 0 0 0 0 0 0 0 0 0 0 0 1.57818 0 0 
0.00959869810864987481 0.575205 0 43106 0.466104 20.345 18.3105 0 01 -0 0 0 0 -0 0 0 0 -0 0 0 0 0.563084 0 0 
0.00963608829346457828 0.431819 1 359834 0 20.1604 18.1444 0 0 2 -0.0271288 0.019557 -0.028107 0 0 0 0 0 0 0 0 0 0.887622 0 0 
0.00968566531115974336 0.0477694 1 185627 0 19.9341 17.9407 0 0 2 0.00954223 0.00382515 -0.0366753 0 -0 0 0 0 -0 0 0 1.20065 3.48851 0 3714.15 
0.00971273620052914843 0.802117 0 89578 0.538264 19.8072 17.8265 0 01 0 -0 0 0 0 -0 0 0 0 -0 0 0 0 0 0 
0.00973246471926978059 0.0488261 0 161343 0.0812253 19.7125 17.7413 0 01 0 0 0 0 0 0 0 0 0 0 0 3.23387 4.98977 174.747 11198.3 
0.00976730185692451479 0.210883 0 183715 0.130029 19.5544 17.599 0 01 -0 0 0 0 -0 0 0 0 -0 0 0 1.23709 3.13804 0 346.749 
0.00979610999347045423 0.0933413 1 529812 0 19.4794 17.5315 0 0 2 0.00131021 -0.00918164 0.00854413 0 0 0 0 0 0 0 0 3.13498 5.4788 5808.1 10563.2 
0.00979674556585721605 0.172965 1 162029 0 19.4415 17.4974 0 0 2 0.00647932 0.00320752 0.00612248 0 0 0 0 0 0 0 0 1.58973 3.1358 194.46 1102.23 
0.00979727853387994674 1.64669 0 314533 49.0375 19.4279 17.4851 0 01 0 0 0 0 0 0 0 0 0 0 0 0 0 0 0 
0.00979938852715819646 1.29273 0 116262 0.37756 19.3871 17.4484 0 01 -0 0 0 0 -0 0 0 0 -0 0 0 0 0 0 0 
0.00980930082315047136 0.375781 1 256067 0 19.3777 17.4399 0 0 2 -0.0103782 -0.00657512 0.00621964 0 -0 0 0 0 -0 0 0 0.780527 3.48911 0 0 
0.00981399293787518952 0.75099 0 328792 0.114846 19.3573 17.4216 0 01 0 0 0 0 0 0 0 0 0 0 0 0.759579 0.759579 0 0 
0.0098333027875557831 0.326293 1 99846 0 19.2651 17.3386 0 0 2 0.00388212 -0.00689676 0.00709124 0 0 0 0 0 0 0 0 0.326532 1.91224 0 0 
0.00983694635431889459 0.629909 1 157557 0 19.2648 17.3383 0 0 2 0.00750258 -0.0257433 -0.000507993 0 0 0 0 0 0 0 0 0 0.628172 0 0 
0.00987303993078731193 0.630913 1 183290 0 19.1124 17.2011 0 0 1 -0.0141916 0.00291845 0.000910441 0 0 -0 0 0 0 -0 0 0 0.62342 0 0 
0.00990600163104472971 0.393309 0 27316 0.748499 18.9803 17.0823 0 01 0 0 0 0 0 0 0 0 0 0 0 0.385656 0.767006 0 0 
0.00996051874674249056 0.472514 0 244454 47.648 18.7608 16.8847 0 01 0 0 0 0 0 0 0 0 0 0 0 0 0.455714 0 0 
0.0099869578034960417 0.0970021 1 421692 0 26.4546 23.8092 0 0 2 12.1336 8.86506 -0.971966 0 0 0 0 0 0 0 0 1.36677 3.95493 511.308 6611.57 
0.0100129793622621196 0.554723 0 285251 47.225 18.5559 16.7002 0 01 0 0 0 0 0 0 0 0 0 0 0 0 1.13706 0 0 
0.0100198350399534463 0.287329 1 392042 0 18.5289 16.6758 0 0 2 -0.000523849 -0.0143055 0.00428402 0 0 0 0 0 0 0 0 1.44936 3.78479 0 198.371 
0.0100214168045509467 1.14576 0 384887 0.210553 18.5052 16.6544 0 01 0 0 0 0 0 0 0 0 0 0 0 0 0 0 0 
0.0100244820309085825 0.673506 0 335674 47.1338 18.5074 16.6564 0 01 0 0 0 0 0 0 0 0 0 0 0 0 0.682258 0 0 
0.0100495904852419722 4.22141 1 55710 0 18.5513 16.696 0 0 1 -0.0110514 0.0139715 -0.0357569 0 0 0 -0 0 0 0 -0 0 0 0 0 
0.0100568330071923798 0.379031 0 239587 0.272157 18.5526 16.6972 0 01 0 0 0 0 0 0 0 0 0 0 0 0.763511 2.31421 0 0 
0.0100660694773957535 0.33417 1 177060 0 18.5545 16.6989 0 0 2 -0.00989093 -0.0153392 -0.00635134 0 0 0 -0 0 0 0 -0 0.335712 2.02274 0 0 
0.0100705664397867586 0.174335 0 953 0.0844955 18.541 16.6867 0 01 0 0 0 0 0 0 0 0 0 0 0 0.362955 2.67218 0 795.452 
0.0100769815253551713 0.355738 1 282000 0 18.5421 16.6877 0 0 2 -0.00199178 -2.04728e-05 -0.00603362 0 0 0 -0 0 0 0 -0 0.731901 2.51298 0 0 
0.0100882866443216222 0.465096 0 344190 46.6096 18.5262 16.6733 0 01 0 0 0 0 0 0 0 0 0 0 0 0 0.459573 0 0 
0.0101377311196366535 0.250451 0 144755 0.167812 18.4132 16.5716 0 01 0 0 0 0 0 0 0 0 0 0 0 0.54675 1.606 0 403.718 
0.0101476057844399944 0.0823594 0 474332 0.105369 18.4058 16.5648 0 01 0 0 0 0 0 0 0 0 0 0 0 1.84532 4.04401 6632.15 8151.12 
0.0102067230899836551 0.280712 1 351864 0 18.2506 16.4249 0 0 1 -0.00422467 0.0114901 -0.00254005 0 0 0 -0 0 0 0 -0 1.69008 4.00534 34.7103 1028.97 
0.0102073427949201257 0.5308 1 57888 0 18.2491 16.4236 0 0 2 -0.0070335 -0.00161558 -0.00137862 0 0 -0 0 0 0 -0 0 1.08108 2.15588 0 0 
0.0102255451923875876 0.216033 1 37829 0 18.2042 16.3831 0 0 1 0.0101531 0.00457436 -0.0268885 0 0 0 0 0 0 0 0 1.44362 3.92897 0 0 
0.0102365690331474683 0.06699 1 65477 0 18.1544 16.3383 0 0 1 -0.010163 -0.00823481 0.00893691 0 0 -0 0 0 0 -0 0 3.68333 5.55251 2703.87 11706.8 
0.0102365690331474683 0.583886 1 146828 0 18.1738 16.3557 0 0 2 0.0124935 -0.00562337 0.0238254 0 0 0 0 0 0 0 0 0 0.603464 0 0 
0.0102935631346407989 0.381241 0 60170 0.193293 18.0384 16.2337 0 01 0 0 -0 0 0 0 -0 0 0 0 -0 0.77405 0.77405 0 202.813 
0.0103095705902955109 0.471997 1 85683 0 17.9801 16.1811 0 0 1 -0.00194137 -0.0197671 0.0228028 0 0 0 0 0 0 0 0 0 0.468293 0 0 
0.0103433325485444132 0.0951502 0 665146 2.4682 17.9124 16.1202 0 01 0 0 -0 0 0 0 -0 0 0 0 -0 0.812163 1.8573 1509.01 5319.28 
0.0103808438012861892 1.04277 0 303887 0.769908 17.7901 16.01 0 01 0 0 -0 0 0 0 -0 0 0 0 -0 0 0 0 0 
0.0104283023513447228 1.09795 0 361508 44.148 17.6643 15.8966 0 01 0 0 0 0 0 0 0 0 0 0 0 0 0 0 0 
0.0104490014055899118 0.181367 1 322789 0 17.6199 15.8565 0 0 1 -1.04069 1.70645 0.641664 0 0 0 0 0 0 0 0 2.61296 5.22345 0 2023.38 
0.0105017282547960559 0.297604 1 20900 0 17.4717 15.723 0 0 1 0.00422376 -0.0164823 0.0249517 0 0 0 0 0 0 0 0 0 0.291097 0 0 
0.0105141525190384274 0.984046 0 284845 43.5769 17.4204 15.6767 0 01 -0 0 0 0 -0 0 0 0 -0 0 0 0 0 0 0 
0.0105195161075301909 0.361443 1 68583 0 17.4294 15.6849 0 0 2 0.0224059 -0.0456553 -0.00708516 0 0 0 -0 0 0 0 -0 0 0.365342 0 0 
0.0105205689157844284 0.214637 1 709750 0 17.4594 15.7119 0 0 1 2.06867 0.0873554 -0.975831 0 0 0 0 0 0 0 0 0.414383 2.45625 0 0 
0.0105258880778285255 0.182556 0 83883 0.198065 17.4099 15.6672 0 01 0 0 0 0 0 0 0 0 0 0 0 1.34456 3.26315 384.842 384.842 
0.0105284099467178767 0.394964 0 150523 43.4831 17.4083 15.6658 0 01 0 0 0 0 0 0 0 0 0 0 0 0 0 0 0 
0.0105634866998204451 0.176388 0 85753 0 17.2943 15.5631 0 01 0 0 0 0 0 0 0 0 0 0 0 0.849849 3.40156 782.432 782.432 
0.0105657141889145215 0.358535 1 451378 0 17.3532 15.6162 0 0 2 0.00214775 0.0105673 -0.0236916 0 0 0 0 0 0 0 0 0.727723 2.16291 74.2052 74.2052 
0.0105772525156572744 0.678467 0 393629 43.1693 17.2814 15.5514 0 01 0 0 0 0 0 0 0 0 0 0 0 0.662306 0.662306 0 0 
0.010610662985184453 0.330989 0 386480 0.0920767 17.1931 15.4719 0 01 0 0 0 0 0 0 0 0 0 0 0 0.32976 1.3373 0 0 
0.0106239664065509287 0.294382 1 267239 0 17.1602 15.4423 0 0 2 0.0438476 -0.02237 0.131861 0 0 0 0 0 0 0 0 0 1.94874 0 0 
0.0106263460654069507 0.183393 1 131772 0 17.1451 15.4286 0 0 2 0.0377546 0.00866622 -0.0354676 0 0 0 0 0 0 0 0 0.828396 2.98936 993.343 996.962 
0.0106580951774900221 0.262005 0 170070 0.383999 17.095 15.3835 0 01 0 -0 0 0 0 -0 0 0 0 -0 0 1.01141 2.55773 0 793.797 
0.0107295921457407975 0.345286 1 197910 0 16.893 15.2015 0 0 1 -0.00788153 -0.0134443 -0.000133255 0 0 0 0 0 0 0 0 0.688104 2.02608 0 0 
0.0107937275349451016 1.14601 0 364519 41.8438 16.7429 15.0662 0 01 0 0 0 0 0 0 0 0 0 0 0 0 0 0 0 
0.0108317734998082203 0.297643 0 111014 0.18347 16.6529 14.9851 0 01 0 0 0 0 0 0 0 0 0 0 0 0 1.21113 0 0 
0.010844779456496716 0.458521 0 399060 41.5475 16.6286 14.9632 0 01 0 0 0 0 0 0 0 0 0 0 0 0 0.908682 0 0 
0.0108455720133063174 0.0794758 0 121054 1.35294 16.617 14.9528 0 01 0 0 0 0 0 0 0 0 0 0 0 2.55813 5.14875 2131.5 7752.47 
0.010846307002633216 0.389792 1 4347 0 16.6274 14.9622 0 0 1 6.11858e-05 -0.0060424 0.00644562 0 0 0 0 0 0 0 0 0 0.746359 0 0 
0.0108704047782087442 1.49193 0 344240 41.4003 16.5679 14.9085 0 01 0 0 0 0 0 0 0 0 0 0 0 1.50034 3.03679 0 6.77598 
0.0108852240285807339 0.588228 1 373672 0 16.5353 14.8792 0 0 2 -0.00741464 -0.00711367 -0.0120304 0 -0 0 0 0 -0 0 0 0 0.593205 0 0 
0.010899484477504915 0.57852 1 78974 0 16.5501 14.8925 0 0 1 -0.0121512 -0.000579773 -0.00840388 0 -0 0 0 0 -0 0 0 0 0.586779 0 0 
0.0109153569155818076 0.206372 0 244533 0.19777 16.4539 14.8058 0 01 0 -0 0 0 0 -0 0 0 0 -0 0 0.601649 1.40739 0 0 
0.0109251495440154962 1.28859 0 330060 41.0883 16.4417 14.7948 0 01 0 0 0 0 0 0 0 0 0 0 0 0 0 0 0 
0.0109445177131436908 0.507497 0 706079 0.0848698 16.4169 14.7725 0 01 0 0 0 0 0 0 0 0 0 0 0 0 1.53254 0 0 
0.0109798566367680164 0.250706 0 426845 0 16.3548 14.7166 0 01 0 0 0 0 0 0 0 0 0 0 0 1.25806 2.79879 0 0 
0.0109865566054748402 1.19584 0 295464 40.7464 16.3094 14.6756 0 01 0 -0 0 0 0 -0 0 0 0 -0 0 0 0 0 0 
0.0110016462848779705 0.211803 0 122995 0.476915 16.2573 14.6287 0 01 0 -0 0 0 0 -0 0 0 0 -0 0 0.793555 3.25112 0 44.5974 
0.0110251475830857818 0.375545 0 252721 0.299334 16.2663 14.6368 0 01 0 0 0 0 0 0 0 0 0 0 0 0 0.385798 0 0 
0.0110257606225393351 0.349544 0 5284 0.0838016 16.2179 14.5932 0 01 0 0 0 0 0 0 0 0 0 0 0 0 0.366001 0 0 
0.0110409710860079561 0.201649 1 189256 0 16.175 14.5545 0 0 2 0.00121829 0.0129477 -0.00373138 0 0 0 0 0 0 0 0 1.63106 4.75788 298.349 2465.57 
0.0110546328825567187 1.04583 0 205163 40.3764 16.138 14.5212 0 01 -0 0 0 0 -0 0 0 0 -0 0 0 0 0 0 0 
0.0110792430466881819 0.0411627 0 442499 0.207271 16.1009 14.4878 0 01 0 0 0 0 0 0 0 0 0 0 0 2.36862 4.12279 2616.29 9714.43 
0.0110881690928764133 0.509151 0 255934 40.1963 16.0847 14.4732 0 01 0 0 -0 0 0 0 -0 0 0 0 -0 1.01574 1.53379 0 0 
0.0111218759540667629 0.5233 1 207965 0 16.0134 14.4089 0 0 2 -0.0015771 -0.0323571 -0.00412448 0 0 0 -0 0 0 0 -0 0.529061 1.07081 0 0 
0.0111261170921843015 0.179106 0 340616 0.206769 15.9914 14.3891 0 01 -0 0 0 0 -0 0 0 0 -0 0 0 0.837467 1.88988 709.122 709.122 
0.0111450246107040966 0.707389 0 195207 0 15.9598 14.3607 0 01 0 0 0 0 0 0 0 0 0 0 0 0 0.699259 0 0 
0.0111658635648527391 0.141247 1 234722 0 15.8994 14.3062 0 0 1 -0.00707189 0.00927653 -0.0142707 0 0 0 -0 0 0 0 -0 1.14468 2.60777 1579.79 4796.62 
0.0111742550530388261 0.147218 0 219847 0.097265 15.8974 14.3044 0 01 0 0 0 0 0 0 0 0 0 0 0 1.56746 2.62229 254.248 2342.91 
0.011195355138914358 0.184748 0 185827 0.111657 15.8582 14.2691 0 01 0 0 -0 0 0 0 -0 0 0 0 -0 1.35275 3.35164 717.038 2582.32 
0.0112046663188324833 0.153953 1 264494 0 15.8315 14.245 0 0 2 0.0129486 -0.00990112 -0.0111674 0 0 0 -0 0 0 0 -0 1.76625 5.66013 175.524 4118.37 
0.0112148411932267104 1.01134 0 191234 39.5368 15.8129 14.2283 0 01 0 0 0 0 0 0 0 0 0 0 0 0 1.98207 0 0 
0.0112473313039588244 0.189731 1 50618 0 15.7508 14.1723 0 0 2 0.00011632 0.00862601 0.0202108 0 0 0 0 0 0 0 0 0.972771 2.81554 0 1236.35 
0.0112553088479684961 0.614232 0 246436 39.3317 15.7315 14.155 0 01 0 0 0 0 0 0 0 0 0 0 0 0 0 0 0 
0.0112559019117733534 0.122502 1 398460 0 15.7345 14.1577 0 0 2 0.00461729 -0.0223469 9.60701e-05 0 0 -0 0 0 0 -0 0 3.64535 5.92409 2169.72 7545.92 
0.0112585692577615946 0.20596 0 7823 0.141651 15.7221 14.1464 0 01 0 0 0 0 0 0 0 0 0 0 0 1.21252 2.45889 138.784 309.933 
0.011263083610069495 0.315544 0 209143 0.419471 15.7185 14.1432 0 01 0 0 0 0 0 0 0 0 0 0 0 1.57371 2.80477 0 2.42607 
0.0113044873165763799 0.642208 0 36465 0.606543 15.6361 14.069 0 01 0 0 0 0 0 0 0 0 0 0 0 0 1.29474 0 0 
0.0113272377827448104 0.761705 0 222067 38.9746 15.5907 14.0281 0 01 0 0 0 0 0 0 0 0 0 0 0 0 0 0 0 
0.0113637130972645498 0.525276 0 170525 38.7956 15.5057 13.9515 0 01 0 0 0 0 0 0 0 0 0 0 0 0.52672 1.57881 2.39438 2.39438 
0.0113738469591888377 0.185417 0 23355 0.0908054 15.4847 13.9326 0 01 0 0 0 0 0 0 0 0 0 0 0 1.36252 3.38454 0 1148.21 
0.0113757079315651728 0.77514 0 423644 0.0970093 26.9316 24.2385 0 01 0 0 -0 0 0 0 -0 0 0 0 -0 0 0.775139 0 0 
0.0113853417392789542 0.612649 0 70798 0.200775 15.4625 13.9126 0 01 0 0 0 0 0 0 0 0 0 0 0 0.61433 3.03725 0 0 
0.0114082474082408351 0.459026 0 167586 0.175609 15.428 13.8815 0 01 0 0 -0 0 0 0 -0 0 0 0 -0 0 0.917764 0 0 
0.011423668031755289 0.756836 0 303045 38.5069 15.3826 13.8406 0 01 -0 0 0 0 -0 0 0 0 -0 0 0 0 0 0 0 
0.0114324835103862977 0.300487 0 303941 0.120391 15.383 13.841 0 01 0 -0 0 0 0 -0 0 0 0 -0 0 1.265 1.265 0 78.0569 
0.011444946312522521 6.28426 0 307821 38.4061 15.3594 13.8197 0 01 0 0 0 0 0 0 0 0 0 0 0 0 0 0 0 
0.0114531734639667839 0.574192 0 475324 0.14855 15.4287 13.8821 0 01 0 0 0 0 0 0 0 0 0 0 0 0 0 0 0 
0.0114667800037069161 0.319407 1 159247 0 15.3165 13.781 0 0 2 0.00425225 0.0151607 0.00894078 0 0 0 0 0 0 0 0 0.646094 0.968906 0 0 
0.011484551468489838 0.178107 0 599665 0 23.3809 21.0428 0 01 0 -0 0 0 0 -0 0 0 0 -0 0 1.90337 3.43112 298.486 853.146 
0.011490995545792252 1.21544 0 383571 38.192 15.2694 13.7386 0 01 0 0 0 0 0 0 0 0 0 0 0 0 0 0 0 
0.0115271493142007804 0.112246 1 299694 0 15.1924 13.6693 0 0 2 0.000131968 -0.00979415 0.00452303 0 0 0 0 0 0 0 0 2.68819 4.4207 3877.46 8508.05 
0.0115289328595227867 1.39611 0 261297 0.199574 15.2343 13.707 0 01 0 0 -0 0 0 0 -0 0 0 0 -0 0 0 0 0 
0.0115579353206807303 2.10014 0 372622 37.8862 15.1467 13.6281 0 01 0 0 0 0 0 0 0 0 0 0 0 0 0 0 0 
0.0115582707929930365 0.155836 0 393305 0.648339 15.1464 13.6278 0 01 0 0 0 0 0 0 0 0 0 0 0 0 0 0 0 
0.01160284788391573 0.273657 0 87721 0.406704 15.0603 13.5502 0 01 0 -0 0 0 0 -0 0 0 0 -0 0 0.873188 2.01189 632.091 632.091 
0.0116216100013883921 0.114399 1 624012 0 34.794 31.3146 0 0 2 0.000175601 -0.000407107 0.00431901 0 -0 0 0 0 -0 0 0 4.79715 6.64331 12540.2 22389.2 
0.0116394638228604769 0.105416 1 579486 0 15.0416 13.5334 0 0 2 -1.60882 -0.34825 -0.242781 0 -0 0 0 0 -0 0 0 0 0 0 0 
0.0116509926081818978 3.75135 0 389515 0 14.9728 13.4714 0 01 -0 0 0 0 -0 0 0 0 -0 0 0 0 0 0 0 
0.0116523218247198898 0.739042 0 296006 37.4654 14.9619 13.4616 0 01 -0 0 0 0 -0 0 0 0 -0 0 0 0 0 0 0 
0.0117030048964970254 0.230607 0 743235 0.66228 14.9932 13.4898 0 01 0 0 0 0 0 0 0 0 0 0 0 0.684067 2.04227 0 0 
0.011738466363647693 0.306232 0 270802 0.270275 14.9541 13.4546 0 01 0 0 0 0 0 0 0 0 0 0 0 0 1.5235 0 0 
0.0117509182542849238 0.181944 1 32995 0 14.9705 13.4693 0 0 1 0.0013209 0.0139798 -0.0110868 0 0 0 0 0 0 0 0 1.77141 2.30017 874.934 882.891 
0.0117775761666235323 0.214664 0 258580 0.213838 14.9042 13.4097 0 01 0 0 -0 0 0 0 -0 0 0 0 -0 0.769643 2.18837 0 30.325 
0.0117941046122302245 1.57629 0 144496 0.398843 15.0299 13.5229 0 01 -0 0 0 0 -0 0 0 0 -0 0 0 0 0 0 0 
0.0117944942837869531 0.530311 0 582583 0 14.9616 13.4613 0 01 0 0 0 0 0 0 0 0 0 0 0 0 0.536775 0 0 
0.0117960466539264053 0.443381 0 58537 0.120786 15.0363 13.5287 0 01 0 0 0 0 0 0 0 0 0 0 0 0.466705 1.38229 0 0 
0.0118086972970367354 0.278856 0 169315 0.0934814 14.946 13.4473 0 01 0 0 0 0 0 0 0 0 0 0 0 0 0.836348 0 0 
0.0118098610039636953 0.0923393 1 444007 0 14.9527 13.4533 0 0 2 0.00145325 0.0162304 -0.017346 0 0 0 0 0 0 0 0 1.81638 3.55577 0 1390.33 
0.0118266962992282856 0.207578 0 149543 0.124723 36.6396 13.5485 0 01 0 0 -0 0 0 0 -0 0 0 0 -0 0.800832 2.20087 20.89 20.89 
0.0118552066795138307 0.635643 0 201617 0.641876 36.5209 13.7441 0 01 -0 0 0 0 -0 0 0 0 -0 0 0 0 0 0 0 
0.0119252883546997635 0.0695651 0 244983 0 36.2349 19.8661 0 01 0 -0 0 0 0 -0 0 0 0 -0 0 3.37485 4.48358 1925.63 14977.1 
0.0119959706999589171 0.0517109 1 394698 0 14.6554 13.1486 0 0 1 -34.8237 18.9917 -8.52716 0 -0 0 0 0 -0 0 0 1.90297 3.72619 3401.23 7783.45 
0.0120341637990105232 0.93613 0 8274 35.9089 35.7993 29.2761 0 01 0 0 0 0 0 0 0 0 0 0 0 0 0.940987 0 0 
0.0120434141878477778 0.992462 0 246660 35.8723 35.763 29.8837 0 01 -0 0 0 0 -0 0 0 0 -0 0 0 0 0 0 0 
0.0120513250682908711 0.149354 0 242731 0.235257 35.7318 29.8744 0 01 0 -0 0 0 0 -0 0 0 0 -0 0 0 0 0 0 
0.0120643371856335741 1.32479 0 393168 35.7896 35.6809 29.8495 0 01 0 0 -0 0 0 0 -0 0 0 0 -0 0 0 0 0 
0.012073547461300755 0.172877 0 456799 0.262243 20.0914 18.0823 0 01 -0 0 0 0 -0 0 0 0 -0 0 0 1.38285 3.20943 0 1018.44 
0.0120774601852171939 0.612336 0 423197 0.932527 36.2733 32.646 0 01 0 0 0 0 0 0 0 0 0 0 0 0 0.601658 0 0 
0.0120891711876268872 0.122968 0 52396 3.59711 36.0149 23.8387 0 01 0 0 0 0 0 0 0 0 0 0 0 1.40631 3.90125 0 3163.46 
0.0120990497619906552 0.363188 0 186579 0.116154 35.9257 25.9972 0 01 0 0 0 0 0 0 0 0 0 0 0 1.39742 3.51687 0 222.47 
0.0121030902138150476 0.462313 0 618841 0.111471 36.3345 17.3927 0 01 0 0 0 0 0 0 0 0 0 0 0 0 0.451967 0 0 
0.012125707155111725 0.22928 0 525109 0.0978505 14.7647 13.284 0 01 0 0 0 0 0 0 0 0 0 0 0 1.81619 3.88505 0 164.995 
0.0121373774034257594 0.188898 1 581365 0 35.3992 29.9527 0 0 2 -0.00349902 -0.00524003 0.00707039 0 0 0 0 0 0 0 0 0.213393 1.83271 0 118.969 
0.0121476765863578681 0.0512444 0 102873 0.120117 35.854 18.0507 0 01 0 -0 0 0 0 -0 0 0 0 -0 0 3.81635 5.13182 8818.48 18456.2 
0.0121584242003651907 0.500037 0 382096 0.155594 35.7266 29.2912 0 01 0 0 -0 0 0 0 -0 0 0 0 -0 0.498338 1.00776 0 0 
0.0121980086549413821 0.188413 0 57393 0.197515 35.1696 29.6159 0 01 -0 0 0 0 -0 0 0 0 -0 0 0 1.02006 1.91527 0 535.56 
0.0122179244645778725 0.207655 0 472127 1.14018 36.2851 18.5925 0 01 -0 0 0 0 -0 0 0 0 -0 0 0 1.16826 3.18301 0 1559.06 
0.0122190854598912182 0.504357 0 316784 35.195 35.0911 29.5903 0 01 0 -0 0 0 0 -0 0 0 0 -0 0 0 0 0 0 
0.0122314879966780275 0.482468 0 302817 35.1486 35.0452 29.5676 0 01 -0 0 0 0 -0 0 0 0 -0 0 0 0 3.31516 0 0 
0.012239815060921035 0.161037 0 496495 0.13518 35.416 29.1703 0 01 0 0 0 0 0 0 0 0 0 0 0 1.54841 3.44919 2.02575 1472.76 
0.0122818602602650165 1.84263 0 425837 0.229094 35.3453 28.5829 0 01 0 -0 0 0 0 -0 0 0 0 -0 0 0 0 0 0 
0.0123131988113525416 2.51456 0 380007 0.490531 34.7444 29.43 0 01 0 0 0 0 0 0 0 0 0 0 0 0 0 0 0 
0.012314798997986192 1.81431 0 377351 34.8394 34.7383 29.4276 0 01 0 0 0 0 0 0 0 0 0 0 0 0 0 0 0 
0.0123493274219460929 0.162569 1 381331 0 40.5754 36.5178 0 0 1 0.0781278 0.73107 -0.409665 0 0 0 0 0 0 0 0 1.94357 4.92707 0 1844.09 
0.0123520044260917172 0.338551 0 424491 0.134009 30.6409 27.5768 0 01 -0 0 0 0 -0 0 0 0 -0 0 0 1.32686 3.00333 0 156.285 
0.0123531995839842087 0.0415814 0 505515 0.0842741 35.7648 28.6117 0 01 0 0 0 0 0 0 0 0 0 0 0 3.29414 5.52775 4871.04 16430.1 
0.0123747128096664723 0.142452 0 134648 0.705704 35.0116 27.3749 0 01 0 0 0 0 0 0 0 0 0 0 0 0.267875 2.07319 0 177.108 
0.0123935140095236245 0.143072 0 296138 34.5542 34.4554 29.2909 0 01 0 0 0 0 0 0 0 0 0 0 0 1.01983 3.20313 0 0 
0.012417689829387955 0.20162 1 529714 0 35.1464 29.1144 0 0 2 0.00899589 -0.0186901 0.0246506 0 0 0 0 0 0 0 0 1.40608 3.64333 0 109.122 
0.0124314884585360573 0.5115 0 38744 0 34.3216 29.2286 0 01 0 0 0 0 0 0 0 0 0 0 0 0.509499 1.0201 0 0 
0.0124348730263642588 0.103762 1 463247 0 34.3555 29.225 0 0 2 0.00125337 -0.00440052 0.0123961 0 0 0 0 0 0 0 0 3.7717 6.18357 3383.04 11997.4 
0.0124401649485332763 0.343361 0 215195 0.17633 34.5927 29.0771 0 01 0 0 0 0 0 0 0 0 0 0 0 0.658511 3.0073 0 0 
0.012456666647106901 0.404595 0 213781 34.3295 34.2324 29.1974 0 01 0 0 -0 0 0 0 -0 0 0 0 -0 1.60885 3.22419 742.1 742.1 
0.0124713721112582176 0.145698 0 434675 0 35.6312 14.1632 0 01 0 0 0 0 0 0 0 0 0 0 0 2.17824 3.81946 749.768 3875 
0.0124870787975987739 0.0927289 0 71669 0.132958 34.4288 29.0735 0 01 0 0 0 0 0 0 0 0 0 0 0 2.71678 5.04473 1831.5 7634.2 
0.0124989316312012402 0.333945 0 584422 0.10914 34.8884 29.3434 0 01 0 0 0 0 0 0 0 0 0 0 0 0.331452 2.32947 0 0 
0.0125423330407256669 0.496858 1 386821 0 33.9367 29.0599 0 0 2 -0.00645617 -0.0115431 0.00585058 0 0 0 0 0 0 0 0 0.491469 1.50783 0 0 
0.0125582199422394139 0.298447 0 306675 33.9768 33.8825 29.0451 0 01 -0 0 0 0 -0 0 0 0 -0 0 0 0 0.304666 0 0 
0.0125654801250824153 0.33906 0 202678 0.601797 33.8574 29.0242 0 01 0 0 0 0 0 0 0 0 0 0 0 0 0 0 0 
0.0125887434660357025 0.302877 0 591732 0.121833 33.78 29.1113 0 01 0 0 0 0 0 0 0 0 0 0 0 0.613608 2.14663 0 0 
0.0125912710853712303 3.03006 0 334345 33.8645 33.771 28.9816 0 01 0 0 -0 0 0 0 -0 0 0 0 -0 0 0 0 0 
0.0126037581684309945 0.325938 0 237905 0.162761 33.7278 28.9685 0 01 0 0 0 0 0 0 0 0 0 0 0 0.328561 3.29028 0 679.575 
0.0126434419092364258 0.223338 0 428618 0.41285 28.9219 26.0297 0 01 0 0 0 0 0 0 0 0 0 0 0 1.86332 3.92457 656.141 867.171 
0.0126914291973879694 0.143364 0 126051 0.13472 13.5256 10.6781 0 97.26651 -77.4986 52.3224 -26.7788 0 0 0 -0 0 0 0 -0 3.22616 6.08308 940.524 6715.51 
0.0126975405041868106 0.0878014 0 137495 0.147335 14.5554 12.9162 0 6.086481 -1.27149 1.38339 -5.78919 0 0 0 -0 0 0 0 -0 2.87904 5.61249 5905.01 13556.2 
0.0127000279241825508 0.14469 1 355372 0 44.709 40.2381 0 0 2 -0.00428205 -0.00018272 0.010299 0 0 0 0 0 0 0 0 1.91507 4.05745 0 2312.19 
0.0127235944831213636 0.184837 1 17420 0 33.3313 28.8039 0 0 1 0.00478928 0.00430035 -0.0110599 0 0 0 -0 0 0 0 -0 3.91917 7.47245 1962.78 4022.39 
0.0127369756455773149 0.174048 0 363058 0.19341 33.6613 28.5029 0 01 0 0 0 0 0 0 0 0 0 0 0 3.47777 6.84161 750.827 1156.8 
0.0128212423269439754 0.131706 0 378323 0.240386 33.0169 28.6348 0 01 0 0 0 0 0 0 0 0 0 0 0 2.96993 6.3283 1948.47 5138.54 
0.0128292807328187122 0.2748 0 342636 0.161266 32.9911 28.6373 0 01 0 0 0 0 0 0 0 0 0 0 0 0.77415 4.43001 65.7507 65.7507 
0.0128358055450411429 0.196945 0 555530 0.228119 33.268 16.4019 0 01 -0 0 0 0 -0 0 0 0 -0 0 0 0 0 0 0 
0.0128709750429126402 3.08874 0 224265 0.114586 32.8594 28.5746 0 01 0 0 0 0 0 0 0 0 0 0 0 0 0 0 0 
0.0128875256475081811 0.154876 1 558555 0 33.2213 28.3407 0 0 2 0.0219244 -0.0113557 0.0158663 0 0 0 0 0 0 0 0 0.815775 2.499 696.122 1910.58 
0.0129144758427303472 0.198799 0 494274 0.107997 46.2618 41.6356 0 01 0 0 0 0 0 0 0 0 0 0 0 2.04458 5.64167 224.62 581.674 
0.0129166336992430145 1.49219 0 362838 32.8024 32.7168 28.5094 0 01 0 0 0 0 0 0 0 0 0 0 0 0 0 0 0 
0.0129576703234152903 0.083108 0 296592 0.164523 32.8751 28.3499 0 01 0 -0 0 0 0 -0 0 0 0 -0 0 2.78854 4.76702 3555.88 8301.27 
0.0129886784818723719 0.172753 0 461308 0 32.9744 27.672 0 01 0 0 0 0 0 0 0 0 0 0 0 1.63422 3.09345 644.318 2671.82 
0.0130201618429599108 0.859847 0 213632 6.07656 32.3985 27.9559 0 6.601771 -2.28831 -2.4056 -5.70614 0 0 -0 0 0 0 -0 0 0 0 0 0 
0.0130209081396847233 0.368121 1 87366 0 13.9401 11.5779 0 0 2 -3.10463 7.38537 12.3772 0 0 0 0 0 0 0 0 0 1.81678 0 0 
0.0130305154690539705 1.2833 0 350599 32.4505 32.3674 27.8482 0 5.837181 -5.0095 1.41764 -2.63967 0 -0 0 0 0 -0 0 0 0 2.55427 0 0 
0.0130642629449666519 0.630547 0 30052 0.334801 32.5316 28.1408 0 1.278591 0.00733522 -0.234995 -1.25679 0 0 0 0 0 0 0 0 0.638478 1.27503 0 0 
0.0130784727343583752 0.388152 0 107151 0.109067 32.2239 27.4358 0 19.30041 15.3643 11.002 -3.92388 0 0 0 -0 0 0 0 -0 1.89314 3.81932 0 0 
0.0130868021359269466 0.0534344 1 424630 0 43.3046 217.417 0 0 2 -0.00268072 -0.00314941 0.00416739 0 -0 0 0 0 -0 0 0 3.48839 5.53714 4795.63 13998.6 
0.0131189403015400646 0.138825 0 176355 1.12021 32.3623 27.6447 0 5.405171 1.89309 -0.551058 5.03273 0 0 0 0 0 0 0 0 1.87865 4.13073 264.8 922.606 
0.0131360091354184774 0.168672 0 223846 0.11603 32.5832 12.7739 0 01 0 0 0 0 0 0 0 0 0 0 0 1.1075 1.82432 0 927.86 
0.0131409458016743634 0.166556 0 55250 0.0983479 41.4226 37.2804 0 01 0 0 0 0 0 0 0 0 0 0 0 1.08238 3.04396 12.0441 128.988 
0.0131723154732116612 0.227196 0 276444 32.0268 31.9468 26.6484 0 21.98221 21.9822 0.0145128 0.000737061 0 0 0 0 0 0 0 0 0.690293 3.20656 0 79.2702 
0.0131747733621434011 0.405508 1 556612 0 15.469 13.9185 0 0 1 -0.85572 -1.42462 0.49942 0 0 0 0 0 0 0 0 0.402877 2.06386 0 140.244 
0.0131853727446320772 0.266695 0 139792 31.9889 31.9091 26.5216 0 14.93611 12.896 -5.63196 5.00601 0 0 0 0 0 0 0 0 2.36028 5.28721 543.347 704.983 
0.0132315302821179696 17.047 0 370212 31.8537 31.7748 26.1461 0 19.84271 -2.02971 -19.6651 -1.70199 0 -0 0 0 0 -0 0 0 0 0 0 0 
0.0133225911288942719 0.079753 0 541926 0.132756 32.9014 25.9833 0 01 0 0 0 0 0 0 0 0 0 0 0 4.24099 6.64111 6977.01 15918.2 
0.0133391594012889914 0.587263 0 109173 0.373894 31.4691 25.225 0 40.05831 -11.7357 21.9355 -31.397 0 0 0 -0 0 0 0 -0 0 0.602676 0 0 
0.0133600080924626552 2.3654 0 291088 31.4867 31.4104 25.0434 0 39.49341 17.6172 -19.5713 -29.4335 0 0 -0 0 0 0 -0 0 0 0 0 0 
0.0133657162163532371 16.9931 0 55686 0.224934 31.3951 24.9963 0 32.26111 5.35009 19.0201 -25.5028 0 0 0 0 0 0 0 0 0 0 0 0 
0.013421878725600106 0.309185 0 15422 0.11334 31.7249 25.3607 0 34.12771 -29.6162 -16.1558 -5.15488 0 0 0 0 0 0 0 0 0.32004 1.90031 0 0 
0.0134505464601879093 0.295335 0 184947 31.2345 31.1598 24.2738 0 62.44491 60.6551 0.393344 -14.8382 0 0 0 0 0 0 0 0 0.571582 2.3279 0 88.3792 
0.0134688873950905494 0.165867 1 438882 0 57.8729 52.0856 0 0 1 0.561293 -0.144815 0.169997 0 0 0 0 0 0 0 0 2.31131 6.21045 0 2697.7 
0.0135035195077340651 0.289165 0 208370 0.515555 31.5326 24.4649 0 27.71661 -11.9775 18.1738 17.16 0 0 0 0 0 0 0 0 0.569561 0.873699 0 0 
0.0135131272458130901 0.351424 0 67849 0.0850111 31.4657 24.497 0 25.14241 -17.959 17.5792 -0.766704 0 0 0 0 0 0 0 0 1.7467 4.14732 0 0 
0.0135227484796042342 0.232216 0 300179 31.0381 30.9648 23.6811 0 107.5821 64.1331 81.94 27.3241 0 0 0 0 0 0 0 0 1.47983 5.13527 0 603.468 
0.0135563385408739023 0.542672 0 304523 30.9467 30.874 23.4083 0 48.98171 -48.5648 6.08159 1.91782 0 0 0 0 0 0 0 0 0 1.08271 0 0 
0.0135762302001963923 17.3818 0 30458 30.8936 30.8213 23.2508 0 67.63131 11.7916 60.5235 -27.7823 0 0 0 0 0 0 0 0 0 0 0 0 
0.0136018220585379067 0.108994 0 86848 0.172964 30.7534 15.1067 0 10.24221 9.68911 -2.11324 -2.56101 0 0 0 0 0 0 0 0 2.34712 4.52795 4699.54 11002.3 
0.0136126989110448692 0.273538 0 79775 0.0878677 30.7252 22.9656 0 67.96941 17.6101 -28.6858 59.0495 0 0 0 0 0 0 0 0 2.12667 5.61519 103.451 712.909 
0.0136136476287168125 0.378797 0 52314 0.503437 30.7219 22.9558 0 93.53771 -80.5413 31.9436 35.2422 0 0 0 0 0 0 0 0 0.743012 2.19729 0 0 
0.0136203228254279142 0.133054 0 69754 30.7762 30.7047 22.905 0 69.59811 5.2138 -69.2536 4.5442 0 0 0 0 0 0 0 0 0.745199 2.6793 165.183 361.423 
0.0136254733298054615 0.214902 0 177987 30.7625 30.6911 22.8648 0 80.7511 63.2207 -32.2816 -38.4936 0 0 0 -0 0 0 0 -0 0 0 0 0 
0.0136508850705960409 0.663437 0 59481 1.56121 30.6242 22.6681 0 100.6031 -85.1175 -13.374 -51.9334 0 0 -0 0 0 0 -0 0 0.667516 0.667516 0 0 
0.0136894605127680976 0.129808 1 589926 0 33.1225 29.8102 0 0 2 -0.142079 -0.624364 0.926087 0 -0 0 0 0 -0 0 0 0 0 0 0 
0.013690629669868672 1.16685 0 253960 30.5912 30.5208 22.3664 0 40.75911 15.6951 0.439632 -37.6135 0 0 0 -0 0 0 0 -0 0 1.12586 0 0 
0.013701783900678912 0.2619 0 132704 30.5626 30.4925 22.2839 0 78.69811 -64.2184 45.4877 -0.501016 0 0 0 0 0 0 0 0 0.260897 2.39475 0 0 
0.0137139424751878767 0.709244 0 26774 0.244457 30.8222 23.0063 0 43.131 41.1103 -5.88291 11.6418 0 0 -0 0 0 0 -0 0 0 0 0 0 
0.0137270539907064018 0.352339 0 304139 30.4969 30.4272 22.0951 0 101.1261 -82.5652 52.0602 -26.4417 0 0 0 0 0 0 0 0 0.337959 2.06198 0 0 
0.0137429554113238494 0.0934118 0 169885 0.126077 30.8676 22.7575 0 78.24651 68.708 32.2265 19.0573 0 0 0 0 0 0 0 0 2.08605 4.61415 4463.05 9522.31 
0.0137567901083204876 1.37754 0 357743 30.4199 30.3507 21.8751 0 32.10481 -21.022 20.873 -12.3737 0 0 0 0 0 0 0 0 0 0 0 0 
0.0137582547242592283 0.568127 0 435738 0.41401 31.9076 28.7168 0 01 0 0 0 0 0 0 0 0 0 0 0 0 0 0 0 
0.0137584680960592832 0.26581 0 263588 0.217981 30.3468 21.8641 0 63.23651 -55.6921 -29.3815 -5.82917 0 0 0 0 0 0 0 0 0.519999 1.60005 0 0 
0.0137743080114985528 0.188061 1 429110 0 58.6501 52.7851 0 0 2 0.00712693 0.0112981 -0.00195169 0 0 0 0 0 0 0 0 1.21313 2.95819 0 228.041 
0.0137784826466748542 0.430026 0 19678 0.437251 30.7276 22.4873 0 30.34781 -14.9013 -24.274 -10.4745 0 -0 0 0 0 -0 0 0 0.426296 0.856322 0 232.712 
0.0137793286308223236 0.276369 1 325015 0 11.6299 7.72974 0 0 2 14.0465 -114.131 21.7829 0 0 -0 0 0 0 -0 0 0.519334 1.8574 0 0 
0.0138406705998298796 0.0918397 1 0 0 30.3128 21.7681 0 0 1 -69.7932 -42.6016 -2.27232 1 -94.6464 0.644412 -41.0039 0 -0 0 0 2.95605 5.36117 3312.48 13294.2 
0.0138414673366158893 0.21807 0 89901 0.113934 30.6395 22.0554 0 39.07681 -28.5085 -26.0847 -5.8184 0 0 0 0 0 0 0 0 0.215308 0.645148 0 0 
0.0138741287565905258 0.308317 0 183892 30.1223 30.055 21.0379 0 56.93421 41.7221 38.6607 -2.47406 0 0 0 0 0 0 0 0 0 0.314616 0 0 
0.0138833657621357364 0.717844 0 291911 30.1002 30.033 20.9765 0 73.80531 43.0029 -44.3926 40.3394 0 0 0 0 0 0 0 0 0 0.723789 0 0 
0.0139107231156938502 1.86502 0 27397 0.106213 29.9646 20.7859 0 82.7621 53.5628 31.3286 54.764 0 0 0 0 0 0 0 0 0 0 0 0 
0.0139134927732864431 0.0932798 0 154589 0.098122 29.9576 20.7666 0 73.02741 43.1803 -13.3006 -57.3721 0 0 -0 0 0 0 -0 0 1.97011 3.80183 5420.83 10659.2 
0.0139153373805099186 0.409087 0 264935 31.5906 13.0386 9.85525 0 27.15391 1.74203 -24.933 -10.6133 0 0 -0 0 0 0 -0 0 0.409417 1.25348 0 0 
0.0139296904496619585 0.709451 0 387995 29.9841 29.9177 20.6562 0 59.77551 11.6376 -7.64527 -58.1312 0 0 0 -0 0 0 0 -0 0 0.72074 0 0 
0.0139847154572625351 0.170739 0 129259 0.352066 29.7838 20.2881 0 66.68411 57.5626 33.3842 -4.33654 0 0 0 0 0 0 0 0 0.864119 3.15276 398.954 398.954 
0.0140380243182439447 0.0256146 0 463108 1.00973 30.5653 21.084 0 134.3491 -34.4438 -62.2605 -113.96 0 0 -0 0 0 0 -0 0 2.02024 3.9327 3116.13 8608.28 
0.0140392582600479682 0.140047 1 467935 0 45.8062 41.2255 0 0 2 -0.0547876 -0.0338817 -0.00241733 0 0 0 0 0 0 0 0 2.84377 4.58223 1417.73 3613.41 
0.0140551742500061045 1.80146 0 48688 29.678 29.6136 19.8264 0 99.36951 27.1166 95.5978 -0.206686 0 0 0 0 0 0 0 0 0 0 0 0 
0.0140661548416441146 2.34547 0 367285 29.6525 29.5882 19.7581 0 184.0421 -181.405 -2.56667 -30.9371 0 0 -0 0 0 0 -0 0 0 4.7299 0 0 
0.0140685165785916257 0.117286 0 293121 0.0962172 29.5821 19.7417 0 150.0041 -26.1678 51.9967 -138.249 0 0 0 -0 0 0 0 -0 3.49484 5.68715 2165.95 4769.6 
0.0140706944645134589 0.385129 0 292369 1.68173 30.0374 20.3876 0 49.92881 -46.744 -15.4492 -8.31931 0 0 -0 0 0 0 -0 0 1.17003 1.17003 0 0 
0.0140980359386550669 0.628195 0 289599 0.283027 29.5116 19.5531 0 125.3491 125.164 4.76219 -4.87101 0 0 0 0 0 0 0 0 0 0.633163 0 0 
0.0141087117568720697 1.3936 0 360776 29.5502 29.4866 19.4863 0 18.04381 -7.38624 -4.93433 15.7059 0 0 -0 0 0 0 -0 0 0 0 0 0 
0.0141235854622377716 0.0821507 1 463927 0 39.057 35.1513 0 0 1 1.21406 1.21766 -0.591338 0 0 0 0 0 0 0 0 2.65945 4.75424 2481.21 14938.2 
0.0141544559098013452 0.460252 0 153147 0.194998 29.379 19.2011 0 83.96431 -51.0915 49.2543 -44.8741 0 0 0 -0 0 0 0 -0 0 0.460036 0 0 
0.0141562176363915979 0.133382 0 366867 29.4376 29.3747 19.1897 0 100.4011 -39.3153 80.2645 45.741 0 0 0 0 0 0 0 0 0.809146 2.6454 0 690.303 
0.0141571368418299363 1.07774 0 392518 29.4353 29.3724 19.1837 0 48.86041 -48.4992 -3.38059 -4.87202 0 0 0 0 0 0 0 0 0 0 0 0 
0.0141616538491580093 0.212635 1 0 0 11.6891 7.60982 0 0 1 -1.45034 -59.7183 17.5164 1 -32.492 -69.0422 -31.465 0 0 0 -0 0.629629 2.33585 0 53.1023 
0.0142217555495128163 0.15108 0 152125 0.089916 29.2221 18.79 0 225.5591 224.396 21.182 8.62316 0 0 0 0 0 0 0 0 2.65887 6.04086 706.459 1599.49 
0.0142477518766425844 0.466402 0 335816 29.2236 29.162 18.6339 0 72.24631 69.8761 -14.4365 11.3334 0 0 0 0 0 0 0 0 0 0.955459 0 0 
0.0142663864981588881 0.263329 1 0 0 11.5814 7.46625 0 0 1 29.1685 4.95212 -55.9973 1 76.8288 -55.5689 17.3184 0 0 -0 0 0 0.809398 0 0 
0.0142998902204602828 0.211639 0 6292 0.0828406 29.043 18.3275 0 146.7641 -15.8143 -135.53 -54.0498 0 0 -0 0 0 0 -0 0 0.22055 1.06747 0 0 
0.0143032249881301747 0.758633 1 194863 0 12.526 9.00187 0 0 2 -26.3663 96.4123 -54.1181 0 0 0 0 0 0 0 0 0 0 0 0 
0.0143155892968703582 0.451037 0 353010 29.0679 29.0072 18.236 0 162.6221 -92.8593 -84.7406 -103.16 0 -0 0 0 0 -0 0 0 0 0 0 0 
0.0143255431869949105 0.453056 0 19650 0.48357 29.2271 18.6827 0 71.68831 -31.4613 45.8167 45.2793 0 0 0 0 0 0 0 0 0 1.8261 0 0 
0.0143363649985990375 0.31136 0 185079 1.76348 28.9612 18.1188 0 154.0211 117.52 67.7899 -72.912 0 0 0 0 0 0 0 0 1.28007 3.87131 0 38.4338 
0.0143471596489308049 0.155878 1 436152 0 28.4102 25.5692 0 0 2 0.0209691 9.00741e-05 -0.0280327 0 0 0 -0 0 0 0 -0 2.16521 3.23415 1445.55 3217.71 
0.0143507637719887966 0.299809 0 201415 0.335894 28.9278 18.0338 0 106.2051 -44.0583 75.5523 60.2517 0 0 0 0 0 0 0 0 1.17508 2.65268 171.507 487.751 
0.0143562887887336097 0.617162 1 261741 0 11.5231 7.59678 0 0 2 -119.459 143.885 32.8863 0 -0 0 0 0 -0 0 0 0.628235 1.25813 0 0 
0.0143612133253010182 0.0877413 0 733352 0.137523 29.1378 18.6252 0 56.18771 -32.4518 38.2567 -25.3052 0 0 0 0 0 0 0 0 4.15539 6.32562 11055.8 21825.7 
0.0143748403008147323 0.3515 0 179360 1.19433 28.8739 17.8976 0 14.94331 14.9359 -0.112957 -0.455093 0 0 0 -0 0 0 0 -0 0 0 0 0 
0.0144075136378967721 0.499105 1 0 0 11.4397 7.28365 0 0 1 -38.0855 20.4666 52.4646 1 77.5836 -8.21841 79.5134 0 0 0 0 0.495924 0.996416 0 0 
0.0144382316687817775 0.122818 0 502369 0.140391 39.0108 35.1097 0 01 0 0 0 0 0 0 0 0 0 0 0 0.357746 2.36484 286.762 610.457 
0.0144699439124225723 0.626451 0 321271 28.7216 28.663 17.3705 0 151.6331 -3.52798 -134.59 69.7553 0 0 0 0 0 0 0 0 0 1.90836 0 0 
0.0144843105449798306 2.08145 0 23097 0.109559 28.6322 17.2943 0 109.3941 -50.126 70.9 66.541 0 -0 0 0 0 -0 0 0 0 0 0 0 
0.0144897024065649676 0.548903 0 239877 0.341028 28.6197 17.2635 0 257.4261 -255.905 7.42267 -26.9384 0 0 0 0 0 0 0 0 0 2.73738 0 0 
0.0144952067800802747 1.41084 0 308710 28.6661 28.6079 17.2342 0 58.90431 -58.3011 4.91767 -6.8206 0 -0 0 0 0 -0 0 0 0 0 0 0 
0.0145015757849630486 0.291458 0 332721 0.418561 28.594 17.2001 0 131.4161 122.19 30.0662 -37.892 0 0 0 -0 0 0 0 -0 0.283253 0.283253 0 0 
0.0145125928493629198 0.306303 0 126118 0.0900194 29.0253 17.8083 0 72.26191 -50.0929 -12.3788 -50.5891 0 0 0 -0 0 0 0 -0 0 0 0 0 
0.0145483143609920797 1.70607 0 248774 28.5498 28.4923 16.951 0 137.8681 122.927 61.9189 7.89705 0 0 0 0 0 0 0 0 0 0 0 0 
0.0145513627123925529 0.372519 0 61856 0 28.5126 17.0007 0 39.69821 35.3396 -13.8984 -11.5712 0 0 0 0 0 0 0 0 0 0 0 0 
0.0145594689017772474 0.118453 1 427049 0 41.58 37.422 0 0 1 0.0665788 -0.088334 0.896399 0 0 0 0 0 0 0 0 1.48532 5.69771 0 1504.22 
0.0145675784025017727 0.186314 0 264537 0.425709 28.4512 20.3741 0 159.7951 -158.385 -3.00993 -20.9629 0 0 -0 0 0 0 -0 0 1.92769 4.39293 160.231 432.237 
0.0146045237012610626 0.532498 0 496233 0.140834 17.5188 15.7654 0 01 0 0 0 0 0 0 0 0 0 0 0 0.537129 0.537129 0 0 
0.0146233493535284174 0.127486 1 0 0 28.3319 16.5629 0 0 1 -47.7278 -88.5353 18.7953 1 -51.7342 -82.4768 37.0824 0 -0 0 0 2.1221 4.67404 2889.43 4294.48 
0.0146342092659855396 0.211442 0 228406 3.76755 28.3085 16.5067 0 160.8131 -87.6164 134.837 1.81443 0 0 0 0 0 0 0 0 0.866605 2.1615 94.8101 1580.92 
0.0146394738283198485 1.06042 0 99537 0.221617 28.2973 16.4799 0 87.62111 85.0765 -18.6657 9.541 0 0 -0 0 0 0 -0 0 1.07567 1.07567 0 0 
0.0146464474907249623 0.319435 0 185355 28.3386 28.2824 16.4442 0 76.34371 -51.0404 34.5807 -45.0268 0 0 0 0 0 0 0 0 0.316397 0.637879 0 0 
0.0146499678025965342 0.229904 0 223714 28.3313 28.2751 16.4268 0 118.7161 118.339 -1.65824 -9.29754 0 0 -0 0 0 0 -0 0 0.959728 1.93422 0 0 
0.0146620671690875226 1.23649 0 106288 0.0817561 28.2495 16.3657 0 145.5251 137.181 -17.9812 -45.119 0 0 0 0 0 0 0 0 0 0 0 0 
0.0146711281479988929 0.421429 0 224840 0.0903594 28.2301 16.3195 0 331.6741 -225.299 237.479 53.3992 0 0 0 0 0 0 0 0 0.843319 2.11397 0 0 
0.0146726128344687526 0.366159 0 67839 0.51636 28.2271 16.3124 0 157.2361 115.277 -5.07947 -106.811 0 0 0 0 0 0 0 0 0.380499 1.89286 0 0 
0.0146905520664840587 0.287522 0 10701 1.96806 17.6248 15.861 0 01 0 0 0 0 0 0 0 0 0 0 0 1.17308 2.06267 37.2002 350.006 
0.0146956340052508804 0.193592 0 530778 0.345415 25.5221 22.9699 0 01 0 0 -0 0 0 0 -0 0 0 0 -0 0 0 0 0 
0.0146999142962860527 0.0311562 0 291918 0.126328 28.6195 16.8841 0 61.33051 19.1799 38.0493 -44.1114 0 0 0 -0 0 0 0 -0 2.92084 4.46036 7465.41 13841.1 
0.0147111433574358356 0.1507 0 39238 0.0828235 28.1466 16.1215 0 159.0551 142.399 -25.3937 66.1528 0 0 0 0 0 0 0 0 2.79187 6.14364 124.388 2512.17 
0.0147185750232656214 0.119338 1 432220 0 45.7205 41.1485 0 0 2 0.0101763 -0.0271617 0.021869 0 0 0 0 0 0 0 0 1.97806 2.82599 635.088 3623.61 
0.0147758637144152216 0.0515924 1 0 0 28.887 17.2183 0 0 1 55.2682 -120.579 -45.7818 1 41.84 -111.134 -86.6086 0 0 0 -0 2.56615 4.64678 3366.58 11696.9 
0.0147822684557613812 1.60796 0 331934 28.0534 27.9988 15.775 0 178.1151 -123.775 -107.744 -69.2523 0 -0 0 0 0 -0 0 0 0 1.63053 0 0 
0.0147975230286586275 0.127484 1 0 0 11.0876 6.85992 0 0 1 -99.3423 102.204 -72.3855 1 -665.193 -437.4 -54.9569 0 -0 0 0 1.94317 3.3559 174.744 1432.09 
0.0148014206787345608 0.1009 0 41160 0.633523 27.9588 15.6821 0 156.7761 -151.98 37.7255 7.57813 0 0 0 0 0 0 0 0 2.97026 4.52202 6643.81 16242.9 
0.0148061106365178566 0.365165 0 129944 0.100434 27.9493 15.66 0 116.8971 -116.404 9.91636 -4.08997 0 0 0 0 0 0 0 0 1.05471 2.1459 0 0 
0.0148239700168791323 0.227132 0 185527 1.04468 27.9127 15.5753 0 153.4261 -118.049 -43.4746 -87.829 0 -0 0 0 0 -0 0 0 0.222131 1.2894 0 0 
0.0148245010226994624 0.0395742 1 455226 0 25.281 22.7529 0 0 2 -0.00394526 0.0277395 0.0111754 0 -0 0 0 0 -0 0 0 4.89215 7.19331 11833.6 27715.6 
0.0148361744478719883 0.124797 0 279797 27.9416 27.8877 15.5175 0 212.8441 156.727 58.1772 -131.737 0 0 0 -0 0 0 0 -0 1.71977 4.3253 30.1361 1441.24 
0.0148563337852128021 0.0906438 0 436798 0.0885737 28.3528 10.825 0 201.8151 50.3189 -96.5309 169.939 0 0 0 0 0 0 0 0 4.20291 7.1769 9237.45 23398.8 
0.0148563337852128021 0.137363 0 300870 0.189913 27.8466 15.4229 0 77.09351 64.7651 -41.3432 6.29465 0 0 0 0 0 0 0 0 1.58571 3.94434 0 791.353 
0.014877712913380749 0.244573 0 442287 0.269125 29.6735 17.9454 0 98.0811 -85.8843 42.4745 -20.9688 0 -0 0 0 0 -0 0 0 0.246518 1.24023 433.17 433.17 
0.014877712913380749 0.302464 0 262055 27.8567 27.8033 15.3237 0 198.2161 -191.45 50.4368 9.62963 0 -0 0 0 0 -0 0 0 0.60309 1.79336 0 0 
0.0148830770595817351 0.924483 0 223552 27.8459 27.7925 15.2991 0 71.97921 -62.1885 -34.9295 9.6705 0 0 0 0 0 0 0 0 0 0.924483 0 0 
0.0148923904281466832 0.611582 0 346540 27.8273 27.774 15.2569 0 161.7791 66.6059 -147.386 -3.6736 0 0 0 0 0 0 0 0 0 1.21527 0 0 
0.0149352088763533338 0.432245 0 132710 27.7405 27.6877 15.0609 0 250.3621 -64.2156 -232.366 -67.5556 0 0 0 0 0 0 0 0 0.439586 1.72769 0 0 
0.0149702791163541637 0.154386 0 576840 0.282365 32.8704 29.5834 0 01 0 0 -0 0 0 0 -0 0 0 0 -0 0.796304 2.90013 476.191 1007.95 
0.0149800099285012193 1.59062 0 207143 27.6503 27.598 14.859 0 357.7741 334.126 34.8488 -123.076 0 0 0 -0 0 0 0 -0 0 0 0 0 
0.0149814531914212075 0.0782617 1 447213 0 22.5788 20.3209 0 0 2 0.00195651 -0.00333876 0.00708583 0 0 -0 0 0 0 -0 0 2.9296 4.28489 5905.22 12743.8 
0.0149871117606411863 0.729793 1 453235 0 18.8713 16.9842 0 0 2 0.00770498 0.0132284 -0.00799963 0 0 0 0 0 0 0 0 0 0.733503 0 0 
0.0149988961171849434 0.700672 0 166801 27.6131 27.5611 14.7763 0 134.241 2.88509 -63.3352 -118.324 0 0 0 0 0 0 0 0 0 0 0 0 
0.0150037381373565332 0.0995723 0 309816 0.193832 27.5512 14.7542 0 139.9731 -92.4705 -63.9067 83.4113 0 0 -0 0 0 0 -0 0 2.73772 4.56233 2807.63 7956.08 
0.0150341184097875051 0.0494821 0 516730 0.111078 32.6599 29.3939 0 01 0 0 -0 0 0 0 -0 0 0 0 -0 2.60845 5.00835 8304.76 17803.1 
0.01507330049122548 0.0488184 0 509495 0.704811 27.657 14.97 0 217.8341 210.672 -53.8021 13.2061 0 0 -0 0 0 0 -0 0 2.41289 4.05485 3984.2 11095.8 
0.0150920575056001424 1.2954 0 129927 0.104272 27.3778 14.3704 0 135.5261 64.1822 103.839 58.8674 0 0 0 0 0 0 0 0 0 0 0 0 
0.0151110120143904576 0.79748 0 339850 0.097737 27.8378 11.6033 0 200.0671 185.487 -22.9725 71.3717 0 0 0 0 0 0 0 0 0 0 0 0 
0.0151317549148562939 0.367578 0 223825 27.3517 27.3011 14.2027 0 278.0091 -272.513 29.6756 -46.3171 0 0 0 -0 0 0 0 -0 0.712806 1.40352 0 0 
0.0151383020555948076 0.0745652 0 61838 0.588489 27.2887 14.1757 0 131.4471 37.8066 115.718 49.5821 0 0 0 0 0 0 0 0 2.28723 3.36847 5650.47 14156.5 
0.0151391232998753754 0.357429 0 338496 0.201478 27.2868 14.1715 0 74.35231 70.6389 21.3581 -9.06899 0 0 0 0 0 0 0 0 0.703375 1.06928 0 50.0472 
0.0151528111348193557 0.44675 0 149264 0.154388 27.2607 14.1148 0 132.8981 -106.131 -46.6994 64.9387 0 0 0 0 0 0 0 0 0 0.919933 0 0 
0.0151535852112957194 0.293681 0 298005 27.3092 27.2589 14.1109 0 58.92531 -54.5908 4.8094 21.6542 0 0 0 0 0 0 0 0 0.31331 1.52497 0 0 
0.0151799706428378985 0.275398 0 469210 0.101063 27.823 14.8603 0 124.2821 0.245988 -32.8919 -119.85 0 0 -0 0 0 0 -0 0 1.08982 2.21821 0 0 
0.0151844818671833109 15.0791 0 141353 27.2499 27.1998 13.9832 0 247.6791 165.608 5.62769 184.085 0 0 0 0 0 0 0 0 0 0 0 0 
0.0151885352113266744 0.401187 0 81542 0.551998 27.1919 13.966 0 211.1741 -177.394 14.9857 113.584 0 0 0 0 0 0 0 0 0.809422 1.22128 0 0 
0.0151896017555189621 0.831126 0 340718 27.2398 27.1898 13.9616 0 237.951 50.5208 -225.385 57.1796 0 0 0 0 0 0 0 0 0 1.65869 0 0 
0.0152006724939767451 0.083746 0 181037 27.2189 27.1691 13.9169 0 106.0571 61.2165 48.8595 71.5072 0 0 0 0 0 0 0 0 3.06747 4.38076 4785.35 12255.3 
0.0152221858900373676 0.605156 0 352578 27.1776 27.128 13.8288 0 222.21 -197.17 99.8171 23.0936 0 0 0 0 0 0 0 0 0 0 0 0 
0.0152372712447165545 0.147924 0 241647 27.1487 27.0993 13.7673 0 133.2261 132.677 12.0475 -0.947841 0 0 0 0 0 0 0 0 0.981554 3.7461 422.443 422.443 
0.0152553278163484185 0.446666 0 292326 27.1149 27.0656 13.6955 0 192.6661 -184.385 18.8374 52.6087 0 -0 0 0 0 -0 0 0 0.464 1.82656 0 40.3141 
0.0152795478891823971 0.315151 0 187038 0.257251 27.0199 13.5985 0 210.6881 104.741 -7.43008 -182.657 0 0 -0 0 0 0 -0 0 1.23587 1.53253 0 0 
0.0152894029698161758 1.80744 0 250839 27.0503 27.0014 13.5592 0 199.3581 -198.863 2.86811 -13.7467 0 -0 0 0 0 -0 0 0 0 3.58706 0 0 
0.0153211912079481843 16.1103 0 304714 26.9905 26.9419 13.4337 0 117.4421 -116.236 16.4439 3.37895 0 0 0 0 0 0 0 0 0 0 0 0 
0.0153364392688315268 1.02406 0 215333 26.9624 26.9139 13.375 0 136.211 136.025 -6.98108 1.21553 0 0 0 0 0 0 0 0 0 0 0 0 
0.0153657097314323816 0.230958 0 497368 0.0815266 27.3221 24.5899 0 01 0 0 0 0 0 0 0 0 0 0 0 0.647133 2.60091 231.998 231.998 
0.015407458971172636 0.0670475 0 205268 1.24001 22.8162 20.5346 0 01 -0 0 0 0 -0 0 0 0 -0 0 0 3.70768 5.56857 6316.27 13531.9 
0.0154684151061620957 0.840392 0 242090 26.7187 26.6716 12.873 0 180.2611 102.419 139.354 -50.8403 0 0 0 0 0 0 0 0 0.829834 1.66306 0 0 
0.0154741101283185304 0.0941647 1 433687 0 44.5008 40.0507 0 0 1 -0.151599 0.0696062 0.34939 0 0 0 0 0 0 0 0 4.06019 6.01011 4976.64 15304.7 
0.0155149674055465366 0.131586 0 474190 0.130844 19.4791 17.5312 0 01 0 0 0 0 0 0 0 0 0 0 0 2.40677 5.37325 4345.19 4910.85 
0.0155488618948642614 0.447293 1 584882 0 18.7619 16.8857 0 0 2 0.0360935 0.0131382 -0.0104147 0 0 0 -0 0 0 0 -0 0.908187 1.82916 180.89 180.89 
0.0155785082679543389 0.577476 0 243230 0.137052 26.9534 12.6607 0 107.0791 107.059 -1.75197 1.09477 0 0 0 0 0 0 0 0 0 1.13488 0 0 
0.0156031202328511705 4.35173 0 131361 26.4753 26.4295 12.3836 0 160.1781 146.288 61.8422 20.7902 0 0 0 0 0 0 0 0 0 0 0 0 
0.0156118191163099242 0.409366 0 49516 0.19504 26.8514 12.899 0 353.0691 280.666 -212.347 -28.1522 0 0 0 -0 0 0 0 -0 0 0 0 0 
0.0156507491581275408 0.0681505 0 496833 0.39349 35.7722 32.195 0 01 0 0 0 0 0 0 0 0 0 0 0 4.6345 8.24969 8033.89 22688.3 
0.0156577013888915262 0.145896 1 426215 0 58.22 52.398 0 0 1 0.324803 -0.0037396 0.0531063 0 0 0 0 0 0 0 0 3.25221 7.20009 0 2915.8 
0.0156871284000118967 0.318483 0 125335 26.327 26.282 12.0914 0 247.7831 212.655 127.091 4.67838 0 0 0 0 0 0 0 0 0 1.81667 0 0 
0.0156902681007130874 0.39753 0 18681 26.3216 26.2766 12.0808 0 2721 -242.461 123.159 -5.30143 0 0 0 -0 0 0 0 -0 0.758346 2.68178 0 0 
0.0156939732076034309 0.997697 0 279961 26.3148 26.2698 12.0675 0 180.5871 -175.181 -21.9507 -37.9679 0 0 0 -0 0 0 0 -0 0 0.978788 0 0 
0.0157334129574727526 0.599094 0 195209 0.190458 26.2017 11.9341 0 192.8361 103.232 -161.327 22.4187 0 0 0 0 0 0 0 0 0 0.593148 0 0 
0.0157443642821831348 0.370157 0 145174 0.0819735 26.183 11.8977 0 202.391 -103.692 57.0784 164.17 0 0 0 0 0 0 0 0 0 1.78336 0 0 
0.0157554523996034819 0.362248 0 8327 0.278615 26.1634 11.8597 0 248.1821 224.75 66.4742 81.6285 0 0 0 0 0 0 0 0 1.08098 1.81005 0 0 
0.0157622863192421747 0.627856 0 170681 0.631212 26.1516 11.8367 0 233.6031 -100.694 -131.1 165.057 0 0 -0 0 0 0 -0 0 0 2.47866 0 0 
0.0157656181433116008 0.282149 1 0 0 11.837 7.81344 0 0 1 24.1481 10.1662 -55.8771 1 93.4939 -21.7739 2.23597 0 0 0 0 0.272149 3.88828 0 0 
0.0157706584729943693 0.625626 0 89672 26.1819 26.1376 11.8095 0 340.4871 256.874 202.438 -94.686 0 0 0 0 0 0 0 0 0 0.61255 0 0 
0.0157834790513810032 0.0430141 1 424768 0 31.5059 28.3553 0 0 1 0.0305011 -0.44131 -0.306881 0 0 0 0 0 0 0 0 3.44185 5.91004 4049.57 10824.3 
0.0158041941757972766 1.21882 1 634355 0 18.3641 16.5273 0 0 2 0.0143286 0.048418 -0.0352396 0 0 0 0 0 0 0 0 1.21882 1.21882 0 0 
0.015811732416361711 0.114002 0 443892 0.102563 18.1635 16.3465 0 01 -0 0 0 0 -0 0 0 0 -0 0 0 3.91934 5.98221 5259.52 13383.9 
0.015832619313581639 0.102593 0 171637 26.0749 26.0312 11.6046 0 226.1291 48.7453 67.3556 210.289 0 0 0 0 0 0 0 0 2.909 5.75436 4404.64 12186.6 
0.0158522170017980635 0.280043 0 9348 26.0415 25.9979 11.541 0 97.50431 26.4568 -93.7776 -3.59052 0 0 -0 0 0 0 -0 0 0.851472 3.06395 0 263.333 
0.0158524069955958795 0.119024 0 210569 26.0411 25.9976 11.5403 0 167.5021 145.68 -72.7521 -39.261 0 0 0 0 0 0 0 0 2.72729 3.98092 6830.33 13153.6 
0.015858290515966586 0.0556252 0 131510 0.127509 25.9876 11.5213 0 296.8481 -291.493 6.34552 -55.7693 0 0 0 0 0 0 0 0 1.3047 3.31411 2785.96 8769.82 
0.0158656550162356615 1.52521 0 325539 26.0189 25.9754 11.4981 0 226.1211 226.06 -4.86714 2.01321 0 0 0 0 0 0 0 0 0 0 0 0 
0.0158897816368940362 1.3041 0 369436 25.9777 25.9345 11.4203 0 290.9191 195.63 110.601 184.744 0 0 0 0 0 0 0 0 0 2.61364 0 0 
0.0158939190479563397 2.10879 0 232834 0.694472 26.3354 11.9785 0 340.8811 -54.336 -330.365 64.0807 0 0 0 0 0 0 0 0 0 0 0 0 
0.0159127362729070861 0.0603595 0 158284 0 26.3248 11.9498 0 76.63541 -59.2711 28.2666 -39.5085 0 0 0 -0 0 0 0 -0 2.04117 3.28608 1185.06 6625.8 
0.0159428967365104236 0.316892 0 75139 0.290578 25.8456 11.2526 0 205.0831 -88.6147 174.424 -61.5049 0 0 0 0 0 0 0 0 0.315252 2.83984 0 163.298 
0.015946276289096846 0.141828 0 430566 0.0888158 18.4615 16.6151 0 01 0 0 -0 0 0 0 -0 0 0 0 -0 2.27032 5.43943 358.341 1680.25 
0.0159812400733192854 0.322209 0 60209 25.824 25.7816 11.1328 0 142.7021 -90.3376 109.979 10.3739 0 0 0 0 0 0 0 0 0.319332 2.15352 0 0 
0.0159851976578414615 6.11318 0 149828 25.8174 25.775 11.1205 0 135.7831 51.2485 74.8353 101.046 0 0 0 0 0 0 0 0 0 0 0 0 
0.0159939937288540515 0.198262 1 0 0 25.7606 11.0938 0 0 1 -318.363 -229.394 -163.81 1 -313.673 -251.372 -142.114 0 0 0 0 0.363179 2.82984 0 387.366 
0.0160142504477223599 0.183132 1 682167 0 21.8286 19.6457 0 0 2 0.00695458 -0.0216444 -0.00556257 0 0 0 -0 0 0 0 -0 1.47818 3.00423 0 436.219 
0.0160460324172388043 0.812445 0 77143 25.7174 25.6755 10.9361 0 147.0621 -135.853 4.94754 56.0943 0 -0 0 0 0 -0 0 0 0.806627 2.43059 0 0 
0.0160728251908466326 0.278232 0 39421 0.0927635 25.6314 10.8549 0 88.44211 71.1224 -52.4748 3.16469 0 0 0 0 0 0 0 0 1.43545 3.14238 318.343 568.937 
0.0160775959316709592 0.375489 0 518303 0 39.5013 35.5511 0 01 0 0 0 0 0 0 0 0 0 0 0 0.739742 2.57653 0 0 
0.0160935376619983049 0.215433 0 64738 0.101967 25.598 10.7937 0 246.5221 -124.842 -212.509 5.24596 0 0 0 0 0 0 0 0 1.3583 3.61814 92.5272 614.145 
0.0160969324527689105 0.279312 0 332349 25.6333 25.5918 10.7825 0 127.8611 59.9413 103.281 45.6995 0 0 0 0 0 0 0 0 0.271463 1.40387 0 116.794 
0.01610052742909579 3.14249 0 166175 25.6275 25.5861 10.772 0 172.1391 -66.3362 -24.9935 156.866 0 0 -0 0 0 0 -0 0 0 0 0 0 
0.0161531761903396173 0.124409 0 105386 0.146939 25.5008 10.6169 0 385.4291 -210.763 258.355 -193.358 0 0 0 0 0 0 0 0 3.17314 5.98235 7464.51 14318.3 
0.0161635018637221115 0.836849 0 305362 0.334487 25.4843 10.5871 0 331.3641 331.345 0.433128 3.47365 0 0 0 0 0 0 0 0 0 0 0 0 
0.0161913302551025332 0.104593 1 453111 0 44.8002 40.3202 0 0 1 -0.114929 -0.75949 0.280466 0 0 -0 0 0 0 -0 0 2.27808 4.19881 3003.7 7593.06 
0.0162070117998277356 0.397459 0 350954 0.161535 25.4144 10.4614 0 345.1741 -291.406 52.6858 -177.346 0 0 0 0 0 0 0 0 0.401297 0.785144 0 30.4861 
0.0162082774127425833 0.275159 0 373425 25.4531 25.4125 10.458 0 249.6751 -232.264 -88.4151 -23.9475 0 -0 0 0 0 -0 0 0 0 0.590196 0 0 
0.0162120178306975476 0.275485 0 126498 0.524822 25.4064 10.447 0 332.2021 -78.7109 132.776 -294.166 0 0 0 -0 0 0 0 -0 0.565709 1.42632 0 158.08 
0.0162339397233435372 16.4474 0 112460 0.301199 25.3715 10.3847 0 228.6171 -126.76 23.3013 188.824 0 0 0 0 0 0 0 0 0 20.5712 0 0 
0.0162444575666161467 0.604258 0 271044 0.164946 19.6282 17.6654 0 01 0 0 -0 0 0 0 -0 0 0 0 -0 0 0.612839 0 0 
0.016252837539974474 1.91584 0 223851 25.3818 25.3415 10.3313 0 189.2681 177.7 32.9126 56.2304 0 0 0 0 0 0 0 0 0 0 0 0 
0.0162642191626340589 1.16821 0 315518 25.3638 25.3236 10.2995 0 127.1821 -44.5575 32.2084 114.685 0 -0 0 0 0 -0 0 0 0 0 0 0 
0.0162697499518832528 0.947856 0 292351 25.3548 25.3147 10.2838 0 326.4231 178.232 224.681 155.898 0 0 0 0 0 0 0 0 0 0 0 0 
0.0163312386729826814 1.42589 0 312777 25.2581 25.2185 10.1141 0 202.711 140.113 126.634 73.6456 0 0 0 0 0 0 0 0 0 0 0 0 
0.0163354289019452883 0.0651894 0 363707 0.104985 15.0109 13.5058 0 01 0 0 0 0 0 0 0 0 0 0 0 3.14401 4.67655 6897.55 12809.6 
0.0163423871082784347 0.317086 0 350281 25.2405 25.201 10.0834 0 310.4831 209.167 -147.135 -176.07 0 0 0 0 0 0 0 0 0.609613 1.84473 0 0 
0.016392518618283166 0.479845 0 426025 0.0975932 16.3559 14.7175 0 01 0 0 -0 0 0 0 -0 0 0 0 -0 0 0.472877 0 0 
0.0163944803823894564 0.183641 0 432443 0.423731 18.2469 16.4216 0 01 0 0 0 0 0 0 0 0 0 0 0 1.34386 2.98211 0 417.996 
0.0164022829055312722 0.146771 0 224434 25.1471 25.108 9.92157 0 210.3251 -5.3185 -73.8482 -196.863 0 0 0 -0 0 0 0 -0 0.97613 3.32572 0 1005.65 
0.0164154963707912674 0.307059 1 149634 0 53.8124 48.4311 0 0 2 -0.00046507 0.0043752 0.00426489 0 0 0 0 0 0 0 0 0 0.321957 0 0 
0.0164262909112435664 0.254276 0 489601 0.127488 26.4714 23.8243 0 01 0 0 0 0 0 0 0 0 0 0 0 0.249095 2.34052 0 0 
0.0164424674431173611 0.209888 0 323371 25.0855 25.0467 9.81576 0 248.9871 -245.18 -28.5033 -32.6908 0 0 0 -0 0 0 0 -0 1.34492 5.79736 0 244.021 
0.0164532243986989339 0.253789 0 298399 0.282987 25.4306 10.3489 0 115.8931 -17.3292 -71.0006 89.9434 0 -0 0 0 0 -0 0 0 0.758607 1.56184 0 308.336 
0.0164709012950563713 0.22814 0 555342 0.104872 25.3872 10.295 0 299.171 150.611 -59.6691 251.512 0 0 0 0 0 0 0 0 0.663836 2.00603 190.353 190.353 
0.0164757051440970401 0.272115 1 523111 0 39.1259 35.2133 0 0 1 0.014475 -0.34373 0.307339 0 0 0 0 0 0 0 0 0.843007 2.26975 193.772 193.772 
0.0165085176254029901 0.160752 0 165019 24.9833 24.945 9.64181 0 198.6891 -142.381 -130.18 -47.518 0 -0 0 0 0 -0 0 0 1.49098 2.98611 0 1789.76 
0.0165140914726329309 0.301617 0 270726 24.975 24.9368 9.6278 0 318.4031 88.6585 282.173 117.891 0 0 0 0 0 0 0 0 0.633019 3.15582 0 0 
0.0165206235250731567 0.332525 0 345478 0.0818696 24.9266 9.61062 0 254.2841 -140.667 -180.612 -110.691 0 -0 0 0 0 -0 0 0 0 1.01671 0 0 
0.0165454338554186127 0.435711 0 81629 24.9271 24.8891 9.54712 0 150.0691 147.545 -7.44284 -26.3765 0 0 0 -0 0 0 0 -0 0 0 0 0 
0.016549402088398401 0.930712 0 262693 24.9211 24.8831 9.53699 0 174.0151 -141.073 65.3603 -78.1503 0 -0 0 0 0 -0 0 0 0 0 0 0 
0.0165635831288238611 0.759145 0 185177 0.154377 24.8758 9.52491 0 293.3711 -31.7445 -275.533 -95.6053 0 0 -0 0 0 0 -0 0 0 1.50415 0 0 
0.0165759191751945235 0.172371 1 0 0 9.70594 5.61388 0 0 1 -85.1534 -59.4457 135.233 1 592.498 -774.424 246.384 0 0 0 0 0.365926 1.52142 0 0 
0.0165875104429383281 0.189768 0 186121 24.8636 24.8259 9.44069 0 76.9271 52.3269 -53.9305 -16.4666 0 0 0 -0 0 0 0 -0 0.370634 2.21075 140.772 140.772 
0.0166114088884866257 0.129915 0 617303 0.130662 24.8675 9.50101 0 284.3031 183.149 -75.5172 -203.916 0 0 -0 0 0 0 -0 0 2.46295 4.33424 1013.41 1875.42 
0.0166138091316476132 0.845795 0 218580 1.00142 24.7869 9.37533 0 318.8651 307.995 29.2425 77.1924 0 0 0 0 0 0 0 0 0 0 0 0 
0.0166822571438032322 0.0640498 0 219251 0.0874625 24.6851 9.20643 0 182.9881 -102.507 -135.423 -68.1007 0 0 -0 0 0 0 -0 0 3.35121 5.16386 7323.07 16751 
0.0166875843512369892 2.37011 0 344291 24.714 24.677 9.19315 0 330.3311 263.517 -143.08 -138.585 0 0 -0 0 0 0 -0 0 0 0 0 0 
0.016703379643106038 0.461063 0 451085 0.363491 32.7354 29.4619 0 01 0 0 0 0 0 0 0 0 0 0 0 1.85997 3.74277 0 396.786 
0.0167354842799727899 0.149148 0 279622 0.0896236 26.7117 12.9554 0 184.4651 -151.103 -61.1245 -86.3645 0 0 0 0 0 0 0 0 1.45827 3.93899 1007.14 1615.79 
0.0167455998668527908 5.10732 0 87460 24.6284 24.5918 9.05335 0 139.421 60.2846 -93.8757 83.6118 0 0 -0 0 0 0 -0 0 0 0 0 0 
0.0167469518489034679 0.209808 0 63470 24.6264 24.5898 9.05008 0 282.9781 -51.4487 -118.906 -251.576 0 0 0 0 0 0 0 0 1.54314 4.70116 13.323 224.329 
0.0168065082675653149 14.119 0 327342 24.5396 24.5034 8.9098 0 326.1241 323.386 6.26485 41.702 0 0 0 0 0 0 0 0 0 0 0 0 
0.0168079518362152652 2.36621 0 291484 24.5372 24.5011 8.90604 0 370.1441 -104.926 287.525 -208.15 0 0 0 0 0 0 0 0 0 0 0 0 
0.0168083504967315514 0.135678 0 77879 0.349876 24.5007 8.90542 0 243.8081 58.272 -226.385 -69.2544 0 0 0 -0 0 0 0 -0 1.01712 1.62133 0 1330.14 
0.0168324114873521502 1.0423 0 383924 0.285973 24.4662 8.84975 0 199.3511 163.069 69.0039 -91.5853 0 0 0 0 0 0 0 0 0 0 0 0 
0.0168337955805530973 0.226262 0 273440 0.249499 24.4639 8.84609 0 553.2741 33.2542 -311.701 455.905 0 0 0 0 0 0 0 0 0.229461 1.11165 0 0 
0.016837546406446257 0.259102 0 438637 0 18.1032 16.2921 0 01 0 0 0 0 0 0 0 0 0 0 0 0.498839 0.994428 0 0 
0.0168399586795573708 0.169685 0 455366 0.0981284 19.6514 17.6863 0 01 0 0 0 0 0 0 0 0 0 0 0 0.898791 2.38871 546.414 1438.6 
0.0168697167357019923 6.93174 0 73656 0.284266 24.4123 8.76345 0 325.2531 -325.133 7.08748 -5.24391 0 0 0 0 0 0 0 0 0 0 0 0 
0.0169054654862895171 0.290413 0 353771 0.203886 24.7718 9.21124 0 383.6031 249.668 -38.912 288.622 0 0 0 0 0 0 0 0 0.28253 1.68661 0 42.1669 
0.0169087875978467111 0.172979 0 284405 0.0988683 17.7428 15.9673 0 01 0 0 0 0 0 0 0 0 0 0 0 2.4213 5.40334 1.8013 1440.61 
0.0169115365259156179 0.359357 1 463602 0 29.4698 26.5228 0 0 1 -0.718066 0.424244 -0.490412 0 0 0 0 0 0 0 0 0.355105 1.07395 0 0 
0.0169309818156021148 0.100167 0 350672 0.310595 24.7066 9.13195 0 156.2421 155.258 -16.4055 6.11631 0 0 0 0 0 0 0 0 1.82331 3.20674 3046.32 11957.2 
0.0169469607887333222 2.35565 0 144498 24.3374 24.3021 8.58851 0 317.0671 244.713 -75.6825 -186.868 0 0 0 0 0 0 0 0 0 4.70365 0 0 
0.0169567082668008531 0.252566 0 187804 24.3237 24.2885 8.56704 0 283.9371 193.02 133.477 159.834 0 0 0 0 0 0 0 0 0.496269 1.75584 0 0 
0.0169607538857494966 2.30599 0 118226 0 24.2827 8.55796 0 345.7081 261.15 -206.133 -93.9335 0 0 -0 0 0 0 -0 0 0 0 0 0 
0.0169768253580672157 0.143909 0 498211 3.59711 24.8001 9.27313 0 239.361 -107.275 -202.939 67.8313 0 -0 0 0 0 -0 0 0 2.05595 4.71353 1573.94 3066.79 
0.0170176621611323846 0.087485 0 684646 0.12174 24.653 8.90308 0 380.4391 -367.788 -75.3933 -61.4951 0 -0 0 0 0 -0 0 0 2.48424 4.10181 4707.2 12047.9 
0.0170263340870561754 0.519021 0 165677 0.179018 24.1904 8.41353 0 453.9521 453.784 10.1526 7.02816 0 0 0 0 0 0 0 0 0 0.513022 0 0 
0.0170807757620270208 0.211835 0 232722 24.1491 24.1147 8.29622 0 222.7321 16.7561 -141.686 171.038 0 0 0 0 0 0 0 0 2.25003 3.3638 0 0 
0.0171012910312175088 0.988087 0 361214 24.1206 24.0864 8.25267 0 170.3981 -141.015 33.7768 89.4944 0 0 0 0 0 0 0 0 0.985664 0.985664 0 0 
0.0171142756942459125 0.366017 1 468934 0 14.6415 13.1156 0 0 2 9.55849 -21.5676 -37.0083 0 0 0 -0 0 0 0 -0 0.361402 1.8327 0 0 
0.0171430733363420774 0.907976 0 642327 0.552704 24.4616 8.70798 0 238.0351 76.79 104.476 199.621 0 0 0 0 0 0 0 0 0 0 0 0 
0.0172546012938612388 2.747 0 347707 23.91 23.8767 7.93454 0 191.5081 -174.597 14.45 77.347 0 0 0 0 0 0 0 0 0 0 0 0 
0.0172843230974543474 0.27501 0 603026 0.265829 24.2686 8.35718 0 382.5041 -161.747 -258.301 231.145 0 0 -0 0 0 0 -0 0 0.864999 4.34963 0 106.561 
0.0172921467909930814 0.2745 0 215725 23.8596 23.8266 7.85971 0 335.0171 -223.256 -56.4371 243.326 0 0 0 0 0 0 0 0 0.840971 2.83149 0 0 
0.0173079128771588438 0.166796 0 640037 0.166441 14.92 13.4239 0 01 0 -0 0 0 0 -0 0 0 0 -0 0 2.12133 3.57549 119.272 5011.25 
0.0173255436883383192 0.234336 0 272148 23.8146 23.7817 7.7932 0 542.731 -274.999 181.399 -431.307 0 0 0 -0 0 0 0 -0 1.80206 4.70167 248.451 336.116 
0.0173502385599037592 0.232452 0 229597 23.781 23.7484 7.7439 0 150.331 144.867 -28.7492 28.0382 0 0 0 0 0 0 0 0 0.906629 2.93196 0 425.334 
0.0173933930465011294 0.0532743 1 0 0 23.6912 7.65998 0 0 1 -363.77 5.56912 -41.6891 1 -365.224 1.4122 -29.5294 0 -0 0 0 2.93763 4.99272 7611.95 15876.1 
0.0174234238518598955 0.293896 0 109592 23.684 23.6517 7.6024 0 256.9721 -19.023 194.362 167.022 0 0 0 0 0 0 0 0 0 2.30056 0 0 
0.0174452620481885638 0.0682773 1 450785 0 27.8831 25.0947 0 0 1 -0.432148 0.495003 0.874604 0 0 0 0 0 0 0 0 3.48681 5.29723 5785.33 17293.1 
0.017460723767798194 0.116405 1 428631 0 33.3807 28.83 0 0 2 -0.0137125 0.0119583 -0.00241933 0 -0 0 0 0 -0 0 0 2.2735 3.98138 2412.32 7388.12 
0.0174650567548102174 0.21015 0 284557 23.6294 23.5974 7.52352 0 248.8031 60.0145 -202.564 -131.411 0 0 0 0 0 0 0 0 1.1511 3.42553 0 150.085 
0.0174668301077190932 0.257906 1 0 0 23.5948 7.51983 0 0 1 -126.663 58.4015 -172.154 1 -110.297 39.5041 -190.566 0 0 0 0 1.03373 3.61147 400.224 617.672 
0.0174741441490201856 0.30042 0 362626 23.6173 23.5854 7.50621 0 364.0341 55.9929 -310.529 181.542 0 0 0 0 0 0 0 0 0.57463 2.28981 0 0 
0.0174946553929624452 0.297243 0 327371 23.59 23.5582 7.46701 0 276.5171 -89.4925 -244.895 -92.0823 0 0 -0 0 0 0 -0 0 0.298944 1.73499 0 0 
0.0175213595990320256 0.082238 0 98583 0.0870331 35.7099 32.1389 0 01 0 -0 0 0 0 -0 0 0 0 -0 0 2.53111 4.85169 4727.86 12283.9 
0.0175225900659460657 0.117897 0 212127 23.5537 23.522 7.41507 0 232.6281 -8.11859 90.8151 -214.016 0 0 0 0 0 0 0 0 3.10315 5.76491 4377.96 11034.2 
0.0175738647723515419 0.503623 0 5708 0.594444 23.4555 7.32022 0 411.5031 363.736 -136.559 -135.584 0 0 0 -0 0 0 0 -0 0 0.498678 0 0 
0.0176180949890697679 0.11659 1 0 0 23.3987 7.23994 0 0 1 263.746 -288.398 -31.9861 1 237.452 -307.691 -74.2759 0 0 0 -0 4.39934 6.35563 7550.94 17303.1 
0.0176856285169052392 1.39972 0 376360 23.3435 23.3128 7.11951 0 420.3921 320.384 -67.7541 -263.615 0 0 0 -0 0 0 0 -0 0 1.4076 0 0 
0.0177018984735221943 0.366524 0 74516 0.0945797 23.5997 7.48927 0 367.5161 -290.26 38.0059 -222.2 0 0 0 0 0 0 0 0 0.749917 4.03178 0 10.0173 
0.0177635525153392038 0.132436 1 451194 0 9.00257 8.10231 0 0 2 13.3882 96.4701 307.955 0 0 0 0 0 0 0 0 2.3724 5.43857 2126.41 2370.09 
0.017767649141110349 0.159942 1 318455 0 8.98722 8.08849 0 0 1 14.7619 -14.4581 -41.8585 0 0 -0 0 0 0 -0 0 1.21666 4.02584 59.1289 1798.95 
0.0177939749759645945 0.558474 0 190351 0.128974 23.1773 6.93233 0 260.21 -249.841 -19.9745 69.8913 0 0 0 0 0 0 0 0 1.65705 3.32969 163.286 163.286 
0.0178396038042203282 0.0584486 0 199257 0.194959 23.12 6.85424 0 258.7071 242.209 87.1571 -25.836 0 0 0 0 0 0 0 0 2.81446 4.8786 2922.16 10173.1 
0.0178724229988331505 1.61024 0 317111 23.1091 23.0793 6.79913 0 511.2511 464.61 51.7706 206.964 0 0 0 0 0 0 0 0 0 0 0 0 
0.0179707110821377899 0.204819 0 31525 0.244845 22.9589 6.63775 0 70.60651 -21.4762 -37.8237 55.6185 0 0 0 0 0 0 0 0 1.32531 3.20072 0 100.844 
0.0179940164652814816 0.310444 0 78975 0.110801 22.9306 6.6002 0 291.9031 119.614 130.034 -232.359 0 0 0 -0 0 0 0 -0 0.298337 0.61367 0 0 
0.0180386917258381282 11.788 0 210640 22.9058 22.8769 6.52928 0 110.2941 -60.7038 92.0772 -1.25652 0 0 0 0 0 0 0 0 0 0 0 0 
0.0180458749422860616 0.163328 1 450752 0 15.6281 14.0618 0 0 2 -0.0466424 -0.0110491 0.0167786 0 0 -0 0 0 0 -0 0 2.04418 4.88927 34.6885 1857.24 
0.0180649029399420034 0.461802 0 175854 0.270101 22.8451 6.4875 0 312.0111 242.212 106.981 -165.044 0 0 0 0 0 0 0 0 0.480501 0.480501 0 0 
0.0180861384457706303 1.44806 0 159018 0.597547 22.8198 6.45455 0 135.8031 89.0512 -102.069 9.71419 0 0 -0 0 0 0 -0 0 0 0 0 0 
0.018088665071050631 0.777004 0 106367 0.185547 22.8167 6.45043 0 239.6211 -83.5062 -88.5991 -206.386 0 -0 0 0 0 -0 0 0 0 0.793379 0 0 
0.0181319853419513385 0.376938 0 208112 0.125588 22.765 6.3832 0 264.5641 218.779 -59.9404 136.152 0 0 0 0 0 0 0 0 0.379231 0.739809 0 0 
0.018135746205687503 0.153123 0 153408 0.333541 22.7607 6.37767 0 285.9321 -237.204 156.539 -31.4148 0 0 0 0 0 0 0 0 1.34589 3.63949 205.176 1270.89 
0.0182081423409686631 2.17111 0 225192 22.7032 22.6751 6.26763 0 256.7711 78.807 234.333 69.3451 0 0 0 0 0 0 0 0 0 0 0 0 
0.018256208437301271 0.905634 0 360550 22.6465 22.6186 6.19562 0 582.0851 -485.834 -320.402 11.4274 0 0 -0 0 0 0 -0 0 0 0 0 0 
0.0182686388200273032 0.563167 0 277375 22.6323 22.6045 6.17772 0 492.3761 -158.053 167.625 435.15 0 0 0 0 0 0 0 0 0 1.1256 0 0 
0.0182873967864762149 0.157186 0 263938 0.124317 22.9802 6.61474 0 670.0941 618.963 239.207 -93.2227 0 0 0 0 0 0 0 0 1.90442 4.9685 288.269 1170.03 
0.0183001494437432279 1.0963 0 224545 0.395284 22.5675 6.13097 0 504.0281 -411.493 -218.141 -192.697 0 0 0 0 0 0 0 0 0 2.20296 0 0 
0.0183235122500710612 1.73189 0 148434 22.568 22.5404 6.09695 0 413.981 299.635 244.115 148.344 0 0 0 0 0 0 0 0 0 0 0 0 
0.0183310328048637665 3.62627 0 320760 22.5594 22.5319 6.08627 0 351.3451 -156.399 179.191 -258.598 0 -0 0 0 0 -0 0 0 0 3.31805 0 0 
0.0183465224738647154 1.84487 0 379599 22.5413 22.5139 6.06369 0 478.4991 128.899 406.953 216.184 0 0 0 0 0 0 0 0 0 0 0 0 
0.0183487195097275513 1.32462 0 337060 22.5388 22.5114 6.06056 0 302.4941 -163.984 -227.887 112.604 0 -0 0 0 0 -0 0 0 0 2.73144 0 0 
0.018430134278006733 0.728066 0 13000 0.118638 22.418 5.94463 0 235.3661 219.714 69.6162 -47.7144 0 0 0 0 0 0 0 0 0.714153 0.714153 0 0 
0.0185463997566886578 0.12687 1 5085 0 8.58831 7.72948 0 0 1 4.30542 38.6087 32.5382 0 0 0 0 0 0 0 0 3.20516 4.84699 2988.46 5496.43 
0.0186234490876709333 0.11372 0 439324 0.1422 38.4843 34.6359 0 01 0 0 -0 0 0 0 -0 0 0 0 -0 2.00268 4.11996 3697.13 7659.11 
0.0186526022301574772 1.31114 0 293340 22.1941 22.1681 5.64181 0 377.0651 348.377 144.235 -2.81984 0 0 0 0 0 0 0 0 0 0 0 0 
0.0186849534222821162 0.421056 0 342879 22.1586 22.1327 5.59986 0 536.5661 177.733 -479.249 163.201 0 0 0 0 0 0 0 0 0.41115 4.20037 0 0 
0.018733851138635127 0.804455 0 334931 0.387446 22.0785 5.53587 0 230.3961 16.6646 14.8964 229.31 0 0 0 0 0 0 0 0 0 0 0 0 
0.018749153682277777 1.94369 0 189779 22.0877 22.0621 5.51665 0 290.3461 280.942 43.9791 58.6347 0 0 0 0 0 0 0 0 0 0 0 0 
0.0187691886948589196 0.0702737 0 581955 0.149646 22.4318 5.99021 0 325.3111 324.882 13.2361 -10.1695 0 0 0 0 0 0 0 0 2.10872 4.1535 3458.01 8645.4 
0.0187807032579033369 1.41974 0 153745 22.0528 22.0274 19.6457 0 01 0 0 0 0 0 0 0 0 0 0 0 0 0 0 0 
0.0187814825719707298 0.178132 1 163978 0 22.0265 19.6449 0 0 2 0.00281123 0.00875981 0.0020463 0 0 0 0 0 0 0 0 0.756337 2.83962 0 379.771 
0.0187892751919996014 0.296026 0 421919 0.122031 22.426 5.92455 0 295.9461 -110.457 -271.584 40.3134 0 0 0 0 0 0 0 0 0.867509 2.04309 0 0 
0.0187970693421075155 0.140598 1 486046 0 23.8761 21.4885 0 0 2 0.211828 1.07178 -0.421399 0 0 0 0 0 0 0 0 2.36291 4.14921 164.388 1790.59 
0.0188326316701829116 0.303556 0 143717 0.088463 21.9711 19.5959 0 01 0 0 0 0 0 0 0 0 0 0 0 0 0.646592 0 0 
0.0189046969415542845 0.145996 0 488260 0.159816 17.5335 15.7786 0 01 0 -0 0 0 0 -0 0 0 0 -0 0 2.43451 6.4165 3134.58 3134.58 
0.0189360906601999772 0.564715 0 291729 21.885 21.8602 19.498 0 01 0 0 0 0 0 0 0 0 0 0 0 1.69062 1.69062 0 250.79 
0.0189739670742603145 0.655969 0 315344 21.8446 21.82 19.4625 0 01 -0 0 0 0 -0 0 0 0 -0 0 0 0 0 0 0 
0.0189889940726543117 0.39995 0 205292 0.126335 21.8041 19.4485 0 01 0 0 0 0 0 0 0 0 0 0 0 0.804342 2.00622 0 62.9222 
0.0190320290683176872 0.0535376 0 18397 21.7831 21.7586 19.4082 0 01 -0 0 0 0 -0 0 0 0 -0 0 0 2.901 4.72286 5675.59 11271.8 
0.0190346657393428917 0.509049 0 5802 21.7804 21.756 19.4059 0 01 0 0 0 0 0 0 0 0 0 0 0 0.513034 1.0246 0 0 
0.0190449555827007337 0.590071 0 211548 21.7693 21.7449 19.3961 0 01 0 -0 0 0 0 -0 0 0 0 -0 0 0 0.595902 0 0 
0.019053375919696261 0.463301 0 274970 0.212171 21.7361 19.3883 0 01 -0 0 0 0 -0 0 0 0 -0 0 0 0 0.906614 0 0 
0.019056316093563664 0.260399 0 147298 0.125655 21.733 19.3856 0 01 0 0 0 0 0 0 0 0 0 0 0 2.37291 3.68028 0 163.822 
0.019100293115394653 0.344438 0 419786 0 23.7757 7.78422 0 400.441 -234.104 -272.73 -176.54 0 0 0 0 0 0 0 0 1.05158 4.17957 0 0 
0.0191124143004771027 0.110116 0 359198 0.337513 21.6744 19.3339 0 01 0 0 0 0 0 0 0 0 0 0 0 3.07772 4.78821 5333.92 11587.1 
0.0191124143004771027 0.305655 0 376119 0.320021 21.6745 19.3339 0 01 0 0 0 0 0 0 0 0 0 0 0 0.59052 1.47326 0 0 
0.0191392424368311657 0.068406 0 482404 0.189688 21.8465 19.3399 0 01 0 0 -0 0 0 0 -0 0 0 0 -0 2.29577 4.93853 3066.54 9675.59 
0.0191815224361480997 0.414249 0 592139 0.253059 22.0045 18.8628 0 01 0 0 0 0 0 0 0 0 0 0 0 0 0.419711 0 0 
0.0191853384304892481 0.203625 0 57626 0.154973 21.9647 18.9622 0 01 0 0 0 0 0 0 0 0 0 0 0 0.576399 2.29943 1.07852 243.171 
0.0191995708008745637 0.33756 0 63111 0.109177 21.5844 19.2543 0 01 0 0 0 0 0 0 0 0 0 0 0 1.06704 3.47746 0 313.39 
0.0191995708008745637 0.852007 0 390634 0.259926 21.5841 19.254 0 01 -0 0 0 0 -0 0 0 0 -0 0 0 0 0.874873 0 0 
0.0192179388560544326 13.6278 0 248725 21.5892 21.5654 19.2375 0 01 0 -0 0 0 0 -0 0 0 0 -0 0 0 0 0 0 
0.0192344405200083161 1.81308 0 379927 21.5719 21.5482 19.2222 0 01 0 0 0 0 0 0 0 0 0 0 0 0 0 0 0 
0.0192576218674385333 2.11741 0 190379 21.548 21.5245 19.2012 0 01 0 0 0 0 0 0 0 0 0 0 0 0 0 0 0 
0.0192658578926122245 0.283328 0 354927 21.5397 21.5162 19.1939 0 01 -0 0 0 0 -0 0 0 0 -0 0 0 0.284371 1.44415 0 0 
0.0192851743817086564 0.0678647 0 150526 0.0994437 21.4966 19.1765 0 01 0 0 0 0 0 0 0 0 0 0 0 2.91543 4.81975 4182.84 10535.7 
0.0192942183001836194 4.6014 0 388351 21.5107 21.4873 19.1683 0 01 0 0 -0 0 0 0 -0 0 0 0 -0 0 4.81879 0 0 
0.0193071527977000876 0.155102 0 502477 0.320911 16.3997 14.757 0 01 0 0 0 0 0 0 0 0 0 0 0 0.422116 2.61668 0 59.6389 
0.0193087596103317695 0.236628 0 412286 0.0847973 21.4774 19.1584 0 01 0 0 0 0 0 0 0 0 0 0 0 1.15598 4.10997 103.1 103.1 
0.01931725757613037 0.559215 0 395282 21.4874 21.4641 19.1478 0 01 0 0 0 0 0 0 0 0 0 0 0 0 0.553377 0 0 
0.0193185547394183824 0.205794 0 224730 0.10103 21.4629 19.1468 0 01 0 0 0 0 0 0 0 0 0 0 0 0.777785 4.43789 0 0 
0.0193567480707664066 0.775774 0 206654 0.166674 21.424 19.1123 0 01 0 0 0 0 0 0 0 0 0 0 0 0 0.753076 0 0 
0.0193830837089618777 0.189075 0 34929 0.102415 21.7528 18.9014 0 01 0 -0 0 0 0 -0 0 0 0 -0 0 2.10039 4.55392 0 36.3841 
0.0193991928886065 0.147118 0 219189 21.4042 21.3812 19.0745 0 01 0 0 0 0 0 0 0 0 0 0 0 1.70847 3.40376 1021.27 1669.33 
0.0194202337153074577 0.248188 1 458034 0 41.5978 37.438 0 0 2 0.00409903 0.00723714 0.00316494 0 0 0 0 0 0 0 0 0.25736 1.26337 0 0 
0.0194263248498203304 0.249271 0 296508 21.3769 21.354 19.0504 0 01 0 -0 0 0 0 -0 0 0 0 -0 0 0.768176 2.05672 77.715 77.715 
0.019440274037521129 0.17922 0 570898 0.151135 38.7471 34.8724 0 01 0 0 0 0 0 0 0 0 0 0 0 0.912455 3.57513 244.059 244.059 
0.0194660941144637889 1.83136 0 348244 21.3372 21.3144 19.0154 0 01 0 0 0 0 0 0 0 0 0 0 0 1.83684 1.83684 0 1.48879 
0.0194833827109566309 0.191012 0 74810 0.121808 21.2972 19.0001 0 01 -0 0 0 0 -0 0 0 0 -0 0 0 0.965113 3.67355 0 1821.38 
0.0195019928003882861 0.533345 0 125439 0.133128 21.2788 18.9838 0 01 0 0 0 0 0 0 0 0 0 0 0 0 1.05388 0 0 
0.0195799466738804315 0.575005 0 74169 0.119881 21.2018 18.9156 0 01 0 0 -0 0 0 0 -0 0 0 0 -0 0 0 0 0 
0.0196316351759859876 0.12205 0 292075 0.0859478 21.1512 18.8709 0 01 0 0 0 0 0 0 0 0 0 0 0 2.58992 5.34477 5374.23 9594.37 
0.019687945044544429 2.02371 0 272079 21.1185 21.0965 18.8224 0 01 -0 0 0 0 -0 0 0 0 -0 0 0 0 2.06108 0 0 
0.0197460493397647804 0.105121 0 264081 0.277246 21.0405 18.7728 0 01 0 0 0 0 0 0 0 0 0 0 0 2.08024 3.58697 4867.05 7010.88 
0.0197556020894388146 0.218297 0 13778 21.0531 21.0313 18.7647 0 01 0 0 0 0 0 0 0 0 0 0 0 0.909991 2.23676 0 362.761 
0.0197968168234273351 0.203507 0 61834 0.108637 20.9921 18.73 0 01 0 0 0 0 0 0 0 0 0 0 0 0.752796 3.66618 586.606 1745.69 
0.019816433097916239 0.139137 0 525807 0.323151 47.2306 42.5075 0 01 -0 0 0 0 -0 0 0 0 -0 0 0 1.50676 2.65443 0 1905.26 
0.0198171417027097653 0.617028 0 284133 0.73763 15.2608 13.7308 0 01 -0 0 0 0 -0 0 0 0 -0 0 0 0 1.22868 0 0 
0.0198343930126046904 0.675604 0 239312 20.9777 20.9562 18.6982 0 01 -0 0 0 0 -0 0 0 0 -0 0 0 0 0.67833 0 0 
0.0198714729790031852 0.939093 0 288966 20.9424 20.9211 18.667 0 01 0 0 0 0 0 0 0 0 0 0 0 0 1.8893 0 0 
0.019875554859832105 0.264611 0 207109 20.9386 20.9172 18.6636 0 01 0 0 0 0 0 0 0 0 0 0 0 1.29222 3.07414 0 1245.06 
0.0198852646477381823 0.261465 0 164300 0.108215 20.9079 18.6553 0 01 0 0 0 0 0 0 0 0 0 0 0 0.251983 1.00331 0 1187.32 
0.0199005640813087158 0.160918 0 199578 20.9148 20.8935 18.6426 0 01 0 0 0 0 0 0 0 0 0 0 0 1.61667 3.63134 0 2785.49 
0.0199154335000438498 2.09074 0 281742 20.901 20.8798 18.6305 0 01 0 0 -0 0 0 0 -0 0 0 0 -0 0 0 0 0 
0.0199335449093379774 0.198757 0 306998 20.8835 20.8623 18.615 0 01 0 0 0 0 0 0 0 0 0 0 0 1.16697 2.13425 179.852 179.852 
0.0200470066060520931 0.265372 0 256319 0.193304 20.7569 18.5216 0 01 0 0 0 0 0 0 0 0 0 0 0 0.780751 2.31699 0 0 
0.020048417228418474 1.73516 0 346161 20.7763 20.7555 18.5203 0 01 0 0 0 0 0 0 0 0 0 0 0 0 0 0 0 
0.0200497171252856272 0.154145 1 452848 0 21.9979 94.7701 0 0 2 -0.0123857 0.00591014 0.0108851 0 0 0 0 0 0 0 0 2.03217 3.77289 1654.2 2501.02 
0.0200654920807139744 0.296027 1 477851 0 34.9958 31.4962 0 0 2 0.00112794 0.00868844 -0.00492917 0 -0 0 0 0 -0 0 0 0 2.92263 0 0 
0.0200855755691041818 0.143258 0 55059 0.226482 31.1363 28.0227 0 01 -0 0 0 0 -0 0 0 0 -0 0 0 2.96766 6.85542 2089.75 3732.26 
0.0201506873340914737 0.202983 0 563230 0.437769 21.0404 18.6486 0 01 0 0 0 0 0 0 0 0 0 0 0 1.15238 3.43717 884.894 1710.58 
0.0201922022162688772 0.726305 0 274639 0.325628 20.6232 18.403 0 01 0 0 0 0 0 0 0 0 0 0 0 0 0 0 0 
0.0202006536851018839 1.69187 0 52009 0.0952471 20.6155 18.3962 0 01 0 0 -0 0 0 0 -0 0 0 0 -0 0 0 0 0 
0.0202185483041666739 0.526123 0 297516 20.6196 20.5994 18.3819 0 01 0 0 0 0 0 0 0 0 0 0 0 0.520172 1.04116 0 0 
0.0202491682417169604 0.899087 0 33876 20.5916 20.5715 18.3572 0 01 0 0 0 0 0 0 0 0 0 0 0 0 0 0 0 
0.0202683239978504806 0.567053 0 163707 1.13056 20.5543 18.3419 0 01 -0 0 0 0 -0 0 0 0 -0 0 0 0 0.544566 0 0 
0.0202715114234187956 0.247246 1 420692 0 39.1316 35.2185 0 0 2 -0.001311 -0.00772085 -0.019156 0 0 -0 0 0 0 -0 0 0.517334 2.3438 173.572 173.572 
0.0202908421720755031 0.197848 0 98571 0.099566 20.534 18.3239 0 01 0 0 0 0 0 0 0 0 0 0 0 1.58882 3.93414 318.457 538.189 
0.0203318113817334625 0.243673 0 175769 0.10378 32.5647 14.93 0 01 0 0 0 0 0 0 0 0 0 0 0 0 0.508641 0 0 
0.0203481373397007281 0.473397 0 327355 20.5024 20.4826 18.2783 0 01 0 0 0 0 0 0 0 0 0 0 0 0 0.946191 0 0 
0.0203758049112479911 2.25845 0 315834 20.478 20.4582 18.2567 0 01 0 0 0 0 0 0 0 0 0 0 0 0 0 0 0 
0.0204294456183862563 0.214883 0 82874 0.355032 20.4103 18.2141 0 01 0 0 0 0 0 0 0 0 0 0 0 1.34993 4.33185 266.072 266.072 
0.0204463289264283365 0.874385 0 143635 2.07981 20.3958 18.2013 0 01 0 0 0 0 0 0 0 0 0 0 0 0 0 0 0 
0.0204707028508552998 1.2451 0 263425 20.3934 20.374 18.1819 0 01 0 0 0 0 0 0 0 0 0 0 0 0 1.23122 0 0 
0.0204872668350780385 0.127934 0 148444 20.3789 20.3595 18.1691 0 01 0 0 0 0 0 0 0 0 0 0 0 2.66023 4.85167 1054.71 2632.49 
0.0205096073165296038 0.312566 0 444810 0.338418 28.9462 17.8116 0 167.0531 103.832 32.9457 126.65 0 0 0 0 0 0 0 0 0 0 0 0 
0.0205672220903178604 0.37592 0 29294 0.441836 20.2894 18.1068 0 01 0 0 0 0 0 0 0 0 0 0 0 1.09082 3.31915 0 102.561 
0.0205900015013969033 0.226547 0 698895 0.224615 20.6685 12.5726 0 01 -0 0 0 0 -0 0 0 0 -0 0 0 0.670021 2.96798 0 292.704 
0.0206179989600233718 3.53796 0 44830 0.166166 20.2453 18.0677 0 01 0 0 -0 0 0 0 -0 0 0 0 -0 0 0 0 0 
0.0206265652558198023 0.02695 1 9056 0 38.7939 34.9145 0 0 1 0.00712075 -0.0177963 -0.00298362 0 0 0 -0 0 0 0 -0 3.01228 5.40992 637.838 4236.94 
0.0206338547079946422 0.570103 0 317577 20.2506 20.2317 18.0556 0 01 0 0 0 0 0 0 0 0 0 0 0 0 0 0 0 
0.0206426063407457623 0.37045 0 332012 20.243 20.224 18.0488 0 01 -0 0 0 0 -0 0 0 0 -0 0 0 0.717949 2.17728 0 118.964 
0.020657213648861087 1.931 0 167944 0.1612 20.2116 18.0378 0 01 0 0 0 0 0 0 0 0 0 0 0 0 0 0 0 
0.0206685941858973758 0.201532 0 88115 0.108801 20.2017 18.029 0 01 0 0 0 0 0 0 0 0 0 0 0 1.35799 4.26369 0 61.2338 
0.020724824144010591 0.147439 0 341480 0.0966209 20.1534 17.9862 0 01 0 0 0 0 0 0 0 0 0 0 0 1.79275 4.50735 1301.88 3369.28 
0.0207606363245643709 0.175771 0 59383 0.143652 20.1228 17.959 0 01 -0 0 0 0 -0 0 0 0 -0 0 0 1.17127 2.99967 1.51624 65.9714 
0.0207832469244343676 0.25225 0 171146 20.1221 20.1035 17.9419 0 01 0 0 0 0 0 0 0 0 0 0 0 0.792234 2.0834 0 235.471 
0.0208468285390786268 0.186604 0 196880 20.0684 20.05 17.8944 0 01 0 0 0 0 0 0 0 0 0 0 0 1.94426 5.41463 661.693 725.185 
0.0208821261451026911 0.138198 0 217149 0.219961 20.0199 17.8678 0 01 0 0 0 0 0 0 0 0 0 0 0 1.72262 4.97976 516.698 774.686 
0.0209433757565385403 0.753416 0 320644 19.9869 19.9688 17.8224 0 01 0 0 0 0 0 0 0 0 0 0 0 0 1.54066 0 0 
0.0209723991362397895 0.257596 0 144527 0.139195 19.9446 17.801 0 01 -0 0 0 0 -0 0 0 0 -0 0 0 2.29388 5.12603 564.407 765.483 
0.0209890305243150589 0.478786 0 185677 0.540798 19.9306 17.7886 0 01 0 0 0 0 0 0 0 0 0 0 0 0 0.480245 0 0 
0.0210219239502427331 0.17024 0 106217 19.9211 19.9032 17.7643 0 01 0 0 0 0 0 0 0 0 0 0 0 1.33942 3.12378 0 0 
0.021046421521410414 0.106118 0 255244 0.0949296 32.3981 29.1583 0 01 0 0 -0 0 0 0 -0 0 0 0 -0 3.11601 5.27191 6378.85 14975.7 
0.0210591022865784898 0.820108 0 326994 19.8904 19.8726 17.7371 0 01 0 0 0 0 0 0 0 0 0 0 0 0 0.832954 0 0 
0.0210597778888444581 1.03249 0 173828 19.8898 19.872 17.7366 0 01 0 0 0 0 0 0 0 0 0 0 0 0 1.02496 0 0 
0.0211141775463733819 0.824329 0 361639 19.8449 19.8272 17.6968 0 01 0 0 0 0 0 0 0 0 0 0 0 0 0 0 0 
0.0211331953544848725 0.7419 0 322070 19.8294 19.8118 17.6832 0 01 0 0 0 0 0 0 0 0 0 0 0 0.727915 1.47265 0 0 
0.0211411491606269819 0.199785 0 1612 0.156276 19.8054 17.6774 0 01 -0 0 0 0 -0 0 0 0 -0 0 0 0.208772 3.05077 0 139.935 
0.021142153803628834 0.152775 0 7154 0.293083 19.8044 17.6765 0 01 0 -0 0 0 0 -0 0 0 0 -0 0 0.293759 2.21904 0 0 
0.0211484954586143928 0.0910196 1 450858 0 52.0662 46.8596 0 0 2 -0.0105356 0.00842538 0.00876418 0 0 0 0 0 0 0 0 3.15724 6.6601 3685.29 12637.9 
0.0211500346145923473 0.494783 0 207105 19.8158 19.7982 17.6711 0 01 -0 0 0 0 -0 0 0 0 -0 0 0 0.495526 1.99134 0 0 
0.0211721574746461874 0.352407 0 385145 19.7974 19.7799 17.6548 0 01 0 0 0 0 0 0 0 0 0 0 0 1.03026 3.78129 0 0 
0.0211955620288109374 0.222294 0 220044 19.7784 19.7609 17.638 0 01 0 0 -0 0 0 0 -0 0 0 0 -0 0.710367 1.62755 0 0 
0.0212024923362591454 0.386122 0 73017 0.224143 19.7553 17.6331 0 01 0 -0 0 0 0 -0 0 0 0 -0 0 1.1892 1.1892 0 320.763 
0.0212648662129055685 0.402091 0 493589 0.291377 28.1198 16.0585 0 153.8861 -23.0819 -61.5945 -139.12 0 0 0 0 0 0 0 0 0.401811 1.17973 0 0 
0.0212821897000240873 1.2643 0 29937 0.188134 19.6909 17.5759 0 01 0 0 -0 0 0 0 -0 0 0 0 -0 0 0 0 0 
0.0213135375821280025 0.221205 0 175405 0.449974 19.6658 17.5535 0 01 0 0 0 0 0 0 0 0 0 0 0 0.891016 2.25166 0 166.926 
0.021360311875995637 0.967671 0 184723 19.6454 19.6284 17.5204 0 01 0 0 -0 0 0 0 -0 0 0 0 -0 0 1.95344 0 0 
0.0213644671213718586 0.15386 0 15890 1.12041 19.625 17.5174 0 01 0 0 -0 0 0 0 -0 0 0 0 -0 1.45738 3.92647 0 1067.91 
0.0213697402036822012 0.347583 0 215401 19.6379 19.6209 17.5137 0 01 0 0 0 0 0 0 0 0 0 0 0 0 1.72145 0 0 
0.0213951821857895179 0.19991 0 212981 19.6177 19.6007 17.4958 0 01 0 0 0 0 0 0 0 0 0 0 0 0.56694 2.82713 0 0 
0.0213960200433382479 0.171818 0 357181 19.6172 19.6002 17.4953 0 01 0 0 0 0 0 0 0 0 0 0 0 2.141 5.73356 236.146 2572.17 
0.021405635434127053 0.267086 0 329030 19.6094 19.5925 17.4885 0 01 0 0 0 0 0 0 0 0 0 0 0 0.527182 2.32121 0 244.878 
0.0214244220397165688 2.16481 0 353613 19.5945 19.5776 17.4753 0 01 0 -0 0 0 0 -0 0 0 0 -0 0 0 0 0 0 
0.0214875300864522008 0.240512 1 528517 0 33.9105 30.5195 0 0 2 0.944435 -1.41658 -0.243386 0 0 0 0 0 0 0 0 0.882866 4.13838 0 41.2149 
0.021522126237920252 0.203834 0 564762 0.15024 19.8912 16.9575 0 01 0 0 0 0 0 0 0 0 0 0 0 0.975617 3.53267 0 0 
0.0217223695338206423 0.0650548 1 480230 0 33.0101 29.7091 0 0 2 -0.00327458 0.0109485 0.00709361 0 0 0 0 0 0 0 0 2.78367 5.55052 5532.92 14673.1 
0.0220463538248749716 0.379489 0 142348 0.100306 22.2473 5.73654 0 439.3021 351.467 -226.52 134.706 0 0 -0 0 0 0 -0 0 0.375132 2.62037 0 0 
0.0222514320587105553 0.128248 0 11891 0.158529 35.2333 31.7099 0 01 0 0 0 0 0 0 0 0 0 0 0 1.22773 5.89692 221.843 573.28 
0.0224356594487909906 0.20514 1 468761 0 40.7829 36.7046 0 0 1 -0.0803054 1.46691 -0.313846 0 0 0 -0 0 0 0 -0 0.38661 1.90721 0 0 
0.0228847528687685757 0.09187 1 421238 0 51.0016 45.9015 0 0 2 0.498306 0.0327783 0.135594 0 0 0 0 0 0 0 0 0 0 0 0 
0.0228871643712246498 0.0946417 1 158975 0 41.6858 37.5173 0 0 2 0.0341333 0.0224288 4.43172e-05 0 0 0 0 0 0 0 0 0 0 0 0 
0.0230950200723264859 0.517893 0 512842 0.103377 26.3401 12.2059 0 207.5171 168.678 -98.2253 70.4462 0 0 0 0 0 0 0 0 0 1.52509 0 0 
0.0231530380073482651 0.613981 0 228980 0.104985 21.0226 18.757 0 01 0 0 0 0 0 0 0 0 0 0 0 0 1.88466 0 0 
0.0238189301498990189 0.0490271 1 450872 0 37.585 33.8265 0 0 1 -0.476278 -0.142806 0.484177 0 0 -0 0 0 0 -0 0 0.961109 2.68774 2299.1 2299.1 
0.0240178797573692912 0.314689 0 356140 0.103465 31.0583 10.3661 0 34.44731 24.809 -18.5193 -15.1053 0 0 -0 0 0 0 -0 0 0.33025 1.32188 0 0 
0.0240880429916527916 0.106179 0 431637 0.318717 31.836 15.7473 0 33.32291 -33.3071 0.877744 0.535572 0 0 0 0 0 0 0 0 0 0 0 0 
0.0241297385742136154 0.0500083 1 430674 0 59.764 53.7876 0 0 2 0.000798395 0.00701409 0.00149707 0 0 0 -0 0 0 0 -0 2.86482 5.88694 1599.96 4122.39 
0.0242382685813416106 0.133764 1 441676 0 46.5046 41.8542 0 0 2 -8.13045e-05 0.000976204 0.00797615 0 0 0 0 0 0 0 0 0.770566 3.13005 0 0 
0.0243229485513199936 0.319827 0 500045 0.344522 25.3695 22.8325 0 01 0 -0 0 0 0 -0 0 0 0 -0 0 0.984411 3.26803 0 4.52574 
0.0246042522256170182 0.097882 0 704006 0.487797 18.4706 16.6233 0 01 -0 0 0 0 -0 0 0 0 -0 0 0 0 0 0 0 
0.0249193206678422693 0.164312 0 274730 0.393266 30.0327 20.1089 0 117.5991 -1.97127 -85.6115 -80.5992 0 0 -0 0 0 0 -0 0 4.23015 8.2012 2615.71 4465.16 
0.0250074126136880376 0.182515 0 506949 0.549997 30.4144 21.537 0 80.07591 19.0856 -31.2187 -71.227 0 0 -0 0 0 0 -0 0 2.1943 5.41863 1093.24 1169.64 
0.0250818014426937817 0.0404861 1 422969 0 37.133 33.4197 0 0 2 -0.0152438 -0.0244814 -0.00972979 0 0 -0 0 0 0 -0 0 2.5131 5.53367 2201.24 6548.8 
0.0262687258057809556 0.247054 0 620625 0.0949318 25.9995 23.3995 0 01 0 0 0 0 0 0 0 0 0 0 0 1.1632 3.74106 604.472 675.463 
0.0265315708889790648 0.305038 0 6219 0.129018 28.0792 15.9628 0 169.4611 131.864 3.71344 106.373 0 0 0 0 0 0 0 0 0.602091 2.37616 0 0 
0.0267793854792661365 0.20639 0 267316 0.118492 29.9125 20.6416 0 104.071 87.299 42.2257 -37.7682 0 0 0 0 0 0 0 0 0.822666 3.20185 0 0 
0.0271656340328257431 0.0504238 1 444272 0 54.6218 49.1596 0 0 1 0.331141 0.384667 -0.862014 0 0 0 0 0 0 0 0 1.70239 3.71305 3215.79 9001.42 
0.0276330917027882428 0.788041 0 255309 0.332219 33.5219 30.1697 0 01 0 0 0 0 0 0 0 0 0 0 0 0.788041 0.788041 0 0 
0.0277158141145005081 0.260738 0 454225 0 28.8509 17.8397 0 201.491 186.623 8.30135 75.5059 0 0 0 0 0 0 0 0 1.63483 4.09376 0 0 
0.0286067822775908434 0.449951 1 462436 0 40.1978 36.178 0 0 2 0.010768 0.00475937 -0.0174658 0 0 0 0 0 0 0 0 0 0.937403 0 0 
0.0287529749077379826 0.262583 0 431982 2.21003 42.1308 37.9177 0 01 0 0 -0 0 0 0 -0 0 0 0 -0 0.811637 3.26546 64.5441 64.5441 
0.0288274257496552756 0.0463385 1 462420 0 49.5151 44.5636 0 0 1 -0.00755564 0.217851 -0.404116 0 0 0 0 0 0 0 0 1.32295 3.55185 515.415 3019.19 
0.0289128479692457828 0.049963 1 440343 0 39.708 35.7372 0 0 2 -0.0115671 -0.0113753 0.0161944 0 0 -0 0 0 0 -0 0 1.37885 2.95103 3809.37 5495.42 
0.0291493167641404052 0.0793711 1 482528 0 40.9613 36.8651 0 0 2 0.000665394 -0.0167574 -0.0174746 0 -0 0 0 0 -0 0 0 2.24801 5.00995 6446.89 8844.72 
0.0292622953729139539 0.315635 0 422133 0.379542 21.6382 19.3018 0 01 -0 0 0 0 -0 0 0 0 -0 0 0 0.61069 1.84197 0 0 
0.029758634636573942 0.0790092 1 468620 0 45.4188 40.8769 0 0 2 -0.000507515 0.00531204 -0.0169545 0 0 0 0 0 0 0 0 1.2847 2.60213 275.923 1728.36 
0.0304263594664275494 0.137353 1 453263 0 59.6568 53.6911 0 0 2 0.746344 -0.173461 0.227939 0 0 0 0 0 0 0 0 0 0 0 0 
0.0304821542726035864 0.154414 1 6919 0 50.7268 45.6541 0 0 1 -0.00925571 -0.0117955 0.000455679 0 0 0 0 0 0 0 0 1.78224 4.69555 0 206.352 
0.0305635599659836651 0.415126 0 571692 0.115551 35.8244 28.1733 0 01 -0 0 0 0 -0 0 0 0 -0 0 0 0 1.65461 0 0 
0.0309638659268364515 0.179738 1 427852 0 48.3843 43.5459 0 0 2 0.00148413 -0.00308887 0.00537731 0 0 -0 0 0 0 -0 0 0.794373 1.83381 0 0 
0.0321230168754153833 0.170239 0 296689 0 22.2022 5.68255 0 325.6521 297.936 -124.298 42.8169 0 0 0 0 0 0 0 0 0.15519 2.08999 0 0 
0.0323728979618136473 0.199128 1 422709 0 48.1958 43.3762 0 0 2 0.000777522 -0.0171727 0.000183697 0 0 0 0 0 0 0 0 0.715358 3.09841 0 302.705 
0.0338978636100982847 0.182604 0 289203 0.154873 25.1787 7.81661 0 125.8381 -125.784 1.20301 -3.48712 0 0 0 -0 0 0 0 -0 2.21791 5.97796 250.039 1356.45 
0.033950262531932153 0.0909864 1 494248 0 20.4904 18.4414 0 0 2 -0.0455697 0.048984 -0.0192467 0 0 0 0 0 0 0 0 3.62474 6.65423 4487.89 8276.23 
0.0346124827614821134 1.48407 0 661465 0.12409 19.7028 17.5864 0 01 0 0 0 0 0 0 0 0 0 0 0 0 0 0 0 
0.0346204449843372439 0.0994248 0 576609 0.0944356 21.5852 19.2549 0 01 0 0 0 0 0 0 0 0 0 0 0 0 0 0 0 
0.0355573139958945336 0.31059 1 0 0 9.56335 5.52309 0 0 1 -66.3907 2.23567 20.6631 1 20.0801 -91.0115 39.7932 0 0 0 0 1.58886 4.10115 0 0 
0.0363736695337036758 0.320719 0 140594 0.469822 20.6497 18.4264 0 01 0 0 0 0 0 0 0 0 0 0 0 0.634618 1.90186 0 0 
0.0383761238371054386 0.295511 0 451214 1.01737 24.8673 9.51036 0 207.3181 -93.3864 16.6248 184.346 0 0 0 0 0 0 0 0 3.14078 8.52756 0 607.469 
0.0406578275397364436 0.344411 0 370815 0.799936 20.8307 18.587 0 01 0 0 -0 0 0 0 -0 0 0 0 -0 0.342143 0.687431 0 360.959 
0.0411356750541829949 0.267235 1 423539 0 70.7785 63.7007 0 0 2 0.00143286 -0.00291842 -0.00247228 0 0 -0 0 0 0 -0 0 0.783988 2.58842 0 287.219 
0.0412323114764105575 0.236196 0 490399 0.151419 25.1281 9.95641 0 208.731 131.354 -52.0469 153.641 0 0 -0 0 0 0 -0 0 1.71727 4.7353 59.7274 59.7274 
0.0416775232440496565 0.132303 1 451311 0 33.7467 30.372 0 0 2 -0.256634 0.496344 -0.0681058 0 0 0 0 0 0 0 0 0 0 0 0 
0.0417927704172105438 0.340936 0 108418 0.989094 21.4782 16.9328 0 01 0 0 0 0 0 0 0 0 0 0 0 1.38734 5.23951 86.2437 388.546 
0.0450952370976052536 0.715115 0 330889 0.185329 20.6868 15.0643 0 01 0 0 0 0 0 0 0 0 0 0 0 0 0 0 0 
0.0465235357048641579 0.0615314 1 437264 0 49.6836 44.7152 0 0 2 0.0311433 -0.0165248 0.00277838 0 0 0 -0 0 0 0 -0 4.0068 9.55807 3053.77 5494.11 
0.0475009615192051454 0.149754 0 266423 0 20.0469 14.3041 0 01 0 0 0 0 0 0 0 0 0 0 0 2.90112 8.65078 19.27 985.567 
3.70396126609951626 0.00295402 1 0 0 24.5758 8.80381 0 0 1 -48.6026 174.059 10.078 1 -45.9258 175.424 -1.36015 0 -0 0 0 19.0286 55.2876 15.1918 51.4506 
9.79728581236913953 0.0143598 1 0 0 11.7948 7.94292 0 0 1 -164.025 -105.515 -100.322 1 -91.9133 -225.963 -76.5624 0 0 -0 0 2.0314 5.26382 16.6696 33.9177 
