#1:time #2:r #3.binary? #4:ID #5:zams_m #6:m_progenitor #7:bh mass #8:bh_spin #9:birth-kick(km/s) #10-25:vsarray
0.000396620076137124255 0.567438 1 62090 0 134.587 40.5 0 0 1 0.00290924 -0.0671831 0.0386932 0 0 0 0 0 0 0 0 2.2638 7.91492 1100.1 1146.83 
0.000396620076137124255 0.60883 0 48795 148.621 133.62 40.5 0 01 0 0 0 0 0 0 0 0 0 0 0 2.43948 9.72805 0 645.345 
0.000396620076137124255 0.641704 0 61743 148.621 133.62 40.5 0 01 0 0 0 0 0 0 0 0 0 0 0 1.94061 7.78551 0 0 
0.000399306110410688826 0.612619 1 0 0 62.1799 40.5 0 0 1 0.840824 1.84075 1.08966 1 -7.39719 138.468 -223.357 0 0 0 0 4.83625 7.24466 105.675 393.916 
0.000399306110410688826 0.741927 0 100504 136.028 129.518 40.5 0 01 0 0 0 0 0 0 0 0 0 0 0 0.741928 3.71176 0 0 
0.000404855164398763238 0.0683528 1 1230 0 124.471 40.5 0 0 1 -0.0289791 0.0600995 -0.0142604 0 0 0 -0 0 0 0 -0 1.70992 4.72581 591.054 797.773 
0.000404855164398763238 0.132013 1 0 0 125.583 40.5 0 0 1 0.0278291 0.0244924 -0.0223497 1 -14.2932 3.69917 -2.11396 0 0 0 0 1.70992 4.72581 591.054 797.773 
0.000404855164398763238 0.276356 0 34504 124.455 119.324 40.5 0 01 0 0 0 0 0 0 0 0 0 0 0 2.41288 6.3642 84.7384 1416.78 
0.000404855164398763238 0.994946 0 174558 126.594 121.231 40.5 0 01 0 0 0 0 0 0 0 0 0 0 0 2.96156 4.94246 0 0 
0.000404855164398763238 1.25342 0 115717 0.120103 122.84 40.5 0 01 0 0 0 0 0 0 0 0 0 0 0 3.73008 12.5625 0 0 
0.000419724896770897566 0.333245 1 10657 0 103.775 40.5 0 0 1 -0.000666406 0.00136503 0.0266369 0 0 0 0 0 0 0 0 3.46774 12.063 156.909 456.215 
0.000419724896770897566 0.359747 1 34242 102.31 44.6813 40.2132 0 0 1 0.78883 -0.320495 -1.59281 0 0 0 0 0 0 0 0 7.37767 15.0895 295.997 933.608 
0.000419724896770897566 0.414142 0 92882 107.222 103.779 40.5 0 01 0 0 0 0 0 0 0 0 0 0 0 9.87433 23.9445 71.7592 834.556 
0.000419724896770897566 0.660676 0 149723 103.931 100.761 40.5 0 01 0 0 0 0 0 0 0 0 0 0 0 5.85038 18.2582 0 449.448 
0.000419724896770897566 0.686356 0 111187 103.99 100.816 40.5 0 01 0 0 -0 0 0 0 -0 0 0 0 -0 7.64569 19.4915 0 105.857 
0.000419724896770897566 0.701734 0 119279 118.641 114.112 40.5 0 01 0 0 0 0 0 0 0 0 0 0 0 7.64569 19.4915 0 105.857 
0.000419724896770897566 0.710245 0 48757 103.84 100.677 40.5 0 01 0 0 -0 0 0 0 -0 0 0 0 -0 9.34405 16.5211 0 206.122 
0.000419724896770897566 0.733944 0 64926 104.991 101.735 40.5 0 01 0 0 0 0 0 0 0 0 0 0 0 8.12829 15.5968 45.8915 205.61 
0.000419724896770897566 1.74289 0 175727 113.949 109.905 40.5 0 01 0 0 0 0 0 0 0 0 0 0 0 3.51842 12.2445 0 126.782 
0.000419724896770897566 1.83753 1 188351 0 105.031 40.5 0 0 1 0.002224 0.00280569 -0.00299246 0 0 0 0 0 0 0 0 5.52396 14.6914 0 0 
0.000419724896770897566 2.0664 0 178115 104.318 101.116 40.5 0 01 0 -0 0 0 0 -0 0 0 0 -0 0 2.0664 10.2364 0 0 
0.000439557638778828748 0.157232 1 24087 0 38.4227 34.5804 0 0 1 0.000764599 -0.00315539 0.00343159 0 0 0 -0 0 0 0 -0 3.19482 8.91142 244.397 1593.34 
0.000439557638778828748 0.46868 1 61874 0 41.0582 36.9524 0 0 2 -0.000840386 0.0220632 0.0349187 0 0 0 0 0 0 0 0 4.59848 18.8608 37.3626 217.821 
0.000439557638778828748 0.471594 0 51333 0.0824358 94.954 39.5984 0 01 0 0 0 0 0 0 0 0 0 0 0 10.5073 22.0345 419.684 963.648 
0.000439557638778828748 0.684872 1 9424 0 96.4125 41.9042 0 0 1 3.21042e-05 0.00122676 0.00131198 0 0 0 0 0 0 0 0 9.50042 18.3267 409.184 820.712 
0.000439557638778828748 0.946187 0 168168 93.8479 41.7577 37.5819 0 01 0 0 0 0 0 0 0 0 0 0 0 2.83939 14.1093 0 172.002 
0.000439557638778828748 1.11572 0 150155 90.7141 40.2396 36.2156 0 01 0 0 0 0 0 0 0 0 0 0 0 5.51427 15.4737 454.266 458.201 
0.000439557638778828748 1.19379 0 136651 0.252791 40.2292 36.2063 0 01 0 0 0 0 0 0 0 0 0 0 0 8.29511 17.7587 0 990.534 
0.000439557638778828748 1.32868 0 159815 87.188 38.417 34.5753 0 01 0 0 0 0 0 0 0 0 0 0 0 3.93502 13.1544 0 0 
0.000439557638778828748 1.62562 0 176205 86.732 38.0894 34.2804 0 01 0 0 0 0 0 0 0 0 0 0 0 8.01787 14.3435 0 0 
0.000439557638778828748 1.80479 0 167048 92.1791 40.8914 36.8023 0 01 0 0 0 0 0 0 0 0 0 0 0 1.80259 7.2163 0 11.6616 
0.000462039587299393388 0.281989 0 4485 74.1323 31.8452 28.6606 0 01 -0 0 0 0 -0 0 0 0 -0 0 0 9.37786 25.4982 204.294 1288.29 
0.000462039587299393388 0.368917 0 59411 0.633199 34.762 31.2858 0 01 0 0 0 0 0 0 0 0 0 0 0 8.90323 19.9607 305.007 883.912 
0.000462039587299393388 0.421738 0 9114 75.9226 32.7107 29.4396 0 01 0 0 0 0 0 0 0 0 0 0 0 9.5687 22.0478 397.809 1009.99 
0.000462039587299393388 0.554327 0 78203 85.2054 37.4439 33.6995 0 01 -0 0 0 0 -0 0 0 0 -0 0 0 7.6872 20.234 0 152.158 
0.000462039587299393388 0.56504 0 176470 78.0612 33.7108 30.3397 0 01 0 -0 0 0 0 -0 0 0 0 -0 0 9.07748 22.176 108.61 345.372 
0.000462039587299393388 0.704648 0 122627 80.8837 35.2143 31.6928 0 01 -0 0 0 0 -0 0 0 0 -0 0 0 4.91958 15.4552 0 35.8205 
0.000462039587299393388 0.839485 0 102311 75.0149 32.1982 28.9784 0 01 0 0 0 0 0 0 0 0 0 0 0 8.26651 16.5225 0 394.606 
0.000462039587299393388 0.963864 0 42429 77.2398 33.3053 29.9748 0 01 0 0 0 0 0 0 0 0 0 0 0 6.78124 16.4463 0 57.9845 
0.000462039587299393388 1.02804 0 115918 78.7712 34.1369 30.7232 0 01 0 0 -0 0 0 0 -0 0 0 0 -0 7.26113 17.5589 362.876 362.876 
0.000462039587299393388 1.08958 0 147898 86.2269 37.9102 34.1192 0 01 -0 0 0 0 -0 0 0 0 -0 0 0 8.85088 21.0329 202.979 824.242 
0.000462039587299393388 1.27088 0 100809 75.8412 32.61 29.349 0 01 0 0 0 0 0 0 0 0 0 0 0 8.87258 21.5387 0 528.776 
0.000462039587299393388 1.54616 0 161709 0.172724 34.9693 31.4724 0 01 0 0 0 0 0 0 0 0 0 0 0 10.6412 26.0003 1.11553 625.721 
0.000480421785597495992 0.256206 0 24013 68.8349 29.1647 26.2482 0 01 0 0 -0 0 0 0 -0 0 0 0 -0 5.37894 18.872 710.338 1815.56 
0.000480421785597495992 0.80346 0 51259 69.5325 29.5516 26.5965 0 01 0 0 0 0 0 0 0 0 0 0 0 4.82571 15.3186 10.3771 325.222 
0.000480421785597495992 0.875524 0 121014 67.3249 28.433 25.5897 0 01 0 0 0 0 0 0 0 0 0 0 0 6.22895 15.0583 625.325 629.758 
0.000480421785597495992 0.94993 0 114706 70.8061 30.1259 27.1133 0 01 0 0 0 0 0 0 0 0 0 0 0 3.78616 17.035 7.32774 7.32774 
0.000480421785597495992 0.956663 0 111328 67.4826 28.5516 25.6964 0 01 -0 0 0 0 -0 0 0 0 -0 0 0 3.78616 17.035 7.32774 7.32774 
0.000480421785597495992 1.20931 0 152617 73.6069 31.5168 28.3651 0 01 0 0 0 0 0 0 0 0 0 0 0 3.69399 13.5519 0 104.171 
0.000480421785597495992 1.43851 0 153939 71.4512 30.5458 27.4912 0 01 0 0 0 0 0 0 0 0 0 0 0 2.87963 10.0053 0 9.65263 
0.000480421785597495992 2.11598 0 196871 67.4387 28.4887 25.6398 0 01 0 0 0 0 0 0 0 0 0 0 0 0 6.27594 0 0 
0.000480421785597495992 2.58694 0 174664 69.4959 29.5776 26.6198 0 01 0 0 -0 0 0 0 -0 0 0 0 -0 0 10.6544 0 0 
0.000508847579975259647 0.148404 0 85265 58.7173 24.2154 21.7938 0 01 0 0 0 0 0 0 0 0 0 0 0 5.76407 14.1117 1236.6 1717.19 
0.000508847579975259647 0.354001 0 25684 63.0733 26.489 23.8401 0 01 0 0 0 0 0 0 0 0 0 0 0 12.6094 27.0171 324.65 484.13 
0.000508847579975259647 0.461446 0 37142 63.1007 26.4574 23.8117 0 01 0 0 0 0 0 0 0 0 0 0 0 7.96409 26.1384 96.2573 305.679 
0.000508847579975259647 0.477973 0 88100 64.7006 27.2232 24.5009 0 01 0 0 0 0 0 0 0 0 0 0 0 7.28327 24.8713 0 1229.95 
0.000508847579975259647 0.505067 0 25991 61.3019 25.6303 23.0673 0 01 0 -0 0 0 0 -0 0 0 0 -0 0 7.65941 19.4092 28.9716 668.071 
0.000508847579975259647 0.560455 0 12700 64.3014 26.9749 24.2774 0 01 -0 0 0 0 -0 0 0 0 -0 0 0 9.94134 27.0749 36.0069 391.369 
0.000508847579975259647 0.656999 0 110778 61.5212 25.6943 23.1249 0 01 -0 0 0 0 -0 0 0 0 -0 0 0 9.95471 26.5505 772.975 776.748 
0.000508847579975259647 0.764531 0 107024 60.5044 25.122 22.6098 0 01 0 0 0 0 0 0 0 0 0 0 0 12.123 29.4652 367.01 403.558 
0.000508847579975259647 0.781711 0 71530 66.0952 27.8365 25.0528 0 01 0 0 -0 0 0 0 -0 0 0 0 -0 7.04069 19.6456 293.18 655.655 
0.000508847579975259647 0.836471 0 95702 60.5667 25.1795 22.6615 0 01 0 0 0 0 0 0 0 0 0 0 0 6.69791 20.0667 281.324 507.262 
0.000508847579975259647 0.880914 0 147276 58.7407 24.222 21.7998 0 01 -0 0 0 0 -0 0 0 0 -0 0 0 13.2885 24.8559 302.121 427.862 
0.000508847579975259647 0.886665 0 11010 64.4191 27.0317 24.3285 0 01 0 0 0 0 0 0 0 0 0 0 0 13.2885 24.8559 302.121 427.862 
0.000508847579975259647 1.07026 0 197790 61.1754 25.5406 22.9865 0 01 0 0 0 0 0 0 0 0 0 0 0 9.72291 29.1558 1.40986 309.312 
0.000508847579975259647 1.27711 0 176147 59.5084 24.6137 22.1523 0 01 0 0 0 0 0 0 0 0 0 0 0 7.68321 17.9089 0 0 
0.000508847579975259647 1.31216 0 166865 62.8942 26.3125 23.6813 0 01 0 -0 0 0 0 -0 0 0 0 -0 0 9.39077 16.0259 18.5261 263.152 
0.000508847579975259647 1.32546 0 164435 61.1483 25.4517 22.9065 0 01 0 0 -0 0 0 0 -0 0 0 0 -0 9.39077 16.0259 18.5261 263.152 
0.000508847579975259647 1.36849 0 177308 63.2174 26.5101 23.8591 0 01 0 -0 0 0 0 -0 0 0 0 -0 0 5.49311 12.293 325.421 325.421 
0.000508847579975259647 1.42624 0 150382 65.3114 27.4581 24.7123 0 01 -0 0 0 0 -0 0 0 0 -0 0 0 11.3672 22.7187 0 333.097 
0.000508847579975259647 1.58002 0 184514 59.5604 24.6385 22.1746 0 01 0 0 -0 0 0 0 -0 0 0 0 -0 4.62437 20.2179 0 0 
0.000508847579975259647 2.02587 0 156600 59.8262 24.8505 22.3654 0 01 0 0 0 0 0 0 0 0 0 0 0 2.07946 12.3717 0 0 
0.000508847579975259647 2.41442 0 181303 61.4273 25.5955 23.0359 0 01 0 0 0 0 0 0 0 0 0 0 0 4.95108 9.85852 0 0 
0.000521372785446519763 0.775824 0 52253 57.7001 23.6887 21.3198 0 01 0 0 0 0 0 0 0 0 0 0 0 6.1719 12.3205 2.47238 54.8862 
0.000521372785446519763 1.82734 0 134142 56.2477 23.0346 20.7312 0 01 -0 0 0 0 -0 0 0 0 -0 0 0 1.8077 7.22123 0 0 
0.000521372785446519763 1.90764 0 179664 56.8427 23.3229 20.9906 0 01 0 0 -0 0 0 0 -0 0 0 0 -0 0 5.63648 0 0 
0.000533404622648954007 0.0247335 1 10715 0 22.2848 20.0563 0 0 1 -0.000559387 0.000977645 0.00120392 0 0 0 0 0 0 0 0 2.9648 7.11257 147.015 954.518 
0.000533404622648954007 0.189823 1 6409 0 21.8587 19.6729 0 0 1 -7.72697e-05 -0.000667456 -0.00238914 0 0 -0 0 0 0 -0 0 6.11669 12.8815 635.958 1658.93 
0.000533404622648954007 0.313204 0 13642 55.6771 22.685 20.4165 0 01 0 0 0 0 0 0 0 0 0 0 0 6.19148 17.0874 310.213 1124.32 
0.000533404622648954007 0.48821 0 58352 55.3119 22.5402 20.2861 0 01 0 -0 0 0 0 -0 0 0 0 -0 0 7.50148 17.4055 47.6148 510.051 
0.000533404622648954007 0.528281 0 28748 3.84591 21.9754 19.7778 0 01 0 0 0 0 0 0 0 0 0 0 0 4.6614 14.5172 197.299 387.758 
0.000533404622648954007 0.558287 0 128897 55.4251 22.5389 20.285 0 01 0 -0 0 0 0 -0 0 0 0 -0 0 6.78988 15.2179 77.1512 251.13 
0.000553038475214761367 0.181416 1 77606 0 21.0813 18.9731 0 0 1 -0.00235053 0.00119478 6.49768e-05 0 0 0 0 0 0 0 0 7.10687 14.8298 232.34 761.214 
0.000553038475214761367 0.224714 0 43106 50.8741 20.3162 18.2846 0 01 0 0 0 0 0 0 0 0 0 0 0 7.1619 14.6533 335.553 1708.34 
0.000553038475214761367 0.225908 0 27716 51.6437 20.637 18.5733 0 01 -0 0 0 0 -0 0 0 0 -0 0 0 7.1619 14.6533 335.553 1708.34 
0.000553038475214761367 0.415456 1 37483 0 21.1533 19.0379 0 0 1 -0.0068427 -0.000776373 -0.0101093 0 -0 0 0 0 -0 0 0 8.14348 16.2697 396.458 847.586 
0.000553038475214761367 0.516815 0 185627 50.0487 19.9197 17.9277 0 01 0 -0 0 0 0 -0 0 0 0 -0 0 5.18089 16.6257 0 501.153 
0.000553038475214761367 0.527295 1 111644 0 21.143 19.0287 0 0 1 0.00213624 0.00766218 -0.00557735 0 0 0 0 0 0 0 0 5.18089 16.6257 0 501.153 
0.000553038475214761367 0.574982 0 44453 51.9633 20.8684 18.7816 0 01 0 0 0 0 0 0 0 0 0 0 0 3.52215 22.8134 0 666.198 
0.000553038475214761367 0.720976 0 75494 52.6861 21.2609 19.1348 0 01 0 -0 0 0 0 -0 0 0 0 -0 0 10.1554 17.4133 428.182 481.878 
0.000553038475214761367 0.721001 0 154047 51.7776 20.7509 18.6758 0 01 0 0 0 0 0 0 0 0 0 0 0 10.1554 17.4133 428.182 481.878 
0.000553038475214761367 0.732516 0 74245 51.1709 20.4578 18.412 0 01 0 0 0 0 0 0 0 0 0 0 0 10.1554 17.4133 428.182 481.878 
0.000553038475214761367 0.73662 1 56191 51.4257 21.4724 20.9189 0 0 1 0.0325215 1.45605 -2.69594 0 0 0 -0 0 0 0 -0 5.21909 19.4019 552.453 646.863 
0.000553038475214761367 1.46029 1 165646 52.3922 21.1325 19.0193 0 0 1 0.00809355 -2.0341 -4.08723 0 0 -0 0 0 0 -0 0 2.89204 13.1113 0 0 
0.000553038475214761367 1.92516 0 194166 51.865 20.8268 18.7441 0 01 0 0 0 0 0 0 0 0 0 0 0 9.48467 20.9615 0 0 
0.000590094369101855191 0.317422 1 953 0 18.5545 16.6989 0 0 1 0.00153308 0.00190586 -0.0101111 0 0 0 0 0 0 0 0 9.65665 26.477 856.146 1328.31 
0.000590094369101855191 0.351967 1 204434 46.176 22.1864 19.9678 0 0 2 1.89131 1.5409 1.09841 0 0 0 0 0 0 0 0 15.273 35.317 523.123 1429.22 
0.000590094369101855191 0.371712 0 27316 48.1001 18.9778 17.0801 0 01 0 0 0 0 0 0 0 0 0 0 0 15.273 35.317 523.123 1429.22 
0.000590094369101855191 0.461547 0 55710 46.9203 18.5195 16.6674 0 01 0 0 0 0 0 0 0 0 0 0 0 14.7523 34.4772 228.331 645.041 
0.000590094369101855191 0.555834 0 183290 48.3797 19.0242 17.1218 0 01 -0 0 0 0 -0 0 0 0 -0 0 0 11.4661 30.4894 0 978.84 
0.000590094369101855191 0.55796 0 65477 45.4948 18.1303 16.3165 0 01 0 0 0 0 0 0 0 0 0 0 0 13.6073 32.937 33.7528 443.908 
0.000590094369101855191 0.581583 0 60170 45.2368 17.9758 16.1773 0 01 0 0 0 0 0 0 0 0 0 0 0 11.1841 33.6513 302.667 680.996 
0.000590094369101855191 0.593547 0 116262 49.0266 19.3435 17.4092 0 01 -0 0 0 0 -0 0 0 0 -0 0 0 11.1841 33.6513 302.667 680.996 
0.000590094369101855191 0.639693 0 62226 48.302 18.9409 17.0468 0 01 0 -0 0 0 0 -0 0 0 0 -0 0 12.0629 29.853 0 318.755 
0.000590094369101855191 0.646533 0 54190 49.2892 19.4426 17.4984 0 01 0 0 0 0 0 0 0 0 0 0 0 11.1894 28.9591 610.252 1112.55 
0.000590094369101855191 0.65207 0 85683 44.9658 17.913 16.1207 0 01 0 0 0 0 0 0 0 0 0 0 0 11.1894 28.9591 610.252 1112.55 
0.000590094369101855191 0.66159 0 139943 46.444 18.4385 16.5943 0 01 0 0 0 0 0 0 0 0 0 0 0 11.1894 28.9591 610.252 1112.55 
0.000590094369101855191 0.697418 0 57888 0 18.2437 16.4187 0 01 0 0 0 0 0 0 0 0 0 0 0 12.0002 31.7784 50.4481 308.24 
0.000590094369101855191 0.737381 0 89578 49.7995 19.747 17.7723 0 01 0 0 0 0 0 0 0 0 0 0 0 15.3577 40.8411 27.4593 498.457 
0.000590094369101855191 0.852026 0 58596 45.3218 18.1111 16.2993 0 01 0 0 0 0 0 0 0 0 0 0 0 11.1447 29.9538 0 467.572 
0.000590094369101855191 0.915632 0 144755 46.2284 18.3813 16.5428 0 01 -0 0 0 0 -0 0 0 0 -0 0 0 4.54239 20.066 0 204.239 
0.000590094369101855191 1.02151 0 45741 47.4805 18.5575 16.7016 0 01 0 0 0 0 0 0 0 0 0 0 0 7.24701 21.7759 170.569 408.537 
0.000590094369101855191 1.02778 0 37829 45.571 18.1624 16.3455 0 01 0 0 0 0 0 0 0 0 0 0 0 7.24701 21.7759 170.569 408.537 
0.000590094369101855191 1.14551 0 161343 0.30299 19.5905 17.6314 0 01 0 0 0 0 0 0 0 0 0 0 0 5.72616 19.4268 205.403 455.781 
0.000590094369101855191 1.16711 0 99846 48.7235 19.2088 17.2879 0 01 0 0 0 0 0 0 0 0 0 0 0 7.11315 16.5372 0 262.334 
0.000590094369101855191 1.24111 0 177060 46.786 18.452 16.6064 0 01 -0 0 0 0 -0 0 0 0 -0 0 0 5.03768 15.1057 0 0 
0.000590094369101855191 1.51631 1 164882 47.7203 18.7995 16.9196 0 0 1 0.3994 -0.197659 -0.762282 0 0 0 0 0 0 0 0 4.54512 22.7066 0 101.427 
0.000590094369101855191 1.53051 0 162029 49.042 19.2994 17.3695 0 01 0 0 0 0 0 0 0 0 0 0 0 4.54512 22.7066 0 101.427 
0.000590094369101855191 1.95087 0 63181 45.5723 18.163 16.346 0 01 0 0 -0 0 0 0 -0 0 0 0 -0 3.9534 11.924 0 0 
0.000590094369101855191 2.07727 0 157557 48.6908 19.2356 17.312 0 01 0 0 0 0 0 0 0 0 0 0 0 4.18338 19.1365 0 146.074 
0.000590094369101855191 2.09478 0 194155 45.6927 18.1752 16.357 0 01 0 0 0 0 0 0 0 0 0 0 0 4.18338 19.1365 0 146.074 
0.000590094369101855191 2.45768 0 183715 49.3078 19.5425 17.5882 0 01 0 0 0 0 0 0 0 0 0 0 0 4.9235 14.956 0 58.4075 
0.000590094369101855191 3.02719 0 146828 45.4911 18.1285 16.3149 0 01 0 0 -0 0 0 0 -0 0 0 0 -0 0 0 0 0 
0.000594196905330032473 0.914595 0 120626 44.1948 17.648 15.8819 0 01 0 0 0 0 0 0 0 0 0 0 0 1.83755 4.56775 0 0 
0.000600526463981502622 0.300478 1 20900 43.6574 17.4654 15.7173 0 0 1 2.66582 2.02273 0.892847 0 0 0 0 0 0 0 0 4.93364 10.6453 96.2634 544.924 
0.000600526463981502622 0.331125 0 35366 43.6827 17.4505 15.7039 0 01 0 0 0 0 0 0 0 0 0 0 0 3.42516 7.60406 17.934 428.671 
0.000600526463981502622 0.350656 0 25648 43.9216 17.5411 15.7855 0 01 0 0 -0 0 0 0 -0 0 0 0 -0 3.42516 7.60406 17.934 428.671 
0.000600526463981502622 0.632635 0 83883 43.4998 17.3814 15.6416 0 01 0 0 -0 0 0 0 -0 0 0 0 -0 1.92461 6.41307 0 39.1276 
0.000600526463981502622 0.634129 0 68583 43.541 17.3965 15.6552 0 01 0 0 -0 0 0 0 -0 0 0 0 -0 1.92461 6.41307 0 39.1276 
0.000600526463981502622 0.71402 0 141955 43.841 17.512 15.7593 0 01 0 0 0 0 0 0 0 0 0 0 0 3.56699 9.95713 0 357.303 
0.000600526463981502622 0.935527 0 85753 43.43 17.353 15.616 0 01 -0 0 0 0 -0 0 0 0 -0 0 0 0.935131 5.67206 0 227.905 
0.000600526463981502622 1.46779 0 150523 43.4831 17.3739 15.6348 0 01 0 0 0 0 0 0 0 0 0 0 0 2.93755 7.30275 0 0 
0.000616065603467711408 0.541211 0 68259 42.4999 16.9236 15.229 0 01 0 0 0 0 0 0 0 0 0 0 0 3.71832 16.4848 0 0 
0.000616065603467711408 1.10165 0 131772 42.8596 17.118 15.4043 0 01 0 0 0 0 0 0 0 0 0 0 0 7.75817 14.4292 0 27.6249 
0.000616065603467711408 1.60929 0 94719 43.369 17.3286 15.594 0 01 0 0 0 0 0 0 0 0 0 0 0 1.60529 8.01438 0 54.7553 
0.000616065603467711408 2.14355 0 170070 42.6563 16.9936 15.2921 0 01 0 0 0 0 0 0 0 0 0 0 0 2.08521 6.36728 0 0 
0.000616065603467711408 2.50443 0 197910 42.2259 16.8079 15.1248 0 01 0 -0 0 0 0 -0 0 0 0 -0 0 2.60154 2.60154 0 0 
0.000619632156727456919 0.196533 0 4347 41.5373 16.5431 14.8862 0 01 0 0 0 0 0 0 0 0 0 0 0 3.9771 7.00628 53.1837 478.556 
0.000619632156727456919 0.653101 0 111014 41.6225 16.5614 14.9027 0 01 0 0 0 0 0 0 0 0 0 0 0 0.651629 2.57488 0 0 
0.000619632156727456919 1.76305 0 121054 41.5427 16.6458 14.9787 0 01 0 0 -0 0 0 0 -0 0 0 0 -0 0 0 0 0 
0.000639072958471646854 0.183715 0 6025 40.7768 16.2476 14.62 0 01 0 -0 0 0 0 -0 0 0 0 -0 0 5.43638 18.3671 760.015 1045.64 
0.000639072958471646854 0.473065 0 5284 40.5322 16.226 14.6005 0 01 0 0 0 0 0 0 0 0 0 0 0 9.34801 21.0629 285.463 1023.36 
0.000639072958471646854 0.696782 0 122995 40.6661 16.2485 14.6208 0 01 0 0 0 0 0 0 0 0 0 0 0 4.82023 15.8362 35.8252 169.809 
0.000639072958471646854 0.78324 0 78974 41.3222 16.5024 14.8495 0 01 0 0 0 0 0 0 0 0 0 0 0 4.71292 21.1901 0 12.6722 
0.000639072958471646854 0.786339 0 22499 40.4457 16.0963 14.4836 0 01 0 0 0 0 0 0 0 0 0 0 0 4.71292 21.1901 0 12.6722 
0.000639072958471646854 1.17443 0 51605 40.827 16.2553 14.6269 0 01 0 0 0 0 0 0 0 0 0 0 0 5.92234 14.265 0 421.101 
0.000639072958471646854 1.52743 0 191234 39.5368 15.7234 14.1477 0 01 0 0 0 0 0 0 0 0 0 0 0 3.04815 19.8918 0 0 
0.000639072958471646854 1.96694 0 185827 39.6373 15.868 14.2779 0 01 0 0 0 0 0 0 0 0 0 0 0 0 1.97838 0 0 
0.000639072958471646854 1.9885 0 189256 40.4504 16.1007 14.4876 0 01 0 0 0 0 0 0 0 0 0 0 0 0 1.97838 0 0 
0.000639072958471646854 2.41373 0 195207 39.8973 15.9521 14.3537 0 01 -0 0 0 0 -0 0 0 0 -0 0 0 0 2.53943 0 0 
0.000639072958471646854 2.90544 0 82477 40.9632 16.4157 14.7714 0 01 0 0 0 0 0 0 0 0 0 0 0 0 8.14655 0 0 
0.000650416726524366507 0.456169 0 36465 39.0862 15.5399 13.9824 0 01 0 0 0 0 0 0 0 0 0 0 0 5.11696 14.4527 552.293 641.061 
0.000650416726524366507 0.60259 0 50618 39.3718 15.6646 14.0947 0 01 0 0 -0 0 0 0 -0 0 0 0 -0 4.21074 12.6129 100.567 178.185 
0.000650416726524366507 0.63408 1 70798 0 15.3921 13.8492 0 0 1 0.0018349 -0.00235348 0.00841303 0 0 0 0 0 0 0 0 6.44153 13.5271 164.274 388.725 
0.000650416726524366507 0.670512 1 23355 38.7463 15.4359 13.8887 0 0 1 -1.8287 -0.200989 0.938891 0 0 0 0 0 0 0 0 6.03153 14.7274 0 524.566 
0.000650416726524366507 2.18607 0 167586 38.5806 15.3567 13.8173 0 01 0 0 0 0 0 0 0 0 0 0 0 0 0 0 0 
0.000650416726524366507 2.5666 0 170525 38.7956 15.4353 13.8881 0 01 0 0 0 0 0 0 0 0 0 0 0 0 2.4777 0 0 
0.000670061083570359841 0.317178 0 32995 37.0429 14.9028 13.4084 0 01 0 0 -0 0 0 0 -0 0 0 0 -0 7.6199 19.7269 701.741 914.977 
0.000670061083570359841 0.362555 0 7823 0 15.7197 14.1443 0 01 -0 0 0 0 -0 0 0 0 -0 0 0 7.43907 18.2599 31.0081 256.333 
0.000670061083570359841 0.525517 0 79197 38.3837 15.2738 13.7426 0 01 0 0 0 0 0 0 0 0 0 0 0 8.58931 19.8471 134.77 207.584 
0.000670061083570359841 0.534094 0 36799 37.7695 15.0965 13.5829 0 01 0 0 0 0 0 0 0 0 0 0 0 8.58931 19.8471 134.77 207.584 
0.000670061083570359841 1.12723 0 159247 38.304 15.2444 13.7161 0 01 0 0 0 0 0 0 0 0 0 0 0 4.4801 14.5423 0 7.54797 
0.000670061083570359841 1.46079 0 87721 37.6852 14.9851 13.4826 0 01 0 0 0 0 0 0 0 0 0 0 0 4.38143 16.1453 0 3.58573 
0.000670061083570359841 1.49502 0 159486 37.6837 14.9836 13.4812 0 01 0 0 0 0 0 0 0 0 0 0 0 4.38143 16.1453 0 3.58573 
0.000670061083570359841 1.50139 0 162583 37.01 14.9752 13.4736 0 01 -0 0 0 0 -0 0 0 0 -0 0 0 4.38143 16.1453 0 3.58573 
0.000705653954493597971 0.181094 0 186579 35.8192 35.7122 30.0147 0 01 0 0 -0 0 0 0 -0 0 0 0 -0 6.92159 15.7101 125.657 1229.5 
0.000705653954493597971 0.206559 1 24007 0 14.9803 13.4782 0 0 1 -0.00138819 0.000360468 -0.000984944 0 0 0 -0 0 0 0 -0 10.9812 23.3834 825.412 2021.1 
0.000705653954493597971 0.35116 1 209141 0 26.4775 23.8297 0 0 2 0.764503 0.647938 -0.838229 0 0 0 -0 0 0 0 -0 11.3893 28.6785 981.639 1453.69 
0.000705653954493597971 0.387969 0 165929 34.8882 34.7884 29.584 0 01 0 0 -0 0 0 0 -0 0 0 0 -0 12.3144 32.6766 8.54713 516.991 
0.000705653954493597971 0.450639 0 102873 35.6821 35.5762 29.9029 0 01 0 0 -0 0 0 0 -0 0 0 0 -0 16.0353 32.5707 0 425.898 
0.000705653954493597971 0.455942 0 52396 35.881 35.7734 29.9016 0 01 0 -0 0 0 0 -0 0 0 0 -0 0 16.0353 32.5707 0 425.898 
0.000705653954493597971 0.47244 0 58537 36.8577 14.9508 13.4517 0 01 0 0 -0 0 0 0 -0 0 0 0 -0 12.1953 31.457 0 558.907 
0.000705653954493597971 0.477204 0 8274 35.9089 35.8011 29.3918 0 01 0 0 0 0 0 0 0 0 0 0 0 12.1953 31.457 0 558.907 
0.000705653954493597971 0.564215 0 57393 35.2741 35.1713 29.7379 0 01 0 0 0 0 0 0 0 0 0 0 0 0 0 0 0 
0.000705653954493597971 0.664043 0 143944 36.4785 36.3659 17.3792 0 01 0 0 0 0 0 0 0 0 0 0 0 6.66691 29.3679 0 80.9341 
0.000705653954493597971 0.692144 0 128347 35.8955 35.7878 29.8453 0 01 0 -0 0 0 0 -0 0 0 0 -0 0 12.4565 29.7537 2.5273 442.009 
0.000705653954493597971 0.720323 0 90793 35.7125 35.6063 29.9316 0 01 0 0 0 0 0 0 0 0 0 0 0 12.9187 33.7129 88.0765 672.962 
0.000705653954493597971 1.04557 0 87366 35.2759 35.1731 29.7398 0 01 0 0 0 0 0 0 0 0 0 0 0 7.37451 26.2676 271.029 370.746 
0.000705653954493597971 1.06863 1 134648 34.8295 13.8285 11.3494 0 0 1 -9.07688 0.102505 0.904857 0 -0 0 0 0 -0 0 0 8.68442 20.6333 0 95.7924 
0.000705653954493597971 1.28413 0 62469 36.8054 14.9817 13.4795 0 01 0 -0 0 0 0 -0 0 0 0 -0 0 5.13746 16.6041 0 0 
0.000705653954493597971 1.31687 0 144496 36.8656 14.9591 13.4591 0 01 0 0 -0 0 0 0 -0 0 0 0 -0 7.93906 17.1734 0 22.0943 
0.000705653954493597971 1.747 0 198841 35.9894 35.8809 28.0333 0 01 0 0 0 0 0 0 0 0 0 0 0 3.50389 10.4953 0 0 
0.000705653954493597971 1.9053 0 149543 36.7563 14.9939 13.4905 0 01 0 0 0 0 0 0 0 0 0 0 0 1.89155 9.57824 0 57.2488 
0.000705653954493597971 1.96682 0 137507 34.7929 34.6937 29.5047 0 01 0 0 0 0 0 0 0 0 0 0 0 1.89155 9.57824 0 57.2488 
0.000705653954493597971 1.9917 0 169315 36.9321 14.9808 13.4786 0 01 0 0 0 0 0 0 0 0 0 0 0 6.07859 16.2177 0 242.79 
0.000705653954493597971 2.51332 0 191220 35.2742 35.1714 29.7381 0 01 0 0 0 0 0 0 0 0 0 0 0 2.49866 12.5019 0 0 
0.000705653954493597971 2.84685 0 196116 35.192 35.0899 29.6718 0 01 0 0 0 0 0 0 0 0 0 0 0 0 8.08901 0 0 
0.000711543146905374829 0.210385 0 43247 34.425 34.3288 29.3643 0 01 0 0 0 0 0 0 0 0 0 0 0 2.66957 6.73166 0 77.5549 
0.000711543146905374829 0.436909 0 38744 34.4193 34.3232 29.3587 0 01 0 -0 0 0 0 -0 0 0 0 -0 0 1.80622 7.16427 0 0 
0.000711543146905374829 0.718123 0 71669 34.3464 34.2508 29.3006 0 01 0 0 0 0 0 0 0 0 0 0 0 4.30907 10.0735 21.9909 385.248 
0.000728674615134916755 1.02116 0 17420 33.4215 33.3328 28.8623 0 01 0 -0 0 0 0 -0 0 0 0 -0 0 6.1062 19.3806 0 0 
0.000728674615134916755 1.67323 0 195542 33.3682 33.2799 28.8173 0 01 -0 0 0 0 -0 0 0 0 -0 0 0 5.06062 11.7468 216.892 596.044 
0.000729447362601256134 1.07756 0 149405 33.1739 33.087 28.8108 0 01 0 0 0 0 0 0 0 0 0 0 0 0 1.083 0 0 
0.000737301998364413703 0.457657 0 41308 32.768 32.6839 28.6269 0 01 0 0 0 0 0 0 0 0 0 0 0 5.88703 13.0716 56.025 63.4216 
0.000737301998364413703 0.868555 0 138555 33.057 32.971 28.7148 0 01 0 0 0 0 0 0 0 0 0 0 0 1.75321 8.73128 0 135.009 
0.000737301998364413703 1.43695 0 140577 33.135 33.0484 28.7843 0 01 0 0 -0 0 0 0 -0 0 0 0 -0 1.43955 7.17829 0 0 
0.000747752816733211843 0.639659 0 107151 32.3059 32.2252 27.5542 0 18.32441 16.3181 -3.97068 -7.33053 0 0 -0 0 0 0 -0 0 5.65046 15.0643 3.31743 3.31743 
0.000747752816733211843 0.714962 0 30052 32.4488 32.3671 27.8805 0 4.577971 2.84379 -1.35403 3.32223 0 0 0 0 0 0 0 0 2.86641 13.6808 164.522 230.115 
0.000747752816733211843 1.64462 0 176355 32.2815 32.201 27.4761 0 13.79191 0.406388 -13.1824 4.03414 0 0 0 0 0 0 0 0 0 5.07742 0 0 
0.000747752816733211843 1.93959 1 175769 32.2172 12.9011 9.61768 0 0 1 -4.6718 -10.3287 -9.72246 0 0 -0 0 0 0 -0 0 1.91753 9.58755 0 218.027 
0.000751064380092670084 1.26385 0 139792 31.9889 31.9103 26.5369 0 21.90651 -17.3687 -13.2538 1.6001 0 0 0 0 0 0 0 0 0 3.71814 0 0 
0.000751064380092670084 1.33678 0 121925 32.1195 32.0401 26.9086 0 23.46491 -9.44314 19.0857 9.85718 0 0 0 0 0 0 0 0 0 2.64742 0 0 
0.000779755567019778059 0.297785 0 52314 30.7935 30.7229 22.9687 0 30.87781 12.2435 -17.5914 22.2279 0 0 0 0 0 0 0 0 7.77947 21.941 32.9625 156.99 
0.000779755567019778059 0.30006 0 109173 31.5459 31.4703 25.2389 0 29.93761 10.9468 27.3365 5.39873 0 0 0 0 0 0 0 0 7.77947 21.941 32.9625 156.99 
0.000779755567019778059 0.363656 0 34930 31.0161 30.944 23.6287 0 47.38951 44.451 4.55519 -15.7838 0 0 0 0 0 0 0 0 6.69303 24.3091 145.463 511.606 
0.000779755567019778059 0.36959 0 66897 31.2341 31.1606 24.2866 0 66.73021 43.9631 -44.0944 23.9967 0 0 0 0 0 0 0 0 6.69303 24.3091 145.463 511.606 
0.000779755567019778059 0.386819 0 55686 31.4713 31.3962 25.0088 0 43.2911 -35.6983 -24.3639 2.47937 0 0 0 0 0 0 0 0 0 0 0 0 
0.000779755567019778059 0.390649 0 26774 30.6602 30.5905 22.5784 0 28.42971 17.0043 9.0611 20.9045 0 0 0 0 0 0 0 0 8.00338 25.5781 131.348 873.363 
0.000779755567019778059 0.408581 0 30458 30.8936 30.8224 23.2648 0 107.3011 107.254 -2.90392 -1.29671 0 0 0 0 0 0 0 0 8.00338 25.5781 131.348 873.363 
0.000779755567019778059 0.468919 0 67849 31.2414 31.1679 24.3096 0 36.82551 36.8175 0.758937 0.133441 0 0 0 0 0 0 0 0 9.37209 18.8163 0 440.517 
0.000779755567019778059 0.596389 0 59481 30.6952 30.6252 22.6788 0 51.07681 -16.9981 -38.905 28.3956 0 0 0 0 0 0 0 0 6.6669 21.8159 187.793 187.793 
0.000779755567019778059 0.619188 0 69754 30.7762 30.7057 22.916 0 46.65431 46.652 -0.274882 -0.373537 0 0 0 0 0 0 0 0 4.39345 15.6759 0 0 
0.000779755567019778059 0.751157 1 0 30.8252 12.3381 8.56003 0 0 1 19.5123 -35.3608 -49.3888 1 23.0922 53.8642 -60.3052 0 0 0 0 6.71005 20.107 26.414 82.7525 
0.000779755567019778059 1.12321 0 15422 31.4974 31.4222 25.0917 0 16.1461 3.27006 6.80739 14.271 0 0 0 0 0 0 0 0 5.62027 14.6152 0 88.2212 
0.000779755567019778059 1.24017 0 154920 31.2574 31.1838 24.3565 0 48.70371 37.1278 -26.1619 17.5822 0 0 0 0 0 0 0 0 3.7824 19.8614 421.028 421.028 
0.000779755567019778059 1.3158 0 194475 30.6804 30.6104 22.6358 0 60.24641 -11.4078 33.3443 -48.8636 0 -0 0 0 0 -0 0 0 11.9568 22.5903 193.758 195.256 
0.000779755567019778059 1.70332 0 169885 30.6318 30.5622 22.4961 0 54.10671 -54.0768 1.3049 1.2373 0 -0 0 0 0 -0 0 0 1.69302 3.35052 0 3.13091 
0.000779755567019778059 1.89226 0 184947 31.2345 31.161 24.2876 0 30.13041 28.7693 3.4388 -8.26696 0 0 0 0 0 0 0 0 3.80426 11.616 0 0 
0.000779755567019778059 1.96952 0 177987 30.7625 30.6921 22.8762 0 78.63311 6.57197 73.5625 -26.9915 0 0 0 -0 0 0 0 -0 3.80426 11.616 0 0 
0.000779755567019778059 2.25119 0 79775 30.7969 30.7262 22.979 0 24.97661 -14.9585 16.8807 10.7293 0 0 0 0 0 0 0 0 2.2512 6.88128 0 0 
0.000779755567019778059 3.41757 0 194863 31.5906 31.5148 25.3788 0 10.19351 1.23547 -10.0877 0.787447 0 0 0 0 0 0 0 0 0 3.48957 0 0 
0.000785577171636885996 0.197292 0 89901 30.3874 30.3194 21.7949 0 40.24491 -32.1503 12.6342 20.6492 0 -0 0 0 0 -0 0 0 3.94541 9.63051 140.215 835.536 
0.000785577171636885996 0.443547 0 132704 30.5626 30.4935 22.2955 0 53.36661 16.8808 20.1098 46.4611 0 0 0 0 0 0 0 0 1.35376 7.67722 0 1.78684 
0.000785577171636885996 0.55745 0 19678 30.5204 30.4516 22.1731 0 110.7891 -31.7458 96.1718 44.915 0 0 0 0 0 0 0 0 2.23652 4.48963 0 0 
0.000787943522399785798 0.230968 0 71493 30.2655 30.1984 21.4505 0 35.13321 9.7843 21.6184 25.9086 0 0 0 0 0 0 0 0 1.46033 5.54749 0 2.30713 
0.000820844011711120507 0.18173 0 19650 29.1244 29.0644 18.3893 0 70.51661 68.1355 -10.0129 -15.162 0 0 0 0 0 0 0 0 7.31807 16.7366 375.398 1281.24 
0.000820844011711120507 0.556761 0 43108 30.0418 29.9762 20.8264 0 114.2561 -17.1722 -112.92 2.93122 0 0 0 0 0 0 0 0 10.7186 23.7572 321.55 463.644 
0.000820844011711120507 0.586803 0 86949 29.7502 29.6864 20.0297 0 139.3441 -106.157 -40.3002 -80.7685 0 0 0 0 0 0 0 0 9.9489 30.5502 92.2812 360.517 
0.000820844011711120507 0.628859 0 179360 28.9337 28.8749 17.9054 0 210.1491 206.584 -30.0087 24.1894 0 0 -0 0 0 0 -0 0 10.122 29.7073 276.535 630.42 
0.000820844011711120507 0.660586 0 27397 30.0313 29.9657 20.7963 0 112.2381 45.5062 -45.458 -91.9794 0 0 0 0 0 0 0 0 8.50395 28.1162 0 32.2489 
0.000820844011711120507 0.670732 0 6292 29.1038 29.044 18.3352 0 76.54311 -50.7818 -49.6173 28.6038 0 0 0 0 0 0 0 0 12.8709 29.1608 0 507.348 
0.000820844011711120507 0.690977 0 48688 29.678 29.6146 19.8371 0 79.20591 74.6234 -24.2502 10.8094 0 0 0 0 0 0 0 0 5.6237 25.9629 72.542 132.07 
0.000820844011711120507 1.23897 0 129259 29.8493 29.7848 20.2983 0 75.32021 -53.4109 -47.7583 -23.2282 0 0 0 -0 0 0 0 -0 3.74747 14.9992 0 102.806 
0.000820844011711120507 1.35522 0 153147 29.442 29.38 19.21 0 114.4181 69.4638 -52.7244 74.0709 0 0 -0 0 0 0 -0 0 6.69504 26.8213 82.4291 160.726 
0.000820844011711120507 1.41641 0 154589 30.0242 29.9587 20.7763 0 48.00361 -47.4855 2.03424 6.7325 0 0 0 0 0 0 0 0 5.80228 18.7457 0 0 
0.000820844011711120507 1.5521 0 152125 29.2841 29.2231 18.7985 0 83.08191 54.8556 43.7665 44.4744 0 0 0 0 0 0 0 0 7.79668 14.0258 0 1.11629 
0.000820844011711120507 1.5931 0 54359 28.9575 28.8985 17.9668 0 85.16551 -7.1607 78.5879 32.0285 0 0 0 0 0 0 0 0 4.80007 20.9777 0 172.13 
0.000820844011711120507 1.59645 0 183892 30.1223 30.0561 21.0482 0 133.8741 124.528 5.58963 48.8222 0 0 0 0 0 0 0 0 4.80007 20.9777 0 172.13 
0.000820844011711120507 1.60104 0 95010 29.1241 29.0641 18.3884 0 76.2521 25.3887 58.5809 -41.69 0 0 0 -0 0 0 0 -0 4.80007 20.9777 0 172.13 
0.000820844011711120507 1.706 0 185079 29.0216 28.9622 18.1269 0 160.1541 155.613 -25.1637 -28.294 0 0 -0 0 0 0 -0 0 3.36383 10.1311 0 0 
0.000848657199087941394 0.146112 0 23097 28.6906 28.6331 17.3026 0 102.2091 -46.8211 -36.0318 -83.4036 0 0 0 -0 0 0 0 -0 6.94458 15.9433 300.006 835.405 
0.000848657199087941394 0.178254 1 206604 28.5508 17.8492 16.0632 0 0 2 -2.44365 -2.24464 1.70962 0 0 0 0 0 0 0 0 6.94458 15.9433 300.006 835.405 
0.000848657199087941394 0.461824 0 41160 28.0132 27.9598 15.6883 0 111.7671 70.442 -43.0278 75.355 0 0 0 0 0 0 0 0 8.09518 22.1323 196.421 438.626 
0.000848657199087941394 0.599383 0 29137 28.8047 28.7466 17.5844 0 82.31871 70.9274 40.8241 -8.89175 0 0 0 -0 0 0 0 -0 8.5517 26.2758 0 472.162 
0.000848657199087941394 0.672595 1 0 28.4169 28.3611 9.01445 0 0 1 62.2543 6.06259 6.05616 1 -1.80915 -33.7475 11.4135 0 0 -0 0 6.81253 22.4363 12.9363 32.6517 
0.000848657199087941394 0.70519 0 99537 28.3536 28.2981 16.4878 0 146.0171 93.8241 94.2099 -60.3523 0 0 0 -0 0 0 0 -0 5.62986 17.6066 0 0 
0.000848657199087941394 0.7424 0 6219 28.0697 28.016 15.8204 0 23.75641 -23.0379 5.13613 2.69121 0 0 0 0 0 0 0 0 7.51522 23.2717 0 24.4964 
0.000848657199087941394 0.789405 0 39238 28.202 28.1475 16.1288 0 156.0371 148.896 44.3167 14.6192 0 0 0 0 0 0 0 0 7.21803 20.8645 0 110.866 
0.000848657199087941394 0.939766 0 126118 28.7826 28.7246 17.5299 0 161.3021 -145.27 -46.2006 -52.7304 0 -0 0 0 0 -0 0 0 6.54756 25.2984 0 123.704 
0.000848657199087941394 0.978538 0 61856 28.5407 28.4842 16.9366 0 73.17731 -67.3126 -27.2285 9.08519 0 -0 0 0 0 -0 0 0 3.88744 20.3581 0 119.044 
0.000848657199087941394 1.03716 0 129944 28.0037 27.9503 15.6673 0 211.1311 -207.021 -16.7554 37.9165 0 0 0 0 0 0 0 0 8.33116 25.856 0 279.033 
0.000848657199087941394 1.03885 0 86890 27.8716 27.8189 15.3646 0 143.2491 55.3813 -32.885 -127.952 0 0 -0 0 0 0 -0 0 8.33116 25.856 0 279.033 
0.000848657199087941394 1.04149 0 73589 27.9947 27.9414 15.6462 0 168.9831 144.816 -4.3387 -86.9762 0 0 0 -0 0 0 0 -0 8.33116 25.856 0 279.033 
0.000848657199087941394 1.20341 0 162556 28.4539 28.3979 16.7272 0 115.4631 100.049 -57.5235 3.58386 0 0 0 0 0 0 0 0 8.47175 30.2909 51.6852 51.6852 
0.000848657199087941394 1.31488 0 171631 28.0086 27.9552 15.679 0 201.4291 -95.8146 65.1008 164.788 0 0 0 0 0 0 0 0 5.19254 16.8062 0 0 
0.000848657199087941394 1.52879 0 185355 28.3386 28.2833 16.4512 0 214.1621 -174.362 -123.025 -18.1139 0 -0 0 0 0 -0 0 0 3.07753 15.5226 0 0 
0.000848657199087941394 1.7005 0 106288 28.3056 28.2504 16.3724 0 206.0361 204.868 14.8688 16.0915 0 0 0 0 0 0 0 0 5.11454 13.5168 0 0 
0.000848657199087941394 2.03006 0 185527 27.9668 27.9136 15.5819 0 163.4281 151.979 -53.4003 -27.5605 0 0 -0 0 0 0 -0 0 2.05589 10.251 0 0 
0.000848657199087941394 2.45687 0 67839 28.2831 28.228 16.3195 0 145.6251 17.0432 -136.162 48.7432 0 0 -0 0 0 0 -0 0 0 7.63625 0 0 
0.000848657199087941394 3.07135 0 193763 28.3885 28.3328 16.5696 0 104.2441 102.776 14.2369 10.0629 0 0 0 0 0 0 0 0 3.27754 9.62368 0 57.507 
0.000856146753838786436 2.18929 0 132710 27.7405 27.6886 15.068 0 423.5021 5.17838 187.802 379.549 0 0 0 0 0 0 0 0 0 6.54021 0 0 
0.000856146753838786436 2.28746 0 166801 27.6131 27.5619 14.782 0 107.4421 105.936 16.6947 -6.52888 0 0 0 0 0 0 0 0 2.2876 2.2876 0 0 
0.000866203775371489847 0.523899 0 18064 27.4481 27.3977 14.4175 0 67.87881 -30.443 -32.0658 -51.5028 0 -0 0 0 0 -0 0 0 4.75754 11.0707 0 21.3674 
0.000866203775371489847 0.588646 0 81542 27.2419 27.1926 13.9711 0 203.6161 117.022 155.044 -61.0452 0 0 0 0 0 0 0 0 2.36674 12.5055 46.5946 46.5946 
0.000866203775371489847 0.636089 0 61838 27.3392 27.2895 14.182 0 282.1891 10.906 91.1878 -266.826 0 0 0 0 0 0 0 0 3.20148 8.96273 0 0 
0.000866203775371489847 0.872451 0 89495 27.5396 27.4888 14.6194 0 164.6311 -155.853 43.819 -29.8869 0 0 0 -0 0 0 0 -0 2.60566 9.47373 0 0 
0.000866203775371489847 1.25325 0 129927 27.4288 27.3785 14.3758 0 202.4021 -178.229 -35.2506 -89.209 0 0 0 -0 0 0 0 -0 0 6.28039 0 0 
0.000866203775371489847 1.52526 0 141353 27.2499 27.2006 13.9887 0 168.6631 55.2075 64.9272 -145.547 0 0 0 0 0 0 0 0 1.52526 4.54843 0 0 
0.000866203775371489847 1.87047 0 181037 27.2189 27.1698 13.9222 0 219.0831 64.3548 117.935 -173.052 0 0 0 0 0 0 0 0 0 1.84012 0 0 
0.000866203775371489847 1.92184 0 149264 27.311 27.2615 14.121 0 212.0521 147.067 -122.837 -90.8202 0 0 0 0 0 0 0 0 0 2.00239 0 0 
0.000871708231099940735 1.68962 0 187038 27.069 27.0207 13.604 0 117.6721 56.0484 96.1147 -38.3033 0 0 0 0 0 0 0 0 1.69508 6.8121 0 0 
0.000887035816949453826 1.31702 0 49516 26.5959 26.5502 12.6296 0 115.9021 18.1126 29.6596 110.569 0 0 0 0 0 0 0 0 1.29938 11.8503 0 0 
0.000889087791370288629 1.73133 0 131361 26.4753 26.4302 12.3876 0 116.8671 -74.4485 88.5533 -16.5384 0 0 0 0 0 0 0 0 0 0 0 0 
0.000897826857063310519 0.280919 1 204329 29.757 22.5481 20.2933 0 0 2 0.285825 3.15592 -0.860616 0 0 0 -0 0 0 0 -0 4.42729 9.46259 15.1144 257.322 
0.000897826857063310519 0.456099 0 125335 26.327 26.2827 12.0951 0 246.5731 95.8762 -46.2577 222.41 0 0 0 0 0 0 0 0 2.76943 8.28412 28.3973 59.4606 
0.000897826857063310519 0.576798 0 18681 26.3216 26.2773 12.0852 0 178.741 -22.9139 123.968 126.708 0 0 0 0 0 0 0 0 0.576798 6.30358 0 0 
0.000897826857063310519 0.68324 0 8327 26.2079 26.1641 11.8635 0 177.441 149.464 -76.6757 57.1506 0 0 -0 0 0 0 -0 0 2.07809 11.0298 0 0 
0.000897826857063310519 0.958848 0 145174 26.2275 26.1837 11.9013 0 263.0271 -143.846 118.238 -185.773 0 0 0 0 0 0 0 0 0.958848 5.7263 0 104.356 
0.000897826857063310519 2.036 0 170681 26.196 26.1523 11.8409 0 253.8011 -83.9447 -237.699 -29.4589 0 0 0 0 0 0 0 0 2.01948 4.14156 0 0 
0.000897826857063310519 2.31649 0 195209 26.2463 26.2024 11.9385 0 256.0581 227.667 51.6419 105.197 0 0 0 0 0 0 0 0 0 0 0 0 
0.000909917251311615828 0.339488 0 9348 0.869955 26.2874 11.6773 0 114.7331 -21.6298 44.4873 103.521 0 0 0 0 0 0 0 0 0 0 0 0 
0.000909917251311615828 0.789401 0 131510 26.0311 25.9882 11.5254 0 136.0681 0.359358 -135.951 5.62818 0 0 -0 0 0 0 -0 0 3.15563 13.4184 0 313.406 
0.000909917251311615828 0.921787 0 89672 26.1819 26.1383 11.8132 0 230.8231 24.2303 -220.177 64.9175 0 0 0 0 0 0 0 0 0.932749 6.49624 0 0 
0.000909917251311615828 1.02776 0 75139 25.8884 25.8462 11.2558 0 215.9431 147.58 -118.261 104.238 0 0 0 0 0 0 0 0 2.02791 11.1754 0 0 
0.000909917251311615828 1.52336 0 158284 26.0693 26.0262 11.5977 0 140.6561 117.064 -61.6077 -47.7982 0 0 -0 0 0 0 -0 0 3.01654 6.0422 0 31.0704 
0.000909917251311615828 2.3467 0 171637 26.0749 26.0319 11.6087 0 207.4531 -66.7196 -195.392 20.1839 0 0 0 0 0 0 0 0 2.33188 4.65471 0 0 
0.00092148067757310203 0.571981 0 39421 0 25.8846 11.3491 0 399.6731 194.231 -98.7546 -335.053 0 0 -0 0 0 0 -0 0 4.01562 11.0152 524.782 820.655 
0.00092148067757310203 0.751974 0 60209 25.824 25.7822 11.1366 0 177.8791 177.8 -1.36472 5.13135 0 0 -0 0 0 0 -0 0 3.71307 12.5938 23.8064 23.8064 
0.00092148067757310203 0.797832 0 64738 25.6395 25.5986 10.7969 0 373.871 -350.83 -53.3334 117.697 0 0 -0 0 0 0 -0 0 6.33439 12.6308 97.0262 125.703 
0.00092148067757310203 0.815444 0 105386 25.5418 25.5014 10.6198 0 205.4631 205.106 11.5562 3.6065 0 0 0 0 0 0 0 0 4.91151 9.76478 0 0 
0.00092148067757310203 1.35691 0 149828 25.8174 25.7757 11.1241 0 225.0191 -86.6306 50.8961 -201.341 0 0 0 0 0 0 0 0 2.70469 6.83694 0 0 
0.00092148067757310203 1.46545 0 166175 25.6275 25.5867 10.7755 0 289.8251 250.508 60.8115 132.462 0 0 0 0 0 0 0 0 1.44777 8.75315 0 0 
0.00092148067757310203 1.6703 0 77143 25.7174 25.6762 10.9396 0 192.5381 113.825 -150.97 -36.3675 0 0 0 -0 0 0 0 -0 3.28806 8.20623 34.855 34.855 
0.000959772719009803206 0.0853425 0 63470 24.6264 24.5903 9.05214 0 68.69481 15.4963 44.3815 50.0912 0 0 0 0 0 0 0 0 9.54749 18.7178 497.304 1265.61 
0.000959772719009803206 0.652738 0 112460 25.4119 25.3721 10.3879 0 286.0141 144.204 154.261 192.905 0 0 0 0 0 0 0 0 12.2573 28.9974 167.075 239.967 
0.000959772719009803206 0.776204 0 77879 24.5368 24.5012 8.90788 0 344.1421 -92.9182 307.012 124.672 0 0 0 0 0 0 0 0 11.4961 32.9109 0 204.633 
0.000959772719009803206 0.79809 0 140637 24.8446 24.8075 9.41173 0 124.4591 55.1619 111.566 -0.253536 0 0 0 -0 0 0 0 -0 9.46656 24.4192 0 10.4903 
0.000959772719009803206 0.960083 0 165019 24.9833 24.9456 9.64474 0 270.5871 -208.262 -164.451 52.9181 0 -0 0 0 0 -0 0 0 0 0 0 0 
0.000959772719009803206 0.975538 0 81629 24.9271 24.8897 9.54964 0 436.2561 416.9 66.6794 -109.852 0 0 0 0 0 0 0 0 13.7691 24.563 0 206.478 
0.000959772719009803206 1.15575 0 87460 24.6284 24.5923 9.05545 0 463.8851 208.669 403.063 -95.849 0 0 0 0 0 0 0 0 5.72569 20.6989 0 27.4587 
0.000959772719009803206 1.20442 0 190546 25.1519 25.1134 9.93261 0 283.4061 -273.862 -70.2209 -19.6922 0 0 0 0 0 0 0 0 5.93343 22.6047 0 115.115 
0.000959772719009803206 1.4102 0 126498 25.4469 25.407 10.45 0 92.68731 32.4972 85.0965 17.1306 0 0 0 0 0 0 0 0 2.7789 12.7231 0 0 
0.000959772719009803206 1.65268 0 163317 24.8582 24.8211 9.43409 0 239.1551 -59.8638 -24.0187 -230.293 0 0 0 0 0 0 0 0 0 19.8046 0 0 
0.000959772719009803206 2.27612 0 185177 24.903 24.8656 9.50902 0 185.7411 -139.116 102.711 -67.7993 0 0 0 0 0 0 0 0 2.25073 4.43203 0 0 
0.000959772719009803206 2.48282 0 186121 24.8636 24.8264 9.44326 0 98.23821 24.72 -79.3335 52.401 0 0 0 0 0 0 0 0 5.33599 12.9439 0 17.4077 
0.000959772719009803206 2.97857 0 197303 24.8468 24.8097 9.41547 0 231.8481 131.5 -146.624 122.321 0 0 0 0 0 0 0 0 2.867 14.1745 0 0 
0.000961742010484834269 0.841168 0 73656 24.4481 24.4128 8.76578 0 233.6571 226.076 50.1163 31.2037 0 0 0 0 0 0 0 0 0.83555 5.89806 0 0 
0.00098031966507201385 0.955968 0 144498 24.3374 24.3027 8.59076 0 200.8971 -6.20801 200.703 -6.28671 0 -0 0 0 0 -0 0 0 5.74807 14.3366 128.763 132.504 
0.00098031966507201385 1.11405 0 118226 24.3179 24.2833 8.55983 0 290.4221 -243.049 -90.9499 -130.386 0 0 -0 0 0 0 -0 0 5.61285 14.5573 5.08412 10.7403 
0.00098031966507201385 1.32944 0 165677 24.2251 24.191 8.41564 0 422.3441 -233.902 -291.067 197.342 0 0 0 0 0 0 0 0 1.30312 13.2882 0 0 
0.00098031966507201385 2.56941 0 187804 24.3237 24.2891 8.56901 0 423.3291 -408.676 49.9065 -98.4927 0 0 0 0 0 0 0 0 2.59592 2.59592 0 0 
0.00100752549636335602 0.742691 0 77061 23.5 23.4691 7.34033 0 277.7591 -207.438 -121.591 139.049 0 0 0 0 0 0 0 0 7.47532 16.4363 0 2.34433 
0.00100752549636335602 0.804664 0 109592 23.684 23.6522 7.60394 0 252.1231 249.514 18.6316 -31.015 0 0 0 0 0 0 0 0 3.99144 14.2955 0 197.081 
0.00100752549636335602 0.931731 0 5708 23.4869 23.4559 7.32149 0 248.0681 -108.489 -148.552 -166.433 0 -0 0 0 0 -0 0 0 3.705 8.32064 0 0 
0.00100752549636335602 1.30487 0 83813 23.7236 23.6917 7.6615 0 217.3761 189.603 25.9608 -103.097 0 0 0 -0 0 0 0 -0 2.62486 15.7341 0 0 
0.00100752549636335602 1.57342 0 74516 23.4024 23.3719 7.20292 0 225.471 120.394 139.169 130.284 0 0 0 0 0 0 0 0 3.13113 20.6358 0 215.697 
0.00100752549636335602 1.60573 0 96095 23.6268 23.5953 7.52142 0 221.3691 -89.5878 134.213 -151.543 0 0 0 -0 0 0 0 -0 3.13113 20.6358 0 215.697 
0.00100752549636335602 2.36095 0 98258 23.7794 23.7472 7.74301 0 300.7711 290.758 33.1059 69.4734 0 0 0 0 0 0 0 0 4.78361 7.23009 21.7582 63.812 
0.00102962978132578554 0.58489 0 31525 22.9882 22.9594 6.63883 0 121.1381 104.565 36.2515 49.2575 0 0 0 0 0 0 0 0 5.19397 21.455 0 306.749 
0.00102962978132578554 0.640522 0 78975 22.9598 22.9311 6.6012 0 208.091 -16.965 205.822 -25.5168 0 0 0 -0 0 0 0 -0 8.48135 25.3895 0 68.0141 
0.00102962978132578554 0.720451 0 190351 23.2074 23.1777 6.93354 0 192.2751 -134.097 -135.561 24.7176 0 0 -0 0 0 0 -0 0 5.06568 18.0811 0 361.282 
0.00102962978132578554 1.64226 0 175854 22.8738 22.8455 6.48851 0 176.7871 83.6498 154.399 20.4276 0 0 0 0 0 0 0 0 4.99382 19.8253 0 0 
0.00102962978132578554 2.62422 0 199257 23.1499 23.1204 6.85539 0 414.1631 -211.764 335.019 120.207 0 -0 0 0 0 -0 0 0 0 7.76077 0 0 
0.00104912996364128048 0.287859 0 106367 22.8454 22.8171 6.45137 0 359.9211 -53.5368 -267.513 -234.764 0 0 -0 0 0 0 -0 0 5.70615 17.6607 352.088 551.7 
0.00104912996364128048 0.404221 0 159018 22.8485 22.8203 6.45552 0 127.091 115.247 -11.5598 52.31 0 0 -0 0 0 0 -0 0 9.99121 22.0153 127.709 287.456 
0.00104912996364128048 1.24211 0 148434 22.568 22.5409 6.09768 0 324.3781 308.165 91.2764 43.8663 0 0 0 0 0 0 0 0 4.95773 11.1183 0 194.171 
0.00104912996364128048 1.62104 0 153408 22.7891 22.7611 6.37857 0 507.8071 -290.023 -191.784 370.099 0 0 -0 0 0 0 -0 0 1.652 6.65078 0 0 
0.00105561343713661006 0.488202 0 13000 22.4451 22.4184 5.94525 0 342.8241 246.478 -237.544 18.6932 0 0 0 0 0 0 0 0 0.485946 6.85899 0 0 
0.00105561343713661006 0.739753 0 45426 22.4067 22.3802 5.89826 0 513.7531 -410.988 266.213 155.442 0 0 0 0 0 0 0 0 0.739801 6.7038 0 0 
0.00107830046778898932 0.251042 0 1919 22.1494 22.1239 5.58941 0 529.3981 -526.465 32.3421 45.2757 0 0 0 0 0 0 0 0 9.54961 24.9804 146.364 574.43 
0.00107830046778898932 0.309886 0 5085 22.277 22.251 5.74112 0 90.24931 73.3868 -46.2144 24.9709 0 0 0 0 0 0 0 0 10.6342 28.8916 622.788 1101.21 
0.00107830046778898932 1.00578 0 153745 22.0528 22.0277 19.6507 0 01 0 0 0 0 0 0 0 0 0 0 0 5.95265 9.90285 0 2.75197 
0.00107830046778898932 1.07567 0 161955 22.1664 22.1409 5.60953 0 259.1761 126.691 92.832 206.164 0 0 0 0 0 0 0 0 7.69579 23.0006 13.817 113.198 
0.00107830046778898932 1.36332 0 143717 21.9963 21.9714 19.601 0 01 0 0 0 0 0 0 0 0 0 0 0 1.37064 12.3798 0 0 
0.00107830046778898932 1.45936 0 163978 22.052 22.0269 19.6499 0 01 0 0 0 0 0 0 0 0 0 0 0 1.49676 4.48475 0 0 
0.00107830046778898932 1.79448 0 189779 22.0877 22.0624 5.51709 0 306.7051 -171.313 -195.668 -162.584 0 0 0 -0 0 0 0 -0 5.42923 12.6748 0 15.4434 
0.00112436528228452236 0.29375 1 2133 0 21.2272 18.9437 0 0 1 -0.00464499 0.00962326 0.00681163 0 0 0 0 0 0 0 0 18.2962 40.3084 161.855 869.584 
0.00112436528228452236 0.323938 0 34929 21.5077 21.4846 19.1716 0 01 0 0 0 0 0 0 0 0 0 0 0 12.4488 36.748 313.814 1095.17 
0.00112436528228452236 0.341153 0 24795 21.8114 21.7871 19.439 0 01 0 -0 0 0 0 -0 0 0 0 -0 0 12.4488 36.748 313.814 1095.17 
0.00112436528228452236 0.34961 0 74169 21.2241 21.2021 18.9207 0 01 0 0 0 0 0 0 0 0 0 0 0 12.4488 36.748 313.814 1095.17 
0.00112436528228452236 0.353142 0 5802 21.7804 21.7563 19.4106 0 01 -0 0 0 0 -0 0 0 0 -0 0 0 12.4765 29.7274 568.23 816.881 
0.00112436528228452236 0.396741 0 18397 21.7831 21.7589 19.4131 0 01 0 -0 0 0 0 -0 0 0 0 -0 0 13.7889 39.3797 154.135 726.61 
0.00112436528228452236 0.424327 0 62404 21.7151 21.6913 19.3537 0 01 -0 0 0 0 -0 0 0 0 -0 0 0 16.7569 40.3331 275.235 476.502 
0.00112436528228452236 0.73834 1 57626 21.7137 21.6899 7.56469 0 0 1 1.02585 -0.0962696 -1.53685 0 0 -0 0 0 0 -0 0 4.4663 26.8349 19.6492 298.179 
0.00112436528228452236 1.01997 0 125439 21.3014 21.279 18.9895 0 01 0 0 0 0 0 0 0 0 0 0 0 8.2048 24.6368 4.39836 43.815 
0.00112436528228452236 1.15464 0 150319 21.8709 21.8465 19.4905 0 01 0 0 0 0 0 0 0 0 0 0 0 8.16614 27.9196 0 29.8313 
0.00112436528228452236 1.38226 0 161127 21.1922 21.1702 18.8928 0 01 0 0 0 0 0 0 0 0 0 0 0 6.90195 23.3574 0 0 
0.00112436528228452236 1.45397 1 0 21.4183 21.6605 19.0158 0 0 1 0 -0 0 0 0 -0 0 0 0 -0 0 13.4186 31.1879 32.253 156.01 
0.00112436528228452236 1.48863 0 63111 21.6082 21.5848 19.2596 0 01 0 -0 0 0 0 -0 0 0 0 -0 0 13.4186 31.1879 32.253 156.01 
0.00112436528228452236 1.49685 0 172139 21.7289 21.705 19.3655 0 01 0 0 0 0 0 0 0 0 0 0 0 13.4186 31.1879 32.253 156.01 
0.00112436528228452236 1.5219 0 150526 21.52 21.4969 19.182 0 01 0 0 0 0 0 0 0 0 0 0 0 10.7837 24.5558 0 222.749 
0.00112436528228452236 1.64476 0 190379 21.548 21.5248 19.2061 0 01 0 0 0 0 0 0 0 0 0 0 0 9.97021 23.2036 250.872 433.122 
0.00112436528228452236 1.6759 0 147298 21.7574 21.7334 19.3915 0 01 0 0 0 0 0 0 0 0 0 0 0 9.97021 23.2036 250.872 433.122 
0.00112436528228452236 1.72272 0 74810 21.3199 21.2975 19.0059 0 01 0 0 0 0 0 0 0 0 0 0 0 12.1634 27.668 0 36.7773 
0.00116123602627156647 0.539995 0 23718 20.5115 20.4919 18.2918 0 01 0 -0 0 0 0 -0 0 0 0 -0 0 14.594 48.9669 289.036 678.154 
0.00116123602627156647 0.582315 0 61834 21.0137 20.9924 18.7349 0 01 0 0 0 0 0 0 0 0 0 0 0 13.3836 34.943 41.6212 318.655 
0.00116123602627156647 0.58857 0 13778 21.0531 21.0316 18.77 0 01 0 0 0 0 0 0 0 0 0 0 0 13.3836 34.943 41.6212 318.655 
0.00116123602627156647 0.769859 0 98571 20.554 20.5343 18.3288 0 01 0 0 0 0 0 0 0 0 0 0 0 7.70057 27.0096 0 190.994 
0.00116123602627156647 0.816959 0 52009 20.6358 20.6158 18.4014 0 01 0 -0 0 0 0 -0 0 0 0 -0 0 9.91912 33.8394 547.846 547.846 
0.00116123602627156647 1.15313 0 163707 20.5744 20.5546 18.3471 0 01 0 0 0 0 0 0 0 0 0 0 0 8.11047 25.6101 0 203.605 
0.00116123602627156647 1.23213 0 33876 20.5916 20.5718 18.3615 0 01 0 0 -0 0 0 0 -0 0 0 0 -0 8.71481 19.9314 188.298 188.298 
0.00116123602627156647 1.58082 0 164300 20.9292 20.9082 18.6605 0 01 0 0 -0 0 0 0 -0 0 0 0 -0 7.9655 17.5532 0 0 
0.00116123602627156647 1.83636 0 171741 20.7738 20.7533 18.5232 0 01 0 0 0 0 0 0 0 0 0 0 0 1.82706 21.7469 0 0 
0.00116123602627156647 3.94251 0 199578 20.9148 20.8938 18.648 0 01 0 -0 0 0 0 -0 0 0 0 -0 0 7.48316 11.106 0 0 
0.00118507273359772891 0.206585 0 17368 20.3403 20.3213 18.1399 0 01 0 0 0 0 0 0 0 0 0 0 0 7.78664 18.9281 548.16 1137.27 
0.00118507273359772891 0.307475 0 29294 20.3085 20.2896 18.1118 0 01 0 0 0 0 0 0 0 0 0 0 0 10.6788 20.136 388.633 577.631 
0.00118507273359772891 0.577528 0 44830 20.2644 20.2456 18.0732 0 01 0 0 -0 0 0 0 -0 0 0 0 -0 7.5799 21.5746 23.1427 135.954 
0.00118507273359772891 0.787142 0 59383 20.1415 20.1231 17.9638 0 01 0 0 0 0 0 0 0 0 0 0 0 2.32794 10.8358 57.2298 57.2298 
0.00118507273359772891 0.822136 0 88115 20.2206 20.202 18.0336 0 01 0 0 -0 0 0 0 -0 0 0 0 -0 8.26865 19.8253 48.5296 80.7168 
0.00118507273359772891 0.82694 0 143635 20.4154 20.3961 18.2057 0 01 0 -0 0 0 0 -0 0 0 0 -0 0 8.26865 19.8253 48.5296 80.7168 
0.00118507273359772891 0.950979 0 151331 20.3561 20.337 18.1537 0 01 0 0 0 0 0 0 0 0 0 0 0 4.83397 23.1053 148.276 276.259 
0.00118507273359772891 0.990287 0 148444 20.3789 20.3598 18.1744 0 01 0 0 0 0 0 0 0 0 0 0 0 4.98067 12.9433 0 22.8033 
0.00118507273359772891 1.00744 0 82874 20.4299 20.4106 18.2197 0 01 0 0 0 0 0 0 0 0 0 0 0 4.98067 12.9433 0 22.8033 
0.00118507273359772891 1.02447 0 167944 20.2305 20.2119 18.0431 0 01 0 0 0 0 0 0 0 0 0 0 0 3.07336 16.4009 0 0 
0.00118507273359772891 1.31557 0 148344 20.1477 20.1294 17.9699 0 01 0 -0 0 0 0 -0 0 0 0 -0 0 2.63787 15.8887 0 0 
0.00118507273359772891 1.60863 0 171146 20.1221 20.1038 17.9464 0 01 0 -0 0 0 0 -0 0 0 0 -0 0 1.59036 6.40377 0 0 
0.00122762315485474378 0.100241 0 1612 19.8229 19.8056 17.6828 0 01 0 0 0 0 0 0 0 0 0 0 0 8.63881 17.903 1090.02 2282.73 
0.00122762315485474378 0.23694 0 7154 19.822 19.8046 17.6818 0 01 0 0 0 0 0 0 0 0 0 0 0 11.4877 26.121 511.869 869.26 
0.00122762315485474378 0.393253 0 29937 19.7082 19.6912 17.5808 0 01 0 0 0 0 0 0 0 0 0 0 0 19.2716 38.5901 667.619 1224.07 
0.00122762315485474378 0.421076 0 53826 19.7413 19.7243 17.6104 0 01 0 0 -0 0 0 0 -0 0 0 0 -0 14.267 37.8644 100.8 800.05 
0.00122762315485474378 0.633901 0 15890 19.6421 19.6253 17.5225 0 01 -0 0 0 0 -0 0 0 0 -0 0 0 13.257 36.5654 751.949 955.404 
0.00122762315485474378 0.816492 1 106217 19.9211 19.9035 6.87605 0 0 1 0.332476 1.50948 1.0451 0 0 0 0 0 0 0 0 9.8685 29.7265 9.58062 35.4948 
0.00122762315485474378 1.25596 0 179770 19.6083 19.5916 17.4924 0 01 0 0 0 0 0 0 0 0 0 0 0 8.66983 21.0764 0 439.46 
0.00122762315485474378 1.30045 1 144527 19.9627 19.9449 6.88708 0 0 1 -1.28838 -0.949906 0.230836 0 0 0 0 0 0 0 0 2.5982 21.8262 0 15.9335 
0.00122762315485474378 1.53125 0 73017 19.7728 19.7556 17.6382 0 01 0 0 0 0 0 0 0 0 0 0 0 10.7046 23.025 0 199.901 
0.00122762315485474378 1.8974 0 184723 19.6454 19.6286 17.5257 0 01 0 0 0 0 0 0 0 0 0 0 0 3.71784 15.1487 29.7297 29.7297 
0.00122762315485474378 1.98549 0 175405 19.6829 19.666 17.5578 0 01 0 -0 0 0 0 -0 0 0 0 -0 0 0 3.98275 0 0 
0.00122762315485474378 2.05548 0 185677 0 20.1392 20.2831 0 01 0 0 -0 0 0 0 -0 0 0 0 -0 2.11653 16.7901 0 0 
0.00122762315485474378 2.12934 0 173828 19.8898 19.8722 17.7409 0 01 -0 0 0 0 -0 0 0 0 -0 0 0 2.11653 16.7901 0 0 
0.00122762315485474378 2.93556 0 196880 0.0832629 20.3118 17.7052 0 01 0 0 0 0 0 0 0 0 0 0 0 5.79307 5.79307 0 0 
0.00122762315485474378 5.96215 1 203219 18.1541 14.7593 13.2791 0 0 2 -25.6154 -3.2711 12.4764 0 0 0 0 0 0 0 0 0 3.15347 0 0 
0.00166501144347397574 0.529349 1 201564 15.6681 11.0856 7.0935 0 0 2 -21.9719 87.9356 70.5907 0 0 0 0 0 0 0 0 6.40015 21.3692 137.761 309.662 
0.00200472401126101972 0.785816 1 204569 11.9412 9.08998 8.17586 0 0 2 2.99049 17.957 -13.0535 0 0 0 0 0 0 0 0 8.67013 21.2593 18.399 77.489 
