#1:time #2:r #3.binary? #4:ID #5:zams_m #6:m_progenitor #7:bh mass #8:bh_spin #9:birth-kick(km/s) #10-25:vsarray
0.0011379467817208078 0.295699 1 228155 0 45.7012 41.1311 0 0 1 -0.00342243 0.0087902 0.013242 0 0 0 0 0 0 0 0 3.99679 10.1579 87.0198 321.616 
0.0011379467817208078 0.326116 0 48795 148.621 46.6284 41.9656 0 01 0 -0 0 0 0 -0 0 0 0 -0 0 7.07455 16.1295 191.1 320.454 
0.0011379467817208078 0.475799 0 61743 148.621 46.6285 41.9657 0 01 0 0 0 0 0 0 0 0 0 0 0 5.72929 14.8134 15.0148 961.366 
0.00114365332909764812 0.196122 0 73525 5.58561 46.0231 41.4208 0 01 0 0 0 0 0 0 0 0 0 0 0 2.58022 5.377 97.2599 383.446 
0.0011528089446001821 0.202852 1 1230 0 45.6117 41.0505 0 0 1 0.00948458 0.313676 0.00251124 0 0 0 0 0 0 0 0 4.12874 8.19042 903.725 3038.36 
0.0011528089446001821 0.482861 0 40380 131.501 46.5766 41.9189 0 01 0 -0 0 0 0 -0 0 0 0 -0 0 5.28719 11.0222 33.4375 293.561 
0.0011528089446001821 0.620369 0 100504 136.028 46.2255 41.6029 0 01 0 0 0 0 0 0 0 0 0 0 0 4.87771 9.76931 324.22 334.209 
0.00115696542191570618 0.43068 0 174558 126.594 45.782 41.2038 0 01 0 0 0 0 0 0 0 0 0 0 0 2.61053 6.49885 285.411 404.995 
0.00115696542191570618 0.54085 0 115717 0.173546 45.9673 41.3706 0 01 -0 0 0 0 -0 0 0 0 -0 0 0 2.70577 7.05859 71.3093 85.2377 
0.0011693057736489917 0.62643 0 119279 118.641 46.0475 41.4428 0 01 0 0 -0 0 0 0 -0 0 0 0 -0 0.642207 1.93228 337.786 337.786 
0.00117699361660651811 1.66184 0 175727 0.301238 45.4051 40.8646 0 01 0 -0 0 0 0 -0 0 0 0 -0 0 0 0 0 0 
0.00118045902858653312 0.134398 1 10657 0 36.1583 32.5425 0 0 1 0.109391 0.114592 0.607138 0 0 0 0 0 0 0 0 1.87364 3.31645 84.9116 987.735 
0.0011912210213880709 0.250189 0 188351 0 46.3002 41.6701 0 01 0 0 0 0 0 0 0 0 0 0 0 2.25457 6.24217 623.226 725.88 
0.00119258425694656776 0.368485 0 92882 0.130505 45.6436 41.0792 0 01 -0 0 0 0 -0 0 0 0 -0 0 0 2.20692 5.15199 0 0 
0.0012004253344520756 0.542071 0 64926 104.991 45.5252 40.9727 0 01 0 0 0 0 0 0 0 0 0 0 0 3.27648 7.12173 66.8001 68.5399 
0.0012004253344520756 0.715745 0 149723 103.931 44.977 40.4793 0 01 0 0 0 0 0 0 0 0 0 0 0 0.700485 5.6752 0 0 
0.0012004253344520756 1.02698 0 111187 103.99 45.0031 40.5027 0 01 0 0 0 0 0 0 0 0 0 0 0 4.13553 8.28524 0 729.32 
0.0012004253344520756 1.72446 0 178115 104.318 45.1473 40.6326 0 01 -0 0 0 0 -0 0 0 0 -0 0 0 0 8.59438 0 0 
0.00120892211605198689 0.205516 0 236639 0.0891911 42.8412 38.557 0 01 0 0 0 0 0 0 0 0 0 0 0 3.89969 8.19826 364.353 935.314 
0.00120892211605198689 0.206033 0 258757 0.203139 44.5704 40.1134 0 01 0 0 -0 0 0 0 -0 0 0 0 -0 3.89969 8.19826 364.353 935.314 
0.00122308636637565287 0.246073 0 51333 97.6188 41.5353 37.3818 0 01 0 0 0 0 0 0 0 0 0 0 0 5.76463 15.307 1360.63 2153.92 
0.00122308636637565287 0.424678 1 9424 0 42.3731 38.1358 0 0 1 -0.0034711 0.00081884 -0.00151554 0 0 0 0 0 0 0 0 5.87545 16.7929 101.076 1158.93 
0.00124216440137513411 0.188114 1 61874 0 37.9076 34.1168 0 0 1 -0.000150288 -0.00297838 -0.00387042 0 0 0 -0 0 0 0 -0 7.24869 12.8073 1954.05 2926.88 
0.00124216440137513411 0.523255 0 167048 92.1791 38.6987 34.8288 0 01 0 0 0 0 0 0 0 0 0 0 0 4.23734 14.7787 204.397 528.608 
0.00124216440137513411 0.818139 0 150155 90.7141 37.9001 34.1101 0 01 0 0 0 0 0 0 0 0 0 0 0 7.2642 18.5712 0 178.931 
0.00124216440137513411 0.993133 0 168168 93.8479 39.5744 35.6169 0 01 0 0 0 0 0 0 0 0 0 0 0 9.04739 17.1204 0 785.996 
0.00124216440137513411 1.15362 1 136651 0 37.9833 34.185 0 0 2 -0.000779683 0.00586856 -0.00284457 0 0 0 -0 0 0 0 -0 12.5803 27.4335 218.153 265.62 
0.00125645214299238759 1.60523 0 159815 87.188 36.1031 32.4928 0 01 -0 0 0 0 -0 0 0 0 -0 0 0 0 0 0 0 
0.00126817008993822581 0.121597 0 78203 0.393547 34.2432 30.8189 0 01 0 0 0 0 0 0 0 0 0 0 0 3.5887 7.35075 1406.38 3252.63 
0.00126817008993822581 0.0982631 1 219380 0 35.1332 31.6198 0 0 2 -0.00817029 -0.012159 0.000131362 0 0 0 0 0 0 0 0 3.5887 7.35075 1406.38 3252.63 
0.00126817008993822581 0.79256 0 147898 86.2269 35.5597 32.0037 0 01 0 0 0 0 0 0 0 0 0 0 0 3.13312 14.1008 0 0 
0.00126817008993822581 2.03141 0 176205 86.732 35.836 32.2524 0 01 0 0 0 0 0 0 0 0 0 0 0 0 5.99543 0 0 
0.00128747947235504723 0.268921 0 59411 0.102765 32.4574 29.2117 0 01 0 0 0 0 0 0 0 0 0 0 0 6.21796 11.0031 571.491 2223.31 
0.00128747947235504723 0.672375 0 122627 80.8837 32.8816 29.5935 0 01 0 0 0 0 0 0 0 0 0 0 0 2.69262 8.70746 0 120.276 
0.00129495538126715563 1.14255 0 161709 0 33.8967 30.507 0 01 0 0 0 0 0 0 0 0 0 0 0 0 1.15144 0 0 
0.00130136171785475872 0.472267 0 176470 78.0612 31.4155 28.2739 0 01 0 0 0 0 0 0 0 0 0 0 0 4.24042 10.3598 472.38 853.276 
0.00130136171785475872 1.37177 0 115918 78.7712 31.7672 28.5905 0 01 0 0 0 0 0 0 0 0 0 0 0 1.36979 9.5422 0 0 
0.00130743805987615824 0.363155 0 42429 77.2398 30.9984 27.8986 0 01 0 0 0 0 0 0 0 0 0 0 0 5.67417 12.0031 149.187 1205.12 
0.00131186339379216785 0.155934 1 9114 0 30.3941 27.3547 0 0 1 -0.00306834 -0.011854 0.0089421 0 -0 0 0 0 -0 0 0 3.26306 4.43205 643.888 2076.55 
0.00131299846559876452 0.993172 0 100809 75.8412 30.3283 27.2954 0 01 0 0 0 0 0 0 0 0 0 0 0 0 0.985095 0 0 
0.00132625091954811426 0.322989 0 102311 75.0149 29.8835 26.8952 0 01 0 -0 0 0 0 -0 0 0 0 -0 0 8.05671 14.419 700.553 1184.77 
0.00132625091954811426 0.456373 1 4485 0 29.4815 26.5334 0 0 1 0.00141489 -0.00744877 -0.00624364 0 0 0 0 0 0 0 0 7.61303 16.5655 271.438 573.203 
0.00132625091954811426 1.42148 0 152617 73.6069 29.2374 26.3136 0 01 0 0 0 0 0 0 0 0 0 0 0 0 7.06991 0 0 
0.00134305905748636589 1.08039 0 153939 71.4512 28.1316 25.3185 0 01 0 -0 0 0 0 -0 0 0 0 -0 0 6.48027 16.2436 0 331.67 
0.00135021909014812805 1.20034 0 114706 70.8061 27.8161 25.0345 0 01 0 0 0 0 0 0 0 0 0 0 0 0 0 0 0 
0.00135608346678475658 0.562846 0 51259 69.5325 27.2401 24.5161 0 01 0 0 -0 0 0 0 -0 0 0 0 -0 3.39734 7.89701 0 0 
0.00135608346678475658 1.62158 0 174664 69.4959 27.1822 24.464 0 01 0 0 0 0 0 0 0 0 0 0 0 3.17801 7.95899 0 47.0484 
0.0013625225036636027 0.344134 0 24013 68.8349 26.864 24.1776 0 01 0 0 0 0 0 0 0 0 0 0 0 3.5207 9.83335 0 496.65 
0.00137400730390448123 0.609305 0 111328 67.4826 26.2064 23.5858 0 01 0 0 0 0 0 0 0 0 0 0 0 6.68396 16.3682 6.5923 182.942 
0.00137400730390448123 0.875504 0 121014 67.3249 26.1737 23.5564 0 01 0 0 0 0 0 0 0 0 0 0 0 2.6317 13.1725 0 0 
0.00137400730390448123 2.9213 0 196871 67.4387 26.2207 23.5986 0 01 0 0 -0 0 0 0 -0 0 0 0 -0 0 2.67582 0 0 
0.00139147752341208073 0.889861 0 71530 66.0952 25.5411 22.987 0 01 0 0 0 0 0 0 0 0 0 0 0 2.62074 12.2816 0 0 
0.00139147752341208073 0.931432 0 150382 65.3114 25.1963 22.6767 0 01 0 0 0 0 0 0 0 0 0 0 0 3.7357 7.47659 0 65.3757 
0.00139990412900910482 0.169005 0 222700 0.979289 24.7097 22.2388 0 01 0 0 0 0 0 0 0 0 0 0 0 3.64745 7.10734 922.599 2156.08 
0.00139990412900910482 0.34714 0 88100 64.7006 24.8733 22.386 0 01 0 0 -0 0 0 0 -0 0 0 0 -0 4.57651 9.55926 158.927 398.959 
0.00139990412900910482 0.42555 0 11010 64.4191 24.7692 22.2923 0 01 0 0 0 0 0 0 0 0 0 0 0 5.12261 12.0074 173.987 965.534 
0.00141215700656935339 0.0327348 0 37142 0.695803 24.1144 21.703 0 01 0 0 0 0 0 0 0 0 0 0 0 4.45905 7.4737 844.728 3199.22 
0.00141215700656935339 0.481196 0 25684 63.0733 24.1438 21.7294 0 01 0 -0 0 0 0 -0 0 0 0 -0 0 4.78575 14.7087 0 143.028 
0.00141215700656935339 0.753467 0 166865 62.8942 24.0191 21.6172 0 01 0 0 0 0 0 0 0 0 0 0 0 3.02581 13.5026 0 0 
0.00141215700656935339 1.79596 0 177308 63.2174 24.219 21.7971 0 01 0 0 0 0 0 0 0 0 0 0 0 3.68481 7.40122 0 98.6103 
0.0014289607418335648 0.721425 1 110778 0 20.81 18.729 0 0 2 -0.2414 -0.00758673 -0.608529 0 0 0 -0 0 0 0 -0 4.34055 10.1124 16.9786 89.7324 
0.0014289607418335648 0.844958 0 25991 61.3019 23.2704 20.9434 0 01 0 -0 0 0 0 -0 0 0 0 -0 0 4.265 13.6134 60.71 177.701 
0.0014289607418335648 2.26575 0 181303 61.4273 23.3273 20.9946 0 01 0 0 0 0 0 0 0 0 0 0 0 0 2.29151 0 0 
0.00142936215348514906 2.46071 0 197790 61.1754 23.2124 20.8912 0 01 0 0 0 0 0 0 0 0 0 0 0 0 0 0 0 
0.00143487489701285922 1.32516 0 164435 61.1483 23.1962 20.8766 0 01 -0 0 0 0 -0 0 0 0 -0 0 0 0 4.04432 0 0 
0.00144193100241647915 0.634383 0 107024 60.5044 22.9353 20.6418 0 01 0 0 0 0 0 0 0 0 0 0 0 1.92411 7.04386 0 32.8877 
0.00144193100241647915 0.687186 0 95702 60.5667 22.9648 20.6683 0 01 0 0 0 0 0 0 0 0 0 0 0 2.04873 7.4845 0 704.085 
0.00144419807291112359 1.93819 0 156600 59.8262 22.58 20.322 0 01 0 -0 0 0 0 -0 0 0 0 -0 0 0 0 0 0 
0.00145239836743360127 1.68552 0 176147 59.5084 22.4475 20.2027 0 01 0 0 0 0 0 0 0 0 0 0 0 0 6.65635 0 0 
0.00145239836743360127 1.91145 0 184514 59.5604 22.4832 20.2349 0 01 0 0 0 0 0 0 0 0 0 0 0 0 3.9042 0 0 
0.00146546134257654042 0.281992 0 85265 58.7173 22.091 19.8819 0 01 0 -0 0 0 0 -0 0 0 0 -0 0 7.75621 14.0023 393.1 889.992 
0.00146546134257654042 0.902069 0 147276 58.7407 22.076 19.8684 0 01 0 0 -0 0 0 0 -0 0 0 0 -0 3.6309 14.5387 0 19.7777 
0.00147163261650328512 0.717136 0 52253 57.7001 21.6231 19.4608 0 01 0 0 0 0 0 0 0 0 0 0 0 3.66092 8.76851 0 1.30571 
0.00149170346012479963 1.36769 0 134142 56.2477 20.9286 18.8357 0 01 0 0 0 0 0 0 0 0 0 0 0 1.40494 6.94546 0 0 
0.00149170346012479963 1.69458 0 179664 56.8427 21.2033 19.083 0 01 0 -0 0 0 0 -0 0 0 0 -0 0 1.65851 6.68683 0 0 
0.00150144650556699607 0.11069 1 58352 0 20.5443 18.4899 0 0 2 -0.00652524 0.00735154 -0.0337196 0 -0 0 0 0 -0 0 0 2.20719 6.14391 1228.09 2392.49 
0.00150144650556699607 0.32225 1 13642 0 20.6974 18.6277 0 0 2 0.0014378 -0.00810276 0.00481192 0 0 -0 0 0 0 -0 0 8.90593 15.4491 84.5346 554.7 
0.00150144650556699607 1.12619 0 128897 55.4251 20.5567 18.501 0 01 0 0 0 0 0 0 0 0 0 0 0 5.671 7.95805 0 0 
0.0015148901982489991 0.204841 1 28748 0 20.0921 18.0829 0 0 2 -0.00374018 -0.000215136 -0.00834021 0 -0 0 0 0 -0 0 0 6.09155 12.0492 726.903 1835.31 
0.0015148901982489991 0.220565 0 10715 0.179205 20.2371 18.2134 0 01 0 0 0 0 0 0 0 0 0 0 0 6.09155 12.0492 726.903 1835.31 
0.00153165330002649823 0.1377 0 6409 0.414699 19.9572 17.9615 0 01 -0 0 0 0 -0 0 0 0 -0 0 0 6.78597 12.8377 1268.45 3081.48 
0.00154136036338604508 0.231594 0 75494 52.6861 19.3385 17.4047 0 01 -0 0 0 0 -0 0 0 0 -0 0 0 3.96224 9.4466 471.325 697.3 
0.00154136036338604508 0.615983 0 111644 0.239188 19.2652 17.3387 0 01 0 0 -0 0 0 0 -0 0 0 0 -0 4.92606 15.4468 0 235.845 
0.00154973189503622021 0.313689 0 44453 51.9633 19.0505 17.1454 0 01 0 0 0 0 0 0 0 0 0 0 0 4.54068 11.452 272.301 554.45 
0.00154973189503622021 1.0048 1 165646 52.3922 17.4842 15.7247 0 0 1 0.407976 4.92952 0.622485 0 0 0 0 0 0 0 0 1.0048 5.00931 0 404.872 
0.00154973189503622021 1.8892 0 194166 0.138109 18.9732 17.0759 0 01 0 0 -0 0 0 0 -0 0 0 0 -0 0 7.47228 0 0 
0.00156271214334342996 0.0880791 0 27716 0.332578 18.85 16.965 0 01 0 0 0 0 0 0 0 0 0 0 0 6.49188 10.7409 702.312 2262.72 
0.00156271214334342996 0.111768 1 37483 0 17.9076 16.1095 0 0 2 -0.748326 0.752031 0.330372 0 -0 0 0 0 -0 0 0 6.49188 10.7409 702.312 2262.72 
0.00156271214334342996 0.23428 1 77606 0.109676 17.6595 15.884 0 0 2 0.154639 -1.38524 0.125231 0 0 0 0 0 0 0 0 4.22153 11.3224 395.116 1255.42 
0.00156271214334342996 0.491533 1 56191 0 17.3212 15.5766 0 0 1 -0.631413 0.850203 -2.26808 0 0 0 -0 0 0 0 -0 6.32324 12.1659 54.9215 913.622 
0.00156271214334342996 0.675778 0 74245 51.1709 18.6376 16.7735 0 01 0 0 0 0 0 0 0 0 0 0 0 5.35785 17.3845 2.5596 375.02 
0.00156271214334342996 1.03753 0 154047 51.7776 18.9115 17.0204 0 01 -0 0 0 0 -0 0 0 0 -0 0 0 1.0462 12.5067 0 0 
0.00157252711432333248 0.177047 1 43106 0 18.4983 16.6467 0 0 1 0.0197543 -0.00836507 0.00268779 0 0 0 0 0 0 0 0 3.74294 8.24446 631.641 2195.6 
0.00158641481790077095 0.784656 0 89578 49.7995 18.0401 16.23 0 01 0 0 0 0 0 0 0 0 0 0 0 3.92916 11.8108 0 0 
0.00158641481790077095 1.29656 0 185627 50.0487 18.1198 16.3025 0 01 0 0 0 0 0 0 0 0 0 0 0 1.32228 6.60572 0 0 
0.00159059706312352856 0.386048 1 161343 0 17.9731 16.1691 0 0 2 -0.00229268 -0.00115804 0.00360315 0 -0 0 0 0 -0 0 0 3.12592 7.02666 359.772 359.772 
0.00160110173544373408 0.310703 0 116262 49.0266 17.6585 15.8831 0 01 0 0 0 0 0 0 0 0 0 0 0 4.56184 12.4425 0 30.9498 
0.00160110173544373408 0.387497 0 54190 49.2892 17.7915 16.004 0 01 0 0 0 0 0 0 0 0 0 0 0 6.99558 16.7818 318.702 669.034 
0.00160110173544373408 0.79374 0 162029 49.042 17.7131 15.9327 0 01 -0 0 0 0 -0 0 0 0 -0 0 0 2.36558 5.51381 0 0 
0.00160110173544373408 2.09572 0 183715 49.3078 17.832 16.0408 0 01 0 0 0 0 0 0 0 0 0 0 0 2.08781 4.19431 0 0 
0.0016130970363925118 0.230322 0 62226 48.302 17.3303 15.5848 0 01 0 -0 0 0 0 -0 0 0 0 -0 0 5.02061 13.6585 33.8982 349.721 
0.0016130970363925118 0.842746 0 99846 48.7235 17.5471 15.7819 0 01 0 0 0 0 0 0 0 0 0 0 0 5.89561 19.3466 41.5437 332.847 
0.0016130970363925118 1.37578 0 157557 48.6908 17.5568 15.7907 0 01 0 0 0 0 0 0 0 0 0 0 0 1.41404 5.59896 0 0 
0.0016130970363925118 1.55043 0 183290 48.3797 17.3925 15.6414 0 01 -0 0 0 0 -0 0 0 0 -0 0 0 0 0 0 0 
0.00163343129902191451 0.285392 0 164882 0.245515 19.0212 17.1191 0 01 0 0 0 0 0 0 0 0 0 0 0 7.65354 19.1186 150.174 1422.19 
0.00163343129902191451 0.501711 0 27316 48.1001 17.2773 15.5367 0 01 0 0 0 0 0 0 0 0 0 0 0 7.85872 25.4986 440.59 1011.92 
0.00163343129902191451 0.561431 0 45741 0.0977859 16.9612 15.2496 0 01 0 0 -0 0 0 0 -0 0 0 0 -0 6.16319 16.8208 17.7475 85.5789 
0.0016513049296794243 0.210135 0 953 0.69329 16.5913 14.9138 0 01 0 0 0 0 0 0 0 0 0 0 0 7.38093 15.0087 964.221 2093.29 
0.0016513049296794243 0.374026 0 55710 0.0922123 16.7334 15.0428 0 01 0 0 0 0 0 0 0 0 0 0 0 6.61816 15.0217 451.267 756.305 
0.0016513049296794243 1.2751 0 177060 46.786 16.6768 14.9915 0 01 0 0 0 0 0 0 0 0 0 0 0 1.27819 8.86257 0 0 
0.0016513049296794243 1.66196 0 139943 46.444 16.5316 14.8597 0 01 0 0 0 0 0 0 0 0 0 0 0 0 6.79397 0 0 
0.00165641757079006981 0.145395 0 144755 46.2284 16.4561 14.7911 0 01 0 0 0 0 0 0 0 0 0 0 0 2.96542 5.89248 214.183 1485.77 
0.00166513016209816032 0.792496 0 57888 0.503546 18.1813 16.3584 0 01 0 0 -0 0 0 0 -0 0 0 0 -0 3.18468 9.5404 0 209.45 
0.00168218467651515529 0.275773 0 146828 45.4911 16.1164 14.4829 0 01 0 0 0 0 0 0 0 0 0 0 0 7.08283 17.2515 949.296 2492.12 
0.00168218467651515529 0.412991 1 60170 0 15.9609 14.3418 0 0 2 -0.00906843 0.00871748 0.00107362 0 -0 0 0 0 -0 0 0 9.1449 20.9086 254.647 461.257 
0.00168218467651515529 0.419436 0 37829 45.571 16.1108 14.4778 0 01 0 0 -0 0 0 0 -0 0 0 0 -0 9.1449 20.9086 254.647 461.257 
0.00168218467651515529 0.446713 0 58596 45.3218 16.018 14.3937 0 01 0 0 0 0 0 0 0 0 0 0 0 6.19709 20.0038 68.9365 366.392 
0.00168218467651515529 0.579497 0 63181 45.5723 16.1636 14.5257 0 01 0 0 0 0 0 0 0 0 0 0 0 4.07677 15.7536 0 49.2218 
0.00168218467651515529 0.963582 0 65477 45.4948 16.0979 14.4661 0 01 0 0 -0 0 0 0 -0 0 0 0 -0 4.79219 12.4545 17.4254 17.4254 
0.00168218467651515529 1.2892 0 194155 45.6927 16.2174 14.5745 0 01 0 0 -0 0 0 0 -0 0 0 0 -0 0 12.7308 0 0 
0.00169486225780048788 0.238385 0 225469 0.392778 45.094 40.5846 0 01 0 0 0 0 0 0 0 0 0 0 0 4.46663 11.4808 681.704 1072.64 
0.00169486225780048788 0.410956 0 85683 44.9658 15.8416 14.2336 0 01 0 0 -0 0 0 0 -0 0 0 0 -0 5.82999 17.1789 69.2013 144.388 
0.00170624211949637781 0.616998 0 120626 44.1948 15.5294 13.9505 0 01 0 0 0 0 0 0 0 0 0 0 0 4.24601 12.1397 0 5.7682 
0.00174466192414048571 0.0793072 1 20900 0 14.4665 12.6883 0 0 1 1.62456 -0.107283 4.51889 0 0 0 0 0 0 0 0 6.53445 15.262 1777.58 2609.07 
0.00174466192414048571 0.233828 0 25648 43.9216 15.3823 13.8172 0 01 0 0 -0 0 0 0 -0 0 0 0 -0 12.0683 25.236 659.119 1315.92 
0.00174466192414048571 0.277128 0 83883 43.4998 15.2134 13.6642 0 01 0 -0 0 0 0 -0 0 0 0 -0 0 12.6337 25.8388 648.76 2272.97 
0.00174466192414048571 0.402215 0 35366 43.6827 15.2777 13.7224 0 01 0 0 -0 0 0 0 -0 0 0 0 -0 12.2373 36.3926 467.037 1160.2 
0.00174466192414048571 0.561473 0 68583 43.541 15.2143 13.665 0 01 0 0 0 0 0 0 0 0 0 0 0 6.18112 23.0527 300.665 806.252 
0.00174466192414048571 0.599666 0 85753 43.43 15.1647 13.62 0 01 0 0 0 0 0 0 0 0 0 0 0 12.7099 29.1188 584.827 790.842 
0.00174466192414048571 0.656095 0 94719 43.369 15.1557 13.6119 0 01 -0 0 0 0 -0 0 0 0 -0 0 0 15.653 38.5177 505.802 889.962 
0.00174466192414048571 0.801015 0 141955 43.841 15.3472 13.7854 0 01 0 0 0 0 0 0 0 0 0 0 0 5.53225 26.2447 0 4.18245 
0.00174466192414048571 0.8194 0 131772 42.8596 14.9431 13.4192 0 01 0 0 -0 0 0 0 -0 0 0 0 -0 14.7983 29.5999 0 575.447 
0.00174466192414048571 1.30501 0 150523 43.4831 15.1981 13.6502 0 01 0 0 -0 0 0 0 -0 0 0 0 -0 10.5028 26.2987 0 0 
0.00174466192414048571 1.6321 0 170070 42.6563 14.846 13.3313 0 01 0 0 0 0 0 0 0 0 0 0 0 4.86089 16.362 0 0 
0.00177566776436228427 0.223457 0 4347 3.86158 14.1311 11.9532 0 40.49311 32.1741 -12.1123 21.3964 0 0 0 0 0 0 0 0 9.72119 19.853 500.718 1632 
0.00177566776436228427 0.365132 0 68259 42.4999 14.7609 13.2542 0 01 0 0 0 0 0 0 0 0 0 0 0 16.2206 30.1813 85.2781 1066.56 
0.00177566776436228427 0.910843 0 111014 41.6225 14.3799 12.4945 0 17.59161 14.6841 8.46433 4.71148 0 0 0 0 0 0 0 0 10.8526 25.3327 0 1.5411 
0.00177566776436228427 2.78644 0 197910 42.2259 14.6641 13.1396 0 0.8516041 0.585795 0.165732 0.595489 0 0 0 0 0 0 0 0 2.96994 5.69928 0 0 
0.00177566776436228427 3.3406 0 121054 41.5427 14.3529 12.4348 0 28.09671 15.6236 -4.82391 22.8486 0 0 0 0 0 0 0 0 0 0 0 0 
0.00178437631401328679 0.431783 0 78974 41.3222 14.2689 12.2504 0 18.49151 -3.9846 16.6196 -7.06031 0 -0 0 0 0 -0 0 0 5.52439 13.6067 38.7326 210.551 
0.00180138042235533018 0.161131 0 6025 0.129609 13.8239 11.3146 0 45.10931 -44.6049 -6.69013 -0.705861 0 -0 0 0 0 -0 0 0 6.07173 12.6729 608.894 2557.49 
0.00180138042235533018 0.689779 0 122995 40.6661 14.0786 11.8417 0 45.73931 37.3443 11.2402 -23.8987 0 0 0 0 0 0 0 0 5.41362 20.3164 33.7745 52.1626 
0.00180138042235533018 1.00773 0 51605 40.827 14.0449 11.7707 0 46.32191 -45.3637 -7.69762 -5.34802 0 0 0 0 0 0 0 0 2.9732 9.93545 0 12.4716 
0.00180138042235533018 2.84739 0 82477 40.9632 14.1027 11.8928 0 17.63131 -8.46724 -14.8275 -4.39477 0 0 0 -0 0 0 0 -0 2.82642 2.82642 0 42.206 
0.00180516731801155794 0.552394 0 5284 40.5322 14.129 11.9487 0 15.37471 4.84234 13.8412 4.62108 0 0 0 0 0 0 0 0 2.16088 3.79825 0 0 
0.00184288474538195053 0.27226 1 7823 0 14.6338 13.0695 0 0 1 -1.60737 -0.290323 -0.260529 0 0 0 -0 0 0 0 -0 11.9484 26.4296 615.849 1825.48 
0.00184288474538195053 0.355718 0 50618 39.3718 14.6171 13.0311 0 4.614941 -4.27839 0.309329 1.70214 0 -0 0 0 0 -0 0 0 8.57378 24.3221 1086.19 1660.08 
0.00184288474538195053 0.8334 0 189256 40.4504 14.1708 12.038 0 35.76081 -8.47588 -0.559112 34.7373 0 0 0 0 0 0 0 0 6.66571 24.9671 0 51.9697 
0.00184288474538195053 1.29958 0 185827 39.6373 14.5047 12.7744 0 10.31661 -9.83226 -0.455182 3.09059 0 0 0 0 0 0 0 0 7.69087 28.2453 22.7659 44.4744 
0.00184288474538195053 1.58099 0 191234 39.5368 14.5962 12.983 0 4.163091 -4.16306 0.00821964 -0.0154073 0 0 0 0 0 0 0 0 6.32233 18.9675 0 0 
0.00184288474538195053 1.71796 0 195207 39.8973 14.4655 12.6859 0 10.63471 9.46015 -0.520109 4.83034 0 0 0 0 0 0 0 0 8.67326 29.3338 18.717 18.717 
0.00187500639185478736 0.29247 0 36465 39.0862 14.7253 13.2219 0 01 0 0 0 0 0 0 0 0 0 0 0 8.52734 22.5306 826.559 1565.11 
0.00187500639185478736 0.38593 1 23355 38.7463 12.8707 9.54369 0 0 1 -1.61186 -7.31413 20.4574 0 0 0 0 0 0 0 0 11.107 27.879 209.97 856.518 
0.00187500639185478736 0.387545 0 70798 38.6921 14.8606 13.3445 0 01 0 0 0 0 0 0 0 0 0 0 0 11.107 27.879 209.97 856.518 
0.00187500639185478736 0.421639 0 79197 38.3837 14.9063 13.3859 0 01 -0 0 0 0 -0 0 0 0 -0 0 0 10.7455 26.4813 295.05 1520.7 
0.00187500639185478736 2.11759 0 170525 38.7956 14.7824 13.2737 0 01 -0 0 0 0 -0 0 0 0 -0 0 0 2.10559 14.7621 0 66.2298 
0.00187500639185478736 2.36539 0 167586 38.5806 14.8733 13.3561 0 01 0 -0 0 0 0 -0 0 0 0 -0 0 2.46424 9.70641 0 0 
0.00190280895014010546 0.568418 0 36799 37.7695 15.1727 13.6273 0 01 0 0 -0 0 0 0 -0 0 0 0 -0 5.6892 21.6116 37.7308 245.433 
0.00190280895014010546 0.923168 0 159486 37.6837 15.1767 13.6309 0 01 0 0 0 0 0 0 0 0 0 0 0 6.3711 20.1018 0 115.43 
0.00190280895014010546 1.02629 0 87721 37.6852 15.1785 13.6325 0 01 0 0 0 0 0 0 0 0 0 0 0 5.14501 13.4125 0 78.0352 
0.00190280895014010546 1.23235 0 159247 38.304 14.9516 13.427 0 01 0 0 0 0 0 0 0 0 0 0 0 4.95605 17.3846 0 11.101 
0.00195275956498697331 0.147732 0 24007 0.631027 15.2088 13.688 0 01 0 0 0 0 0 0 0 0 0 0 0 8.36892 17.5478 1424.41 3464.91 
0.00195275956498697331 0.189234 1 209141 0 14.9294 13.4068 0 0 2 0.00213683 -0.0151631 0.00696449 0 0 -0 0 0 0 -0 0 8.36892 17.5478 1424.41 3464.91 
0.00195275956498697331 0.205877 0 58537 0.382236 15.221 13.6989 0 01 0 0 0 0 0 0 0 0 0 0 0 7.23524 19.8642 488.041 1240.79 
0.00195275956498697331 0.33128 1 32995 0 36.2876 13.7528 0 0 2 -0.000622973 -0.00197681 0.00571641 0 -0 0 0 0 -0 0 0 10.1335 24.3221 335.166 1076.94 
0.00195275956498697331 0.655248 0 162583 37.01 36.2564 13.7305 0 01 0 -0 0 0 0 -0 0 0 0 -0 0 8.63046 25.2744 38.8109 62.1888 
0.00195275956498697331 0.788708 0 143944 36.4785 35.7546 13.7015 0 01 0 -0 0 0 0 -0 0 0 0 -0 0 6.28966 18.881 0 32.6353 
0.00195275956498697331 0.841233 0 62469 36.8054 15.1502 13.6352 0 01 0 0 0 0 0 0 0 0 0 0 0 7.53146 26.7777 153.56 381.665 
0.00195275956498697331 1.11473 0 149543 36.7563 36.0171 13.6581 0 01 0 0 -0 0 0 0 -0 0 0 0 -0 9.86909 18.6889 0 235.723 
0.00195275956498697331 1.17596 0 144496 36.8656 36.12 13.7008 0 01 0 0 -0 0 0 0 -0 0 0 0 -0 10.5941 23.4957 105.921 663.322 
0.00195275956498697331 1.75813 0 169315 36.9321 15.2093 13.6883 0 01 0 0 0 0 0 0 0 0 0 0 0 3.53599 10.5244 0 0 
0.00197385246083394339 1.02465 0 128347 35.8955 35.2017 14.2928 0 01 0 0 0 0 0 0 0 0 0 0 0 2.04932 10.3093 0 39.0144 
0.00197385246083394339 2.35359 0 198841 35.9894 35.291 14.2235 0 01 0 0 0 0 0 0 0 0 0 0 0 2.3259 9.54116 0 74.027 
0.00199252418972102998 0.255495 0 90793 35.7125 35.029 14.5183 0 01 0 0 0 0 0 0 0 0 0 0 0 8.01423 17.4383 821.102 1253.9 
0.00199252418972102998 0.47906 0 102873 35.6821 35.0004 14.5411 0 01 -0 0 0 0 -0 0 0 0 -0 0 0 7.18858 19.2417 0 157.329 
0.00199252418972102998 1.22855 0 186579 35.8192 35.1297 14.3457 0 01 -0 0 0 0 -0 0 0 0 -0 0 0 4.85973 12.1561 0 0 
0.00201212943736571231 0.610007 1 204434 0 24.9851 22.4866 0 0 2 -1.4164 29.3136 -0.337269 0 -0 0 0 0 -0 0 0 9.04151 22.2822 226.814 508.401 
0.00201212943736571231 0.610388 0 196116 35.192 34.5358 14.9692 0 01 0 0 0 0 0 0 0 0 0 0 0 9.04151 22.2822 226.814 508.401 
0.00201212943736571231 0.974692 0 57393 35.2741 34.6131 14.818 0 01 0 0 -0 0 0 0 -0 0 0 0 -0 4.87998 12.71 0 0 
0.00201212943736571231 1.93944 0 87366 35.2759 34.6148 14.8168 0 01 0 -0 0 0 0 -0 0 0 0 -0 0 0 5.78307 0 0 
0.00201212943736571231 2.0432 0 191220 35.2742 34.6132 14.8178 0 01 -0 0 0 0 -0 0 0 0 -0 0 0 1.97378 3.96533 0 0 
0.00206199122312406653 0.0644771 1 8274 0 12.2508 8.56263 0 0 1 55.0404 -15.1809 60.2747 0 0 0 0 0 0 0 0 9.05995 20.5484 923.919 1849.26 
0.00206199122312406653 0.11465 0 43247 34.425 33.8072 15.5476 0 01 0 0 0 0 0 0 0 0 0 0 0 9.05995 20.5484 923.919 1849.26 
0.00206199122312406653 0.246827 1 134648 34.8295 11.1385 7.1391 0 0 1 -14.9111 -2.31662 -23.275 0 0 0 -0 0 0 0 -0 12.5287 29.5523 1152.44 2313.12 
0.00206199122312406653 0.278494 0 38744 34.4193 33.8018 15.5523 0 01 0 0 0 0 0 0 0 0 0 0 0 13.5 28.0684 805.349 1243.64 
0.00206199122312406653 0.302203 0 137507 34.7929 34.1575 15.2254 0 01 0 0 0 0 0 0 0 0 0 0 0 12.5566 29.2947 1223.9 2233.52 
0.00206199122312406653 0.353331 1 52396 0 12.2148 8.50989 0 0 1 50.2141 16.7492 -64.623 0 0 0 -0 0 0 0 -0 15.121 35.8272 798.608 1507.83 
0.00206199122312406653 0.768316 0 71669 34.3464 33.7325 15.593 0 01 -0 0 0 0 -0 0 0 0 -0 0 0 17.6139 30.6341 55.7423 206.202 
0.00206199122312406653 1.74275 0 165929 34.8882 34.248 15.2 0 01 0 0 0 0 0 0 0 0 0 0 0 5.21514 15.6801 89.0168 89.0168 
0.00210781566486565718 0.602986 0 138555 33.057 32.506 15.3967 0 41.67671 -40.6993 -0.228449 8.97003 0 0 0 0 0 0 0 0 4.85176 18.7065 0 578.926 
0.00210781566486565718 0.686851 0 195542 33.3682 32.8031 15.5451 0 24.06941 4.04194 -8.2138 22.2606 0 0 -0 0 0 0 -0 0 3.47426 15.3418 0 59.261 
0.00210781566486565718 0.822855 0 17420 33.4215 32.8537 15.5437 0 24.70181 -18.1601 10.3949 13.1277 0 -0 0 0 0 -0 0 0 9.01117 18.8213 4.21489 43.5526 
0.00210781566486565718 0.84155 0 140577 33.135 32.5809 15.4472 0 16.90661 16.052 5.29206 -0.400137 0 0 0 0 0 0 0 0 10.1087 27.0095 6.1678 242.061 
0.00210781566486565718 0.923994 0 149405 33.1739 32.618 15.4712 0 32.51521 -22.5624 5.44107 22.7721 0 0 0 0 0 0 0 0 7.42082 26.8755 0 0 
0.00217360542947667721 0.132121 0 41308 32.768 32.2307 15.2503 0 32.45231 31.8596 -1.53312 -5.98073 0 0 0 0 0 0 0 0 12.6635 23.7885 1555.55 2385.66 
0.00217360542947667721 0.359257 0 30052 32.4488 31.9271 15.0167 0 28.73681 -1.44574 24.6473 14.7047 0 -0 0 0 0 -0 0 0 20.2469 40.08 313.478 1412.86 
0.00217360542947667721 0.534852 0 107151 32.3059 31.791 14.9077 0 98.78371 -52.0342 -60.5333 58.1926 0 0 0 0 0 0 0 0 20.3112 47.6395 879.069 1330.85 
0.00217360542947667721 0.803188 1 175769 32.2172 10.5976 6.60285 0 0 1 17.884 0.0705695 1.53966 0 0 0 0 0 0 0 0 14.2979 37.2932 81.6332 431.998 
0.00217360542947667721 0.98962 0 121925 32.1195 31.6131 14.7589 0 62.32881 45.6347 -40.2177 13.5974 0 0 -0 0 0 0 -0 0 14.7884 45.2024 69.4055 727.19 
0.00217360542947667721 1.20566 0 176355 32.2815 31.7678 14.8887 0 68.83251 65.5208 -0.333209 21.0908 0 0 -0 0 0 0 -0 0 14.566 31.5735 10.747 73.807 
0.00217360542947667721 1.36913 0 139792 31.9889 31.4877 14.6542 0 67.0721 -17.6227 -8.54386 64.149 0 0 0 0 0 0 0 0 9.69846 31.9323 64.4167 199.201 
0.00218287664237673106 3.34577 0 194863 31.5906 31.1075 14.3176 0 47.88591 -36.2611 29.119 11.4137 0 0 0 0 0 0 0 0 0 0 0 0 
0.00220558024255584992 0.392047 0 67849 31.2414 30.7738 14.0121 0 43.35311 38.2678 -19.9263 4.24374 0 0 0 0 0 0 0 0 7.38563 25.2547 5.19522 539.723 
0.00220558024255584992 0.393599 0 109173 31.5459 31.0648 14.2808 0 95.93751 60.6945 -44.7341 -59.3215 0 0 -0 0 0 0 -0 0 7.38563 25.2547 5.19522 539.723 
0.00220558024255584992 0.438265 0 66897 31.2341 30.7668 14.005 0 69.73781 22.5134 -59.573 28.4177 0 0 0 0 0 0 0 0 11.9978 23.979 138.727 851.39 
0.00220558024255584992 1.22389 0 154920 31.2574 30.7891 14.0272 0 52.48871 49.8172 11.4079 -11.9655 0 0 0 -0 0 0 0 -0 1.22389 14.689 0 0 
0.00220558024255584992 1.35494 0 184947 31.2345 30.7671 14.0052 0 118.9121 97.5985 1.21302 67.9201 0 0 0 0 0 0 0 0 8.13542 18.9646 81.0229 91.6987 
0.00220558024255584992 1.41347 0 55686 31.4713 30.9938 14.217 0 82.20591 -79.3507 -16.8981 -13.2563 0 0 -0 0 0 0 -0 0 4.20169 9.82893 0 0 
0.00220558024255584992 1.44598 0 15422 31.4974 31.0187 14.2389 0 113.3341 14.9156 111.415 -14.4535 0 0 0 -0 0 0 0 -0 4.33827 15.856 47.7636 47.7636 
0.0022384769583954126 0.308237 0 52314 30.7935 30.3457 13.6012 0 112.761 59.811 88.9505 35.003 0 0 0 0 0 0 0 0 12.3039 27.1773 497.656 1111.63 
0.0022384769583954126 0.331234 1 0 30.8252 10.6079 6.612 0 0 1 -32.319 15.5619 -2.32217 1 -5.48597 -16.3551 -3.18397 0 0 -0 0 12.3039 27.1773 497.656 1111.63 
0.0022384769583954126 0.375063 0 30458 30.8936 30.4412 13.6951 0 40.83881 -25.5692 19.9951 -24.7834 0 0 0 -0 0 0 0 -0 13.1691 28.5241 389.265 865.568 
0.0022384769583954126 0.438666 0 34930 31.0161 30.5589 13.8084 0 128.3791 -119.296 -36.7582 29.9741 0 0 0 0 0 0 0 0 12.3531 28.2844 594.373 922.75 
0.0022384769583954126 0.503643 0 59481 30.6952 30.2519 13.5082 0 63.41121 47.0633 40.1987 -13.7873 0 0 0 0 0 0 0 0 11.9087 29.969 25.8754 113.397 
0.0022384769583954126 0.771968 0 69754 30.7762 30.3292 13.5852 0 123.4341 -90.7595 -83.518 4.83221 0 0 -0 0 0 0 -0 0 10.0673 21.6886 0 121.137 
0.0022384769583954126 1.43257 0 177987 30.7625 30.3162 13.5722 0 24.68381 15.2422 3.3451 19.1253 0 0 0 0 0 0 0 0 8.66877 20.3108 0 61.5169 
0.0022384769583954126 1.67997 0 79775 30.7969 30.3489 13.6047 0 70.17051 -41.0589 -17.7057 54.0793 0 0 -0 0 0 0 -0 0 5.0527 21.8106 0 0 
0.0022384769583954126 2.39417 0 194475 30.6804 30.2377 13.4949 0 103.2351 1.34599 -31.1384 98.4175 0 0 -0 0 0 0 -0 0 2.35641 7.21872 0 0 
0.00224681081630604285 0.190619 0 26774 30.6602 30.2185 13.4743 0 133.2641 25.9333 6.41142 130.559 0 0 0 0 0 0 0 0 3.99423 8.84514 96.2949 1474.23 
0.00224681081630604285 0.958204 0 132704 30.5626 30.125 13.3812 0 108.7381 -14.7833 97.1497 46.5543 0 0 0 0 0 0 0 0 0 6.7333 0 0 
0.00224681081630604285 1.01113 0 169885 30.6318 30.1912 13.4479 0 124.2861 -124.048 -7.32822 2.32825 0 0 0 0 0 0 0 0 2.04076 5.09738 0 0 
0.00227147674102565807 0.29007 0 71493 30.2655 29.8402 13.1481 0 86.39121 -39.0444 -21.4152 -74.0295 0 0 -0 0 0 0 -0 0 9.02395 19.8811 366.839 765.327 
0.00227147674102565807 0.63122 0 19678 30.5204 30.0845 13.3418 0 66.92021 8.25852 -65.9185 8.05327 0 0 0 0 0 0 0 0 7.54032 19.4698 281.862 598.451 
0.00228451532811799803 0.428759 0 43108 30.0418 29.6251 12.932 0 125.9691 70.5608 -103.607 -12.4512 0 0 0 0 0 0 0 0 6.71459 17.5756 203.59 727.398 
0.00228451532811799803 0.581333 0 154589 30.0242 29.6083 12.9163 0 211.4271 179.736 -94.347 -59.1202 0 0 -0 0 0 0 -0 0 4.08184 15.8274 10.6265 220.838 
0.00228451532811799803 0.710181 0 183892 30.1223 29.7028 13.0103 0 106.0611 -16.1225 71.2317 -76.9098 0 0 0 0 0 0 0 0 7.76677 13.3983 13.3953 20.2538 
0.00228451532811799803 0.970182 0 27397 30.0313 29.615 12.9238 0 92.38111 -48.7469 -74.6305 -24.2547 0 -0 0 0 0 -0 0 0 5.77972 12.4696 7.86511 7.86511 
0.00230407111340451363 0.547978 0 48688 29.678 29.2764 12.57 0 187.9931 10.3978 150.019 -112.816 0 0 0 -0 0 0 0 -0 6.47239 21.1689 127.63 587.18 
0.00230407111340451363 0.564488 0 129259 29.8493 29.4405 12.7428 0 98.15581 -82.0108 -30.2755 44.6338 0 -0 0 0 0 -0 0 0 6.76162 20.8759 64.7145 118.704 
0.00230407111340451363 0.858362 0 86949 29.7502 29.3458 12.645 0 172.3371 162.245 37.3204 -44.5401 0 0 0 0 0 0 0 0 7.66158 14.5365 596.37 749.568 
0.00232120884524240423 0.973577 0 153147 29.442 29.0506 12.3314 0 189.2991 88.0265 -3.16693 -167.557 0 0 -0 0 0 0 -0 0 2.90114 11.6154 0 31.1501 
0.00235108387511789385 0.218504 0 19650 0.456031 28.7457 11.9987 0 72.41281 72.1392 3.74827 5.04905 0 0 0 0 0 0 0 0 11.311 21.0173 1014.23 1387.59 
0.00235108387511789385 0.724314 0 95010 29.1241 28.7453 11.9984 0 120.8931 35.4969 -115.411 -5.96125 0 0 0 -0 0 0 0 -0 7.30326 28.5035 0 110.713 
0.00235108387511789385 0.771289 0 152125 29.2841 28.8985 12.1681 0 178.2471 17.6867 117.247 133.087 0 0 0 0 0 0 0 0 7.79092 26.5561 94.8135 170.419 
0.00235108387511789385 0.918206 0 6292 29.1038 28.7259 11.9756 0 151.9411 -72.8379 -119.871 58.4087 0 0 -0 0 0 0 -0 0 4.53955 19.9812 0 0 
0.00235108387511789385 0.956411 0 185079 29.0216 28.6469 11.8915 0 92.76491 -74.7742 -51.47 -19.1044 0 0 -0 0 0 0 -0 0 9.64895 21.2513 7.03449 153.303 
0.00237306461844046532 0.474756 0 179360 28.9337 28.5625 11.7976 0 238.5681 -30.3044 138.602 191.795 0 0 0 0 0 0 0 0 7.47982 25.8668 0 248.108 
0.00237306461844046532 0.519459 0 29137 28.8047 28.4384 11.6587 0 64.86391 27.3832 53.0255 -25.4122 0 0 0 0 0 0 0 0 9.87682 19.2627 27.4271 73.82 
0.00237306461844046532 0.796408 0 126118 28.7826 28.4171 11.6355 0 284.8431 -22.9091 -125.448 -254.703 0 0 0 -0 0 0 0 -0 4.81359 13.6332 0 288.506 
0.00237306461844046532 0.950363 0 54359 28.9575 28.5853 11.8219 0 222.1791 -208.728 -71.5262 -26.0761 0 0 0 0 0 0 0 0 7.49529 18.7932 67.2386 69.4896 
0.00240035081425953121 0.346039 0 23097 0.146378 28.3286 11.5398 0 102.7421 78.1773 -51.5093 -42.3203 0 0 0 0 0 0 0 0 8.84101 26.6434 45.0705 1527.74 
0.00240035081425953121 0.501123 1 0 28.4169 9.60482 5.88367 0 0 1 -44.3869 4.17214 -6.66543 1 0.596615 -18.804 -11.9485 0 0 -0 0 7.94996 26.8913 74.2407 272.383 
0.00240035081425953121 0.673902 0 99537 28.3536 28.0039 11.1728 0 175.4551 -141.812 -95.2931 -39.9136 0 0 -0 0 0 0 -0 0 9.59013 31.533 256.05 278.675 
0.00240035081425953121 1.45485 0 162556 28.4539 28.1008 11.284 0 165.7261 15.8676 -149.418 69.9109 0 0 0 0 0 0 0 0 2.91311 14.5965 0 0 
0.00240035081425953121 1.7392 0 61856 28.5407 28.1844 11.3781 0 141.8441 -141.521 2.21962 -9.30179 0 -0 0 0 0 -0 0 0 1.7392 12.3805 0 0 
0.00240035081425953121 4.06687 0 193763 28.3885 28.0378 11.2123 0 185.9291 -181.021 -17.4397 -38.6897 0 0 0 0 0 0 0 0 0 0 0 0 
0.00248229660641529834 0.240477 0 41160 28.0132 27.6768 10.8043 0 171.1461 -104.222 59.7627 -121.89 0 0 0 -0 0 0 0 -0 20.4794 45.5751 1111.37 2766.84 
0.00248229660641529834 0.455395 0 6219 28.0697 27.731 10.8663 0 143.4321 -28.102 139.343 19.1493 0 0 0 0 0 0 0 0 18.9109 44.5572 83.106 684.09 
0.00248229660641529834 0.484545 0 18064 27.4481 27.1322 10.1848 0 342.3651 325.401 -84.1164 -65.2113 0 0 -0 0 0 0 -0 0 25.5786 52.1158 303.861 885.521 
0.00248229660641529834 0.587833 0 61838 27.3392 27.0271 10.0661 0 266.1641 -246.576 -9.84836 -99.7332 0 -0 0 0 0 -0 0 0 24.4339 57.1998 345.697 637.719 
0.00248229660641529834 0.646186 0 89495 27.5396 27.2208 10.2864 0 184.4641 -173.464 -30.2422 -54.9786 0 0 0 -0 0 0 0 -0 14.7999 50.0595 218.997 325.752 
0.00248229660641529834 0.647946 1 206604 28.5508 20.016 18.0144 0 0 2 -1.07936 -11.89 12.0299 0 -0 0 0 0 -0 0 0 14.7999 50.0595 218.997 325.752 
0.00248229660641529834 0.87597 0 106288 28.3056 27.9576 11.1218 0 156.1831 -156.017 -2.94945 6.5646 0 0 0 0 0 0 0 0 14.6767 42.2368 575.38 817.271 
0.00248229660641529834 0.894451 0 73589 27.9947 27.659 10.7849 0 210.4161 -147.196 143.423 45.1462 0 0 0 0 0 0 0 0 14.2876 40.1818 0 193.038 
0.00248229660641529834 0.9628 0 129944 28.0037 27.6676 10.7923 0 234.8871 226.713 -59.5721 14.972 0 0 0 0 0 0 0 0 14.6521 45.8551 0 124.208 
0.00248229660641529834 1.20086 0 86890 27.8716 27.5401 10.6482 0 242.5631 45.8202 120.633 -205.39 0 0 0 0 0 0 0 0 10.8387 37.2848 0 38.9017 
0.00248229660641529834 1.62856 0 129927 27.4288 27.1136 10.1639 0 189.4351 -74.4097 -170.558 35.4778 0 0 -0 0 0 0 -0 0 8.1842 22.9669 0 221.334 
0.00248229660641529834 1.64843 0 171631 28.0086 27.6724 10.7986 0 100.6571 -49.2337 -15.6718 -86.3845 0 0 0 0 0 0 0 0 8.1842 22.9669 0 221.334 
0.00248229660641529834 1.71836 0 185527 27.9668 27.6322 10.7545 0 195.6591 186.177 -41.6962 43.3824 0 0 0 0 0 0 0 0 13.6771 37.6206 0 102.846 
0.00248229660641529834 1.88462 0 132710 27.7405 27.4142 10.5062 0 204.8621 53.0088 129.721 -149.435 0 0 0 0 0 0 0 0 7.39405 42.7027 0 0 
0.00248229660641529834 1.93993 0 39238 28.202 27.8579 11.01 0 252.5831 -252.578 -1.53213 0.542106 0 0 0 0 0 0 0 0 7.76665 27.1751 0 131.026 
0.00248229660641529834 2.12695 0 185355 28.3386 27.9894 11.1584 0 255.0631 241.54 -6.44497 81.6951 0 0 0 0 0 0 0 0 8.57024 32.2293 2.56255 2.56255 
0.00248229660641529834 2.50901 0 166801 27.6131 27.2917 10.3664 0 234.4751 -186.976 -126.594 -63.1887 0 0 -0 0 0 0 -0 0 2.53401 22.1884 0 0 
0.00248229660641529834 3.33748 0 67839 28.2831 27.9359 11.0981 0 168.541 75.8407 -17.2222 -149.524 0 0 -0 0 0 0 -0 0 0 3.24672 0 0 
0.00254610376306803853 0.149119 1 204329 0 18.6908 16.8217 0 0 2 -18.6176 -9.67567 28.2685 0 0 -0 0 0 0 -0 0 12.803 27.5881 1216.56 3322.92 
0.00254610376306803853 0.540553 0 141353 27.2499 26.9413 9.9672 0 347.9871 -210.927 229.127 -155.26 0 0 0 0 0 0 0 0 18.0684 41.6377 55.3128 292.894 
0.00254610376306803853 0.663191 0 187038 27.069 26.7671 9.7707 0 102.1371 -66.242 63.8768 44.3149 0 0 0 0 0 0 0 0 18.639 47.9189 60.3846 325.711 
0.00254610376306803853 0.676113 0 81542 27.2419 26.9336 9.96034 0 288.7341 -287.297 8.10406 27.6044 0 0 0 0 0 0 0 0 18.639 47.9189 60.3846 325.711 
0.00254610376306803853 1.27838 0 149264 27.311 27 10.0351 0 190.8591 30.3852 -182.784 -45.7576 0 0 -0 0 0 0 -0 0 6.39081 32.1722 0 0 
0.00254610376306803853 2.11661 0 181037 27.2189 26.9115 9.93449 0 270.511 243.365 -92.0823 73.9581 0 0 0 0 0 0 0 0 4.33272 23.594 0 29.107 
0.00260716183058050778 0.317054 0 9348 0 25.8791 9.09175 0 203.7281 175.503 33.6003 -97.8503 0 0 0 0 0 0 0 0 16.9856 32.9691 585.987 907.491 
0.00260716183058050778 0.336405 0 8327 26.2079 25.9359 8.8311 0 248.1331 33.7797 -238.587 59.207 0 0 0 0 0 0 0 0 16.9856 32.9691 585.987 907.491 
0.00260716183058050778 0.375021 0 125335 26.327 26.0508 8.95979 0 304.4911 -152.975 -91.2813 246.944 0 0 0 0 0 0 0 0 20.2357 39.4492 255.921 906.613 
0.00260716183058050778 0.545939 0 131510 26.0311 25.7646 8.63878 0 197.6291 -75.94 3.90914 182.415 0 0 0 0 0 0 0 0 18.1279 43.9665 1.37037 726.358 
0.00260716183058050778 0.692194 0 18681 26.3216 26.0456 8.95368 0 161.3761 150.399 -58.4838 1.35189 0 0 0 0 0 0 0 0 13.7952 35.8763 111.746 202.447 
0.00260716183058050778 0.881988 0 170681 26.196 25.9244 8.81722 0 195.821 -122.488 83.3301 -128.056 0 0 0 0 0 0 0 0 15.1725 42.8822 9.7866 51.7235 
0.00260716183058050778 0.908386 0 89672 26.1819 25.9108 8.80281 0 238.7411 84.5192 217.515 50.4122 0 0 0 0 0 0 0 0 14.7494 31.3065 0 144.727 
0.00260716183058050778 1.04843 0 49516 26.5959 26.3103 9.25158 0 182.4351 -138.153 57.4102 -104.406 0 -0 0 0 0 -0 0 0 8.32047 27.0032 0 1.20728 
0.00260716183058050778 1.1005 0 131361 26.4753 26.1941 9.12054 0 116.3451 -102.252 -33.0809 44.5672 0 0 0 0 0 0 0 0 8.87297 33.1807 3.41847 137.514 
0.00260716183058050778 1.17265 0 145174 26.2275 25.9549 8.8519 0 139.1621 -82.2904 -110.271 -20.8516 0 0 0 -0 0 0 0 -0 17.6459 40.051 334.374 351.026 
0.00260716183058050778 1.3025 0 171637 26.0749 25.8071 8.6861 0 123.2161 -114.066 31.4443 -34.3837 0 0 0 -0 0 0 0 -0 3.8788 34.9183 0 0 
0.00260716183058050778 1.54399 0 158284 26.0693 25.8016 8.67975 0 66.461 64.8661 -11.9221 8.1968 0 0 -0 0 0 0 -0 0 6.14617 26.0894 0 43.7716 
0.00260716183058050778 2.24322 0 195209 26.2463 25.973 8.87207 0 289.8051 -258.269 127.204 33.2164 0 0 0 0 0 0 0 0 4.47897 18.1604 0 0 
0.00262994366927684449 0.559479 0 39421 0.264958 26.255 9.19103 0 85.97011 45.9871 -7.22749 72.2759 0 0 0 0 0 0 0 0 5.53247 22.5625 140.56 165.059 
0.00262994366927684449 0.595379 0 149828 25.8174 25.558 8.40899 0 149.8011 146.566 -22.0668 21.7235 0 0 0 0 0 0 0 0 7.15989 28.1758 39.7731 385.515 
0.00262994366927684449 0.917168 0 60209 25.824 25.5644 8.41669 0 240.5861 -171.9 -82.509 146.712 0 0 0 0 0 0 0 0 6.48067 15.6655 0 253.008 
0.00262994366927684449 1.11345 0 75139 25.8884 25.627 8.48555 0 304.2361 241.316 117.838 142.97 0 0 0 0 0 0 0 0 4.42229 24.4025 61.6007 95.051 
0.00271924352976018373 0.263239 0 185177 24.903 24.6726 7.44257 0 124.6631 -82.995 -51.1114 77.7193 0 0 -0 0 0 0 -0 0 19.2915 39.9312 664.553 1361.86 
0.00271924352976018373 0.337476 0 64738 25.6395 25.3862 8.21861 0 380.6881 178.212 256.832 217.26 0 0 0 0 0 0 0 0 23.0592 50.2765 921.236 1950.96 
0.00271924352976018373 0.438857 0 112460 25.4119 25.1657 7.97684 0 343.7621 129.245 270.281 -168.572 0 0 0 0 0 0 0 0 18.7565 55.1885 318.812 786.701 
0.00271924352976018373 1.06556 0 126498 25.4469 25.1995 8.0133 0 189.1841 89.6236 -166.291 -10.2834 0 0 0 0 0 0 0 0 19.371 52.6352 31.53 193.086 
0.00271924352976018373 1.14268 0 165019 24.9833 24.7505 7.52577 0 309.7731 273.971 -112.281 -91.0592 0 0 0 0 0 0 0 0 16.0103 36.5624 43.7779 143.332 
0.00271924352976018373 1.22283 0 166175 25.6275 25.3746 8.20633 0 99.37871 50.8482 20.6047 -82.8615 0 0 0 -0 0 0 0 -0 10.9272 36.3633 14.9087 56.7078 
0.00271924352976018373 1.24185 0 105386 25.5418 25.2914 8.11402 0 81.2081 57.9939 55.1938 -13.6051 0 0 0 0 0 0 0 0 11.3063 36.4749 1.2946 275.293 
0.00271924352976018373 1.32892 0 77143 25.7174 25.4614 8.30197 0 248.3561 108.584 -196.083 -106.966 0 0 0 0 0 0 0 0 18.7629 52.1885 1.09451 228.062 
0.00271924352976018373 1.67887 0 81629 24.9271 24.6961 7.46769 0 108.8471 50.3838 35.6373 89.661 0 0 0 0 0 0 0 0 11.6343 47.9149 33.8961 64.568 
0.00271924352976018373 2.06252 0 190546 25.1519 24.9141 7.70256 0 250.0611 -233.073 90.5164 3.80537 0 0 0 0 0 0 0 0 14.4478 37.1978 71.9197 315.021 
0.00279998495324699581 0.528211 0 73656 24.4481 24.2313 6.97455 0 517.3191 -202.432 397.384 262.157 0 0 0 0 0 0 0 0 18.5017 47.1251 27.0088 627.215 
0.00279998495324699581 0.54503 0 63470 24.6264 24.4039 7.15625 0 138.441 -137.692 9.43272 -10.8508 0 -0 0 0 0 -0 0 0 19.9564 53.7023 272.172 766.226 
0.00279998495324699581 0.598098 0 87460 24.6284 24.4059 7.1584 0 100.2821 -47.2838 -69.3257 -54.9064 0 0 -0 0 0 0 -0 0 15.7554 48.2216 508.171 755.555 
0.00279998495324699581 0.916174 0 77879 24.5368 24.3174 7.0649 0 306.441 -23.4198 -213.771 218.309 0 0 -0 0 0 0 -0 0 12.9865 38.0967 0 171.165 
0.00279998495324699581 1.00228 0 140637 24.8446 24.616 7.38128 0 310.5491 -217.982 -196.023 102.467 0 0 0 0 0 0 0 0 14.2107 38.6295 100.467 333.808 
0.00279998495324699581 1.06698 0 144498 24.3374 24.1239 6.86262 0 351.6181 -333.812 -103.25 39.2951 0 0 -0 0 0 0 -0 0 21.5712 49.5983 244.065 1054.21 
0.00279998495324699581 1.21785 0 118226 24.3179 24.105 6.84295 0 506.7371 161.21 474.506 75.0813 0 0 0 0 0 0 0 0 20.6581 46.2482 253.73 411.985 
0.00279998495324699581 1.70443 0 165677 24.2251 24.0149 6.74954 0 203.2011 -166.385 -32.1689 112.124 0 0 -0 0 0 0 -0 0 10.2838 25.759 15.624 77.6321 
0.00279998495324699581 1.73065 0 163317 24.8582 24.6292 7.39603 0 216.9241 16.1716 -34.8443 -213.496 0 0 0 -0 0 0 0 -0 10.2838 25.759 15.624 77.6321 
0.00279998495324699581 2.06221 0 186121 24.8636 24.6344 7.4009 0 283.2391 -280.907 -35.2928 -8.36449 0 0 -0 0 0 0 -0 0 6.15576 22.6206 0 0 
0.00279998495324699581 2.15908 0 187804 24.3237 24.1106 6.84849 0 242.1111 235.221 -57.3009 -2.3194 0 0 0 0 0 0 0 0 6.42363 32.609 0 0 
0.00279998495324699581 3.97715 0 197303 24.8468 24.6181 7.38374 0 371.6791 306.083 -198.906 -69.9614 0 0 0 0 0 0 0 0 0 6.95989 0 0 
0.0028702669025474554 0.744783 0 109592 23.684 23.4893 6.21476 0 97.12411 -86.8235 0.555099 -43.5255 0 -0 0 0 0 -0 0 0 8.9355 41.1044 10.3282 143.485 
0.0028702669025474554 0.904665 0 96095 23.6268 23.4337 6.15938 0 469.9851 -459.22 -74.9673 66.2009 0 -0 0 0 0 -0 0 0 15.3121 39.6869 0 11.8617 
0.0028702669025474554 1.13306 0 83813 23.7236 23.5278 6.25328 0 398.5231 -377.776 51.94 -115.793 0 0 0 -0 0 0 0 -0 18.3389 42.3683 283.244 284.244 
0.0028702669025474554 1.72046 0 98258 23.7794 23.5821 6.30795 0 220.9211 71.1766 182.437 102.26 0 0 0 0 0 0 0 0 13.7971 32.6968 0 4.51053 
0.00294152467762263297 0.172631 0 5708 23.4869 23.2973 6.02439 0 152.8921 50.2973 -141.581 -28.3036 0 0 0 0 0 0 0 0 12.1099 23.5123 663.971 2004.55 
0.00294152467762263297 0.545974 0 77061 23.5 23.3102 6.03693 0 14.70671 14.616 0.356258 -1.59138 0 0 0 0 0 0 0 0 18.2134 49.6998 184.98 310.428 
0.00294152467762263297 0.908729 0 74516 23.4024 23.2155 5.94373 0 351.9711 -39.6913 -18.5645 349.233 0 0 0 0 0 0 0 0 9.02948 34.4026 104.112 115.546 
0.00294152467762263297 2.54366 0 190351 23.2074 23.0259 5.75942 0 260.5351 -158.221 190.89 80.0333 0 0 0 0 0 0 0 0 7.37573 9.91939 0 87.127 
0.00294152467762263297 3.70688 0 199257 23.1499 22.9701 5.70563 0 249.5341 -248.159 26.0482 2.48014 0 -0 0 0 0 -0 0 0 0 15.0844 0 0 
0.00295221719665348563 0.630028 0 31525 22.9882 22.8126 5.55524 0 86.47021 -33.0047 60.2042 -52.5666 0 0 0 0 0 0 0 0 1.26046 9.44582 0 0 
0.00305506185555026212 0.441428 0 78975 22.9598 22.785 5.529 0 212.2631 -143.448 104.007 -116.88 0 0 0 0 0 0 0 0 30.6751 63.0551 589.788 1576.68 
0.00305506185555026212 0.493608 0 106367 22.8454 22.6735 17.2272 0 01 0 0 0 0 0 0 0 0 0 0 0 21.8495 49.6228 694.205 1302.28 
0.00305506185555026212 0.513513 0 13000 22.4451 22.2835 17.0816 0 01 0 0 0 0 0 0 0 0 0 0 0 24.5619 56.7852 98.0475 355.694 
0.00305506185555026212 0.736024 0 159018 22.8485 22.6766 17.2284 0 01 0 0 -0 0 0 0 -0 0 0 0 -0 24.7941 58.3915 529.184 818.563 
0.00305506185555026212 0.742884 0 5085 22.277 22.1197 17.0173 0 01 0 0 0 0 0 0 0 0 0 0 0 25.5832 55.6844 239.33 622.744 
0.00305506185555026212 0.871361 0 45426 22.4067 22.2462 17.0675 0 01 0 0 0 0 0 0 0 0 0 0 0 17.5963 39.6067 99.7413 369.495 
0.00305506185555026212 1.32898 0 175854 22.8738 22.7013 17.2346 0 01 0 0 0 0 0 0 0 0 0 0 0 27.019 52.588 0 312.473 
0.00305506185555026212 1.46418 0 153408 22.7891 22.6187 17.2085 0 01 0 0 0 0 0 0 0 0 0 0 0 7.22889 43.1525 3.57056 3.57056 
0.00305506185555026212 1.57608 0 148434 22.568 22.4029 17.128 0 01 -0 0 0 0 -0 0 0 0 -0 0 0 7.99448 33.6611 0 20.8106 
0.00308280791123281134 0.231373 0 1919 22.1494 21.9952 16.969 0 01 0 0 0 0 0 0 0 0 0 0 0 9.43827 17.7632 1116.37 2435.34 
0.00308280791123281134 1.20337 0 161955 22.1664 22.0119 16.9753 0 01 0 0 0 0 0 0 0 0 0 0 0 9.58581 23.9551 8.82455 121.338 
0.00308280791123281134 1.27819 0 189779 22.0877 21.935 16.9434 0 01 0 -0 0 0 0 -0 0 0 0 -0 0 2.55504 16.606 0 0 
0.00308973977866655852 0.88479 0 153745 22.0528 21.901 16.9303 0 01 0 0 0 0 0 0 0 0 0 0 0 2.63572 7.04742 0 25.5233 
0.00308973977866655852 1.67831 0 163978 22.052 21.9002 16.9297 0 01 0 0 0 0 0 0 0 0 0 0 0 3.32563 5.0274 91.6615 91.6615 
0.00316530651088349447 0.170641 0 24795 0.109523 21.6655 16.834 0 01 0 0 0 0 0 0 0 0 0 0 0 12.9171 29.5987 1876.79 2883.18 
0.00316530651088349447 0.33571 0 215802 0.4398 21.8678 16.9464 0 01 0 0 0 0 0 0 0 0 0 0 0 22.8747 47.4665 32.9203 887.325 
0.00316530651088349447 0.370302 0 18397 21.7831 21.6379 16.824 0 01 0 0 0 0 0 0 0 0 0 0 0 20.2814 45.063 291.689 807.507 
0.00316530651088349447 0.451281 0 62404 21.7151 21.5716 16.7931 0 01 0 -0 0 0 0 -0 0 0 0 -0 0 18.9983 47.1692 32.1897 307.047 
0.00316530651088349447 0.700719 0 190379 21.548 21.4084 16.7257 0 01 0 0 0 0 0 0 0 0 0 0 0 26.1437 55.7309 78.5762 303.082 
0.00316530651088349447 1.51242 0 63111 21.6082 21.4672 16.7484 0 01 0 0 0 0 0 0 0 0 0 0 0 17.9119 44.8683 58.7445 149.977 
0.00316530651088349447 1.5647 0 172139 21.7289 21.585 16.8017 0 01 0 0 0 0 0 0 0 0 0 0 0 7.71764 40.2986 0 50.8042 
0.00316530651088349447 1.77484 0 143717 21.9963 21.8457 16.9075 0 01 0 0 0 0 0 0 0 0 0 0 0 3.48349 24.3947 0 0 
0.00316530651088349447 1.82558 0 150319 21.8709 21.7236 16.8586 0 01 0 0 0 0 0 0 0 0 0 0 0 10.8172 23.5393 0 1.1989 
0.00316530651088349447 2.35028 0 147298 21.7574 21.6128 16.8111 0 01 0 -0 0 0 0 -0 0 0 0 -0 0 2.3075 14.1278 0 3.19117 
0.00317960184755904747 0.228983 0 34929 21.5077 21.3689 16.7068 0 01 0 0 0 0 0 0 0 0 0 0 0 6.99056 13.7046 177.089 1280.44 
0.00317960184755904747 1.89629 0 150526 21.52 21.381 16.7108 0 01 0 0 -0 0 0 0 -0 0 0 0 -0 3.72973 11.3489 5.65915 36.3766 
0.00319032860404988442 2.11631 0 139643 0.311898 21.4027 18.7956 0 01 0 0 0 0 0 0 0 0 0 0 0 2.07575 6.22894 0 2.31758 
0.00326000906099935218 0.236662 0 61834 21.0137 20.8862 16.4864 0 01 0 0 -0 0 0 0 -0 0 0 0 -0 15.9194 33.5403 553.321 1802.33 
0.00326000906099935218 0.244614 1 2133 0 21.1168 16.5932 0 0 1 0.0110108 0.0304308 -0.0270907 0 0 0 0 0 0 0 0 15.9194 33.5403 553.321 1802.33 
0.00326000906099935218 0.476785 0 74169 21.2241 21.0921 16.5813 0 01 0 0 0 0 0 0 0 0 0 0 0 22.5511 46.5769 146.168 1227.64 
0.00326000906099935218 0.768869 0 125439 21.3014 21.1676 16.6157 0 01 0 0 0 0 0 0 0 0 0 0 0 14.3813 40.9215 0 205.215 
0.00326000906099935218 0.941607 0 203034 0.604386 14.2797 12.2739 0 17.2811 0.572432 17.1861 1.71552 0 0 0 0 0 0 0 0 12.1969 47.8743 0 167.146 
0.00326000906099935218 1.11232 0 74810 21.3199 21.1856 16.6241 0 01 0 0 0 0 0 0 0 0 0 0 0 15.795 35.9916 86.2951 272.531 
0.00326000906099935218 1.17296 0 13778 21.0531 20.9248 16.5065 0 01 0 0 0 0 0 0 0 0 0 0 0 11.6251 29.0849 0 2.66404 
0.00326000906099935218 1.57282 0 161127 21.1922 21.0608 16.5678 0 01 0 0 0 0 0 0 0 0 0 0 0 10.9295 28.0466 0 6.51487 
0.00327385425073436999 0.97114 0 164300 20.9292 20.8036 16.4476 0 01 0 0 -0 0 0 0 -0 0 0 0 -0 0.977238 2.92367 0 0 
0.00327385425073436999 3.44257 0 199578 20.9148 20.7895 16.4415 0 01 0 -0 0 0 0 -0 0 0 0 -0 0 3.39985 7.30062 0 0 
0.0033510423005311896 0.144909 0 52009 20.6358 20.5168 16.3119 0 01 0 0 0 0 0 0 0 0 0 0 0 12.7324 24.6901 1105.88 2710.45 
0.0033510423005311896 0.151802 0 23718 20.5115 20.3951 16.2549 0 01 0 0 0 0 0 0 0 0 0 0 0 12.7324 24.6901 1105.88 2710.45 
0.0033510423005311896 0.811129 0 98571 20.554 20.4368 16.274 0 01 0 0 -0 0 0 0 -0 0 0 0 -0 17.7904 46.1702 17.4329 475.463 
0.0033510423005311896 0.865388 0 33876 20.5916 20.4736 16.2923 0 01 0 0 0 0 0 0 0 0 0 0 0 11.2185 42.2179 0 479.87 
0.0033510423005311896 1.37547 0 163707 20.5744 20.4567 16.2842 0 01 0 0 0 0 0 0 0 0 0 0 0 6.76429 32.7427 0 170.304 
0.0033510423005311896 1.74156 0 171741 20.7738 20.6518 16.3757 0 01 0 0 0 0 0 0 0 0 0 0 0 13.9273 38.4386 0 603.863 
0.00346263763498902508 0.0959791 0 17368 20.3403 20.2273 16.1718 0 01 0 0 0 0 0 0 0 0 0 0 0 13.8659 32.5235 1318.35 2345.98 
0.00346263763498902508 0.333497 0 144527 0 33.166 18.0227 0 7.500881 -7.11603 -1.30604 1.97979 0 0 -0 0 0 0 -0 0 21.8936 50.8168 1053.64 1781.73 
0.00346263763498902508 0.546722 0 29294 20.3085 20.1962 16.1566 0 01 0 0 0 0 0 0 0 0 0 0 0 24.9054 63.3302 570.228 938.865 
0.00346263763498902508 0.590813 1 205885 13.5601 11.7158 7.82397 0 0 2 0.354443 115.282 -28.4295 0 0 0 0 0 0 0 0 28.3071 63.6609 287.087 810.588 
0.00346263763498902508 0.646438 0 44830 20.2644 20.153 16.1326 0 01 0 0 0 0 0 0 0 0 0 0 0 19.0991 59.3506 289.507 650.716 
0.00346263763498902508 0.91849 0 151331 20.3561 20.2429 16.1792 0 01 0 0 0 0 0 0 0 0 0 0 0 21.9986 51.3815 3.78608 80.3382 
0.00346263763498902508 0.94506 0 82874 20.4299 20.3152 16.2148 0 01 0 0 0 0 0 0 0 0 0 0 0 21.7388 54.8119 63.1596 326.973 
0.00346263763498902508 1.42789 0 143635 20.4154 20.301 16.2083 0 01 0 -0 0 0 0 -0 0 0 0 -0 0 9.89666 49.3445 0 101.449 
0.00346263763498902508 1.50929 0 148444 20.3789 20.2653 16.1915 0 01 0 0 -0 0 0 0 -0 0 0 0 -0 18.1839 54.4111 0 113.763 
