#1:time #2:r #3.binary? #4:ID #5:zams_m #6:m_progenitor #7:bh mass #8:bh_spin #9:birth-kick(km/s) #10-25:vsarray
0.00245634517464336398 0.298921 1 62090 0 36.9142 33.2228 0 0 1 0.188179 0.693573 -0.185884 0 0 0 -0 0 0 0 -0 7.61449 20.5323 1184.4 2680.83 
0.00247437346098734355 0.125454 1 439248 0 35.9198 32.3278 0 0 1 0.0254649 0.185297 -0.561891 0 0 0 -0 0 0 0 -0 8.08987 12.1487 4846.29 8137.78 
0.00247983833260727402 0.197727 1 246404 0 36.2908 32.6617 0 0 1 0.0370868 0.217926 0.356687 0 0 0 0 0 0 0 0 9.08591 16.2114 1154.95 3704.13 
0.00247983833260727402 0.648322 1 73525 0 37.3491 33.6142 0 0 1 -0.394187 -0.230839 -0.377663 0 0 0 0 0 0 0 0 3.84867 12.1796 0 138.961 
0.00249396617948753575 0.448108 0 302244 143.97 46.0473 41.4426 0 01 0 -0 0 0 0 -0 0 0 0 -0 0 4.33277 10.0685 118.599 643.062 
0.00249791739339130575 0.815236 0 396505 141.989 45.815 41.2335 0 01 0 0 0 0 0 0 0 0 0 0 0 2.44895 10.5665 0 172.01 
0.00249967537446020571 0.218731 0 428379 0.288699 45.8311 41.248 0 01 0 0 0 0 0 0 0 0 0 0 0 5.62896 11.2555 1075.19 1983.98 
0.00250501090164751902 0.104314 0 452643 0.779374 43.7791 39.4012 0 01 -0 0 0 0 -0 0 0 0 -0 0 0 9.77104 16.8175 5250.79 10532.6 
0.00250501090164751902 0.685884 1 40380 0 36.3663 32.7297 0 0 2 -0.0676815 -0.350771 0.736143 0 0 -0 0 0 0 -0 0 4.85611 19.3568 0 1088.3 
0.00250878059083244976 0.297376 0 100504 1.30127 45.3137 40.7823 0 01 0 0 0 0 0 0 0 0 0 0 0 4.5786 13.4122 650.715 2116.33 
0.0025127582970529876 0.455318 0 474744 0.111855 46.884 42.1956 0 01 0 0 0 0 0 0 0 0 0 0 0 5.51992 12.3925 248.93 258.235 
0.00251766638535700282 1.15109 0 321417 134.348 46.14 41.526 0 01 0 0 0 0 0 0 0 0 0 0 0 0 3.41103 0 0 
0.00252781339916865414 0.159289 0 1230 0.47266 45.9811 41.383 0 01 0 0 -0 0 0 0 -0 0 0 0 -0 1.51026 5.1125 0 353.644 
0.00253523804846245973 0.448182 0 453367 0.304129 44.7073 40.2365 0 01 0 0 0 0 0 0 0 0 0 0 0 4.81185 12.7027 0 542.479 
0.00253523804846245973 0.757393 0 436149 0.203686 46.4056 41.765 0 01 0 0 -0 0 0 0 -0 0 0 0 -0 5.32725 11.438 364.34 420.42 
0.00253846906242958864 0.369179 0 632636 0.254146 45.7962 41.2166 0 01 0 -0 0 0 0 -0 0 0 0 -0 0 3.87129 9.93918 0 335.681 
0.00254497844384102365 2.14647 0 362931 125.318 46.4798 41.8319 0 01 0 0 0 0 0 0 0 0 0 0 0 0 2.16078 0 0 
0.00255290745821425483 0.176341 1 458433 0 45.3325 40.7993 0 0 2 -0.0401292 0.0864051 -0.0373382 0 -0 0 0 0 -0 0 0 7.0516 12.3919 1128.54 6620.25 
0.00255462574766141155 0.271483 1 175727 0 36.5137 32.8623 0 0 1 0.201662 0.655259 -0.253707 0 0 0 0 0 0 0 0 3.82491 10.4704 1564.22 1629.38 
0.00256764935668217075 0.205819 0 119279 118.641 46.4154 41.7739 0 01 0 0 0 0 0 0 0 0 0 0 0 6.44635 13.7886 536.699 2575.39 
0.00257610638423836106 0.134576 1 34504 0 36.3226 32.6904 0 0 1 0.230758 -0.249894 0.679873 0 0 0 0 0 0 0 0 7.516 14.7202 2073.32 4966.16 
0.00259258569923669384 0.15065 1 472693 0 45.4456 40.901 0 0 2 -0.00806395 0.00989225 0.0157519 0 -0 0 0 0 -0 0 0 7.94236 13.64 3547.96 10450.9 
0.00259655722702423859 0.147884 1 10657 0 36.287 32.6583 0 0 1 0.0128664 -0.633753 0.413786 0 0 0 0 0 0 0 0 8.53096 13.9372 2299.59 5178.76 
0.00259655722702423859 0.651441 0 281701 112.129 46.4096 41.7687 0 01 -0 0 0 0 -0 0 0 0 -0 0 0 1.95186 11.0734 0 0 
0.00259892955236222349 0.632867 0 268677 111.171 46.283 41.6547 0 01 0 0 0 0 0 0 0 0 0 0 0 5.04582 11.3808 64.1097 227.396 
0.00260474382354070793 0.166169 1 64926 0 38.4537 34.6083 0 0 1 0.402014 -0.109035 -0.747981 0 0 0 0 0 0 0 0 8.05012 14.6859 3805.58 9437.12 
0.00260640408881268127 0.360095 1 48757 0 36.2754 32.6479 0 0 1 -0.137195 0.746994 -0.00604676 0 0 0 0 0 0 0 0 2.17607 8.76673 0 168.365 
0.00261089769601996046 0.355693 0 600134 0.256806 45.9838 41.3855 0 01 0 0 0 0 0 0 0 0 0 0 0 7.61079 15.2089 1057.26 2440.25 
0.00261582593966509661 0.113423 1 34242 0 35.6819 32.1137 0 0 1 -0.295654 0.158663 -0.783644 0 0 0 -0 0 0 0 -0 6.64888 12.7102 2335.18 6341.28 
0.00261582593966509661 0.318146 0 527819 0.521464 45.5707 41.0136 0 01 -0 0 0 0 -0 0 0 0 -0 0 0 4.96421 10.3132 460.945 582.935 
0.00262247277279651974 0.464675 0 265082 106.957 45.9813 41.3832 0 01 -0 0 0 0 -0 0 0 0 -0 0 0 8.84293 17.7023 117.315 695.654 
0.00262247277279651974 1.29583 0 332286 106.732 45.8856 41.297 0 01 0 0 0 0 0 0 0 0 0 0 0 5.10676 10.2215 0 0 
0.0026374452184039659 0.157959 1 569723 0 35.826 32.2434 0 0 1 0.242409 -0.133583 0.788045 0 0 0 0 0 0 0 0 6.12437 13.3318 823.898 6824.35 
0.00264211203278886999 0.194482 1 9424 0 34.1331 30.7198 0 0 1 -0.0070203 -0.0950682 0.492542 0 -0 0 0 0 -0 0 0 4.39653 12.5731 86.1017 714.476 
0.00264946051208938323 0.295344 1 297104 0 33.6195 30.2575 0 0 1 0.213623 -0.506481 0.187267 0 0 -0 0 0 0 -0 0 2.40112 8.14593 568.591 1388.6 
0.00265835368215955239 0.272473 0 217686 100.932 43.3422 39.0079 0 01 0 0 0 0 0 0 0 0 0 0 0 10.1859 20.4797 589.084 1124.66 
0.00266479427645306775 2.06211 0 381331 98.9901 42.2587 38.0328 0 01 0 0 0 0 0 0 0 0 0 0 0 0 2.06211 0 0 
0.0026693294435558841 0.196179 0 213487 0.135951 33.306 29.9754 0 01 0 0 0 0 0 0 0 0 0 0 0 6.21525 12.564 1893.89 3612.67 
0.0026693294435558841 0.497602 0 359428 98.4291 42.0021 37.8019 0 01 0 -0 0 0 0 -0 0 0 0 -0 0 1.99946 7.94509 228.149 228.149 
0.00267812347347329499 0.130462 0 306326 0 40.1335 36.1201 0 01 0 0 0 0 0 0 0 0 0 0 0 9.37617 15.443 3926.07 9612.24 
0.00267812347347329499 1.19089 0 338933 97.2335 41.3319 37.1987 0 01 0 0 0 0 0 0 0 0 0 0 0 4.82972 8.43246 0 0 
0.00268375234828474498 0.559346 0 206747 96.1646 40.7765 36.6989 0 01 0 -0 0 0 0 -0 0 0 0 -0 0 2.2663 9.02273 0 118.88 
0.00268696760853014138 0.203067 1 450590 0 33.9173 30.5256 0 0 1 0.256715 0.651829 0.479557 0 0 0 0 0 0 0 0 7.11004 11.2118 2029.22 2723.07 
0.00268696760853014138 0.359222 1 242650 0 32.3527 29.1175 0 0 1 -0.139185 -0.785506 0.191978 0 -0 0 0 0 -0 0 0 4.01983 8.45555 2.26624 596.573 
0.00268696760853014138 0.923565 0 345768 95.6185 40.4958 36.4463 0 01 0 0 0 0 0 0 0 0 0 0 0 2.74499 5.49622 0 123.072 
0.0026912703595371552 0.40225 0 295028 0.136809 39.7588 35.783 0 01 0 0 0 0 0 0 0 0 0 0 0 1.60057 7.12488 0 0 
0.00269507761191326717 1.08823 0 261806 94.5324 39.9229 35.9306 0 01 0 0 0 0 0 0 0 0 0 0 0 0 1.1046 0 0 
0.00270386999307165726 0.314383 0 168168 0.15494 39.4209 35.4788 0 01 0 0 0 0 0 0 0 0 0 0 0 8.49715 16.3628 734.315 1686.91 
0.00270984541287797162 0.14381 0 464169 0.217448 39.3735 35.4362 0 01 0 0 0 0 0 0 0 0 0 0 0 9.89562 14.5075 1993.45 5528.5 
0.0027109353928917077 0.263247 1 150155 0 31.3612 28.2251 0 0 1 -0.00594783 0.536115 0.246655 0 0 0 0 0 0 0 0 3.68892 6.33816 1356.83 1405.53 
0.0027109353928917077 0.374681 0 481874 0.456497 38.8574 34.9716 0 01 0 0 0 0 0 0 0 0 0 0 0 1.46273 5.49075 0 0 
0.00272162248274962233 1.33828 0 301737 91.1998 38.1496 34.3346 0 01 0 0 0 0 0 0 0 0 0 0 0 2.6617 9.28231 0 0 
0.00272258872084356731 0.335025 0 538541 0.195937 37.9688 34.1719 0 01 0 0 0 0 0 0 0 0 0 0 0 2.36082 8.35294 0 103.157 
0.00272839701203514071 0.266353 0 480944 0.125959 37.9064 34.1158 0 01 0 0 0 0 0 0 0 0 0 0 0 10.1442 19.3704 1320.76 3019.79 
0.00273005040594448802 1.53275 0 345065 90.159 37.6587 33.8928 0 01 0 -0 0 0 0 -0 0 0 0 -0 0 1.50538 3.01529 0 75.4674 
0.00273636925764762914 0.22792 0 239750 0.112881 37.3746 33.6372 0 01 -0 0 0 0 -0 0 0 0 -0 0 0 10.845 19.38 344.35 2412.78 
0.00273636925764762914 0.352586 0 514672 52.7163 37.3954 33.6558 0 01 0 0 0 0 0 0 0 0 0 0 0 6.77047 18.9281 199.471 1056.14 
0.00273903909268263931 0.698805 0 301990 89.0787 37.0362 33.3326 0 01 0 0 0 0 0 0 0 0 0 0 0 0 9.87118 0 0 
0.00274203482892797961 0.221962 1 24087 0 29.8506 26.8655 0 0 2 -0.426211 -0.1611 0.433051 0 0 -0 0 0 0 -0 0 6.29146 12.6002 119.477 3044.64 
0.00274827536493485935 0.303198 0 425891 0.274415 36.6659 32.9993 0 01 0 0 0 0 0 0 0 0 0 0 0 3.01733 10.2873 386.786 656.114 
0.00275065296553810186 1.99323 0 292476 87.8142 36.4156 32.7741 0 01 0 0 0 0 0 0 0 0 0 0 0 4.00386 5.95874 0 0 
0.00275727225457211757 0.783595 0 732556 0 36.3344 32.7009 0 01 0 0 0 0 0 0 0 0 0 0 0 1.5462 9.37023 0 0 
0.00276065098528557613 0.638475 0 655758 0.422483 36.0431 32.4388 0 01 0 0 -0 0 0 0 -0 0 0 0 -0 1.91441 7.64827 0 100.732 
0.0027638141874963486 0.535662 0 487321 0 35.8612 32.2751 0 01 0 0 0 0 0 0 0 0 0 0 0 4.34783 13.5931 72.6486 142.774 
0.00276463892337392575 0.185829 1 159815 0 30.3112 27.2801 0 0 2 -0.102026 1.22128 -1.19776 0 0 0 0 0 0 0 0 2.29871 7.46345 681.869 2514.97 
0.00278238428870839069 0.184484 1 147898 0 29.9982 26.9984 0 0 1 0.389937 -0.594119 0.597901 0 0 -0 0 0 0 -0 0 13.532 20.8553 5630.47 10984.1 
0.00278238428870839069 0.200271 0 276984 84.596 34.7653 31.2887 0 01 -0 0 0 0 -0 0 0 0 -0 0 0 10.0809 19.232 492.097 3074.17 
0.00278238428870839069 0.435025 0 78203 85.2054 35.0437 31.5393 0 01 0 0 -0 0 0 0 -0 0 0 0 -0 8.53925 22.2111 347.451 968.16 
0.00278338193530906991 0.773165 0 574460 0.390049 34.6455 31.181 0 01 0 0 0 0 0 0 0 0 0 0 0 0.790023 3.13258 0 0 
0.00278338193530906991 0.777173 0 310574 84.2628 34.5484 31.0936 0 01 0 0 -0 0 0 0 -0 0 0 0 -0 0.790023 3.13258 0 0 
0.0027932944808948903 0.337688 0 248388 0.0924812 33.3653 30.0288 0 01 0 -0 0 0 0 -0 0 0 0 -0 0 6.82877 18.0733 97.4603 1083.75 
0.00280557609665869206 0.135101 0 440349 0.471231 34.0068 30.6061 0 01 0 0 0 0 0 0 0 0 0 0 0 7.76246 14.211 2143.17 7590.8 
0.00280813421811662231 2.42826 0 379198 81.8962 33.3512 30.0161 0 01 0 -0 0 0 0 -0 0 0 0 -0 0 0 0 0 0 
0.00281473797697107554 0.337887 1 122627 0 27.8626 25.0763 0 0 1 0.119409 -0.00292212 0.603822 0 0 -0 0 0 0 -0 0 2.36617 7.22228 0 21.9195 
0.00281670192133218981 0.931201 0 218214 81.2453 33.0746 29.7671 0 01 0 -0 0 0 0 -0 0 0 0 -0 0 0 4.60463 0 0 
0.00281670192133218981 1.03733 0 362265 81.1199 32.9817 29.6836 0 01 0 0 0 0 0 0 0 0 0 0 0 1.03563 3.09082 0 0 
0.00281882237726913598 0.309279 1 167048 0 32.9366 29.643 0 0 1 -0.137434 0.085708 0.195692 0 0 0 0 0 0 0 0 4.01447 8.61606 274.871 733.285 
0.00283138753844143932 0.178243 1 115918 0 27.009 24.3081 0 0 1 -1.509 -0.907827 -0.104009 0 0 0 0 0 0 0 0 12.4416 19.8081 3770.81 8810.25 
0.00283138753844143932 0.814084 0 219171 80.0316 32.445 29.2005 0 01 0 -0 0 0 0 -0 0 0 0 -0 0 4.02056 11.3175 0 0 
0.00283622341117934244 0.23155 1 59411 0 27.9659 25.1693 0 0 1 0.163927 0.233762 0.598166 0 0 0 0 0 0 0 0 8.88807 17.3462 1318.16 3326.24 
0.00283622341117934244 2.11692 0 395360 79.5825 32.2249 29.0024 0 01 0 0 0 0 0 0 0 0 0 0 0 4.19418 6.33386 0 0 
0.00283975294501804826 0.224188 0 161709 0.361339 31.6693 28.5023 0 01 0 0 0 0 0 0 0 0 0 0 0 6.08207 18.6425 1169.28 2087.19 
0.00283975294501804826 1.01628 0 283475 79.1005 31.9595 28.7635 0 01 0 -0 0 0 0 -0 0 0 0 -0 0 3.04199 11.0889 0 0 
0.00284702828602710232 0.0630761 1 235378 0 26.9099 24.2189 0 0 1 0.0582222 -0.429671 0.980499 0 0 0 0 0 0 0 0 8.62995 15.5815 1090.6 5142.52 
0.00284848310721431096 1.82808 0 366895 78.4317 31.5939 28.4345 0 01 0 -0 0 0 0 -0 0 0 0 -0 0 3.63101 7.30282 0 219.915 
0.00285283149064249637 0.68269 0 176470 78.0612 31.405 28.2645 0 01 0 -0 0 0 0 -0 0 0 0 -0 0 4.15841 10.3587 17.0473 92.6428 
0.00286355111185834571 0.135824 1 462429 0 31.0316 27.9285 0 0 2 -0.000435743 -0.0249546 0.0194496 0 -0 0 0 0 -0 0 0 4.01905 11.4539 630.201 2114.13 
0.00287221382227673128 0.265293 0 362975 76.5562 30.7171 27.6453 0 01 0 0 0 0 0 0 0 0 0 0 0 6.03883 14.9276 251.67 300.087 
0.00287640377060828425 1.03075 0 330344 76.1778 30.4987 27.4489 0 01 0 0 0 0 0 0 0 0 0 0 0 1.03628 1.03628 0 0 
0.00287640377060828425 3.123 0 389536 76.1127 30.4361 27.3925 0 01 0 0 0 0 0 0 0 0 0 0 0 0 3.02818 0 0 
0.00288755948661239929 0.181872 0 441460 0 30.0249 27.0225 0 01 0 0 0 0 0 0 0 0 0 0 0 8.21415 14.9093 3166.98 6374.48 
0.00289364533593657221 0.238196 0 102311 45.7057 29.4879 26.5391 0 01 0 0 0 0 0 0 0 0 0 0 0 10.5984 20.6963 1262.74 2296.21 
0.00291082943152614097 0.150574 1 152617 0 29.1913 26.2721 0 0 1 0.0230134 0.0222419 -0.000798503 0 0 0 0 0 0 0 0 10.4244 17.5663 3832.22 7239.5 
0.0029355524328823308 1.51271 0 328227 72.1206 28.4873 25.6385 0 01 0 0 0 0 0 0 0 0 0 0 0 1.52089 9.00878 0 0 
0.0029355524328823308 1.74763 0 369055 72.2816 28.5386 25.6847 0 01 0 0 -0 0 0 0 -0 0 0 0 -0 1.74642 5.24223 0 0 
0.00294280607252978606 0.15804 0 153939 0.121976 27.9151 25.1236 0 01 -0 0 0 0 -0 0 0 0 -0 0 0 5.92367 13.4755 1889.73 3721.58 
0.00295165142824276678 0.282811 0 205777 70.9066 27.8644 25.0779 0 01 0 0 0 0 0 0 0 0 0 0 0 1.0676 5.42854 0 0 
0.00295284847687240582 0.160718 0 114706 2.54035 27.7335 24.9601 0 01 0 0 0 0 0 0 0 0 0 0 0 3.44817 8.63188 438.565 1696.87 
0.00296187301088586411 0.809326 0 335995 70.2877 27.6052 24.8447 0 01 0 -0 0 0 0 -0 0 0 0 -0 0 0 2.47521 0 0 
0.00297666509783976437 0.186963 1 174664 0 27.2098 24.4888 0 0 2 0.0142167 0.0137785 -0.00588703 0 0 0 0 0 0 0 0 9.30293 16.7621 3578.47 6585.93 
0.00297666509783976437 0.348826 0 471259 0.217255 26.9851 24.2866 0 01 0 0 0 0 0 0 0 0 0 0 0 7.71773 16.8291 337.22 1201.37 
0.00297666509783976437 1.39645 0 372935 69.5046 27.2047 24.4842 0 01 0 0 0 0 0 0 0 0 0 0 0 0 8.41397 0 0 
0.00298446835573205763 0.313364 1 24013 0 23.3907 21.0517 0 0 1 0.0523858 0.792262 0.0665645 0 0 0 0 0 0 0 0 3.46718 9.82856 0 50.4321 
0.00299409122389126875 0.714883 0 497106 0.335071 26.7262 24.0536 0 01 0 0 0 0 0 0 0 0 0 0 0 1.43403 5.08468 0 0 
0.00300667682466123536 0.426275 0 233206 67.6307 26.3427 23.7085 0 01 0 0 0 0 0 0 0 0 0 0 0 5.28524 18.3151 337.249 765.183 
0.00301326075227277817 0.166177 0 196871 67.4387 26.2266 23.6039 0 01 -0 0 0 0 -0 0 0 0 -0 0 0 8.21649 15.4312 1576.77 5551.96 
0.00301326075227277817 0.197006 0 121014 0.749801 26.1327 23.5194 0 01 0 -0 0 0 0 -0 0 0 0 -0 0 8.21649 15.4312 1576.77 5551.96 
0.00303134506446688838 0.117855 1 549428 0 23.9401 21.5461 0 0 2 0.305019 0.227892 -0.503032 0 0 0 0 0 0 0 0 8.63475 15.9118 1766.09 5696.86 
0.00303412283909396292 0.0969904 0 71530 7.90491 25.3654 22.8288 0 01 0 0 0 0 0 0 0 0 0 0 0 6.25298 13.5025 1296.4 2782.98 
0.00304114092740268883 0.148399 1 585019 0 23.816 21.4344 0 0 1 0.29086 -0.208419 -0.898437 0 0 0 0 0 0 0 0 11.9317 19.6039 1996.77 6457.66 
0.00304114092740268883 0.161427 0 135413 0.440484 22.3295 20.0966 0 01 -0 0 0 0 -0 0 0 0 -0 0 0 11.9317 19.6039 1996.77 6457.66 
0.00304647763284152627 1.34342 0 234580 65.5664 25.2858 22.7573 0 01 0 0 0 0 0 0 0 0 0 0 0 5.40661 9.45947 0 141.335 
0.00305197218847161333 0.255531 1 111328 0 23.293 20.9637 0 0 2 0.701355 -0.179725 -0.22116 0 0 0 0 0 0 0 0 9.04821 18.8836 829.801 2290.51 
0.00305197218847161333 1.27267 0 150382 65.3114 25.1892 22.6702 0 01 0 -0 0 0 0 -0 0 0 0 -0 0 5.11399 12.7679 0 3.00411 
0.00305948239367978721 0.105385 1 430735 0 35.617 32.0553 0 0 1 0.0207166 -0.110529 0.438541 0 0 0 0 0 0 0 0 11.6758 21.4354 4725.67 7787.24 
0.00307452873678749992 0.108805 1 12700 0 22.4878 20.239 0 0 1 -0.211828 -0.98806 -0.0354595 0 0 -0 0 0 0 -0 0 12.6402 21.8169 2291.65 6807.52 
0.00307452873678749992 0.181562 1 11010 0 21.8355 19.6519 0 0 1 0.381231 0.887285 0.446889 0 0 0 0 0 0 0 0 12.6402 21.8169 2291.65 6807.52 
0.00307452873678749992 0.291659 0 310350 0.117631 24.3694 21.9325 0 01 0 0 0 0 0 0 0 0 0 0 0 12.5057 26.5225 1652.56 2194.12 
0.00308856600709126036 0.271138 1 88100 0 22.1096 19.8986 0 0 1 0.0727041 -0.28999 0.631967 0 0 0 0 0 0 0 0 3.9225 11.1574 0 431.892 
0.00308856600709126036 0.885957 0 325363 63.3838 24.2492 21.8243 0 01 0 0 0 0 0 0 0 0 0 0 0 1.76023 7.0769 0 0 
0.00309166719661297783 0.227971 1 177308 0 21.3934 19.254 0 0 2 0.622882 0.401162 -0.055693 0 0 0 0 0 0 0 0 6.68637 14.1131 416.899 676.964 
0.00309808629337430608 0.293248 0 37142 63.1007 24.1667 21.75 0 01 0 0 0 0 0 0 0 0 0 0 0 9.80283 19.1859 167.42 1128.98 
0.00309808629337430608 0.585152 0 584860 0.322418 24.1615 21.7453 0 01 0 0 -0 0 0 0 -0 0 0 0 -0 5.29391 15.3385 0 251.255 
0.00309808629337430608 0.69011 0 25684 63.0733 24.1399 21.7259 0 01 0 0 -0 0 0 0 -0 0 0 0 -0 2.03627 11.6138 0 0 
0.00310570652025983929 0.949879 0 166865 62.8942 24.045 21.6405 0 01 0 0 -0 0 0 0 -0 0 0 0 -0 3.73267 13.0854 0 0 
0.00311223209225811991 1.18863 0 295191 62.2835 23.7307 21.3576 0 01 -0 0 0 0 -0 0 0 0 -0 0 0 1.20666 6.02789 0 19.8121 
0.00313126833003366661 0.332742 0 181303 0.120397 23.2811 20.953 0 01 0 0 0 0 0 0 0 0 0 0 0 11.7344 26.2263 1033 1740.19 
0.00313126833003366661 0.935183 0 110778 61.5212 23.3992 21.0593 0 01 0 0 0 0 0 0 0 0 0 0 0 9.30777 23.3539 475.42 569.664 
0.00313322670814075504 2.34541 0 362298 61.3799 23.3315 20.9984 0 01 0 0 0 0 0 0 0 0 0 0 0 0 0 0 0 
0.00313657599634335673 0.131596 0 581145 0.286034 23.285 20.9565 0 01 0 -0 0 0 0 -0 0 0 0 -0 0 7.36629 13.9804 961.015 2636.37 
0.00313657599634335673 0.5159 0 445991 0.146979 23.9485 21.5536 0 01 0 0 0 0 0 0 0 0 0 0 0 4.14637 9.84231 0 0 
0.00313847378082372916 0.475852 0 164435 61.1483 23.1967 20.877 0 01 -0 0 0 0 -0 0 0 0 -0 0 0 1.86681 6.56259 0 45.8133 
0.00313847378082372916 0.642377 0 197790 61.1754 23.2491 20.9242 0 01 0 0 0 0 0 0 0 0 0 0 0 1.89596 8.25198 0 0 
0.00314691120770730498 0.249029 1 295960 0 23.1323 20.8191 0 0 2 -0.00334091 -0.00156662 0.0384677 0 0 0 0 0 0 0 0 10.6135 19.6742 1118.22 3176.21 
0.00314691120770730498 0.682613 0 269591 60.8854 23.074 20.7666 0 01 0 0 -0 0 0 0 -0 0 0 0 -0 9.55692 19.825 0 303.665 
0.00315672774142634026 0.136837 0 506708 0.321517 22.9876 20.6889 0 01 0 0 -0 0 0 0 -0 0 0 0 -0 11.3999 19.5719 2431.66 6844.26 
0.00315672774142634026 0.357482 0 527024 0.17968 22.8892 20.6003 0 01 0 0 0 0 0 0 0 0 0 0 0 8.80336 22.973 16.1893 2007.87 
0.00315672774142634026 1.27593 0 338207 60.5699 22.9243 20.6319 0 01 0 0 0 0 0 0 0 0 0 0 0 2.5549 7.63686 0 0 
0.00316917016740664477 0.299647 0 218505 59.8231 22.5768 20.3191 0 01 0 0 0 0 0 0 0 0 0 0 0 6.81334 16.6087 137.283 1905.79 
0.00317943767213936784 0.413172 0 176147 0.366361 22.4847 20.2362 0 01 0 0 -0 0 0 0 -0 0 0 0 -0 9.48318 22.2709 130.049 1054.3 
0.00317943767213936784 0.7328 0 371644 59.5776 22.4883 20.2394 0 01 0 -0 0 0 0 -0 0 0 0 -0 0 6.58247 16.0648 123.518 123.518 
0.00317943767213936784 1.11804 0 231968 59.6735 22.563 20.3067 0 01 0 0 0 0 0 0 0 0 0 0 0 5.63521 15.8022 0 1.4956 
0.00317943767213936784 1.29607 0 184514 59.5604 22.5122 20.2609 0 01 0 0 -0 0 0 0 -0 0 0 0 -0 3.87648 15.4132 0 53.0863 
0.00319655754766606532 0.746005 0 147276 58.7407 22.1334 19.92 0 01 0 0 0 0 0 0 0 0 0 0 0 3.02451 8.33916 0 5.38508 
0.00319742120960041752 0.146736 1 85265 0 22.1124 19.9012 0 0 1 -0.00816256 0.0601782 0.0211344 0 -0 0 0 0 -0 0 0 2.81347 8.36839 1068.73 1901.59 
0.00320194038465133196 0.480487 0 327684 58.6096 22.0159 19.8143 0 01 0 0 0 0 0 0 0 0 0 0 0 6.52758 18.7948 24.233 633.68 
0.00321492750662486773 0.725854 0 396909 58.0621 21.7843 19.6059 0 01 0 0 0 0 0 0 0 0 0 0 0 0.73604 7.34053 0 347.854 
0.0032240164911303648 0.40888 0 52253 57.7001 21.5953 19.4358 0 01 0 0 0 0 0 0 0 0 0 0 0 6.16513 17.0528 0 229.867 
0.00322622898175287586 0.814326 0 317807 57.5989 21.5466 19.3919 0 01 0 0 -0 0 0 0 -0 0 0 0 -0 0 4.02868 0 0 
0.00323010285610312274 1.07492 1 289012 57.5222 19.4461 17.5015 0 0 1 -3.17159 -1.8745 0.726708 0 0 -0 0 0 0 -0 0 3.19078 7.44934 0 0 
0.00323201525435660953 3.35752 0 291197 57.4143 21.4645 19.3181 0 01 0 0 0 0 0 0 0 0 0 0 0 0 0 0 0 
0.00324593320629985513 0.404756 1 317685 0 21.2953 19.1657 0 0 1 0.00637754 -0.0100179 0.000897087 0 0 0 0 0 0 0 0 6.65137 19.9494 150.378 750.927 
0.00324593320629985513 0.667721 0 243358 57.0413 21.2921 19.1629 0 01 0 -0 0 0 0 -0 0 0 0 -0 0 4.00088 13.9823 0 270.259 
0.00324593320629985513 1.6157 0 398758 57.0943 21.3569 19.2212 0 01 0 0 -0 0 0 0 -0 0 0 0 -0 0 4.88876 0 0 
0.00324831757207752958 1.00457 0 179664 56.8427 21.1992 19.0792 0 01 -0 0 0 0 -0 0 0 0 -0 0 0 1.00319 3.98797 0 0 
0.00325714262617194175 0.584836 0 383467 56.599 21.09 18.981 0 01 0 0 0 0 0 0 0 0 0 0 0 2.38391 13.032 0 169.531 
0.00326861338594786922 0.335752 0 506860 0.140522 20.9626 18.8663 0 01 0 0 0 0 0 0 0 0 0 0 0 5.79045 14.2574 277.868 658.587 
0.00328000880642256593 0.266655 0 13642 0.101626 20.6831 18.6148 0 01 0 0 -0 0 0 0 -0 0 0 0 -0 9.0574 21.5326 1067.97 2291.31 
0.00328506125618196988 0.684339 0 235966 55.6077 20.6379 18.5741 0 01 0 -0 0 0 0 -0 0 0 0 -0 0 5.50214 13.0618 212.778 212.778 
0.00328759167405033928 0.243379 0 128897 55.4251 20.5529 18.4976 0 01 0 0 -0 0 0 0 -0 0 0 0 -0 2.39098 8.48563 0 0 
0.00329436875510470163 0.534273 0 265002 55.269 20.5265 18.4738 0 01 0 0 0 0 0 0 0 0 0 0 0 2.73564 15.8965 3.40063 304.01 
0.00329436875510470163 1.79589 0 58352 55.3119 20.5007 18.4507 0 01 0 0 -0 0 0 0 -0 0 0 0 -0 1.75551 3.50499 0 0 
0.00331049069298088765 0.205457 0 10715 0.170878 20.2039 18.1835 0 01 0 0 -0 0 0 0 -0 0 0 0 -0 13.6287 22.4718 3316.54 6019.27 
0.00332267474884267652 0.264934 0 214436 0.458609 20.1005 18.0904 0 01 0 0 -0 0 0 0 -0 0 0 0 -0 9.32076 21.3721 798.273 2063.58 
0.00332267474884267652 1.63866 0 324126 54.2403 20.0669 18.0602 0 01 0 0 0 0 0 0 0 0 0 0 0 1.65134 3.29154 0 0 
0.00332799216773793519 0.21366 0 6409 0 19.9185 17.9267 0 01 0 0 0 0 0 0 0 0 0 0 0 11.9145 21.6326 1140.83 3582.91 
0.00332799216773793519 0.224601 1 28748 0 18.3293 16.4929 0 0 1 -0.643092 -0.639794 -2.46723 0 0 0 0 0 0 0 0 11.9145 21.6326 1140.83 3582.91 
0.00332799216773793519 0.405835 0 277897 54.1417 19.9703 17.9732 0 01 0 0 0 0 0 0 0 0 0 0 0 7.50386 20.461 324.839 772.952 
0.00332799216773793519 1.19981 0 381642 54.1803 19.9878 17.989 0 01 0 0 0 0 0 0 0 0 0 0 0 1.19211 6.02924 0 0 
0.00335682540646015581 1.68344 0 379809 53.2254 19.5889 17.63 0 01 0 0 0 0 0 0 0 0 0 0 0 0 1.73507 0 0 
0.0033736693144332721 0.213472 0 75494 0.324868 19.2903 17.3613 0 01 0 0 -0 0 0 0 -0 0 0 0 -0 7.84544 16.4386 684.875 2518.88 
0.0033736693144332721 0.25787 0 37483 1.66937 19.2832 17.3549 0 01 0 -0 0 0 0 -0 0 0 0 -0 0 7.84544 16.4386 684.875 2518.88 
0.00337688804986695148 0.227376 1 270680 52.7097 17.9051 16.1072 0 0 1 -0.936101 0.437387 1.08113 0 0 0 0 0 0 0 0 6.32015 17.4963 6.43838 1942.13 
0.00337968387464218731 0.168798 0 111644 0.181431 19.1142 17.2027 0 01 0 -0 0 0 0 -0 0 0 0 -0 0 6.42199 15.5757 2846.62 5730.73 
0.00338606125555984162 0.417207 0 306489 52.3269 19.1853 17.2668 0 01 0 0 0 0 0 0 0 0 0 0 0 7.20472 18.6293 0 379.739 
0.00338606125555984162 0.463528 0 77606 52.4339 19.245 17.3205 0 01 0 0 0 0 0 0 0 0 0 0 0 8.57236 18.0345 0 471.514 
0.00339292639873046325 0.501897 0 440642 0.0806835 19.1818 17.2636 0 01 0 0 0 0 0 0 0 0 0 0 0 6.00433 20.5866 0 165.305 
0.00339292639873046325 1.82013 0 235149 52.2635 19.1476 17.2328 0 01 -0 0 0 0 -0 0 0 0 -0 0 0 0 7.2497 0 0 
0.00339997322487935009 0.435057 0 44453 0.0816762 18.9876 17.0888 0 01 0 0 -0 0 0 0 -0 0 0 0 -0 8.93983 22.8054 39.011 272.021 
0.00340731203480420424 0.0838177 0 154047 51.7776 18.9231 17.0308 0 01 0 0 0 0 0 0 0 0 0 0 0 12.3874 22.7658 2540.62 5302.85 
0.00340731203480420424 0.199718 0 194166 51.865 18.9484 17.0536 0 01 0 0 -0 0 0 0 -0 0 0 0 -0 12.3874 22.7658 2540.62 5302.85 
0.00341044158909749534 0.463313 0 27716 0.0803326 18.8067 16.9261 0 01 -0 0 0 0 -0 0 0 0 -0 0 0 3.35997 13.3194 93.7535 163.555 
0.00341619421713353771 0.182355 0 56191 51.4257 18.754 16.8786 0 01 0 0 0 0 0 0 0 0 0 0 0 10.989 18.0342 2351.2 5227.8 
0.00342086062981340191 0.106843 0 361840 0.431201 18.7488 16.8739 0 01 0 0 0 0 0 0 0 0 0 0 0 10.0481 19.6586 2862.83 5763.81 
0.00342764639873236474 0.300972 0 74245 51.1709 18.6326 16.7689 0 01 0 0 0 0 0 0 0 0 0 0 0 8.93442 22.0741 57.698 1351.5 
0.00344129935709704257 1.45109 0 344057 50.9575 18.5315 16.6769 0 01 0 0 -0 0 0 0 -0 0 0 0 -0 1.41668 9.97546 0 0 
0.00345151479797285417 1.97743 0 359834 50.5153 18.3684 16.5285 0 01 0 0 0 0 0 0 0 0 0 0 0 1.9543 1.9543 3.67166 3.67166 
0.00346931034774964958 0.712326 0 185627 50.0487 18.1648 16.3434 0 01 0 0 0 0 0 0 0 0 0 0 0 1.44033 6.50698 0 154.609 
0.00348452023806607733 0.128253 0 89578 0.204962 17.9043 16.1065 0 01 0 0 0 0 0 0 0 0 0 0 0 9.37355 18.6457 3836.84 6164.79 
0.00349213376855445632 0.530919 0 510455 61.3019 18.1664 16.3448 0 01 0 -0 0 0 0 -0 0 0 0 -0 0 8.9631 19.5704 128.997 596.459 
0.00349824183745758984 1.44639 0 271044 49.4119 17.8753 16.0802 0 01 0 0 0 0 0 0 0 0 0 0 0 0 8.59121 0 0 
0.0035058275393171209 0.277972 0 54190 49.2892 17.7972 16.0091 0 01 0 0 0 0 0 0 0 0 0 0 0 9.04562 23.2486 49.5784 765.113 
0.0035058275393171209 0.368824 0 490905 0.123707 17.8068 16.0179 0 01 0 0 0 0 0 0 0 0 0 0 0 6.53358 16.6539 0 598.795 
0.00350975830563058202 0.16752 0 162029 0.204872 17.689 15.9108 0 01 0 0 0 0 0 0 0 0 0 0 0 9.14171 19.4096 3219.9 5305.57 
0.00350975830563058202 2.30203 0 314533 49.0375 17.7071 15.9272 0 01 0 0 0 0 0 0 0 0 0 0 0 2.3798 7.00665 0 0 
0.00350975830563058202 2.31805 0 361078 49.0859 17.6841 15.9064 0 01 0 0 0 0 0 0 0 0 0 0 0 2.3798 7.00665 0 0 
0.0035151871783073445 0.546578 0 256067 48.9333 17.6141 15.8427 0 01 0 0 0 0 0 0 0 0 0 0 0 3.88761 12.7963 0 56.197 
0.0035151871783073445 0.990305 0 116262 49.0266 17.6546 15.8795 0 01 0 -0 0 0 0 -0 0 0 0 -0 0 1.97651 7.90422 0 66.2606 
0.00351651420447703826 1.14775 0 328792 48.8904 17.6285 15.8558 0 01 0 0 0 0 0 0 0 0 0 0 0 2.291 2.291 0 359.566 
0.00352725341638469555 0.17079 0 157557 0.197313 17.5236 15.7605 0 01 0 0 0 0 0 0 0 0 0 0 0 7.24788 16.7659 2188.19 3300.94 
0.00352725341638469555 0.24488 1 519846 0.212709 17.5453 15.7802 0 0 2 0.00685323 0.00473233 -0.0259577 0 0 -0 0 0 0 -0 0 6.82913 17.1938 213.341 444.465 
0.00353908456292715981 0.474998 0 183290 48.3797 17.3776 15.6278 0 01 0 0 0 0 0 0 0 0 0 0 0 3.86419 12.532 0 53.9583 
0.00354505285442239214 0.156567 0 62226 48.302 17.3564 15.6086 0 01 0 0 0 0 0 0 0 0 0 0 0 11.8857 22.2537 2296.38 5082.05 
0.00355303330502365188 0.244579 0 27316 48.1001 17.2577 15.5189 0 01 0 0 -0 0 0 0 -0 0 0 0 -0 9.57722 21.3316 859.676 1286.68 
0.00356881545852306536 0.300182 0 164882 47.7203 17.0768 15.3546 0 01 0 -0 0 0 0 -0 0 0 0 -0 0 9.81709 22.2457 874.836 2161.91 
0.00357612082699075486 0.721607 0 244454 47.648 17.0585 15.338 0 01 0 0 0 0 0 0 0 0 0 0 0 5.74547 18.8411 0 14.7884 
0.00357998101347152195 0.167425 0 45741 0.189599 16.9595 15.2481 0 01 0 0 0 0 0 0 0 0 0 0 0 8.13151 19.3554 1276.39 3328.53 
0.00359059796715666254 0.888517 0 285251 47.225 16.8912 15.186 0 01 0 0 0 0 0 0 0 0 0 0 0 5.25793 18.4516 0 0 
0.00359713179303625162 1.16787 0 335674 47.1338 16.8028 15.1058 0 01 0 0 0 0 0 0 0 0 0 0 0 2.30407 10.3957 0 56.1608 
0.00359713179303625162 1.45577 0 384887 47.1598 16.8157 15.1175 0 01 0 0 0 0 0 0 0 0 0 0 0 5.73823 10.0231 10.1606 11.4724 
0.00359713179303625162 2.45764 0 392042 47.1703 16.8455 15.1446 0 01 -0 0 0 0 -0 0 0 0 -0 0 0 0 0 0 0 
0.00361122539848004152 0.224299 0 177060 46.786 16.6623 14.9783 0 01 0 0 0 0 0 0 0 0 0 0 0 14.9563 26.0138 739.212 2692.45 
0.00361122539848004152 0.328221 0 55710 46.9203 16.7514 15.0592 0 01 -0 0 0 0 -0 0 0 0 -0 0 0 11.0777 27.4092 358.97 951.264 
0.00361122539848004152 0.551452 0 239587 46.862 16.6813 14.9955 0 01 0 0 0 0 0 0 0 0 0 0 0 6.68738 18.4163 636.715 636.715 
0.00362071346929939124 0.607904 0 246886 46.5453 16.5459 14.8726 0 01 0 0 0 0 0 0 0 0 0 0 0 10.306 23.6472 0 275.213 
0.00362071346929939124 0.638078 0 282000 46.7004 16.6433 14.961 0 01 0 -0 0 0 0 -0 0 0 0 -0 0 10.7392 21.556 0 599.009 
0.00362071346929939124 1.25174 0 344190 46.6096 16.5725 14.8967 0 01 0 0 0 0 0 0 0 0 0 0 0 2.49876 15.1173 0 0 
0.00363330892390965887 0.149126 0 139943 3.2546 16.538 14.8654 0 01 0 0 0 0 0 0 0 0 0 0 0 15.5514 26.4886 4424.72 8161.64 
0.00363330892390965887 0.816059 1 335084 46.4154 15.4891 13.914 0 0 1 0.485976 2.60253 -0.739056 0 0 0 -0 0 0 0 -0 10.739 23.1501 0 293.568 
0.00364244180512631778 0.294316 0 144755 46.2284 16.4374 14.7741 0 01 0 0 0 0 0 0 0 0 0 0 0 13.7958 32.0852 536.879 1450.47 
0.00364244180512631778 0.654107 0 290261 46.1784 16.376 14.7184 0 01 0 0 0 0 0 0 0 0 0 0 0 7.21008 20.3095 51.3364 1029.86 
0.00364244180512631778 2.32348 0 334216 46.162 16.3705 14.7134 0 01 0 0 0 0 0 0 0 0 0 0 0 4.53909 9.18382 0 0 
0.00366424322182193948 0.133934 0 57888 0 16.208 14.566 0 01 -0 0 0 0 -0 0 0 0 -0 0 0 12.0295 20.8346 2308.87 5791.56 
0.00366424322182193948 0.261987 0 194155 45.6927 16.1729 14.5341 0 01 0 0 -0 0 0 0 -0 0 0 0 -0 11.7026 24.7344 313.788 1471.33 
0.00366424322182193948 1.51403 0 351864 45.7105 16.1897 14.5494 0 01 0 -0 0 0 0 -0 0 0 0 -0 0 4.44592 10.4279 52.8007 52.8007 
0.00367379040879190714 0.236958 0 63181 45.5723 16.1074 14.4747 0 01 0 0 0 0 0 0 0 0 0 0 0 12.0369 25.6968 515.358 2365.25 
0.00367379040879190714 0.447341 0 37829 45.571 16.1062 14.4736 0 01 0 0 0 0 0 0 0 0 0 0 0 10.5317 29.8035 447.454 966.525 
0.00367379040879190714 0.53568 0 146828 45.4911 16.0732 14.4437 0 01 0 0 0 0 0 0 0 0 0 0 0 7.51048 17.6912 57.2524 80.6773 
0.00368749424925277633 0.330046 0 58596 45.3218 15.9964 14.374 0 01 -0 0 0 0 -0 0 0 0 -0 0 0 10.299 23.048 601.946 1661.67 
0.00370619617187301423 0.0929232 1 417192 0 29.7417 26.7676 0 0 1 -2.54208 2.40568 18.0245 0 0 0 0 0 0 0 0 20.725 32.3465 5010.55 10323.5 
0.00370619617187301423 0.263518 0 245146 44.8596 15.7904 14.1872 0 01 0 0 0 0 0 0 0 0 0 0 0 16.515 29.4885 1485.23 3572.28 
0.00370619617187301423 0.375197 0 85683 44.9658 15.8581 14.2486 0 01 0 0 0 0 0 0 0 0 0 0 0 15.5969 38.0774 653.734 1505.33 
0.00370619617187301423 0.553214 0 60170 0.0985604 15.7542 14.1543 0 01 0 -0 0 0 0 -0 0 0 0 -0 0 21.9436 46.0891 285.615 644.444 
0.00373185192750007111 0.626572 0 303887 44.4687 15.6209 14.0335 0 01 0 0 0 0 0 0 0 0 0 0 0 8.2057 22.895 1.46641 895.527 
0.00374489487797102999 0.523697 0 120626 44.1948 15.5089 13.932 0 01 0 0 0 0 0 0 0 0 0 0 0 9.72867 22.0384 76.1624 346.803 
0.00374489487797102999 1.37195 0 361508 44.148 15.5077 13.9308 0 01 0 -0 0 0 0 -0 0 0 0 -0 0 4.12096 14.9292 0 6.39092 
0.00376160726743600318 0.429484 0 25648 43.9216 15.394 13.8278 0 01 0 0 0 0 0 0 0 0 0 0 0 7.7545 24.1242 0 367.061 
0.00376160726743600318 1.05349 1 322789 44.0079 14.4742 12.7054 0 0 1 1.70837 1.92128 -3.95117 0 0 0 0 0 0 0 0 6.3048 21.1422 305.878 318.908 
0.00376901835992148569 1.00894 0 20900 43.6574 15.2837 13.7278 0 01 0 0 0 0 0 0 0 0 0 0 0 2.00038 8.97317 0 0 
0.00377723041266769376 0.987191 0 284845 43.5769 15.2473 13.6948 0 01 0 0 0 0 0 0 0 0 0 0 0 3.97995 13.8856 0 0 
0.00377723041266769376 2.55008 1 398883 43.7001 14.5377 12.8493 0 0 1 2.1775 -2.5668 -1.36939 0 0 -0 0 0 0 -0 0 0 2.61397 0 0 
0.00378239324181338637 0.194227 0 68583 0.110699 14.9265 13.4042 0 01 0 -0 0 0 0 -0 0 0 0 -0 0 10.4525 18.5868 934.832 5624.52 
0.00378239324181338637 0.20376 0 83883 0.088549 15.195 13.6475 0 01 0 0 0 0 0 0 0 0 0 0 0 10.4525 18.5868 934.832 5624.52 
0.00378239324181338637 0.260147 0 85753 43.43 15.1626 13.6181 0 01 0 0 0 0 0 0 0 0 0 0 0 9.38572 20.3087 548.841 1211.15 
0.00378239324181338637 1.6693 0 150523 43.4831 15.1874 13.6406 0 01 0 0 0 0 0 0 0 0 0 0 0 0 1.70289 0 0 
0.00378879515111904368 0.298601 0 94719 0.0917779 15.1784 13.6324 0 01 0 0 -0 0 0 0 -0 0 0 0 -0 0 0 0 0 
0.00379733123655441335 0.175114 1 409609 0 36.3046 32.6742 0 0 2 -2.59274 -0.346897 1.45993 0 -0 0 0 0 -0 0 0 0 0 0 0 
0.00379733123655441335 1.53838 0 393629 43.1693 15.0499 13.516 0 01 0 0 0 0 0 0 0 0 0 0 0 1.5281 12.3254 0 0 
0.00381096204007589853 0.932635 0 386480 42.959 14.9747 13.4478 0 01 0 0 0 0 0 0 0 0 0 0 0 1.88289 7.53488 0 0 
0.00381691945707050839 0.224461 0 131772 42.8596 14.915 13.3938 0 01 0 0 -0 0 0 0 -0 0 0 0 -0 0 0 0 0 
0.00381691945707050839 0.671647 0 267239 42.8741 14.921 13.3993 0 01 0 0 -0 0 0 0 -0 0 0 0 -0 1.31352 8.53931 0 237.22 
0.00382870925384810705 0.307765 0 170070 42.6563 14.8548 13.3392 0 01 0 -0 0 0 0 -0 0 0 0 -0 0 0 0 0 0 
0.00383580464238885473 0.299703 0 68259 42.4999 14.802 13.2914 0 01 0 -0 0 0 0 -0 0 0 0 -0 0 10.4289 25.6878 222.346 1403.59 
0.00385999922270949909 2.65843 0 197910 42.2259 14.6813 13.1796 0 0.1544511 -0.00598796 0.148334 -0.0426167 0 0 0 -0 0 0 0 -0 5.61369 5.61369 0 0 
0.00388085457435888032 1.49485 0 364519 41.8438 14.4934 12.7488 0 3.421761 2.94316 1.16252 -1.30186 0 0 0 0 0 0 0 0 6.00763 10.5188 0 128.809 
0.00389454782726836183 0.863009 0 111014 41.6225 14.3757 12.4853 0 17.40491 3.26242 5.2597 -16.2672 0 0 0 0 0 0 0 0 7.73765 27.5773 59.3721 152.516 
0.00390979287942591017 0.131182 0 121054 41.5427 14.3424 12.4117 0 8.178281 -1.39534 -3.15502 -7.41506 0 0 0 0 0 0 0 0 0 0 0 0 
0.00390979287942591017 0.190318 0 78974 0.08291 14.2507 12.2107 0 37.52561 -27.6645 -2.37158 25.2432 0 0 -0 0 0 0 -0 0 0 0 0 0 
0.00390979287942591017 0.280655 0 4347 0.25684 14.3797 12.4942 0 11.18281 7.74363 2.74353 7.58717 0 0 0 0 0 0 0 0 18.3 35.072 1006.46 2528.44 
0.00390979287942591017 1.272 0 373672 41.3139 14.2767 12.2674 0 22.9511 21.7096 5.96423 4.45745 0 0 0 0 0 0 0 0 6.38021 17.8453 26.4649 26.4649 
0.00390979287942591017 1.42943 0 399060 41.5475 14.3465 12.4206 0 25.97211 -9.00442 24.3288 -1.25718 0 0 0 -0 0 0 0 -0 4.33419 17.3505 0 89.2749 
0.00390979287942591017 1.63506 0 344240 41.4003 14.327 12.3776 0 17.25811 16.0209 5.41036 -3.44953 0 0 0 0 0 0 0 0 3.2751 19.4282 0 5.85352 
0.00392121923431184866 0.762791 0 244533 41.1435 14.2037 12.109 0 23.58191 -23.2951 -3.33855 -1.51626 0 0 -0 0 0 0 -0 0 3.79146 15.9565 17.0657 17.0657 
0.00392773478071672868 1.60285 0 330060 41.0883 14.1528 11.9996 0 41.15961 -8.54516 40.2293 -1.64247 0 0 0 0 0 0 0 0 1.62016 3.25984 0 0 
0.00393954165348193476 0.29821 0 32996 0.159089 13.8789 11.4264 0 51.85951 -41.3656 17.5286 -25.9044 0 0 0 -0 0 0 0 -0 15.029 30.1124 296.972 1299.03 
0.00393954165348193476 0.97629 0 334260 41.0287 14.1532 12.0005 0 9.465281 7.92479 4.98309 -1.39931 0 0 0 0 0 0 0 0 4.86861 18.4573 0 356.363 
0.00394843593492194903 0.166401 0 6025 40.7768 14.0622 11.807 0 23.18181 -16.6001 -7.89708 -14.1233 0 0 -0 0 0 0 -0 0 0 0 0 0 
0.00394843593492194903 0.191632 0 51605 40.827 14.0423 11.7652 0 37.21511 -31.113 -5.39473 19.6936 0 -0 0 0 0 -0 0 0 0 0 0 0 
0.00394843593492194903 1.10799 0 252721 40.7212 14.046 11.7729 0 23.62531 -5.21101 -13.2929 -18.8229 0 -0 0 0 0 -0 0 0 6.5592 18.581 0 893.554 
0.00394843593492194903 1.95435 0 295464 40.7464 14.0084 11.6942 0 23.61541 22.9889 -3.6999 3.93823 0 0 -0 0 0 0 -0 0 0 2.01897 0 0 
0.00395929479633919546 0.584902 0 122995 40.6661 14.0446 11.77 0 46.0241 -43.0992 7.75347 -14.1616 0 0 0 0 0 0 0 0 4.13366 20.6827 120.161 400.496 
0.00396469550663987053 0.206663 0 5284 0.216486 14.0953 11.877 0 13.14911 3.27195 -10.2537 7.55341 0 0 -0 0 0 0 -0 0 0 0 0 0 
0.00396469550663987053 0.798046 0 189256 40.4504 14.1655 12.0267 0 26.00361 -18.182 -8.16044 -16.7035 0 0 -0 0 0 0 -0 0 3.14826 13.3864 0 204.301 
0.0039786812564481279 0.438908 0 22499 40.4457 14.1606 12.0162 0 24.89191 16.2669 -7.56346 -17.2565 0 0 0 -0 0 0 0 -0 11.7776 30.2113 144.896 458.393 
0.0039786812564481279 1.03261 0 205163 40.3764 14.1928 12.0854 0 31.35091 2.38294 -30.539 6.67604 0 0 0 0 0 0 0 0 7.22272 28.9458 36.5588 70.8401 
0.00398339070093161381 1.01609 0 255934 40.1963 14.2863 12.2885 0 9.99391 4.39304 4.7632 -7.60862 0 0 0 0 0 0 0 0 5.02506 12.0797 0 157.808 
0.00400265759327596282 0.119836 0 340616 0.209824 14.3862 12.5087 0 20.5071 -4.18234 -19.8729 -2.84884 0 0 -0 0 0 0 -0 0 15.6538 28.2072 3390.99 7727.51 
0.00400265759327596282 0.556274 0 207965 40.0184 14.3708 12.4745 0 6.590461 6.58585 -0.0386714 -0.243449 0 0 0 0 0 0 0 0 8.2279 29.4311 56.0698 134.61 
0.00400265759327596282 0.557176 0 195207 39.8973 14.4239 12.5927 0 19.73111 -13.6619 -13.8051 3.47652 0 0 -0 0 0 0 -0 0 6.25099 25.5469 3.0308 34.8168 
0.00401430332486077748 0.656436 0 219847 39.7453 14.4883 12.7372 0 10.48051 4.21477 0.435874 9.58575 0 0 0 0 0 0 0 0 12.6939 29.3691 12.8126 126.431 
0.00401430332486077748 1.24108 0 234722 39.7889 14.5204 12.8099 0 11.74111 -10.4266 0.985596 5.30747 0 0 0 0 0 0 0 0 8.71465 23.6277 398.345 427.037 
0.00402057443998722879 0.464898 0 185827 39.6373 14.5353 12.8437 0 3.882431 -3.08982 -2.33324 -0.286741 0 0 -0 0 0 0 -0 0 2.81646 9.33397 0 43.0077 
0.0040225248633171751 0.396627 0 264494 39.589 14.5226 12.815 0 14.4211 -4.45954 9.39341 -9.99214 0 0 0 -0 0 0 0 -0 2.39531 10.9864 0 261.331 
0.00402655770986686066 1.19182 0 191234 39.5368 14.5644 12.9101 0 4.594711 3.46249 -3.01324 0.20712 0 0 -0 0 0 0 -0 0 2.42294 6.03504 0 0 
0.00403831972384691238 0.733127 0 50618 39.3718 14.6285 13.0574 0 3.867121 3.84581 0.387838 0.118097 0 0 0 0 0 0 0 0 2.97753 12.61 0 13.1678 
0.00404059057839834847 1.1913 0 246436 39.3317 14.6101 13.0149 0 8.094541 7.74524 2.33837 -0.254675 0 0 0 -0 0 0 0 -0 2.42658 3.62067 24.0629 24.0629 
0.00404059057839834847 3.48638 0 398460 39.3299 14.6082 13.0105 0 4.36121 2.25296 3.50201 1.29624 0 0 0 0 0 0 0 0 0 0 0 0 
0.0040550324461798206 0.124374 0 209143 0.587461 14.3093 12.3389 0 17.26541 -17.2229 -1.20823 0.0584392 0 0 0 0 0 0 0 0 0 0 0 0 
0.0040550324461798206 0.258193 0 7823 0.0989142 14.5323 12.8371 0 10.08931 9.37235 -0.985732 3.60291 0 0 0 0 0 0 0 0 15.2024 32.2851 1721.32 3320.21 
0.00406160660935967616 0.629898 0 36465 39.0862 14.7262 13.2228 0 01 -0 0 0 0 -0 0 0 0 -0 0 0 4.94562 12.9788 224.83 515.418 
0.00406716300156880362 0.755845 0 222067 38.9746 14.7669 13.2597 0 01 0 0 0 0 0 0 0 0 0 0 0 2.30387 5.36804 0 0 
0.0040855214179183778 0.369883 0 170525 38.7956 14.7835 13.2747 0 01 0 0 0 0 0 0 0 0 0 0 0 11.6478 24.4865 525.977 1136.99 
0.00409551875793737457 0.159973 0 70798 0 14.7045 13.2032 0 01 0 0 -0 0 0 0 -0 0 0 0 -0 0 0 0 0 
0.00410338518682866037 0.419627 0 443355 0.232496 14.694 13.1936 0 01 0 0 0 0 0 0 0 0 0 0 0 6.57111 27.1239 303.69 1006.37 
0.00410338518682866037 0.853124 0 167586 38.5806 14.8663 13.3497 0 01 0 -0 0 0 0 -0 0 0 0 -0 0 4.2422 16.9141 0 0 
0.00410338518682866037 0.912922 0 303045 38.5069 14.8959 13.3765 0 01 0 0 0 0 0 0 0 0 0 0 0 7.37417 18.5193 0 8.90751 
0.00410664776558651318 0.672164 0 303941 38.4651 14.9188 13.3973 0 01 0 0 0 0 0 0 0 0 0 0 0 1.34833 6.02166 0 0 
0.00410664776558651318 1.75368 0 292985 38.4492 14.8822 13.3641 0 01 0 0 0 0 0 0 0 0 0 0 0 1.72702 3.47561 0 140.351 
0.00411284236958676247 0.0880763 0 79197 0.0895555 14.9142 13.3931 0 01 0 0 -0 0 0 0 -0 0 0 0 -0 7.23584 19.0303 1314.7 3568.11 
0.00411284236958676247 0.975825 0 307821 38.4061 14.9041 13.3839 0 01 -0 0 0 0 -0 0 0 0 -0 0 0 0 4.88821 0 0 
0.0041194123704831288 0.416523 0 159247 38.304 14.9472 13.4229 0 01 0 0 -0 0 0 0 -0 0 0 0 -0 7.38975 23.1875 340.063 400.524 
0.00412281993337212417 0.126103 0 36799 0.0913778 15.2906 13.7341 0 01 -0 0 0 0 -0 0 0 0 -0 0 0 0 0 0 0 
0.00413696347457083446 0.870077 0 261297 38.2168 15.0079 13.478 0 01 0 0 0 0 0 0 0 0 0 0 0 11.2617 28.6071 395.303 611.306 
0.00413696347457083446 0.930549 0 383571 38.192 14.9834 13.4558 0 01 0 -0 0 0 0 -0 0 0 0 -0 0 3.67196 17.5207 0 59.2231 
0.00414787130071623666 1.02961 0 299694 38.0255 15.1102 13.5706 0 01 0 0 0 0 0 0 0 0 0 0 0 5.24034 20.8174 3.36461 3.36461 
0.00415224223734458019 1.99166 0 372622 37.8862 15.1259 13.5849 0 01 0 0 0 0 0 0 0 0 0 0 0 0 1.99709 0 0 
0.00415224223734458019 3.13057 0 393305 37.8849 15.1321 13.5904 0 01 0 0 -0 0 0 0 -0 0 0 0 -0 0 0 0 0 
0.00417164736249389222 0.606335 0 87721 37.6852 15.1884 13.6415 0 01 0 0 0 0 0 0 0 0 0 0 0 5.40634 25.1847 82.7165 135.48 
0.00417449797339914351 0.0846911 1 159486 0 12.5923 9.08648 0 0 1 -11.4288 -4.19789 -6.63966 0 0 0 -0 0 0 0 -0 7.61895 16.5706 1101.51 3701.4 
0.00419398422889015899 0.68581 0 296006 37.4654 15.277 13.7218 0 01 0 0 -0 0 0 0 -0 0 0 0 -0 1.39861 10.4716 0 0 
0.00419398422889015899 2.18982 0 389515 37.471 15.317 13.758 0 01 0 -0 0 0 0 -0 0 0 0 -0 0 2.20799 6.71282 0 0 
0.00420427298756654005 0.558263 0 323235 0 15.373 13.8088 0 01 0 0 0 0 0 0 0 0 0 0 0 10.4574 24.7801 0 378.914 
0.00421743153851171157 0.321397 0 220037 37.2213 36.4555 13.8329 0 01 0 0 -0 0 0 0 -0 0 0 0 -0 0 0 0 0 
0.00422363348232607412 0.332613 0 270802 37.0947 15.2852 13.7567 0 01 0 0 0 0 0 0 0 0 0 0 0 7.89565 20.2895 567.738 1208.61 
0.00422363348232607412 0.857861 0 258580 37.0631 15.2704 13.7434 0 01 0 -0 0 0 0 -0 0 0 0 -0 0 0.839846 7.64764 0 0 
0.00425134365261057873 0.15924 0 144496 36.8656 36.1195 13.6962 0 01 0 0 0 0 0 0 0 0 0 0 0 0 0 0 0 
0.00425134365261057873 0.212642 0 24007 36.9311 36.1813 13.7279 0 01 0 0 0 0 0 0 0 0 0 0 0 0 0 0 0 
0.00425134365261057873 0.270652 0 582583 0.194738 15.2671 13.7128 0 01 0 0 0 0 0 0 0 0 0 0 0 19.1256 39.3745 619.033 3979.34 
0.00425134365261057873 0.29883 0 58537 36.8577 36.112 13.6985 0 01 0 0 0 0 0 0 0 0 0 0 0 24.423 47.2876 1191.03 3516.11 
0.00425134365261057873 0.359109 0 149543 36.7563 36.0162 13.6487 0 01 0 0 0 0 0 0 0 0 0 0 0 12.0438 32.9381 29.524 306.768 
0.00425751922776338582 0.268284 0 62469 0.437175 15.1432 13.6005 0 01 0 0 0 0 0 0 0 0 0 0 0 9.26017 23.0433 897.834 1764.57 
0.00426448711306114288 1.29966 0 201617 36.6365 35.903 13.5671 0 01 0 0 -0 0 0 0 -0 0 0 0 -0 2.57358 10.3545 0 0 
0.00428496223765567445 0.183414 0 143944 0.132747 35.7534 13.688 0 01 0 0 0 0 0 0 0 0 0 0 0 0 0 0 0 
0.00428496223765567445 0.755038 0 287422 36.441 35.7179 13.7314 0 01 0 -0 0 0 0 -0 0 0 0 -0 0 11.1713 29.8623 0 868.391 
0.00429404411186183176 0.285514 0 244983 36.3481 35.6301 13.8283 0 01 0 -0 0 0 0 -0 0 0 0 -0 0 11.4903 26.4666 137.327 842.665 
0.00432400226022819703 0.117689 1 432644 0 34.7716 31.2944 0 0 1 -0.280636 0.0972619 0.326923 0 0 0 0 0 0 0 0 11.2572 21.8975 1660.5 6110.61 
0.00432400226022819703 0.813541 0 211996 35.9461 35.2499 14.2341 0 01 -0 0 0 0 -0 0 0 0 -0 0 0 3.22426 17.6336 0 78.1308 
0.00432400226022819703 0.844457 0 198841 35.9894 35.2908 14.2218 0 01 0 0 0 0 0 0 0 0 0 0 0 4.26743 10.2186 38.5647 74.905 
0.00432819381308039222 0.603734 1 394698 35.9761 11.7103 7.81692 0 0 1 18.9669 9.37305 21.6139 0 0 0 0 0 0 0 0 2.37972 9.60577 0 25.0392 
0.00434175933810056029 0.0988823 0 52396 0.52959 35.2229 13.8671 0 01 0 0 0 0 0 0 0 0 0 0 0 14.1289 28.9767 2989.26 7010.39 
0.00434175933810056029 0.240419 1 128347 35.8955 11.32 7.34189 0 0 1 8.55548 -17.6359 -7.88265 0 0 0 -0 0 0 0 -0 17.7812 37.8256 934.526 4003.48 
0.00434175933810056029 0.303822 0 8274 3.28444 35.2596 13.5993 0 01 0 0 0 0 0 0 0 0 0 0 0 11.3105 31.6254 917.642 1319.71 
0.00434175933810056029 0.486585 0 242731 35.8408 35.15 14.3005 0 01 0 0 0 0 0 0 0 0 0 0 0 15.2461 37.507 47.919 807.682 
0.00434175933810056029 0.706488 0 186579 35.8192 35.1294 14.3826 0 01 0 0 0 0 0 0 0 0 0 0 0 11.149 32.1245 0 264.021 
0.00434175933810056029 0.812409 0 393168 35.7896 35.1014 14.3407 0 01 0 0 0 0 0 0 0 0 0 0 0 9.09917 27.2158 153.663 262.478 
0.00434175933810056029 2.90955 0 246660 35.8723 35.1798 14.326 0 01 0 0 0 0 0 0 0 0 0 0 0 0 5.54491 0 0 
0.00434933106004220527 0.116287 1 403854 0 25.1703 22.6532 0 0 2 7.41772 -0.888882 -18.2737 0 0 -0 0 0 0 -0 0 15.6619 28.4836 578.276 4903.32 
0.00434933106004220527 0.175176 0 90793 35.7125 35.0286 14.4975 0 01 0 0 0 0 0 0 0 0 0 0 0 0 0 0 0 
0.00434933106004220527 0.427081 0 102873 35.6821 34.9997 14.4994 0 01 0 0 0 0 0 0 0 0 0 0 0 9.13271 19.9148 341.293 702.805 
0.00436223100837442208 0.0887176 1 169315 0 12.3683 8.7383 0 0 2 115.91 -7.6691 -3.08767 0 0 0 -0 0 0 0 -0 14.8213 26.1523 2767.83 8346.93 
0.00436223100837442208 2.45492 0 382096 35.6012 34.9231 14.5702 0 01 0 0 0 0 0 0 0 0 0 0 0 0 2.39025 0 0 
0.00437528249497778909 0.765417 0 527077 0.097401 34.9772 14.2373 0 01 0 0 0 0 0 0 0 0 0 0 0 5.4425 12.4382 0 18.7601 
0.00438451265078153209 0.77097 0 310669 35.289 34.6272 14.7975 0 01 0 0 0 0 0 0 0 0 0 0 0 3.88337 21.7691 55.9042 58.1633 
0.00439309417446272308 0.226473 0 87366 35.2759 34.6148 14.8049 0 01 0 -0 0 0 0 -0 0 0 0 -0 0 12.6939 26.9862 1831.51 3407.16 
0.00439309417446272308 0.279989 0 57393 35.2741 34.6131 14.8052 0 01 0 0 0 0 0 0 0 0 0 0 0 12.6939 26.9862 1831.51 3407.16 
0.00439309417446272308 0.378921 0 191220 35.2742 34.6132 14.8051 0 01 0 0 0 0 0 0 0 0 0 0 0 8.81397 23.7509 253.232 905.983 
0.00439309417446272308 0.728934 0 218673 35.2491 34.5895 14.825 0 01 0 0 0 0 0 0 0 0 0 0 0 2.17821 10.9477 0 0 
0.00439309417446272308 2.18578 1 0 35.1696 12.4641 8.88505 0 0 1 24.8453 22.0756 -21.6153 1 22.6528 -15.1364 -1.40278 0 0 -0 0 4.33573 6.45945 0 0 
0.00439309417446272308 2.54615 0 316784 35.195 34.538 14.9558 0 01 0 0 0 0 0 0 0 0 0 0 0 0 5.05105 0 0 
0.00440486533435423874 0.565382 0 196116 35.192 34.5352 14.9583 0 01 0 0 0 0 0 0 0 0 0 0 0 7.18828 22.8372 44.6031 841.794 
0.00440486533435423874 0.808809 0 302817 35.1486 34.4939 14.997 0 01 0 0 0 0 0 0 0 0 0 0 0 12.8774 29.7496 0 356.122 
0.00442866929843773512 0.232717 0 165929 34.8882 34.2469 15.1743 0 01 0 0 0 0 0 0 0 0 0 0 0 10.5707 24.8718 326.99 1109.93 
0.00442866929843773512 0.952791 0 380007 34.8455 34.2065 15.2304 0 01 0 0 -0 0 0 0 -0 0 0 0 -0 0.958953 9.60198 0 17.3315 
0.00442866929843773512 1.5388 0 377351 34.8394 34.2007 15.2584 0 01 0 0 -0 0 0 0 -0 0 0 0 -0 1.52884 1.52884 0 105.707 
0.00443442713490494606 0.249588 0 137507 34.7929 34.1564 15.2134 0 01 0 0 0 0 0 0 0 0 0 0 0 8.8022 20.0616 645.071 1331.39 
0.00444156976678457358 0.226849 0 134648 0.190147 34.2911 14.3387 0 01 -0 0 0 0 -0 0 0 0 -0 0 0 10.1079 24.8028 412.133 1109.56 
0.00445023222970477271 0.25583 1 32995 0 13.1872 10.0964 0 0 1 -88.0108 -70.1712 33.8179 0 -0 0 0 0 -0 0 0 10.289 25.4246 87.9409 829.442 
0.00445639936054583168 1.21964 0 296138 34.5542 33.9294 15.4064 0 01 0 0 0 0 0 0 0 0 0 0 0 6.09425 12.1722 152.795 152.795 
0.00446070442216960072 0.895489 0 215195 34.5123 33.8896 15.4703 0 01 0 0 0 0 0 0 0 0 0 0 0 2.63984 13.1956 0 0 
0.00446070442216960072 1.27359 0 330567 34.5159 33.893 15.5118 0 01 -0 0 0 0 -0 0 0 0 -0 0 0 3.78784 7.57877 0 5.9442 
0.00447708060078554071 0.171391 0 38744 34.4193 33.8015 15.6012 0 01 0 -0 0 0 0 -0 0 0 0 -0 0 0 0 0 0 
0.00447708060078554071 0.306383 0 43247 34.425 33.8069 15.5391 0 01 0 0 0 0 0 0 0 0 0 0 0 14.0707 30.1465 188.644 1078.11 
0.00447708060078554071 0.332928 0 71669 34.3464 33.7323 15.5858 0 01 0 0 0 0 0 0 0 0 0 0 0 10.1072 23.7667 137.618 2252.14 
0.00448644038496114669 1.62463 0 213781 34.3295 33.7163 15.5964 0 01 0 0 0 0 0 0 0 0 0 0 0 1.65606 8.20522 0 0 
0.00449801953193508779 0.196523 0 446706 0.1466 46.0227 41.4205 0 01 0 0 0 0 0 0 0 0 0 0 0 0 0 0 0 
0.00451452324805610462 0.431782 0 386821 34.0314 33.4329 15.7798 0 1.653051 -1.59725 -0.420676 -0.0661646 0 0 0 0 0 0 0 0 8.3546 20.4408 0 382.1 
0.00452839578438612479 0.389706 0 334345 33.8645 33.2742 15.6958 0 2.267151 -2.26659 0.0295421 -0.0406859 0 0 0 0 0 0 0 0 15.7348 43.1815 411.978 711.209 
0.00452839578438612479 0.491481 0 306675 33.9768 33.3809 15.7384 0 4.87581 -4.86651 -0.268842 -0.135254 0 0 0 0 0 0 0 0 6.48067 27.6034 78.4441 449.094 
0.00452839578438612479 0.708965 0 202678 33.9515 33.3569 15.7605 0 6.519631 -6.5168 -0.190684 -0.0237371 0 0 0 0 0 0 0 0 13.3478 36.6112 4.89008 70.6198 
0.00453455643491733774 0.287096 0 237905 0.319168 33.2327 15.6998 0 8.419111 -3.60398 -7.08281 2.77966 0 -0 0 0 0 -0 0 0 8.91026 22.6982 1.01125 1025.18 
0.00454072750743146798 1.09999 0 589877 0.195398 33.5057 12.5321 0 0.136291 0.115363 -0.0129039 -0.0714136 0 0 0 0 0 0 0 0 6.54023 17.4104 0 360.133 
0.00456867249123246808 0.584144 0 363058 33.527 32.9536 15.6245 0 21.26441 -20.6024 -1.3642 5.08487 0 0 -0 0 0 0 -0 0 11.7548 29.8879 218.809 405.371 
0.00456867249123246808 1.04051 0 221647 33.4925 32.9206 15.5757 0 26.77181 12.4609 -18.4736 14.8386 0 0 0 0 0 0 0 0 2.04537 10.2597 0 0 
0.00458799493741308961 0.481566 0 17420 0.088124 32.8531 15.6096 0 21.26781 20.2494 -3.24324 5.63575 0 0 0 0 0 0 0 0 0 0 0 0 
0.00458799493741308961 0.722146 0 178115 0.33621 46.3965 41.7568 0 01 0 0 0 0 0 0 0 0 0 0 0 13.1727 33.6809 593.639 1171.73 
0.00458799493741308961 0.806067 0 195542 33.3682 32.8022 15.5673 0 9.012981 -0.609546 -8.14171 -3.8177 0 0 -0 0 0 0 -0 0 8.08764 29.9401 93.0664 186.665 
0.00460568740374825425 0.633004 0 149405 33.1739 32.6171 15.4538 0 18.66821 12.2011 -0.00591916 -14.1292 0 0 0 -0 0 0 0 -0 3.87294 16.6141 0 1.11123 
0.00460734855220141896 0.773014 0 140577 33.135 32.5801 15.4597 0 33.97791 31.2824 9.58563 9.16675 0 0 0 0 0 0 0 0 0 2.35065 0 0 
0.00461733820579188041 0.477073 0 138555 0.176221 32.5058 15.3875 0 17.02991 -14.2412 9.01177 -2.44847 0 -0 0 0 0 -0 0 0 10.4724 24.7604 177.099 571.42 
0.00461733820579188041 1.19292 0 342636 33.0787 32.5265 15.4427 0 39.35531 13.1394 6.95584 36.4392 0 0 0 0 0 0 0 0 2.38324 10.7403 0 0 
0.00461733820579188041 2.62298 0 378323 33.1048 32.5513 15.4191 0 54.79711 -48.2838 3.16 -25.718 0 0 0 0 0 0 0 0 7.71112 12.7822 0 16.7699 
0.00463079453233935893 0.743883 0 224265 32.946 32.4001 15.3428 0 34.02561 -2.70616 11.5694 31.8837 0 -0 0 0 0 -0 0 0 5.1177 18.3577 90.99 363.672 
0.00465611610755961407 0.368228 0 41308 32.768 32.2307 15.2274 0 15.1441 12.788 -8.05135 -0.991924 0 0 0 -0 0 0 0 -0 15.6834 36.6372 331.14 2107.44 
0.00465611610755961407 1.4817 0 296592 32.7839 32.2458 15.248 0 49.29461 -47.7623 -6.41108 10.3743 0 0 -0 0 0 0 -0 0 0 20.7538 0 0 
0.00465611610755961407 2.42261 0 362838 32.8024 32.2634 15.2674 0 41.84281 -32.6267 -21.8549 -14.4457 0 0 -0 0 0 0 -0 0 7.13357 7.13357 0 0 
0.00466237915730712774 0.771878 0 236025 32.6713 32.1384 15.1736 0 30.15111 2.84468 28.2827 -10.054 0 0 0 0 0 0 0 0 3.94494 12.5752 0 0 
0.00467679571023981149 1.12787 0 316050 32.5693 32.041 15.099 0 72.02521 -35.5269 46.2896 42.2226 0 0 0 0 0 0 0 0 1.11449 12.3327 0 8.78989 
0.00468723464666196202 0.420041 0 30052 0.112941 31.9267 15.0069 0 54.65121 -51.1047 -12.4201 -14.8594 0 -0 0 0 0 -0 0 0 6.33927 16.0539 115.317 121.217 
0.00468723464666196202 0.587869 0 213632 32.4818 31.958 15.0331 0 73.80221 -28.9905 -1.8581 -67.8444 0 -0 0 0 0 -0 0 0 6.46609 17.0739 284.718 532.555 
0.00468723464666196202 2.22475 0 350599 32.4505 31.9283 15.0087 0 53.32881 -15.0487 -21.303 46.5153 0 -0 0 0 0 -0 0 0 0 0 0 0 
0.00469983400686474831 0.101618 0 223846 32.3411 31.8237 14.9273 0 120.6321 70.6973 -49.4243 -84.3281 0 0 0 0 0 0 0 0 0 0 0 0 
0.00471436046260773067 0.369005 0 175769 32.2172 31.7052 14.8302 0 58.73081 52.7309 21.3781 -14.5512 0 0 0 -0 0 0 0 -0 15.6772 33.0684 0 813.409 
0.00471436046260773067 0.591858 0 107151 32.3059 31.79 14.899 0 24.84411 -22.2347 2.44944 10.8097 0 -0 0 0 0 -0 0 0 12.3441 36.5128 135.122 301.496 
0.00473602968619610265 0.149316 0 121925 0.147889 31.6122 14.7516 0 54.4711 -21.2989 35.7395 -35.1587 0 0 0 0 0 0 0 0 0 0 0 0 
0.00473602968619610265 0.336527 0 441996 0.0817837 32.0788 14.3305 0 11.37721 1.74055 -11.2423 0.147759 0 0 0 0 0 0 0 0 10.601 27.4087 307.244 634.954 
0.00474636050979375043 0.988797 0 139792 31.9889 31.4874 14.6465 0 25.91931 13.7634 12.4905 -18.0657 0 0 0 0 0 0 0 0 10.7712 26.3233 31.0872 130.074 
0.00474636050979375043 1.22678 0 276444 32.0268 31.5237 14.6796 0 57.40361 56.7179 5.90888 6.58294 0 0 0 0 0 0 0 0 6.1682 19.7565 45.6149 47.9013 
0.00475963632513021727 2.23752 0 370212 31.8537 31.3584 14.534 0 75.04791 53.6134 -1.23066 -52.5003 0 0 0 -0 0 0 0 -0 4.49962 8.91492 135.938 135.938 
0.0047725260442283016 0.180836 0 424485 0.245085 28.0986 25.2887 0 01 0 0 -0 0 0 0 -0 0 0 0 -0 0 0 0 0 
0.00479273936630925969 0.73316 0 194863 31.5906 31.1071 14.3136 0 84.05891 -75.9175 18.0843 -31.2313 0 0 0 -0 0 0 0 -0 5.1721 15.4833 0 125.685 
0.00480011889966338277 0.885053 0 334776 31.5332 31.0522 14.2662 0 91.47221 32.9608 70.2135 48.4852 0 0 0 0 0 0 0 0 3.55136 10.6732 0 222.278 
0.00480938584876224387 0.222042 1 502545 0 11.6533 7.74429 0 0 1 -52.2113 52.3443 -100.129 0 -0 0 0 0 -0 0 0 10.8909 24.0273 379.468 1579.16 
0.00480938584876224387 0.258052 0 15422 31.4974 31.0179 14.2343 0 112.5531 110.804 13.3641 14.5665 0 0 0 0 0 0 0 0 10.8909 24.0273 379.468 1579.16 
0.00480938584876224387 0.624687 0 291088 31.4867 31.0077 14.2247 0 117.871 -66.8699 -97.0031 3.49748 0 0 0 0 0 0 0 0 5.74238 22.2448 220.384 220.384 
0.0048245096237035422 0.113389 0 475686 30.8252 31.2119 14.2887 0 105.0071 -16.3146 16.6624 102.385 0 0 0 0 0 0 0 0 0 0 0 0 
0.00484361139979009193 0.285798 0 208370 31.2844 30.8143 14.0462 0 84.5231 -56.2199 -5.45805 -62.8782 0 0 0 -0 0 0 0 -0 14.4632 34.2528 217.691 1727.33 
0.00484361139979009193 0.333684 0 67849 31.2414 30.7732 14.0087 0 159.0991 156.922 -7.22733 -25.211 0 0 -0 0 0 0 -0 0 19.6196 45.1675 1129.68 2940.99 
0.00484361139979009193 0.495892 0 184947 31.2345 30.7665 14.0016 0 56.53251 46.8179 -2.12814 -31.6145 0 0 0 -0 0 0 0 -0 13.7254 41.2011 521.555 655.849 
0.00484361139979009193 0.538473 0 201977 31.3105 30.8392 14.0701 0 84.52481 14.9503 -82.2449 12.5179 0 0 0 0 0 0 0 0 13.9259 33.7502 238.187 951.7 
0.00484361139979009193 0.541927 0 66897 31.2341 30.7662 14.0013 0 114.1361 -29.967 -109.78 -8.79392 0 0 0 -0 0 0 0 -0 13.9259 33.7502 238.187 951.7 
0.00486639929506948489 0.10867 1 154920 31.2574 9.81136 6.00519 0 0 1 -7.88454 -14.613 -13.2526 0 0 -0 0 0 0 -0 0 20.5855 35.0664 4585.68 8814.02 
0.00486639929506948489 0.688971 0 300179 31.0381 30.5789 13.8217 0 150.3871 149.614 6.8838 13.5828 0 0 0 0 0 0 0 0 15.1681 42.8501 56.4367 179.724 
0.00487733258294132787 0.214793 0 34930 31.0161 30.5578 13.8017 0 88.54391 57.2592 -47.1678 -48.3384 0 0 -0 0 0 0 -0 0 0 0 0 0 
0.00487733258294132787 1.06622 0 304523 30.9467 30.4914 13.7371 0 53.36671 30.5888 29.3322 -32.4339 0 0 0 0 0 0 0 0 8.48895 26.6317 44.962 191.458 
0.00490202554035907862 0.156379 0 86848 0 30.375 13.6262 0 108.3031 107.398 0.192295 -13.969 0 0 0 -0 0 0 0 -0 0 0 0 0 
0.00490202554035907862 0.182679 0 450458 0.12246 30.6658 13.5831 0 153.731 109.599 99.2163 -42.1533 0 0 0 0 0 0 0 0 0 0 0 0 
0.00490202554035907862 0.184843 0 79775 30.7969 30.348 13.5971 0 99.35731 12.2598 -92.3256 -34.6058 0 0 0 0 0 0 0 0 0 0 0 0 
0.00490202554035907862 0.29995 0 52314 0.142788 30.3447 13.5948 0 72.93851 -68.9441 7.80829 22.4894 0 -0 0 0 0 -0 0 0 14.6392 37.4438 112.386 1740.38 
0.00490202554035907862 0.654626 0 177987 30.7625 30.3151 13.565 0 180.1891 29.3 157.86 81.793 0 0 0 0 0 0 0 0 14.2156 27.7337 51.1412 411.061 
0.00490202554035907862 0.730293 0 489754 0.144997 30.372 13.4905 0 82.06511 -72.8738 8.45897 -36.777 0 0 0 0 0 0 0 0 9.3405 25.8861 69.5236 738.742 
0.00491474940598859728 0.80997 0 59481 30.6952 30.2506 13.5017 0 158.9821 -158.69 6.79058 -6.84022 0 0 0 0 0 0 0 0 3.27213 16.3728 0 112.951 
0.00491474940598859728 0.815128 0 194475 30.6804 30.2364 13.4893 0 79.71831 -72.6686 1.72527 -32.7306 0 0 0 0 0 0 0 0 3.27213 16.3728 0 112.951 
0.00493344522851004667 0.438098 0 169885 30.6318 30.1899 13.4425 0 243.8431 -146.443 -97.5335 168.823 0 0 0 0 0 0 0 0 18.4288 41.5578 390.105 1507.88 
0.00493344522851004667 1.0956 0 132704 30.5626 30.1236 13.3762 0 93.92621 15.1098 89.3346 24.7619 0 0 0 0 0 0 0 0 6.6334 35.3861 0 0 
0.00493344522851004667 1.89427 0 253960 30.5912 30.151 13.4033 0 133.8271 -79.8143 -83.6931 67.3415 0 0 0 0 0 0 0 0 5.61284 20.6122 1.03908 1.03908 
0.00494948081237070805 0.198256 0 446774 1.80613 30.5084 13.8654 0 88.94351 -83.9985 -26.4588 -12.4555 0 0 0 0 0 0 0 0 17.5189 30.888 2115.81 6266.57 
0.00494948081237070805 0.647156 0 19678 30.5204 30.0833 13.3352 0 139.3111 -95.5971 100.009 16.3424 0 0 0 0 0 0 0 0 9.66619 32.8064 36.7465 158.766 
0.00494948081237070805 0.882365 0 263588 30.416 29.9834 13.2676 0 83.34671 31.0428 -65.9725 40.3813 0 0 0 0 0 0 0 0 8.71452 23.552 0 5.18088 
0.00494948081237070805 1.15914 0 304139 30.4969 30.0608 13.3111 0 104.061 88.8634 -54.0157 -3.74956 0 0 0 0 0 0 0 0 10.5247 30.4453 0 191.413 
0.00494948081237070805 1.85688 0 357743 30.4199 29.9871 13.2717 0 197.9021 136.816 -130.453 58.5527 0 0 0 0 0 0 0 0 1.85708 13.1228 0 1.54077 
0.00495864998666659118 0.492421 0 89901 30.3874 29.956 13.2506 0 177.4341 137.871 47.6381 -101.019 0 0 0 0 0 0 0 0 7.85586 27.8818 227.433 254.755 
0.00496997510003068486 0.225982 0 491343 0.102233 30.1285 13.3736 0 100.071 53.2154 -49.883 68.512 0 0 0 0 0 0 0 0 13.7093 27.0906 889.08 1901.86 
0.00497585610858112919 0.352789 0 71493 30.2655 29.8393 13.1437 0 98.2021 -69.8029 -68.2265 -10.7858 0 0 -0 0 0 0 -0 0 7.91076 20.0538 0 253.122 
0.00499259803722241005 0.537403 0 183892 30.1223 29.7021 13.0059 0 90.43211 88.8952 -7.77201 14.6695 0 0 0 0 0 0 0 0 14.7353 37.064 251.607 260.943 
0.0050046278653403534 0.447738 0 27397 30.0313 29.6147 12.923 0 270.9521 61.1676 189.878 183.357 0 0 0 0 0 0 0 0 8.33035 30.0222 77.4396 114.057 
0.0050046278653403534 0.450937 0 43108 30.0418 29.6249 12.9292 0 209.7551 -39.2266 -193.362 -71.2026 0 0 0 -0 0 0 0 -0 8.33035 30.0222 77.4396 114.057 
0.0050046278653403534 0.936346 0 291911 30.1002 29.681 12.9855 0 95.08341 -90.5673 0.220152 -28.9544 0 0 0 0 0 0 0 0 5.55424 24.1216 0 126.616 
0.00500702805521585116 0.61532 0 154589 30.0242 29.608 12.9139 0 85.4331 -51.1551 67.2503 -12.6237 0 0 0 0 0 0 0 0 1.86255 9.95637 0 0 
0.0050131421979005995 3.19891 0 387995 29.9841 29.5695 12.8729 0 115.1081 -92.3027 -68.1957 -8.90661 0 0 -0 0 0 0 -0 0 3.24929 3.24929 0 0 
0.00502442186091205459 0.300503 1 420953 0 16.5402 14.8674 0 0 2 -0.0166251 -0.00091561 -0.0139179 0 0 0 0 0 0 0 0 8.43635 22.3083 202.978 1419.74 
0.0050401014732843431 0.615408 0 292369 29.8038 29.3969 12.6956 0 201.2681 -156.657 -122.942 -29.2018 0 0 0 -0 0 0 0 -0 4.97018 16.7723 0 15.2858 
0.00505227419516285966 0.259071 0 86949 29.7502 29.3453 12.6426 0 63.52261 -41.9791 20.4127 43.0836 0 -0 0 0 0 -0 0 0 0 0 0 0 
0.00505227419516285966 0.49661 0 549259 0 29.6902 12.6055 0 152.1651 -152.146 -0.372698 -2.37271 0 0 0 -0 0 0 0 -0 11.8182 29.943 0 788.298 
0.00505227419516285966 1.31023 0 271389 29.7789 29.3729 12.672 0 129.8251 122.574 -3.96006 -42.5963 0 0 0 0 0 0 0 0 3.96618 22.5734 0 132.521 
0.00506401614799571916 0.268916 0 293121 29.6463 29.2457 12.5375 0 218.2961 -11.5986 184.751 115.696 0 0 0 0 0 0 0 0 9.33475 22.9227 15.331 762.074 
0.00506401614799571916 0.896653 0 274730 29.6653 29.264 12.5556 0 190.3981 173.585 77.6836 -9.21533 0 0 0 0 0 0 0 0 8.10244 16.2545 133.146 191.102 
0.00506401614799571916 1.76763 0 48688 29.678 29.2761 12.5681 0 103.3041 -59.4227 -78.1879 -32.0505 0 0 0 0 0 0 0 0 0 10.3983 0 0 
0.00506401614799571916 2.181 0 367285 29.6525 29.2517 12.544 0 106.3451 26.8089 98.4534 29.9565 0 0 0 0 0 0 0 0 2.20062 13.0117 2.7528 2.7528 
0.00507391022897397178 0.486212 0 289599 29.5754 29.1777 12.4641 0 46.2271 28.0857 -18.7276 31.5817 0 0 0 0 0 0 0 0 6.38751 21.1032 476.378 888.482 
0.0050790252787832205 1.56276 0 360776 29.5502 29.1534 12.4389 0 207.2381 -92.9935 -100.44 -155.601 0 -0 0 0 0 -0 0 0 6.21863 12.4509 0 0 
0.0050926755930953754 0.352406 0 153147 29.442 29.0496 12.3257 0 244.1781 -243.894 6.6976 9.69474 0 -0 0 0 0 -0 0 0 15.3 34.4719 874.936 2380.78 
0.0050926755930953754 1.51531 0 366867 29.4376 29.0453 12.3226 0 182.5521 -87.7598 148.708 -59.2415 0 0 0 -0 0 0 0 -0 4.52305 13.5426 0 0 
0.0050956770051348594 1.90351 0 392518 29.4353 29.0432 12.32 0 120.7431 -111.689 24.3053 38.906 0 0 0 0 0 0 0 0 0 1.91827 0 0 
0.00512589872968866652 0.534626 1 308982 29.3675 8.98061 8.04581 0 0 1 0.522256 -4.88796 -0.206214 0 0 -0 0 0 0 -0 0 9.83558 25.6255 0 637.503 
0.00512589872968866652 1.38048 0 335816 29.2236 28.8399 12.0998 0 197.2431 -194.437 -0.17959 33.1523 0 0 -0 0 0 0 -0 0 5.52304 16.4805 0 25.7503 
0.00512589872968866652 1.53628 0 152125 29.2841 28.8979 12.1623 0 113.2311 -97.1716 35.5893 -45.9599 0 0 0 0 0 0 0 0 0 9.32549 0 0 
0.00513049633095539852 1.41152 0 313243 29.2039 28.8211 12.0807 0 121.091 111.652 45.1922 12.423 0 0 0 0 0 0 0 0 0 5.65325 0 0 
0.0051372290391171662 2.02124 0 245884 0.194838 36.3132 32.6818 0 01 0 0 0 0 0 0 0 0 0 0 0 0 2.09884 0 0 
0.0051457573014208214 0.110754 0 6292 1.00815 28.7249 11.973 0 155.2691 103.552 -94.7115 -66.4462 0 0 0 0 0 0 0 0 0 0 0 0 
0.0051457573014208214 0.225385 0 19650 0.19285 28.7448 11.9976 0 109.9031 90.6221 27.2791 -55.8759 0 0 0 0 0 0 0 0 0 0 0 0 
0.0051457573014208214 0.497747 1 95010 29.1241 9.49386 8.50571 0 0 1 0.452016 2.90265 -1.27412 0 0 0 -0 0 0 0 -0 5.89635 20.7256 0 8.98387 
0.0051558697697843105 0.417371 0 54359 0.376842 29.5985 12.9047 0 71.88291 -6.53279 71.2096 -7.32618 0 0 0 -0 0 0 0 -0 7.79451 22.0934 0 266.403 
0.0051558697697843105 0.906686 0 353010 29.0679 28.6903 11.9372 0 226.0971 -35.7907 -219.134 42.65 0 0 0 0 0 0 0 0 4.56009 12.7384 109.266 396.156 
0.0051558697697843105 2.95929 0 387605 29.0408 28.6643 11.9093 0 120.3951 -118.68 20.1287 -2.17086 0 0 0 0 0 0 0 0 0 2.84856 0 0 
0.00517359495737080167 0.0420527 0 179360 0.464983 28.5614 11.7944 0 68.86241 -68.2225 -9.36363 0.183519 0 0 0 0 0 0 0 0 19.4451 34.2803 2285.9 7709.01 
0.00517359495737080167 0.247518 0 261741 29.0085 28.6333 11.8735 0 140.2071 116.556 -45.6037 -63.1892 0 0 0 -0 0 0 0 -0 17.407 37.6647 156.718 1479.66 
0.00517359495737080167 0.306357 0 185079 29.0216 28.6459 11.8861 0 119.9911 36.3699 53.9762 -100.805 0 0 0 0 0 0 0 0 18.2073 37.2957 262.16 1635.9 
0.00517359495737080167 0.708667 0 201415 28.9879 28.6135 11.8532 0 98.74311 60.0903 -66.9408 -40.7223 0 0 -0 0 0 0 -0 0 9.84273 32.3053 156.816 228.094 
0.00519287801443236129 0.316181 1 29137 28.8047 9.43938 8.4569 0 0 1 -0.336777 -1.32954 -2.94773 0 0 -0 0 0 0 -0 0 17.054 35.0794 902.503 2584.8 
0.00520241774321322358 0.268949 0 126118 28.7826 28.4163 11.6325 0 175.3131 -24.8401 171.293 -27.8636 0 -0 0 0 0 -0 0 0 10.4151 24.9389 1073.76 2192.78 
0.00520897038166985744 1.19874 0 321271 28.7216 28.3577 11.5662 0 243.7041 240.137 38.6483 -15.2349 0 0 0 0 0 0 0 0 3.53735 7.06834 0 0 
0.00521403894920552131 0.786414 0 239877 28.678 28.3158 11.5216 0 135.6841 -121.201 39.1092 46.8056 0 0 0 0 0 0 0 0 2.35235 9.34589 115.194 115.194 
0.00521403894920552131 1.11107 0 23097 28.6906 28.3279 11.5361 0 82.64021 73.5046 -37.224 6.39141 0 0 -0 0 0 0 -0 0 0 3.32037 0 0 
0.00524137089261115813 0.227176 0 61856 28.5407 28.1837 11.3725 0 177.3071 157.782 46.5622 -66.1414 0 0 0 0 0 0 0 0 0 0 0 0 
0.00524137089261115813 0.546906 0 264537 30.7762 28.1527 13.853 0 161.6931 -150.854 34.8081 46.6463 0 0 0 0 0 0 0 0 20.413 50.1544 31.5206 697.338 
0.00524137089261115813 1.03706 0 536220 0.0973435 28.4457 11.4563 0 80.56811 25.7899 -73.3015 -21.2836 0 0 0 0 0 0 0 0 10.1965 31.7682 335.104 335.104 
0.00524137089261115813 1.61749 0 248774 28.5498 28.1925 11.384 0 283.931 17.8579 -14.692 282.986 0 0 0 0 0 0 0 0 3.23566 21.2149 0 3.07837 
0.00524137089261115813 4.44311 0 332721 28.6521 28.2909 11.4941 0 177.861 -175.908 16.7463 20.2567 0 0 0 0 0 0 0 0 0 3.83472 0 0 
0.0052555855726864574 0.114542 0 9114 0.283922 28.3262 25.4936 0 01 0 0 0 0 0 0 0 0 0 0 0 10.8628 23.9675 1806.84 4000.89 
0.0052555855726864574 0.539827 0 162556 28.4539 28.1004 11.2785 0 207.821 60.0235 -128.592 151.823 0 0 0 0 0 0 0 0 6.06921 17.591 0 221.707 
0.00528010537847436838 0.153495 0 106288 28.3056 27.9577 11.1214 0 195.3861 57.1131 149.042 112.697 0 0 0 0 0 0 0 0 0 0 0 0 
0.00528010537847436838 0.165712 0 224840 28.2861 27.9389 11.0972 0 205.3631 -199.527 -21.6961 43.5019 0 0 0 0 0 0 0 0 0 0 0 0 
0.00528010537847436838 0.178526 0 99537 28.3536 28.0039 11.1721 0 141.2881 -47.0395 -132.705 -11.7882 0 0 0 0 0 0 0 0 0 0 0 0 
0.00528010537847436838 0.218983 0 446371 0.22278 28.4231 11.267 0 153.2181 -136.646 46.7157 -51.1987 0 0 0 0 0 0 0 0 0 0 0 0 
0.00528010537847436838 0.418054 0 67839 28.2831 27.936 11.0936 0 98.46891 -64.9907 19.238 -71.43 0 0 0 0 0 0 0 0 19.5847 53.0323 274.354 1199.54 
0.00528010537847436838 0.443193 0 193763 28.3885 28.0374 11.211 0 113.841 107.411 0.21817 -37.7126 0 0 0 0 0 0 0 0 19.9066 46.829 450.982 1941.78 
0.00528010537847436838 0.56691 0 291918 28.3755 28.025 11.1946 0 123.1221 37.4248 -75.8903 -89.4376 0 0 0 0 0 0 0 0 15.5884 40.4318 109.147 440.383 
0.00528010537847436838 0.584845 0 185355 28.3386 27.9894 11.1533 0 268.9911 -253.705 -37.0543 81.3456 0 0 0 0 0 0 0 0 15.5884 40.4318 109.147 440.383 
0.00528010537847436838 0.62488 0 37014 28.4169 28.0647 11.2402 0 194.1721 141.004 115.376 -67.1476 0 0 0 -0 0 0 0 -0 19.4963 44.8235 112.475 883.331 
0.00528010537847436838 0.636984 0 228406 28.3649 28.0147 11.1819 0 265.5741 -233.225 -87.0352 -92.5242 0 0 0 -0 0 0 0 -0 19.4963 44.8235 112.475 883.331 
0.00528010537847436838 1.16462 0 344896 28.3557 28.0059 11.1746 0 148.2271 113.531 -52.6621 -79.4268 0 0 -0 0 0 0 -0 0 5.78974 24.2074 0 150.551 
0.00528010537847436838 3.96534 0 223714 28.3313 27.9824 11.1487 0 193.1631 78.46 129.943 -119.461 0 0 0 -0 0 0 0 -0 0 0 0 0 
0.00528976454331971015 1.06331 0 296004 28.2226 27.8777 11.0277 0 165.9451 162.473 30.3643 14.7744 0 0 0 0 0 0 0 0 5.27702 15.7867 0 61.7066 
0.00530406964265914792 0.371718 0 39238 28.202 27.8579 11.0059 0 162.3531 133.657 -31.5577 -86.5935 0 0 0 0 0 0 0 0 14.1891 39.3505 250.617 966.105 
0.00530406964265914792 1.01657 0 243100 28.143 27.8011 10.9425 0 143.5681 142.97 11.5037 6.24049 0 0 0 0 0 0 0 0 4.12751 13.3625 0 0 
0.00531730241242675972 0.111813 0 463106 0.160826 18.2293 16.402 0 01 0 0 0 0 0 0 0 0 0 0 0 17.2336 28.6335 1088.53 5658.21 
0.00531730241242675972 0.410341 0 6219 0.399468 27.7305 10.8639 0 205.5011 -115.13 51.4672 -162.256 0 0 0 0 0 0 0 0 12.1898 33.6562 345.885 991.785 
0.00531730241242675972 2.61909 0 365272 28.0702 27.731 10.8646 0 306.3831 -306.055 13.3938 4.6522 0 -0 0 0 0 -0 0 0 0 0 0 0 
0.00533212061345270712 0.117895 0 86890 0.373217 29.1302 12.4157 0 127.521 55.9042 110.78 -29.3901 0 0 0 0 0 0 0 0 0 0 0 0 
0.00533212061345270712 0.270431 0 73589 27.9947 27.6583 10.7795 0 97.13171 94.7344 -21.4462 0.11873 0 0 0 0 0 0 0 0 16.6273 30.7401 294.013 1962.31 
0.00533212061345270712 0.429639 0 129944 28.0037 27.6669 10.7895 0 83.34991 80.3786 22.0497 0.547165 0 0 0 0 0 0 0 0 11.021 31.3639 134.689 1172.86 
0.00533212061345270712 0.442027 0 171631 28.0086 27.6717 10.7955 0 78.67561 50.4896 -51.9448 30.6982 0 0 0 0 0 0 0 0 11.021 31.3639 134.689 1172.86 
0.00533212061345270712 1.89485 0 331934 28.0534 27.7149 10.8444 0 235.61 76.2896 -156.984 158.251 0 0 0 0 0 0 0 0 0 11.3416 0 0 
0.00534875215555014917 0.0660134 0 461160 0.573744 27.8934 10.8943 0 143.0531 -13.5052 -62.8452 -127.798 0 -0 0 0 0 -0 0 0 19.0459 32.658 2323.94 6470.46 
0.00534875215555014917 0.635266 0 185527 27.9668 27.6316 10.7501 0 191.5771 143.622 113.736 -56.0245 0 0 0 0 0 0 0 0 11.2958 35.8174 22.4012 284.419 
0.00534875215555014917 0.643082 0 300870 27.9003 27.5676 10.679 0 135.4261 -82.9291 -61.5893 87.5768 0 -0 0 0 0 -0 0 0 11.2958 35.8174 22.4012 284.419 
0.00534875215555014917 1.29951 0 279797 27.9416 27.6075 10.7228 0 144.961 -126.443 -31.0023 63.7524 0 0 -0 0 0 0 -0 0 1.2898 14.2122 0 0 
0.00536082798412098206 0.973118 0 262055 27.8567 27.5257 10.6303 0 320.1291 305.02 68.1907 69.2482 0 0 0 0 0 0 0 0 7.73401 20.3536 0 255.76 
0.00536082798412098206 1.06847 0 346540 27.8273 27.4974 10.5991 0 145.6491 -119.705 7.50691 82.633 0 -0 0 0 0 -0 0 0 8.43957 20.1078 92.1995 92.1995 
0.00536082798412098206 1.83495 0 223552 27.8459 27.5153 10.6178 0 175.7961 -17.1862 -172.121 -31.3557 0 0 -0 0 0 0 -0 0 1.82007 9.1611 0 0 
0.00538014303295735428 0.396907 0 132710 27.7405 27.4138 10.5033 0 306.5161 33.5472 14.861 304.312 0 0 0 0 0 0 0 0 6.84889 17.3059 189.205 581.223 
0.00539254988652157312 0.966988 0 207143 27.6503 27.3268 10.4039 0 142.3641 -46.7853 133.271 -17.8202 0 -0 0 0 0 -0 0 0 5.84461 20.4596 0 23.7968 
0.00540209906832739457 0.446937 0 309816 27.6032 27.2813 10.353 0 163.8421 81.1449 138.574 32.5092 0 0 0 0 0 0 0 0 10.1611 29.5258 259.812 980.431 
0.00540209906832739457 1.80129 0 166801 27.6131 27.2909 10.3625 0 151.1661 -133.56 17.9782 68.4823 0 0 0 0 0 0 0 0 0 9.16601 0 0 
0.00541396126776248938 0.609461 0 89495 27.5396 27.2201 10.2832 0 84.19951 -73.8256 1.30135 40.4678 0 -0 0 0 0 -0 0 0 9.17709 31.8067 11.6256 108.665 
0.00541396126776248938 1.00295 0 339850 27.5548 27.2348 10.2988 0 234.3021 32.1188 99.1808 -209.83 0 0 0 -0 0 0 0 -0 6.02266 22.0602 0 31.3083 
0.00542966079376753282 0.257822 0 18064 27.4481 27.1318 10.1822 0 90.39061 85.8601 -18.4306 21.4202 0 0 -0 0 0 0 -0 0 9.23919 21.0624 315.723 1150.84 
0.00542966079376753282 1.19721 0 335263 27.4531 27.1366 10.1885 0 102.7831 -90.8505 -4.54903 47.8526 0 0 -0 0 0 0 -0 0 0 7.18822 0 0 
0.00544261325304660429 0.428372 0 129927 27.4288 27.1132 10.163 0 286.1771 -280.731 16.6816 -52.9994 0 0 0 0 0 0 0 0 16.7258 35.2007 40.2222 1018.4 
0.00545673810354157986 0.305862 0 149264 27.311 26.9998 10.0343 0 197.9461 -148.36 89.2661 -95.9339 0 0 0 0 0 0 0 0 12.367 34.9697 172.633 1246.26 
0.00545673810354157986 0.314405 0 61838 27.3392 27.027 10.0647 0 78.94641 -2.12206 26.3857 74.3763 0 0 0 0 0 0 0 0 12.367 34.9697 172.633 1246.26 
0.00545673810354157986 0.742567 0 223825 27.3517 27.039 10.0772 0 149.871 149.418 -3.14968 -11.2029 0 0 0 0 0 0 0 0 3.70456 25.8009 0 82.628 
0.00545673810354157986 0.899442 0 298005 27.3092 26.9981 10.032 0 226.4031 -115.364 -151.312 -122.695 0 0 0 0 0 0 0 0 11.5788 27.634 2.70003 44.9674 
0.00545673810354157986 2.08921 0 338496 27.3373 27.0251 10.0623 0 133.2471 -117.12 -0.213664 -63.544 0 0 -0 0 0 0 -0 0 0 10.3893 0 0 
0.00547021610026144061 0.0696231 0 566645 28.3056 28.9628 26.0665 0 01 0 0 0 0 0 0 0 0 0 0 0 12.7737 24.4643 672.385 4576.69 
0.00547021610026144061 0.14123 0 81542 27.2419 26.9331 9.95662 0 136.8621 -24.5537 -84.7214 -104.645 0 -0 0 0 0 -0 0 0 0 0 0 0 
0.00547021610026144061 0.46446 0 141353 27.2499 26.9408 9.96631 0 116.0991 0.36836 55.5534 -101.944 0 0 0 -0 0 0 0 -0 6.18018 21.3425 335.955 416.861 
0.00547021610026144061 0.969301 0 340718 27.2398 26.9311 9.9544 0 141.5471 -92.7719 20.8969 104.844 0 0 0 0 0 0 0 0 0.988812 7.82784 0 0 
0.00547638970619358529 0.176663 0 257243 27.2074 26.8998 9.91913 0 200.2441 190.595 -43.1635 43.6827 0 0 0 0 0 0 0 0 11.108 24.5888 1635.79 2383.18 
0.00547638970619358529 0.34534 0 181037 27.2189 26.9109 9.93109 0 158.8421 152.293 -14.0522 42.8974 0 0 0 0 0 0 0 0 7.92164 20.2247 59.6986 656.365 
0.00548613889800376574 0.458379 0 241647 27.1487 26.8432 9.85561 0 113.2611 -113.253 1.18586 0.570215 0 -0 0 0 0 -0 0 0 0 0 0 0 
0.00548613889800376574 1.13051 0 352578 27.1776 26.8711 9.88797 0 168.871 -158.909 -0.841283 -57.1349 0 0 0 -0 0 0 0 -0 4.47385 18.0534 0 46.9744 
0.00549347304234246072 0.74542 1 418711 28.3011 17.152 15.4229 0 0 2 16.9497 8.60482 3.34908 0 0 0 0 0 0 0 0 4.45699 18.5822 0 62.1278 
0.00549347304234246072 1.24997 0 292326 27.1149 26.8105 9.81774 0 255.7911 61.6723 244.631 42.204 0 0 0 0 0 0 0 0 1.23879 9.84133 0 0 
0.00550778981038591801 0.643778 0 250839 27.0503 26.7483 9.74726 0 152.8271 114.231 97.799 27.2502 0 0 0 0 0 0 0 0 0 0 0 0 
0.00550778981038591801 3.1939 0 187038 27.069 26.7662 9.76771 0 128.3331 -1.35236 -80.787 99.7049 0 0 0 0 0 0 0 0 0 0 0 0 
0.0055206562581361935 0.744666 0 304714 26.9905 26.6906 9.68174 0 172.0781 42.9197 -166.472 7.48055 0 0 0 0 0 0 0 0 5.18534 27.394 0 4.07136 
0.0055206562581361935 1.12578 0 215333 26.9624 26.6635 9.65201 0 132.3661 -128.374 6.40768 31.6195 0 -0 0 0 0 -0 0 0 3.3949 12.3867 0 0 
0.00554414052537922399 0.6777 0 330072 26.8562 26.5609 9.5349 0 99.1961 -33.8635 68.7352 -62.9967 0 0 0 0 0 0 0 0 11.7376 33.1585 63.2635 324.314 
0.0055744541208813175 0.766181 0 242090 26.7187 26.4282 9.38504 0 179.2351 -178.924 -6.8452 8.03459 0 0 0 0 0 0 0 0 8.44437 20.7278 58.2905 482.807 
0.00559536601324347842 0.259372 0 49516 0.468486 26.3096 9.25078 0 214.5681 -150.498 -131.86 -77.4776 0 0 -0 0 0 0 -0 0 20.8792 38.7602 462.201 2626.16 
0.00559536601324347842 0.827674 0 243230 26.6712 26.3824 9.33297 0 186.7411 -149.253 -110.902 17.2178 0 0 -0 0 0 0 -0 0 11.4732 36.0465 19.4845 210.891 
0.00560958999943255137 0.569757 0 295684 26.5173 26.2337 9.16477 0 314.8141 65.0746 -277.845 132.949 0 0 0 0 0 0 0 0 11.2239 21.8835 237.124 682.463 
0.00562250064155776687 0.323846 0 131361 26.4753 26.1933 9.11842 0 242.1441 164.915 95.2924 -149.52 0 0 0 -0 0 0 0 -0 13.9839 34.9508 226.377 1223.54 
0.00562250064155776687 0.657388 0 305193 26.4866 26.2041 9.13054 0 114.211 32.079 -79.3653 75.605 0 0 -0 0 0 0 -0 0 7.98507 26.6792 9.67769 221.263 
0.00563783613023898997 0.456415 1 415520 0 18.1621 16.3409 0 0 2 -2.67811 -12.0229 24.1204 0 0 -0 0 0 0 -0 0 12.3923 33.3081 287.337 1046.82 
0.00565687896666217625 0.314185 0 125335 26.327 26.0499 8.95838 0 192.2411 143.168 50.6303 117.881 0 0 0 0 0 0 0 0 21.8384 46.1747 239.074 1950.76 
0.00565687896666217625 0.342441 0 18681 26.3216 26.0447 8.95212 0 394.5331 355.585 -78.7688 151.694 0 0 0 0 0 0 0 0 21.8384 46.1747 239.074 1950.76 
0.00565687896666217625 1.33017 0 279961 26.3148 26.0382 8.94399 0 90.81171 28.7426 -81.8687 -26.7982 0 0 0 0 0 0 0 0 5.27539 26.3401 11.7294 11.7294 
0.00566880874057371347 0.107454 0 145174 26.2275 25.9538 8.84962 0 176.1971 171.579 -5.88463 39.6379 0 0 0 0 0 0 0 0 14.7815 29.3016 1266.44 3800.46 
0.00566880874057371347 0.704058 0 195209 26.2463 25.9719 8.86975 0 291.3361 -251.294 -145.682 -22.4582 0 0 -0 0 0 0 -0 0 10.3766 24.9323 195.824 451.502 
0.00566880874057371347 1.10381 0 335749 26.272 25.9967 8.89804 0 303.9191 101.93 -72.5628 276.969 0 0 0 0 0 0 0 0 8.80853 20.8972 197.622 211.075 
0.00568053311653316136 0.394543 0 89672 26.1819 25.9096 8.80008 0 231.151 -229.239 -2.2139 -29.5743 0 0 0 0 0 0 0 0 13.5337 27.5894 234.623 651.991 
0.00568053311653316136 0.521038 0 170681 26.196 25.9232 8.815 0 190.8521 -81.9992 116.33 127.153 0 0 0 0 0 0 0 0 0 0 0 0 
0.00568053311653316136 0.729504 0 8327 26.2079 25.9347 8.82875 0 113.0851 59.5015 -54.9947 78.8887 0 0 0 0 0 0 0 0 11.5103 28.7064 450.56 1032.49 
0.00569993696367738882 0.325715 0 232834 26.0945 25.8252 8.70505 0 259.1111 -255.14 -36.2665 -26.9538 0 0 0 -0 0 0 0 -0 14.0988 32.3614 27.5582 1338.18 
0.00569993696367738882 0.457213 0 171637 26.0749 25.8063 8.68444 0 247.0031 227.039 96.0439 15.476 0 0 0 0 0 0 0 0 13.8917 32.3225 150.29 826.014 
0.00571217186814422951 0.276721 0 9348 0.0817859 25.7741 8.64804 0 639.2921 -563.12 -254.279 -164.11 0 0 0 0 0 0 0 0 15.4285 36.9952 333.889 1627.01 
0.00571217186814422951 0.277059 0 210569 26.0411 25.7738 8.64761 0 269.2091 -93.6679 -92.0794 234.992 0 0 0 0 0 0 0 0 15.4285 36.9952 333.889 1627.01 
0.00571217186814422951 0.509669 0 158284 26.0693 25.8009 8.67804 0 159.8161 -45.8826 -54.5703 143.031 0 0 0 0 0 0 0 0 10.1563 31.5878 200.401 252.112 
0.00571217186814422951 0.638167 0 131510 26.0311 25.7641 8.63753 0 158.6281 -158.054 -5.64315 12.2408 0 0 0 0 0 0 0 0 12.2272 28.9863 14.8794 533.435 
0.00571217186814422951 1.56651 0 325539 26.0189 25.7522 8.62305 0 332.9911 161.177 120.089 -265.488 0 0 0 0 0 0 0 0 3.07035 15.4389 0 0 
0.00572179604739677002 1.79158 0 369436 25.9777 25.7123 8.5796 0 155.041 -155.024 1.22986 -1.87469 0 0 0 0 0 0 0 0 3.56795 8.9461 0 33.7032 
0.00575102049257480204 0.359609 0 75139 25.8884 25.626 8.48304 0 96.48131 -74.151 -42.4498 44.8138 0 0 0 0 0 0 0 0 19.2604 43.5668 344.556 1591.22 
0.00575102049257480204 0.830994 0 260365 25.838 25.5772 8.42913 0 156.1811 89.0222 -56.8293 115.056 0 0 -0 0 0 0 -0 0 18.9229 55.1635 183.922 254.206 
0.00576656314101152249 0.292609 0 226518 25.803 25.5433 8.39168 0 215.5741 154.515 -148.085 25.8525 0 0 0 0 0 0 0 0 15.7314 33.1117 673.534 1860.5 
0.00576656314101152249 0.446909 0 149828 25.8174 25.5572 8.40648 0 199.4871 -196.725 -32.9094 -3.38109 0 0 0 -0 0 0 0 -0 12.9362 37.6146 294.39 1188.51 
0.00576656314101152249 0.677861 0 60209 25.824 25.5636 8.41399 0 285.5261 -18.5485 12.8036 -284.635 0 -0 0 0 0 -0 0 0 0 0 0 0 
0.00578097826739582075 0.726435 0 77143 25.7174 25.4608 8.2999 0 107.3211 95.2094 -39.6913 -29.6225 0 0 0 -0 0 0 0 -0 5.81882 28.1129 0 252.408 
0.00579852460158281763 0.0967732 0 39421 0.166162 25.4178 8.25253 0 309.9911 304.903 42.0989 36.8245 0 0 0 0 0 0 0 0 19.1932 35.483 2866.12 5864.72 
0.00579852460158281763 0.240246 0 64738 25.6395 25.3853 8.2179 0 188.1431 182.599 -42.3782 -16.1008 0 0 -0 0 0 0 -0 0 21.1101 41.5264 469.635 2806.44 
0.00579852460158281763 0.722133 0 166175 0 25.3737 8.20436 0 329.7461 309.353 113.367 -13.454 0 0 0 0 0 0 0 0 12.3039 35.4429 0 132.694 
0.00579852460158281763 1.17946 0 332349 25.6333 25.3793 8.21076 0 448.371 -349.38 -108.209 259.346 0 0 0 0 0 0 0 0 0 0 0 0 
0.00581680167007743616 0.515879 0 105386 25.5418 25.2907 8.11283 0 150.9291 -126.079 -69.4362 45.4109 0 0 -0 0 0 0 -0 0 9.17269 24.9633 60.5583 60.5583 
0.0058384649727495179 0.483825 0 305362 25.5252 25.2748 8.09583 0 360.421 -198.182 78.0004 -290.762 0 -0 0 0 0 -0 0 0 13.9537 42.4065 106.627 499.015 
0.0058384649727495179 0.855164 0 126498 25.4469 25.1989 8.01146 0 265.5591 -242.38 107.617 13.8717 0 0 0 0 0 0 0 0 14.5102 43.5208 171.507 440.219 
0.0058384649727495179 0.906222 0 373425 25.4531 25.2049 8.01826 0 400.5441 396.794 -19.1642 51.214 0 0 0 0 0 0 0 0 9.09436 29.8974 64.9612 250.977 
0.0058384649727495179 1.63894 0 350954 25.455 25.2067 8.02037 0 269.8341 -57.9886 -130.968 228.681 0 0 0 0 0 0 0 0 0 16.5652 0 0 
0.00586738537876048752 0.614897 0 112460 25.4119 25.1649 7.97552 0 201.7591 -78.0255 -32.1168 -183.269 0 0 0 -0 0 0 0 -0 21.8777 57.25 503.354 1005.04 
0.00586738537876048752 0.9592 0 315518 25.3638 25.1183 7.92357 0 315.2771 312.572 -14.2283 38.6785 0 0 0 0 0 0 0 0 13.4155 44.0858 74.3837 384.529 
0.00586738537876048752 1.41668 0 292351 25.3548 25.1097 7.91446 0 503.0391 501.708 -19.5592 30.8952 0 0 -0 0 0 0 -0 0 2.85054 29.4883 0 0 
0.00586738537876048752 2.54641 0 223851 25.3818 25.1358 7.94335 0 505.4411 85.4196 -185.175 462.476 0 0 0 0 0 0 0 0 5.03176 5.03176 0 0 
0.00588390697426322863 1.37783 0 312777 25.2581 25.016 7.81245 0 282.6691 121.762 195.649 -163.699 0 0 0 0 0 0 0 0 8.18453 25.9238 26.6016 120.749 
0.00589438250357408183 1.17119 0 350281 25.2405 24.9989 7.79396 0 184.7151 167.836 -6.66951 76.8514 0 0 0 0 0 0 0 0 5.88031 12.9429 3.78235 210.878 
0.00589438250357408183 2.01664 0 363707 0.248155 35.5667 13.9136 0 01 0 -0 0 0 0 -0 0 0 0 -0 0 0 16.2416 0 0 
0.00590305175121766477 1.06389 0 298399 25.1847 24.945 7.73544 0 349.9481 221.317 270.952 -8.22207 0 0 0 -0 0 0 0 -0 2.15976 11.8768 0 0 
0.00590857899874311192 0.140986 0 190546 25.1519 24.9132 7.70089 0 121.9611 19.9278 -117.353 -26.5638 0 0 0 0 0 0 0 0 0 0 0 0 
0.00590857899874311192 0.99389 0 224434 25.1471 24.9085 7.69545 0 321.8441 -20.7572 -249.968 201.664 0 0 0 0 0 0 0 0 1.00101 8.94798 0 0 
0.00590857899874311192 2.88926 1 413417 24.598 14.7092 13.2074 0 0 2 3.79975 -12.59 -17.8954 0 0 0 0 0 0 0 0 0 2.85426 0 0 
0.00592523826460341664 0.756147 0 323371 25.0855 24.8488 7.63129 0 226.121 -116.34 -105.501 162.68 0 -0 0 0 0 -0 0 0 9.75607 27.7824 0 364.957 
0.00596541584542564958 0.28071 0 81629 24.9271 24.6953 7.46592 0 161.7921 158.653 13.3105 28.7887 0 0 0 0 0 0 0 0 29.3655 60.4388 1589.52 3939.86 
0.00596541584542564958 0.590235 0 345478 24.9648 24.7318 7.50564 0 226.9731 155.583 -131.649 -99.8949 0 0 -0 0 0 0 -0 0 27.4164 75.2933 305.205 629.583 
0.00596541584542564958 1.07021 0 185177 24.903 24.6719 7.44054 0 396.4641 -353.22 -121.866 132.546 0 0 0 0 0 0 0 0 14.0857 42.1807 0 115.11 
0.00596541584542564958 1.18384 0 270726 24.975 24.7417 7.5156 0 279.2361 198.02 141.291 137.105 0 0 0 0 0 0 0 0 15.3737 57.8576 0 30.1994 
0.00596541584542564958 1.56235 0 262693 24.9211 24.6895 7.46032 0 212.7091 -196.45 -76.9664 26.9943 0 0 0 0 0 0 0 0 0 0 0 0 
0.00600659535813946512 0.227292 0 163317 24.8582 24.6285 7.39411 0 232.8121 2.99148 -126.581 -195.37 0 0 0 0 0 0 0 0 0 0 0 0 
0.00600659535813946512 0.47089 0 186121 24.8636 24.6337 7.39989 0 332.6831 -331.919 3.39807 22.2655 0 0 0 0 0 0 0 0 25.053 71.5273 387.836 1326.55 
0.00600659535813946512 0.49007 0 218580 24.8244 24.5957 7.35913 0 374.2771 26.2772 -91.2397 362.033 0 0 0 0 0 0 0 0 25.053 71.5273 387.836 1326.55 
0.00600659535813946512 0.621108 0 197303 24.8468 24.6174 7.38271 0 334.0451 311.34 2.99044 121.015 0 0 0 0 0 0 0 0 23.0677 67.9676 449.482 908.831 
0.00600659535813946512 0.763544 0 140637 24.8446 24.6153 7.38029 0 261.7111 254.157 53.1308 -32.7658 0 0 0 0 0 0 0 0 16.5196 60.9638 0 135.135 
0.00601737970167686397 0.362472 0 219251 24.7221 24.4965 7.25415 0 232.4661 -168.236 45.2949 -153.901 0 -0 0 0 0 -0 0 0 10.5739 27.6843 77.1662 317.485 
0.00601737970167686397 0.767037 0 344291 24.714 24.4887 7.24535 0 214.2021 -82.1241 171.976 -97.7876 0 0 0 0 0 0 0 0 8.58502 21.0763 1.78675 1.78675 
0.00603077925416364933 0.601166 0 279622 3.66969 26.2697 9.20605 0 154.9311 -149.825 0.886493 -39.4383 0 0 0 -0 0 0 0 -0 6.58894 26.318 168.278 266.189 
0.00603077925416364933 0.827947 0 87460 24.6284 24.4057 7.15722 0 146.5851 128.204 71.0569 1.42797 0 0 0 0 0 0 0 0 3.33124 17.4942 0 126.511 
0.00603077925416364933 0.916645 0 226925 24.6372 24.4142 7.16649 0 148.791 -147.375 17.1221 -11.2109 0 0 0 0 0 0 0 0 4.5819 22.8326 0 129.068 
0.00606201994088714346 0.325605 0 383924 24.5021 24.2831 7.02904 0 246.9861 168.123 -87.7789 -158.213 0 0 0 -0 0 0 0 -0 23.0512 51.896 363.411 1300.76 
0.00606201994088714346 0.806623 0 291484 24.5372 24.3172 7.06414 0 328.7941 -205.746 188.361 174.052 0 0 0 0 0 0 0 0 20.1997 50.8625 100.096 313.984 
0.00606201994088714346 0.841489 0 77879 24.5368 24.3168 7.06372 0 333.3381 250.724 -162.716 -147.564 0 0 0 -0 0 0 0 -0 21.6927 54.1755 0 58.636 
0.00606201994088714346 1.89857 0 353771 24.5135 24.2942 7.04002 0 436.0681 410.108 4.76133 148.135 0 0 0 0 0 0 0 0 0 16.8085 0 0 
0.00606201994088714346 2.07498 0 327342 24.5396 24.3195 7.06665 0 221.2621 6.77396 183.588 123.314 0 0 0 0 0 0 0 0 10.1343 26.2423 137.334 338.651 
0.0061036158654413945 0.2784 0 73656 24.4481 24.2308 6.97388 0 178.5971 -60.5732 73.4576 -151.101 0 0 0 0 0 0 0 0 27.2765 58.6287 1031.69 2922.71 
0.0061036158654413945 0.553974 0 300953 24.441 24.2239 6.96646 0 239.5261 -237.266 18.816 -26.8959 0 -0 0 0 0 -0 0 0 0 0 0 0 
0.0061036158654413945 0.618241 0 350672 24.4671 24.2492 6.993 0 391.4481 342.146 -186.031 39.4928 0 0 0 0 0 0 0 0 21.9861 69.1147 78.2134 597.325 
0.0061036158654413945 0.875849 0 144498 24.3374 24.1233 6.86176 0 364.1791 -345.597 -114.636 -6.90875 0 0 0 0 0 0 0 0 23.9425 65.6277 320.367 502.496 
0.0061036158654413945 0.963189 0 273440 24.4999 24.2809 7.02661 0 319.1461 303.611 38.6988 90.4249 0 0 0 0 0 0 0 0 19.3703 63.0419 49.8172 96.294 
0.0061036158654413945 1.09969 0 264646 24.3668 24.1519 6.89179 0 421.2471 315.754 -138.565 -241.966 0 0 0 0 0 0 0 0 17.4457 53.297 0 185.279 
0.00615579222023166211 0.0337328 1 520414 0 33.2894 29.9605 0 0 1 -0.0257914 -0.814148 -0.0648561 0 -0 0 0 0 -0 0 0 32.3807 53.8322 4388.29 10411.8 
0.00615579222023166211 0.315898 0 65477 0.129791 15.5982 14.013 0 01 0 0 -0 0 0 0 -0 0 0 0 -0 35.7853 71.8494 421.939 2521.4 
0.00615579222023166211 0.427028 0 118226 24.3179 24.1044 6.84211 0 240.8761 -190.863 -46.6236 -139.352 0 0 0 -0 0 0 0 -0 29.5411 64.9338 1297.97 2764.31 
0.00615579222023166211 0.529814 0 187804 24.3237 24.11 6.84763 0 417.9991 -33.5575 -131.945 395.206 0 -0 0 0 0 -0 0 0 31.0388 83.3608 702.706 1679.05 
0.00615579222023166211 1.04369 0 342776 24.1853 23.9758 6.7087 0 488.3391 319.729 -163.073 331.142 0 0 0 0 0 0 0 0 25.3872 63.4398 81.642 555.143 
0.00615579222023166211 1.22962 0 232722 24.1491 23.9406 6.67261 0 332.1181 -61.2677 0.132514 -326.417 0 0 0 0 0 0 0 0 14.6526 47.7022 10.1452 226.412 
0.00616919385628808287 0.302641 0 513137 0.39867 24.3015 6.9827 0 571.7411 -162.462 -528.386 -145.949 0 0 -0 0 0 0 -0 0 12.5084 27.5715 813.29 1643.72 
0.00616919385628808287 0.911107 0 361214 24.1206 23.913 6.64412 0 205.4781 -203.493 -22.6163 17.3354 0 0 0 0 0 0 0 0 3.67659 22.9443 0 229.111 
0.00621122326549375728 0.386823 0 205268 0.155285 20.283 18.2547 0 01 0 -0 0 0 0 -0 0 0 0 -0 0 28.6434 59.2461 527.871 2703.63 
0.00621122326549375728 1.0959 0 371033 23.9911 23.7873 6.51551 0 408.9361 -408.92 -3.45373 -0.954747 0 0 -0 0 0 0 -0 0 21.7577 61.018 0 31.9129 
0.00624618629744337541 0.236675 0 215725 23.8596 23.6595 6.38562 0 314.5071 -276.379 -130.327 74.4613 0 -0 0 0 0 -0 0 0 0 0 0 0 
0.00624618629744337541 0.781727 0 272148 23.8146 23.6158 6.34147 0 324.2261 -322.59 -27.7878 -16.913 0 0 0 0 0 0 0 0 18.9121 62.9582 9.84522 152.751 
0.00624618629744337541 1.29218 0 347707 23.91 23.7084 6.43537 0 253.6951 -95.7083 118.916 -202.632 0 0 0 0 0 0 0 0 15.5893 46.767 15.8779 15.8779 
0.00625713343519831641 0.530161 0 229597 23.781 23.5832 6.30888 0 235.0911 -98.536 210.147 37.3682 0 0 0 0 0 0 0 0 9.90335 22.9038 73.5072 304.996 
0.00627021753890883229 0.496225 0 83813 23.7236 23.5274 6.2528 0 404.4851 5.75591 186.993 358.62 0 0 0 0 0 0 0 0 11.3505 27.0973 4.81359 880.721 
0.00630471923622680144 0.321318 0 109592 23.684 23.4888 6.21412 0 85.55661 85.2899 -0.546469 6.72861 0 0 0 0 0 0 0 0 22.7055 56.277 452.125 1245.26 
0.00630471923622680144 0.531187 0 96095 23.6268 23.4332 6.15882 0 416.8981 350.737 -168.184 150.008 0 0 0 0 0 0 0 0 0 0 0 0 
0.00630471923622680144 1.00215 0 362626 23.6173 23.424 6.14974 0 366.3241 230.233 -177.787 222.66 0 0 0 0 0 0 0 0 13.0723 41.1764 8.2018 26.4394 
0.00630471923622680144 1.83547 0 284557 23.6294 23.4357 6.16133 0 447.161 444.146 -48.2617 -18.9035 0 0 0 0 0 0 0 0 3.62784 37.9229 0 0 
0.00630471923622680144 2.12036 0 327371 23.59 23.3975 6.12335 0 195.3261 92.8217 -119.009 123.988 0 0 0 0 0 0 0 0 6.42547 17.1788 0 0 
0.00634885990062467043 0.590204 0 5708 0.116251 23.2972 6.02407 0 257.4131 217.018 134.487 32.838 0 0 0 0 0 0 0 0 29.4184 67.5373 344.477 582.904 
0.00634885990062467043 0.733064 0 77061 23.5 23.31 6.03663 0 294.4391 -219.759 67.2621 -184.056 0 -0 0 0 0 -0 0 0 24.9918 66.0841 183.948 544.836 
0.00634885990062467043 0.802069 1 419786 0 15.2152 13.6657 0 0 2 16.8458 3.42164 -13.3245 0 0 0 -0 0 0 0 -0 12.9628 54.3828 92.7537 136.875 
0.00634885990062467043 1.21876 0 212127 23.5537 23.3621 6.08827 0 233.2231 173.756 69.0567 -139.402 0 0 0 -0 0 0 0 -0 17.1985 54.0551 67.9834 278.081 
0.00636706340515375349 0.161712 0 74516 0.840375 23.2152 5.94347 0 300.0521 -47.7264 -143.548 259.128 0 0 0 0 0 0 0 0 0 0 0 0 
0.00636706340515375349 0.357409 1 63470 0 8.53291 7.64452 0 0 2 0.0645113 -0.540985 0.508856 0 0 0 0 0 0 0 0 15.4577 39.9724 235.365 1664.02 
0.00636706340515375349 0.487497 0 637930 0.187121 23.4138 6.10576 0 374.4411 157.032 -336.183 50.2757 0 0 0 0 0 0 0 0 19.0336 39.5957 33.3798 659.992 
0.00637521889010843595 0.689079 0 376360 23.3435 23.1578 5.88739 0 418.1441 -403.83 12.5081 107.745 0 -0 0 0 0 -0 0 0 2.07024 10.3177 0 17.294 
0.00641527245245585367 0.201542 0 141955 0.111504 14.9148 13.3936 0 01 0 0 0 0 0 0 0 0 0 0 0 0 0 0 0 
0.00641527245245585367 0.445077 0 190351 23.2074 23.0254 5.75888 0 49.35721 -16.9699 -21.7759 40.9141 0 -0 0 0 0 -0 0 0 21.3987 52.9313 593.284 1468.61 
0.00643764971390355361 0.72898 0 199257 23.1499 22.9695 5.70502 0 201.3611 10.5151 32.4724 198.447 0 0 0 0 0 0 0 0 19.1813 48.7457 53.6668 270.005 
0.00645481431284652355 0.215713 0 267316 6.61023 22.8983 5.69793 0 433.4231 -413.1 44.0206 123.554 0 0 0 0 0 0 0 0 0 0 0 0 
0.00645481431284652355 1.19634 0 317111 23.1091 22.9299 5.66703 0 255.8511 200.96 135.641 81.707 0 0 0 0 0 0 0 0 12.0233 28.7905 18.8657 29.4693 
0.00649236186438168546 0.246997 0 31525 22.9882 22.8123 5.55489 0 347.1221 134.145 149.301 283.211 0 0 0 0 0 0 0 0 26.628 54.3649 779.077 3845.92 
0.00649236186438168546 0.896813 0 78975 22.9598 22.7846 5.5286 0 263.5021 -62.9924 -114.891 -228.616 0 0 0 -0 0 0 0 -0 17.9822 53.8979 74.2426 661.603 
0.0065358794469537124 0.170946 0 175854 22.8738 22.7008 17.2326 0 01 0 0 0 0 0 0 0 0 0 0 0 0 0 0 0 
0.0065358794469537124 0.318243 0 106367 0.404713 22.673 17.2264 0 01 -0 0 0 0 -0 0 0 0 -0 0 0 25.5167 51.3773 751.661 2638.25 
0.0065358794469537124 0.353101 0 208112 22.7934 22.6224 17.2085 0 01 0 0 -0 0 0 0 -0 0 0 0 -0 25.5167 51.3773 751.661 2638.25 
0.0065358794469537124 0.509085 0 153408 22.7891 22.6183 17.2064 0 01 0 0 0 0 0 0 0 0 0 0 0 0 0 0 0 
0.0065358794469537124 0.784489 0 159018 22.8485 22.6761 17.228 0 01 0 -0 0 0 0 -0 0 0 0 -0 0 19.0647 58.6267 79.1952 384.151 
0.0065358794469537124 0.863451 0 210640 22.9058 22.7319 17.247 0 01 0 0 0 0 0 0 0 0 0 0 0 13.9374 50.4853 4.64048 131.813 
0.00656486178445114463 0.32791 0 225192 22.7032 22.5348 17.175 0 01 0 0 -0 0 0 0 -0 0 0 0 -0 18.9239 53.1016 320.902 1759.08 
0.00656486178445114463 1.01429 0 263938 22.7149 22.5461 17.181 0 01 -0 0 0 0 -0 0 0 0 -0 0 0 14.2072 40.4783 0 319.307 
0.00659250107808023993 0.214596 1 35366 0 17.3574 15.6095 0 0 1 0.00063287 0.0108979 -0.00169763 0 0 0 0 0 0 0 0 0 0 0 0 
0.00659250107808023993 1.2895 0 277375 22.6323 22.4658 17.15 0 01 0 0 0 0 0 0 0 0 0 0 0 6.53529 18.2632 0 0 
0.00659250107808023993 1.50339 0 360550 22.6465 22.4797 17.1538 0 01 0 -0 0 0 0 -0 0 0 0 -0 0 3.04491 7.62356 0 0 
0.00662824257104573534 0.276726 0 148434 22.568 22.403 17.1264 0 01 0 0 0 0 0 0 0 0 0 0 0 29.1128 60.2208 606.14 2392.52 
0.00662824257104573534 0.582245 0 379599 22.5413 22.377 17.1136 0 01 0 0 0 0 0 0 0 0 0 0 0 21.048 60.7132 266.236 466.64 
0.00662824257104573534 0.732615 0 224545 22.5951 22.4294 17.1374 0 01 0 0 0 0 0 0 0 0 0 0 0 17.8095 68.364 87.8304 495.119 
0.00662824257104573534 0.956265 0 320760 22.5594 22.3946 17.1256 0 01 0 0 0 0 0 0 0 0 0 0 0 17.127 47.7292 112.445 385.291 
0.00662824257104573534 1.33427 0 337060 22.5388 22.3746 17.1159 0 01 0 0 0 0 0 0 0 0 0 0 0 12.1462 45.8255 0 124.036 
0.00665778164789519473 0.35972 0 45426 0.124651 22.2457 17.0677 0 01 0 0 0 0 0 0 0 0 0 0 0 0 0 0 0 
0.00665778164789519473 1.02342 0 13000 0.144946 22.2832 17.0814 0 01 0 0 0 0 0 0 0 0 0 0 0 6.05871 27.2944 0 0 
0.00673863525601624269 0.331061 0 161955 22.1664 22.0118 16.973 0 01 0 0 0 0 0 0 0 0 0 0 0 19.8712 46.1681 477.34 1121.11 
0.00673863525601624269 0.353965 0 1919 22.1494 21.995 16.9668 0 01 0 0 -0 0 0 0 -0 0 0 0 -0 19.8712 46.1681 477.34 1121.11 
0.00673863525601624269 1.04733 0 293340 22.1941 22.0387 16.9851 0 01 0 -0 0 0 0 -0 0 0 0 -0 0 11.46 30.1778 0 323.361 
0.00673863525601624269 1.30311 0 342879 22.1586 22.0041 16.9719 0 01 0 0 0 0 0 0 0 0 0 0 0 11.7725 40.6215 2.52917 8.75521 
0.00675289993442781174 1.31883 0 334931 22.1041 21.9508 16.9486 0 01 0 0 0 0 0 0 0 0 0 0 0 5.23503 22.2373 0 21.4999 
0.00676169764632020363 0.450046 0 189779 0 21.9348 16.9418 0 01 0 0 0 0 0 0 0 0 0 0 0 8.79231 25.8428 157.689 699.61 
0.00680585332354524241 0.199006 0 163978 0.407287 21.9001 16.9284 0 01 0 0 0 0 0 0 0 0 0 0 0 0 0 0 0 
0.00680585332354524241 0.366757 0 153745 22.0528 21.9009 16.9288 0 01 0 0 0 0 0 0 0 0 0 0 0 31.7378 67.6883 1026.33 2556.97 
0.00680585332354524241 1.68034 0 143717 21.9963 21.8459 16.9062 0 01 0 0 0 0 0 0 0 0 0 0 0 8.42789 30.3295 1.49168 1.49168 
0.00683220174175708413 0.432276 0 150319 21.8709 21.7233 16.8556 0 01 -0 0 0 0 -0 0 0 0 -0 0 0 19.5547 46.7649 0 477.482 
0.00683220174175708413 1.06296 0 291729 21.885 21.737 16.8616 0 01 0 0 0 0 0 0 0 0 0 0 0 11.8471 34.431 0 40.3232 
0.00684619071392166597 1.0368 0 315344 21.8446 21.6977 16.8444 0 01 0 0 0 0 0 0 0 0 0 0 0 5.18421 14.5553 0 33.1399 
0.00684619071392166597 1.48603 0 205292 0.250051 21.6822 16.8384 0 01 0 0 -0 0 0 0 -0 0 0 0 -0 1.50208 11.9808 0 0 
0.0068633706502121616 0.210103 0 24795 21.8114 21.6654 16.8316 0 01 0 0 0 0 0 0 0 0 0 0 0 0 0 0 0 
0.0068633706502121616 0.235336 0 5802 21.7804 21.635 16.82 0 01 -0 0 0 0 -0 0 0 0 -0 0 0 0 0 0 0 
0.0068633706502121616 0.607866 0 18397 21.7831 21.6376 16.8212 0 01 0 0 0 0 0 0 0 0 0 0 0 15.2892 45.8527 207.557 718.69 
0.00687557516272220559 0.772932 0 211548 21.7693 21.6241 16.8168 0 01 -0 0 0 0 -0 0 0 0 -0 0 0 4.61129 22.3442 140.686 144.703 
0.00687557516272220559 1.09953 0 274970 21.7604 21.6154 16.8106 0 01 0 0 0 0 0 0 0 0 0 0 0 3.32045 19.8962 0 10.2301 
0.00687557516272220559 1.38466 0 147298 21.7574 21.6125 16.8083 0 01 0 0 0 0 0 0 0 0 0 0 0 4.17454 11.1226 0 0 
0.0068825249367114507 1.22187 0 172139 21.7289 21.5847 16.7965 0 01 0 0 0 0 0 0 0 0 0 0 0 2.41481 7.25407 0 2.98763 
0.00690607017829703192 0.32473 0 62404 21.7151 21.5713 16.7913 0 01 0 0 0 0 0 0 0 0 0 0 0 19.0009 47.872 591.199 2307.84 
0.00690607017829703192 0.446272 0 57626 21.7137 21.57 16.7904 0 01 0 0 0 0 0 0 0 0 0 0 0 15.7597 46.0895 287.128 695.665 
0.00690607017829703192 1.68371 0 359198 21.6985 21.5552 16.7851 0 01 0 0 0 0 0 0 0 0 0 0 0 3.35469 26.8667 0 0 
0.00690607017829703192 1.7078 0 376119 21.6986 21.5552 16.785 0 01 0 0 0 0 0 0 0 0 0 0 0 3.35469 26.8667 0 0 
0.00692389456039446509 0.295146 0 63111 21.6082 21.4667 16.7456 0 01 0 -0 0 0 0 -0 0 0 0 -0 0 8.44906 23.3871 192.4 560.938 
0.00692389456039446509 1.11875 0 390634 21.6079 21.4664 16.7454 0 01 -0 0 0 0 -0 0 0 0 -0 0 0 4.53697 17.0105 18.6373 93.918 
0.00695682035060246357 0.356827 0 190379 21.548 21.4081 16.7211 0 01 0 0 0 0 0 0 0 0 0 0 0 20.4989 55.8805 286.91 1468.74 
0.00695682035060246357 0.521874 0 150526 21.52 21.3808 16.7096 0 01 0 0 0 0 0 0 0 0 0 0 0 31.0829 59.3927 107.371 1147.94 
0.00695682035060246357 1.09404 0 248725 21.5892 21.4481 16.7371 0 01 0 0 0 0 0 0 0 0 0 0 0 14.3841 36.5027 19.2187 302.312 
0.00695682035060246357 1.82236 0 379927 21.5719 21.4313 16.7302 0 01 0 0 0 0 0 0 0 0 0 0 0 7.36872 20.0819 130.203 130.203 
0.00695682035060246357 2.49469 0 354927 21.5397 21.4 16.7196 0 01 0 -0 0 0 0 -0 0 0 0 -0 0 5.1983 15.37 0 0 
0.00695682035060246357 5.6984 0 388351 21.5107 21.3717 16.7031 0 01 0 0 0 0 0 0 0 0 0 0 0 0 0 0 0 
0.00696814206486487051 0.219274 0 224730 21.4862 21.3478 16.6961 0 01 0 0 0 0 0 0 0 0 0 0 0 0 0 0 0 
0.00696814206486487051 0.277352 0 34929 21.5077 21.3688 16.7055 0 01 0 0 0 0 0 0 0 0 0 0 0 15.0896 31.229 475.531 2092.55 
0.00696814206486487051 0.390126 0 395282 21.4874 21.3489 16.6968 0 01 0 0 0 0 0 0 0 0 0 0 0 13.6324 34.011 431.393 1256.13 
0.00697607246413112919 0.477757 0 284405 0.223643 15.2146 13.6652 0 01 0 0 0 0 0 0 0 0 0 0 0 11.5724 24.8299 0 140.245 
0.0069893827181618318 0.717055 0 206654 21.4472 21.3096 16.6779 0 01 0 -0 0 0 0 -0 0 0 0 -0 0 11.5207 28.7556 45.4514 142.176 
0.00699201293219337428 0.292077 0 139643 21.4183 21.2815 16.6671 0 01 0 0 0 0 0 0 0 0 0 0 0 3.60272 11.7959 683.826 1176.46 
0.00700847236877850596 0.520512 0 219189 21.4042 21.2678 16.6617 0 01 0 0 0 0 0 0 0 0 0 0 0 15.7934 45.7295 145.028 481.674 
0.00700847236877850596 1.28856 0 296508 21.3769 21.2411 16.6479 0 01 -0 0 0 0 -0 0 0 0 -0 0 0 5.12908 19.1402 0 0 
0.00702057773022530043 1.55764 0 348244 21.3372 21.2022 16.6301 0 01 0 0 0 0 0 0 0 0 0 0 0 1.58211 12.6526 0 62.5508 
0.00705091429443980948 0.261803 0 125439 21.3014 21.1671 16.6134 0 01 0 0 0 0 0 0 0 0 0 0 0 23.3834 48.5575 980.521 3170.97 
0.00705091429443980948 0.274673 0 74810 21.3199 21.1853 16.6225 0 01 0 0 0 0 0 0 0 0 0 0 0 23.3834 48.5575 980.521 3170.97 
0.00705470608578536839 0.397941 0 2133 21.2494 21.1163 16.5906 0 01 0 0 -0 0 0 0 -0 0 0 0 -0 3.09715 11.9694 0 170.443 
0.00706464357418008261 0.286974 0 74169 21.2241 21.0917 16.5794 0 01 0 -0 0 0 0 -0 0 0 0 -0 0 0 0 0 0 
0.00708566235562580957 1.10078 0 292075 21.1734 21.0422 16.5571 0 01 0 0 0 0 0 0 0 0 0 0 0 9.96585 34.3218 5.26848 28.1521 
0.00708566235562580957 1.77228 0 161127 21.1922 21.0605 16.5676 0 01 -0 0 0 0 -0 0 0 0 -0 0 0 3.52241 8.75458 0 0 
0.00710305842976252395 0.911321 0 272079 21.1185 20.9884 16.5318 0 01 0 -0 0 0 0 -0 0 0 0 -0 0 7.27127 35.3825 0 0 
0.00712166171409894626 0.592727 0 239250 21.0658 20.9369 16.5083 0 01 0 0 0 0 0 0 0 0 0 0 0 2.91665 9.3736 0 19.5011 
0.00715411943498206991 0.216801 0 13778 21.0531 20.9244 16.5039 0 01 0 0 0 0 0 0 0 0 0 0 0 0 0 0 0 
0.00715411943498206991 0.584661 0 239312 20.9777 20.8509 16.4704 0 01 0 0 0 0 0 0 0 0 0 0 0 0 0 0 0 
0.00719925526257227458 0.349191 0 207109 20.9386 20.8126 16.4516 0 01 -0 0 0 0 -0 0 0 0 -0 0 0 27.1281 59.8634 588.51 2091.48 
0.00719925526257227458 0.350694 0 164300 20.9292 20.8034 16.4486 0 01 0 0 -0 0 0 0 -0 0 0 0 -0 27.1281 59.8634 588.51 2091.48 
0.00719925526257227458 0.462556 0 481834 0.478268 21.1177 16.7464 0 01 0 0 0 0 0 0 0 0 0 0 0 22.722 67.6146 601.221 1158.93 
0.00719925526257227458 0.664522 0 199578 20.9148 20.7893 16.4388 0 01 -0 0 0 0 -0 0 0 0 -0 0 0 17.2786 46.5706 56.1376 266.63 
0.00719925526257227458 0.962836 0 306998 20.8835 20.7587 16.424 0 01 0 0 0 0 0 0 0 0 0 0 0 12.4453 38.3449 46.0976 62.1372 
0.00719925526257227458 0.989179 0 281742 20.901 20.7758 16.4331 0 01 0 0 0 0 0 0 0 0 0 0 0 16.8177 59.2097 8.69381 116.663 
0.00719925526257227458 1.22711 0 288966 20.9424 20.8164 16.4537 0 01 0 0 -0 0 0 0 -0 0 0 0 -0 9.98358 29.9018 0 161.287 
0.00723204103061182019 0.242611 0 171741 20.7738 20.6514 16.3759 0 01 -0 0 0 0 -0 0 0 0 -0 0 0 0 0 0 0 
0.00723204103061182019 0.636637 0 256319 20.7777 20.6552 16.3754 0 01 0 0 0 0 0 0 0 0 0 0 0 17.3535 45.5992 58.3926 305.379 
0.00723204103061182019 2.40601 0 346161 20.7763 20.6539 16.3744 0 01 0 0 0 0 0 0 0 0 0 0 0 0 11.8544 0 0 
0.00730900986980121976 0.236408 0 52009 20.6358 20.5163 16.3098 0 01 0 0 0 0 0 0 0 0 0 0 0 0 0 0 0 
0.00730900986980121976 0.297019 0 33876 20.5916 20.4732 16.289 0 01 -0 0 0 0 -0 0 0 0 -0 0 0 30.9033 57.451 971.049 2998.97 
0.00730900986980121976 0.568679 0 382843 20.6307 20.5113 16.3082 0 01 0 0 0 0 0 0 0 0 0 0 0 22.2198 60.2108 729.929 816.552 
0.00730900986980121976 0.650645 0 274639 20.6435 20.5238 16.3141 0 01 0 0 0 0 0 0 0 0 0 0 0 21.1134 56.3035 214.19 562.251 
0.00730900986980121976 1.15399 0 297516 20.6196 20.5005 16.3041 0 01 -0 0 0 0 -0 0 0 0 -0 0 0 11.4447 42.2652 0 141.989 
0.00731239231676641087 0.708759 0 163707 20.5744 20.4564 16.2824 0 01 0 -0 0 0 0 -0 0 0 0 -0 0 1.44199 6.46629 0 1.83185 
0.00736308414517987224 0.913691 0 23718 20.5115 20.3947 16.2494 0 01 0 0 0 0 0 0 0 0 0 0 0 19.1252 69.9086 0 81.103 
0.00736308414517987224 0.951658 0 98571 20.554 20.4364 16.2723 0 01 0 0 0 0 0 0 0 0 0 0 0 25.0087 72.1919 1.84321 104.253 
0.00736308414517987224 1.54501 0 327355 20.5024 20.3858 16.2464 0 01 0 -0 0 0 0 -0 0 0 0 -0 0 15.4625 49.1631 0 8.20648 
0.00736308414517987224 3.08825 0 315834 20.478 20.3619 16.2341 0 01 0 0 -0 0 0 0 -0 0 0 0 -0 0 17.92 0 0 
0.00737001101794244971 0.301749 0 82874 20.4299 20.3149 16.215 0 01 0 -0 0 0 0 -0 0 0 0 -0 0 10.5542 20.1492 145.292 978.239 
0.00740219497652471001 0.468491 0 143635 20.4154 20.3006 16.2045 0 01 0 0 0 0 0 0 0 0 0 0 0 17.5749 43.9413 330.709 790.524 
0.00740219497652471001 0.738924 0 148444 20.3789 20.2649 16.1871 0 01 0 0 0 0 0 0 0 0 0 0 0 20.8779 55.2763 77.9951 211.637 
0.00740219497652471001 1.04001 0 296689 0.116241 21.8488 16.9074 0 01 0 0 0 0 0 0 0 0 0 0 0 5.24101 29.3493 0 481.2 
0.00740219497652471001 1.15378 0 263425 20.3934 20.2791 16.1931 0 01 0 0 0 0 0 0 0 0 0 0 0 10.2322 43.3172 0 412.309 
0.00740219497652471001 1.49742 0 334827 20.3856 20.2715 16.1914 0 01 0 -0 0 0 0 -0 0 0 0 -0 0 13.3868 32.677 0 67.6384 
0.00742161947617760252 0.427921 0 29294 20.3085 20.196 16.1538 0 01 0 -0 0 0 0 -0 0 0 0 -0 0 15.0444 38.1928 381.203 946.156 
0.00746351095646400828 0.407989 0 44830 20.2644 20.1528 16.1298 0 01 0 -0 0 0 0 -0 0 0 0 -0 0 26.9806 62.8975 723.474 2269.89 
0.00779730064777712888 1.33642 0 401491 0.0813093 14.9032 13.3831 0 01 0 0 0 0 0 0 0 0 0 0 0 14.654 50.5222 0 93.2621 
0.00786269348376938959 0.911507 0 405122 0.121649 15.0629 13.5278 0 01 0 0 0 0 0 0 0 0 0 0 0 4.58586 18.297 47.0843 49.6914 
0.00796876272305358478 0.10724 0 284133 0.283082 15.1751 13.6295 0 01 0 0 0 0 0 0 0 0 0 0 0 34.0484 56.3226 3678.01 11921.3 
0.00799125930055406483 0.0754166 0 142348 0.636843 21.8276 16.9028 0 01 0 0 0 0 0 0 0 0 0 0 0 23.1882 40.4901 3258.85 7776.16 
0.00835176245090141385 0.304531 0 140594 0.147102 20.2869 16.1993 0 01 0 0 0 0 0 0 0 0 0 0 0 14.473 29.8473 174.094 818.08 
0.00839108773685805047 0.274577 0 228980 0 20.7845 16.4387 0 01 0 0 0 0 0 0 0 0 0 0 0 21.2965 47.4533 766.759 2792.92 
0.00849858333858930642 0.199467 1 403502 0 10.2623 6.32179 0 0 2 81.3355 -55.0576 -143.863 0 0 0 -0 0 0 0 -0 0 0 0 0 
0.00915670905374744298 1.91576 0 370815 0.113018 20.2805 16.1966 0 01 0 0 0 0 0 0 0 0 0 0 0 5.68648 11.3319 5.34119 5.34119 
0.0096148303978311634 2.93919 0 403415 52.7163 30.6187 13.8635 0 132.9611 132.065 10.4375 -11.3386 0 0 0 0 0 0 0 0 5.73415 20.0774 0 0 
0.0105098285138641966 0.0462778 0 447061 14.6305 15.0706 13.5348 0 01 0 0 0 0 0 0 0 0 0 0 0 19.269 36.3188 1345.6 4475.48 
0.0119110643027668852 2.50911 0 412116 0.707623 25.3445 8.1709 0 401.631 237.147 279.265 164.557 0 0 0 0 0 0 0 0 2.5344 2.5344 0 0 
0.0125164037096396358 0.562315 0 628458 0.309397 22.3256 17.0936 0 01 0 0 0 0 0 0 0 0 0 0 0 4.36 19.7127 47.741 49.677 
0.0131660918794649414 2.01575 0 407341 0.147353 23.7264 6.45297 0 183.5851 -139.252 -3.06748 -119.595 0 0 0 -0 0 0 0 -0 0 0 0 0 
0.0131732897691067465 1.85835 0 416284 0.255114 23.9588 6.69028 0 304.4351 145.572 135.497 230.5 0 0 0 0 0 0 0 0 0 3.71718 0 0 
0.0145039462022513443 0.541272 0 419310 0.175109 21.1977 16.6239 0 01 0 0 -0 0 0 0 -0 0 0 0 -0 5.77924 17.933 0 33.8551 
0.0146531658483372365 0.840275 0 555194 0 22.6943 16.0639 0 01 0 -0 0 0 0 -0 0 0 0 -0 0 7.67977 19.6153 0 110.493 
