#1:time #2:r #3.binary? #4:ID #5:zams_m #6:m_progenitor #7:bh mass #8:bh_spin #9:birth-kick(km/s) #10-25:vsarray
0.000913682894263318315 0.152881 0 48795 0.0872001 16.6658 14.8704 0 01 0 0 0 0 0 0 0 0 0 0 0 9.96374 19.8162 1757.23 4026.17 
0.000913682894263318315 0.102166 1 40380 0 16.6916 14.8951 0 0 2 0.00192328 -0.00101428 0.00688389 0 0 0 0 0 0 0 0 9.96374 19.8162 1757.23 4026.17 
0.000913682894263318315 0.228864 0 246404 144.084 16.7376 14.9391 0 01 -0 0 0 0 -0 0 0 0 -0 0 0 12.3929 31.7693 522.618 1282.66 
0.000913682894263318315 0.348215 0 62090 146.507 16.7001 14.9033 0 01 -0 0 0 0 -0 0 0 0 -0 0 0 12.2344 30.368 10.9688 774.671 
0.000913682894263318315 0.375828 0 61743 148.621 16.6658 14.8705 0 01 0 0 0 0 0 0 0 0 0 0 0 18.4491 39.5581 503.763 1729.94 
0.000913682894263318315 0.404595 0 73525 137.077 16.7488 14.9498 0 01 0 0 0 0 0 0 0 0 0 0 0 18.2928 34.9807 596.462 775.047 
0.000913682894263318315 0.578635 0 396505 141.989 16.7205 14.9227 0 01 -0 0 0 0 -0 0 0 0 -0 0 0 12.9526 35.8929 389.421 1558.64 
0.000913682894263318315 0.615413 0 100504 136.028 16.6172 14.824 0 01 0 0 0 0 0 0 0 0 0 0 0 10.3597 31.0975 0 362.683 
0.000913682894263318315 0.653782 0 307797 137.619 16.6586 14.8636 0 01 0 0 0 0 0 0 0 0 0 0 0 16.3435 37.3046 0 453.336 
0.000913682894263318315 0.735738 0 220595 136.133 16.667 14.8715 0 01 0 0 0 0 0 0 0 0 0 0 0 7.98395 25.3268 514.302 516.8 
0.000913682894263318315 1.37868 0 264858 0.14669 16.6011 14.8085 0 01 0 0 -0 0 0 0 -0 0 0 0 -0 11.1396 20.892 0 356.001 
0.000913682894263318315 1.3967 0 321417 134.348 16.6987 14.9019 0 01 0 0 0 0 0 0 0 0 0 0 0 11.1396 20.892 0 356.001 
0.000913682894263318315 1.62886 0 302244 143.97 16.7142 14.9167 0 01 -0 0 0 0 -0 0 0 0 -0 0 0 1.62434 14.7707 0 27.9405 
0.000913682894263318315 2.53123 0 375794 145.132 16.7444 14.9456 0 01 0 0 0 0 0 0 0 0 0 0 0 0 9.82905 0 0 
0.000931726011415729056 0.114456 1 1230 0 16.7595 14.9599 0 0 1 0.000220326 0.0103723 0.00690838 0 0 0 0 0 0 0 0 8.36206 18.6613 2155.51 3532.5 
0.000931726011415729056 0.762631 0 119279 118.641 16.7459 14.947 0 01 0 0 0 0 0 0 0 0 0 0 0 13.5948 39.9439 95.5684 526.265 
0.000931726011415729056 0.982237 0 174558 126.594 16.7394 14.9408 0 01 0 0 0 0 0 0 0 0 0 0 0 10.6904 42.7926 398.757 972.4 
0.000931726011415729056 0.997589 1 277113 0 16.5763 14.7849 0 0 2 0.000134136 0.00268945 0.00129831 0 0 0 0 0 0 0 0 6.98625 29.0579 0 0 
0.000931726011415729056 1.30356 0 115717 128.405 16.6171 14.8239 0 01 0 -0 0 0 0 -0 0 0 0 -0 0 6.56402 26.0646 377.361 392.816 
0.000931726011415729056 1.3283 0 344445 128.127 16.6655 14.8702 0 01 0 0 0 0 0 0 0 0 0 0 0 6.76921 18.9389 373.257 373.257 
0.000931726011415729056 1.71243 0 362931 125.318 16.6171 14.8238 0 01 0 0 0 0 0 0 0 0 0 0 0 1.70463 12.0254 0 0 
0.000931726011415729056 1.81251 0 175727 0 16.4333 14.6483 0 01 0 0 -0 0 0 0 -0 0 0 0 -0 1.76987 12.6299 0 6.3364 
0.000938015211403912439 0.477861 0 268677 111.171 16.2476 14.4712 0 01 0 0 0 0 0 0 0 0 0 0 0 8.2473 22.2349 0 1366.09 
0.000938015211403912439 0.695538 0 226076 111.459 16.2919 14.5134 0 01 0 0 -0 0 0 0 -0 0 0 0 -0 6.16348 16.4131 0 543.03 
0.000938015211403912439 0.705923 0 281701 112.129 16.4035 14.6198 0 01 0 -0 0 0 0 -0 0 0 0 -0 0 5.6835 16.2896 0 388.44 
0.000961496505447254849 0.201382 0 9424 0 15.3509 13.6199 0 01 0 0 0 0 0 0 0 0 0 0 0 15.5186 35.6345 1548.58 2816.41 
0.000961496505447254849 0.183831 1 51333 0 15.126 13.4073 0 0 2 -0.0168354 -0.0118688 0.029669 0 0 -0 0 0 0 -0 0 15.5186 35.6345 1548.58 2816.41 
0.000961496505447254849 0.267746 0 34242 102.31 15.518 13.7779 0 01 0 0 -0 0 0 0 -0 0 0 0 -0 15.9251 41.3171 665.686 1829 
0.000961496505447254849 0.32305 0 48757 103.84 15.7778 14.0243 0 01 0 0 0 0 0 0 0 0 0 0 0 18.9263 42.332 1391.43 2356.53 
0.000961496505447254849 0.332048 0 64926 104.991 15.7417 13.9901 0 01 0 0 0 0 0 0 0 0 0 0 0 17.1404 42.0608 883.93 2342.37 
0.000961496505447254849 0.338632 1 10657 0 15.874 14.1157 0 0 1 0.00044082 -0.00277718 0.000903944 0 0 0 -0 0 0 0 -0 17.1404 42.0608 883.93 2342.37 
0.000961496505447254849 0.361826 0 265082 106.957 15.8323 14.0761 0 01 0 0 0 0 0 0 0 0 0 0 0 21.6238 52.5423 774.421 1765.71 
0.000961496505447254849 0.385023 0 149723 103.931 15.792 14.0378 0 01 -0 0 0 0 -0 0 0 0 -0 0 0 21.5651 52.1321 16.1425 1946.67 
0.000961496505447254849 0.593013 0 92882 107.222 15.8748 14.1164 0 01 -0 0 0 0 -0 0 0 0 -0 0 0 14.3353 43.0067 930.879 1538.78 
0.000961496505447254849 0.745085 0 111187 103.99 15.8033 14.0486 0 01 0 -0 0 0 0 -0 0 0 0 -0 0 22.836 49.9877 365.834 1070 
0.000961496505447254849 0.924018 0 253790 109.514 16.014 14.2488 0 01 -0 0 0 0 -0 0 0 0 -0 0 0 16.4763 41.293 4.48157 114.254 
0.000961496505447254849 0.968465 0 297104 97.652 15.133 13.4139 0 01 0 0 0 0 0 0 0 0 0 0 0 9.76765 30.3069 67.4158 75.4135 
0.000961496505447254849 1.10474 0 359428 98.4291 15.281 13.5537 0 01 0 0 0 0 0 0 0 0 0 0 0 5.54112 28.7963 0 2.29576 
0.000961496505447254849 1.21442 0 306326 96.9957 15.2346 13.5098 0 01 0 0 0 0 0 0 0 0 0 0 0 8.5583 28.1761 0 13.7068 
0.000961496505447254849 1.38534 0 188351 108.592 16.1163 14.3461 0 01 0 0 -0 0 0 0 -0 0 0 0 -0 16.2794 44.9742 0 214.342 
0.000961496505447254849 1.75555 0 332286 106.732 16.044 14.2773 0 01 0 0 0 0 0 0 0 0 0 0 0 8.67899 24.1933 87.9969 109.279 
0.000961496505447254849 1.77826 0 217686 100.932 15.5128 13.773 0 01 0 -0 0 0 0 -0 0 0 0 -0 0 10.8709 27.0604 203.809 317.921 
0.000961496505447254849 1.86689 0 338933 97.2335 15.0579 13.343 0 01 0 0 0 0 0 0 0 0 0 0 0 5.72135 22.8651 86.8805 86.8805 
0.000961496505447254849 3.73502 0 381331 98.9901 15.3825 13.6497 0 01 0 0 0 0 0 0 0 0 0 0 0 0 6.21505 0 0 
0.0010024692516968658 0.378862 0 168168 93.8479 14.8552 13.1519 0 01 0 0 0 0 0 0 0 0 0 0 0 29.4209 67.1005 340.754 1608.31 
0.0010024692516968658 0.461475 0 167048 92.1791 14.7041 13.0097 0 01 -0 0 0 0 -0 0 0 0 -0 0 0 24.4786 65.1322 705.471 1720.79 
0.0010024692516968658 0.526307 0 276984 84.596 14.0926 11.6824 0 30.72351 -24.4177 18.0805 4.56097 0 0 0 0 0 0 0 0 27.5799 69.8526 182.905 1291.86 
0.0010024692516968658 0.544634 0 213487 96.2306 15.0949 13.3779 0 01 0 0 0 0 0 0 0 0 0 0 0 20.4548 58.489 623.53 1251.97 
0.0010024692516968658 0.573275 0 295028 95.0137 14.8602 13.1567 0 01 0 0 0 0 0 0 0 0 0 0 0 18.3731 58.4817 482.768 831.166 
0.0010024692516968658 0.605284 0 269660 94.1229 14.9064 13.2001 0 01 0 0 0 0 0 0 0 0 0 0 0 23.1746 55.373 447.53 1162.2 
0.0010024692516968658 0.613289 0 242650 92.7104 14.813 13.1122 0 01 0 0 0 0 0 0 0 0 0 0 0 20.9801 54.9268 608.467 658.449 
0.0010024692516968658 0.665638 0 147898 86.2269 14.2444 12.0064 0 34.6261 12.5796 21.437 24.1075 0 0 0 0 0 0 0 0 26.4905 64.3071 255.815 1556.92 
0.0010024692516968658 0.750192 0 136651 90.7845 14.6284 12.8634 0 3.073141 -0.0733647 0.640366 -3.00478 0 0 0 0 0 0 0 0 14.4309 47.0175 182.029 529.815 
0.0010024692516968658 0.757079 0 61874 92.5073 14.7725 13.0741 0 01 0 -0 0 0 0 -0 0 0 0 -0 0 14.4309 47.0175 182.029 529.815 
0.0010024692516968658 0.787796 0 301990 89.0787 14.4921 12.553 0 8.112891 -5.55938 0.398587 -5.89521 0 0 0 0 0 0 0 0 25.1137 61.2535 763.377 1017.24 
0.0010024692516968658 0.789071 0 248388 83.4287 13.8476 11.1778 0 91.80051 -83.8202 33.1089 -17.4734 0 0 0 0 0 0 0 0 25.1137 61.2535 763.377 1017.24 
0.0010024692516968658 0.902941 0 206906 91.7153 14.6162 12.8355 0 6.542821 5.49906 3.54239 -0.142505 0 0 0 -0 0 0 0 -0 21.4338 58.887 119.619 461.563 
0.0010024692516968658 0.921762 1 259495 0 14.4838 12.5343 0 0 1 2.31716 2.68536 -0.567506 0 0 0 -0 0 0 0 -0 19.2814 62.6116 58.1248 513.144 
0.0010024692516968658 0.922775 0 241128 90.5167 14.58 12.7525 0 2.88971 2.88956 -0.0290272 0.000194347 0 0 0 0 0 0 0 0 19.2814 62.6116 58.1248 513.144 
0.0010024692516968658 0.941739 0 206747 96.1646 15.079 13.3629 0 01 0 0 0 0 0 0 0 0 0 0 0 20.8716 65.4203 123.69 569.574 
0.0010024692516968658 1.00056 0 315059 88.2093 14.318 12.1664 0 7.906761 -2.28118 -7.46953 1.23256 0 0 -0 0 0 0 -0 0 17.2472 48.6692 10.0092 292.694 
0.0010024692516968658 1.0032 0 310574 84.2628 14.0355 11.563 0 79.70731 -47.6527 -47.2767 42.9812 0 0 0 0 0 0 0 0 17.2472 48.6692 10.0092 292.694 
0.0010024692516968658 1.06549 0 317450 87.5857 14.3439 12.2231 0 17.5341 11.3616 -13.3404 -0.621607 0 0 -0 0 0 0 -0 0 22.6699 54.9581 70.1053 593.061 
0.0010024692516968658 1.17019 0 301737 91.1998 14.7203 13.025 0 01 0 -0 0 0 0 -0 0 0 0 -0 0 13.7386 52.9357 415.89 415.89 
0.0010024692516968658 1.22922 0 345768 95.6185 14.9796 13.2692 0 01 0 0 0 0 0 0 0 0 0 0 0 14.6703 43.0598 0 76.0596 
0.0010024692516968658 1.28514 0 159815 87.188 14.2548 12.0288 0 47.86611 2.17879 17.049 44.6739 0 0 0 0 0 0 0 0 21.6765 52.1531 31.9525 830.462 
0.0010024692516968658 1.30071 0 176205 86.732 14.1607 11.8268 0 21.06451 -0.198006 4.45 20.5882 0 -0 0 0 0 -0 0 0 10.5595 44.913 1.85862 418.56 
0.0010024692516968658 1.45962 0 292476 87.8142 14.2421 12.0014 0 46.55281 -46.4416 1.86303 -2.61993 0 0 0 -0 0 0 0 -0 14.7262 48.366 0 29.6818 
0.0010024692516968658 1.52786 0 78203 85.2054 14.0336 11.559 0 20.45511 19.0425 -7.45082 -0.52658 0 0 -0 0 0 0 -0 0 9.13568 39.6507 19.1614 19.1614 
0.0010024692516968658 1.65867 0 239750 89.6003 14.4065 12.3615 0 7.169031 5.64495 4.05811 1.74967 0 0 0 0 0 0 0 0 21.4951 53.1239 33.8624 89.0983 
0.0010024692516968658 1.68637 0 345065 90.159 14.5069 12.5864 0 13.29521 4.73124 12.3367 1.47804 0 0 0 0 0 0 0 0 21.4951 53.1239 33.8624 89.0983 
0.0010024692516968658 2.02216 0 261806 94.5324 14.9801 13.2696 0 01 0 0 -0 0 0 0 -0 0 0 0 -0 8.08199 32.1978 0 388.166 
0.0010024692516968658 2.16373 0 361959 84.4833 14.0637 11.6218 0 8.078731 0.694908 -6.67912 4.49136 0 0 -0 0 0 0 -0 0 10.7331 36.4667 0 250.407 
0.0010024692516968658 2.26411 1 178115 104.318 11.3326 7.26158 0 0 1 -6.4909 -5.68393 7.10575 0 0 0 0 0 0 0 0 11.5244 27.648 0 69.3143 
0.0010024692516968658 2.48152 0 379198 81.8962 13.6901 10.865 0 21.16071 -17.1101 -10.8755 6.06193 0 0 0 0 0 0 0 0 4.82753 19.7991 0 0 
0.0010213552938105829 0.243312 0 122627 80.8837 13.6624 10.8111 0 45.41041 45.3965 0.687293 0.886053 0 0 0 0 0 0 0 0 11.9429 34.5188 719.694 1686.79 
0.0010213552938105829 0.249165 0 59411 0.289367 13.3342 10.1918 0 15.73881 10.7163 -6.6883 -9.38828 0 0 0 0 0 0 0 0 11.9429 34.5188 719.694 1686.79 
0.0010213552938105829 0.249905 1 24087 0 10.6781 6.61406 0 0 1 -29.7821 141.52 88.4838 0 0 0 0 0 0 0 0 11.9429 34.5188 719.694 1686.79 
0.0010213552938105829 0.402706 0 115918 78.7712 13.3719 10.261 0 115.4931 96.1126 63.7889 -5.65366 0 0 0 -0 0 0 0 -0 19.7499 39.107 1602.88 2414.68 
0.0010213552938105829 0.561933 0 161709 79.0924 13.4576 10.42 0 34.01121 30.821 13.7788 4.12 0 0 0 0 0 0 0 0 19.9373 40.4621 388.89 1438.29 
0.0010213552938105829 0.71316 0 330344 76.1778 13.1916 9.93504 0 66.38031 56.8782 -17.305 29.5254 0 0 0 0 0 0 0 0 12.832 32.1511 0 135.022 
0.0010213552938105829 0.81113 0 219171 80.0316 13.6456 10.7784 0 48.31321 -47.2897 -5.53257 8.1999 0 -0 0 0 0 -0 0 0 8.11086 34.1445 51.6809 1095.44 
0.0010213552938105829 1.07167 0 283475 79.1005 13.4579 10.4205 0 76.38691 41.9696 34.4912 53.7016 0 0 0 0 0 0 0 0 5.40069 25.8844 0 175.702 
0.0010213552938105829 1.18446 0 218214 81.2453 13.7362 10.9557 0 50.37831 -11.7075 7.63183 -48.401 0 0 0 0 0 0 0 0 11.9599 34.61 128.964 128.964 
0.0010213552938105829 1.29397 0 362265 81.1199 13.7097 10.9035 0 80.71571 -80.4653 -1.81145 -6.08819 0 0 0 0 0 0 0 0 5.07229 16.5559 0 94.8348 
0.0010213552938105829 1.40961 0 176470 78.0612 13.3722 10.2615 0 53.24361 -39.9345 2.06924 -35.1545 0 0 0 0 0 0 0 0 5.68603 25.5266 5.44654 5.44654 
0.0010213552938105829 2.16299 0 362975 76.5562 13.2795 10.0924 0 48.74141 29.8058 -38.5357 1.5279 0 0 0 0 0 0 0 0 0 10.6901 0 0 
0.0010213552938105829 2.58569 0 366895 78.4317 13.4516 10.4087 0 36.61691 24.3342 -1.23363 -27.3336 0 0 0 0 0 0 0 0 2.57858 9.98529 0 0 
0.0010213552938105829 2.8837 0 395360 79.5825 13.551 10.5964 0 105.1841 9.66266 -99.2927 -33.3344 0 0 0 0 0 0 0 0 5.8019 17.0487 0 0 
0.00105241419227810663 0.0745501 0 9114 75.9226 13.1609 9.88068 0 61.94041 39.4823 1.11718 -47.7127 0 0 0 -0 0 0 0 -0 14.5688 31.9222 1767.11 5291.92 
0.00105241419227810663 0.159671 0 4485 74.1323 12.8916 9.4191 0 104.8321 -18.6094 -102.495 11.7578 0 0 -0 0 0 0 -0 0 14.5688 31.9222 1767.11 5291.92 
0.00105241419227810663 0.224771 1 42429 0 10.3937 6.38156 0 0 1 -108.633 1.76475 4.65288 0 -0 0 0 0 -0 0 0 14.0262 35.8754 893.507 2933.3 
0.00105241419227810663 0.20476 1 0 0 13.1132 9.79711 0 0 1 15.4219 104.712 19.0643 1 15.373 105.332 15.6845 0 0 0 0 14.0262 35.8754 893.507 2933.3 
0.00105241419227810663 0.347734 0 51259 69.5325 12.5177 8.82173 0 56.86581 -36.8943 -40.4425 15.3928 0 0 -0 0 0 0 -0 0 21.6793 56.6319 1135.27 2643.39 
0.00105241419227810663 0.385632 1 235378 77.4806 10.5175 6.47939 0 0 1 6.93112 6.88531 0.755902 0 0 0 0 0 0 0 0 20.0784 48.457 599.987 1725.83 
0.00105241419227810663 0.471671 0 153939 71.4512 12.6636 9.04884 0 71.99381 70.7315 12.7478 4.20336 0 0 0 0 0 0 0 0 18.6617 51.6975 20.3719 1626.92 
0.00105241419227810663 0.511649 1 0 0 11.9637 8.02964 0 0 1 -40.7014 -2.08357 -15.3137 1 -39.3097 1.83076 -18.3489 0 0 0 -0 22.4962 55.1441 328.006 1088.82 
0.00105241419227810663 0.536869 0 152617 73.6069 12.8637 9.37271 0 58.6581 -25.9847 51.6284 10.0031 0 -0 0 0 0 -0 0 0 15.3469 48.3677 242.477 912.252 
0.00105241419227810663 0.579119 0 205777 70.9066 12.6644 9.05005 0 42.41711 41.1225 -8.48452 -6.01378 0 0 -0 0 0 0 -0 0 17.8927 54.3504 638.845 989.302 
0.00105241419227810663 0.586717 0 174664 69.4959 12.5129 8.8144 0 132.8261 -31.9031 24.5027 -126.588 0 0 0 -0 0 0 0 -0 17.8927 54.3504 638.845 989.302 
0.00105241419227810663 0.647476 0 389536 76.1127 13.1843 9.92202 0 88.17731 42.9727 -76.9963 0.379596 0 0 0 0 0 0 0 0 23.9001 53.6131 416.834 1415.15 
0.00105241419227810663 0.66821 0 102311 75.0149 13.0789 9.73745 0 85.70941 -53.8976 52.3609 -41.2248 0 -0 0 0 0 -0 0 0 17.3584 48.1242 38.2455 337.637 
0.00105241419227810663 0.770266 0 114706 70.8061 12.6415 9.01397 0 134.2411 126.598 17.4068 41.1171 0 0 0 0 0 0 0 0 17.6136 50.4865 150.017 661.508 
0.00105241419227810663 0.967261 0 335995 70.2877 12.5142 8.81644 0 88.50551 52.7805 -57.6312 -41.5463 0 0 0 0 0 0 0 0 13.3343 44.8171 23.7898 75.9667 
0.00105241419227810663 1.36942 0 328227 72.1206 12.8144 9.29163 0 112.9571 21.5059 101.689 -44.2295 0 0 0 0 0 0 0 0 10.9888 27.5666 51.6226 97.4717 
0.00105241419227810663 2.02736 0 372935 69.5046 12.5134 8.8152 0 126.9511 -86.649 -35.11 85.8825 0 -0 0 0 0 -0 0 0 6.13354 18.4035 0 1.53763 
0.00105241419227810663 8.87263 0 369055 72.2816 12.7072 9.11817 0 60.43351 38.6521 -42.8149 -18.0307 0 0 0 0 0 0 0 0 3.13005 10.0808 0 0 
0.00106868726742827573 0.203842 0 24013 68.8349 12.3519 8.57315 0 83.3681 -0.258751 -82.3571 12.9408 0 0 0 0 0 0 0 0 12.358 27.1905 1643.12 2210.78 
0.00106868726742827573 0.231646 0 121014 67.3249 12.2371 8.40678 0 89.96681 -85.0342 -20.8541 20.6959 0 0 0 0 0 0 0 0 15.5605 35.704 1055.08 1646.04 
0.00106868726742827573 0.262786 0 71530 66.0952 12.0722 8.17602 0 120.6821 112.843 39.7123 -15.9172 0 0 0 -0 0 0 0 -0 15.5605 35.704 1055.08 1646.04 
0.00106868726742827573 0.27326 0 111328 67.4826 12.2752 8.46147 0 195.6651 19.6831 -13.1013 -194.231 0 0 -0 0 0 0 -0 0 16.0064 35.6755 635.372 1743.76 
0.00106868726742827573 0.498656 0 215727 68.5989 12.2993 8.49624 0 72.84781 -72.3741 -6.63157 -4.98146 0 -0 0 0 0 -0 0 0 11.8029 32.3763 4.33176 408.379 
0.00106868726742827573 0.717499 0 196871 67.4387 12.2646 8.4462 0 53.98251 45.8358 15.8012 -23.7383 0 0 0 0 0 0 0 0 17.1928 36.6353 57.4137 846.635 
0.00106868726742827573 0.717535 0 233206 67.6307 12.1955 8.34759 0 110.5041 53.3002 -82.1199 51.2504 0 0 0 0 0 0 0 0 17.1928 36.6353 57.4137 846.635 
0.00109281473369089613 0.140517 0 12700 64.3014 11.8866 7.9282 0 103.5221 64.4454 38.7168 -71.1661 0 0 0 0 0 0 0 0 9.71335 25.4257 779.326 2222.76 
0.00109281473369089613 0.405847 0 88100 64.7006 11.8704 7.90709 0 57.58311 -47.9964 25.5759 -18.9217 0 -0 0 0 0 -0 0 0 17.6099 52.1989 299.108 1071.16 
0.00109281473369089613 0.408017 0 177308 63.2174 11.77 7.77873 0 55.87081 44.6241 -32.2049 9.64768 0 0 0 0 0 0 0 0 17.6099 52.1989 299.108 1071.16 
0.00109281473369089613 0.438316 0 228927 65.7464 12.0031 8.08227 0 130.3231 -127.52 19.0684 -18.9478 0 0 0 0 0 0 0 0 14.321 47.6474 26.8087 724.85 
0.00109281473369089613 0.481423 0 235912 63.1944 11.7652 7.77263 0 161.8081 -160.325 -8.51355 20.1274 0 0 0 0 0 0 0 0 21.216 47.2736 669.439 1372.04 
0.00109281473369089613 0.525911 0 37142 63.1007 11.752 7.75613 0 186.4471 -46.4648 -91.3999 -155.723 0 0 0 -0 0 0 0 -0 13.442 40.9667 72.9017 776.546 
0.00109281473369089613 0.545395 0 203575 65.9753 12.0442 8.13789 0 81.63021 -80.2321 -3.91737 14.5244 0 -0 0 0 0 -0 0 0 16.2227 43.2118 309.214 978.127 
0.00109281473369089613 0.596556 0 11010 64.4191 11.9143 7.96439 0 81.08421 72.358 27.0563 -24.6356 0 0 0 0 0 0 0 0 17.562 45.1202 608.939 1045.16 
0.00109281473369089613 0.605675 0 25684 63.0733 11.7399 7.74094 0 50.46981 15.0728 43.9177 -19.7799 0 0 0 0 0 0 0 0 18.297 41.3717 332.489 831.289 
0.00109281473369089613 0.611606 0 166865 62.8942 11.7243 7.72146 0 108.0551 -13.7436 43.2377 98.0689 0 0 0 0 0 0 0 0 18.297 41.3717 332.489 831.289 
0.00109281473369089613 0.736204 0 150382 65.3114 12.0302 8.11883 0 107.0351 -103.147 -21.1657 -19.2151 0 0 0 -0 0 0 0 -0 9.70973 34.4256 0 239.132 
0.00109281473369089613 0.799936 0 310350 64.3893 11.9088 7.95715 0 188.3191 177.601 52.609 -33.9727 0 0 0 0 0 0 0 0 20.7587 43.9357 44.7229 106.197 
0.00109281473369089613 1.02817 0 295191 62.2835 11.6467 7.62598 0 113.3271 -110.04 16.0716 21.8155 0 0 0 0 0 0 0 0 8.1791 34.9168 44.8879 290.069 
0.00109281473369089613 1.0955 0 234580 65.5664 12.0773 8.18309 0 66.7211 -42.1217 38.32 34.7711 0 -0 0 0 0 -0 0 0 12.0335 29.5443 0 274.855 
0.00109281473369089613 1.15202 0 325363 63.3838 11.8165 7.83769 0 181.3391 -135.046 -6.21734 120.863 0 0 -0 0 0 0 -0 0 7.03251 28.0636 241.851 284.985 
0.00109281473369089613 2.13631 1 371012 66.0513 9.92272 6.05658 0 0 1 6.96507 -0.664519 7.93743 0 0 0 0 0 0 0 0 6.42862 17.3022 0 0 
0.00112063467364120696 0.103924 0 181303 61.4273 11.6026 7.57266 0 53.98411 -40.2301 7.06569 -35.2974 0 0 0 0 0 0 0 0 14.6499 29.9324 2358.14 5211.73 
0.00112063467364120696 0.353095 0 95702 60.5667 11.3902 7.32561 0 98.26911 74.6704 -56.8434 29.1546 0 0 0 0 0 0 0 0 19.475 46.2003 1006.24 1736.64 
0.00112063467364120696 0.584748 0 218505 59.8231 11.3278 7.25606 0 177.5811 -172.827 40.7429 -2.44141 0 0 0 0 0 0 0 0 18.8011 47.0637 111.424 514.383 
0.00112063467364120696 0.589039 0 164435 61.1483 11.5254 7.48096 0 223.211 208.36 -14.116 -78.802 0 0 0 0 0 0 0 0 18.8011 47.0637 111.424 514.383 
0.00112063467364120696 0.603518 0 213283 0 11.5319 7.48866 0 141.8361 -30.5909 135.535 28.4939 0 0 0 0 0 0 0 0 22.0339 50.7631 744.085 1182.44 
0.00112063467364120696 0.67768 0 107024 60.5044 11.3714 7.30452 0 50.77621 -29.4704 39.8478 -11.0394 0 0 0 0 0 0 0 0 17.6447 45.5481 0 319.077 
0.00112063467364120696 0.699537 0 176147 59.5084 11.236 7.15628 0 159.4461 -70.8521 133.238 51.4839 0 0 0 0 0 0 0 0 16.8762 39.3757 27.9655 516.511 
0.00112063467364120696 0.715095 0 85265 58.7173 11.5113 7.46448 0 81.50031 -71.7371 -12.8142 36.4948 0 0 -0 0 0 0 -0 0 16.8762 39.3757 27.9655 516.511 
0.00112063467364120696 0.840333 0 295960 60.9026 11.4728 7.41975 0 63.99681 52.7739 16.4996 32.2222 0 0 0 0 0 0 0 0 17.4393 43.1551 209.343 503.903 
0.00112063467364120696 0.869863 0 197790 61.1754 11.5327 7.48955 0 99.47851 84.4864 50.1618 -15.5506 0 0 0 0 0 0 0 0 10.6092 37.9468 80.0847 141.97 
0.00112063467364120696 0.960901 0 147276 58.7407 11.5063 7.45866 0 43.30471 41.545 4.1358 -11.4978 0 0 0 0 0 0 0 0 13.559 36.8527 112.171 122.035 
0.00112063467364120696 1.0008 0 338207 60.5699 11.3887 7.32389 0 120.2821 92.7041 -72.1429 -25.8665 0 0 0 0 0 0 0 0 15.9787 39.0141 0 315.401 
0.00112063467364120696 1.01402 0 25991 61.3019 11.5622 7.52437 0 59.9411 -19.568 -30.0152 -48.0531 0 0 -0 0 0 0 -0 0 15.9787 39.0141 0 315.401 
0.00112063467364120696 1.01517 0 184514 59.5604 11.285 7.20916 0 227.0521 2.57369 13.4034 -226.642 0 0 0 0 0 0 0 0 15.9787 39.0141 0 315.401 
0.00112063467364120696 1.23986 0 269591 60.8854 11.4716 7.41837 0 73.05541 -72.8704 -3.31419 4.00204 0 0 0 0 0 0 0 0 18.8103 48.9102 372.566 427.924 
0.00112063467364120696 1.31818 0 371644 59.5776 11.2801 7.20381 0 90.50051 -64.1724 27.1875 57.7328 0 0 0 0 0 0 0 0 13.0311 31.1407 38.7144 248.152 
0.00112063467364120696 1.47163 0 327684 58.6096 11.4508 7.39443 0 194.4541 189.394 -4.18343 43.8717 0 0 0 0 0 0 0 0 5.92611 34.4385 0 0 
0.00112063467364120696 1.50292 0 231968 59.6735 11.2997 7.2252 0 73.92341 -65.582 0.391546 -34.1104 0 -0 0 0 0 -0 0 0 5.92611 34.4385 0 0 
0.00112063467364120696 1.9307 0 396909 58.0621 11.3161 7.24313 0 213.5121 -199.316 -33.7476 -68.7133 0 0 0 -0 0 0 0 -0 11.5705 32.9645 0 0 
0.00112063467364120696 2.45977 0 110778 61.5212 11.6223 7.59632 0 81.95841 -79.6383 1.96488 -19.2628 0 -0 0 0 0 -0 0 0 2.52122 20.1826 0 0 
0.00112063467364120696 2.81701 0 362298 61.3799 11.581 7.54682 0 79.5331 -76.6197 -4.58055 -20.831 0 -0 0 0 0 -0 0 0 2.91444 11.2699 0 217.042 
0.00118846226240104116 0.0283899 0 134142 56.2477 10.8608 6.77953 0 174.5261 2.38521 -164.021 59.5903 0 0 0 0 0 0 0 0 19.0834 43.9783 2764.45 4430.04 
0.00118846226240104116 0.178439 1 28748 54.3326 9.25958 8.05981 0 0 1 0.988164 1.6246 1.77074 0 0 0 0 0 0 0 0 19.0834 43.9783 2764.45 4430.04 
0.00118846226240104116 0.212413 0 43106 50.8741 10.643 6.5837 0 113.571 -113.497 2.83561 2.90796 0 0 0 0 0 0 0 0 34.4289 72.1478 2470.49 4310.61 
0.00118846226240104116 0.237054 0 27716 51.6437 10.6389 6.58013 0 168.2051 89.4408 125.374 -67.6363 0 0 0 0 0 0 0 0 34.4289 72.1478 2470.49 4310.61 
0.00118846226240104116 0.257675 0 44453 51.9633 10.6329 6.57498 0 165.6991 47.5832 -152.619 43.5829 0 0 0 0 0 0 0 0 29.9279 68.663 1983.22 3484.5 
0.00118846226240104116 0.306589 0 306489 52.3269 10.6184 6.56265 0 94.67921 24.7409 45.981 -78.9797 0 0 0 -0 0 0 0 -0 33.7617 86.7216 788.095 1652.27 
0.00118846226240104116 0.311457 0 13642 55.6771 11.4021 7.33897 0 170.4621 -169.848 -14.4532 0.159747 0 -0 0 0 0 -0 0 0 33.7617 86.7216 788.095 1652.27 
0.00118846226240104116 0.322089 0 75494 52.6861 10.591 6.53965 0 249.041 107.491 221.414 37.9794 0 0 0 0 0 0 0 0 38.6815 88.6777 1467.39 3049.23 
0.00118846226240104116 0.337492 0 52253 57.7001 11.2297 7.14954 0 82.16251 -53.9892 -37.9394 48.9534 0 0 0 0 0 0 0 0 38.6815 88.6777 1467.39 3049.23 
0.00118846226240104116 0.360726 0 77606 52.4339 10.609 6.55475 0 254.7111 -49.8682 95.1599 230.945 0 0 0 0 0 0 0 0 38.7307 87.3477 1336.95 2729.34 
0.00118846226240104116 0.37632 0 56191 51.4257 10.6446 6.58504 0 61.62061 43.4532 30.4664 31.3164 0 0 0 0 0 0 0 0 37.773 94.0068 434.689 1775.11 
0.00118846226240104116 0.4187 0 265002 55.269 11.3053 7.2313 0 45.33131 37.9348 19.8081 14.9507 0 0 0 0 0 0 0 0 32.5302 83.836 559.589 1651.28 
0.00118846226240104116 0.441871 0 37483 52.7163 10.5932 6.54148 0 227.0381 225.262 -26.6587 -9.62003 0 0 0 0 0 0 0 0 38.8438 97.5433 681.556 2233.07 
0.00118846226240104116 0.521948 0 291197 57.4143 11.138 7.05307 0 76.10841 63.7098 40.7341 8.61897 0 0 0 0 0 0 0 0 36.6026 89.0291 810.635 1762.46 
0.00118846226240104116 0.564444 0 10715 54.7275 11.1161 7.03047 0 100.7191 -22.0054 -95.1319 24.6971 0 0 0 0 0 0 0 0 37.0337 91.0629 1297 2148.96 
0.00118846226240104116 0.57535 1 156600 59.8262 9.36866 8.15529 0 0 1 3.74677 0.932845 -0.127011 0 0 0 0 0 0 0 0 37.0337 91.0629 1297 2148.96 
0.00118846226240104116 0.643886 0 179664 56.8427 11.0068 6.92018 0 119.9721 3.06438 44.4478 -111.393 0 0 0 0 0 0 0 0 37.5172 91.0439 70.3503 919.013 
0.00118846226240104116 0.650151 0 165646 52.3922 10.6199 6.56392 0 81.67771 61.1289 -50.1451 20.4933 0 0 0 0 0 0 0 0 42.9062 104.178 323.415 1686.44 
0.00118846226240104116 0.673338 0 194166 51.865 10.6315 6.5738 0 58.07931 27.3455 -36.6041 35.8548 0 0 -0 0 0 0 -0 0 32.0738 76.5276 255.492 816.949 
0.00118846226240104116 0.732275 0 154047 51.7776 10.6336 6.57562 0 165.091 130.176 -95.7594 -33.7519 0 0 -0 0 0 0 -0 0 27.0175 76.0593 316.105 1404.34 
0.00118846226240104116 0.744154 0 398758 57.0943 11.0537 6.96703 0 128.0151 59.0723 112.642 -14.4867 0 0 0 0 0 0 0 0 24.1879 71.8219 198.442 553.672 
0.00118846226240104116 0.761548 0 235966 55.6077 11.3814 7.31574 0 63.13261 -36.1405 -9.89736 50.8097 0 0 0 0 0 0 0 0 24.1879 71.8219 198.442 553.672 
0.00118846226240104116 0.880957 0 74245 51.1709 10.6319 6.57413 0 84.12291 82.8547 14.3003 2.69556 0 0 0 0 0 0 0 0 22.1144 72.5962 225.867 545.007 
0.00118846226240104116 0.908693 0 128897 55.4251 11.3248 7.25274 0 83.65731 -11.0195 82.2421 10.6467 0 0 0 0 0 0 0 0 30.1822 82.2529 229.344 283.515 
0.00118846226240104116 0.918134 0 359834 50.5153 10.6481 6.58804 0 104.3381 -65.2623 27.4092 76.6543 0 0 0 0 0 0 0 0 30.1822 82.2529 229.344 283.515 
0.00118846226240104116 0.95548 1 270680 52.7097 9.03807 7.86672 0 0 1 -0.435594 0.70042 1.64702 0 0 0 0 0 0 0 0 26.3118 80.0877 59.2366 1232.63 
0.00118846226240104116 1.02541 0 58352 55.3119 11.3129 7.23962 0 47.15771 -1.69051 -43.0143 -19.2553 0 0 -0 0 0 0 -0 0 28.9948 91.1788 369.97 803.363 
0.00118846226240104116 1.06376 0 317807 57.5989 11.2235 7.14293 0 285.4671 -250.929 -15.8931 135.18 0 0 0 0 0 0 0 0 21.3605 62.0322 73.3214 550.821 
0.00118846226240104116 1.21242 0 277897 54.1417 10.9479 6.86256 0 121.5581 5.66656 83.8987 87.78 0 0 0 0 0 0 0 0 21.8738 63.2415 71.5917 244.133 
0.00118846226240104116 1.35688 1 289012 57.5222 9.42396 8.20373 0 0 1 -0.924245 0.601129 1.45422 0 0 0 0 0 0 0 0 29.6961 66.1804 77.2886 446.234 
0.00118846226240104116 1.57908 0 324126 54.2403 10.9762 6.89011 0 163.2941 -161.66 -22.1568 -6.32372 0 0 0 0 0 0 0 0 21.8611 67.3601 381.687 603.335 
0.00118846226240104116 1.596 0 379809 53.2254 10.6938 6.62785 0 182.6941 164.501 5.86744 79.2601 0 0 0 0 0 0 0 0 24.2814 55.0446 78.8325 461.49 
0.00118846226240104116 1.77622 0 317685 56.9542 11.0188 6.93207 0 143.7421 92.5936 109.843 4.76158 0 0 0 0 0 0 0 0 19.5137 70.8496 224.846 345.388 
0.00118846226240104116 1.80413 0 361840 51.3662 10.6493 6.58909 0 133.8611 14.1948 -131.733 -19.0652 0 0 0 0 0 0 0 0 19.5137 70.8496 224.846 345.388 
0.00118846226240104116 1.80486 0 243358 57.0413 11.0525 6.96579 0 33.65281 33.577 2.1103 0.802407 0 0 0 0 0 0 0 0 19.5137 70.8496 224.846 345.388 
0.00118846226240104116 1.91556 0 235149 52.2635 10.6256 6.56872 0 167.0731 -166.149 5.80289 -16.5641 0 0 0 0 0 0 0 0 15.4249 42.7282 10.3363 129.609 
0.00118846226240104116 2.07897 0 344057 50.9575 10.6287 6.57142 0 183.6871 183.217 -1.52147 -13.0396 0 0 0 0 0 0 0 0 12.2603 45.1864 425.197 468.034 
0.00118846226240104116 2.32557 0 381642 54.1803 10.9663 6.88044 0 156.2381 -123.781 -40.32 86.3876 0 0 0 0 0 0 0 0 11.701 51.7437 0 65.4097 
0.00118846226240104116 2.44488 0 383467 56.599 10.9583 6.87266 0 106.5341 -65.0716 23.1272 81.1191 0 0 0 0 0 0 0 0 10.0956 27.6968 0 17.4053 
0.00125005917528380676 0.152357 1 0 0 10.5522 6.50753 0 0 1 136.684 -27.7148 -137.107 1 134.975 -29.3882 -138.472 0 0 0 -0 19.4219 46.1079 1469.15 3195.06 
0.00125005917528380676 0.25025 0 99846 48.7235 10.6611 6.59934 0 80.93491 47.1386 -59.7286 27.5844 0 0 -0 0 0 0 -0 0 28.2926 73.698 704.534 2103.96 
0.00125005917528380676 0.25116 0 157557 48.6908 10.6711 6.60803 0 120.2131 118.185 -11.094 -18.9834 0 0 0 -0 0 0 0 -0 28.2926 73.698 704.534 2103.96 
0.00125005917528380676 0.264219 0 37829 45.571 10.4989 6.46424 0 128.9541 -128.609 -9.37607 1.0084 0 0 -0 0 0 0 -0 0 28.2926 73.698 704.534 2103.96 
0.00125005917528380676 0.267173 0 34504 0 15.9257 14.1648 0 01 0 0 -0 0 0 0 -0 0 0 0 -0 28.2926 73.698 704.534 2103.96 
0.00125005917528380676 0.289771 0 54190 49.2892 10.6311 6.57347 0 116.1511 114.551 5.81344 18.3159 0 0 0 0 0 0 0 0 34.5644 77.85 1198.63 2839.58 
0.00125005917528380676 0.367132 0 177060 46.786 10.5598 6.51382 0 42.46091 40.5643 0.82073 12.5218 0 0 0 0 0 0 0 0 32.8303 80.0033 1132.25 2728.09 
0.00125005917528380676 0.448408 0 58596 45.3218 10.4548 6.42917 0 102.5091 95.8531 -20.1592 30.2301 0 0 0 0 0 0 0 0 32.461 79.0753 790.353 2283.41 
0.00125005917528380676 0.459649 0 57888 45.7057 10.5089 6.47231 0 58.49141 -41.2402 -3.78948 -41.3053 0 0 0 -0 0 0 0 -0 32.461 79.0753 790.353 2283.41 
0.00125005917528380676 0.462739 0 55710 46.9203 10.5866 6.536 0 214.011 -135.657 161.01 -38.3805 0 0 0 -0 0 0 0 -0 32.461 79.0753 790.353 2283.41 
0.00125005917528380676 0.483365 0 282000 46.7004 10.5458 6.50234 0 66.32341 -52.0495 -35.5592 -20.6201 0 0 0 -0 0 0 0 -0 34.6724 78.8341 462.367 1350.08 
0.00125005917528380676 0.506422 0 144755 46.2284 10.5691 6.52146 0 132.3131 -81.0458 92.9409 -47.9603 0 0 0 0 0 0 0 0 33.1795 79.4581 117.693 892.404 
0.00125005917528380676 0.514468 0 139943 46.444 10.597 6.54467 0 176.4851 -117.681 91.4998 94.4766 0 0 0 0 0 0 0 0 33.1795 79.4581 117.693 892.404 
0.00125005917528380676 0.526869 0 60170 45.2368 10.5585 6.51273 0 49.15731 -43.9873 12.0506 18.3396 0 -0 0 0 0 -0 0 0 36.8011 94.6221 251.987 1105.08 
0.00125005917528380676 0.54443 0 246886 46.5453 10.6089 6.55468 0 121.3081 -1.94273 13.854 -120.498 0 -0 0 0 0 -0 0 0 30.1262 73.9827 156.705 619.3 
0.00125005917528380676 0.611931 0 65477 45.4948 10.4776 6.44721 0 161.9891 -151.948 -56.0966 -2.31781 0 -0 0 0 0 -0 0 0 28.4269 93.2967 166.165 405.698 
0.00125005917528380676 0.623141 0 116262 49.0266 10.6433 6.58395 0 140.0011 -58.1088 51.77 -116.376 0 0 0 0 0 0 0 0 28.4269 93.2967 166.165 405.698 
0.00125005917528380676 0.624028 0 256067 48.9333 10.6518 6.59127 0 121.0461 120.835 -5.44646 -4.61913 0 0 -0 0 0 0 -0 0 28.4269 93.2967 166.165 405.698 
0.00125005917528380676 0.651851 0 89578 49.7995 10.7026 6.63557 0 82.78721 -74.4381 -8.94691 35.109 0 -0 0 0 0 -0 0 0 35.1301 83.532 377.099 951.44 
0.00125005917528380676 0.681155 0 194155 45.6927 10.5054 6.4695 0 56.99711 50.9804 19.8264 -16.018 0 0 0 0 0 0 0 0 37.7371 91.2408 605.498 1526.99 
0.00125005917528380676 0.709126 0 162029 49.042 10.6435 6.58414 0 256.9921 -254.159 30.1183 -23.2585 0 0 0 0 0 0 0 0 34.7946 87.9273 235.215 1343.83 
0.00125005917528380676 0.731067 0 185627 50.0487 10.6822 6.61765 0 80.58161 20.5061 22.6491 -74.5648 0 0 0 0 0 0 0 0 30.8435 87.3171 253.624 1296.52 
0.00125005917528380676 0.774367 0 63181 45.5723 10.4987 6.46412 0 192.6361 -93.4573 -38.8605 163.903 0 0 0 0 0 0 0 0 30.483 79.0768 223.063 299.716 
0.00125005917528380676 0.776907 0 45741 47.4805 10.6421 6.58286 0 198.4741 -197.884 14.9961 2.99812 0 0 0 0 0 0 0 0 30.483 79.0768 223.063 299.716 
0.00125005917528380676 0.833008 0 85683 44.9658 10.5276 6.48746 0 170.6391 -4.97623 -86.2775 -147.137 0 -0 0 0 0 -0 0 0 34.9484 74.1887 285.771 1360.43 
0.00125005917528380676 0.857378 0 183290 48.3797 10.7111 6.64311 0 156.8921 88.5933 -53.0249 118.13 0 0 -0 0 0 0 -0 0 30.942 88.5373 373.826 1309.09 
0.00125005917528380676 0.878703 0 205268 0.275022 11.5476 7.50715 0 176.2091 -11.3681 27.5206 -173.675 0 0 0 0 0 0 0 0 27.58 84.5001 110.497 774.126 
0.00125005917528380676 0.887313 0 290261 46.1784 10.562 6.51565 0 229.611 -211.582 47.6417 75.3938 0 0 0 0 0 0 0 0 27.58 84.5001 110.497 774.126 
0.00125005917528380676 0.916748 0 328792 48.8904 10.6683 6.60554 0 77.73441 -77.3585 -1.54053 -7.47814 0 0 -0 0 0 0 -0 0 21.1213 68.8055 6.50079 250.183 
0.00125005917528380676 0.967155 0 62226 48.302 10.7174 6.64873 0 188.191 -166.025 33.1982 -82.1526 0 0 0 0 0 0 0 0 22.4088 71.2545 60.8954 303.077 
0.00125005917528380676 0.978458 0 239587 46.862 10.5665 6.51938 0 197.5381 -191.966 30.5979 35.1298 0 -0 0 0 0 -0 0 0 22.4088 71.2545 60.8954 303.077 
0.00125005917528380676 0.984073 0 244454 47.648 10.6777 6.61375 0 260.6341 14.6021 117.671 232.1 0 0 0 0 0 0 0 0 22.4088 71.2545 60.8954 303.077 
0.00125005917528380676 1.00176 0 161343 49.6198 10.7344 6.66382 0 244.5291 -207.132 -67.6536 110.967 0 0 -0 0 0 0 -0 0 26.1919 71.5447 0 211.977 
0.00125005917528380676 1.04058 0 164882 47.7203 10.682 6.61748 0 152.3921 -127.668 67.8653 48.1505 0 0 0 0 0 0 0 0 24.9937 58.2908 253.263 694.729 
0.00125005917528380676 1.05409 0 183715 49.3078 10.6314 6.57366 0 146.4021 -85.8326 86.8914 -80.7229 0 -0 0 0 0 -0 0 0 24.9937 58.2908 253.263 694.729 
0.00125005917528380676 1.06391 0 334216 46.162 10.559 6.51313 0 155.8881 -53.2343 146.056 11.6194 0 0 0 0 0 0 0 0 16.1115 49.3748 56.238 642.645 
0.00125005917528380676 1.1057 0 335674 47.1338 10.6006 6.5477 0 101.8421 -35.0233 -28.947 -91.1441 0 0 0 0 0 0 0 0 22.1279 58.7319 78.8768 337.169 
0.00125005917528380676 1.11702 0 146828 45.4911 10.477 6.44678 0 98.58781 -7.33567 16.5743 -96.9074 0 0 0 0 0 0 0 0 22.1279 58.7319 78.8768 337.169 
0.00125005917528380676 1.20247 0 285251 47.225 10.6128 6.5579 0 214.41 -207.134 41.1937 -36.9592 0 0 0 0 0 0 0 0 14.6932 58.6785 11.9859 87.0519 
0.00125005917528380676 1.25726 0 384887 47.1598 10.606 6.55222 0 152.3081 0.161553 24.0634 -150.395 0 0 0 0 0 0 0 0 17.7377 64.5239 172.905 172.905 
0.00125005917528380676 1.3467 0 271044 49.4119 10.7161 6.64755 0 146.6441 31.7188 89.65 111.63 0 0 0 0 0 0 0 0 22.9729 63.5697 17.9586 70.194 
0.00125005917528380676 1.85531 0 344190 46.6096 10.6184 6.56265 0 44.80681 -24.9556 -36.7564 -5.81717 0 0 0 0 0 0 0 0 23.9863 70.5356 26.1167 370.99 
0.00125005917528380676 1.95394 0 361078 49.0859 10.6457 6.58599 0 70.57321 -54.5683 -32.1172 -31.1667 0 0 -0 0 0 0 -0 0 15.6985 47.2225 323.669 355.774 
0.00125005917528380676 2.12486 0 314533 49.0375 10.6471 6.58719 0 161.5461 148.391 57.4841 -27.7986 0 0 0 0 0 0 0 0 16.4275 43.19 0 303.31 
0.00125005917528380676 2.13323 0 351864 45.7105 10.5083 6.47184 0 171.7311 -119.607 76.6916 -96.4579 0 -0 0 0 0 -0 0 0 10.8395 30.5689 0 69.2892 
0.00125005917528380676 2.65858 0 392042 47.1703 10.6052 6.55154 0 176.331 -151.245 88.358 -20.2507 0 0 0 0 0 0 0 0 7.72318 30.6979 0 11.7003 
0.00127770541504772413 0.0562378 0 141955 43.841 10.372 6.36495 0 8.41071 8.25332 -1.59257 -0.293773 0 0 0 0 0 0 0 0 12.1758 28.9978 878.591 2286.36 
0.00127770541504772413 0.174884 0 25648 43.9216 10.3857 6.37542 0 114.4141 -15.6516 -108.52 -32.6956 0 -0 0 0 0 -0 0 0 12.1758 28.9978 878.591 2286.36 
0.00127770541504772413 0.200038 0 94719 43.369 10.4435 6.42023 0 69.39561 68.4432 11.1068 2.8128 0 0 0 0 0 0 0 0 18.6321 42.5529 877.009 1541.14 
0.00127770541504772413 0.260658 0 303887 44.4687 10.4554 6.42966 0 175.6021 158.799 20.1282 -72.2065 0 0 0 0 0 0 0 0 21.1886 50.4606 557.872 2336.44 
0.00127770541504772413 0.508639 0 83883 43.4998 10.4541 6.42863 0 173.5511 142.229 94.2614 -31.7126 0 0 0 0 0 0 0 0 18.2911 47.6575 23.791 487.948 
0.00127770541504772413 0.511496 0 120626 44.1948 10.4277 6.40787 0 58.40031 27.5424 49.8739 12.8298 0 0 0 0 0 0 0 0 18.2911 47.6575 23.791 487.948 
0.00127770541504772413 0.546898 0 35366 0.0823638 10.6489 6.58874 0 51.07021 -16.0129 -41.6728 -24.8019 0 0 0 0 0 0 0 0 17.632 56.9552 186.87 422.152 
0.00127770541504772413 0.619998 0 68583 43.541 10.3347 6.33676 0 221.1721 28.0558 -204.322 79.8888 0 0 0 0 0 0 0 0 21.0862 50.8995 200.712 464.601 
0.00127770541504772413 0.745369 0 85753 43.43 10.4486 6.42426 0 163.2881 -3.03711 -160.417 30.3319 0 0 -0 0 0 0 -0 0 15.5072 38.3429 24.7938 429.651 
0.00127770541504772413 0.753926 0 245146 44.8596 10.5165 6.47841 0 176.9231 -112.083 136.884 -1.3911 0 -0 0 0 0 -0 0 0 9.88607 39.6285 1.40774 268.565 
0.00127770541504772413 0.885534 0 393629 43.1693 10.4055 6.39065 0 101.5971 -10.2258 86.7526 51.8792 0 0 0 0 0 0 0 0 11.6646 46.6289 8.16416 620.656 
0.00127770541504772413 0.896093 0 20900 43.6574 10.3525 6.35015 0 201.0491 -16.6912 1.0967 200.352 0 0 0 0 0 0 0 0 11.6646 46.6289 8.16416 620.656 
0.00127770541504772413 0.949489 0 150523 43.4831 10.4531 6.42778 0 221.4991 122.022 101.232 -154.676 0 0 0 -0 0 0 0 -0 14.3067 38.1645 294.65 340.676 
0.00127770541504772413 1.18667 0 284845 43.5769 10.341 6.34153 0 196.2551 150.815 -120.954 -33.779 0 0 -0 0 0 0 -0 0 13.0858 42.7984 37.2254 45.0966 
0.00127770541504772413 1.7229 1 335084 46.4154 8.38545 7.29667 0 0 1 -1.96201 -1.06004 -0.717922 0 0 0 0 0 0 0 0 10.4112 34.5257 0 183.598 
0.00127770541504772413 2.32162 0 361508 44.148 10.4242 6.40514 0 147.0441 72.8683 -123.972 -30.7103 0 0 0 0 0 0 0 0 0 14.1503 0 0 
0.00136710578225628793 0.102358 0 78974 41.3222 10.3208 6.3264 0 201.2021 -96.9333 -176.037 -9.85845 0 0 0 0 0 0 0 0 25.1923 59.142 2352.57 5127.87 
0.00136710578225628793 0.146965 0 22499 40.4457 10.2459 6.27158 0 102.8731 17.7964 99.9361 16.6987 0 0 0 0 0 0 0 0 25.1923 59.142 2352.57 5127.87 
0.00136710578225628793 0.156032 0 121054 41.5427 10.3385 6.33962 0 181.9551 -172.593 -14.6345 -55.7245 0 0 0 0 0 0 0 0 25.1923 59.142 2352.57 5127.87 
0.00136710578225628793 0.167144 0 82477 40.9632 10.2885 6.30253 0 67.08771 65.344 -12.9282 -7.98654 0 0 -0 0 0 0 -0 0 25.1923 59.142 2352.57 5127.87 
0.00136710578225628793 0.237446 0 7823 39.3151 10.0958 6.16739 0 118.1591 -110.799 36.5655 -18.6606 0 0 0 -0 0 0 0 -0 37.5201 85.5998 1857.85 3216.79 
0.00136710578225628793 0.246036 0 79197 38.3837 9.96454 6.0824 0 123.1261 -49.3997 99.6566 52.8046 0 -0 0 0 0 -0 0 0 37.5201 85.5998 1857.85 3216.79 
0.00136710578225628793 0.247155 0 209143 39.2928 10.0895 6.16316 0 144.8721 15.8762 -90.5672 -111.952 0 0 0 -0 0 0 0 -0 37.5201 85.5998 1857.85 3216.79 
0.00136710578225628793 0.251731 0 70798 38.6921 9.99915 6.10424 0 203.951 170.946 -45.7539 101.389 0 0 -0 0 0 0 -0 0 35.7819 88.9004 873.089 2689.65 
0.00136710578225628793 0.302128 0 303941 38.4651 9.971 6.08644 0 194.621 -152.917 -108.543 -52.0769 0 -0 0 0 0 -0 0 0 45.2169 112.726 2156.67 3474.29 
0.00136710578225628793 0.330373 0 340616 39.9961 10.2058 6.24302 0 239.0521 138.449 176.237 83.1749 0 0 0 0 0 0 0 0 38.1405 98.0491 1235.09 2633.9 
0.00136710578225628793 0.331732 0 68259 42.4999 10.3108 6.31898 0 93.05511 52.8959 63.4014 -42.9132 0 0 0 0 0 0 0 0 38.1405 98.0491 1235.09 2633.9 
0.00136710578225628793 0.339989 0 36799 0.222626 10.5827 6.53274 0 90.39841 -56.7831 65.9705 24.4019 0 -0 0 0 0 -0 0 0 38.1405 98.0491 1235.09 2633.9 
0.00136710578225628793 0.378844 0 36465 39.0862 10.0639 6.1462 0 43.30341 -7.46373 -42.2972 5.51592 0 0 -0 0 0 0 -0 0 46.5655 104.38 940.597 1544.56 
0.00136710578225628793 0.464419 0 23355 38.7463 10.0056 6.10837 0 160.5441 -158.241 27.0867 0.483878 0 0 0 0 0 0 0 0 47.4045 105.599 222.766 1351.96 
0.00136710578225628793 0.479212 0 5284 40.5322 10.2509 6.27523 0 153.121 -130.487 -55.4105 -57.865 0 0 0 -0 0 0 0 -0 46.0032 113.405 352.808 1187.32 
0.00136710578225628793 0.499306 0 170070 42.6563 10.3461 6.34534 0 162.4211 -98.6526 -34.9906 124.193 0 0 -0 0 0 0 -0 0 46.0032 113.405 352.808 1187.32 
0.00136710578225628793 0.534888 0 111014 41.6225 10.3454 6.34484 0 138.2761 -124.875 -59.3849 0.205577 0 0 0 0 0 0 0 0 46.5582 116.106 289.179 1212.8 
0.00136710578225628793 0.544583 0 131772 42.8596 10.364 6.35889 0 189.8441 -86.8482 48.3287 -161.748 0 0 0 -0 0 0 0 -0 46.5582 116.106 289.179 1212.8 
0.00136710578225628793 0.546675 0 267239 42.8741 10.3671 6.36124 0 127.0871 -121.34 23.5167 29.5713 0 -0 0 0 0 -0 0 0 41.1977 114.672 925.484 1923.46 
0.00136710578225628793 0.582164 0 51605 40.827 10.2789 6.2955 0 106.2111 105.808 -5.10577 7.69814 0 0 0 0 0 0 0 0 48.11 115.517 763.845 1455.35 
0.00136710578225628793 0.593965 0 185827 39.6373 10.1522 6.20566 0 128.2261 95.054 -84.877 14.2344 0 0 0 0 0 0 0 0 45.2516 115.298 393.291 1268.94 
0.00136710578225628793 0.595087 1 0 0 10.273 6.29124 0 0 1 -149.906 -64.032 -73.4989 1 -152.613 -56.2549 -74.7266 0 0 0 -0 45.2516 115.298 393.291 1268.94 
0.00136710578225628793 0.748753 0 189256 40.4504 10.2455 6.27129 0 87.97351 -32.4346 -65.457 49.0174 0 0 0 0 0 0 0 0 34.1282 89.109 508.657 1353.17 
0.00136710578225628793 0.769386 0 252721 40.7212 10.2676 6.28731 0 194.4671 17.1564 20.5899 192.612 0 0 0 0 0 0 0 0 41.4621 108.212 81.0228 387.767 
0.00136710578225628793 0.788743 0 207965 40.0184 10.207 6.24385 0 235.2641 96.9811 -6.32755 -214.251 0 0 -0 0 0 0 -0 0 40.4742 114.308 558.906 1186.69 
0.00136710578225628793 0.834517 0 303045 38.5069 9.97423 6.08847 0 104.5641 30.8951 -37.3687 -92.6431 0 0 0 0 0 0 0 0 37.1121 98.7789 269.123 786.53 
0.00136710578225628793 0.879619 0 4347 41.5373 10.3392 6.34014 0 64.82531 43.2859 -15.733 45.6193 0 0 0 0 0 0 0 0 40.1848 98.6234 66.0812 433.381 
0.00136710578225628793 0.894588 0 307821 38.4061 9.96412 6.08214 0 266.7471 -112.21 -211.836 116.997 0 0 -0 0 0 0 -0 0 43.115 107.81 765.487 912.787 
0.00136710578225628793 0.910541 0 195207 39.8973 10.1781 6.22361 0 198.6161 191.241 -52.2555 12.027 0 0 0 0 0 0 0 0 43.115 107.81 765.487 912.787 
0.00136710578225628793 0.949933 0 219847 39.7453 10.1615 6.21205 0 102.2021 -37.6217 -91.8822 -24.2386 0 -0 0 0 0 -0 0 0 38.2822 103.598 123.037 360.537 
0.00136710578225628793 0.982978 1 0 44.0079 8.06506 2.29402 0 0 1 85.4477 19.6902 70.6971 1 -1.38613 -23.9045 -18.1134 0 0 0 -0 26.681 81.1559 274.42 1003.39 
0.00136710578225628793 0.985663 0 264494 39.589 10.1317 6.19159 0 129.3491 53.7797 81.3851 84.9428 0 0 0 0 0 0 0 0 26.681 81.1559 274.42 1003.39 
0.00136710578225628793 1.01799 0 255934 40.1963 10.2218 6.25434 0 249.111 166.314 -16.3974 -184.734 0 0 0 -0 0 0 0 -0 26.5148 87.8835 779.177 966.855 
0.00136710578225628793 1.04044 0 159247 38.304 9.93913 6.06661 0 135.4051 -100.794 70.0575 57.1581 0 -0 0 0 0 -0 0 0 26.3671 85.3505 254.723 996.075 
0.00136710578225628793 1.0988 0 167586 38.5806 9.98404 6.09465 0 162.7341 16.1986 33.0143 158.525 0 0 0 0 0 0 0 0 32.5741 85.9521 151.102 228.559 
0.00136710578225628793 1.10184 0 295464 40.7464 10.2717 6.29023 0 83.84211 -76.9831 32.881 -4.68389 0 0 0 0 0 0 0 0 32.5741 85.9521 151.102 228.559 
0.00136710578225628793 1.10346 0 244533 41.1435 10.3047 6.31451 0 106.71 -40.1827 -44.4732 88.2741 0 0 -0 0 0 0 -0 0 32.5741 85.9521 151.102 228.559 
0.00136710578225628793 1.11036 0 398460 39.3299 10.0935 6.16581 0 165.751 88.8419 89.1678 107.838 0 0 0 0 0 0 0 0 31.429 91.9703 5.75479 220.021 
0.00136710578225628793 1.13233 0 122995 40.6661 10.2628 6.28383 0 129.2131 -109.24 -65.5722 -21.5121 0 0 0 -0 0 0 0 -0 31.429 91.9703 5.75479 220.021 
0.00136710578225628793 1.14025 0 373672 41.3139 10.3202 6.326 0 263.6591 92.0874 34.1915 -244.677 0 0 0 0 0 0 0 0 31.429 91.9703 5.75479 220.021 
0.00136710578225628793 1.14839 0 234722 39.7889 10.1632 6.21323 0 191.2251 -4.08848 -139.938 130.26 0 -0 0 0 0 -0 0 0 28.9602 76.4097 200.97 657.104 
0.00136710578225628793 1.16912 0 50618 39.3718 10.1013 6.17107 0 43.65591 -19.8448 38.4862 5.55337 0 0 0 0 0 0 0 0 28.9602 76.4097 200.97 657.104 
0.00136710578225628793 1.21754 0 205163 40.3764 10.2404 6.26762 0 130.4291 -122.516 23.5699 38.0243 0 -0 0 0 0 -0 0 0 23.6049 81.8565 71.8078 146.944 
0.00136710578225628793 1.23105 0 222067 38.9746 10.0389 6.12983 0 116.9911 -116.991 0.0160521 -0.0065849 0 0 0 0 0 0 0 0 23.6049 81.8565 71.8078 146.944 
0.00136710578225628793 1.27078 0 334260 41.0287 10.2944 6.30688 0 58.2571 -56.3496 -0.60669 14.7728 0 0 0 0 0 0 0 0 37.137 85.6528 163.018 276.255 
0.00136710578225628793 1.28247 0 284405 0.331061 10.5893 6.53829 0 181.271 -4.51242 91.3521 156.503 0 0 0 0 0 0 0 0 37.137 85.6528 163.018 276.255 
0.00136710578225628793 1.29215 1 0 43.7001 7.9933 2.27974 0 0 1 -131.952 -35.4977 -65.1866 1 26.5037 15.3954 -10.9702 0 0 0 0 37.137 85.6528 163.018 276.255 
0.00136710578225628793 1.29651 0 292985 38.4492 9.9702 6.08594 0 77.23221 21.1572 51.0115 53.9909 0 0 0 0 0 0 0 0 37.137 85.6528 163.018 276.255 
0.00136710578225628793 1.31359 0 246436 39.3317 10.0939 6.16607 0 200.3511 -186.803 -68.516 23.4746 0 0 0 0 0 0 0 0 27.7694 80.6319 504.04 956.485 
0.00136710578225628793 1.43338 0 399060 41.5475 10.3377 6.33906 0 91.35761 -41.54 -69.1456 42.8897 0 0 0 0 0 0 0 0 29.8212 88.1222 0 266.811 
0.00136710578225628793 1.45041 1 409609 66.333 11.35 7.28058 0 0 2 132.621 15.0466 0.73342 0 0 0 0 0 0 0 0 28.0309 78.0522 59.8927 375.413 
0.00136710578225628793 1.51742 0 191234 39.5368 10.1251 6.18712 0 362.6491 -78.5924 -210.947 -284.321 0 -0 0 0 0 -0 0 0 26.0795 68.9589 2.30614 34.5157 
0.00136710578225628793 1.89331 0 330060 41.0883 10.3003 6.31121 0 131.6741 -84.4815 58.3524 82.4369 0 0 0 0 0 0 0 0 18.8671 62.1575 0 195.03 
0.00136710578225628793 1.9021 0 344240 41.4003 10.3252 6.32971 0 155.1491 -94.6366 -25.4589 120.278 0 0 0 0 0 0 0 0 18.8671 62.1575 0 195.03 
0.00136710578225628793 2.78061 0 386480 42.959 10.3756 6.36771 0 157.5561 -58.6863 -52.1693 136.595 0 -0 0 0 0 -0 0 0 12.0422 43.4313 44.4737 44.4737 
0.00136710578225628793 2.84134 0 197910 42.2259 10.2696 6.28877 0 113.6931 113.542 -5.81464 -0.732414 0 0 0 0 0 0 0 0 12.0422 43.4313 44.4737 44.4737 
0.00136710578225628793 3.28777 0 364519 41.8438 10.22 6.25304 0 127.3641 127.362 -0.793498 0.0630439 0 0 -0 0 0 0 -0 0 17.5544 36.6915 25.813 263.592 
0.00141763850508644872 0.101836 0 439538 0.226606 9.87228 6.02612 0 141.6091 13.2392 -13.6881 -140.323 0 0 0 0 0 0 0 0 21.3706 45.3889 1297.56 3662.63 
0.00141763850508644872 0.203748 0 62469 36.8054 9.9174 6.05329 0 150.0041 18.0683 -138.897 -53.6854 0 0 -0 0 0 0 -0 0 30.4447 64.5243 682.429 1801.23 
0.00141763850508644872 0.527375 0 162583 37.01 9.93332 6.06303 0 181.8831 134.132 120.656 -23.0633 0 0 0 0 0 0 0 0 22.094 74.9106 542.153 762.238 
0.00141763850508644872 0.575363 0 144496 36.8656 9.92033 6.05507 0 112.1161 -37.9833 105.484 -0.623944 0 0 0 0 0 0 0 0 26.3552 78.8482 100.023 262.689 
0.00141763850508644872 0.589934 0 24007 36.9311 9.9278 6.05965 0 244.7151 51.8576 34.3616 236.676 0 0 0 0 0 0 0 0 26.3552 78.8482 100.023 262.689 
0.00141763850508644872 0.596454 0 143944 36.4785 9.88181 6.0318 0 51.76481 -26.6943 44.273 -2.62748 0 0 0 0 0 0 0 0 30.3403 80.6903 262.643 1132.77 
0.00141763850508644872 0.63727 0 149543 36.7563 9.91322 6.05074 0 233.6661 214.232 -85.9819 -36.2134 0 0 -0 0 0 0 -0 0 30.8468 79.2996 228.001 1066.37 
0.00141763850508644872 0.675769 0 270802 37.0947 9.94191 6.06833 0 144.6261 35.748 7.98217 -139.911 0 0 0 -0 0 0 0 -0 29.094 75.8082 537.818 1330.13 
0.00141763850508644872 0.684101 0 169315 0.529273 9.92833 6.05997 0 229.7821 -224.326 -35.2765 -35.1196 0 -0 0 0 0 -0 0 0 29.094 75.8082 537.818 1330.13 
0.00141763850508644872 0.702907 0 58537 36.8577 9.92145 6.05576 0 183.5551 -34.3058 -173.98 47.3973 0 0 0 0 0 0 0 0 25.3124 71.4625 75.6884 490.201 
0.00141763850508644872 0.707336 0 220037 37.2213 9.95402 6.07584 0 174.711 -140.077 -103.861 -10.7199 0 0 -0 0 0 0 -0 0 25.3124 71.4625 75.6884 490.201 
0.00141763850508644872 0.75465 0 299694 38.0255 9.91341 6.05086 0 249.9781 -216.709 -56.5479 -111.034 0 -0 0 0 0 -0 0 0 23.2498 59.9036 204.651 308.229 
0.00141763850508644872 0.774134 0 244983 36.3481 9.84831 6.01196 0 162.6931 31.5986 -149.446 -56.0043 0 0 0 0 0 0 0 0 19.343 61.8034 195.414 252.009 
0.00141763850508644872 0.841781 0 87721 37.6852 9.99746 6.10317 0 168.3991 -151.445 -71.8223 -16.2562 0 0 0 -0 0 0 0 -0 19.5959 57.9218 132.858 227.69 
0.00141763850508644872 0.921123 0 261297 38.2168 9.92732 6.05935 0 24.84791 -23.3397 1.43071 -8.40394 0 0 0 -0 0 0 0 -0 27.098 63.6732 358.934 507.737 
0.00141763850508644872 1.14964 0 287422 36.441 9.86201 6.02003 0 118.1121 -95.7715 -39.4743 56.7459 0 0 0 0 0 0 0 0 15.2106 58.197 68.0857 430.549 
0.00141763850508644872 1.22968 0 383571 38.192 9.92212 6.05617 0 121.2431 -77.383 -33.7154 87.0343 0 0 -0 0 0 0 -0 0 19.8745 54.5596 1.39837 86.032 
0.00141763850508644872 1.41904 0 323235 37.3721 9.97088 6.08637 0 222.2581 -32.3066 -208.261 -70.5855 0 0 0 -0 0 0 0 -0 17.0497 49.874 0 802.599 
0.00141763850508644872 1.50842 0 296006 37.4654 9.97654 6.08993 0 157.7961 -147.233 -45.892 33.4047 0 0 0 0 0 0 0 0 16.9606 38.5116 21.5032 479.347 
0.00141763850508644872 1.5946 0 372622 37.8862 9.89491 6.03966 0 208.1631 -76.3102 -147.562 125.434 0 -0 0 0 0 -0 0 0 15.9994 39.9361 97.4617 122.103 
0.00141763850508644872 1.68911 0 258580 37.0631 9.93915 6.06663 0 35.1351 -27.5927 -17.6137 -12.762 0 -0 0 0 0 -0 0 0 11.6417 34.9833 0 166.498 
0.00141763850508644872 2.07202 0 393305 37.8849 9.89508 6.03976 0 216.4191 -33.7322 -170.924 128.391 0 -0 0 0 0 -0 0 0 10.5689 27.5203 0 0 
0.00141763850508644872 2.57573 0 389515 37.471 9.97826 6.09101 0 43.7841 25.9596 0.368687 -35.2562 0 0 0 0 0 0 0 0 2.69645 25.8957 0 0 
0.00141763850508644872 3.09217 0 201617 36.6365 9.89729 6.04109 0 125.2971 -108.295 -38.6203 49.8001 0 0 0 0 0 0 0 0 5.95362 14.5602 0 1.05162 
0.00154802494088307659 0.054824 0 30052 32.4488 9.43337 8.21104 0 01 -0 0 0 0 -0 0 0 0 -0 0 0 34.1629 71.1907 3639.82 5980.89 
0.00154802494088307659 0.138635 0 8274 35.9089 9.77526 5.97002 0 210.9321 1.07287 -3.89361 210.893 0 0 0 0 0 0 0 0 34.1629 71.1907 3639.82 5980.89 
0.00154802494088307659 0.198663 0 71669 34.3464 9.59409 5.87371 0 43.05231 39.6573 -16.7009 -1.37112 0 0 0 -0 0 0 0 -0 34.1629 71.1907 3639.82 5980.89 
0.00154802494088307659 0.229866 0 237905 33.8209 9.6167 5.88512 0 267.011 -138.879 120.694 -193.494 0 0 0 0 0 0 0 0 47.2002 100.425 1581.22 3168.62 
0.00154802494088307659 0.238654 0 284133 0 10.072 6.15156 0 106.9681 94.6225 -7.59064 49.3061 0 0 -0 0 0 0 -0 0 47.2002 100.425 1581.22 3168.62 
0.00154802494088307659 0.267751 0 90793 35.7125 9.73985 5.95033 0 139.3231 -138.905 -0.233819 10.7794 0 0 0 0 0 0 0 0 50.8574 112.731 2144.44 3694.29 
0.00154802494088307659 0.27783 0 121925 32.1195 9.38375 8.16782 0 01 0 0 0 0 0 0 0 0 0 0 0 50.8574 112.731 2144.44 3694.29 
0.00154802494088307659 0.296661 0 43247 34.425 9.60617 5.87978 0 219.911 -80.6582 -130.366 -157.668 0 0 0 0 0 0 0 0 49.0146 118.213 836.157 3268.78 
0.00154802494088307659 0.29914 1 0 0 9.57156 5.8625 0 0 1 176.452 40.3398 -173.737 1 176.64 43.3774 -172.84 0 0 0 0 49.0146 118.213 836.157 3268.78 
0.00154802494088307659 0.353115 0 223846 32.3411 9.42122 8.20046 0 01 0 0 0 0 0 0 0 0 0 0 0 56.0887 124.152 1062.49 2439.81 
0.00154802494088307659 0.363528 0 57393 35.2741 9.66618 5.91071 0 235.7071 -165.94 162.549 -39.9939 0 0 0 0 0 0 0 0 54.8731 126.034 1137.49 2444.78 
0.00154802494088307659 0.373869 0 221647 33.4925 9.58173 5.86754 0 256.2971 185.841 135.012 -113.679 0 0 0 0 0 0 0 0 54.8731 126.034 1137.49 2444.78 
0.00154802494088307659 0.375862 0 176355 32.2815 9.40797 8.18892 0 01 0 0 -0 0 0 0 -0 0 0 0 -0 54.8731 126.034 1137.49 2444.78 
0.00154802494088307659 0.434529 0 38744 34.4193 9.60249 5.87793 0 171.1341 -170.788 4.73387 -9.79959 0 0 0 -0 0 0 0 -0 58.8873 139.323 895.456 1928.24 
0.00154802494088307659 0.436168 0 242731 35.8408 9.76324 5.96329 0 169.4741 -163.739 18.1105 39.7871 0 -0 0 0 0 -0 0 0 58.8873 139.323 895.456 1928.24 
0.00154802494088307659 0.480372 0 134648 34.8295 9.68041 5.91822 0 108.181 27.8146 0.855502 -104.539 0 0 0 -0 0 0 0 -0 62.6235 141.154 576.127 1485.94 
0.00154802494088307659 0.520474 0 149405 33.1739 9.54874 5.85132 0 154.5581 -90.8234 5.13108 -124.952 0 0 0 -0 0 0 0 -0 48.825 124.161 488.264 1119.12 
0.00154802494088307659 0.5412 0 378323 33.1048 9.5412 5.84767 0 176.7991 -5.69112 -162.773 68.7767 0 0 -0 0 0 0 -0 0 65.2024 148.367 842.508 1778.05 
0.00154802494088307659 0.544045 0 137507 34.7929 9.67423 5.91495 0 33.94351 32.8506 -6.86691 -5.08369 0 0 0 0 0 0 0 0 65.2024 148.367 842.508 1778.05 
0.00154802494088307659 0.57268 0 202678 33.9515 9.62965 5.89174 0 245.8341 204.616 -47.0789 -127.868 0 0 -0 0 0 0 -0 0 62.8639 155.674 560.907 1764.15 
0.00154802494088307659 0.577076 0 296592 32.7839 9.50289 8.27154 0 01 0 0 0 0 0 0 0 0 0 0 0 62.8639 155.674 560.907 1764.15 
0.00154802494088307659 0.579976 0 102873 35.6821 9.73878 5.94974 0 223.9631 -86.7819 -6.0272 206.378 0 -0 0 0 0 -0 0 0 57.574 128.723 559.543 1395.36 
0.00154802494088307659 0.580493 0 87366 35.2759 9.66552 5.91036 0 124.2891 -122.239 -22.444 1.32695 0 0 0 0 0 0 0 0 57.574 128.723 559.543 1395.36 
0.00154802494088307659 0.587672 0 175769 32.2172 9.40002 8.18199 0 01 0 0 -0 0 0 0 -0 0 0 0 -0 57.574 128.723 559.543 1395.36 
0.00154802494088307659 0.592708 0 52396 35.881 9.76625 5.96497 0 150.6551 -150.639 1.67232 1.41205 0 0 0 0 0 0 0 0 57.574 128.723 559.543 1395.36 
0.00154802494088307659 0.600198 0 211996 35.9461 9.79246 5.97973 0 200.3511 -44.0441 46.2652 -189.895 0 0 0 0 0 0 0 0 56.855 144.422 259.802 1042.52 
0.00154802494088307659 0.618621 0 138555 33.057 9.5359 5.84511 0 99.15971 -84.279 33.8667 -39.7837 0 0 0 0 0 0 0 0 56.855 144.422 259.802 1042.52 
0.00154802494088307659 0.683341 0 140577 33.135 9.54392 5.84898 0 58.47091 -49.1457 -14.5144 28.158 0 0 0 0 0 0 0 0 60.1269 132.266 278.574 913.109 
0.00154802494088307659 0.688835 0 186579 35.8192 9.75093 5.95644 0 132.091 74.6944 -2.02668 108.924 0 0 0 0 0 0 0 0 60.1269 132.266 278.574 913.109 
0.00154802494088307659 0.70629 0 196116 35.192 9.65504 5.90488 0 133.0021 33.657 -65.3642 110.835 0 0 0 0 0 0 0 0 53.5802 143.902 153.013 958.208 
0.00154802494088307659 0.717795 0 107151 32.3059 9.41545 8.19543 0 01 0 0 0 0 0 0 0 0 0 0 0 48.183 131.193 696.056 1419.63 
0.00154802494088307659 0.760591 0 165929 34.8882 9.6846 5.92044 0 110.0941 71.4734 70.992 -44.4105 0 0 0 0 0 0 0 0 63.3382 150.879 266.741 1201.82 
0.00154802494088307659 0.797671 0 319276 35.5055 9.70634 5.93208 0 254.8421 -224.415 -102.635 -63.6272 0 -0 0 0 0 -0 0 0 53.9136 131.031 824.026 1994.84 
0.00154802494088307659 0.84304 0 139792 31.9889 9.35224 8.14037 0 01 0 0 0 0 0 0 0 0 0 0 0 49.0554 142.797 322.642 1189.44 
0.00154802494088307659 0.855497 0 195542 33.3682 9.5691 5.86129 0 244.571 199.665 -136.077 37.8314 0 0 -0 0 0 0 -0 0 47.106 131.096 28.0858 420.183 
0.00154802494088307659 0.906839 0 224265 32.946 9.52051 5.83774 0 156.3411 9.04389 85.86 -130.341 0 0 0 0 0 0 0 0 41.9161 119.568 160.698 692.41 
0.00154802494088307659 0.921739 1 0 35.1696 7.93842 2.26882 0 0 1 46.5389 22.7649 -5.74784 1 13.5754 -23.7173 -3.39098 0 0 -0 0 41.9161 119.568 160.698 692.41 
0.00154802494088307659 0.931335 0 213632 32.4818 9.44303 8.21945 0 01 0 -0 0 0 0 -0 0 0 0 -0 0 61.1271 135.522 402.915 1369.24 
0.00154802494088307659 0.962187 0 272267 33.8736 9.62316 5.88842 0 137.7911 97.3994 97.4506 1.78755 0 0 0 0 0 0 0 0 41.6874 126.149 127.93 689.895 
0.00154802494088307659 0.966805 0 41308 32.768 9.50396 8.27247 0 01 0 0 -0 0 0 0 -0 0 0 0 -0 41.6874 126.149 127.93 689.895 
0.00154802494088307659 1.06977 0 276444 32.0268 9.35905 8.14631 0 01 0 0 0 0 0 0 0 0 0 0 0 31.9625 90.6974 0 195.898 
0.00154802494088307659 1.09291 0 218673 35.2491 9.66242 5.90874 0 85.28061 -76.2372 6.86658 37.5969 0 0 0 0 0 0 0 0 35.1514 96.8162 545.447 1135.38 
0.00154802494088307659 1.10608 0 306675 33.9768 9.6336 5.89377 0 42.75981 6.26943 -27.7489 31.9233 0 0 0 0 0 0 0 0 35.1514 96.8162 545.447 1135.38 
0.00154802494088307659 1.12623 0 236025 32.6713 9.47895 8.2507 0 01 0 0 0 0 0 0 0 0 0 0 0 38.5929 111.359 60.1204 376.138 
0.00154802494088307659 1.19784 0 334345 33.8645 9.62181 5.88773 0 61.40731 -40.1583 42.1851 -19.4572 0 -0 0 0 0 -0 0 0 36.3099 101.808 263.545 395.273 
0.00154802494088307659 1.20545 0 350599 32.4505 9.4376 8.21472 0 01 0 0 0 0 0 0 0 0 0 0 0 36.3099 101.808 263.545 395.273 
0.00154802494088307659 1.27277 0 296138 34.5542 9.62479 5.88925 0 178.5991 -127.788 -78.8293 -96.7138 0 0 0 0 0 0 0 0 26.346 95.1251 148.514 323.938 
0.00154802494088307659 1.29355 0 198841 35.9894 9.79336 5.98024 0 34.20451 -10.2924 31.3027 9.17342 0 -0 0 0 0 -0 0 0 37.6225 111.412 426.67 506.207 
0.00154802494088307659 1.3129 0 191220 35.2742 9.66614 5.91069 0 293.4411 -240.032 120.166 -118.545 0 -0 0 0 0 -0 0 0 37.6225 111.412 426.67 506.207 
0.00154802494088307659 1.33355 0 377351 34.8394 9.67973 5.91786 0 325.0181 321.744 -32.1708 32.8979 0 0 -0 0 0 0 -0 0 30.8479 101.948 315.709 612.741 
0.00154802494088307659 1.3864 0 316050 32.5693 9.45881 8.23318 0 01 0 0 0 0 0 0 0 0 0 0 0 40.1768 103.836 61.0713 311.216 
0.00154802494088307659 1.4487 0 342636 33.0787 9.53737 5.84582 0 88.29731 86.0318 -13.581 -14.5089 0 0 -0 0 0 0 -0 0 36.0019 104.878 164.018 291.081 
0.00154802494088307659 1.51218 0 330567 34.5159 9.62131 5.88747 0 60.48051 59.7357 4.82576 -8.13939 0 0 0 -0 0 0 0 -0 32.6312 93.6971 0 297.405 
0.00154802494088307659 1.69207 0 213781 34.3295 9.5809 5.86713 0 213.7641 99.9162 -71.0846 -175.097 0 0 -0 0 0 0 -0 0 20.004 66.8089 203.595 330.238 
0.00154802494088307659 1.79265 0 316784 35.195 9.65369 5.90418 0 177.4831 78.1784 117.196 107.952 0 0 0 0 0 0 0 0 32.8241 84.0042 178.953 366.002 
0.00154802494088307659 1.90196 0 310669 35.289 9.684 5.92012 0 100.1131 15.2744 -75.3634 64.1072 0 0 -0 0 0 0 -0 0 23.0527 55.4445 32.7466 123.176 
0.00154802494088307659 2.10273 0 370212 31.8537 9.33213 8.12285 0 01 0 -0 0 0 0 -0 0 0 0 -0 0 20.9961 80.3304 44.9648 80.437 
0.00154802494088307659 2.10983 0 382096 35.6012 9.7217 5.9404 0 211.4051 -21.8068 171.533 121.626 0 0 0 0 0 0 0 0 20.9961 80.3304 44.9648 80.437 
0.00154802494088307659 2.15981 0 302817 35.1486 9.64667 5.90052 0 179.661 122.331 -54.4031 -119.804 0 0 -0 0 0 0 -0 0 20.9961 80.3304 44.9648 80.437 
0.00154802494088307659 2.22176 0 362838 32.8024 9.50746 8.27551 0 01 0 0 -0 0 0 0 -0 0 0 0 -0 13.6426 53.7458 0 168.824 
0.00154802494088307659 2.23251 0 363058 33.527 9.58569 5.86951 0 180.3621 167.445 64.6843 17.5608 0 0 0 0 0 0 0 0 13.6426 53.7458 0 168.824 
0.00154802494088307659 2.28782 0 246660 35.8723 9.76539 5.96449 0 119.6641 -5.26361 111.877 -42.1341 0 -0 0 0 0 -0 0 0 13.6426 53.7458 0 168.824 
0.00154802494088307659 2.40125 0 215195 34.5123 9.62095 5.88729 0 304.7471 304.713 -1.60423 4.28864 0 0 0 0 0 0 0 0 14.4957 50.3409 0 17.8572 
0.00154802494088307659 2.4584 0 380007 34.8455 9.68011 5.91806 0 154.0071 -59.1443 -139.175 29.1647 0 0 0 0 0 0 0 0 14.4957 50.3409 0 17.8572 
0.00154802494088307659 2.70927 0 386821 34.0314 9.53614 5.84523 0 210.8511 210.463 -5.06098 11.7526 0 0 0 0 0 0 0 0 12.9438 65.1961 41.0355 41.0355 
0.00154802494088307659 2.93448 1 417192 58.1308 10.9961 6.90967 0 0 2 15.877 -152.931 22.7436 0 0 0 0 0 0 0 0 14.7078 64.2225 0 169.812 
0.00154802494088307659 3.11117 0 393168 35.7896 9.75374 5.958 0 133.0811 -107.978 70.9439 -31.9098 0 0 0 0 0 0 0 0 14.7078 64.2225 0 169.812 
0.00170635259478367236 0.160108 0 129259 29.8493 9.09785 7.91865 0 01 -0 0 0 0 -0 0 0 0 -0 0 0 35.0842 80.1808 2152.73 4153.48 
0.00170635259478367236 0.174135 0 6292 29.1038 9.08015 7.90322 0 01 -0 0 0 0 -0 0 0 0 -0 0 0 35.0842 80.1808 2152.73 4153.48 
0.00170635259478367236 0.186982 0 154589 30.0242 9.13942 7.95489 0 01 0 0 0 0 0 0 0 0 0 0 0 35.0842 80.1808 2152.73 4153.48 
0.00170635259478367236 0.233033 0 41160 28.0132 8.90528 7.75061 0 01 0 0 -0 0 0 0 -0 0 0 0 -0 46.1439 114.924 1389.02 3030.65 
0.00170635259478367236 0.258604 0 86848 30.8252 9.28369 8.08065 0 01 0 0 0 0 0 0 0 0 0 0 0 55.5325 127.889 1407.67 3619.1 
0.00170635259478367236 0.269737 0 19650 29.1244 9.0845 7.90701 0 01 0 0 0 0 0 0 0 0 0 0 0 55.5325 127.889 1407.67 3619.1 
0.00170635259478367236 0.273705 0 162556 28.4539 8.98232 7.81785 0 01 0 0 -0 0 0 0 -0 0 0 0 -0 55.5325 127.889 1407.67 3619.1 
0.00170635259478367236 0.311638 0 61856 28.5407 8.99899 7.8324 0 01 0 0 0 0 0 0 0 0 0 0 0 67.0489 142.67 1917.37 3656.21 
0.00170635259478367236 0.318272 0 52314 30.7935 9.28195 8.07913 0 01 0 -0 0 0 0 -0 0 0 0 -0 0 67.0489 142.67 1917.37 3656.21 
0.00170635259478367236 0.321502 0 23097 28.6906 9.03166 7.86091 0 01 0 0 0 0 0 0 0 0 0 0 0 67.0489 142.67 1917.37 3656.21 
0.00170635259478367236 0.336085 0 30458 30.8936 9.29203 8.08791 0 01 0 0 0 0 0 0 0 0 0 0 0 61.0788 148.235 1284.88 3322.84 
0.00170635259478367236 0.351512 0 34930 0.108334 9.22921 8.03316 0 01 0 0 0 0 0 0 0 0 0 0 0 61.0788 148.235 1284.88 3322.84 
0.00170635259478367236 0.35221 0 37014 28.4169 8.97574 7.8121 0 01 0 0 0 0 0 0 0 0 0 0 0 61.0788 148.235 1284.88 3322.84 
0.00170635259478367236 0.371471 0 43108 30.0418 9.15334 7.96703 0 01 -0 0 0 0 -0 0 0 0 -0 0 0 63.3918 151.873 725.571 2237.18 
0.00170635259478367236 0.387607 0 39238 28.202 8.9405 7.78135 0 01 -0 0 0 0 -0 0 0 0 -0 0 0 63.3918 151.873 725.571 2237.18 
0.00170635259478367236 0.387642 0 73589 27.9947 8.89988 7.7459 0 01 0 0 -0 0 0 0 -0 0 0 0 -0 63.3918 151.873 725.571 2237.18 
0.00170635259478367236 0.400558 0 66897 31.2341 9.26155 8.06135 0 01 0 0 0 0 0 0 0 0 0 0 0 70.5277 156.984 1229.68 2403.62 
0.00170635259478367236 0.403728 0 86890 0 9.06203 7.88741 0 01 -0 0 0 0 -0 0 0 0 -0 0 0 70.5277 156.984 1229.68 2403.62 
0.00170635259478367236 0.424312 0 55732 28.4725 8.98692 7.82187 0 01 0 0 0 0 0 0 0 0 0 0 0 61.5999 156.585 1006.75 2156.49 
0.00170635259478367236 0.44852 0 126118 28.7826 9.03946 7.86772 0 01 0 0 0 0 0 0 0 0 0 0 0 70.765 162.101 1356.98 3304.11 
0.00170635259478367236 0.452594 0 55686 31.4713 9.30367 8.09806 0 01 0 0 0 0 0 0 0 0 0 0 0 70.765 162.101 1356.98 3304.11 
0.00170635259478367236 0.453615 0 109173 31.5459 9.32685 8.11823 0 01 0 0 0 0 0 0 0 0 0 0 0 70.765 162.101 1356.98 3304.11 
0.00170635259478367236 0.455119 0 153147 29.442 9.1187 7.93683 0 01 0 0 0 0 0 0 0 0 0 0 0 70.765 162.101 1356.98 3304.11 
0.00170635259478367236 0.461247 0 99537 28.3536 8.96501 7.80274 0 01 0 0 0 0 0 0 0 0 0 0 0 70.765 162.101 1356.98 3304.11 
0.00170635259478367236 0.461678 0 15422 31.4974 9.30559 8.09971 0 01 0 0 0 0 0 0 0 0 0 0 0 70.765 162.101 1356.98 3304.11 
0.00170635259478367236 0.479182 0 79775 30.7969 9.28221 8.07935 0 01 0 -0 0 0 0 -0 0 0 0 -0 0 67.3101 163.251 990.904 2101.04 
0.00170635259478367236 0.499958 0 86949 29.7502 9.08568 7.90804 0 01 0 0 0 0 0 0 0 0 0 0 0 64.572 155.837 451.722 2526.02 
0.00170635259478367236 0.511559 0 344896 28.3557 8.96609 7.80369 0 01 0 0 0 0 0 0 0 0 0 0 0 64.572 155.837 451.722 2526.02 
0.00170635259478367236 0.557945 0 67849 31.2414 9.26118 8.06102 0 01 0 0 -0 0 0 0 -0 0 0 0 -0 57.5747 157.058 329.767 1106.58 
0.00170635259478367236 0.560337 0 208370 31.2844 9.26853 8.06743 0 01 0 0 0 0 0 0 0 0 0 0 0 64.4413 151.737 345.384 880.696 
0.00170635259478367236 0.57128 0 334776 31.5332 9.32377 8.11555 0 01 0 0 0 0 0 0 0 0 0 0 0 64.4413 151.737 345.384 880.696 
0.00170635259478367236 0.611972 0 194475 30.6804 9.26814 8.06709 0 01 0 0 0 0 0 0 0 0 0 0 0 64.2619 170.997 551.825 1458.1 
0.00170635259478367236 0.612772 0 69754 30.7762 9.2769 8.07472 0 01 -0 0 0 0 -0 0 0 0 -0 0 0 64.2619 170.997 551.825 1458.1 
0.00170635259478367236 0.623429 0 89901 30.3874 9.20967 8.01613 0 01 0 0 -0 0 0 0 -0 0 0 0 -0 64.2619 170.997 551.825 1458.1 
0.00170635259478367236 0.629348 0 6219 28.0697 8.91624 7.76017 0 01 0 0 0 0 0 0 0 0 0 0 0 61.4847 161.425 578.839 1454.59 
0.00170635259478367236 0.640667 0 177987 30.7625 9.27764 8.07537 0 01 0 0 0 0 0 0 0 0 0 0 0 61.4847 161.425 578.839 1454.59 
0.00170635259478367236 0.643328 0 261741 29.0085 9.06942 7.89386 0 01 -0 0 0 0 -0 0 0 0 -0 0 0 61.4847 161.425 578.839 1454.59 
0.00170635259478367236 0.645364 0 185079 29.0216 9.06787 7.89251 0 01 -0 0 0 0 -0 0 0 0 -0 0 0 61.4847 161.425 578.839 1454.59 
0.00170635259478367236 0.690503 0 293121 29.6463 9.06754 7.89222 0 01 0 0 -0 0 0 0 -0 0 0 0 -0 65.2211 157.233 548.459 1220.95 
0.00170635259478367236 0.696555 0 263588 30.416 9.21462 8.02045 0 01 0 0 -0 0 0 0 -0 0 0 0 -0 65.2211 157.233 548.459 1220.95 
0.00170635259478367236 0.712284 0 67839 28.2831 8.95006 7.78969 0 01 0 -0 0 0 0 -0 0 0 0 -0 0 59.6352 159.225 444.7 1742.21 
0.00170635259478367236 0.719395 0 171631 28.0086 8.90568 7.75096 0 01 0 0 0 0 0 0 0 0 0 0 0 59.6352 159.225 444.7 1742.21 
0.00170635259478367236 0.743295 0 179360 28.9337 9.06115 7.88664 0 01 0 0 0 0 0 0 0 0 0 0 0 52.8665 135.119 462.04 1193.99 
0.00170635259478367236 0.749117 0 169885 30.6318 9.26284 8.06247 0 01 0 0 0 0 0 0 0 0 0 0 0 61.3759 143.398 569.738 2226.04 
0.00170635259478367236 0.758455 0 193763 28.3885 8.97174 7.80861 0 01 0 0 0 0 0 0 0 0 0 0 0 61.3759 143.398 569.738 2226.04 
0.00170635259478367236 0.763843 0 19678 30.5204 9.23432 8.03762 0 01 0 0 -0 0 0 0 -0 0 0 0 -0 61.3759 143.398 569.738 2226.04 
0.00170635259478367236 0.779232 0 353010 29.0679 9.07641 7.89995 0 01 0 -0 0 0 0 -0 0 0 0 -0 0 56.3912 155.282 186.106 1597.23 
0.00170635259478367236 0.779723 0 106288 28.3056 8.95875 7.79728 0 01 0 0 0 0 0 0 0 0 0 0 0 56.3912 155.282 186.106 1597.23 
0.00170635259478367236 0.793086 0 129944 28.0037 8.90539 7.7507 0 01 0 0 0 0 0 0 0 0 0 0 0 56.3912 155.282 186.106 1597.23 
0.00170635259478367236 0.801652 0 185355 28.3386 8.96461 7.80239 0 01 0 0 0 0 0 0 0 0 0 0 0 59.0706 157.202 263.437 1081.66 
0.00170635259478367236 0.808758 0 132704 30.5626 9.25567 8.05623 0 01 0 0 0 0 0 0 0 0 0 0 0 59.0706 157.202 263.437 1081.66 
0.00170635259478367236 0.823691 0 201977 31.3105 9.2752 8.07325 0 01 0 0 0 0 0 0 0 0 0 0 0 66.8402 151.094 718.784 1218.14 
0.00170635259478367236 0.83595 0 26774 30.6602 9.2658 8.06506 0 01 -0 0 0 0 -0 0 0 0 -0 0 0 66.8402 151.094 718.784 1218.14 
0.00170635259478367236 0.855714 0 184947 31.2345 9.26194 8.06169 0 01 0 -0 0 0 0 -0 0 0 0 -0 0 52.6307 137.253 120.875 585.71 
0.00170635259478367236 0.864139 0 308710 28.6661 9.02839 7.85805 0 01 0 -0 0 0 0 -0 0 0 0 -0 0 52.6307 137.253 120.875 585.71 
0.00170635259478367236 0.875023 0 228406 28.3649 8.96984 7.80696 0 01 0 0 0 0 0 0 0 0 0 0 0 52.6307 137.253 120.875 585.71 
0.00170635259478367236 0.88227 0 291088 31.4867 9.30622 8.10027 0 01 0 0 0 0 0 0 0 0 0 0 0 46.4044 127.674 570.498 1188.2 
0.00170635259478367236 0.88785 0 243100 28.143 8.93131 7.77333 0 01 0 0 0 0 0 0 0 0 0 0 0 46.4044 127.674 570.498 1188.2 
0.00170635259478367236 0.925727 0 183892 30.1223 9.15512 7.96858 0 01 0 0 0 0 0 0 0 0 0 0 0 47.8529 148.026 352.897 710.055 
0.00170635259478367236 0.933369 0 332721 28.6521 9.0247 7.85484 0 01 0 0 0 0 0 0 0 0 0 0 0 47.8529 148.026 352.897 710.055 
0.00170635259478367236 0.949835 0 224840 28.2861 8.9526 7.79191 0 01 0 -0 0 0 0 -0 0 0 0 -0 0 51.2836 140.367 231.193 607.989 
0.00170635259478367236 0.97242 0 27397 30.0313 9.14979 7.96394 0 01 0 0 0 0 0 0 0 0 0 0 0 66.6901 152.732 32.3579 901.798 
0.00170635259478367236 1.04649 0 296004 28.2226 8.94136 7.7821 0 01 0 0 0 0 0 0 0 0 0 0 0 45.703 128.939 54.8751 353.032 
0.00170635259478367236 1.14745 0 291911 30.1002 9.15923 7.97216 0 01 0 -0 0 0 0 -0 0 0 0 -0 0 50.3578 139.897 191.227 387.23 
0.00170635259478367236 1.19603 0 291918 28.3755 8.96987 7.80699 0 01 -0 0 0 0 -0 0 0 0 -0 0 0 47.3337 121.735 109.089 884.399 
0.00170635259478367236 1.23849 0 367285 29.6525 9.07012 7.89447 0 01 -0 0 0 0 -0 0 0 0 -0 0 0 34.2087 106.131 151.994 225.821 
0.00170635259478367236 1.27323 0 304139 30.4969 9.22939 8.03333 0 01 0 0 0 0 0 0 0 0 0 0 0 35.1965 134.861 62.3052 346.459 
0.00170635259478367236 1.29443 0 300179 31.0381 9.22833 8.0324 0 01 0 -0 0 0 0 -0 0 0 0 -0 0 36.4847 106.63 333.929 597.133 
0.00170635259478367236 1.32483 0 292369 29.8038 9.09787 7.91867 0 01 0 -0 0 0 0 -0 0 0 0 -0 0 36.4847 106.63 333.929 597.133 
0.00170635259478367236 1.32892 0 304523 30.9467 9.29686 8.09212 0 01 0 0 0 0 0 0 0 0 0 0 0 45.8654 117.306 134.514 867.896 
0.00170635259478367236 1.34845 0 194863 31.5906 9.28971 8.08588 0 01 0 0 0 0 0 0 0 0 0 0 0 45.8654 117.306 134.514 867.896 
0.00170635259478367236 1.34865 0 274730 29.6653 9.06972 7.89411 0 01 0 0 0 0 0 0 0 0 0 0 0 45.8654 117.306 134.514 867.896 
0.00170635259478367236 1.35414 0 59481 30.6952 9.27003 8.06874 0 01 0 0 0 0 0 0 0 0 0 0 0 45.8654 117.306 134.514 867.896 
0.00170635259478367236 1.36921 0 321271 28.7216 9.03255 7.86169 0 01 0 0 0 0 0 0 0 0 0 0 0 45.8654 117.306 134.514 867.896 
0.00170635259478367236 1.39324 0 325015 30.3703 9.20656 8.01342 0 01 0 0 0 0 0 0 0 0 0 0 0 33.6548 114.736 150.552 607.599 
0.00170635259478367236 1.3953 0 201415 28.9879 9.06143 7.88689 0 01 0 0 0 0 0 0 0 0 0 0 0 33.6548 114.736 150.552 607.599 
0.00170635259478367236 1.39854 0 335816 29.2236 9.09375 7.91508 0 01 0 0 -0 0 0 0 -0 0 0 0 -0 33.6548 114.736 150.552 607.599 
0.00170635259478367236 1.44545 0 253960 30.5912 9.25913 8.05924 0 01 0 0 0 0 0 0 0 0 0 0 0 44.7751 119.752 27.6 129.754 
0.00170635259478367236 1.45771 0 48688 29.678 9.07471 7.89847 0 01 0 0 0 0 0 0 0 0 0 0 0 44.7751 119.752 27.6 129.754 
0.00170635259478367236 1.52235 0 248774 28.5498 8.99924 7.83262 0 01 0 0 0 0 0 0 0 0 0 0 0 40.4846 106.366 61.2389 473.618 
0.00170635259478367236 1.55293 0 223714 28.3313 8.96406 7.80191 0 01 0 0 -0 0 0 0 -0 0 0 0 -0 23.1598 83.8625 7.44856 13.8029 
0.00170635259478367236 1.60593 0 239877 28.678 9.02671 7.85659 0 01 0 0 0 0 0 0 0 0 0 0 0 32.3385 108.242 331.392 449.696 
0.00170635259478367236 1.60752 0 71493 30.2655 9.18828 7.99749 0 01 0 0 0 0 0 0 0 0 0 0 0 32.3385 108.242 331.392 449.696 
0.00170635259478367236 1.61098 0 54359 0.164886 9.1912 8.00004 0 01 0 0 0 0 0 0 0 0 0 0 0 32.3385 108.242 331.392 449.696 
0.00170635259478367236 1.65816 0 313243 29.2039 9.08983 7.91165 0 01 0 -0 0 0 0 -0 0 0 0 -0 0 28.5002 94.0879 155.664 219.642 
0.00170635259478367236 1.68231 0 331934 28.0534 8.90996 7.75469 0 01 0 0 0 0 0 0 0 0 0 0 0 28.5002 94.0879 155.664 219.642 
0.00170635259478367236 1.72695 0 360776 29.5502 9.13574 7.95169 0 01 0 0 -0 0 0 0 -0 0 0 0 -0 29.7911 101.516 229.328 311.508 
0.00170635259478367236 1.76965 0 392518 29.4353 9.12029 7.93822 0 01 0 0 0 0 0 0 0 0 0 0 0 29.7911 101.516 229.328 311.508 
0.00170635259478367236 1.80359 0 289599 29.5754 9.13801 7.95366 0 01 0 0 0 0 0 0 0 0 0 0 0 29.2387 73.3541 0 223.026 
0.00170635259478367236 1.95376 0 271389 29.7789 9.09398 7.91528 0 01 0 0 -0 0 0 0 -0 0 0 0 -0 20.9201 105.055 288.112 406.609 
0.00170635259478367236 1.98458 0 357743 30.4199 9.21534 8.02107 0 01 0 0 0 0 0 0 0 0 0 0 0 26.2054 70.532 2.73066 41.2727 
0.00170635259478367236 2.11818 0 366867 29.4376 9.11959 7.93761 0 01 -0 0 0 0 -0 0 0 0 -0 0 0 19.0594 66.3596 0 210.859 
0.00170635259478367236 2.29966 0 365272 28.0702 8.91613 7.76008 0 01 0 0 0 0 0 0 0 0 0 0 0 29.6315 83.7969 175.178 296.989 
0.00170635259478367236 2.48242 0 152125 29.2841 9.09971 7.92027 0 01 0 0 0 0 0 0 0 0 0 0 0 19.0933 45.8032 0 73.5294 
0.00170635259478367236 2.63962 0 387605 29.0408 9.07305 7.89703 0 01 0 -0 0 0 0 -0 0 0 0 -0 0 13.0185 41.9878 0 3.26256 
0.00170635259478367236 2.92878 0 387995 29.9841 9.13177 7.94823 0 01 0 -0 0 0 0 -0 0 0 0 -0 0 17.4795 51.999 13.5037 23.2231 
0.00183167520299453313 0.142696 0 49516 26.5959 8.73682 7.60353 0 01 0 0 0 0 0 0 0 0 0 0 0 37.3746 78.6035 1776.55 4425.2 
0.00183167520299453313 0.146668 0 61838 27.3392 8.86313 7.71381 0 01 0 0 0 0 0 0 0 0 0 0 0 37.3746 78.6035 1776.55 4425.2 
0.00183167520299453313 0.149977 0 89672 26.1819 8.74575 7.61132 0 01 -0 0 0 0 -0 0 0 0 -0 0 0 37.3746 78.6035 1776.55 4425.2 
0.00183167520299453313 0.18318 0 132710 27.7405 8.86001 7.71109 0 01 0 0 0 0 0 0 0 0 0 0 0 37.3746 78.6035 1776.55 4425.2 
0.00183167520299453313 0.195285 0 129927 27.4288 8.88426 7.73226 0 01 0 0 0 0 0 0 0 0 0 0 0 37.3746 78.6035 1776.55 4425.2 
0.00183167520299453313 0.203829 0 9348 26.0415 8.73029 7.59782 0 01 -0 0 0 0 -0 0 0 0 -0 0 0 37.3746 78.6035 1776.55 4425.2 
0.00183167520299453313 0.256939 0 125335 26.327 8.76556 7.62863 0 01 0 -0 0 0 0 -0 0 0 0 -0 0 48.1259 106.125 1373.43 3208.16 
0.00183167520299453313 0.297279 0 170681 26.196 8.75073 7.61568 0 01 0 -0 0 0 0 -0 0 0 0 -0 0 46.5888 111.32 1269.56 2649.12 
0.00183167520299453313 0.306175 0 141353 27.2499 8.8497 7.70209 0 01 0 -0 0 0 0 -0 0 0 0 -0 0 58.3292 128.713 1989.69 3730.78 
0.00183167520299453313 0.35603 0 75139 25.8884 8.71794 7.58703 0 01 0 -0 0 0 0 -0 0 0 0 -0 0 60.1797 133.703 841.373 1939.52 
0.00183167520299453313 0.368677 0 60209 25.824 8.70954 7.57969 0 01 0 0 0 0 0 0 0 0 0 0 0 57.4251 137.047 1080.34 1974.18 
0.00183167520299453313 0.454794 0 149264 27.311 8.86131 7.71223 0 01 -0 0 0 0 -0 0 0 0 -0 0 0 54.113 146.641 635.598 1794.57 
0.00183167520299453313 0.467787 0 81542 27.2419 8.84622 7.69905 0 01 0 0 0 0 0 0 0 0 0 0 0 54.113 146.641 635.598 1794.57 
0.00183167520299453313 0.483544 0 295684 26.5173 8.78432 7.64502 0 01 0 0 0 0 0 0 0 0 0 0 0 58.3332 137.808 926.671 2229.77 
0.00183167520299453313 0.493241 0 346540 27.8273 8.87099 7.72068 0 01 0 -0 0 0 0 -0 0 0 0 -0 0 58.3332 137.808 926.671 2229.77 
0.00183167520299453313 0.505285 0 131510 26.0311 8.73242 7.59967 0 01 0 0 0 0 0 0 0 0 0 0 0 47.5266 135.099 432.291 1180.05 
0.00183167520299453313 0.52117 0 185527 27.9668 8.89749 7.7438 0 01 0 0 0 0 0 0 0 0 0 0 0 53.9707 145.68 477.023 1531.25 
0.00183167520299453313 0.529773 0 298005 27.3092 8.86046 7.71148 0 01 0 -0 0 0 0 -0 0 0 0 -0 0 53.9707 145.68 477.023 1531.25 
0.00183167520299453313 0.559828 0 149828 25.8174 8.69988 7.57125 0 01 0 -0 0 0 0 -0 0 0 0 -0 0 54.8783 132.498 385.278 1354.28 
0.00183167520299453313 0.563081 0 89495 27.5396 8.90093 7.74681 0 01 0 0 0 0 0 0 0 0 0 0 0 54.8783 132.498 385.278 1354.28 
0.00183167520299453313 0.565049 0 131361 26.4753 8.77867 7.64008 0 01 0 0 0 0 0 0 0 0 0 0 0 54.8783 132.498 385.278 1354.28 
0.00183167520299453313 0.621459 0 18681 26.3216 8.76531 7.62841 0 01 0 0 -0 0 0 0 -0 0 0 0 -0 57.9872 139.504 264.87 838.827 
0.00183167520299453313 0.636875 0 340718 27.2398 8.84732 7.70001 0 01 0 0 0 0 0 0 0 0 0 0 0 44.0419 139.103 339.262 832.781 
0.00183167520299453313 0.638341 0 305193 26.4866 8.78354 7.64433 0 01 0 -0 0 0 0 -0 0 0 0 -0 0 44.0419 139.103 339.262 832.781 
0.00183167520299453313 0.658477 0 210569 26.0411 8.7303 7.59783 0 01 0 0 0 0 0 0 0 0 0 0 0 44.0419 139.103 339.262 832.781 
0.00183167520299453313 0.674381 0 145174 26.2275 8.75321 7.61784 0 01 0 -0 0 0 0 -0 0 0 0 -0 0 57.6139 139.513 405.147 1246.84 
0.00183167520299453313 0.674845 0 260365 25.838 8.70944 7.5796 0 01 0 0 0 0 0 0 0 0 0 0 0 57.6139 139.513 405.147 1246.84 
0.00183167520299453313 0.690257 0 232834 26.0945 8.73704 7.60371 0 01 0 -0 0 0 0 -0 0 0 0 -0 0 51.505 122.32 258.266 844.647 
0.00183167520299453313 0.692786 0 181037 27.2189 8.84073 7.69426 0 01 0 0 0 0 0 0 0 0 0 0 0 51.505 122.32 258.266 844.647 
0.00183167520299453313 0.776924 0 279961 26.3148 8.76019 7.62394 0 01 0 0 0 0 0 0 0 0 0 0 0 44.6001 136.032 242.851 766.654 
0.00183167520299453313 0.783722 0 195209 26.2463 8.75696 7.62112 0 01 0 0 0 0 0 0 0 0 0 0 0 35.7317 113.432 354.118 733.613 
0.00183167520299453313 0.79344 0 279797 27.9416 8.89416 7.7409 0 01 0 -0 0 0 0 -0 0 0 0 -0 0 35.7317 113.432 354.118 733.613 
0.00183167520299453313 0.798516 0 8327 26.2079 8.74875 7.61395 0 01 0 0 0 0 0 0 0 0 0 0 0 35.7317 113.432 354.118 733.613 
0.00183167520299453313 0.848186 0 18064 27.4481 8.88651 7.73423 0 01 0 0 0 0 0 0 0 0 0 0 0 52.5061 138.796 633.353 1534.13 
0.00183167520299453313 0.914119 0 158284 26.0693 8.73347 7.60059 0 01 0 -0 0 0 0 -0 0 0 0 -0 0 43.2395 116.315 120.86 272.85 
0.00183167520299453313 0.926002 0 243230 26.6712 8.74529 7.61092 0 01 0 0 0 0 0 0 0 0 0 0 0 44.6753 130.236 86.4271 502.569 
0.00183167520299453313 0.944789 0 187038 27.069 8.81731 7.67382 0 01 -0 0 0 0 -0 0 0 0 -0 0 0 44.6753 130.236 86.4271 502.569 
0.00183167520299453313 0.954425 0 335749 26.272 8.75983 7.62362 0 01 0 0 0 0 0 0 0 0 0 0 0 37.3757 113.083 20.8998 442.088 
0.00183167520299453313 1.01095 0 242090 26.7187 8.75634 7.62058 0 01 0 0 -0 0 0 0 -0 0 0 0 -0 37.8143 107.23 168.684 214.466 
0.00183167520299453313 1.01906 0 223552 27.8459 8.87898 7.72765 0 01 0 0 0 0 0 0 0 0 0 0 0 37.8143 107.23 168.684 214.466 
0.00183167520299453313 1.02356 0 352578 27.1776 8.83675 7.69079 0 01 0 0 0 0 0 0 0 0 0 0 0 37.8143 107.23 168.684 214.466 
0.00183167520299453313 1.07443 0 223825 27.3517 8.86481 7.71528 0 01 -0 0 0 0 -0 0 0 0 -0 0 0 37.9869 109.783 212.558 693.528 
0.00183167520299453313 1.11421 0 226518 25.803 8.69811 7.5697 0 01 0 0 0 0 0 0 0 0 0 0 0 38.0555 118.821 327.493 534.866 
0.00183167520299453313 1.17968 0 262055 27.8567 8.87728 7.72616 0 01 0 0 0 0 0 0 0 0 0 0 0 40.6233 104.995 229.232 532.003 
0.00183167520299453313 1.18896 0 309816 27.6032 8.90568 7.75096 0 01 0 0 -0 0 0 0 -0 0 0 0 -0 40.6233 104.995 229.232 532.003 
0.00183167520299453313 1.25116 0 241647 27.1487 8.83083 7.68562 0 01 0 0 0 0 0 0 0 0 0 0 0 43.1186 120.788 190.979 653.576 
0.00183167520299453313 1.26217 0 171637 26.0749 8.73415 7.60119 0 01 0 0 0 0 0 0 0 0 0 0 0 21.7574 102.017 74.5151 104.72 
0.00183167520299453313 1.27922 0 166801 27.6131 8.89877 7.74493 0 01 0 0 0 0 0 0 0 0 0 0 0 21.7574 102.017 74.5151 104.72 
0.00183167520299453313 1.31456 0 335263 27.4531 8.88723 7.73485 0 01 0 0 0 0 0 0 0 0 0 0 0 26.3633 84.3369 28.0854 257.308 
0.00183167520299453313 1.43785 0 325539 26.0189 8.72821 7.596 0 01 0 0 0 0 0 0 0 0 0 0 0 30.7231 89.1694 176.045 355.661 
0.00183167520299453313 1.46975 0 330072 26.8562 8.77829 7.63975 0 01 0 0 -0 0 0 0 -0 0 0 0 -0 30.7231 89.1694 176.045 355.661 
0.00183167520299453313 1.47146 0 300870 27.9003 8.88552 7.73336 0 01 0 0 0 0 0 0 0 0 0 0 0 30.7231 89.1694 176.045 355.661 
0.00183167520299453313 1.48509 0 250839 27.0503 8.80676 7.66461 0 01 0 0 0 0 0 0 0 0 0 0 0 30.7231 89.1694 176.045 355.661 
0.00183167520299453313 1.54404 0 292326 27.1149 8.82329 7.67904 0 01 0 0 0 0 0 0 0 0 0 0 0 15.7653 69.186 67.849 151.259 
0.00183167520299453313 1.56044 0 338496 27.3373 8.86285 7.71357 0 01 0 0 0 0 0 0 0 0 0 0 0 15.7653 69.186 67.849 151.259 
0.00183167520299453313 1.5862 0 339850 27.5548 8.90234 7.74804 0 01 0 0 0 0 0 0 0 0 0 0 0 15.7653 69.186 67.849 151.259 
0.00183167520299453313 1.83298 0 207143 27.6503 8.90919 7.75402 0 01 0 0 0 0 0 0 0 0 0 0 0 29.625 79.3068 0 0 
0.00183167520299453313 1.91543 0 215333 26.9624 8.80315 7.66145 0 01 -0 0 0 0 -0 0 0 0 -0 0 0 25.2396 77.6561 0 104.884 
0.00183167520299453313 1.98292 0 369436 25.9777 8.72518 7.59336 0 01 0 0 0 0 0 0 0 0 0 0 0 25.2396 77.6561 0 104.884 
0.00183167520299453313 2.06514 0 304714 26.9905 8.80295 7.66128 0 01 0 -0 0 0 0 -0 0 0 0 -0 0 22.231 60.8107 199.571 439.828 
0.00197607276209175791 0.224822 0 190546 25.1519 8.59313 7.47797 0 01 0 0 0 0 0 0 0 0 0 0 0 46.9034 109.638 1298.95 3257.91 
0.00197607276209175791 0.286076 0 77879 24.5368 8.56605 7.45431 0 01 0 0 0 0 0 0 0 0 0 0 0 61.919 127.657 1631.37 3800.19 
0.00197607276209175791 0.315318 0 415520 0.101571 11.0052 6.91864 0 182.8571 -145.424 -0.977637 -110.849 0 0 0 -0 0 0 0 -0 52.8364 136.903 993.062 2024.44 
0.00197607276209175791 0.318386 0 126498 25.4469 8.63995 7.51889 0 01 0 0 0 0 0 0 0 0 0 0 0 52.8364 136.903 993.062 2024.44 
0.00197607276209175791 0.331489 0 63470 24.6264 8.58334 7.46942 0 01 0 0 0 0 0 0 0 0 0 0 0 52.8364 136.903 993.062 2024.44 
0.00197607276209175791 0.333138 0 279622 0 8.77284 7.63499 0 01 -0 0 0 0 -0 0 0 0 -0 0 0 52.8364 136.903 993.062 2024.44 
0.00197607276209175791 0.358913 0 73656 24.4481 8.55247 7.44245 0 01 0 0 0 0 0 0 0 0 0 0 0 54.6059 137.535 523.344 1963.27 
0.00197607276209175791 0.364087 0 39421 25.673 8.67968 7.55359 0 01 0 -0 0 0 0 -0 0 0 0 -0 0 54.6059 137.535 523.344 1963.27 
0.00197607276209175791 0.39558 0 166175 25.6275 8.67102 7.54603 0 01 0 0 0 0 0 0 0 0 0 0 0 66.5144 161.309 791.879 3038.87 
0.00197607276209175791 0.44385 0 87460 24.6284 8.58593 7.47168 0 01 0 0 0 0 0 0 0 0 0 0 0 63.3035 150.983 696.841 2076.33 
0.00197607276209175791 0.47035 0 298399 25.1847 8.60193 7.48567 0 01 0 0 0 0 0 0 0 0 0 0 0 66.4249 158.807 1507.4 2878.05 
0.00197607276209175791 0.483476 0 77143 25.7174 8.68234 7.55592 0 01 -0 0 0 0 -0 0 0 0 -0 0 0 65.799 165.029 836.973 1997.27 
0.00197607276209175791 0.484798 0 371033 23.9911 8.48563 7.38404 0 01 0 0 0 0 0 0 0 0 0 0 0 65.799 165.029 836.973 1997.27 
0.00197607276209175791 0.505518 0 81629 24.9271 8.61254 7.49494 0 01 0 0 -0 0 0 0 -0 0 0 0 -0 62.3039 161.579 696.972 1504.76 
0.00197607276209175791 0.529299 0 300953 24.441 8.55344 7.4433 0 01 0 0 0 0 0 0 0 0 0 0 0 52.3939 135.19 273.268 1162.29 
0.00197607276209175791 0.56572 0 232722 24.1491 8.50874 7.40424 0 01 0 0 0 0 0 0 0 0 0 0 0 62.5414 150.334 590.263 1439.8 
0.00197607276209175791 0.57858 0 163317 24.8582 8.59884 7.48296 0 01 0 0 0 0 0 0 0 0 0 0 0 64.6761 167.149 414.497 921.042 
0.00197607276209175791 0.623325 0 64738 25.6395 8.67035 7.54544 0 01 0 0 0 0 0 0 0 0 0 0 0 57.7995 147.17 397.837 1179.5 
0.00197607276209175791 0.629014 0 186121 24.8636 8.60964 7.4924 0 01 0 -0 0 0 0 -0 0 0 0 -0 0 57.7995 147.17 397.837 1179.5 
0.00197607276209175791 0.663642 0 226925 24.6372 8.58434 7.4703 0 01 0 0 0 0 0 0 0 0 0 0 0 54.1592 139.047 349.44 788.507 
0.00197607276209175791 0.733492 0 105386 25.5418 8.65866 7.53524 0 01 0 0 0 0 0 0 0 0 0 0 0 55.0631 137.71 81.6154 508.883 
0.00197607276209175791 0.742732 0 165677 24.2251 8.51308 7.40803 0 01 0 0 0 0 0 0 0 0 0 0 0 53.8937 163.437 574.876 1126.41 
0.00197607276209175791 0.755211 0 112460 25.4119 8.63171 7.51168 0 01 0 0 0 0 0 0 0 0 0 0 0 53.8937 163.437 574.876 1126.41 
0.00197607276209175791 0.761794 0 144498 24.3374 8.53413 7.42643 0 01 -0 0 0 0 -0 0 0 0 -0 0 0 53.8937 163.437 574.876 1126.41 
0.00197607276209175791 0.791607 0 215725 23.8596 8.42244 7.58019 0 01 0 -0 0 0 0 -0 0 0 0 -0 0 50.385 141.607 340.264 886.121 
0.00197607276209175791 0.795285 0 373425 25.4531 8.64424 7.52264 0 01 0 0 0 0 0 0 0 0 0 0 0 50.385 141.607 340.264 886.121 
0.00197607276209175791 0.803531 0 353771 24.5135 8.5643 7.45279 0 01 0 0 0 0 0 0 0 0 0 0 0 50.385 141.607 340.264 886.121 
0.00197607276209175791 0.809435 0 224434 25.1471 8.59386 7.47862 0 01 0 -0 0 0 0 -0 0 0 0 -0 0 50.385 141.607 340.264 886.121 
0.00197607276209175791 0.812137 0 118226 24.3179 8.52305 7.41674 0 01 0 0 -0 0 0 0 -0 0 0 0 -0 50.385 141.607 340.264 886.121 
0.00197607276209175791 0.816567 0 305362 25.5252 8.65324 7.5305 0 01 0 0 0 0 0 0 0 0 0 0 0 57.1153 145.667 155.746 1098.85 
0.00197607276209175791 0.820731 0 187804 24.3237 8.53427 7.42655 0 01 -0 0 0 0 -0 0 0 0 -0 0 0 57.1153 145.667 155.746 1098.85 
0.00197607276209175791 0.826354 0 165019 24.9833 8.62178 7.50301 0 01 -0 0 0 0 -0 0 0 0 -0 0 0 57.1153 145.667 155.746 1098.85 
0.00197607276209175791 0.831029 0 140637 24.8446 8.60631 7.48949 0 01 0 0 0 0 0 0 0 0 0 0 0 57.1153 145.667 155.746 1098.85 
0.00197607276209175791 0.854147 0 197303 24.8468 8.60846 7.49137 0 01 0 0 0 0 0 0 0 0 0 0 0 47.8858 138.342 237.962 528.184 
0.00197607276209175791 0.879256 0 347707 23.91 8.45351 7.60816 0 01 0 0 0 0 0 0 0 0 0 0 0 51.9298 135.682 383.277 781.913 
0.00197607276209175791 0.883365 0 185177 24.903 8.61468 7.4968 0 01 -0 0 0 0 -0 0 0 0 -0 0 0 51.9298 135.682 383.277 781.913 
0.00197607276209175791 0.897496 0 218580 24.8244 8.6023 7.48599 0 01 0 0 0 0 0 0 0 0 0 0 0 49.9596 138.053 120.081 413.536 
0.00197607276209175791 0.928388 0 323371 25.0855 8.58858 7.474 0 01 0 0 0 0 0 0 0 0 0 0 0 56.2208 126.398 240.614 550.92 
0.00197607276209175791 0.991834 0 229597 23.781 8.50005 7.39664 0 01 0 0 0 0 0 0 0 0 0 0 0 38.9192 119.79 7.20866 270.454 
0.00197607276209175791 1.09548 0 273440 24.4999 8.55783 7.44713 0 01 0 0 0 0 0 0 0 0 0 0 0 42.6205 114.829 492.816 708.975 
0.00197607276209175791 1.15217 0 361214 24.1206 8.50573 7.40161 0 01 0 0 0 0 0 0 0 0 0 0 0 36.229 109.537 153.315 383.924 
0.00197607276209175791 1.34539 0 315518 25.3638 8.63048 7.51062 0 01 0 -0 0 0 0 -0 0 0 0 -0 0 43.7688 99.5509 0 385.799 
0.00197607276209175791 1.3758 0 312777 25.2581 8.6089 7.49175 0 01 0 0 0 0 0 0 0 0 0 0 0 23.3239 85.1141 30.9787 148.124 
0.00197607276209175791 1.42352 0 262693 24.9211 8.6153 7.49735 0 01 0 0 0 0 0 0 0 0 0 0 0 39.8674 108.043 12.4202 246.59 
0.00197607276209175791 1.43445 0 363707 0.10082 9.97962 6.09186 0 134.3131 119.85 42.8021 42.9419 0 0 0 0 0 0 0 0 39.8674 108.043 12.4202 246.59 
0.00197607276209175791 1.44915 0 272148 23.8146 8.50943 7.40484 0 01 0 0 0 0 0 0 0 0 0 0 0 27.9809 104.206 101.848 244.878 
0.00197607276209175791 1.51164 0 383924 24.5021 8.55808 7.44735 0 01 0 0 0 0 0 0 0 0 0 0 0 35.0652 83.7682 43.8894 228.743 
0.00197607276209175791 1.59036 0 332349 25.6333 8.66986 7.54502 0 01 0 0 0 0 0 0 0 0 0 0 0 33.2401 104.424 4.90023 271.475 
0.00197607276209175791 1.60699 0 350954 25.455 8.64554 7.52377 0 01 -0 0 0 0 -0 0 0 0 -0 0 0 33.2401 104.424 4.90023 271.475 
0.00197607276209175791 1.62246 0 270726 24.975 8.61848 7.50013 0 01 0 0 0 0 0 0 0 0 0 0 0 24.6273 91.9844 40.1051 167.706 
0.00197607276209175791 1.70974 0 291484 24.5372 8.56589 7.45418 0 01 0 0 -0 0 0 0 -0 0 0 0 -0 32.5719 75.0109 49.5893 153.228 
0.00197607276209175791 1.91116 0 219251 24.7221 8.59187 7.47688 0 01 0 -0 0 0 0 -0 0 0 0 -0 0 29.4775 99.7059 0 2.12613 
0.00197607276209175791 2.00902 0 350281 25.2405 8.60991 7.49264 0 01 0 0 0 0 0 0 0 0 0 0 0 18.4688 86.4057 0 122.507 
0.00197607276209175791 2.03284 0 292351 25.3548 8.63263 7.51249 0 01 0 0 -0 0 0 0 -0 0 0 0 -0 18.4688 86.4057 0 122.507 
0.00197607276209175791 2.18906 0 345478 24.9648 8.61707 7.4989 0 01 0 0 -0 0 0 0 -0 0 0 0 -0 6.57202 54.4987 0 0 
0.00197607276209175791 2.20403 0 264646 24.3668 8.53838 7.43014 0 01 0 0 0 0 0 0 0 0 0 0 0 6.57202 54.4987 0 0 
0.00197607276209175791 2.61705 0 327342 24.5396 8.56507 7.45346 0 01 0 0 0 0 0 0 0 0 0 0 0 21.3887 53.9023 0 33.5981 
0.00197607276209175791 2.73503 0 350672 24.4671 8.55744 7.44679 0 01 0 -0 0 0 0 -0 0 0 0 -0 0 21.3887 53.9023 0 33.5981 
0.00197607276209175791 2.92329 0 223851 25.3818 8.63449 7.51412 0 01 0 0 -0 0 0 0 -0 0 0 0 -0 6.15962 33.2838 0 19.9559 
0.00197607276209175791 2.96146 0 342776 24.1853 8.51802 7.41235 0 01 -0 0 0 0 -0 0 0 0 -0 0 0 6.15962 33.2838 0 19.9559 
0.00197607276209175791 3.0023 0 344291 24.714 8.5943 7.479 0 01 0 0 0 0 0 0 0 0 0 0 0 6.15962 33.2838 0 19.9559 
0.00210239911202747196 0.104382 0 5708 23.4869 8.45013 7.60512 0 01 0 0 0 0 0 0 0 0 0 0 0 33.0307 76.38 2025.09 3735.81 
0.00210239911202747196 0.284283 0 96095 23.6268 8.48628 7.38461 0 01 -0 0 0 0 -0 0 0 0 -0 0 0 53.5719 115.136 650.083 2380.85 
0.00210239911202747196 0.356892 0 109592 23.684 8.49064 7.38842 0 01 0 0 0 0 0 0 0 0 0 0 0 59.9224 133.564 972.18 2201.21 
0.00210239911202747196 0.538582 0 199257 23.1499 8.25471 7.42924 0 01 0 0 0 0 0 0 0 0 0 0 0 54.5985 144.67 350.23 1278.39 
0.00210239911202747196 0.639116 0 251151 23.4299 8.42594 7.58335 0 01 0 0 0 0 0 0 0 0 0 0 0 51.3903 118.551 228.686 1307.55 
0.00210239911202747196 0.794766 0 190351 23.2074 8.29021 7.46119 0 01 0 0 0 0 0 0 0 0 0 0 0 45.9753 131.557 368.764 771.915 
0.00210239911202747196 0.866533 0 77061 23.5 8.45572 7.61015 0 01 -0 0 0 0 -0 0 0 0 -0 0 0 45.5311 121.235 212.209 789.302 
0.00210239911202747196 0.884516 0 83813 23.7236 8.49605 7.39312 0 01 0 0 0 0 0 0 0 0 0 0 0 43.4371 126.855 248.407 735.941 
0.00210239911202747196 0.898277 0 74516 23.4024 8.4143 7.57287 0 01 0 -0 0 0 0 -0 0 0 0 -0 0 43.4371 126.855 248.407 735.941 
0.00210239911202747196 1.3249 0 317111 23.1091 8.22897 7.40607 0 01 0 0 0 0 0 0 0 0 0 0 0 41.369 97.6267 23.6461 137.377 
0.00210239911202747196 1.5654 0 327371 23.59 8.48174 7.38064 0 01 0 0 0 0 0 0 0 0 0 0 0 20.6936 89.1046 3.99609 34.9661 
0.00210239911202747196 1.62608 0 212127 23.5537 8.47847 7.63062 0 01 0 -0 0 0 0 -0 0 0 0 -0 0 16.6549 101.174 0 136.854 
0.00210239911202747196 1.66252 0 284557 23.6294 8.49012 7.38797 0 01 0 0 0 0 0 0 0 0 0 0 0 16.6549 101.174 0 136.854 
0.00210239911202747196 2.51554 0 362626 23.6173 8.48894 7.38694 0 01 0 0 0 0 0 0 0 0 0 0 0 12.5221 49.7826 0 7.34824 
0.00210239911202747196 3.255 0 376360 23.3435 8.38912 7.55021 0 01 0 0 0 0 0 0 0 0 0 0 0 3.69816 17.7484 0 0 
0.00262768269648719528 1.34135 0 401528 0.514428 9.35799 8.14539 0 01 0 0 0 0 0 0 0 0 0 0 0 37.9029 133.018 2.14697 233.215 
0.00262768269648719528 1.55911 0 409037 61.3056 9.9654 6.08294 0 148.7811 75.7786 -90.5825 90.4892 0 0 0 0 0 0 0 0 55.9887 141.769 112.673 236.656 
0.00262768269648719528 4.02069 0 405122 0 10.1694 6.2175 0 126.7641 1.71986 109.659 63.5691 0 0 0 0 0 0 0 0 3.40717 27.9506 0 0 
0.00291592018373757053 0.385814 0 403502 0.201177 9.55118 5.85251 0 184.9251 -39.7558 -29.5824 178.161 0 -0 0 0 0 -0 0 0 99.4341 235.578 1678.17 3163.29 
0.00318088000811520086 0.824317 0 403415 0.511401 9.42935 8.20754 0 01 0 0 0 0 0 0 0 0 0 0 0 82.838 229.015 248.578 951.116 
0.00400058484011586463 3.56879 0 407098 0.353503 8.62834 7.50875 0 01 0 0 0 0 0 0 0 0 0 0 0 15.2036 70.9179 0 0 
0.00400058484011586463 4.2964 0 412116 0 8.81569 7.67241 0 01 0 0 -0 0 0 0 -0 0 0 0 -0 15.2036 70.9179 0 0 
0.00434899722536679842 2.8192 0 400585 20.9292 8.2225 7.40025 0 01 0 0 0 0 0 0 0 0 0 0 0 40.349 97.6664 0 198.72 
0.00434899722536679842 4.56009 0 402463 0.152208 8.4965 7.39355 0 01 0 0 0 0 0 0 0 0 0 0 0 7.37875 48.6454 0 80.2082 
