#1:time #2:r #3.binary? #4:ID #5:zams_m #6:m_progenitor #7:bh mass #8:bh_spin #9:birth-kick(km/s) #10-25:vsarray
0.00328738887548568701 0.113452 0 48795 0.420832 16.4605 14.6742 0 01 0 0 0 0 0 0 0 0 0 0 0 4.26481 10.0321 1068.19 3136 
0.00328738887548568701 0.246612 0 61743 0.222665 16.6446 14.8501 0 01 -0 0 0 0 -0 0 0 0 -0 0 0 5.82867 11.3904 383.5 1744.58 
0.00331692063191043078 0.0816143 0 73525 0.191666 16.216 14.441 0 01 0 0 0 0 0 0 0 0 0 0 0 6.54431 10.5652 3044.45 6600.19 
0.00331692063191043078 0.0999809 0 100504 0.289754 16.4286 14.6438 0 01 0 0 0 0 0 0 0 0 0 0 0 6.54431 10.5652 3044.45 6600.19 
0.00333262836999419611 0.154935 0 1230 0.213519 16.3738 14.5914 0 01 0 0 0 0 0 0 0 0 0 0 0 2.99749 7.08064 568.561 1413.93 
0.00334009082608639199 0.22239 0 115717 0.145113 16.606 14.8132 0 01 0 0 0 0 0 0 0 0 0 0 0 6.41507 9.32114 1471.53 3398.92 
0.00335274099199344214 0.181971 0 34504 0.123256 16.6524 14.8576 0 01 0 0 0 0 0 0 0 0 0 0 0 5.95431 11.144 1811.69 3487.54 
0.00336407124567753534 0.5667 1 62090 0 11.5653 7.52812 0 0 2 62.2226 43.7784 86.356 0 0 0 0 0 0 0 0 2.29541 8.64348 0 0 
0.00337258758069903077 0.616134 0 119279 118.641 16.7028 14.9057 0 01 0 0 -0 0 0 0 -0 0 0 0 -0 1.83454 3.62369 0 34.3768 
0.003397318488486152 0.45526 0 175727 0.348879 16.4027 14.6191 0 01 0 0 0 0 0 0 0 0 0 0 0 5.01362 11.9177 0 38.7781 
0.0034210600205897574 0.529264 0 128861 0 11.5869 7.55381 0 71.90141 71.7079 -4.83653 2.09867 0 0 -0 0 0 0 -0 0 2.15032 6.46402 0 0 
0.00342706374306600385 0.230954 0 188351 0.214919 15.6981 13.9486 0 01 0 0 0 0 0 0 0 0 0 0 0 2.66538 7.61703 125.278 353.384 
0.00343456565277175168 0.104172 0 92882 107.222 15.9047 14.1449 0 01 0 0 0 0 0 0 0 0 0 0 0 4.41597 8.10473 239.075 2252.15 
0.00344917514632696407 0.289519 0 64926 0.149709 15.6147 13.8696 0 01 0 0 -0 0 0 0 -0 0 0 0 -0 4.12298 8.5183 177.881 573.977 
0.00345392331873306275 0.143195 0 48757 0.081564 15.6627 13.9151 0 01 0 -0 0 0 0 -0 0 0 0 -0 0 4.29665 7.90354 630.537 815.193 
0.00345392331873306275 0.231583 0 111187 103.99 15.6928 13.9436 0 01 -0 0 0 0 -0 0 0 0 -0 0 0 5.57241 10.7217 30.3035 890.852 
0.00345392331873306275 0.572446 0 149723 103.931 15.6809 13.9323 0 01 0 -0 0 0 0 -0 0 0 0 -0 0 2.89182 5.80877 265.291 361.821 
0.00345392331873306275 1.60466 0 178115 104.318 15.6738 13.9256 0 01 -0 0 0 0 -0 0 0 0 -0 0 0 0 1.6063 0 0 
0.00347752894241315849 0.12326 1 34242 0 14.7182 13.023 0 0 1 0.191929 0.485099 -0.446092 0 0 0 0 0 0 0 0 5.57457 11.8347 1883.21 3969.27 
0.00348821445634011143 0.44626 0 9424 0.702953 15.2691 13.5424 0 01 0 0 0 0 0 0 0 0 0 0 0 3.53019 10.9702 0 127.7 
0.00352968721571424171 0.73095 0 168168 93.8479 14.8 13.0999 0 01 0 0 0 0 0 0 0 0 0 0 0 4.39745 13.925 64.7762 64.7762 
0.00355341717436900503 0.124716 1 61874 0 14.7127 13.0178 0 0 1 -0.00204921 -0.00114569 0.0156702 0 0 0 0 0 0 0 0 9.18289 14.2573 2332.34 5135.14 
0.00355341717436900503 1.14532 0 167048 92.1791 14.6503 12.9139 0 2.542681 -1.91395 -0.5036 1.59637 0 0 0 0 0 0 0 0 1.14764 9.30206 336.042 336.042 
0.00356248202746943261 0.120082 1 51333 0 11.1775 7.09426 0 0 1 -5.04567 38.3819 -94.9368 0 0 0 -0 0 0 0 -0 5.36391 9.19452 834.474 3987.51 
0.00356248202746943261 0.199394 0 136651 0.0971449 14.5278 12.6335 0 8.152411 -3.93328 -4.96174 -5.13539 0 0 0 -0 0 0 0 -0 4.88039 10.7265 570.319 975.725 
0.00356248202746943261 0.513857 0 150155 90.7141 14.5159 12.6066 0 5.696271 3.83436 4.21122 0.103784 0 0 0 0 0 0 0 0 2.04273 8.22494 0 3.9112 
0.00359313262119128956 0.180767 0 24087 1.1141 14.2016 11.9141 0 20.2761 8.21422 15.6482 -9.9387 0 0 0 0 0 0 0 0 6.33672 13.0956 2238.07 3856.96 
0.00359313262119128956 0.969533 0 159815 87.188 14.1885 11.8861 0 23.63441 -15.3727 -3.70552 17.5651 0 -0 0 0 0 -0 0 0 2.90721 21.3658 0 0 
0.00360134595510540377 0.246255 0 147898 0.105985 14.1347 11.7714 0 33.5831 -25.3318 17.3854 -13.5597 0 0 0 0 0 0 0 0 6.48547 12.9677 1299.27 2171.39 
0.00360134595510540377 0.497197 0 176205 86.732 14.161 11.8273 0 9.693141 9.53077 -0.0402983 -1.76633 0 0 0 0 0 0 0 0 5.97025 9.93997 0 25.3856 
0.00366575847015755728 0.402861 0 213962 0.144938 13.7179 10.9195 0 69.9411 -65.8147 13.1717 19.664 0 0 0 0 0 0 0 0 2.35659 6.65738 13.9254 40.1736 
0.00370078027623331083 0.157458 0 220657 0.0854277 15.7895 14.0354 0 01 0 -0 0 0 0 -0 0 0 0 -0 0 7.72653 12.2221 1459.51 5607.72 
0.00370078027623331083 0.717071 1 0 0 13.3905 10.2951 0 0 1 135.274 4.33176 -3.32298 1 135.14 8.82701 -2.82397 0 0 0 0 7.93805 13.6638 0 76.2461 
0.00370078027623331083 1.06958 0 176470 78.0612 13.3154 10.1575 0 37.50111 -2.81358 16.6771 -33.4708 0 0 0 0 0 0 0 0 3.22196 9.61485 0 243.165 
0.00371460274506672317 0.864051 0 42429 77.2398 13.2686 10.0727 0 37.9131 26.5408 10.5359 24.9395 0 0 0 0 0 0 0 0 6.05309 15.5779 95.1214 213.489 
0.00373368431106359906 0.963146 0 100809 75.8412 13.1443 9.85158 0 90.3791 30.3785 22.9571 81.9664 0 0 0 0 0 0 0 0 4.74037 18.1149 0 2.82107 
0.00374080555380566825 0.646389 0 102311 0.176676 13.0124 9.62282 0 58.65651 -52.8198 13.5256 -21.6265 0 0 0 0 0 0 0 0 0.653635 0.653635 0 0 
0.00375315123297064335 0.152954 0 4485 0.161704 12.9162 9.46012 0 52.30221 24.0918 -32.9089 32.7431 0 0 0 0 0 0 0 0 7.90058 12.8963 1685.59 4107.95 
0.00376703995920045151 0.99265 0 152617 73.6069 12.8663 9.37706 0 65.95551 24.2714 51.6734 33.0285 0 0 0 0 0 0 0 0 2.94579 6.88687 0 1.68167 
0.00379312846359853998 0.171339 0 9114 0.0922527 10.2352 6.2639 0 104.8721 65.0306 -69.6508 -43.7953 0 0 0 0 0 0 0 0 2.28837 6.05373 0 984.532 
0.00379610523200583742 1.74574 0 153939 71.4512 12.6332 9.00081 0 72.87321 57.9391 -12.8983 42.2752 0 0 0 0 0 0 0 0 0 0 0 0 
0.00380636892580947994 0.903293 0 114706 70.8061 12.5808 8.91888 0 73.23511 -51.5645 38.8631 34.5563 0 0 0 0 0 0 0 0 0 2.70795 0 0 
0.00382836897581183581 0.674785 0 51259 69.5325 12.4527 8.72299 0 77.12341 65.5418 23.0503 33.4809 0 0 0 0 0 0 0 0 0 2.70556 0 0 
0.00382836897581183581 1.53026 0 174664 69.4959 12.4495 8.71827 0 180.3571 -172.867 -49.8965 12.496 0 0 -0 0 0 0 -0 0 0 0 0 0 
0.00384107903101648046 0.321231 0 24013 0.420832 12.3571 8.58067 0 62.13971 -62.0863 1.77707 1.86425 0 -0 0 0 0 -0 0 0 1.02782 3.03392 0 116.182 
0.0038738520889390316 0.325049 0 111328 67.4826 12.2189 8.38078 0 37.6881 35.0888 0.0706589 13.7535 0 0 0 0 0 0 0 0 8.06907 18.8005 0 684.967 
0.0038738520889390316 0.840996 0 121014 67.3249 12.2095 8.36752 0 38.05421 27.3124 -25.9682 5.2732 0 0 0 0 0 0 0 0 5.82587 14.9327 9.01542 56.7292 
0.0038738520889390316 2.91355 0 196871 67.4387 12.2221 8.38538 0 89.77791 22.4464 -47.217 -72.9847 0 0 0 -0 0 0 0 -0 0 6.29384 0 0 
0.00389526595069463778 0.431564 0 71530 66.0952 12.0559 8.15378 0 63.71931 -10.4147 -41.1708 47.5043 0 0 0 0 0 0 0 0 3.91555 9.92821 0 0 
0.00390959381416499958 1.18426 0 150382 65.3114 11.9647 8.03093 0 122.0471 -120.911 -13.7473 -9.33015 0 0 0 -0 0 0 0 -0 0 1.20685 0 0 
0.00393604928570023566 0.211531 0 11010 64.4191 11.9047 7.95173 0 178.2421 -178.063 -3.50506 -7.18268 0 0 0 0 0 0 0 0 9.34083 15.9745 343.061 1552.11 
0.00393604928570023566 0.22071 0 12700 0.0899 11.8964 7.94096 0 123.4321 -111.62 20.3668 -48.5977 0 0 0 0 0 0 0 0 9.34083 15.9745 343.061 1552.11 
0.00396851991496306299 0.136721 0 25684 0.119983 11.7203 7.71654 0 223.6161 138.885 114.4 132.768 0 0 0 0 0 0 0 0 10.4375 16.8908 3196.41 5454.91 
0.00396851991496306299 0.874176 0 177308 63.2174 11.7766 7.78702 0 69.18561 -35.2934 -56.0813 -19.8975 0 0 0 -0 0 0 0 -0 9.48077 25.8669 393.908 1309.55 
0.00396851991496306299 1.18915 0 166865 62.8942 11.6871 7.67537 0 74.72861 67.5484 -9.04947 -30.6543 0 0 0 0 0 0 0 0 8.40125 22.7537 0 55.1364 
0.00397230465712182339 0.152185 0 247142 0.0895372 11.6133 7.58552 0 105.2081 -53.3462 73.5116 53.0943 0 0 0 0 0 0 0 0 3.59309 8.85021 346.302 2259.55 
0.00399799464657172709 0.128966 0 110778 0.243553 11.5285 7.48461 0 84.9031 -49.9611 57.8319 36.9847 0 0 0 0 0 0 0 0 4.01178 8.60807 244.61 722.57 
0.00399799464657172709 0.457363 0 181303 61.4273 11.5059 7.45807 0 136.0121 12.5733 134.861 12.3964 0 0 0 0 0 0 0 0 3.26649 7.05369 412.257 486.662 
0.00400148572818135109 0.333647 0 25991 61.3019 11.5044 7.45633 0 129.2681 75.683 76.7769 71.3275 0 0 0 0 0 0 0 0 2.00818 7.76006 0 160.789 
0.00400571180931921008 1.26259 0 164435 61.1483 11.4966 7.44727 0 160.7961 -134.261 -45.4923 -75.894 0 0 0 -0 0 0 0 -0 0 1.28624 0 0 
0.00400571180931921008 2.1675 0 197790 61.1754 11.4817 7.42995 0 129.9571 124.349 21.9256 30.7496 0 0 0 0 0 0 0 0 0 0 0 0 
0.00402167550667618424 0.514555 0 107024 60.5044 11.4207 7.36002 0 45.50171 -28.2603 23.1589 27.1186 0 0 0 0 0 0 0 0 10.389 21.7644 17.0563 497.553 
0.00402167550667618424 0.612886 0 95702 60.5667 11.4355 7.37694 0 147.2831 137.143 43.0113 32.1548 0 0 0 0 0 0 0 0 4.92216 15.4057 268.246 346.809 
0.00404209472063854578 0.81177 0 156600 59.8262 11.3293 7.25772 0 125.6731 64.8726 -107.634 0.163194 0 0 0 0 0 0 0 0 4.91654 11.4203 125.254 138.2 
0.00404546921029074347 1.46649 0 184514 59.5604 11.3045 7.23046 0 86.27891 69.236 -51.4623 1.4315 0 0 0 0 0 0 0 0 0 0 0 0 
0.00404546921029074347 1.53559 0 176147 59.5084 11.3122 7.23887 0 200.1551 69.1798 -94.4262 162.358 0 0 0 0 0 0 0 0 0 0 0 0 
0.00407500569931460496 0.285752 0 147276 0.31333 11.065 6.97838 0 171.2791 -45.6307 161.575 33.8795 0 0 0 0 0 0 0 0 6.38991 15.3602 205.389 1006.55 
0.00407500569931460496 0.456002 0 85265 58.7173 11.1995 7.11746 0 112.1341 82.1892 -74.5392 16.214 0 0 0 0 0 0 0 0 2.63377 12.7668 0 3.54474 
0.00410422334080635335 0.166636 0 52253 57.7001 11.0518 6.96503 0 171.2051 75.4495 -130.865 -80.5782 0 0 0 0 0 0 0 0 8.5996 13.6204 1171.62 2664.33 
0.0041225570361207416 1.12796 0 179664 56.8427 10.9508 6.86532 0 247.6421 46.492 -63.0406 -234.928 0 0 0 0 0 0 0 0 1.1564 3.42626 0 0 
0.00413836362118649541 0.833165 0 134142 56.2477 10.8996 6.81613 0 90.46911 -73.8305 42.806 -30.0227 0 0 0 0 0 0 0 0 3.30897 6.59369 0 354.246 
0.00416020481920300212 0.167586 0 13642 0.337411 10.6185 6.56272 0 128.7661 77.7967 55.5656 -86.2597 0 0 0 0 0 0 0 0 7.23543 12.2578 1670.86 2994.32 
0.00416464177320870297 1.00169 0 128897 0.878171 10.8122 6.73438 0 104.0751 -101.146 23.0326 -8.39727 0 0 0 0 0 0 0 0 2.03572 5.08708 94.622 163.857 
0.0041864046204595504 0.26479 0 58352 0.578313 10.7007 6.63394 0 113.5571 -33.0018 95.9033 -51.074 0 0 0 -0 0 0 0 -0 9.03878 18.5988 378.26 788.797 
0.0042124192458584753 0.278268 0 6409 0.637383 10.5132 6.47577 0 176.6891 -22.4417 -133.252 113.839 0 -0 0 0 0 -0 0 0 4.36885 9.67735 948.011 1202.1 
0.00426927300256419329 0.307428 0 77606 0.0817017 10.6433 6.5839 0 208.8861 4.5061 65.1788 -198.406 0 0 0 0 0 0 0 0 5.5253 14.2127 523.372 1036.09 
0.00426927300256419329 0.310367 0 165646 0.121678 9.98583 6.09578 0 73.04671 64.8114 24.9504 22.6447 0 0 0 0 0 0 0 0 5.5253 14.2127 523.372 1036.09 
0.00429200033994370494 0.283238 1 0 51.4257 10.9614 6.92522 0 0 1 31.397 22.0423 24.262 1 34.4074 -11.2117 16.3259 0 0 0 0 7.98019 19.3347 490.108 1746.73 
0.00429200033994370494 0.587371 0 154047 0.243553 10.6404 6.58138 0 182.9881 182.279 14.8264 -6.2817 0 0 0 0 0 0 0 0 11.0912 24.5256 375.289 568.303 
0.00429200033994370494 0.635696 0 194166 51.865 10.6392 6.58041 0 199.3631 -173.865 -81.5431 -53.5451 0 -0 0 0 0 -0 0 0 6.35321 17.7317 0 58.036 
0.00430982766623699831 0.30818 0 74245 51.1709 10.6541 6.59326 0 142.3011 -80.0158 104.491 -54.1182 0 -0 0 0 0 -0 0 0 6.67712 15.722 643.408 1266.56 
0.00434575149739191771 0.314097 1 37483 0 8.80702 7.66479 0 0 2 1.39915 -0.366136 -0.779892 0 0 0 -0 0 0 0 -0 15.1936 28.3558 725.674 1352.17 
0.00434575149739191771 1.13347 0 185627 50.0487 10.6986 6.63207 0 83.45831 -12.2041 60.8551 55.7943 0 -0 0 0 0 -0 0 0 1.13347 20.2823 0 39.3381 
0.00435820725964713301 0.146961 0 161343 1.64541 10.744 6.6724 0 179.9971 -156.452 -56.1039 69.0937 0 0 -0 0 0 0 -0 0 6.99425 12.1616 688.675 2281.34 
0.00435820725964713301 0.306705 1 44453 0 8.83496 7.68921 0 0 2 -0.604689 0.246192 1.23578 0 0 0 0 0 0 0 0 7.73913 18.1484 254.648 1036.84 
0.00435820725964713301 0.365432 0 89578 49.7995 10.705 6.63773 0 86.20681 58.6813 60.8374 -16.939 0 0 0 0 0 0 0 0 7.50289 14.5297 260.585 505.993 
0.00438541055412867888 0.534952 0 183715 49.3078 10.7276 6.65772 0 149.9951 142.7 12.3126 -44.5355 0 0 0 0 0 0 0 0 9.14014 25.1961 138.137 341.204 
0.00438541055412867888 0.597264 0 54190 49.2892 10.7268 6.65701 0 160.7281 84.5712 -123.506 -58.546 0 0 0 -0 0 0 0 -0 7.06729 25.3509 0 467.904 
0.00438541055412867888 1.06648 0 162029 49.042 10.712 6.64395 0 79.90241 27.5527 -68.7219 -30.0424 0 0 -0 0 0 0 -0 0 6.34917 18.0747 0 42.6563 
0.00439503109864570161 0.519926 0 157557 48.6908 10.6905 6.62497 0 303.1971 300.653 38.2472 -8.54665 0 0 0 0 0 0 0 0 3.0678 10.2634 0 12.4241 
0.00439503109864570161 0.915072 0 99846 48.7235 10.6925 6.62667 0 131.7781 102.839 59.1815 -57.3332 0 0 0 0 0 0 0 0 1.83633 9.19764 1.95572 1.95572 
0.0044096004682744102 0.392987 0 62226 48.302 10.6646 6.60235 0 114.4321 -10.4528 88.4359 71.8652 0 -0 0 0 0 -0 0 0 7.10798 18.574 1.23126 111.334 
0.0044096004682744102 0.936753 0 183290 48.3797 10.6855 6.62061 0 131.381 -83.5995 52.0259 -86.977 0 0 0 -0 0 0 0 -0 4.74809 14.1857 0 174.935 
0.0044096004682744102 2.70294 0 164882 63.0733 11.2953 7.22042 0 169.4151 135.866 100.026 -15.3829 0 0 0 0 0 0 0 0 0 2.92475 0 0 
0.00442804874712665521 0.095934 0 27316 0.287525 10.6532 6.59243 0 222.4491 -222.448 0.144318 0.452222 0 -0 0 0 0 -0 0 0 9.90855 17.2332 1295.77 4363.08 
0.00444881703607502999 0.305799 1 0 0 10.6087 6.55449 0 0 1 191.229 -4.03975 -12.5669 1 191.674 -1.24342 -6.64357 0 0 0 0 7.27432 17.0767 173.936 791.16 
0.00448765623970085337 0.437521 0 953 0.299256 10.011 6.11183 0 152.6411 -85.4828 44.2223 118.475 0 -0 0 0 0 -0 0 0 10.6867 27.9164 6.3538 542.165 
0.00448765623970085337 1.05753 0 177060 46.786 10.5606 6.51447 0 135.3071 49.8657 123.611 -23.2795 0 0 0 -0 0 0 0 -0 6.37281 27.7923 0 40.2477 
0.00451427097431186808 1.65848 0 144755 46.2284 10.5342 6.49284 0 126.5551 -5.01998 -59.5933 111.533 0 0 0 0 0 0 0 0 6.64088 11.6319 0 83.5393 
0.00451427097431186808 1.73917 0 139943 46.444 10.5443 6.50111 0 172.4851 116.878 9.35588 126.503 0 0 0 0 0 0 0 0 0 5.10379 0 0 
0.0045258602035249092 2.98944 0 194155 45.6927 10.5195 6.48091 0 80.87261 50.36 -63.2337 -2.39656 0 0 0 0 0 0 0 0 0 0 0 0 
0.00457319043305800567 0.202054 0 60170 0 10.4683 6.43984 0 118.1351 -33.6704 -111.373 20.446 0 0 0 0 0 0 0 0 9.32514 19.1525 1045.95 1791.87 
0.00457319043305800567 0.357122 0 85683 44.9658 10.4457 6.42197 0 306.8951 87.0645 236.018 -175.783 0 0 0 0 0 0 0 0 11.5462 33.8832 6.6011 1194.38 
0.00457319043305800567 0.577517 0 58596 45.3218 10.4794 6.44864 0 86.3051 68.8265 -37.7142 -35.9042 0 0 -0 0 0 0 -0 0 14.8234 36.5056 215.447 502.911 
0.00457319043305800567 0.603692 0 65477 45.4948 10.4818 6.4506 0 230.9271 72.3794 74.1981 -206.356 0 0 0 0 0 0 0 0 11.9401 32.1834 247.688 315.867 
0.00457319043305800567 0.704641 0 37829 45.571 10.4893 6.45653 0 94.89141 75.3018 0.302372 57.7402 0 0 0 0 0 0 0 0 9.72779 30.6179 33.8863 427.269 
0.00457319043305800567 1.66999 0 146828 45.4911 10.4824 6.45107 0 52.73271 -45.3339 11.5932 -24.3141 0 0 0 0 0 0 0 0 3.32101 19.9408 0 54.4332 
0.00457319043305800567 2.36742 0 63181 45.5723 10.4891 6.45637 0 156.5951 -156.572 -1.46368 -2.24145 0 0 0 0 0 0 0 0 2.43788 14.7145 0 0 
0.00460495762908774177 0.296624 0 120626 44.1948 10.4234 6.40453 0 164.4911 -142.664 40.0294 71.4282 0 -0 0 0 0 -0 0 0 10.7805 23.5724 349.38 1374.52 
0.00462961391259259815 0.303129 1 0 0 10.3829 6.37328 0 0 1 64.7419 -84.7432 -110.083 1 61.6767 -86.2275 -110.741 0 0 0 -0 13.1835 22.877 271.477 1303.72 
0.00462961391259259815 0.500321 0 35366 43.6827 10.3552 6.35221 0 98.71431 -11.4234 -83.6087 -51.2212 0 -0 0 0 0 -0 0 0 7.42687 25.6383 307.176 327.129 
0.00462961391259259815 0.506472 0 141955 43.841 10.376 6.36801 0 97.43771 62.0828 12.1444 74.1104 0 0 0 0 0 0 0 0 7.42687 25.6383 307.176 327.129 
0.00466713459997630982 0.132523 1 20900 0 9.28932 8.08554 0 0 1 0.22787 0.368765 -0.0040941 0 0 0 -0 0 0 0 -0 12.7259 21.6254 1961.15 3974.99 
0.00466713459997630982 0.271694 0 68583 43.541 10.3562 6.35294 0 1411 -84.3209 65.5334 92.0677 0 -0 0 0 0 -0 0 0 11.6227 27.8532 1089.83 1882.53 
0.00466713459997630982 0.296927 0 83883 0.434945 10.2734 6.29153 0 139.4081 24.6877 -20.8351 -135.613 0 0 0 0 0 0 0 0 11.6227 27.8532 1089.83 1882.53 
0.00466713459997630982 0.298143 0 150523 43.4831 10.3472 6.34616 0 45.23921 37.014 -2.14409 25.922 0 0 0 0 0 0 0 0 12.8429 31.0325 591.553 1147.32 
0.00466713459997630982 0.736583 0 85753 43.43 10.3509 6.34897 0 270.5091 -216.952 155.234 44.8259 0 -0 0 0 0 -0 0 0 13.4582 33.7447 102.381 237.221 
0.00466713459997630982 1.37046 0 94719 43.369 10.3437 6.34352 0 139.1561 -120.842 -62.4986 29.2507 0 -0 0 0 0 -0 0 0 8.2704 19.2641 0 3.07758 
0.00467374379186760204 0.402326 0 131772 42.8596 10.3077 6.31669 0 113.9231 -30.1727 73.365 81.7651 0 -0 0 0 0 -0 0 0 5.67847 12.0377 66.3762 342.459 
0.00467374379186760204 0.402975 0 253106 0.112873 10.6142 6.55913 0 198.5241 170.897 84.9953 54.6069 0 0 0 0 0 0 0 0 5.67847 12.0377 66.3762 342.459 
0.00471427506115172559 0.211307 0 68259 0.115571 10.284 6.29926 0 121.9171 27.0313 117.553 -17.7299 0 0 0 0 0 0 0 0 10.9035 22.7091 1427.6 2825.16 
0.00471427506115172559 0.557941 0 170070 42.6563 10.278 6.29489 0 54.15441 51.9579 10.0133 -11.5244 0 0 0 -0 0 0 0 -0 14.3672 33.7127 79.7811 1019.52 
0.00471427506115172559 2.37008 0 197910 42.2259 10.2482 6.27328 0 287.3591 -36.5462 -283.464 -29.7982 0 0 0 0 0 0 0 0 7.184 19.5176 0 0 
0.0047538913494877006 0.161834 1 0 0 10.2042 6.24187 0 0 1 87.8735 142.545 -16.9807 1 89.9764 141.575 -14.1747 0 0 0 0 11.7842 19.3971 1901.98 3869.87 
0.0047538913494877006 1.83089 0 121054 41.5427 10.2149 6.24946 0 152.9331 -63.1849 -126.998 57.1627 0 0 0 0 0 0 0 0 5.37783 21.5114 23.9436 23.9436 
0.0047538913494877006 2.06594 0 111014 41.6225 10.2063 6.24336 0 216.7131 -71.6227 -204.044 14.1688 0 0 -0 0 0 0 -0 0 2.11584 6.28008 0 0 
0.00477484302365963151 0.425138 0 78974 41.3222 10.1783 6.22374 0 204.6411 -60.5263 -11.1441 -195.167 0 -0 0 0 0 -0 0 0 6.97817 19.2459 31.2266 152.576 
0.0048081719013366251 0.313548 1 0 0 10.1371 6.19532 0 0 1 80.0695 72.4667 87.9114 1 76.4804 68.2289 94.6395 0 0 0 0 14.4738 27.6424 509.402 924.058 
0.0048081719013366251 0.976167 0 122995 40.6661 10.131 6.19112 0 192.8341 -84.3152 53.1855 -165.068 0 0 0 -0 0 0 0 -0 12.5578 26.129 103.17 328.536 
0.0048081719013366251 1.21884 0 82477 40.9632 10.1731 6.22009 0 138.6891 134.057 -34.8989 6.72252 0 0 -0 0 0 0 -0 0 2.45703 22.0451 0 0 
0.0048081719013366251 1.36938 0 51605 40.827 10.1512 6.20495 0 205.3811 -50.1918 -164.869 -111.715 0 0 0 0 0 0 0 0 1.36938 8.31504 0 0 
0.0048434802109768877 0.21279 0 232499 38.6921 10.0524 6.1386 0 96.01831 75.7241 20.309 -55.434 0 0 0 0 0 0 0 0 9.37019 19.7535 1842.31 3128.26 
0.0048434802109768877 0.541969 0 5284 40.5322 10.1276 6.18881 0 118.9391 17.7864 26.0035 -114.691 0 0 0 0 0 0 0 0 13.7765 32.943 193.282 477.555 
0.0048434802109768877 1.54354 0 189256 40.4504 10.1149 6.18021 0 182.3991 -146.015 -27.1034 105.898 0 -0 0 0 0 -0 0 0 3.01973 16.7659 0 0 
0.00488660336806160788 0.630443 0 191234 39.5368 10.0427 6.1323 0 102.8811 -3.10645 -72.5806 -72.8479 0 -0 0 0 0 -0 0 0 11.4093 27.2967 57.4786 220.141 
0.00488660336806160788 0.79706 0 195207 39.8973 10.0652 6.14701 0 147.7751 2.70035 -132.895 64.5665 0 0 0 0 0 0 0 0 10.9808 42.362 58.1436 260.716 
0.00488660336806160788 1.89215 0 185827 39.6373 10.0454 6.13404 0 36.56351 -36.3779 -3.66684 0.295545 0 0 0 0 0 0 0 0 1.90004 18.9223 0 0 
0.00491775062786928719 0.253068 0 7823 0 9.94119 6.06788 0 110.571 40.616 -68.8447 76.3964 0 0 0 0 0 0 0 0 10.6334 23.8136 119.54 989.26 
0.00491775062786928719 0.745631 0 50618 39.3718 10.0448 6.13368 0 149.5751 -16.9106 70.659 -130.744 0 0 0 0 0 0 0 0 8.8011 28.6038 0 1.39075 
0.00496350628116350862 0.11177 1 0 0 9.97431 6.08852 0 0 1 -185.63 8.71157 -14.9664 1 -185.89 7.56896 -12.4038 0 -0 0 0 9.50275 22.4818 820.3 1593.24 
0.00496350628116350862 0.417334 0 36465 39.0862 10.0032 6.10683 0 146.2021 144.912 -10.7509 16.1303 0 0 -0 0 0 0 -0 0 15.9399 32.7261 385.54 1544.91 
0.00496350628116350862 1.79246 0 170525 38.7956 9.99136 6.09929 0 133.31 -108.714 66.4576 -39.1615 0 -0 0 0 0 -0 0 0 0 14.5786 0 0 
0.00496350628116350862 1.90715 0 167586 38.5806 9.96559 6.08306 0 197.5311 50.3431 -188.559 30.4886 0 0 -0 0 0 0 -0 0 11.4524 22.9126 101.898 101.898 
0.00499480240709691305 1.29549 0 159247 38.304 9.94655 6.0712 0 122.0721 121.886 -5.13286 -4.38676 0 0 0 0 0 0 0 0 7.85108 24.7894 125.679 125.679 
0.00504484170709076137 0.453925 0 36799 37.7695 9.88944 6.03638 0 131.9651 20.3985 57.5191 -117.005 0 0 0 0 0 0 0 0 7.99285 20.9709 105.362 1104.76 
0.00504484170709076137 0.54353 0 159486 37.6837 9.88279 6.03239 0 146.1251 137.104 -23.0496 -44.9863 0 0 0 0 0 0 0 0 11.2569 33.174 3.20882 613.864 
0.00504484170709076137 0.639057 0 87721 37.6852 9.88449 6.03341 0 283.8551 70.4219 -16.304 274.497 0 0 0 0 0 0 0 0 8.92184 26.1307 0 432.827 
0.00509204729620430386 0.343568 0 32995 0.158581 9.84278 6.00873 0 82.26721 -81.1231 8.94555 -10.3398 0 0 0 -0 0 0 0 -0 10.2935 22.7343 67.8459 415.453 
0.00509204729620430386 1.29839 0 162583 37.01 9.83242 6.00269 0 103.2291 -8.92337 -102.489 8.52487 0 0 0 0 0 0 0 0 5.27627 15.724 0 145.124 
0.00509204729620430386 2.00902 0 169315 36.9321 9.82052 5.9958 0 119.9431 -116.044 -1.67099 -30.2876 0 -0 0 0 0 -0 0 0 2.03503 8.11647 0 0 
0.00513587356403893795 0.150632 0 58537 36.8577 9.82201 5.99666 0 187.9071 23.7658 130.533 133.062 0 0 0 0 0 0 0 0 9.1043 20.2692 881.155 1880.39 
0.00513587356403893795 1.04422 0 62469 36.8054 9.82881 6.0006 0 45.37391 4.88428 -39.9498 -20.951 0 0 0 -0 0 0 0 -0 8.28205 31.1854 0 0 
0.00513587356403893795 1.18316 0 149543 36.7563 9.80942 5.98941 0 49.33121 -27.0358 38.1763 -15.6589 0 0 0 0 0 0 0 0 6.03323 27.6694 0 227.647 
0.00513587356403893795 1.51862 0 143944 36.4785 9.78344 5.97462 0 66.32631 -47.4397 -43.5015 16.0084 0 -0 0 0 0 -0 0 0 9.29184 27.6439 0 0 
0.00519515679139831259 0.25289 0 8274 35.9089 9.73147 5.94573 0 123.6411 53.7906 56.2338 96.081 0 0 0 0 0 0 0 0 17.5241 35.5531 994.089 2195.11 
0.00519515679139831259 0.859657 0 128347 35.8955 9.73213 5.94609 0 106.4841 34.992 98.5101 20.2502 0 0 0 0 0 0 0 0 18.2723 39.1712 0 175.709 
0.00519515679139831259 0.925421 0 186579 35.8192 9.73194 5.94598 0 201.6721 -73.767 -185.078 31.2412 0 0 0 0 0 0 0 0 11.1251 34.2531 4.80618 120.461 
0.00519515679139831259 2.57313 0 198841 35.9894 9.73502 5.94767 0 292.0871 -74.0584 -114.909 -258.121 0 0 0 -0 0 0 0 -0 8.03306 13.4548 0 0 
0.00526983117398825349 0.23329 0 90793 35.7125 9.71319 5.93578 0 224.911 201.502 87.6668 47.9172 0 0 0 0 0 0 0 0 15.6285 29.6308 1126.58 2335.96 
0.00526983117398825349 0.57845 0 102873 35.6821 9.71263 5.93548 0 130.6631 -76.1674 -3.93128 106.093 0 0 0 0 0 0 0 0 16.4952 41.9531 116.618 251.234 
0.00526983117398825349 0.656853 0 57393 35.2741 9.6909 5.9238 0 94.3941 81.8131 -26.9578 -38.602 0 0 0 -0 0 0 0 -0 19.3983 50.3542 298.174 598.148 
0.00526983117398825349 0.763907 0 191220 35.2742 9.69086 5.92378 0 110.2491 110.051 -0.621869 -6.56818 0 0 0 0 0 0 0 0 16.2508 43.2626 52.9671 268.139 
0.00526983117398825349 1.43245 0 87366 35.2759 9.6854 5.92087 0 125.3391 75.5843 -62.8246 77.7808 0 0 -0 0 0 0 -0 0 8.61428 31.6454 0 0 
0.00526983117398825349 1.97499 0 196116 35.192 9.68322 5.91971 0 110.4951 -86.6779 -41.0473 -54.8749 0 0 0 -0 0 0 0 -0 5.98658 32.1509 39.5136 39.5136 
0.00532608880881853351 0.325354 0 43247 34.425 9.59165 5.87248 0 114.7351 63.5202 82.9309 47.4539 0 0 0 0 0 0 0 0 22.7149 45.604 1340.22 2446.08 
0.00532608880881853351 0.334205 0 38744 34.4193 9.58817 5.87075 0 115.661 -16.5811 61.1495 -96.7632 0 -0 0 0 0 -0 0 0 22.7149 45.604 1340.22 2446.08 
0.00532608880881853351 0.372835 0 137507 34.7929 9.63425 5.89411 0 251.91 218.226 -58.2045 111.55 0 0 0 0 0 0 0 0 15.9169 35.6835 94.2973 944.702 
0.00532608880881853351 1.01982 0 165929 34.8882 9.62535 5.88954 0 188.8811 95.3331 51.1813 154.816 0 0 0 0 0 0 0 0 18.2192 33.4681 0 416.947 
0.00545421610894185165 0.33486 0 17420 33.4215 9.4835 8.25465 0 01 0 0 0 0 0 0 0 0 0 0 0 15.0042 27.6444 375.618 1061.24 
0.00545421610894185165 1.28909 0 195542 33.3682 9.50654 8.27471 0 01 0 0 0 0 0 0 0 0 0 0 0 5.10671 11.4821 0 0 
0.00547661056428816635 1.13358 0 140577 33.135 9.45885 8.23319 0 01 0 0 0 0 0 0 0 0 0 0 0 4.57011 17.1971 0 92.8975 
0.00547661056428816635 1.14005 0 149405 33.1739 9.46383 8.23751 0 01 0 -0 0 0 0 -0 0 0 0 -0 0 4.57011 17.1971 0 92.8975 
0.00547661056428816635 1.25833 0 138555 33.057 9.44624 8.22219 0 01 -0 0 0 0 -0 0 0 0 -0 0 0 2.47195 11.2264 0 0 
0.00553530656293702624 0.403104 0 41308 32.768 9.43042 8.20847 0 01 0 0 0 0 0 0 0 0 0 0 0 21.6591 41.3198 1263.59 2491.39 
0.00556789634610199095 0.397538 0 30052 32.4488 9.40109 8.18289 0 01 0 0 -0 0 0 0 -0 0 0 0 -0 11.6263 29.9676 678.108 1053.9 
0.00556789634610199095 0.719821 0 107151 32.3059 9.37546 8.16059 0 01 0 0 0 0 0 0 0 0 0 0 0 13.1338 31.4433 82.0269 84.6803 
0.00556789634610199095 0.937558 0 176355 32.2815 9.36925 8.15519 0 01 0 0 0 0 0 0 0 0 0 0 0 9.42025 26.3408 51.9284 191.35 
0.00559151822072239627 1.36093 0 121925 32.1195 9.36527 8.15172 0 01 0 0 -0 0 0 0 -0 0 0 0 -0 4.08916 15.058 0 0 
0.00561240590225786738 1.25837 0 139792 31.9889 9.34795 8.13662 0 01 0 0 0 0 0 0 0 0 0 0 0 0 11.2649 0 0 
0.00570704803757095432 0.42627 0 154920 31.2574 9.25818 8.05841 0 01 0 -0 0 0 0 -0 0 0 0 -0 0 22.1236 50.1921 172.864 1145.73 
0.00570704803757095432 0.555941 0 66897 31.2341 9.24829 8.04979 0 01 -0 0 0 0 -0 0 0 0 -0 0 0 24.6621 58.6513 47.5549 434.076 
0.00570704803757095432 0.584232 0 109173 31.5459 9.28716 8.08367 0 01 0 -0 0 0 0 -0 0 0 0 -0 0 20.1029 50.7382 419.095 733.802 
0.00570704803757095432 1.77975 0 184947 31.2345 9.2461 8.04788 0 01 0 0 0 0 0 0 0 0 0 0 0 7.18724 39.4224 0 107.9 
0.00570704803757095432 2.19662 0 194863 31.5906 9.29227 8.08812 0 01 0 0 0 0 0 0 0 0 0 0 0 4.44175 17.9305 0 0 
0.0057470487054567124 0.347006 0 34930 0.721585 9.0049 7.83755 0 01 0 0 -0 0 0 0 -0 0 0 0 -0 14.5768 31.9117 419.095 1486.44 
0.00579133968808815108 0.259391 1 26774 0 9.19563 8.0039 0 0 2 0.000629985 0.00955753 0.00824332 0 0 0 0 0 0 0 0 13.7104 31.2388 180.143 977.939 
0.00579133968808815108 0.396162 0 52314 30.7935 9.21287 8.01892 0 01 0 0 0 0 0 0 0 0 0 0 0 9.32071 29.2797 284.402 594.194 
0.00579133968808815108 0.622661 0 30458 30.8936 9.20659 8.01344 0 01 0 0 0 0 0 0 0 0 0 0 0 12.1213 43.1108 161.642 223.08 
0.00579133968808815108 0.711767 0 59481 30.6952 9.19961 8.00737 0 01 -0 0 0 0 -0 0 0 0 -0 0 0 14.2305 33.4602 19.7641 386.189 
0.00579133968808815108 0.79047 0 69754 30.7762 9.20892 8.01548 0 01 0 0 0 0 0 0 0 0 0 0 0 6.32253 26.0268 0 350.293 
0.00579133968808815108 1.46194 0 194475 30.6804 9.19709 8.00517 0 01 -0 0 0 0 -0 0 0 0 -0 0 0 2.93968 16.0866 0 28.3112 
0.00579133968808815108 1.7972 0 169885 30.6318 9.18971 7.99873 0 01 -0 0 0 0 -0 0 0 0 -0 0 0 9.0148 21.5972 0 1.11808 
0.00579133968808815108 1.84185 0 177987 30.7625 9.2108 8.01711 0 01 -0 0 0 0 -0 0 0 0 -0 0 0 0 16.8752 0 0 
0.00579133968808815108 1.95335 0 79775 30.7969 9.21206 8.01821 0 01 0 0 0 0 0 0 0 0 0 0 0 5.83349 25.2628 0 0 
0.00581608258088323234 0.414906 0 19678 30.5204 9.166 7.97805 0 01 0 0 0 0 0 0 0 0 0 0 0 11.231 21.1065 22.8333 317.712 
0.00581608258088323234 0.519418 0 132704 30.5626 9.17922 7.98959 0 01 0 0 0 0 0 0 0 0 0 0 0 13.0919 27.7413 253.56 457.735 
0.00589408934422605557 0.315862 0 27397 30.0313 9.12973 7.94644 0 01 0 0 0 0 0 0 0 0 0 0 0 17.442 40.0169 236.883 1126.61 
0.00589408934422605557 0.326859 0 43108 30.0418 9.12445 7.94184 0 01 0 -0 0 0 0 -0 0 0 0 -0 0 20.908 52.9954 368.055 1730.6 
0.00589408934422605557 0.378075 0 71493 30.2655 9.14438 7.95922 0 01 0 0 -0 0 0 0 -0 0 0 0 -0 20.0735 48.9084 353.162 1021.58 
0.00589408934422605557 0.716827 0 183892 30.1223 9.12167 7.93942 0 01 0 0 0 0 0 0 0 0 0 0 0 13.5183 49.0912 0 418.766 
0.00589408934422605557 1.28043 0 89901 30.3874 9.14935 7.96353 0 01 0 0 -0 0 0 0 -0 0 0 0 -0 5.20631 31.1329 0 63.2418 
0.00589408934422605557 1.29923 0 154589 30.0242 9.12512 7.94242 0 01 0 0 0 0 0 0 0 0 0 0 0 5.20631 31.1329 0 63.2418 
0.00595209115128919868 0.315025 0 86949 29.7502 9.1154 7.93392 0 01 0 0 0 0 0 0 0 0 0 0 0 17.6724 39.7835 642.489 1862.11 
0.00595209115128919868 0.948755 0 129259 29.8493 9.10051 7.92094 0 01 0 0 0 0 0 0 0 0 0 0 0 10.4607 35.1553 0 0 
0.00595209115128919868 1.0989 0 48688 0.0882701 9.09308 7.91449 0 01 0 0 0 0 0 0 0 0 0 0 0 12.0849 43.924 26.1739 30.6254 
0.00605250808463491524 0.508557 0 6292 29.1038 9.02266 7.85305 0 01 0 0 0 0 0 0 0 0 0 0 0 24.5868 63.6732 339.854 438.844 
0.00605250808463491524 0.510055 0 19650 29.1244 9.02784 7.85757 0 01 0 0 -0 0 0 0 -0 0 0 0 -0 24.5868 63.6732 339.854 438.844 
0.00605250808463491524 0.513031 0 95010 29.1241 9.02805 7.85776 0 01 0 0 0 0 0 0 0 0 0 0 0 24.5868 63.6732 339.854 438.844 
0.00605250808463491524 0.515683 0 153147 29.442 9.05323 7.8797 0 01 0 0 0 0 0 0 0 0 0 0 0 24.5868 63.6732 339.854 438.844 
0.00605250808463491524 0.581902 0 152125 29.2841 9.05805 7.88393 0 01 0 0 0 0 0 0 0 0 0 0 0 26.3901 52.7858 72.055 288.104 
0.00605250808463491524 1.02535 0 179360 28.9337 8.9966 7.83031 0 01 0 -0 0 0 0 -0 0 0 0 -0 0 19.8033 58.1623 583.678 809.489 
0.00605250808463491524 1.5591 0 185079 29.0216 9.0064 7.83886 0 01 0 -0 0 0 0 -0 0 0 0 -0 0 15.7573 48.7859 49.7221 49.7221 
0.00605250808463491524 1.97174 0 54359 28.9575 9.0019 7.83494 0 01 0 0 0 0 0 0 0 0 0 0 0 5.88388 29.2827 0 1.73484 
0.00612177388623760116 0.296981 0 29137 28.8047 8.99977 7.83308 0 01 0 0 -0 0 0 0 -0 0 0 0 -0 15.7397 36.4165 1089.53 2195.56 
0.00612177388623760116 0.366818 0 161709 0.14595 12.5106 8.81097 0 135.6171 49.1269 -85.8527 92.7788 0 0 0 0 0 0 0 0 17.6059 38.9958 118.303 740.378 
0.00612177388623760116 0.863226 0 126118 28.7826 8.99495 7.82886 0 01 -0 0 0 0 -0 0 0 0 -0 0 0 13.0382 48.8218 326.233 693.663 
0.00612177388623760116 0.938769 0 61856 28.5407 8.95623 7.79508 0 01 0 0 0 0 0 0 0 0 0 0 0 15.6717 39.7292 0 214.822 
0.00617970437450848786 0.455204 0 55732 28.4725 8.93606 7.77746 0 01 0 0 0 0 0 0 0 0 0 0 0 18.3351 43.7627 116.89 562.08 
0.00617970437450848786 0.669633 0 67839 28.2831 8.92611 7.76879 0 01 0 0 0 0 0 0 0 0 0 0 0 11.38 38.1717 314.745 416.896 
0.00617970437450848786 0.717221 0 185355 28.3386 8.92289 7.76597 0 01 0 -0 0 0 0 -0 0 0 0 -0 0 17.3737 54.0316 90.162 102.92 
0.00617970437450848786 0.77752 0 39238 28.202 8.91484 7.75895 0 01 0 0 0 0 0 0 0 0 0 0 0 20.8693 51.0118 156.625 391.955 
0.00617970437450848786 0.823317 0 99537 28.3536 8.92589 7.7686 0 01 0 0 0 0 0 0 0 0 0 0 0 19.7595 37.8295 40.164 233.819 
0.00617970437450848786 1.31698 0 162556 28.4539 8.94471 7.78501 0 01 -0 0 0 0 -0 0 0 0 -0 0 0 7.87239 34.0009 0 0 
0.00617970437450848786 1.69396 0 106288 28.3056 8.937 7.77829 0 01 0 0 0 0 0 0 0 0 0 0 0 11.8466 21.9232 0 33.5577 
0.00617970437450848786 2.48232 0 193763 28.3885 8.93877 7.77983 0 01 0 0 0 0 0 0 0 0 0 0 0 5.15429 10.2631 0 0 
0.00629297110482860723 0.176775 0 235814 0.107192 13.0543 9.6948 0 60.77491 12.2194 21.918 55.3523 0 0 0 0 0 0 0 0 17.5157 35.8881 1188.15 2715.93 
0.00629297110482860723 0.302889 0 216219 0.0913606 8.7458 7.61137 0 01 0 0 0 0 0 0 0 0 0 0 0 18.8248 42.5961 394.597 1033.84 
0.00629297110482860723 0.502339 0 41160 28.0132 8.89205 7.73906 0 01 0 -0 0 0 0 -0 0 0 0 -0 0 31.4827 72.9933 105.344 598.417 
0.00629297110482860723 0.609525 0 73589 27.9947 8.8892 7.73657 0 01 0 -0 0 0 0 -0 0 0 0 -0 0 28.4296 71.1888 339.208 817.204 
0.00629297110482860723 0.649803 0 171631 28.0086 8.89299 7.73988 0 01 0 0 0 0 0 0 0 0 0 0 0 22.6322 60.1839 39.6443 376.314 
0.00629297110482860723 0.763875 0 86890 27.8716 8.88728 7.7349 0 01 0 0 0 0 0 0 0 0 0 0 0 23.2443 60.4225 11.7935 246.772 
0.00629297110482860723 0.813947 0 129944 28.0037 8.88875 7.73617 0 01 0 0 -0 0 0 0 -0 0 0 0 -0 28.0089 75.4073 155.663 352.327 
0.00629297110482860723 1.78521 0 132710 27.7405 8.8654 7.7158 0 01 -0 0 0 0 -0 0 0 0 -0 0 0 12.3296 31.618 1.07294 93.3729 
0.00629297110482860723 1.96344 0 185527 27.9668 8.88805 7.73556 0 01 0 0 0 0 0 0 0 0 0 0 0 9.78242 43.2589 0 0 
0.00629297110482860723 2.46912 0 166801 27.6131 8.85207 7.70416 0 01 0 0 0 0 0 0 0 0 0 0 0 4.95529 27.7972 0 75.5177 
0.00635413669556289442 0.352557 0 18064 27.4481 8.84027 7.69384 0 01 0 0 0 0 0 0 0 0 0 0 0 21.7244 44.7887 282.244 838.006 
0.00635413669556289442 0.490517 0 61838 27.3392 8.82292 7.67871 0 01 0 0 0 0 0 0 0 0 0 0 0 15.2394 41.5068 0 447.151 
0.00635413669556289442 0.710073 0 89495 27.5396 8.83888 7.69265 0 01 0 0 -0 0 0 0 -0 0 0 0 -0 17.4894 40.6117 155.144 314.183 
0.00635413669556289442 1.09106 0 149264 27.311 8.81905 7.67533 0 01 0 0 0 0 0 0 0 0 0 0 0 11.8015 37.7422 151.266 341.133 
0.00635413669556289442 1.88731 0 129927 27.4288 8.83988 7.69352 0 01 0 0 0 0 0 0 0 0 0 0 0 9.46462 26.4483 195.021 333.021 
0.00646813331456055993 0.469124 0 81542 27.2419 8.80631 7.66419 0 01 0 0 0 0 0 0 0 0 0 0 0 28.7073 57.0465 530.761 887.192 
0.00646813331456055993 0.872286 0 187038 27.069 8.79646 7.65562 0 01 0 0 0 0 0 0 0 0 0 0 0 15.8785 63.375 4.07942 54.2838 
0.00646813331456055993 1.12789 0 141353 27.2499 8.81072 7.66803 0 01 0 0 -0 0 0 0 -0 0 0 0 -0 16.0355 52.5795 31.4234 168.45 
0.00646813331456055993 1.34975 0 181037 27.2189 8.80551 7.66349 0 01 0 0 0 0 0 0 0 0 0 0 0 8.14456 43.4338 0 0 
0.00649940350279366516 0.85913 0 49516 26.5959 8.76595 7.62896 0 01 0 0 0 0 0 0 0 0 0 0 0 8.56829 17.9783 0 0 
0.00657231655853770299 0.220881 0 18681 26.3216 8.71063 7.58064 0 01 0 0 -0 0 0 0 -0 0 0 0 -0 15.6059 27.5387 572.446 1999.66 
0.00657231655853770299 0.326938 0 9348 0.107816 8.98474 7.81996 0 01 0 0 -0 0 0 0 -0 0 0 0 -0 23.2968 42.1887 390.929 2069.78 
0.00657231655853770299 0.374431 0 125335 26.327 8.71566 7.58504 0 01 -0 0 0 0 -0 0 0 0 -0 0 0 21.004 45.9151 714.534 1015.79 
0.00657231655853770299 1.02434 0 131361 26.4753 8.74111 7.60725 0 01 0 -0 0 0 0 -0 0 0 0 -0 0 13.2743 40.9184 163.312 185.485 
0.0067217214421243952 0.312064 0 149828 25.8174 8.6589 7.53545 0 01 0 0 0 0 0 0 0 0 0 0 0 25.7453 58.0859 692.852 1442.66 
0.0067217214421243952 0.334833 0 8327 26.2079 8.69453 7.56656 0 01 0 -0 0 0 0 -0 0 0 0 -0 0 30.5416 64.6387 823.963 1907.73 
0.0067217214421243952 0.523428 0 225878 12.59 8.80592 7.66387 0 01 0 -0 0 0 0 -0 0 0 0 -0 0 28.4451 70.3119 78.8337 537.186 
0.0067217214421243952 0.545328 0 89672 26.1819 8.70293 7.57389 0 01 -0 0 0 0 -0 0 0 0 -0 0 0 28.4451 70.3119 78.8337 537.186 
0.0067217214421243952 0.547726 0 60209 25.824 8.6617 7.53789 0 01 0 -0 0 0 0 -0 0 0 0 -0 0 28.4451 70.3119 78.8337 537.186 
0.0067217214421243952 0.631296 0 145174 26.2275 8.69438 7.56643 0 01 0 0 -0 0 0 0 -0 0 0 0 -0 34.1265 75.7177 321.195 746.4 
0.0067217214421243952 0.653637 0 77143 25.7174 8.6481 7.52601 0 01 -0 0 0 0 -0 0 0 0 -0 0 0 27.2231 82.2638 187.325 620.134 
0.0067217214421243952 0.772746 0 170681 26.196 8.69475 7.56677 0 01 0 0 0 0 0 0 0 0 0 0 0 29.591 78.725 0 317.103 
0.0067217214421243952 0.940134 0 166175 25.6275 8.65793 7.5346 0 01 0 0 0 0 0 0 0 0 0 0 0 32.8129 72.2709 2.21194 302.757 
0.0067217214421243952 1.1225 0 131510 26.0311 8.67339 7.5481 0 01 0 0 0 0 0 0 0 0 0 0 0 35.7996 92.8234 127.188 420.422 
0.0067217214421243952 1.24658 0 75139 25.8884 8.66942 7.54464 0 01 0 0 -0 0 0 0 -0 0 0 0 -0 25.0043 83.6827 0 36.7856 
0.0067217214421243952 1.31419 0 171637 26.0749 8.69195 7.56432 0 01 0 -0 0 0 0 -0 0 0 0 -0 0 17.297 70.1378 0 51.7692 
0.0067217214421243952 1.37219 0 158284 26.0693 8.6807 7.55449 0 01 -0 0 0 0 -0 0 0 0 -0 0 0 15.0061 51.826 0 12.6414 
0.0067217214421243952 1.59524 0 195209 26.2463 8.6996 7.57099 0 01 0 0 0 0 0 0 0 0 0 0 0 19.1108 63.7709 15.1026 73.4019 
0.00687172755800208226 0.237161 0 112460 25.4119 8.61927 7.50082 0 01 0 0 0 0 0 0 0 0 0 0 0 22.686 44.1844 1210.84 3582.45 
0.00687172755800208226 0.761814 0 126498 25.4469 8.62909 7.5094 0 01 0 0 0 0 0 0 0 0 0 0 0 24.1991 77.2726 27.9943 345.965 
0.00687172755800208226 0.822876 0 105386 25.5418 8.63997 7.5189 0 01 0 -0 0 0 0 -0 0 0 0 -0 0 26.7128 78.5011 149.807 229.36 
0.00687172755800208226 2.04588 0 190546 25.1519 8.59861 7.48277 0 01 0 0 0 0 0 0 0 0 0 0 0 4.10124 24.6434 0 0 
0.00694500321491333707 0.120999 0 244482 0.241518 10.5844 6.53414 0 104.091 -91.9851 -42.2508 24.2544 0 -0 0 0 0 -0 0 0 14.038 30.4592 690.821 1872.5 
0.00694500321491333707 0.318369 0 140637 24.8446 8.57318 7.46055 0 01 0 0 0 0 0 0 0 0 0 0 0 18.0876 39.5662 614.972 1440.23 
0.00694500321491333707 0.488474 0 186121 24.8636 8.57956 7.46612 0 01 0 0 0 0 0 0 0 0 0 0 0 21.0772 47.8837 157.194 707.234 
0.00694500321491333707 0.944563 0 81629 24.9271 8.58629 7.472 0 01 -0 0 0 0 -0 0 0 0 -0 0 0 20.8111 58.5862 331.069 683.992 
0.00694500321491333707 1.34212 0 185177 24.903 8.57508 7.46219 0 01 0 -0 0 0 0 -0 0 0 0 -0 0 13.2329 33.2087 56.4469 88.1774 
0.00694500321491333707 1.51039 0 165019 24.9833 8.59404 7.47876 0 01 0 0 0 0 0 0 0 0 0 0 0 5.9961 34.4156 12.9146 60.1071 
0.00694500321491333707 1.69295 0 163317 24.8582 8.57429 7.46152 0 01 0 0 0 0 0 0 0 0 0 0 0 6.784 29.0056 0 0 
0.00694500321491333707 3.87613 0 197303 24.8468 8.57635 7.46331 0 01 -0 0 0 0 -0 0 0 0 -0 0 0 0 0 0 0 
0.00700787225906591461 0.317677 1 63470 0 8.54024 7.43176 0 0 2 -0.00166536 0.00142297 0.00698316 0 -0 0 0 0 -0 0 0 18.494 38.958 320.533 1165.62 
0.00700787225906591461 0.541363 0 77879 24.5368 8.53149 7.42412 0 01 -0 0 0 0 -0 0 0 0 -0 0 0 20.1475 46.2709 306.94 486.154 
0.00700787225906591461 1.60234 0 87460 24.6284 8.54004 7.43156 0 01 0 0 0 0 0 0 0 0 0 0 0 6.37954 33.687 13.2774 13.2774 
0.00715661844804383728 0.573251 0 144498 24.3374 8.51624 7.41079 0 01 0 -0 0 0 0 -0 0 0 0 -0 0 38.5678 90.2686 234.597 754.99 
0.00715661844804383728 0.865702 0 73656 24.4481 8.52985 7.42266 0 01 0 0 -0 0 0 0 -0 0 0 0 -0 34.5507 78.7099 90.0035 359.177 
0.00715661844804383728 0.910116 0 220402 0.267224 8.45243 7.355 0 01 0 -0 0 0 0 -0 0 0 0 -0 0 22.9374 66.249 49.4198 178.923 
0.00715661844804383728 1.73066 0 187804 24.3237 8.50935 7.40478 0 01 0 -0 0 0 0 -0 0 0 0 -0 0 20.5279 49.5908 52.0007 312.322 
0.00715661844804383728 2.4238 0 165677 24.2251 8.51016 7.40547 0 01 0 0 0 0 0 0 0 0 0 0 0 12.0565 33.7296 0 0 
0.00720777775862069259 1.95115 0 98258 23.7794 8.44031 7.59628 0 01 0 0 0 0 0 0 0 0 0 0 0 0 5.74546 0 0 
0.00736918390245670622 0.246711 0 77061 0.261767 8.31205 7.48085 0 01 -0 0 0 0 -0 0 0 0 -0 0 0 22.2251 43.934 1096.74 2668.99 
0.00736918390245670622 0.318855 0 190351 23.2074 8.2221 7.39989 0 01 0 0 0 0 0 0 0 0 0 0 0 30.3016 65.0771 932.421 2573.74 
0.00736918390245670622 0.372264 0 83813 23.7236 8.40518 7.56466 0 01 0 0 0 0 0 0 0 0 0 0 0 33.4507 71.574 937.255 1993.86 
0.00736918390245670622 0.377335 0 5708 23.4869 8.30424 7.47381 0 01 0 -0 0 0 0 -0 0 0 0 -0 0 33.4507 71.574 937.255 1993.86 
0.00736918390245670622 0.4482 0 109592 23.684 8.38356 7.5452 0 01 0 0 0 0 0 0 0 0 0 0 0 34.5284 80.9062 609.428 1602.98 
0.00736918390245670622 1.17976 0 74516 23.4024 8.25459 7.42914 0 01 0 0 0 0 0 0 0 0 0 0 0 28.6883 66.8627 191.561 352.742 
0.00736918390245670622 2.42705 0 96095 23.6268 8.34045 7.50641 0 01 0 0 0 0 0 0 0 0 0 0 0 12.3855 41.3586 0 153.181 
0.00793457726453234043 3.29796 0 139643 0.988155 8.6106 7.49324 0 01 -0 0 0 0 -0 0 0 0 -0 0 0 3.38236 34.1823 0 4.2167 
0.00838612218829139569 0.181364 0 144527 21.8114 10.4332 6.41215 0 60.92041 -31.9016 28.8807 43.1218 0 0 0 0 0 0 0 0 30.8694 61.2292 1442.03 2705.83 
0.00838612218829139569 1.67875 0 175769 0 12.1019 8.21694 0 126.7241 -87.6474 -72.3802 56.0184 0 0 0 0 0 0 0 0 38.6622 104.136 106.961 116.584 
0.00838612218829139569 2.35507 0 203034 0 10.3444 6.34409 0 237.8141 -237.723 0.439803 -6.56883 0 0 0 0 0 0 0 0 6.93518 48.9482 0 36.3256 
0.00869850600171904326 2.42929 0 196880 1.34277 8.33708 7.50337 0 01 0 0 0 0 0 0 0 0 0 0 0 14.7052 44.1075 0 202.215 
0.00869850600171904326 6.62379 0 208454 2.39837 10.1523 6.20571 0 105.7871 53.3567 86.2689 -30.0281 0 0 0 0 0 0 0 0 4.05847 12.368 0 0 
0.00918403448011289973 0.571118 0 81411 0.422723 8.62277 7.50388 0 01 0 0 0 0 0 0 0 0 0 0 0 80.4366 171.344 410.796 997.868 
0.00918403448011289973 0.782359 0 205885 0.287539 9.76392 5.96367 0 212.6281 207.719 -41.9443 -17.4438 0 0 0 -0 0 0 0 -0 67.1437 156.991 281.103 935.074 
0.0112182280748404969 1.78491 0 201564 0 9.24284 8.04505 0 01 0 0 0 0 0 0 0 0 0 0 0 32.4823 117.253 169.565 283.134 
0.0121062331293914464 0.283847 0 39421 0.257451 8.66244 7.53854 0 01 0 0 0 0 0 0 0 0 0 0 0 45.5229 82.2553 1971.89 3440.24 
0.0132651865281607374 3.62056 0 204569 0.701251 8.7286 7.59634 0 01 0 0 0 0 0 0 0 0 0 0 0 3.7465 21.6069 0 8.8941 
0.0141575173660137069 2.62905 0 185677 0.179566 8.56913 7.45701 0 01 0 0 -0 0 0 0 -0 0 0 0 -0 10.4064 62.4172 0 6.18537 
