#1:time #2:r #3.binary? #4:ID #5:zams_m #6:m_progenitor #7:bh mass #8:bh_spin #9:birth-kick(km/s) #10-25:vsarray
0.00952741475397350657 0.188255 1 34242 0 35.0829 31.5746 0 0 1 0.0023639 0.00852315 -0.00345966 0 0 0 0 0 0 0 0 0.187893 1.40623 0 0 
0.00959059436255635563 1.00651 0 178115 104.318 45.2124 40.6912 0 01 0 0 0 0 0 0 0 0 0 0 0 0 1.01872 0 0 
0.00960036329503502484 0.178744 1 219424 0 34.1913 30.7722 0 0 1 0.023559 0.833488 0.399871 0 0 0 0 0 0 0 0 0.476644 1.31983 0 462.386 
0.00979981449403694201 0.0977662 1 167048 0 31.8116 28.6304 0 0 1 -0.633986 -0.813711 0.588048 0 0 -0 0 0 0 -0 0 3.42495 4.68732 5603.61 13171 
0.00985637955791629494 0.140475 1 136651 0 31.3789 28.2411 0 0 2 -0.623373 -0.08244 -0.250984 0 0 -0 0 0 0 -0 0 2.81907 5.59196 199.911 1570.94 
0.00997275471263201624 0.17616 1 159815 0 30.0677 27.0609 0 0 1 0.0154401 0.0441201 -0.608067 0 0 0 0 0 0 0 0 1.0396 3.13038 0 116.865 
0.00998647603416080026 0.296754 1 176205 0 29.8947 26.9053 0 0 1 0.636938 0.13406 -0.0323349 0 0 0 0 0 0 0 0 0.926154 1.51104 0 335.303 
0.0102799762565545811 0.540512 1 222932 0 27.5965 24.8368 0 0 1 0.38413 -0.642363 -0.0243102 0 0 0 -0 0 0 0 -0 0.540513 0.540513 0 82.8188 
0.0104151541720276259 0.0290199 1 299722 0 26.7286 24.0558 0 0 1 -0.409105 -0.18131 -0.556078 0 -0 0 0 0 -0 0 0 3.24424 4.58998 2714.16 8180.61 
0.0105075272932314435 0.589853 0 102311 0.797245 25.5259 22.9733 0 01 0 0 0 0 0 0 0 0 0 0 0 0 0 0 0 
0.0106394389294575831 0.654203 1 222564 0 25.1901 22.6711 0 0 1 -0.451681 -0.355003 -0.0976492 0 0 0 0 0 0 0 0 0.679043 0.679043 0 160.049 
0.0107330702788913223 0.109844 1 153939 0 24.415 21.9735 0 0 1 0.00302717 0.483602 0.511514 0 0 0 0 0 0 0 0 0.383518 1.48212 0 331.842 
0.01075305602592843 0.0829438 1 322629 0 24.1273 21.7146 0 0 1 -0.499833 0.282732 -0.468296 0 -0 0 0 0 -0 0 0 2.56606 4.085 6123.51 14975.6 
0.0108460727319073993 0.616412 1 210818 0 36.2591 32.6332 0 0 1 -0.0617303 0.493373 1.18048 0 0 0 0 0 0 0 0 0 0 0 0 
0.0108798358347259108 0.739442 0 51259 0.229454 23.8576 21.4719 0 01 0 0 0 0 0 0 0 0 0 0 0 0 0 0 0 
0.0109512804527498557 0.259067 1 111328 0 22.9102 20.6192 0 0 1 0.192944 -0.0424951 0.731496 0 0 -0 0 0 0 -0 0 0 0.801286 0 0 
0.0109619034608049067 0.0796196 1 196871 0 22.8681 20.5813 0 0 1 -0.0601463 0.243912 -0.780293 0 0 0 -0 0 0 0 -0 2.71715 3.75139 3955.29 16711.2 
0.0110054549948200939 0.0616033 1 232712 0 24.1047 21.6942 0 0 1 -0.392708 -0.178732 0.0592929 0 0 0 0 0 0 0 0 2.3431 3.80369 4640.35 12213 
0.0110215938083210816 0.549936 1 24013 0 23.7987 21.4188 0 0 1 0.0889522 -0.408836 0.587961 0 0 -0 0 0 0 -0 0 0 0 0 0 
0.0112027538588202712 0.702627 1 217446 0 21.8567 19.671 0 0 1 -0.00877768 -0.3495 0.397316 0 -0 0 0 0 -0 0 0 0 0 0 0 
0.0112478028661490894 0.0588809 1 307641 0 22.455 20.2095 0 0 2 -0.204323 -0.158714 -0.324996 0 0 0 0 0 0 0 0 2.99138 4.64075 4881.32 12260.5 
0.0112933821715527436 0.675072 0 166865 62.8942 24.0863 21.6776 0 01 0 0 0 0 0 0 0 0 0 0 0 0 0 0 0 
0.0112947899073737781 0.180238 1 230903 0 21.3029 19.1726 0 0 2 0.00587987 0.750337 -0.642806 0 0 0 -0 0 0 0 -0 0.945491 2.48167 0 0 
0.0113112828128690158 0.228635 0 221012 0.0877307 21.9869 19.7882 0 01 0 -0 0 0 0 -0 0 0 0 -0 0 0.454991 0.905471 0 258.416 
0.01143372172264665 0.383428 0 110778 0.0819708 20.6622 18.596 0 01 0 0 0 0 0 0 0 0 0 0 0 0 1.17618 0 0 
0.0114486780049587906 0.150224 1 25991 0 20.6518 18.5866 0 0 1 0.197873 -0.257517 0.45905 0 0 0 0 0 0 0 0 0.68292 1.68432 631.86 631.86 
0.0114894033561495339 0.057025 1 164435 0 20.6716 18.6044 0 0 2 -0.705592 -0.0365315 -0.0528844 0 0 0 -0 0 0 0 -0 1.48249 3.01161 1353.94 9391.43 
0.0115486040454059503 0.889003 0 156600 0.292709 22.6469 20.3822 0 01 -0 0 0 0 -0 0 0 0 -0 0 0 0 0.872554 0 0 
0.0115607269980433133 0.267104 0 276924 0 20.9402 18.8462 0 01 0 -0 0 0 0 -0 0 0 0 -0 0 0.253778 0.529311 0 156.098 
0.0115771235396243625 0.58132 1 296460 0 20.2582 18.2324 0 0 1 0.0228432 -0.465343 0.581836 0 0 0 0 0 0 0 0 0 1.1744 0 0 
0.0116042775091069299 0.132839 1 229235 0 20.5911 18.5319 0 0 1 0.0252949 0.0371044 0.702577 0 0 0 0 0 0 0 0 0.211059 1.39422 0 806.6 
0.0116470260006545367 0.669818 0 147276 0.166922 22.0988 19.8889 0 01 0 0 -0 0 0 0 -0 0 0 0 -0 0 1.33509 0 0 
0.0116480524731342374 0.576753 0 85265 0.616152 21.1947 19.0752 0 01 0 -0 0 0 0 -0 0 0 0 -0 0 0 0.57599 0 0 
0.0117862400205578019 0.427088 1 225884 0 36.1219 32.5097 0 0 1 0.0440821 0.101377 -0.691971 0 0 0 -0 0 0 0 -0 0.427088 0.859842 0 0 
0.0118308211417320567 0.201873 0 179664 56.8427 21.2656 19.1391 0 01 0 0 0 0 0 0 0 0 0 0 0 0.206274 1.18444 0 281.68 
0.0119325067567046233 0.761706 0 222010 0.0885915 20.1162 18.1046 0 01 0 0 0 0 0 0 0 0 0 0 0 0 0 0 0 
0.0119973214141722868 0.177914 1 240517 0 18.7554 16.8799 0 0 1 -0.0262278 -0.198182 0.495537 0 0 -0 0 0 0 -0 0 1.46248 2.76206 480.943 941.073 
0.0120669519525421626 0.1237 1 220715 0 20.269 18.2421 0 0 2 -0.000228245 0.00584198 0.00784231 0 0 0 0 0 0 0 0 1.2887 2.79715 874.53 2452.4 
0.0121049756763492028 0.236279 1 13642 0 18.8828 16.9945 0 0 1 -0.0143112 0.217007 0.339978 0 -0 0 0 0 -0 0 0 0.24386 0.484828 0 0 
0.0121151374536498987 0.122379 1 58352 0 18.671 16.8038 0 0 1 0.0765695 0.66165 -0.394511 0 0 0 0 0 0 0 0 1.42098 3.01434 660.704 2782.5 
0.0121354941055364356 0.131551 1 6409 0 18.3494 16.5112 0 0 1 0.467271 0.670408 -0.918315 0 0 0 0 0 0 0 0 1.31562 3.72229 2212.43 2763.58 
0.012307756994060795 0.245204 1 75494 0 17.7599 15.9752 0 0 1 -0.909897 -0.0206663 0.344611 0 -0 0 0 0 -0 0 0 1.12152 2.70732 0 257.172 
0.0123946046792116332 6.97481 0 194166 0.141427 18.9221 17.0299 0 01 0 0 0 0 0 0 0 0 0 0 0 0 0 0 0 
0.0124213835982215082 0.169197 1 154047 0 17.4981 15.7372 0 0 1 0.313628 -0.0508702 -0.574536 0 0 0 0 0 0 0 0 1.9908 3.5857 509.936 1244.66 
0.0124299524442364768 0.188986 0 210192 0.377407 18.8913 17.0021 0 01 -0 0 0 0 -0 0 0 0 -0 0 0 1.78511 3.72304 602.535 845.535 
0.0126475261517870509 0.116988 1 219347 0 17.198 15.4646 0 0 1 0.064932 0.0210058 0.49747 0 0 0 0 0 0 0 0 1.07083 3.15401 0 1378.81 
0.0126681922503815592 0.163884 1 43106 0 17.034 15.3157 0 0 1 0.211967 -0.317677 -0.570802 0 0 -0 0 0 0 -0 0 0.785804 2.10335 436.46 451.529 
0.0126894652315244598 0.0977448 0 211474 0.0900887 17.7931 16.0054 0 01 -0 0 0 0 -0 0 0 0 -0 0 0 1.94537 2.96795 4096.99 8391.79 
0.012731930176757179 0.668496 1 222734 0 18.3189 16.4835 0 0 2 -0.0874019 -0.555154 -0.297606 0 -0 0 0 0 -0 0 0 0 0.646233 0 0 
0.0128322607517085251 0.0488232 0 240827 0.339688 17.6695 15.893 0 01 0 0 0 0 0 0 0 0 0 0 0 2.50927 3.79991 2570 10901.1 
0.012851080921014375 0.262564 0 309846 0.117525 17.4775 15.7186 0 01 0 0 0 0 0 0 0 0 0 0 0 0 0.533134 0 0 
0.0128809062224705933 0.620953 0 215114 0.149461 17.5781 15.8099 0 01 0 0 -0 0 0 0 -0 0 0 0 -0 0 0.626286 0 0 
0.0128864316149762664 0.188842 0 211918 0.367321 17.3131 15.5692 0 01 0 0 0 0 0 0 0 0 0 0 0 0.970763 2.44036 0 0 
0.0129127275197231765 0.411204 1 183290 0 16.4345 14.7714 0 0 1 0.181191 -0.741491 -0.0821889 0 0 -0 0 0 0 -0 0 0.830123 1.24133 77.237 77.237 
0.0129664381276348353 0.248814 1 325659 0 18.6634 16.7968 0 0 2 -0.110176 -0.443337 -0.279852 0 0 0 -0 0 0 0 -0 0.219855 1.38102 0 0 
0.0130374146543529197 0.109325 1 214485 0 25.0767 22.569 0 0 2 -0.582689 -0.411953 -0.480576 0 -0 0 0 0 -0 0 0 2.99671 4.93184 1319.25 3132.38 
0.0130667270640156801 0.371119 0 224983 0.205814 16.9667 15.2546 0 01 -0 0 0 0 -0 0 0 0 -0 0 0 0 0 0 0 
0.0130741975213877325 0.183995 1 62226 0 16.119 14.485 0 0 1 -0.752986 -0.0482197 0.286017 0 -0 0 0 0 -0 0 0 0.623799 1.63113 0 886.627 
0.013342458942620563 0.136114 0 194155 45.6927 16.2174 14.5743 0 01 0 -0 0 0 0 -0 0 0 0 -0 0 1.89537 3.78504 158.498 729.841 
0.0133790974947890894 7.8834 0 146828 0.208755 16.1183 14.4844 0 01 0 0 0 0 0 0 0 0 0 0 0 0 0 0 0 
0.013380382768497354 0.537359 0 37829 0.14275 15.9352 14.3183 0 01 0 0 -0 0 0 0 -0 0 0 0 -0 0 1.62914 0 0 
0.0133903381126756951 0.462222 0 65477 0.145508 16.0052 14.3818 0 01 0 0 0 0 0 0 0 0 0 0 0 0 0.466273 0 0 
0.0134071138158175091 0.510703 1 210953 0 15.7236 14.1264 0 0 2 -0.00584145 -0.625086 -0.0845655 0 0 0 0 0 0 0 0 0 1.03872 0 0 
0.0134267605088137093 0.318549 0 58596 1.18474 15.8174 14.2115 0 01 0 0 0 0 0 0 0 0 0 0 0 0 0 0 0 
0.0134505647933886984 0.236698 0 270170 0.149268 15.9201 14.3046 0 01 0 0 -0 0 0 0 -0 0 0 0 -0 0.474562 3.23162 0 47.9835 
0.0134973437032076694 0.193946 0 287998 0.150683 15.8861 14.2738 0 01 0 0 0 0 0 0 0 0 0 0 0 1.95056 2.94002 94.256 1024.07 
0.0136234032250324814 4.96982 1 225425 0 16.3574 14.7014 0 0 1 -0.352165 -1.22705 -0.0990458 0 -0 0 0 0 -0 0 0 0 0 0 0 
0.0137140916256472019 0.757983 0 141955 34.3464 15.1771 13.6311 0 01 0 -0 0 0 0 -0 0 0 0 -0 0 0 0 0 0 
0.0137792727695984895 0.117849 0 214598 0.144569 15.2223 13.672 0 01 0 0 0 0 0 0 0 0 0 0 0 1.20982 1.93975 558.378 842.222 
0.0137806335605053041 0.0704635 0 85753 0.431746 15.182 13.6355 0 01 0 0 0 0 0 0 0 0 0 0 0 2.78829 3.9769 7850.57 17696.8 
0.0137902192667697064 0.341406 0 150523 0.223691 15.0015 13.4719 0 01 0 0 0 0 0 0 0 0 0 0 0 0 0.698463 0 0 
0.0138000810827188305 0.0549922 0 293883 0 15.047 13.5132 0 01 0 0 0 0 0 0 0 0 0 0 0 1.61933 3.42794 4828.66 8553.6 
0.0138158243123589174 0.541655 0 94719 0.0922216 14.8948 13.3753 0 01 0 -0 0 0 0 -0 0 0 0 -0 0 0.547996 2.14543 0 0 
0.0139662411662848478 0.228122 0 315368 0.231167 14.6946 13.194 0 01 0 0 0 0 0 0 0 0 0 0 0 0.925125 2.04808 0 268.698 
0.0139811969978300126 0.243181 0 278259 0.201471 14.7459 13.2404 0 01 0 0 0 0 0 0 0 0 0 0 0 0.498597 1.75739 341.258 341.258 
0.0140376200026661319 2.09296 0 197910 42.2259 14.6888 13.1887 0 01 0 0 -0 0 0 0 -0 0 0 0 -0 0 0 0 0 
0.0141839818809466733 0.842257 0 247558 1.39739 14.3567 12.443 0 7.583741 7.51057 0.424667 0.961322 0 0 0 0 0 0 0 0 0 0 0 0 
0.0141909941761251806 0.961276 0 214347 0.346492 14.4356 12.6185 0 6.432621 2.27403 -1.11936 5.91222 0 0 0 0 0 0 0 0 0 0.947227 0 0 
0.014192615438800113 0.351099 0 121054 0 14.379 12.4924 0 11.54361 -10.8799 2.34749 3.06129 0 0 0 0 0 0 0 0 0 0.33153 0 0 
0.0142531905776100976 0.435722 1 78974 0 13.9944 11.6646 0 0 2 10.3305 4.20809 17.6164 0 0 0 0 0 0 0 0 0 0.436706 0 0 
0.0143286331267915724 0.456222 0 82477 0.783518 14.1478 11.9887 0 33.56021 29.8305 -13.749 -6.88419 0 0 0 -0 0 0 0 -0 0.456222 0.907209 0 0 
0.0143765811999550363 0.643886 1 262253 0 19.4429 17.4986 0 0 1 0.110141 -0.241871 -0.337887 0 0 0 0 0 0 0 0 0 0 0 0 
0.0143781973313333259 0.331024 0 51605 0 14.0147 11.7071 0 44.21171 -30.8509 24.9224 -19.539 0 0 0 0 0 0 0 0 0.35224 0.35224 0 0 
0.0144397035854167289 3.70402 0 5284 0.746541 14.103 11.8932 0 37.85051 -31.1586 19.4745 9.08525 0 0 0 0 0 0 0 0 0 3.70402 0 0 
0.0144468871181625807 1.086 0 189256 0.244726 14.1841 12.0665 0 25.28881 10.0646 17.7274 14.9655 0 0 0 0 0 0 0 0 1.07891 1.07891 0 0 
0.0144957296340691971 0.189445 0 232500 0.139642 14.142 11.9762 0 31.06061 22.2385 -20.5833 6.82187 0 0 0 0 0 0 0 0 0 0.420476 0 0 
0.0146640501077031395 0.143256 0 265050 0.150334 14.4816 12.722 0 16.91941 -16.9184 -0.0725642 0.163009 0 0 0 0 0 0 0 0 1.16028 2.81736 228.336 401.194 
0.0146836920505412846 0.800191 0 300746 0.0846894 14.2843 12.2837 0 18.75051 9.18305 -16.2419 -1.85827 0 0 0 -0 0 0 0 -0 0 0.800191 0 0 
0.0147559626856645087 0.437871 0 239181 0.0888793 14.229 12.1635 0 16.0391 13.3886 5.30819 -7.05803 0 0 0 0 0 0 0 0 0 0.433269 0 0 
0.0148322817110301871 0.0926158 1 246465 0 14.2442 12.1964 0 0 1 -1.14512 2.02993 -6.26642 0 0 0 0 0 0 0 0 2.49813 3.38504 5684.27 9079.85 
0.0148654931411522796 0.259166 0 170525 30.8936 14.807 13.2958 0 01 0 0 0 0 0 0 0 0 0 0 0 0.519314 1.58439 0 0 
0.0149262587991165346 2.08904 0 167586 38.5806 14.883 13.3646 0 01 0 0 0 0 0 0 0 0 0 0 0 0 0 0 0 
0.0149271491890832098 0.0818305 0 211850 0.724779 15.3558 13.793 0 01 0 0 0 0 0 0 0 0 0 0 0 1.92127 3.28319 2933.06 9105.52 
0.0149295565252369599 0.099368 1 223905 0 14.2569 12.2239 0 0 2 3.49959 0.500022 -3.31408 0 0 0 0 0 0 0 0 2.55205 3.83116 3033.21 8339.62 
0.0149840893411711824 0.240603 0 237051 0.250103 14.5136 12.7944 0 8.988221 3.68797 -0.0911541 -8.19626 0 0 0 -0 0 0 0 -0 0.238905 1.15382 263.66 263.66 
0.0151237710609143892 0.141713 0 209141 0.485766 14.7888 13.2793 0 01 0 0 0 0 0 0 0 0 0 0 0 1.34203 2.61719 0 3410.29 
0.0151767802853301666 0.157323 0 260733 0.191253 23.0683 20.7615 0 01 -0 0 0 0 -0 0 0 0 -0 0 0 1.16919 2.52078 1510.35 3103.78 
0.0152255772167457192 0.910502 0 316414 1.47165 15.0914 13.5534 0 01 0 0 0 0 0 0 0 0 0 0 0 0 0.938795 0 0 
0.0152612804206578804 1.42727 0 297721 0.0841975 15.0583 13.5234 0 01 0 0 0 0 0 0 0 0 0 0 0 0 0 0 0 
0.0153957887888650814 0.15484 1 79197 0 12.834 9.48168 0 0 2 23.1632 64.4739 -49.1685 0 0 0 0 0 0 0 0 0.684436 1.77346 0 1260.61 
0.0154102257360262396 0.185803 1 32995 0 12.6483 9.17613 0 0 1 139.342 17.1916 -49.0111 0 0 0 -0 0 0 0 -0 1.19347 2.44998 49.4639 1328.53 
0.0154800607617186208 0.287027 1 144496 0 15.2316 13.7084 0 0 2 -0.00912356 -0.0102638 -0.00391877 0 0 -0 0 0 0 -0 0 0.288599 1.44465 0 0 
0.015545977107137763 0.205953 0 263634 0.113088 13.9866 11.6484 0 44.43071 36.1765 22.0444 13.3937 0 0 0 0 0 0 0 0 0.604647 1.62107 1214.35 1214.35 
0.015570201092684692 0.0803004 0 234009 0.0980478 15.1156 13.5753 0 01 0 0 0 0 0 0 0 0 0 0 0 2.05512 2.85661 4528.67 8963.62 
0.0156326415951255834 0.217522 0 318093 0.0893371 14.893 13.3737 0 01 0 -0 0 0 0 -0 0 0 0 -0 0 0.592969 2.43421 213.233 440.261 
0.0156907862631350849 0.220608 0 221270 0.0823302 14.9371 13.4136 0 01 0 0 -0 0 0 0 -0 0 0 0 -0 0 0 0 0 
0.015739153940603743 0.392972 0 198841 0.0813702 35.2898 14.0558 0 01 0 0 0 0 0 0 0 0 0 0 0 0.79937 1.19612 0 151.695 
0.0157704505880554603 2.3959 0 128347 0.212485 35.2009 14.1435 0 01 0 0 -0 0 0 0 -0 0 0 0 -0 0 0 0 0 
0.0157958063255284713 0.48146 0 186579 1.45296 35.1287 14.2201 0 01 0 0 -0 0 0 0 -0 0 0 0 -0 0.94992 2.88868 0 0 
0.0159868031961030686 0.217935 0 57393 0.181875 13.3193 10.3372 0 29.6151 5.22929 9.24438 -27.645 0 0 0 -0 0 0 0 -0 0.615586 1.23843 0 142.495 
0.0160392485618206446 0.592406 1 227423 0 12.7926 9.41258 0 0 1 -58.3174 -22.0419 9.46427 0 0 -0 0 0 0 -0 0 0.587593 0.587593 0 71.5996 
0.0160423192201567359 0.873147 0 196116 0.139589 34.6735 13.0357 0 01 0 0 0 0 0 0 0 0 0 0 0 0 0 0 0 
0.0161480528194443453 0.254511 0 326550 0.221822 12.7697 9.37452 0 52.70541 19.5908 -36.4768 32.6115 0 0 0 0 0 0 0 0 0.280427 2.318 0 0 
0.0161873587804849707 0.14869 1 213571 0 19.4478 17.503 0 0 2 -0.247997 -0.952979 0.583863 0 0 -0 0 0 0 -0 0 1.6341 3.29933 617.868 1109.09 
0.0162290585983468176 0.485152 0 347507 0.716017 34.4816 12.9619 0 01 -0 0 0 0 -0 0 0 0 -0 0 0 0.486275 1.42994 0 0 
0.016264492088543886 0.281126 0 212021 0.112091 14.6254 13.05 0 2.238591 0.275985 1.50616 1.63297 0 0 0 0 0 0 0 0 0.267251 1.08611 0 0 
0.0163026257656690605 1.77442 0 43247 0.16675 33.88 14.9001 0 01 0 0 0 0 0 0 0 0 0 0 0 0 0 0 0 
0.0163597366518882063 0.307787 1 243214 0 12.1123 8.36177 0 0 1 37.898 -19.4325 -4.71811 0 0 -0 0 0 0 -0 0 0.599135 1.20696 115.486 115.486 
0.0164213517573519527 0.283632 0 248745 0.488896 14.1591 12.0129 0 15.64941 -4.30119 -11.2072 10.04 0 0 -0 0 0 0 -0 0 1.35793 3.79299 0 305.018 
0.0164379347176409445 0.525175 1 218274 0 12.4472 8.8588 0 0 2 -18.7198 14.6516 -90.2661 0 0 0 0 0 0 0 0 1.02463 2.04178 0 261.835 
0.0165570182289492482 0.351609 0 226970 0.499102 36.0038 26.0336 0 01 0 0 0 0 0 0 0 0 0 0 0 0.343957 1.42417 0 0 
0.016719246012082304 0.124611 1 234254 0 36.1418 32.5276 0 0 1 0.549024 -0.366615 0.0587059 0 0 0 0 0 0 0 0 1.32338 3.45743 1021.25 1864.77 
0.0167730130956060437 0.688435 0 149405 33.1739 32.6165 15.3355 0 18.70091 -4.45078 13.1626 -12.5164 0 0 0 -0 0 0 0 -0 0 0 0 0 
0.0168249051583846641 0.321443 0 228745 0.140414 32.7287 11.6567 0 28.29211 -11.8892 -24.4837 7.7224 0 -0 0 0 0 -0 0 0 0.314698 0.652395 0 0 
0.0169187693302521522 0.552348 0 245412 0.100141 13.2404 10.1926 0 120.051 118.147 -17.7037 11.83 0 0 0 0 0 0 0 0 2.14409 2.69456 4.45032 15.6798 
0.0169762397801123295 0.229332 1 251308 0 12.0661 8.29623 0 0 1 28.8572 -12.6781 19.5812 0 0 -0 0 0 0 -0 0 0.467672 1.89882 0 0 
0.0171503868206667916 0.0186 0 176355 32.2815 31.766 14.8041 0 99.93791 64.8075 -57.888 -49.3615 0 0 -0 0 0 0 -0 0 2.48946 4.90651 5442.87 10219.1 
0.0173074104856682474 0.33008 1 227420 0 11.3519 7.37867 0 0 2 -43.3754 -107.821 69.2795 0 -0 0 0 0 -0 0 0 0.676119 3.7099 0 0 
0.01734447138705578 0.122094 1 238476 0 24.2436 21.8192 0 0 1 0.161731 0.490942 0.0534264 0 0 0 0 0 0 0 0 3.27923 5.21861 4088.72 8636.07 
0.0173666466314092681 0.268388 0 255309 0.174968 32.1754 11.0627 0 37.53711 16.3272 -33.6222 3.46398 0 0 0 0 0 0 0 0 0.858557 1.14195 0 0 
0.0174985121609666852 0.16771 1 261729 0 11.2904 7.30788 0 0 1 41.6411 -62.1194 75.685 0 0 0 0 0 0 0 0 2.13919 2.85682 129.736 384.593 
0.0175246954675794472 0.226967 0 109173 0.464941 31.2269 13.2788 0 127.4961 114.536 -34.9745 -43.7417 0 0 0 -0 0 0 0 -0 1.77438 2.90356 0 616.587 
0.017581980780187547 0.238855 0 248790 0 31.5518 10.4521 0 60.60771 38.7305 -27.9549 -37.3064 0 0 0 -0 0 0 0 -0 1.78733 5.14495 327.159 469.112 
0.0176563077039043129 0.0808112 0 265686 0.707558 31.4915 13.0661 0 80.8741 -21.8231 -65.2106 -42.5668 0 0 0 -0 0 0 0 -0 2.89911 3.95569 6012.76 11263.2 
0.0176697746389747994 0.272751 1 222700 0 21.0568 18.9512 0 0 1 0.0802341 -0.846403 0.227543 0 0 0 0 0 0 0 0 1.7278 3.46397 179.739 179.739 
0.0176873611572230666 0.214115 0 222980 1.01751 30.993 13.1804 0 73.56111 -42.7454 -43.5603 -41.0678 0 -0 0 0 0 -0 0 0 1.58215 3.82131 0 383.666 
0.0177003188550902066 0.165382 0 225547 0.438448 30.4771 27.4294 0 01 0 0 -0 0 0 0 -0 0 0 0 -0 1.40157 3.04243 0 883.977 
0.0177282176789669947 0.599642 1 30052 0 10.985 6.9764 0 0 1 -171.408 -33.2161 -29.7439 0 0 -0 0 0 0 -0 0 0 0 0 0 
0.0177365665102003529 0.425022 1 107151 0 10.8314 6.822 0 0 1 104.776 -51.9349 1.59735 0 0 0 0 0 0 0 0 0 0 0 0 
0.0177614965581206867 0.7226 0 244930 0.249722 30.6632 13.4845 0 108.561 96.0746 45.3973 22.2272 0 0 0 0 0 0 0 0 0.716787 0.716787 0 0 
0.0178422484361287458 0.5093 1 69754 0 10.5913 6.59712 0 0 1 -7.47516 24.9073 -78.0665 0 -0 0 0 0 -0 0 0 0.505597 1.51806 7.78345 7.78345 
0.0178558433203395324 0.607236 0 240458 0.50925 30.6635 13.4017 0 95.59571 91.3579 23.9979 -14.7098 0 0 0 0 0 0 0 0 0 0 0 0 
0.0178599011640966504 0.471455 0 177987 30.7625 30.3146 13.51 0 152.4971 -72.0634 119.14 62.1928 0 -0 0 0 0 -0 0 0 0.938746 1.4155 120.735 120.735 
0.0178963845767957964 0.421749 1 26774 0 10.7052 6.70124 0 0 1 104.418 -10.196 31.8051 0 0 0 0 0 0 0 0 0 0.421999 0 0 
0.0179007528275455588 0.243651 0 194475 30.6804 30.236 13.4334 0 100.2761 -90.7554 -36.4753 -22.0958 0 -0 0 0 0 -0 0 0 0 0.51571 0 0 
0.0179147420501001645 0.218143 0 262314 0.75948 30.5967 13.3121 0 27.43891 -7.02649 26.5031 -1.05006 0 0 0 0 0 0 0 0 0.65671 1.08706 0 0 
0.0179444827316657188 0.0836254 1 132704 0 10.7384 6.73243 0 0 1 -75.2217 176.539 23.8631 0 -0 0 0 0 -0 0 0 1.85521 2.93584 1099.27 6313.94 
0.0179538919587328358 0.151212 1 139792 0 10.8462 6.83646 0 0 2 206.536 4.74036 129.012 0 0 0 0 0 0 0 0 0.605142 1.71113 0 1860.18 
0.017968552236152964 0.370163 0 169885 0.113427 30.3542 12.619 0 94.89671 61.0636 3.59261 72.5515 0 0 0 0 0 0 0 0 0 0.749045 0 0 
0.0180374170162937858 0.331127 1 238748 0 18.5439 16.6882 0 0 1 -0.145659 -0.574742 -0.197172 0 0 0 0 0 0 0 0 0 2.04096 0 0 
0.0180681585294495926 0.266235 0 253399 0.0978416 13.312 10.3239 0 125.9581 18.756 -73.4366 -100.602 0 0 0 0 0 0 0 0 0.733756 1.97254 0 373.511 
0.0180900206964426311 0.445411 0 229678 0.356577 30.4804 12.9643 0 107.0991 -14.6957 -4.1158 -106.006 0 0 0 -0 0 0 0 -0 0.44196 1.78609 0 0 
0.0181495067045147618 0.245701 0 71493 0.74117 29.9792 12.7729 0 54.28351 -52.7694 12.7227 0.476539 0 0 0 0 0 0 0 0 0.992523 1.77596 0 153.867 
0.0181765616880227021 0.369193 0 271849 0.185496 31.5717 10.4469 0 61.54651 -58.8483 17.1574 -5.51984 0 -0 0 0 0 -0 0 0 0.372694 1.84134 0 0 
0.0182193846257055828 0.399447 0 219988 0.204849 31.3952 10.2704 0 54.90711 -45.4787 -0.657123 30.7579 0 0 -0 0 0 0 -0 0 0 0.405001 0 0 
0.0182304064376873597 1.2688 0 43108 30.0418 29.6244 12.8806 0 137.7521 -15.9135 123.838 -58.1936 0 0 0 -0 0 0 0 -0 0 0 0 0 
0.0182587245002060125 0.26966 1 292073 0 10.8261 6.81682 0 0 1 -37.2589 91.0934 97.7741 0 0 0 0 0 0 0 0 0 0 0 0 
0.0182942582114606865 0.139105 0 219257 0.417078 29.8066 12.846 0 101.141 99.9866 -14.9981 -2.64155 0 0 -0 0 0 0 -0 0 1.69289 3.26329 668.817 2437.58 
0.0185335571092160104 0.458857 0 271164 0.0834888 30.1748 12.0195 0 79.83331 28.9503 72.4812 -16.7841 0 0 0 0 0 0 0 0 0.90532 1.8043 0 317.502 
0.0185455316145548173 0.197677 1 225597 0 55.5497 49.9947 0 0 2 0.192737 0.0641318 0.0209527 0 0 0 0 0 0 0 0 1.11526 3.18962 1026.56 1171.92 
0.0186968414758264395 0.842662 0 152125 0.821318 29.0813 11.0226 0 84.25921 -41.2505 54.6542 -49.1011 0 0 0 0 0 0 0 0 0 0.835111 0 0 
0.0187364255169892233 3.76407 0 19650 0.169671 28.7442 11.956 0 287.1331 236.238 136.702 89.1616 0 0 0 0 0 0 0 0 0 0 0 0 
0.0187602090163965091 0.799346 1 299901 0 10.2502 6.3123 0 0 2 -114.729 23.6224 -44.0406 0 -0 0 0 0 -0 0 0 0 0 0 0 
0.0187903002879920289 0.259574 1 214364 0 25.3381 22.8043 0 0 2 -0.0082614 0.00388002 -0.00406845 0 0 0 0 0 0 0 0 0 0.252051 0 0 
0.018795863185110475 0.927452 0 185079 29.0216 28.6454 11.8486 0 89.24831 58.4597 62.5639 25.1691 0 0 0 0 0 0 0 0 0 0.924854 0 0 
0.0188386256329350701 0.110683 1 305010 0 10.261 6.32075 0 0 1 -145.466 34.8496 -11.1508 0 0 0 0 0 0 0 0 1.40851 3.03347 939.836 4184.11 
0.0190984025151792747 0.497476 1 86949 0 9.99126 6.12303 0 0 1 177.361 16.2117 13.1202 0 0 0 0 0 0 0 0 0 0 0 0 
0.0191005827156327419 0.130952 0 233097 0.138167 28.665 12.2566 0 151.4941 91.1379 92.8987 77.5516 0 0 0 0 0 0 0 0 0.448832 2.52214 0 425.041 
0.019119854785391157 0.305227 1 0 0 28.705 12.4951 0 0 1 26.8238 -43.8499 17.024 1 10.2482 -39.5762 35.3931 0 0 0 0 0.6166 1.88211 0 0 
0.0191744569663212239 1.85637 0 193763 28.3885 28.0369 11.1772 0 144.8481 -142.372 -26.0395 -5.76266 0 0 0 0 0 0 0 0 0 0 0 0 
0.0191801465048720907 1.02629 0 162556 0.142501 28.2621 11.0037 0 201.3091 -128.271 148.022 -46.4891 0 -0 0 0 0 -0 0 0 0 0 0 0 
0.0192060299375846795 0.562508 0 185355 0.217739 27.9889 11.1239 0 312.2191 -255.228 -86.4794 157.673 0 0 0 0 0 0 0 0 0.561446 1.68666 0 0 
0.0192068559890685962 0.80037 1 216950 0 10.5408 6.55241 0 0 2 -100.217 79.3141 -32.2153 0 -0 0 0 0 -0 0 0 0 0 0 0 
0.0192400713475318098 0.512407 0 67839 28.2831 27.9354 11.064 0 145.21 -99.4632 -69.5198 -79.732 0 -0 0 0 0 -0 0 0 0.511993 2.56148 0 0 
0.0192408219045848601 0.189674 0 99537 0.120883 28.1617 11.0534 0 89.87261 77.5403 42.1792 16.897 0 0 0 0 0 0 0 0 1.33258 3.01514 0 1060.26 
0.0192734628816546294 0.508114 0 106288 0.202038 28.1237 10.906 0 204.4461 135.829 -56.2331 -142.078 0 0 0 0 0 0 0 0 0 0.508114 0 0 
0.0192903629977669681 0.294249 0 39238 28.202 27.8575 10.9768 0 161.0971 -161.049 0.146904 -3.94683 0 0 0 0 0 0 0 0 0.281873 1.41879 0 4.16741 
0.0193014396808271031 0.24056 1 153147 0 9.92099 6.07566 0 0 2 37.5632 -253.4 31.6037 0 0 0 0 0 0 0 0 0.894416 3.57804 962.032 1030.38 
0.0193407366185143065 0.405437 1 210612 0 20.9287 18.8358 0 0 1 -0.297432 -0.093182 -0.400446 0 0 -0 0 0 0 -0 0 0 0.794349 0 0 
0.0193723951704460502 0.100057 0 57888 0.338646 18.288 16.4554 0 01 0 0 0 0 0 0 0 0 0 0 0 2.28948 3.94082 4412.87 9217.19 
0.0194157068482583468 0.150963 1 0 0 27.6665 10.7626 0 0 1 -352.837 -143.195 -29.031 1 -349.286 -146.816 -54.2054 0 0 0 -0 1.1831 2.85854 1975.32 2477.91 
0.0194392724863869416 1.08596 0 185527 27.9668 27.6311 10.7227 0 227.4821 -212.361 19.736 -79.1292 0 -0 0 0 0 -0 0 0 0 1.06329 0 0 
0.0194819112097044632 0.337262 0 252006 0.132961 27.8983 10.8164 0 81.0321 18.4679 62.1946 48.5485 0 0 0 0 0 0 0 0 1.40549 2.78268 104.28 294.655 
0.0195403635032297684 0.130106 1 6292 0 9.85843 6.03492 0 0 1 162.107 10.6353 5.4441 0 0 0 0 0 0 0 0 1.49804 2.52704 2686.43 7954.32 
0.019584846801337482 0.442837 0 216220 0.259142 28.4171 10.4222 0 130.7131 6.10217 112.55 66.1898 0 0 0 0 0 0 0 0 0 0 0 0 
0.0195862515944094755 0.726678 0 132710 27.7405 27.4131 10.4772 0 55.971 -50.6741 -6.39415 -22.8887 0 0 0 -0 0 0 0 -0 0 0 0 0 
0.0196003531807031305 0.154308 1 54359 0 9.75467 5.97035 0 0 1 -20.3731 -47.9382 -35.9632 0 0 0 -0 0 0 0 -0 1.55322 3.56436 737.836 1012.12 
0.0196512733723670403 0.637346 0 296890 0.300366 28.0589 7.64725 0 140.8851 62.3668 95.5285 82.6636 0 0 0 0 0 0 0 0 0 0 0 0 
0.019657620580556829 0.395077 1 179360 0 9.8126 6.00594 0 0 1 13.8954 24.3581 -106.558 0 0 0 0 0 0 0 0 0.399176 2.39861 0 0 
0.019669888144048641 1.14387 0 166801 27.6131 27.2905 10.3389 0 92.26691 -1.51978 -42.3358 81.9668 0 -0 0 0 0 -0 0 0 1.14779 1.14779 0 0 
0.0198474650697020721 0.255849 0 339927 0.643111 27.294 10.0031 0 218.061 111.494 94.9903 161.544 0 0 0 0 0 0 0 0 1.05599 1.58136 80.7454 473.343 
0.0198795606648458079 0.118617 0 271838 0.272832 27.1195 10.0785 0 100.7031 -98.082 21.5722 -7.4564 0 -0 0 0 0 -0 0 0 1.76432 3.00686 4007.07 6954.27 
0.019918804396128028 0.103952 0 149264 0.142019 27.1552 9.93116 0 165.2441 76.0492 -56.7518 -135.283 0 0 0 0 0 0 0 0 1.7918 3.2675 2314.88 5332.67 
0.0199700479850561628 0.200985 1 271791 0 33.3625 30.0262 0 0 1 -0.0238037 0.174202 0.490276 0 0 0 0 0 0 0 0 0.387578 1.16623 0 0 
0.01997488486500772 0.137426 0 81542 0.0951298 27.1412 9.59704 0 103.8751 2.62061 -52.0032 89.8826 0 0 0 0 0 0 0 0 1.0218 1.61245 0 675.959 
0.0199759307047008457 0.416448 0 227710 0.351476 28.0183 7.61882 0 120.4291 -68.8236 -63.8766 75.4072 0 0 -0 0 0 0 -0 0 0 1.22302 0 0 
0.0200805295042879653 0.238182 0 187038 0.0971079 26.9041 9.77881 0 260.7491 -182.367 161.898 92.3124 0 0 0 0 0 0 0 0 0.230964 0.453323 0 318.318 
0.0201054812956420609 0.219854 0 237772 0.0824883 27.4725 9.96886 0 155.621 -108.2 99.5123 51.0648 0 0 0 0 0 0 0 0 0 0.932139 0 0 
0.020230793050538199 0.660707 1 73589 0 9.42109 8.44026 0 0 2 -0.717032 0.496112 0.899214 0 0 0 0 0 0 0 0 0 0 0 0 
0.0202340501948842719 0.0938603 1 41160 0 9.45336 8.46918 0 0 1 0.420451 -0.876127 0.273483 0 0 0 0 0 0 0 0 0.925124 2.13478 1862.83 3798.1 
0.0203787953388266489 0.331349 0 49516 1.11896 26.3093 9.23247 0 193.2561 108.401 -156.927 -31.158 0 0 0 0 0 0 0 0 1.64077 3.56275 0 26.3448 
0.0204677637454803787 0.52622 0 131361 26.4753 26.1928 9.10187 0 65.92211 -64.5534 -12.1639 -5.53304 0 0 0 -0 0 0 0 -0 0 0 0 0 
0.0205822008438511263 0.100077 0 18681 0.219433 26.0444 8.93575 0 432.5911 -418.016 37.0093 -105.013 0 0 0 0 0 0 0 0 0.885126 2.17357 649.796 2379.7 
0.0206392463016347553 1.38641 0 195209 26.2463 25.9716 8.85442 0 254.9281 155.304 -187.494 75.594 0 0 0 0 0 0 0 0 0 0 0 0 
0.0207193213414815225 0.13392 1 229309 0 9.37393 8.398 0 0 1 0.152814 2.19388 -2.25421 0 0 0 0 0 0 0 0 1.57532 3.73214 0 377.148 
0.0207525043461327177 0.256455 0 329553 0.125609 26.1492 8.9552 0 326.2471 298.16 132.43 -0.079155 0 0 0 0 0 0 0 0 0.789161 3.51455 0 182.507 
0.0207705400651114827 0.755984 0 171637 0.100943 25.806 8.67019 0 135.3661 -13.9283 134.644 1.01341 0 -0 0 0 0 -0 0 0 0 0 0 0 
0.0207769636490828906 0.152141 0 299672 0.158499 26.198 8.8575 0 241.4611 -73.3315 -113.379 200.177 0 0 0 0 0 0 0 0 2.31428 3.39911 170.424 1365.29 
0.0208825472583683593 0.271622 0 341510 0.604576 25.9943 8.75151 0 373.8011 -115.943 -123.3 333.289 0 0 0 0 0 0 0 0 0.822542 2.65292 0 86.1902 
0.020888817354247597 0.366267 0 273874 0.382889 26.1344 8.85975 0 186.7671 -181.506 24.5301 36.55 0 0 0 0 0 0 0 0 0 1.12766 0 0 
0.0209159014600886796 0.110403 0 75139 0.642293 25.6256 8.47019 0 325.681 -65.4279 -306.319 -89.193 0 0 0 -0 0 0 0 -0 1.23198 1.97963 1802.3 3130.41 
0.0209666553001936276 0.130825 0 60209 0.0834594 25.5633 8.40134 0 292.4191 98.8602 14.233 -274.833 0 0 0 -0 0 0 0 -0 1.19007 1.99273 2670.11 3107.44 
0.0209721921070141065 0.390119 0 149828 0.0816258 25.5569 8.39427 0 204.2121 -162.75 -114.805 -45.1091 0 0 0 -0 0 0 0 -0 0 0.408674 0 0 
0.0210516938962298367 0.611857 0 77143 0.125281 25.4602 8.28775 0 192.121 -159.312 -69.0293 82.2497 0 -0 0 0 0 -0 0 0 0.624408 0.624408 0 79.7394 
0.0212721817758469746 0.814524 0 126498 25.4469 25.1984 8.00114 0 179.4831 61.479 -42.6466 163.143 0 0 0 0 0 0 0 0 0.804661 0.804661 0 0 
0.0212983429872847033 0.716802 0 315386 0 25.5771 8.29803 0 150.021 -130.253 29.5505 68.3147 0 0 0 0 0 0 0 0 0 0 0 0 
0.0213273721109086614 0.222507 1 288252 0 36.1819 32.5637 0 0 1 -0.501194 0.400516 -0.175765 0 0 0 -0 0 0 0 -0 1.41233 3.50921 1071.57 2085.35 
0.0214295213611575969 0.42215 0 218147 0.170448 16.8404 15.1399 0 01 0 0 0 0 0 0 0 0 0 0 0 0.836745 1.67588 0 0 
0.0214837436547944821 0.34303 0 322460 0.0928581 25.6758 8.10864 0 309.4421 41.9262 -26.2959 305.458 0 0 0 0 0 0 0 0 0 0.668863 0 0 
0.021663305525659024 0.271848 0 165019 24.9833 24.7494 7.51594 0 294.8991 -177.127 -184.357 146.983 0 -0 0 0 0 -0 0 0 0.265688 1.0424 0 0 
0.0216737526127061646 0.180167 1 8327 0 8.96224 8.0291 0 0 1 0.710899 -0.457893 0.130172 0 0 0 0 0 0 0 0 1.82575 4.47702 1840.39 2867.55 
0.021712090840023221 0.837421 0 81629 24.9271 24.695 7.45781 0 140.4361 124.202 -65.4645 -3.23322 0 0 0 -0 0 0 0 -0 0 0.819096 0 0 
0.0217332476175471148 0.493726 0 185177 24.903 24.6716 7.4328 0 287.6971 -281.533 57.9459 12.2976 0 0 0 0 0 0 0 0 0 0.500664 0 0 
0.0217727938280037857 0.726266 0 163317 24.8582 24.6282 7.38661 0 245.6921 158.202 -74.3949 172.632 0 0 -0 0 0 0 -0 0 0.733019 1.46519 0 0 
0.0217824053196523752 5.03041 0 197303 24.8468 24.6171 7.37488 0 114.921 88.4513 73.1093 6.1702 0 0 0 0 0 0 0 0 0 0 0 0 
0.0218013609341487745 0.287611 1 223160 0 17.1981 15.4647 0 0 1 0.115413 -0.308034 -0.498477 0 0 0 0 0 0 0 0 0.921224 1.2234 60.754 60.754 
0.0218847697966779685 0.643628 0 306490 0.134567 24.9365 7.6104 0 314.2111 -12.7627 265.413 167.695 0 0 0 0 0 0 0 0 1.27815 2.52466 9.57268 9.57268 
0.0219098085266471246 0.19519 0 350637 0.402518 24.9849 7.70139 0 385.1751 -294.696 71.9887 237.343 0 0 0 0 0 0 0 0 1.63254 4.95437 110.426 1045.71 
0.0219771020157687666 1.05595 0 87460 24.6284 24.4054 7.15088 0 249.5161 198.234 121.326 -90.7822 0 0 0 0 0 0 0 0 0 0 0 0 
0.0219788942969045241 0.110728 0 63470 0.12352 24.4034 7.14882 0 299.631 294.516 -7.24605 54.6407 0 0 0 0 0 0 0 0 2.15758 3.16783 6110.1 7327.19 
0.0220261750973890502 0.425346 1 235797 0 30.2734 27.246 0 0 1 -0.00840318 0.547433 0.287141 0 -0 0 0 0 -0 0 0 0 0.40798 0 0 
0.0222428204418593789 0.31281 0 144498 24.3374 24.123 6.8561 0 254.4911 -132.463 217.106 -9.17331 0 0 0 0 0 0 0 0 1.23743 2.7734 36.2751 41.2156 
0.022255595166010448 0.153133 0 187804 0.0970604 24.1097 6.84235 0 156.3481 -13.2364 136.177 75.665 0 0 0 0 0 0 0 0 1.41277 2.12203 643.22 827.651 
0.0224390695301015484 0.247107 0 375677 1.76848 24.2565 6.94796 0 271.3541 261.313 7.86562 -72.7114 0 0 0 -0 0 0 0 -0 0.233625 1.74376 0 0 
0.0224591282059673908 0.181724 0 301848 0.114317 24.62 7.13889 0 252.0921 -226.676 -104.955 -33.9594 0 0 -0 0 0 0 -0 0 2.74411 5.05548 497.476 853.628 
0.0228414737340677104 0.294737 1 234090 0 28.3531 25.5178 0 0 2 0.790296 0.469918 -0.430805 0 0 0 0 0 0 0 0 0.827037 1.67584 0 194.488 
0.0228456183918919822 0.479088 1 342757 0 8.94761 8.01604 0 0 2 0.051854 0.671158 -0.39875 0 0 0 0 0 0 0 0 0 0 0 0 
0.0228712907389176934 0.0960057 1 0 0 23.5152 6.23792 0 0 1 265.419 51.2853 617.614 1 288.967 57.5213 606.962 0 0 0 0 3.53842 5.90639 4767.48 8635.35 
0.022891627874549441 0.265588 0 293813 0.0897587 23.6917 6.38814 0 180.5391 -67.1429 165.737 -24.8463 0 0 0 -0 0 0 0 -0 0.246811 1.19907 0 0 
0.0229134891578435043 0.155587 1 257605 0 16.4035 14.7433 0 0 1 -0.823558 -0.577142 -0.13737 0 0 -0 0 0 0 -0 0 1.33449 4.16206 0 126.707 
0.0229302378068109436 0.234309 0 96095 0.205599 23.433 6.15614 0 205.5821 6.15863 186.479 -86.3224 0 0 0 0 0 0 0 0 1.72025 2.98053 0 32.4278 
0.0230795698191939222 0.585848 0 230897 0.091873 15.9746 14.3541 0 01 0 0 0 0 0 0 0 0 0 0 0 0 0.595359 0 0 
0.0231591766831576902 0.478417 0 74516 23.4024 23.2148 5.94151 0 508.1551 250.619 -409.872 165.579 0 0 0 0 0 0 0 0 0 0.476799 0 0 
0.0232263932159577878 0.186889 1 131772 0 14.118 11.925 0 0 1 -5.07627 7.75841 25.5245 0 0 0 0 0 0 0 0 1.03472 4.39916 0 646.465 
0.023333960920994861 0.24486 1 238210 0 32.3074 29.0767 0 0 1 -0.0897525 0.668245 -0.431364 0 0 0 0 0 0 0 0 1.53089 4.88273 172.274 272.14 
0.0233699159798185056 0.128954 0 190351 0.127979 23.0492 5.78005 0 156.8521 156.851 0.130603 0.556821 0 0 0 0 0 0 0 0 2.07604 3.31909 1853.93 2316.66 
0.0234241968409684802 10.3847 0 199257 23.1499 22.9692 5.70405 0 123.9341 61.2862 107.462 -7.44295 0 0 0 -0 0 0 0 -0 0 0 0 0 
0.0235281200262716546 0.259197 0 228030 0.281572 16.0403 14.4137 0 01 0 0 0 0 0 0 0 0 0 0 0 0.503491 1.76904 0 788.503 
0.0236291527920770295 0.0471049 0 78975 22.9598 22.7842 5.5281 0 352.5351 -105.351 -303.117 -145.952 0 0 0 0 0 0 0 0 2.23898 4.75033 1929.62 7608.16 
0.0236705653197349652 0.373176 0 217824 0.346331 14.5908 12.9705 0 4.281781 2.60411 -3.22962 -1.05913 0 0 0 -0 0 0 0 -0 0.7477 2.26862 0 0 
0.0236841040486570724 0.339655 0 235649 0.252698 15.3077 13.7495 0 01 0 0 0 0 0 0 0 0 0 0 0 0 1.75522 0 0 
0.023722292016514504 2.17551 0 175854 22.8738 22.7005 17.1955 0 01 0 0 -0 0 0 0 -0 0 0 0 -0 0 0 0 0 
0.0238354220351452671 0.642248 0 159018 0.128377 22.8883 5.51977 0 215.8151 136.56 149.133 -75.411 0 0 0 0 0 0 0 0 1.89258 3.17321 0 19.4922 
0.0238377639305522929 0.458666 1 0 0 22.8835 5.60018 0 0 1 190.575 114.84 116.617 1 200.256 101.304 114.106 0 0 0 0 0.45252 0.45252 0 0 
0.0240075884768041342 0.133862 0 330109 0.0986872 23.0843 5.78274 0 91.76951 -40.153 82.4564 3.21144 0 0 0 0 0 0 0 0 2.65891 5.01918 3917.34 6666.19 
0.0241020151781224795 0.444797 0 335864 10.8629 22.5095 16.9918 0 01 -0 0 0 0 -0 0 0 0 -0 0 0 1.7332 4.34873 0 0 
0.0241784698905262163 0.413219 1 225836 0 32.0175 28.8158 0 0 1 -0.194858 -0.145535 -0.569614 0 -0 0 0 0 -0 0 0 0.398226 0.398226 0 0 
0.024205893899971527 1.36282 0 13000 0.0824689 22.2828 17.0433 0 01 0 0 -0 0 0 0 -0 0 0 0 -0 0 2.69058 0 0 
0.0242190582892703316 0.208782 1 0 0 7.99412 2.2799 0 0 1 386.771 9.37734 -10.3076 1 370.247 430.982 -79.3625 0 0 0 0 1.33444 3.04371 1041.39 1041.39 
0.024402627092630861 0.577609 0 5085 22.277 22.1191 16.9804 0 01 0 0 0 0 0 0 0 0 0 0 0 0 0.562318 0 0 
0.0245135946409156986 0.135071 0 308259 0.0873439 23.6944 21.3249 0 01 0 0 0 0 0 0 0 0 0 0 0 2.82045 4.97773 3117 7765.54 
0.0245545390367790106 1.06322 0 1919 22.1494 21.9946 16.932 0 01 0 0 -0 0 0 0 -0 0 0 0 -0 0 1.0399 0 0 
0.0246725124236107755 0.849305 0 163978 22.052 21.8996 16.894 0 01 0 0 0 0 0 0 0 0 0 0 0 0 0.872472 0 0 
0.0247400619816100717 0.27598 0 143717 21.9963 21.8453 16.872 0 01 -0 0 0 0 -0 0 0 0 -0 0 0 0 2.29891 0 0 
0.0247531588106666076 0.805051 0 326099 0.362934 22.208 16.7575 0 01 -0 0 0 0 -0 0 0 0 -0 0 0 0 0.822166 0 0 
0.0248943151445251282 0.259075 0 150319 0.152122 21.723 16.8217 0 01 -0 0 0 0 -0 0 0 0 -0 0 0 2.04629 4.1365 0 133.147 
0.0249244549101402639 0.21111 1 241646 0 21.5673 19.4105 0 0 2 0.0191948 -0.00358266 0.00226493 0 0 0 -0 0 0 0 -0 0.64075 3.93858 0 0 
0.0249350004610350597 0.201548 1 277897 0 13.2128 10.1425 0 0 1 -48.3309 -17.0542 -30.1525 0 0 -0 0 0 0 -0 0 0.446564 1.9798 0 0 
0.0250071306339441114 0.62018 0 5802 0.119198 21.6347 16.785 0 01 0 0 -0 0 0 0 -0 0 0 0 -0 0 0.640342 0 0 
0.0250315250983097898 0.0961883 1 239614 0 12.641 9.16438 0 0 2 10.3897 41.806 -61.1958 0 0 0 0 0 0 0 0 2.01052 4.2025 2769.41 5624.2 
0.025035954174539108 1.8881 0 147298 21.7574 21.6122 16.7755 0 01 0 0 0 0 0 0 0 0 0 0 0 0 0 0 0 
0.0250491943422473454 0.0507165 1 57626 0 8.26831 7.44148 0 0 1 5.32374 -20.6902 -2.63137 0 0 0 0 0 0 0 0 2.24576 4.30073 5332.54 7111.69 
0.0250719060945427119 1.14472 0 172139 21.7289 21.5844 16.7638 0 01 0 0 0 0 0 0 0 0 0 0 0 0 0 0 0 
0.0250768525074499746 0.327017 1 225243 0 21.9083 30.9843 0 0 2 -0.00567525 0.00465886 -0.00569148 0 0 0 0 0 0 0 0 0 1.32793 0 0 
0.0250893620213831943 7.60595 0 62404 21.7151 21.5709 16.7581 0 01 0 0 0 0 0 0 0 0 0 0 0 0 0 0 0 
0.025098175475128718 0.387428 0 139643 0.214115 24.9301 7.71033 0 187.4081 -80.9618 52.0287 -160.81 0 0 0 -0 0 0 0 -0 0.768352 1.90826 0 26.743 
0.0251030460980270244 0.350241 1 0 0 23.7234 6.38491 0 0 1 -58.161 258.712 -184.587 1 -37.1834 276.172 -166.685 0 0 0 0 0 0.712007 0 0 
0.0253568692481654957 6.68981 0 34929 0.0824139 21.3684 16.6716 0 01 0 0 0 0 0 0 0 0 0 0 0 0 0 0 0 
0.0255613055563214918 0.271548 0 274941 0.0822129 21.8689 16.2236 0 01 -0 0 0 0 -0 0 0 0 -0 0 0 1.0541 1.84437 0 212.564 
0.025602588256111225 0.270145 0 74810 21.3199 21.185 16.5913 0 01 0 0 0 0 0 0 0 0 0 0 0 0.511264 1.80478 0 0 
0.02562764763058481 0.102876 0 236618 0.084292 21.1669 16.7859 0 01 0 -0 0 0 0 -0 0 0 0 -0 0 2.25604 4.04976 1335.77 2420.25 
0.0256376805463705247 0.166851 0 246800 0.22843 15.1401 13.5977 0 01 0 0 -0 0 0 0 -0 0 0 0 -0 1.80483 3.90583 817.106 884.701 
0.0256564652725462528 0.161821 1 263040 0 28.272 25.4448 0 0 1 -0.342206 -0.389932 -0.0482295 0 0 0 0 0 0 0 0 3.42673 4.51235 23.1576 770.968 
0.0256683758042084605 0.0548316 1 271124 0 21.3861 19.2475 0 0 2 0.520296 0.357054 0.688976 0 0 0 0 0 0 0 0 2.55539 4.36971 2484.35 3996.19 
0.0256973410657328413 0.254278 0 2133 0.186534 21.1161 16.5604 0 01 0 0 -0 0 0 0 -0 0 0 0 -0 0.280869 4.52604 0 0 
0.0258411102153446558 0.476972 0 161127 0.299605 21.2222 16.2575 0 01 0 0 0 0 0 0 0 0 0 0 0 0.938026 3.32001 0 0 
0.0258494248675395777 0.100375 1 221558 0 36.0638 32.4574 0 0 1 -0.245312 -0.678287 -0.139324 0 0 0 -0 0 0 0 -0 2.5456 4.88662 2590.69 5719.68 
0.0259670166800989449 0.120691 0 13778 0.226984 20.9242 16.4735 0 01 0 -0 0 0 0 -0 0 0 0 -0 0 3.07255 5.22833 3519.15 6183.18 
0.0261361079833424756 0.247084 0 164300 20.9292 20.8031 16.4175 0 01 0 0 0 0 0 0 0 0 0 0 0 1.17001 4.62181 0 245.328 
0.0261560706709094183 3.3016 0 199578 20.9148 20.789 16.411 0 01 0 0 0 0 0 0 0 0 0 0 0 0 0 0 0 
0.0263559285486642154 0.154707 0 171741 0.0902746 20.6511 16.3465 0 01 0 0 -0 0 0 0 -0 0 0 0 -0 1.69467 4.20741 2038.54 3966.8 
0.0265551820200671321 0.160386 1 52009 0 20.5162 16.2833 0 0 1 -0.0230554 0.0200669 0.0301779 0 0 0 0 0 0 0 0 2.48165 5.94528 254.618 290.89 
0.0266436780854371266 0.444461 0 163707 1.15455 20.4561 16.2545 0 01 0 0 0 0 0 0 0 0 0 0 0 1.35488 1.80031 0 1.69267 
0.026675498528071457 0.177972 1 98571 0 20.4361 16.245 0 0 2 -0.018244 0.00854042 0.00124845 0 -0 0 0 0 -0 0 0 2.58243 5.63328 166.063 1833.48 
0.026687437156560561 0.321602 1 330468 0 10.7177 6.71301 0 0 2 50.5185 99.9133 -19.4763 0 0 0 0 0 0 0 0 2.16893 4.00745 0 84.8404 
0.0267129120520127189 0.294456 0 243876 0.160622 20.6748 15.5191 0 01 0 0 -0 0 0 0 -0 0 0 0 -0 1.24359 2.49455 0 53.2695 
0.0268581965682624275 0.283056 0 82874 20.4299 20.3147 16.1863 0 01 0 -0 0 0 0 -0 0 0 0 -0 0 2.43811 3.26682 554.638 773.251 
0.0268804721023544468 0.145402 0 143635 20.4154 20.3004 16.1793 0 01 0 0 0 0 0 0 0 0 0 0 0 2.36942 4.51346 3069.49 7181.91 
0.0270344967463729859 0.0624758 0 148444 0.223951 20.4759 15.0894 0 01 0 0 0 0 0 0 0 0 0 0 0 3.26491 6.62542 1359.56 4389.99 
0.0270417951595771956 1.2061 0 29294 20.3085 20.1958 16.1277 0 01 0 0 0 0 0 0 0 0 0 0 0 0 2.43946 0 0 
0.0270681853876798585 0.72561 0 151331 0.793624 20.4521 15.3324 0 01 0 0 0 0 0 0 0 0 0 0 0 0 2.17736 0 0 
0.0270954779254125623 0.0891023 1 216614 0 24.333 21.8997 0 0 1 -0.31511 0.0174315 0.800352 0 -0 0 0 0 -0 0 0 2.60457 4.00733 910.086 5913.72 
0.0271080668885904756 0.247806 0 44830 0.361717 20.1526 16.1064 0 01 -0 0 0 0 -0 0 0 0 -0 0 0 0.234766 3.47061 0 0 
0.0275099485474856569 0.150741 0 381146 0.296826 20.3949 15.6533 0 01 0 0 0 0 0 0 0 0 0 0 0 4.24034 8.34619 2141.68 4251.91 
0.0275988126196487354 0.162588 1 218774 0 27.9632 25.1669 0 0 2 0.00510068 0.00262925 0.00388156 0 0 0 0 0 0 0 0 5.28922 9.32692 2306.07 3697.47 
0.0276193660344379033 0.221653 0 239138 0 28.7377 11.6646 0 130.2151 5.20219 126.452 30.6393 0 0 0 0 0 0 0 0 3.84611 6.04397 0 485.653 
0.028007706409716164 0.330412 1 245905 0 36.2542 32.6288 0 0 2 0.00451758 -0.0146957 -0.00478747 0 0 0 0 0 0 0 0 1.28468 1.90428 0 150.208 
0.0281906614847079393 0.149429 1 235686 0 28.2071 25.3864 0 0 1 0.508711 0.432196 0.272977 0 0 0 0 0 0 0 0 2.81232 5.37854 1438.17 3563.95 
0.0282305929858099949 0.1187 0 263079 0.132435 14.8493 13.3342 0 01 0 0 0 0 0 0 0 0 0 0 0 4.2281 8.07325 1385.74 3430.37 
0.0283905313818734184 0.235287 1 210024 0 37.1225 33.4103 0 0 2 -0.00520593 0.24923 -0.187246 0 0 0 -0 0 0 0 -0 3.00161 6.18972 0 226.368 
0.0286601275460244415 0.177177 1 293846 0 14.5315 12.8562 0 0 2 5.34708 2.95433 -0.558551 0 0 0 0 0 0 0 0 1.73085 5.32645 277.001 351.171 
0.0286919070675441638 0.289064 0 211373 0.329676 14.2837 12.2827 0 27.99131 19.7522 18.3437 7.54139 0 0 0 0 0 0 0 0 0.554459 2.03626 0 0 
0.0288147562408737554 0.398099 1 219271 0 12.8085 9.43916 0 0 2 -34.3952 1.07629 -3.40423 0 0 0 0 0 0 0 0 0.77792 4.7188 0 0 
0.0289433585801352755 0.212428 0 236101 0.396295 14.7796 13.2711 0 01 0 0 0 0 0 0 0 0 0 0 0 3.7177 9.4437 803.85 986.739 
0.0303122006310883943 0.0718623 1 228079 0 36.5561 32.9005 0 0 1 -0.339602 0.41908 -0.0911073 0 0 0 0 0 0 0 0 2.70052 6.59947 1187.75 3051.08 
0.0304423247187916128 0.343242 1 230585 0 16.735 15.0442 0 0 2 0.542994 0.0394597 -0.055484 0 0 0 0 0 0 0 0 0.346632 2.06254 0 0 
0.0305356380665207025 0.298416 0 309515 0 26.4521 9.3626 0 248.081 -118.893 70.2942 206.075 0 0 0 0 0 0 0 0 2.0914 4.53027 0 0 
0.0312982708271551321 0.322072 1 212292 0 16.2307 14.5866 0 0 1 -0.131729 -0.00352679 0.406312 0 0 -0 0 0 0 -0 0 0.902369 5.59624 0 0 
0.0314972125813105172 0.113508 0 294621 0.224287 16.8406 15.1401 0 01 0 0 0 0 0 0 0 0 0 0 0 2.68683 6.5259 700.677 1867.88 
0.0315923054587353563 0.0979455 0 215725 0.357909 20.486 16.271 0 01 0 0 -0 0 0 0 -0 0 0 0 -0 4.69104 8.46642 1629.04 4147.66 
0.0316705465872716141 0.129966 1 211235 0 34.0898 30.6809 0 0 1 0.70614 0.753453 -0.0372149 0 0 0 -0 0 0 0 -0 5.0756 8.47186 1657.28 3236.91 
0.03327968258488119 0.0532159 1 226979 0 26.4609 23.8148 0 0 1 -0.0681761 0.619018 1.52299 0 0 0 0 0 0 0 0 3.79667 7.98839 692.792 3415.38 
0.0334981493456013857 0.0752752 0 223378 0.0829834 29.2998 11.5207 0 212.7681 -32.0091 -185.888 98.4447 0 0 -0 0 0 0 -0 0 6.78023 14.662 1661.4 4212.94 
0.0343582284205279156 0.266407 0 273183 0.337317 15.1401 13.5977 0 01 0 0 0 0 0 0 0 0 0 0 0 2.43729 5.14568 0 135.169 
0.0346228646908800439 0.263015 0 235862 0.155016 28.2126 10.5941 0 128.4551 -119.07 -18.6027 -44.4648 0 0 0 0 0 0 0 0 0.843559 5.72281 1.51733 1.51733 
0.0352195006688866968 0.0700364 1 214973 0 36.3121 32.6809 0 0 2 0.210513 0.117422 -0.495121 0 0 0 0 0 0 0 0 6.45238 13.2572 1613.98 4290.38 
0.0354032702274742275 0.540384 0 39421 0.120946 26.7466 9.16795 0 100.5331 -93.0187 -37.5199 -6.82502 0 -0 0 0 0 -0 0 0 0 2.77167 0 0 
0.0356010412405841706 0.0608649 1 233435 0 20.9316 18.8385 0 0 1 -0.521173 0.795934 0.177687 0 0 0 0 0 0 0 0 7.64475 16.596 1189.41 2613.11 
0.0359566703901932141 0.0269714 1 258118 0 24.8528 22.3675 0 0 2 -0.0565871 -0.443342 0.465788 0 0 -0 0 0 0 -0 0 5.3187 11.0231 576.093 1945.71 
0.0382899947794603651 0.0812445 1 299246 0 22.5228 20.2705 0 0 1 0.118616 1.54476 -0.209595 0 0 0 0 0 0 0 0 5.40695 13.6779 1293.09 2691.44 
0.0399343062105749075 0.341206 0 272698 0.186583 25.2838 7.74521 0 309.2151 -114.157 -14.6418 286.998 0 -0 0 0 0 -0 0 0 1.07077 3.25488 85.4053 85.4053 
0.0419913706835215658 0.339537 0 221574 0.158909 23.4791 6.20247 0 184.8061 100.714 77.3709 134.251 0 0 0 0 0 0 0 0 0.920798 5.69331 0 0 
0.0741532616869835098 0.604676 0 275458 0.261283 23.5928 6.24932 0 468.0831 434.094 153.911 83.5193 0 0 0 0 0 0 0 0 3.59045 9.54692 0 18.173 
0.817010411152993554 0.0360248 1 0 0 17.1298 15.3789 0 0 0 0 0 0 0 0 0 0 0 0 0 0 0 0 0 0 
