#1:time #2:r #3.binary? #4:ID #5:zams_m #6:m_progenitor #7:bh mass #8:bh_spin #9:birth-kick(km/s) #10-25:vsarray
0.000438781988669686767 0.0325696 0 1230 0.100282 16.6269 14.8333 0 01 0 -0 0 0 0 -0 0 0 0 -0 0 7.96186 16.8678 1106.66 1781.96 
0.000438781988669686767 0.282353 1 34242 102.31 12.3868 8.62463 0 0 1 -4.55432 0.215592 -3.9041 0 -0 0 0 0 -0 0 0 13.0493 28.4678 884.141 1928.12 
0.000438781988669686767 0.284469 0 10657 0 15.1478 13.4278 0 01 0 0 0 0 0 0 0 0 0 0 0 13.0493 28.4678 884.141 1928.12 
0.000438781988669686767 0.317492 1 34504 0 16.7558 14.9565 0 0 1 -0.00740574 -0.00684025 -0.0281223 0 -0 0 0 0 -0 0 0 10.8128 28.9421 353.504 1443.98 
0.000438781988669686767 0.348538 0 48757 103.84 15.6285 13.8827 0 01 0 0 0 0 0 0 0 0 0 0 0 12.6508 32.4475 521.103 909.203 
0.000438781988669686767 0.405786 1 40380 0 16.6634 14.8682 0 0 2 0.00349589 -0.00381442 0.00161773 0 0 -0 0 0 0 -0 0 12.0054 36.0007 227.8 697.773 
0.000438781988669686767 0.479336 0 62090 146.507 16.703 14.906 0 01 0 0 0 0 0 0 0 0 0 0 0 12.2616 34.1963 52.9852 873.978 
0.000438781988669686767 0.511275 0 61743 148.621 16.6512 14.8564 0 01 0 0 0 0 0 0 0 0 0 0 0 16.3591 33.6873 394.661 1441.41 
0.000438781988669686767 0.520892 0 51333 97.6188 15.1963 13.4737 0 01 0 0 0 0 0 0 0 0 0 0 0 16.3591 33.6873 394.661 1441.41 
0.000438781988669686767 0.565272 0 100504 136.028 16.7056 14.9084 0 01 0 0 0 0 0 0 0 0 0 0 0 14.9422 31.0439 7.48086 715.065 
0.000438781988669686767 0.566508 0 73525 0.160911 16.7386 14.9401 0 01 0 0 0 0 0 0 0 0 0 0 0 14.9422 31.0439 7.48086 715.065 
0.000438781988669686767 0.651144 0 64926 104.991 15.7914 14.0372 0 01 0 0 0 0 0 0 0 0 0 0 0 9.02817 29.5414 19.5437 642.134 
0.000438781988669686767 0.663997 0 48795 148.621 16.6511 14.8564 0 01 0 0 -0 0 0 0 -0 0 0 0 -0 8.63814 29.9202 0 382.118 
0.000438781988669686767 0.724189 0 149723 103.931 15.6395 13.8931 0 01 0 0 0 0 0 0 0 0 0 0 0 8.05921 34.4068 355.862 501.581 
0.000438781988669686767 0.763426 0 92882 107.222 15.927 14.1661 0 01 0 -0 0 0 0 -0 0 0 0 -0 0 13.6998 32.6581 0 461.554 
0.000438781988669686767 0.870125 0 119279 118.641 16.7983 14.9971 0 01 0 0 0 0 0 0 0 0 0 0 0 11.2245 28.5384 0 46.1204 
0.000438781988669686767 0.910079 1 9424 0 15.2665 13.54 0 0 1 0.00116862 0.000401606 0.000375786 0 0 0 0 0 0 0 0 17.4857 40.4934 69.8714 435.089 
0.000438781988669686767 1.19496 0 115717 0 16.5166 14.7278 0 01 0 0 0 0 0 0 0 0 0 0 0 10.7582 27.4904 351.644 516.769 
0.000438781988669686767 1.30473 0 175727 113.949 16.5223 14.7332 0 01 0 0 0 0 0 0 0 0 0 0 0 7.99973 26.5958 98.49 788.516 
0.000438781988669686767 1.38914 0 111187 103.99 15.6503 13.9035 0 01 -0 0 0 0 -0 0 0 0 -0 0 0 5.5132 23.411 26.4911 26.4911 
0.000438781988669686767 1.66417 0 174558 126.594 16.7082 14.9109 0 01 0 -0 0 0 0 -0 0 0 0 -0 0 5.07161 23.6444 0 214.716 
0.000438781988669686767 1.86921 0 178115 104.318 15.6805 13.932 0 01 0 0 0 0 0 0 0 0 0 0 0 11.1275 31.4288 0 250.789 
0.000438781988669686767 1.99915 0 188351 0 15.888 14.129 0 01 -0 0 0 0 -0 0 0 0 -0 0 0 9.87887 19.6765 0 9.59267 
0.000475682327130314594 0.158624 0 61874 92.5073 14.8132 13.1124 0 01 -0 0 0 0 -0 0 0 0 -0 0 0 6.50201 15.9323 551.762 1547.95 
0.000475682327130314594 0.270495 0 147898 86.2269 14.2436 12.0045 0 17.50571 15.2375 0.748902 8.58543 0 0 0 0 0 0 0 0 7.40554 20.837 218.487 1060.34 
0.000475682327130314594 0.291431 1 0 0 13.6053 10.7005 0 0 1 -13.1084 -25.4007 55.8216 1 -11.0746 -27.5156 55.3322 0 0 0 0 11.2277 27.1323 1730.95 2161.13 
0.000475682327130314594 0.353106 1 0 0 12.9784 9.56495 0 0 1 -36.3245 79.0913 14.5872 1 -37.1483 78.6166 15.1083 0 0 0 0 8.2493 24.2669 272.33 323.592 
0.000475682327130314594 0.451014 0 102311 75.0149 13.0382 9.66719 0 96.68541 -85.1363 40.7561 -20.9479 0 0 0 -0 0 0 0 -0 11.7397 30.3132 82.0374 1418.53 
0.000475682327130314594 0.460645 0 9114 75.9226 13.2131 9.97322 0 81.58711 -78.5766 15.1914 -15.8558 0 0 0 -0 0 0 0 -0 11.7397 30.3132 82.0374 1418.53 
0.000475682327130314594 0.575415 0 24087 87.1549 14.2485 12.0153 0 40.03421 19.4566 -9.69876 -33.6171 0 0 0 0 0 0 0 0 11.6567 30.3215 26.7219 228.79 
0.000475682327130314594 0.736284 0 78203 85.2054 14.0294 11.5501 0 14.52561 0.830284 -12.2017 7.83721 0 0 0 0 0 0 0 0 7.46225 22.3798 112.818 117.792 
0.000475682327130314594 0.78413 0 122627 80.8837 13.6487 10.7843 0 57.8051 41.8077 -36.9016 -15.2251 0 0 0 -0 0 0 0 -0 5.52658 20.6473 137.604 554.475 
0.000475682327130314594 0.799226 0 150155 90.7141 14.5744 12.7396 0 4.311631 -0.904277 -1.75652 -3.83237 0 0 -0 0 0 0 -0 0 5.52658 20.6473 137.604 554.475 
0.000475682327130314594 0.868892 0 159815 87.188 14.2551 12.0293 0 35.60951 -18.6154 -11.9449 27.9074 0 0 0 0 0 0 0 0 7.82473 21.846 14.0922 14.0922 
0.000475682327130314594 0.942878 0 136651 90.7845 14.5874 12.7692 0 4.884591 4.47002 -1.89537 0.534473 0 0 0 0 0 0 0 0 4.62523 24.2032 0 53.995 
0.000475682327130314594 1.08782 0 167048 92.1791 14.7468 13.0499 0 01 0 0 0 0 0 0 0 0 0 0 0 8.71727 26.1022 202.487 263.926 
0.000475682327130314594 1.25617 0 152617 73.6069 12.8693 9.38213 0 52.13871 47.9059 -20.1127 4.35222 0 0 0 0 0 0 0 0 9.95019 17.4101 0 215.627 
0.000475682327130314594 1.29649 0 100809 75.8412 13.195 9.94112 0 66.10121 64.2524 10.6247 -11.3185 0 0 0 0 0 0 0 0 5.14944 24.566 0 2.16654 
0.000475682327130314594 1.37264 0 153939 71.4512 12.74 9.17082 0 69.7551 -37.8104 42.8602 -39.9893 0 0 0 -0 0 0 0 -0 5.53137 18.0651 0 0 
0.000475682327130314594 1.5221 0 168168 93.8479 14.9155 13.2087 0 01 0 0 0 0 0 0 0 0 0 0 0 7.50527 19.5095 0 318.082 
0.000475682327130314594 1.68114 0 176470 78.0612 13.3865 10.2878 0 86.4151 54.6355 50.1003 44.4125 0 0 0 0 0 0 0 0 3.41871 20.6051 0 0 
0.000475682327130314594 1.72135 0 161709 0 13.9843 11.4566 0 39.33241 -26.2003 -8.21341 -28.1624 0 0 0 0 0 0 0 0 3.41871 20.6051 0 0 
0.000475682327130314594 1.81461 0 115918 78.7712 13.3729 10.2628 0 92.77751 33.3719 -85.8339 11.248 0 0 -0 0 0 0 -0 0 1.82703 14.2219 0 58.5307 
0.000475682327130314594 1.87967 0 176205 86.732 14.167 11.8401 0 39.48081 -39.3199 -2.35638 2.66887 0 0 -0 0 0 0 -0 0 9.34499 18.6805 0 69.0603 
0.000475682327130314594 2.06381 0 42429 77.2398 13.3571 10.2338 0 78.02751 47.9216 -28.4432 54.6151 0 0 0 0 0 0 0 0 2.05794 4.18992 0 68.0994 
0.000524345699914468893 0.0780918 1 0 0 11.1998 7.1177 0 0 1 69.7631 -16.9393 -31.2508 1 69.9894 -15.2765 -31.6395 0 0 0 0 7.90077 18.3862 1274.27 1509.25 
0.000524345699914468893 0.222921 0 24013 68.8349 12.3642 8.59127 0 57.86161 -13.2834 -53.2843 -18.2292 0 0 0 -0 0 0 0 -0 12.2181 27.6465 710.231 1589.46 
0.000524345699914468893 0.249506 0 11010 64.4191 11.9441 8.00366 0 60.82811 -56.8291 -11.7207 -18.2521 0 0 -0 0 0 0 -0 0 9.88232 26.5004 127.21 527.93 
0.000524345699914468893 0.245207 1 0 0 11.3146 7.24156 0 0 1 -119.377 27.8813 -35.6948 1 -119.887 27.9233 -33.9515 0 0 0 0 9.88232 26.5004 127.21 527.93 
0.000524345699914468893 0.264918 0 13642 55.6771 10.8009 6.72402 0 130.51 -114.6 36.4735 50.6625 0 -0 0 0 0 -0 0 0 12.482 33.2295 226.643 997.74 
0.000524345699914468893 0.389718 0 85265 58.7173 11.5001 7.45137 0 85.03681 -27.8173 -66.784 -44.6917 0 0 0 0 0 0 0 0 16.6033 37.0651 348.697 1113.97 
0.000524345699914468893 0.4887 0 37142 63.1007 11.7356 7.7355 0 111.3091 81.9711 64.8601 38.2569 0 0 0 0 0 0 0 0 11.9611 41.3621 245.424 248.394 
0.000524345699914468893 0.51969 0 58352 55.3119 11.407 7.34452 0 344.7231 -56.4328 58.5342 -334.997 0 0 0 0 0 0 0 0 14.0065 34.7684 138.155 1177.69 
0.000524345699914468893 0.541211 0 25991 61.3019 11.5107 7.46383 0 111.8631 -96.9601 -52.8528 17.8498 0 0 0 0 0 0 0 0 9.23685 32.5973 555.615 897.595 
0.000524345699914468893 0.575602 0 181303 61.4273 11.5399 7.49809 0 167.5161 -100.781 104.877 -83.1013 0 0 0 0 0 0 0 0 16.3795 40.9201 67.2606 714.635 
0.000524345699914468893 0.585078 0 28748 54.3326 11.2456 7.16654 0 83.98451 55.2549 -62.1008 -11.9912 0 0 0 -0 0 0 0 -0 16.3795 40.9201 67.2606 714.635 
0.000524345699914468893 0.615127 0 71530 66.0952 12.0915 8.20256 0 132.5721 -34.8033 114.146 57.7465 0 0 0 0 0 0 0 0 15.7246 37.5366 346.022 581.388 
0.000524345699914468893 0.616942 0 111328 67.4826 12.1808 8.3269 0 87.35141 -23.794 -59.4811 -59.3811 0 0 0 0 0 0 0 0 15.7246 37.5366 346.022 581.388 
0.000524345699914468893 0.628575 0 88100 64.7006 11.8839 7.92458 0 154.2171 -117.862 -62.1435 77.6507 0 0 0 0 0 0 0 0 16.9738 33.2789 620.189 1236.5 
0.000524345699914468893 0.638216 0 52253 57.7001 11.2291 7.14885 0 139.5281 29.658 -78.3732 111.562 0 0 0 0 0 0 0 0 16.9738 33.2789 620.189 1236.5 
0.000524345699914468893 0.679324 0 12700 64.3014 11.9288 7.98342 0 98.76621 19.0782 26.7127 93.1516 0 0 0 0 0 0 0 0 15.5265 33.7237 93.5142 421.156 
0.000524345699914468893 0.680776 0 110778 61.5212 11.5626 7.52487 0 143.4971 142.559 -13.2008 9.68914 0 0 0 0 0 0 0 0 15.5265 33.7237 93.5142 421.156 
0.000524345699914468893 0.794991 0 95702 60.5667 12.0163 8.10005 0 54.02331 -30.9684 44.1319 3.44226 0 -0 0 0 0 -0 0 0 9.55825 22.3862 64.1934 244.833 
0.000524345699914468893 0.840988 0 51259 69.5325 12.3963 8.63871 0 126.4281 4.11664 -122.08 32.6148 0 0 0 0 0 0 0 0 11.9314 30.661 0 68.9789 
0.000524345699914468893 0.958973 0 184514 59.5604 11.7225 7.71924 0 83.90571 34.9526 73.5829 20.1008 0 0 0 0 0 0 0 0 14.494 31.9562 0 167.196 
0.000524345699914468893 0.980745 0 107024 60.5044 11.9985 8.07622 0 125.6071 -89.3539 -54.1014 -69.7579 0 0 0 -0 0 0 0 -0 14.494 31.9562 0 167.196 
0.000524345699914468893 0.990062 0 25684 63.0733 11.7191 7.715 0 65.59511 59.1905 -25.4631 -12.2815 0 0 0 0 0 0 0 0 7.97196 28.9556 209.02 250.642 
0.000524345699914468893 0.992547 0 134142 56.2477 10.8422 6.7622 0 215.8951 178.283 -105.4 60.9659 0 0 0 0 0 0 0 0 7.97196 28.9556 209.02 250.642 
0.000524345699914468893 1.02704 0 121014 67.3249 12.2676 8.45056 0 46.59381 -10.0257 21.4296 40.1402 0 0 0 0 0 0 0 0 10.3209 31.9916 117.565 352.897 
0.000524345699914468893 1.07479 0 150382 65.3114 12.0323 8.12171 0 87.30811 -8.143 -2.24152 86.8986 0 0 -0 0 0 0 -0 0 8.52069 30.9289 50.7661 130.8 
0.000524345699914468893 1.17813 0 128897 55.4251 10.718 6.6492 0 104.8641 -13.3885 -103.158 13.2598 0 0 0 0 0 0 0 0 15.2904 36.374 0 43.2253 
0.000524345699914468893 1.19103 0 114706 70.8061 12.5556 8.88003 0 80.21181 -75.1553 -4.3197 27.694 0 0 0 0 0 0 0 0 15.2904 36.374 0 43.2253 
0.000524345699914468893 1.19234 0 147276 58.7407 11.5031 7.45485 0 56.77591 -49.8417 9.94744 -25.3052 0 0 0 0 0 0 0 0 15.2904 36.374 0 43.2253 
0.000524345699914468893 1.2783 0 166865 62.8942 11.6845 7.67215 0 166.2961 -163.252 24.6688 19.8644 0 0 0 0 0 0 0 0 6.31457 29.0083 53.5205 118.284 
0.000524345699914468893 1.28434 0 179664 56.8427 10.9967 6.91024 0 176.9291 -155.08 23.0239 -81.999 0 -0 0 0 0 -0 0 0 7.84879 35.2772 0 14.4518 
0.000524345699914468893 1.56736 0 164435 61.1483 11.4806 7.42881 0 77.80551 -22.8904 15.0987 72.8132 0 0 0 0 0 0 0 0 1.59017 14.2642 0 0 
0.000524345699914468893 1.69932 0 176147 59.5084 11.7086 7.70197 0 71.02781 -64.1703 24.1246 18.5776 0 0 0 0 0 0 0 0 5.16349 24.036 52.4885 95.1753 
0.000524345699914468893 1.86406 0 174664 69.4959 12.5148 8.81742 0 134.4261 -69.5669 75.6421 -86.6555 0 0 0 -0 0 0 0 -0 9.44286 29.8994 0 5.02051 
0.000524345699914468893 1.98616 0 177308 63.2174 11.7937 7.80865 0 77.37981 -46.9533 12.3737 60.2487 0 0 0 0 0 0 0 0 9.87835 25.807 192.957 713.057 
0.000524345699914468893 2.73742 0 156600 59.8262 11.7962 7.81179 0 42.64111 18.8533 -0.444941 38.2442 0 0 0 0 0 0 0 0 0 13.1533 0 0 
0.000524345699914468893 3.15974 0 196871 67.4387 12.1641 8.30343 0 102.9931 54.7764 -38.6976 -78.1635 0 0 0 0 0 0 0 0 0 9.01704 0 0 
0.000524345699914468893 3.26073 0 197790 61.1754 11.4857 7.43469 0 131.9141 105.543 53.6266 58.1907 0 0 0 0 0 0 0 0 0 9.01704 0 0 
0.000571617188271242847 0.132379 1 0 0 10.7374 6.66648 0 0 1 -11.0903 -83.6676 84.6759 1 -5.26457 -85.8471 83.2778 0 0 0 0 6.66816 18.6478 1276.16 1703.86 
0.000571617188271242847 0.238164 0 161343 49.6198 10.7385 6.66747 0 195.2011 -160.08 -94.8078 59.0711 0 0 0 0 0 0 0 0 13.1783 29.9892 402.785 1486.06 
0.000571617188271242847 0.258387 0 55710 46.9203 10.7011 6.63425 0 120.51 -91.2789 -64.4156 45.1569 0 0 0 0 0 0 0 0 13.1783 29.9892 402.785 1486.06 
0.000571617188271242847 0.303184 0 37483 52.7163 10.8239 6.74521 0 185.271 -63.2437 -115.804 130.056 0 0 0 0 0 0 0 0 13.1352 32.5086 253.933 637.359 
0.000571617188271242847 0.352684 1 0 0 10.6008 6.5479 0 0 1 238.906 110.747 -22.4716 1 239.166 109.182 -27.3942 0 0 0 -0 14.5437 38.5002 480.414 804.188 
0.000571617188271242847 0.411003 0 27316 48.1001 10.6708 6.6077 0 61.99161 -59.1152 -3.02439 -18.4175 0 -0 0 0 0 -0 0 0 15.7362 32.6905 546.972 742.419 
0.000571617188271242847 0.471824 1 0 0 10.7522 6.67983 0 0 1 -102.531 24.6144 20.9921 1 -101.931 26.1664 22.0984 0 0 0 0 15.4362 37.5994 694.427 1034.16 
0.000571617188271242847 0.502739 0 75494 52.6861 10.8247 6.74587 0 178.9911 9.31853 22.2983 -177.352 0 0 0 -0 0 0 0 -0 12.0903 41.2671 174.719 1105.92 
0.000571617188271242847 0.515476 0 116262 49.0266 10.6699 6.60692 0 34.00761 31.9274 2.62623 -11.413 0 0 0 0 0 0 0 0 13.6589 44.6023 66.5202 451.062 
0.000571617188271242847 0.542871 0 62226 48.302 10.693 6.62715 0 84.56941 -15.1286 51.3977 65.4323 0 0 0 0 0 0 0 0 13.6971 38.8345 306.856 885.542 
0.000571617188271242847 0.591022 0 57888 0.124446 10.6839 6.61917 0 105.0771 94.8111 18.3228 -41.4283 0 0 0 0 0 0 0 0 14.2284 36.6333 320.946 735.866 
0.000571617188271242847 0.591751 1 0 51.4257 9.75487 5.95863 0 0 1 15.5725 48.5151 20.1675 1 -15.3371 3.4373 -7.765 0 -0 0 0 14.2284 36.6333 320.946 735.866 
0.000571617188271242847 0.626916 0 139943 46.444 10.713 6.64483 0 58.67471 6.88809 30.7997 -49.4636 0 0 0 0 0 0 0 0 15.2498 33.7237 10.0245 328.146 
0.000571617188271242847 0.685039 0 99846 48.7235 10.699 6.6324 0 98.53671 94.4521 26.855 8.19072 0 0 0 0 0 0 0 0 10.9337 40.2491 138.468 151.557 
0.000571617188271242847 0.712374 0 45741 47.4805 10.5944 6.54254 0 116.1111 -17.653 -114.01 -13.1095 0 0 0 -0 0 0 0 -0 9.1744 31.0486 4.03584 210.683 
0.000571617188271242847 0.712923 0 58596 45.3218 10.6019 6.54882 0 174.9351 82.8433 -153.851 8.30048 0 0 0 0 0 0 0 0 9.1744 31.0486 4.03584 210.683 
0.000571617188271242847 0.724969 0 85683 44.9658 10.5563 6.51091 0 109.8151 38.6544 -100.843 19.8967 0 0 0 0 0 0 0 0 13.1023 26.1986 230.861 1181.9 
0.000571617188271242847 0.729363 0 74245 51.1709 10.6263 6.56935 0 205.8541 -31.63 -197.276 49.5735 0 0 0 0 0 0 0 0 13.1023 26.1986 230.861 1181.9 
0.000571617188271242847 0.730212 0 111644 52.5187 10.7703 6.69608 0 94.82221 -84.4346 41.7545 10.8909 0 0 0 0 0 0 0 0 13.1023 26.1986 230.861 1181.9 
0.000571617188271242847 0.737809 0 60170 45.2368 10.5963 6.54407 0 110.111 108.698 5.4096 -16.7214 0 0 0 0 0 0 0 0 13.1023 26.1986 230.861 1181.9 
0.000571617188271242847 0.770419 0 65477 45.4948 10.6268 6.5698 0 113.2991 -5.89042 23.3526 110.71 0 0 0 0 0 0 0 0 13.2048 37.3196 68.5337 142.927 
0.000571617188271242847 0.775038 0 54190 49.2892 10.6972 6.63081 0 167.9661 -120.961 -107.93 -43.9562 0 0 0 -0 0 0 0 -0 13.2048 37.3196 68.5337 142.927 
0.000571617188271242847 0.795116 0 37829 45.571 10.6428 6.58353 0 229.0251 -9.13013 94.5849 -208.381 0 0 0 -0 0 0 0 -0 16.886 45.8923 0 387.074 
0.000571617188271242847 0.80563 0 89578 49.7995 10.6895 6.62408 0 105.1651 -92.1354 -1.78174 50.6704 0 0 0 0 0 0 0 0 16.886 45.8923 0 387.074 
0.000571617188271242847 0.813278 0 164882 0.121283 10.6728 6.60946 0 132.8591 -93.4914 85.2297 -40.5817 0 -0 0 0 0 -0 0 0 16.886 45.8923 0 387.074 
0.000571617188271242847 0.874238 0 44453 51.9633 10.6439 6.58444 0 157.4551 -151.393 30.6077 30.5811 0 0 0 0 0 0 0 0 8.0111 24.8935 0 139.471 
0.000571617188271242847 0.979101 0 177060 46.786 10.7397 6.66856 0 140.6641 -10.8361 134.739 38.9176 0 -0 0 0 0 -0 0 0 9.70957 31.2143 0 203.774 
0.000571617188271242847 1.13427 1 165646 52.3922 9.12723 7.94447 0 0 1 0.569689 1.64242 0.395416 0 0 0 0 0 0 0 0 11.4343 30.8797 0 57.1094 
0.000571617188271242847 1.25338 0 154047 51.7776 10.581 6.53134 0 166.7381 -166.732 1.28427 -0.560147 0 0 0 -0 0 0 0 -0 12.7008 22.8802 0 14.4605 
0.000571617188271242847 1.41304 0 162029 49.042 10.6683 6.60557 0 93.05131 -42.7882 -73.9399 36.8865 0 -0 0 0 0 -0 0 0 9.85249 29.5822 0 18.612 
0.000571617188271242847 1.46161 0 144755 46.2284 10.6967 6.63045 0 79.50041 -68.5037 -38.9417 10.5403 0 -0 0 0 0 -0 0 0 7.30693 24.8922 246.387 250.074 
0.000571617188271242847 1.54648 0 194166 51.865 10.5824 6.53254 0 157.4591 117.556 100.52 -29.4926 0 0 0 0 0 0 0 0 10.5762 19.713 0 0 
0.000571617188271242847 1.80764 0 183290 48.3797 10.7019 6.63499 0 189.821 -120.548 -137.999 -49.5597 0 0 0 -0 0 0 0 -0 1.83551 12.6284 0 0 
0.000571617188271242847 1.84313 0 185627 50.0487 10.6684 6.60562 0 167.5721 148.973 -55.4085 -53.0796 0 0 0 -0 0 0 0 -0 1.83551 12.6284 0 0 
0.000571617188271242847 2.0817 0 157557 48.6908 10.7009 6.6341 0 159.5831 -1.33585 -127.289 96.2419 0 0 -0 0 0 0 -0 0 6.36468 14.8106 0 16.248 
0.000571617188271242847 2.21395 0 183715 49.3078 10.6992 6.63259 0 201.9611 -160.428 -114.132 -45.0015 0 0 -0 0 0 0 -0 0 4.5533 13.5894 0 0 
0.000571617188271242847 2.24214 0 146828 45.4911 10.628 6.57076 0 180.0761 -146.525 87.8874 56.8649 0 -0 0 0 0 -0 0 0 4.5533 13.5894 0 0 
0.000571617188271242847 2.27407 0 63181 45.5723 10.6458 6.58607 0 189.6951 45.4758 183.888 -10.0694 0 0 0 0 0 0 0 0 4.5533 13.5894 0 0 
0.000571617188271242847 3.18761 0 194155 45.6927 10.6552 6.59418 0 83.51691 77.0004 -24.954 20.5744 0 0 -0 0 0 0 -0 0 0 3.28823 0 0 
0.000626702787702531922 0.180976 0 79197 38.3837 10.0621 6.14499 0 137.381 -16.2445 37.4658 131.17 0 -0 0 0 0 -0 0 0 8.66536 19.5334 670.092 1536.04 
0.000626702787702531922 0.153788 1 0 0 10.1901 6.23194 0 0 1 61.6594 91.3033 47.1967 1 66.5774 89.5794 44.0886 0 0 0 0 8.66536 19.5334 670.092 1536.04 
0.000626702787702531922 0.330578 0 4347 41.5373 10.2971 6.30883 0 142.1811 5.02715 142.037 -3.98206 0 0 0 0 0 0 0 0 14.4604 38.9946 539.844 735.156 
0.000626702787702531922 0.342919 0 22499 40.4457 10.1385 6.19627 0 184.791 63.7346 142.389 -99.0488 0 0 0 -0 0 0 0 -0 14.4604 38.9946 539.844 735.156 
0.000626702787702531922 0.346721 0 7823 0.0883499 10.1444 6.20028 0 115.7971 -88.7172 -6.98097 74.0903 0 0 0 0 0 0 0 0 14.4604 38.9946 539.844 735.156 
0.000626702787702531922 0.354318 1 0 43.6574 8.1127 2.3035 0 0 1 14.7146 -34.7685 99.4311 1 17.1344 1.32227 -16.3939 0 0 0 0 14.4604 38.9946 539.844 735.156 
0.000626702787702531922 0.375184 0 50618 39.3718 10.1494 6.20372 0 101.811 -30.388 -96.4641 11.6802 0 0 0 0 0 0 0 0 15.9267 33.0235 95.3559 1051.28 
0.000626702787702531922 0.402538 0 35366 43.6827 10.3899 6.37867 0 99.75371 -60.3657 -13.1293 -78.3225 0 0 -0 0 0 0 -0 0 11.11 37.6587 62.9583 324.034 
0.000626702787702531922 0.437022 0 68259 42.4999 10.412 6.39568 0 167.0911 -158.704 28.026 44.1262 0 0 0 0 0 0 0 0 17.7476 40.4552 90.8999 216.922 
0.000626702787702531922 0.47011 0 25648 43.9216 10.4218 6.4033 0 245.7581 -170 -154.95 86.5308 0 -0 0 0 0 -0 0 0 19.1484 46.224 199.157 974.108 
0.000626702787702531922 0.515163 0 68583 43.541 10.3751 6.36734 0 85.88951 -55.8546 -25.3274 -60.1315 0 0 0 0 0 0 0 0 14.8306 39.8256 120.689 690.602 
0.000626702787702531922 0.585953 0 36465 39.0862 10.1249 6.18695 0 110.6951 -105.262 32.0682 12.0433 0 0 0 0 0 0 0 0 16.1924 40.4207 247.396 628.172 
0.000626702787702531922 0.636848 0 85753 43.43 10.3621 6.3574 0 186.871 -77.5971 21.7821 -168.596 0 -0 0 0 0 -0 0 0 8.41784 34.2552 0 314.01 
0.000626702787702531922 0.642763 0 83883 43.4998 10.3673 6.36139 0 129.3591 -127.94 19.0911 0.769365 0 -0 0 0 0 -0 0 0 8.41784 34.2552 0 314.01 
0.000626702787702531922 0.662932 0 78974 41.3222 10.275 6.29265 0 42.76411 32.1349 -3.16047 28.038 0 0 0 0 0 0 0 0 13.9866 33.349 98.2676 163.819 
0.000626702787702531922 0.685177 0 191234 39.5368 10.1634 6.21341 0 215.6931 24.7138 -158.202 144.516 0 0 0 0 0 0 0 0 14.5237 34.563 427.99 785.178 
0.000626702787702531922 0.736642 0 120626 44.1948 10.4622 6.43502 0 71.33061 71.1984 -2.94694 3.18832 0 0 -0 0 0 0 -0 0 10.3616 29.6124 0 161.007 
0.000626702787702531922 0.752105 0 121054 41.5427 10.2978 6.30937 0 86.11591 54.1296 0.774934 66.9726 0 0 0 0 0 0 0 0 10.7085 30.5401 125.707 184.147 
0.000626702787702531922 0.817435 0 111014 41.6225 10.3045 6.31432 0 203.3891 61.9405 -136.911 -137.061 0 0 -0 0 0 0 -0 0 12.1776 31.7241 0 418.87 
0.000626702787702531922 0.892582 0 70798 38.6921 10.0912 6.16427 0 179.5371 -141.484 -79.6106 76.6668 0 0 0 0 0 0 0 0 17.9809 37.7437 0 8.09891 
0.000626702787702531922 0.982151 0 141955 43.841 10.4101 6.39424 0 49.96721 -48.1956 8.24848 -10.2895 0 -0 0 0 0 -0 0 0 10.8443 36.5357 0 1.87906 
0.000626702787702531922 1.0665 0 122995 40.6661 10.1801 6.225 0 121.8781 -7.9969 22.1039 -119.59 0 -0 0 0 0 -0 0 0 12.6156 32.4939 18.0262 498.154 
0.000626702787702531922 1.1977 0 195207 39.8973 10.0571 6.14169 0 105.0271 -92.1962 7.0559 49.806 0 0 0 0 0 0 0 0 7.23367 21.6328 0 0 
0.000626702787702531922 1.21394 0 51605 40.827 10.1971 6.23689 0 134.8831 134.862 2.31428 -0.592417 0 0 0 -0 0 0 0 -0 7.23367 21.6328 0 0 
0.000626702787702531922 1.22492 0 189256 40.4504 10.1391 6.1967 0 224.3011 160.818 144.004 60.9212 0 0 0 0 0 0 0 0 6.22211 23.6083 0 24.4865 
0.000626702787702531922 1.27766 0 5284 40.5322 10.1509 6.20476 0 97.60051 37.9077 31.6036 84.2025 0 0 0 0 0 0 0 0 10.248 28.2098 5.26247 5.26247 
0.000626702787702531922 1.52933 0 159247 38.304 10.0537 6.1395 0 43.4651 12.9095 31.0892 -27.4958 0 0 0 0 0 0 0 0 12.3345 27.7423 0 76.666 
0.000626702787702531922 1.54728 0 170070 42.6563 10.4264 6.4069 0 130.8551 20.4542 77.8522 103.168 0 0 0 0 0 0 0 0 12.3345 27.7423 0 76.666 
0.000626702787702531922 1.738 0 167586 38.5806 10.0805 6.15717 0 23.85021 9.83646 21.7261 0.220428 0 0 0 0 0 0 0 0 1.74372 20.9403 0 0 
0.000626702787702531922 1.76704 0 150523 43.4831 10.3682 6.36204 0 145.2121 25.7953 11.5329 142.436 0 0 0 0 0 0 0 0 1.74372 20.9403 0 0 
0.000626702787702531922 1.7814 0 197910 42.2259 10.3921 6.38036 0 134.0631 -94.8524 60.5225 -72.8893 0 0 0 0 0 0 0 0 1.74372 20.9403 0 0 
0.000626702787702531922 1.78502 0 131772 42.8596 10.2849 6.29994 0 123.4871 -24.343 93.1523 77.324 0 0 0 0 0 0 0 0 1.74372 20.9403 0 0 
0.000626702787702531922 1.92729 0 185827 39.6373 10.1723 6.21952 0 47.28011 46.106 10.0582 2.91035 0 0 0 0 0 0 0 0 9.62678 21.1219 0 0 
0.000626702787702531922 1.95827 0 94719 43.369 10.3573 6.35383 0 172.0661 18.1382 -151.667 79.215 0 0 0 0 0 0 0 0 9.62678 21.1219 0 0 
0.000626702787702531922 2.53252 0 170525 38.7956 10.0991 6.16957 0 141.9161 -71.316 122.606 4.68312 0 0 0 0 0 0 0 0 0 7.65954 0 0 
0.000626702787702531922 3.44556 0 82477 40.9632 10.2162 6.25036 0 252.9331 -109.708 217.151 -69.1718 0 0 0 -0 0 0 0 -0 0 6.04113 0 0 
0.000628628870052525142 0.47454 0 36799 37.7695 9.96656 6.08366 0 274.1111 -242.494 -15.6134 126.846 0 -0 0 0 0 -0 0 0 0.465252 2.33746 0 0 
0.000628628870052525142 0.909989 0 159486 37.6837 9.95474 6.07628 0 137.9551 -77.3733 -114.016 6.72694 0 -0 0 0 0 -0 0 0 1.82407 2.72108 0 65.8175 
0.000628628870052525142 1.48925 0 87721 37.6852 9.9535 6.07551 0 137.8311 131.161 -35.2298 23.5187 0 0 0 0 0 0 0 0 2.99107 2.99107 0 0 
0.000723361734501362132 0.169221 0 30052 32.4488 9.38663 8.17032 0 01 0 0 0 0 0 0 0 0 0 0 0 13.2993 30.7692 667.998 1956.74 
0.000723361734501362132 0.258035 0 26774 30.6602 9.18767 7.99696 0 01 0 0 0 0 0 0 0 0 0 0 0 21.161 48.6257 795.355 1323.36 
0.000723361734501362132 0.265089 0 154920 31.2574 9.28537 8.08211 0 01 0 0 0 0 0 0 0 0 0 0 0 21.161 48.6257 795.355 1323.36 
0.000723361734501362132 0.284779 0 52396 35.881 9.78554 5.97581 0 214.131 139.75 159.721 28.4674 0 0 0 0 0 0 0 0 24.1219 55.552 756.412 1134.9 
0.000723361734501362132 0.29461 0 41308 32.768 9.43554 8.21292 0 01 0 0 0 0 0 0 0 0 0 0 0 24.1219 55.552 756.412 1134.9 
0.000723361734501362132 0.309055 0 59481 30.6952 9.19178 8.00054 0 01 0 0 0 0 0 0 0 0 0 0 0 24.1219 55.552 756.412 1134.9 
0.000723361734501362132 0.313689 0 32995 37.0429 9.85665 6.01687 0 90.15411 -59.0907 -20.893 64.8038 0 -0 0 0 0 -0 0 0 23.5215 52.5545 575.37 1463.53 
0.000723361734501362132 0.323667 0 38744 34.4193 9.67922 5.91759 0 258.5181 -227.254 -54.6736 -110.446 0 -0 0 0 0 -0 0 0 23.5215 52.5545 575.37 1463.53 
0.000723361734501362132 0.341975 0 58537 36.8577 9.81936 5.99513 0 241.5351 237.525 9.37872 42.8143 0 0 0 0 0 0 0 0 23.5215 52.5545 575.37 1463.53 
0.000723361734501362132 0.351621 0 165929 34.8882 9.72797 5.94382 0 91.47511 -71.3836 -40.8224 40.0699 0 -0 0 0 0 -0 0 0 22.3511 47.7068 405.141 784.69 
0.000723361734501362132 0.360553 0 24007 38.3837 9.83117 6.00196 0 215.3371 148.699 112.33 107.892 0 0 0 0 0 0 0 0 22.3511 47.7068 405.141 784.69 
0.000723361734501362132 0.400722 0 43247 34.425 9.68001 5.91801 0 44.07931 33.3856 -13.7183 25.3021 0 0 0 0 0 0 0 0 25.3014 57.9934 596.155 1416.89 
0.000723361734501362132 0.460602 0 109173 31.5459 9.33856 8.12845 0 01 0 0 0 0 0 0 0 0 0 0 0 22.8039 62.7943 229.411 751.947 
0.000723361734501362132 0.513369 0 69754 30.7762 9.19407 8.00253 0 01 0 0 0 0 0 0 0 0 0 0 0 18.2843 60.7253 26.3424 705.052 
0.000723361734501362132 0.528056 0 34930 31.0161 9.23572 8.03884 0 01 0 0 0 0 0 0 0 0 0 0 0 18.2843 60.7253 26.3424 705.052 
0.000723361734501362132 0.528895 0 52314 30.7935 9.19692 8.00502 0 01 0 -0 0 0 0 -0 0 0 0 -0 0 18.2843 60.7253 26.3424 705.052 
0.000723361734501362132 0.574575 0 66897 31.2341 9.28302 8.08006 0 01 -0 0 0 0 -0 0 0 0 -0 0 0 22.8131 57.4896 443.041 871.035 
0.000723361734501362132 0.577903 0 8274 35.9089 9.79122 5.97903 0 91.20381 -1.47365 -57.5422 70.7451 0 0 0 0 0 0 0 0 22.8131 57.4896 443.041 871.035 
0.000723361734501362132 0.611547 0 107151 32.3059 9.45128 8.22663 0 01 -0 0 0 0 -0 0 0 0 -0 0 0 20.8949 52.8085 105.881 179.527 
0.000723361734501362132 0.623248 0 57393 35.2741 9.68536 5.92085 0 120.9511 64.1622 92.2355 44.7777 0 0 0 0 0 0 0 0 20.8949 52.8085 105.881 179.527 
0.000723361734501362132 0.648911 0 30458 30.8936 9.21365 8.0196 0 01 0 0 0 0 0 0 0 0 0 0 0 21.7155 56.1621 497.153 664.795 
0.000723361734501362132 0.66523 0 140577 33.135 9.50504 8.2734 0 01 0 0 0 0 0 0 0 0 0 0 0 26.4757 56.9643 671.687 724.734 
0.000723361734501362132 0.674537 0 90793 35.7125 9.75282 5.95749 0 108.1221 -53.7237 -84.1058 -41.5976 0 0 0 -0 0 0 0 -0 23.317 58.4108 19.7674 525.893 
0.000723361734501362132 0.727657 0 17420 33.4215 9.55144 5.85264 0 236.1981 132.835 175.486 -85.7265 0 0 0 -0 0 0 0 -0 22.6707 51.2141 201.923 604.533 
0.000723361734501362132 0.754074 0 87366 35.2759 9.68475 5.92052 0 239.6821 166.961 -30.953 169.154 0 0 -0 0 0 0 -0 0 18.2293 57.6123 31.4223 458.534 
0.000723361734501362132 0.765447 0 128347 35.8955 9.7885 5.97749 0 127.1221 -53.2467 15.2116 -114.426 0 0 0 0 0 0 0 0 18.2293 57.6123 31.4223 458.534 
0.000723361734501362132 0.815028 0 102873 35.6821 9.74261 5.95185 0 110.031 -81.5934 -52.9114 -51.4725 0 0 -0 0 0 0 -0 0 13.7591 38.0109 59.8169 94.1406 
0.000723361734501362132 0.823066 0 139792 31.9889 9.41806 8.19771 0 01 0 0 0 0 0 0 0 0 0 0 0 20.0105 65.1678 15.5485 240.336 
0.000723361734501362132 0.887753 0 71669 34.3464 9.67267 5.91413 0 140.0391 47.8636 -46.0319 123.292 0 0 0 0 0 0 0 0 16.9553 52.5535 0 418.475 
0.000723361734501362132 0.959591 0 67849 31.2414 9.28375 8.08069 0 01 0 0 0 0 0 0 0 0 0 0 0 22.8029 48.48 117.782 403.913 
0.000723361734501362132 1.0049 0 62469 36.8054 9.80999 5.98974 0 97.43341 -80.907 34.6174 41.8206 0 0 0 0 0 0 0 0 27.2883 54.5775 277.653 665.33 
0.000723361734501362132 1.01154 0 121925 32.1195 9.4304 8.20845 0 01 0 0 0 0 0 0 0 0 0 0 0 27.2883 54.5775 277.653 665.33 
0.000723361734501362132 1.13985 0 144496 36.8656 9.81919 5.99503 0 180.9891 -86.288 112.523 -112.471 0 -0 0 0 0 -0 0 0 18.3185 48.1336 120.81 620.43 
0.000723361734501362132 1.1759 0 137507 34.7929 9.71914 5.939 0 85.20271 -26.5243 -8.71229 -80.4988 0 0 0 0 0 0 0 0 14.2828 43.9002 27.4809 100.847 
0.000723361734501362132 1.26774 0 186579 35.8192 9.77852 5.97185 0 237.4221 174.36 -26.5236 -158.947 0 0 0 0 0 0 0 0 10.2104 53.4077 0 179.375 
0.000723361734501362132 1.27632 0 55686 31.4713 9.32268 8.11462 0 01 0 0 0 0 0 0 0 0 0 0 0 10.2104 53.4077 0 179.375 
0.000723361734501362132 1.28994 0 15422 0 9.32792 8.11918 0 01 0 0 -0 0 0 0 -0 0 0 0 -0 10.2104 53.4077 0 179.375 
0.000723361734501362132 1.32143 0 138555 33.057 9.49549 8.2651 0 01 0 -0 0 0 0 -0 0 0 0 -0 0 14.538 39.6063 0 52.8239 
0.000723361734501362132 1.37046 0 149543 36.7563 9.80379 5.98619 0 103.351 98.9536 -26.5582 -13.5642 0 0 0 0 0 0 0 0 12.1907 42.1511 0 240.966 
0.000723361734501362132 1.3795 0 149405 33.1739 9.51204 5.83372 0 30.8671 -23.7748 19.1601 -4.51916 0 0 0 0 0 0 0 0 12.1907 42.1511 0 240.966 
0.000723361734501362132 1.38591 0 162583 37.01 9.84681 6.01109 0 70.98141 60.2082 -14.2917 -34.7718 0 0 0 0 0 0 0 0 12.7194 33.9196 0 217.707 
0.000723361734501362132 1.66457 0 184947 31.2345 9.28305 8.08009 0 01 0 0 0 0 0 0 0 0 0 0 0 9.79404 31.0765 0 302.528 
0.000723361734501362132 1.69499 0 143944 36.4785 9.88308 6.03256 0 110.2121 -90.2574 38.7308 -50.0027 0 0 0 0 0 0 0 0 10.2961 44.4422 40.9832 412.088 
0.000723361734501362132 1.71339 0 169885 30.6318 9.26378 8.0633 0 01 0 0 0 0 0 0 0 0 0 0 0 10.2961 44.4422 40.9832 412.088 
0.000723361734501362132 1.91497 0 195542 33.3682 9.54458 5.84931 0 120.7911 -63.7692 102.507 4.03974 0 0 0 0 0 0 0 0 9.33608 33.7044 18.6909 18.6909 
0.000723361734501362132 1.96629 0 176355 32.2815 9.45161 8.22691 0 01 0 0 0 0 0 0 0 0 0 0 0 7.79134 39.0777 0 12.3399 
0.000723361734501362132 1.98742 0 79775 30.7969 9.19748 8.00551 0 01 0 0 0 0 0 0 0 0 0 0 0 7.79134 39.0777 0 12.3399 
0.000723361734501362132 2.02575 0 169315 36.9321 9.83111 6.00193 0 132.3451 -106.471 37.7652 -68.9405 0 0 0 -0 0 0 0 -0 4.13704 27.1806 9.51236 9.51236 
0.000723361734501362132 2.06876 0 177987 30.7625 9.19183 8.00059 0 01 0 0 0 0 0 0 0 0 0 0 0 4.13704 27.1806 9.51236 9.51236 
0.000723361734501362132 2.23908 0 194475 30.6804 9.1903 7.99925 0 01 0 0 0 0 0 0 0 0 0 0 0 8.77299 28.564 0 0 
0.000723361734501362132 2.53624 0 196116 35.192 9.67699 5.91641 0 186.3611 -19.8888 -123.564 -138.083 0 0 0 0 0 0 0 0 5.16833 12.6853 0 62.1974 
0.000723361734501362132 2.64827 0 191220 35.2742 9.68532 5.92083 0 170.631 -154.662 -72.0618 1.09887 0 0 -0 0 0 0 -0 0 5.16833 12.6853 0 62.1974 
0.000723361734501362132 3.36624 0 194863 31.5906 9.34795 8.13663 0 01 0 0 0 0 0 0 0 0 0 0 0 4.23822 4.23822 0 0 
0.000723361734501362132 3.68262 0 198841 35.9894 9.80485 5.98679 0 98.01091 38.1862 4.76584 -90.1401 0 0 0 0 0 0 0 0 4.23822 4.23822 0 0 
0.000900013292764049186 0.136506 0 171631 28.0086 8.94983 7.78949 0 01 0 0 0 0 0 0 0 0 0 0 0 20.8016 45.6485 417.957 1127.69 
0.000900013292764049186 0.24158 0 145174 26.2275 8.72153 7.59017 0 01 0 0 0 0 0 0 0 0 0 0 0 28.0187 67.2756 1182.79 2051.45 
0.000900013292764049186 0.284363 1 0 26.0415 8.79729 7.65634 0 0 1 0 0 -0 0 0 0 -0 0 0 0 -0 32.4867 74.3974 1020.98 2029.54 
0.000900013292764049186 0.295555 0 19650 29.1244 9.04364 7.87136 0 01 0 0 0 0 0 0 0 0 0 0 0 32.4867 74.3974 1020.98 2029.54 
0.000900013292764049186 0.323014 0 18681 26.3216 8.7356 7.60246 0 01 0 0 0 0 0 0 0 0 0 0 0 31.9667 77.5791 452.547 1331.15 
0.000900013292764049186 0.347287 0 73656 24.4481 8.5291 7.42203 0 01 0 0 0 0 0 0 0 0 0 0 0 34.121 77.6878 970.25 1475.23 
0.000900013292764049186 0.358513 0 81542 27.2419 8.83297 7.68748 0 01 0 0 0 0 0 0 0 0 0 0 0 34.121 77.6878 970.25 1475.23 
0.000900013292764049186 0.40164 0 55732 28.4725 9.00671 7.83913 0 01 0 0 0 0 0 0 0 0 0 0 0 29.9724 81.0412 596.077 1013.02 
0.000900013292764049186 0.421516 0 77879 24.5368 8.53436 7.42662 0 01 0 0 0 0 0 0 0 0 0 0 0 29.9724 81.0412 596.077 1013.02 
0.000900013292764049186 0.425579 0 89672 26.1819 8.71782 7.58692 0 01 0 0 0 0 0 0 0 0 0 0 0 42.2977 100.918 291.704 540.879 
0.000900013292764049186 0.438831 0 6219 28.0697 8.95743 7.79612 0 01 -0 0 0 0 -0 0 0 0 -0 0 0 42.2977 100.918 291.704 540.879 
0.000900013292764049186 0.462747 0 152125 29.2841 9.07199 7.8961 0 01 0 0 0 0 0 0 0 0 0 0 0 37.6345 86.7412 135.399 562.807 
0.000900013292764049186 0.465004 0 29137 28.8047 8.98213 7.81768 0 01 0 0 0 0 0 0 0 0 0 0 0 37.6345 86.7412 135.399 562.807 
0.000900013292764049186 0.497727 0 63470 24.6264 8.55432 7.44407 0 01 0 0 0 0 0 0 0 0 0 0 0 29.3473 76.8861 125.482 1209.11 
0.000900013292764049186 0.498064 0 41160 28.0132 8.95116 7.79065 0 01 0 -0 0 0 0 -0 0 0 0 -0 0 29.3473 76.8861 125.482 1209.11 
0.000900013292764049186 0.502573 0 6292 29.1038 9.04241 7.87029 0 01 0 0 0 0 0 0 0 0 0 0 0 29.3473 76.8861 125.482 1209.11 
0.000900013292764049186 0.50643 0 89495 27.5396 8.88593 7.73372 0 01 -0 0 0 0 -0 0 0 0 -0 0 0 29.3473 76.8861 125.482 1209.11 
0.000900013292764049186 0.509434 1 0 25.673 8.77491 7.6368 0 0 1 0 0 0 0 0 0 0 0 0 0 0 29.3473 76.8861 125.482 1209.11 
0.000900013292764049186 0.526759 0 71493 30.2655 9.21765 8.02309 0 01 0 -0 0 0 0 -0 0 0 0 -0 0 33.8457 85.2113 332.2 800.178 
0.000900013292764049186 0.52941 0 61838 27.3392 8.84337 7.69656 0 01 0 0 0 0 0 0 0 0 0 0 0 33.8457 85.2113 332.2 800.178 
0.000900013292764049186 0.531236 0 43108 30.0418 9.19374 8.00225 0 01 0 0 0 0 0 0 0 0 0 0 0 33.8457 85.2113 332.2 800.178 
0.000900013292764049186 0.573653 0 64738 25.6395 8.68765 7.56057 0 01 -0 0 0 0 -0 0 0 0 -0 0 0 30.5095 83.3989 329.719 1031.48 
0.000900013292764049186 0.615796 0 166175 25.6275 8.68635 7.55942 0 01 -0 0 0 0 -0 0 0 0 -0 0 0 39.1852 93.2333 908.229 1234.87 
0.000900013292764049186 0.693579 0 86949 29.7502 9.15656 7.96984 0 01 0 0 0 0 0 0 0 0 0 0 0 33.1715 82.8507 301.808 788.11 
0.000900013292764049186 0.698162 0 18064 27.4481 8.87112 7.72079 0 01 0 0 0 0 0 0 0 0 0 0 0 33.1715 82.8507 301.808 788.11 
0.000900013292764049186 0.721513 0 112460 25.4119 8.66712 7.54262 0 01 0 0 -0 0 0 0 -0 0 0 0 -0 25.0029 77.211 468.126 521.483 
0.000900013292764049186 0.741587 0 23097 28.6906 8.96441 7.80222 0 01 0 0 -0 0 0 0 -0 0 0 0 -0 26.6648 79.3019 181.277 421.401 
0.000900013292764049186 0.765394 0 125335 26.327 8.73676 7.60347 0 01 0 0 0 0 0 0 0 0 0 0 0 27.6175 85.8772 219.638 613.616 
0.000900013292764049186 0.777974 0 181037 27.2189 8.82813 7.68326 0 01 0 0 0 0 0 0 0 0 0 0 0 27.6175 85.8772 219.638 613.616 
0.000900013292764049186 0.785108 0 99537 28.3536 8.99017 7.8247 0 01 0 0 0 0 0 0 0 0 0 0 0 30.7932 71.874 189.155 354.864 
0.000900013292764049186 0.825295 0 61856 28.5407 9.01207 7.84381 0 01 0 0 -0 0 0 0 -0 0 0 0 -0 27.7659 93.9006 84.7197 220.689 
0.000900013292764049186 0.865412 0 129944 28.0037 8.94978 7.78945 0 01 0 0 -0 0 0 0 -0 0 0 0 -0 26.105 71.2862 90.168 251.81 
0.000900013292764049186 0.909039 0 165019 24.9833 8.60526 7.48858 0 01 0 0 0 0 0 0 0 0 0 0 0 28.7578 80.8824 174.537 591.372 
0.000900013292764049186 0.91747 0 60209 25.824 8.65452 7.53162 0 01 0 0 0 0 0 0 0 0 0 0 0 33.3422 85.2088 411.683 608.111 
0.000900013292764049186 0.925656 0 154589 30.0242 9.19214 8.00085 0 01 0 0 0 0 0 0 0 0 0 0 0 33.3422 85.2088 411.683 608.111 
0.000900013292764049186 0.934662 0 48688 29.678 9.14676 7.9613 0 01 0 0 -0 0 0 0 -0 0 0 0 -0 33.3422 85.2088 411.683 608.111 
0.000900013292764049186 0.93677 0 86890 27.8716 8.93442 7.77604 0 01 0 0 0 0 0 0 0 0 0 0 0 33.3422 85.2088 411.683 608.111 
0.000900013292764049186 0.946824 0 149828 25.8174 8.65303 7.53031 0 01 0 0 -0 0 0 0 -0 0 0 0 -0 18.1885 56.3702 140.504 425.193 
0.000900013292764049186 0.979278 0 27397 30.0313 9.19281 8.00144 0 01 0 0 0 0 0 0 0 0 0 0 0 41.5542 90.7314 242.683 360.3 
0.000900013292764049186 0.980568 0 129259 29.8493 9.17165 7.98299 0 01 0 0 -0 0 0 0 -0 0 0 0 -0 41.5542 90.7314 242.683 360.3 
0.000900013292764049186 0.991541 0 19678 30.5204 9.25103 8.05217 0 01 0 0 0 0 0 0 0 0 0 0 0 41.5542 90.7314 242.683 360.3 
0.000900013292764049186 1.00161 1 206604 28.5508 9.29718 8.0924 0 0 2 -2.84325 -6.27799 25.6274 0 0 0 0 0 0 0 0 32.5017 84.3621 167 1213.42 
0.000900013292764049186 1.06094 0 73589 27.9947 8.95133 7.79081 0 01 0 0 0 0 0 0 0 0 0 0 0 26.3548 64.1651 93.4091 337.941 
0.000900013292764049186 1.1378 0 132710 27.7405 8.91937 7.7629 0 01 0 0 0 0 0 0 0 0 0 0 0 31.1207 72.7586 4.34438 50.3425 
0.000900013292764049186 1.14509 0 144498 24.3374 8.51001 7.40534 0 01 0 0 0 0 0 0 0 0 0 0 0 31.1207 72.7586 4.34438 50.3425 
0.000900013292764049186 1.15054 0 49516 26.5959 8.78229 7.64324 0 01 0 0 0 0 0 0 0 0 0 0 0 31.1207 72.7586 4.34438 50.3425 
0.000900013292764049186 1.15883 0 95010 29.1241 9.04377 7.87148 0 01 0 0 0 0 0 0 0 0 0 0 0 31.1207 72.7586 4.34438 50.3425 
0.000900013292764049186 1.16646 0 118226 24.3179 8.50134 7.39778 0 01 0 0 0 0 0 0 0 0 0 0 0 31.1207 72.7586 4.34438 50.3425 
0.000900013292764049186 1.18349 0 131510 26.0311 8.67925 7.55322 0 01 -0 0 0 0 -0 0 0 0 -0 0 0 22.6696 66.9109 39.0442 178.312 
0.000900013292764049186 1.18711 0 140637 24.8446 8.58814 7.47362 0 01 0 0 0 0 0 0 0 0 0 0 0 22.6696 66.9109 39.0442 178.312 
0.000900013292764049186 1.22411 0 8327 26.2079 8.71989 7.58873 0 01 0 0 0 0 0 0 0 0 0 0 0 25.8306 61.5203 56.8441 351.316 
0.000900013292764049186 1.23774 0 89901 30.3874 9.2323 8.03586 0 01 0 0 0 0 0 0 0 0 0 0 0 25.8306 61.5203 56.8441 351.316 
0.000900013292764049186 1.24119 0 171637 26.0749 8.69368 7.56584 0 01 0 0 0 0 0 0 0 0 0 0 0 25.8306 61.5203 56.8441 351.316 
0.000900013292764049186 1.27709 0 187038 27.069 8.80199 7.66044 0 01 0 0 -0 0 0 0 -0 0 0 0 -0 29.3638 86.8696 208.281 370.105 
0.000900013292764049186 1.30014 0 126118 28.7826 8.97839 7.81442 0 01 0 -0 0 0 0 -0 0 0 0 -0 0 29.0579 76.3843 14.3624 50.2819 
0.000900013292764049186 1.31577 0 105386 25.5418 8.67819 7.5523 0 01 0 0 0 0 0 0 0 0 0 0 0 29.0579 76.3843 14.3624 50.2819 
0.000900013292764049186 1.37651 0 131361 26.4753 8.7636 7.62692 0 01 0 0 0 0 0 0 0 0 0 0 0 23.1982 60.1158 0 156.936 
0.000900013292764049186 1.38346 0 141353 27.2499 8.83351 7.68796 0 01 0 0 0 0 0 0 0 0 0 0 0 23.1982 60.1158 0 156.936 
0.000900013292764049186 1.43241 0 158284 26.0693 8.69255 7.56484 0 01 0 -0 0 0 0 -0 0 0 0 -0 0 18.4028 62.336 77.181 200.759 
0.000900013292764049186 1.46336 0 81629 24.9271 8.59835 7.48254 0 01 0 0 0 0 0 0 0 0 0 0 0 16.1295 51.4044 0 243.284 
0.000900013292764049186 1.49731 0 185177 24.903 8.59582 7.48033 0 01 0 -0 0 0 0 -0 0 0 0 -0 0 21.272 50.1968 0 66.4363 
0.000900013292764049186 1.5037 0 75139 25.8884 8.6671 7.54261 0 01 0 0 0 0 0 0 0 0 0 0 0 21.272 50.1968 0 66.4363 
0.000900013292764049186 1.52131 0 132704 30.5626 9.25689 8.05727 0 01 0 -0 0 0 0 -0 0 0 0 -0 0 21.272 50.1968 0 66.4363 
0.000900013292764049186 1.52962 0 129927 27.4288 8.86454 7.71505 0 01 0 -0 0 0 0 -0 0 0 0 -0 0 21.272 50.1968 0 66.4363 
0.000900013292764049186 1.53854 0 179360 28.9337 9.00369 7.8365 0 01 -0 0 0 0 -0 0 0 0 -0 0 0 21.272 50.1968 0 66.4363 
0.000900013292764049186 1.57096 0 126498 25.4469 8.67143 7.54639 0 01 0 0 0 0 0 0 0 0 0 0 0 19.0107 53.8217 71.4927 167.014 
0.000900013292764049186 1.58586 0 163317 24.8582 8.58989 7.47515 0 01 0 0 0 0 0 0 0 0 0 0 0 19.0107 53.8217 71.4927 167.014 
0.000900013292764049186 1.63774 0 54359 28.9575 9.01044 7.84239 0 01 0 -0 0 0 0 -0 0 0 0 -0 0 21.3723 59.3194 7.44574 164.582 
0.000900013292764049186 1.63872 0 190546 25.1519 8.63707 7.51637 0 01 0 0 0 0 0 0 0 0 0 0 0 21.3723 59.3194 7.44574 164.582 
0.000900013292764049186 1.64487 0 162556 28.4539 9.00183 7.83488 0 01 0 0 0 0 0 0 0 0 0 0 0 21.3723 59.3194 7.44574 164.582 
0.000900013292764049186 1.65363 0 77143 25.7174 8.69843 7.56998 0 01 0 0 0 0 0 0 0 0 0 0 0 21.3723 59.3194 7.44574 164.582 
0.000900013292764049186 1.7388 0 87460 24.6284 8.55458 7.4443 0 01 0 0 0 0 0 0 0 0 0 0 0 24.2313 51.8508 16.7951 80.4478 
0.000900013292764049186 1.75328 0 185079 29.0216 9.02204 7.85252 0 01 0 0 0 0 0 0 0 0 0 0 0 24.2313 51.8508 16.7951 80.4478 
0.000900013292764049186 1.87508 0 153147 29.442 9.0984 7.91913 0 01 0 0 -0 0 0 0 -0 0 0 0 -0 20.908 51.0475 0 16.8581 
0.000900013292764049186 1.88573 0 185355 28.3386 8.98961 7.82421 0 01 0 0 0 0 0 0 0 0 0 0 0 20.908 51.0475 0 16.8581 
0.000900013292764049186 1.88984 0 185527 27.9668 8.94637 7.78648 0 01 0 -0 0 0 0 -0 0 0 0 -0 0 20.908 51.0475 0 16.8581 
0.000900013292764049186 1.91625 0 39238 28.202 8.97188 7.80874 0 01 0 0 -0 0 0 0 -0 0 0 0 -0 20.908 51.0475 0 16.8581 
0.000900013292764049186 1.9407 0 149264 27.311 8.84405 7.69716 0 01 0 0 0 0 0 0 0 0 0 0 0 9.89608 53.5151 8.78928 81.3013 
0.000900013292764049186 1.95473 0 166801 27.6131 8.89621 7.74269 0 01 0 0 0 0 0 0 0 0 0 0 0 9.89608 53.5151 8.78928 81.3013 
0.000900013292764049186 1.97032 0 170681 26.196 8.71893 7.58789 0 01 0 0 0 0 0 0 0 0 0 0 0 9.89608 53.5151 8.78928 81.3013 
0.000900013292764049186 1.9847 0 106288 28.3056 8.9866 7.82158 0 01 -0 0 0 0 -0 0 0 0 -0 0 0 9.89608 53.5151 8.78928 81.3013 
0.000900013292764049186 2.02475 0 183892 30.1223 9.20213 8.00956 0 01 0 0 0 0 0 0 0 0 0 0 0 9.89608 53.5151 8.78928 81.3013 
0.000900013292764049186 2.41581 0 67839 28.2831 8.9822 7.81774 0 01 0 -0 0 0 0 -0 0 0 0 -0 0 7.0383 35.212 0 34.5801 
0.000900013292764049186 2.53913 0 186121 24.8636 8.59057 7.47574 0 01 0 0 -0 0 0 0 -0 0 0 0 -0 5.05912 20.4397 0 0 
0.000900013292764049186 2.6352 0 165677 24.2251 8.54277 7.43397 0 01 0 0 0 0 0 0 0 0 0 0 0 5.05912 20.4397 0 0 
0.000900013292764049186 2.77883 0 195209 26.2463 8.72318 7.59161 0 01 0 0 0 0 0 0 0 0 0 0 0 11.1728 27.9007 0 140.687 
0.000900013292764049186 2.87895 0 187804 24.3237 8.50806 7.40364 0 01 0 0 0 0 0 0 0 0 0 0 0 11.1728 27.9007 0 140.687 
0.000900013292764049186 3.10629 0 197303 24.8468 8.58845 7.47389 0 01 0 0 0 0 0 0 0 0 0 0 0 0 13.331 0 0 
0.000900013292764049186 3.87126 0 193763 28.3885 8.99641 7.83014 0 01 0 0 0 0 0 0 0 0 0 0 0 0 13.331 0 0 
0.00115459494429244513 0.850956 0 77061 23.5 8.39441 7.55497 0 01 0 0 0 0 0 0 0 0 0 0 0 38.2856 108.966 73.0013 411.578 
0.00115459494429244513 1.0239 0 5708 23.4869 8.38621 7.54758 0 01 0 0 0 0 0 0 0 0 0 0 0 38.0063 103.782 171.227 673.346 
0.00115459494429244513 1.02596 0 109592 23.684 8.48628 7.38461 0 01 0 0 0 0 0 0 0 0 0 0 0 38.0063 103.782 171.227 673.346 
0.00115459494429244513 1.13908 0 74516 23.4024 8.33389 7.50051 0 01 0 0 0 0 0 0 0 0 0 0 0 30.4901 82.3757 24.1658 101.862 
0.00115459494429244513 1.15943 0 83813 23.7236 8.5005 7.39701 0 01 0 0 0 0 0 0 0 0 0 0 0 28.0865 94.5025 182.961 218.013 
0.00115459494429244513 1.63687 0 98258 23.7794 8.5014 7.39779 0 01 0 -0 0 0 0 -0 0 0 0 -0 0 19.9875 59.8215 44.9049 166.639 
0.00115459494429244513 1.78309 0 96095 23.6268 8.47191 7.62472 0 01 0 0 0 0 0 0 0 0 0 0 0 23.4973 43.5264 105.342 131.171 
0.00115459494429244513 2.27656 0 139643 0 8.42341 7.58107 0 01 0 0 0 0 0 0 0 0 0 0 0 6.75849 40.2766 0 42.5616 
0.0014842570386543949 0.480078 0 201564 0.208808 9.29237 8.0882 0 01 0 0 0 0 0 0 0 0 0 0 0 53.1635 121.332 797.028 1669.38 
0.00174267838187919569 0.437192 0 204569 0.430898 8.71681 7.58605 0 01 0 -0 0 0 0 -0 0 0 0 -0 0 40.1506 100.181 127.662 504.313 
