#1:time #2:r #3.binary? #4:ID #5:zams_m #6:m_progenitor #7:bh mass #8:bh_spin #9:birth-kick(km/s) #10-25:vsarray
0.000397055431114463951 0.218408 0 62090 0.168648 133.962 40.5 0 01 0 0 0 0 0 0 0 0 0 0 0 4.79599 11.0068 374.033 949.146 
0.000397055431114463951 0.376442 0 48795 148.621 134.716 40.5 0 01 0 0 0 0 0 0 0 0 0 0 0 1.85957 7.01626 313.886 318.433 
0.000397055431114463951 0.652378 0 61743 148.621 134.716 40.5 0 01 0 0 0 0 0 0 0 0 0 0 0 5.17114 12.9342 182.518 869.868 
0.000398633339207434727 0.418906 1 73525 0 130.471 40.5 0 0 2 0.0209275 -0.0122609 -0.0122633 0 0 0 0 0 0 0 0 2.03598 4.10767 0 0 
0.000398633339207434727 0.601518 0 100504 136.028 129.551 40.5 0 01 0 0 0 0 0 0 0 0 0 0 0 1.82194 6.06191 0 155.792 
0.000404315065321777373 0.155455 1 1230 0 124.453 40.5 0 0 1 0.0409438 0.0231762 -0.00359295 0 0 0 0 0 0 0 0 1.80692 4.0598 1205.27 2179.27 
0.000404315065321777373 0.237742 0 40380 131.501 125.565 40.5 0 01 0 0 0 0 0 0 0 0 0 0 0 1.37992 5.77814 194.878 608.897 
0.000404315065321777373 0.255237 1 34504 0 119.309 40.5 0 0 1 -0.00294032 -0.0213086 -0.0417036 0 0 0 -0 0 0 0 -0 2.60674 7.62103 0 802.616 
0.000404315065321777373 1.03584 0 174558 126.594 121.215 40.5 0 01 0 0 0 0 0 0 0 0 0 0 0 3.1094 9.32153 649.65 649.65 
0.000404315065321777373 1.26518 0 115717 0 122.823 40.5 0 01 -0 0 0 0 -0 0 0 0 -0 0 0 2.50539 7.49868 0 0 
0.000412254729005782905 0.709338 0 119279 118.641 114.133 40.5 0 01 0 0 0 0 0 0 0 0 0 0 0 2.11216 8.34898 0 912.471 
0.000412254729005782905 1.31585 1 175727 0 109.894 40.5 0 0 1 0.000467116 0.000837372 -0.00429583 0 0 0 0 0 0 0 0 2.62094 5.24641 0 390.62 
0.000426369896766505248 0.126464 1 34242 102.31 45.4463 40.9017 0 0 1 -0.0269708 -1.58384 -0.404481 0 0 0 -0 0 0 0 -0 3.47092 8.29914 1230.74 2633.64 
0.000426369896766505248 0.362853 1 10657 0 103.781 40.5 0 0 1 0.00308108 0.00379763 0.00845959 0 0 0 0 0 0 0 0 4.45512 12.1863 0 1114.03 
0.000426369896766505248 0.398622 0 51333 97.6188 94.9414 40.3816 0 01 0 0 -0 0 0 0 -0 0 0 0 -0 5.07509 14.5061 28.1269 305.153 
0.000426369896766505248 0.48956 0 64926 104.991 101.741 40.5 0 01 -0 0 0 0 -0 0 0 0 -0 0 0 5.76086 14.8972 0 489.134 
0.000426369896766505248 0.598544 0 48757 103.84 100.683 40.5 0 01 0 0 -0 0 0 0 -0 0 0 0 -0 7.06997 15.3015 128.075 128.075 
0.000426369896766505248 0.623604 0 149723 103.931 100.767 40.5 0 01 -0 0 0 0 -0 0 0 0 -0 0 0 7.57689 18.3426 297.744 1289.18 
0.000426369896766505248 0.782773 0 92882 107.222 103.785 40.5 0 01 0 0 0 0 0 0 0 0 0 0 0 5.38481 17.7769 0 4.06716 
0.000426369896766505248 1.0084 1 9424 0 96.407 41.8985 0 0 1 0.00143051 0.000988022 -0.00369925 0 0 0 -0 0 0 0 -0 5.01493 10.0152 408.528 408.528 
0.000426369896766505248 1.06573 1 188351 0 105.022 40.5 0 0 1 0.000273235 0.00190686 -0.00454844 0 0 0 0 0 0 0 0 6.3539 20.194 6.18837 6.18837 
0.000426369896766505248 1.14267 0 111187 103.99 100.821 40.5 0 01 0 0 0 0 0 0 0 0 0 0 0 5.719 11.4343 0 0 
0.000426369896766505248 1.81046 0 178115 104.318 101.122 40.5 0 01 0 0 0 0 0 0 0 0 0 0 0 1.81046 3.62369 0 0 
0.00044435444466627683 0.287766 0 61874 92.5073 90.1898 37.0451 0 01 0 0 0 0 0 0 0 0 0 0 0 8.04412 18.4186 1335.45 1479.99 
0.00044435444466627683 0.479061 0 78203 85.2054 37.3083 33.5774 0 01 0 0 0 0 0 0 0 0 0 0 0 7.19969 16.9056 144.228 1279.36 
0.00044435444466627683 0.4883 0 136651 90.7845 40.1897 36.1707 0 01 0 0 0 0 0 0 0 0 0 0 0 7.19969 16.9056 144.228 1279.36 
0.00044435444466627683 0.655271 1 24087 0 38.3049 34.4744 0 0 1 -0.00221923 -0.00356406 7.82614e-05 0 0 0 0 0 0 0 0 8.54819 20.9812 340.672 779.617 
0.00044435444466627683 0.676635 0 176205 86.732 38.0844 34.2759 0 01 0 0 0 0 0 0 0 0 0 0 0 9.52541 19.7009 447.149 934.699 
0.00044435444466627683 0.893046 0 147898 86.2269 37.8326 34.0493 0 01 0 0 0 0 0 0 0 0 0 0 0 4.41322 14.1368 0 0 
0.00044435444466627683 1.02086 0 168168 93.8479 41.7636 37.5873 0 01 0 0 0 0 0 0 0 0 0 0 0 6.23416 13.4912 84.2861 359.899 
0.00044435444466627683 1.07601 0 150155 90.7141 40.2091 36.1882 0 01 0 0 0 0 0 0 0 0 0 0 0 7.49841 18.1416 0 187.756 
0.00044435444466627683 1.6013 0 167048 92.1791 40.9847 36.8862 0 01 0 0 0 0 0 0 0 0 0 0 0 3.183 11.1538 0 415.575 
0.00044435444466627683 2.31706 0 159815 87.188 38.3233 34.4909 0 01 0 0 0 0 0 0 0 0 0 0 0 9.46128 11.8528 0 43.2193 
0.000458591184780076332 0.132352 0 59411 80.6805 35.0258 31.5232 0 01 0 0 0 0 0 0 0 0 0 0 0 2.71783 7.01014 378.991 1298.91 
0.000458591184780076332 0.249275 0 9114 0.180789 32.7416 29.4674 0 01 0 0 0 0 0 0 0 0 0 0 0 5.2414 12.815 787.036 2031.74 
0.000458591184780076332 0.641627 0 122627 80.8837 35.166 31.6494 0 01 0 0 -0 0 0 0 -0 0 0 0 -0 3.2179 15.3182 16.9422 349.521 
0.000458591184780076332 1.05921 0 161709 0.652042 34.9459 31.4513 0 01 0 -0 0 0 0 -0 0 0 0 -0 0 6.41322 14.9466 0 32.7787 
0.000458591184780076332 1.14869 0 100809 75.8412 32.6075 29.3468 0 01 0 0 0 0 0 0 0 0 0 0 0 5.75528 11.5104 0 4.98105 
0.000458591184780076332 1.25835 0 42429 77.2398 33.304 29.9736 0 01 0 0 0 0 0 0 0 0 0 0 0 0 6.3223 0 0 
0.000458591184780076332 1.67842 0 176470 78.0612 33.8378 30.454 0 01 0 -0 0 0 0 -0 0 0 0 -0 0 8.4075 10.0778 0 187.758 
0.000458591184780076332 1.70598 0 115918 0.267506 34.0694 30.6625 0 01 0 0 0 0 0 0 0 0 0 0 0 8.4075 10.0778 0 187.758 
0.000474568535012970857 0.213451 0 24013 68.8349 29.1653 26.2487 0 01 0 0 0 0 0 0 0 0 0 0 0 5.34197 12.9457 1221.43 1865.45 
0.000474568535012970857 0.75313 1 4485 0 31.8613 28.6752 0 0 1 -0.0042821 0.00676201 -0.00314633 0 0 0 0 0 0 0 0 7.6042 21.9556 2.94758 987.118 
0.000474568535012970857 0.915474 0 51259 69.5325 29.5047 26.5542 0 01 0 0 -0 0 0 0 -0 0 0 0 -0 6.40847 18.346 0 0 
0.000474568535012970857 0.967759 0 114706 70.8061 30.1345 27.121 0 01 0 0 0 0 0 0 0 0 0 0 0 5.85349 14.6678 115.189 165.844 
0.000474568535012970857 1.00892 0 102311 75.0149 32.2973 29.0675 0 01 0 0 0 0 0 0 0 0 0 0 0 6.0627 16.1427 0 0 
0.000474568535012970857 1.1622 0 153939 71.4512 30.4445 27.4001 0 01 -0 0 0 0 -0 0 0 0 -0 0 0 3.46615 6.93777 0 106.477 
0.000474568535012970857 1.24777 0 152617 73.6069 31.6017 28.4415 0 01 0 0 0 0 0 0 0 0 0 0 0 3.68436 14.7366 172.007 172.007 
0.000474568535012970857 2.78388 0 174664 69.4959 29.5411 26.587 0 01 0 -0 0 0 0 -0 0 0 0 -0 0 0 2.6698 0 0 
0.000493261684722173322 0.233006 0 37142 63.1007 26.3975 23.7577 0 01 0 0 0 0 0 0 0 0 0 0 0 5.69493 14.4406 70.6989 674.011 
0.000493261684722173322 0.499122 0 88100 64.7006 27.1663 24.4497 0 01 -0 0 0 0 -0 0 0 0 -0 0 0 7.36651 17.1849 63.4138 250.851 
0.000493261684722173322 0.518842 0 71530 66.0952 27.95 25.155 0 01 -0 0 0 0 -0 0 0 0 -0 0 0 7.16625 17.3067 486.914 1284.84 
0.000493261684722173322 0.546181 0 111328 67.4826 28.531 25.6779 0 01 0 0 0 0 0 0 0 0 0 0 0 6.61306 19.3275 0 503.701 
0.000493261684722173322 0.605595 0 12700 64.3014 27.009 24.3081 0 01 0 0 0 0 0 0 0 0 0 0 0 5.98414 14.3796 92.6639 92.6639 
0.000493261684722173322 0.906922 0 25684 63.0733 26.4211 23.779 0 01 -0 0 0 0 -0 0 0 0 -0 0 0 1.82985 17.5074 0 8.72197 
0.000493261684722173322 0.98689 0 11010 64.4191 27.0749 24.3674 0 01 0 0 0 0 0 0 0 0 0 0 0 8.83647 23.5649 25.0762 258.86 
0.000493261684722173322 1.02574 0 121014 67.3249 28.5197 25.6677 0 01 0 0 0 0 0 0 0 0 0 0 0 8.11328 14.1596 3.74073 201.828 
0.000493261684722173322 1.56872 0 166865 62.8942 26.3844 23.7459 0 01 -0 0 0 0 -0 0 0 0 -0 0 0 0 6.14912 0 0 
0.000493261684722173322 1.74876 0 177308 63.2174 26.5232 23.8709 0 01 0 0 0 0 0 0 0 0 0 0 0 5.26571 15.9153 0 143.221 
0.000493261684722173322 1.7781 0 150382 65.3114 27.4602 24.7142 0 01 0 -0 0 0 0 -0 0 0 0 -0 0 5.26571 15.9153 0 143.221 
0.000493261684722173322 2.87663 0 196871 67.4387 28.5864 25.7277 0 01 0 0 0 0 0 0 0 0 0 0 0 0 3.63838 0 0 
0.000508401643898721898 0.407848 0 25991 61.3019 25.5302 22.9772 0 01 0 0 0 0 0 0 0 0 0 0 0 5.30354 16.6411 0 152.251 
0.000508401643898721898 0.464478 0 147276 58.7407 24.224 21.8016 0 01 0 0 0 0 0 0 0 0 0 0 0 6.6287 17.9643 0 26.9301 
0.000508401643898721898 0.719613 0 110778 61.5212 25.6765 23.1089 0 01 0 0 0 0 0 0 0 0 0 0 0 3.62131 18.662 186.489 186.489 
0.000508401643898721898 0.844215 0 107024 60.5044 25.1506 22.6355 0 01 0 0 0 0 0 0 0 0 0 0 0 1.69316 14.3985 0 0 
0.000508401643898721898 0.853762 0 95702 60.5667 25.2367 22.7131 0 01 0 0 0 0 0 0 0 0 0 0 0 1.69316 14.3985 0 0 
0.000508401643898721898 1.16197 0 85265 58.7173 24.2663 21.8397 0 01 0 0 0 0 0 0 0 0 0 0 0 3.489 12.7915 0 0 
0.000508401643898721898 1.35058 0 164435 61.1483 25.4547 22.9093 0 01 0 -0 0 0 0 -0 0 0 0 -0 0 7.95023 9.30343 0 550.631 
0.000508401643898721898 1.6178 0 181303 61.4273 25.6538 23.0884 0 01 0 0 0 0 0 0 0 0 0 0 0 1.62175 6.5373 0 0 
0.000508401643898721898 1.64107 0 184514 59.5604 24.6401 22.1761 0 01 0 -0 0 0 0 -0 0 0 0 -0 0 1.62175 6.5373 0 0 
0.000508401643898721898 1.72954 0 176147 59.5084 24.7092 22.2383 0 01 0 0 0 0 0 0 0 0 0 0 0 6.81019 10.1883 0 18.4015 
0.000508401643898721898 2.64964 0 156600 59.8262 24.7761 22.2985 0 01 0 -0 0 0 0 -0 0 0 0 -0 0 0 5.14961 0 0 
0.000508401643898721898 3.30341 0 197790 61.1754 25.5236 22.9712 0 01 0 0 0 0 0 0 0 0 0 0 0 0 0 0 0 
0.000514060314155933467 0.773172 0 52253 57.7001 23.6934 21.324 0 01 0 0 0 0 0 0 0 0 0 0 0 1.52064 6.91777 0 0 
0.000529557345362966034 0.103486 1 6409 0 21.8783 19.6905 0 0 1 0.00390958 0.000542391 -0.00656499 0 0 0 0 0 0 0 0 3.98885 8.01899 237.734 1607.66 
0.000529557345362966034 0.323989 1 10715 0 22.2344 20.011 0 0 1 -6.0437e-05 -0.000849743 -0.00838064 0 0 0 0 0 0 0 0 6.04328 19.0928 183.108 1275.1 
0.000529557345362966034 0.475283 1 28748 0 22.0782 19.8704 0 0 1 0.00359024 -0.00105382 -0.00265578 0 0 0 0 0 0 0 0 7.12391 17.5899 16.9537 234.578 
0.000529557345362966034 0.478144 0 13642 55.6771 22.7583 20.4824 0 01 -0 0 0 0 -0 0 0 0 -0 0 0 7.12391 17.5899 16.9537 234.578 
0.000529557345362966034 0.48874 0 128897 55.4251 22.531 20.2779 0 01 0 0 0 0 0 0 0 0 0 0 0 7.45598 22.9649 6.1795 393.209 
0.000529557345362966034 0.493772 0 58352 55.3119 22.4739 20.2265 0 01 -0 0 0 0 -0 0 0 0 -0 0 0 7.45598 22.9649 6.1795 393.209 
0.000529557345362966034 0.793013 0 134142 56.2477 23.0384 20.7346 0 01 0 -0 0 0 0 -0 0 0 0 -0 0 6.39279 15.1712 12.3739 355.305 
0.000529557345362966034 1.92361 0 179664 56.8427 23.3347 21.0012 0 01 0 0 0 0 0 0 0 0 0 0 0 5.63266 13.194 0 101.924 
0.000537184651702485392 0.368754 0 37483 52.7163 21.1703 19.0533 0 01 0 0 0 0 0 0 0 0 0 0 0 6.16232 11.2456 139.53 813.456 
0.000537184651702485392 0.538265 0 75494 52.6861 21.1403 19.0263 0 01 0 0 0 0 0 0 0 0 0 0 0 3.26642 9.80418 216.109 393.995 
0.000548848063824691735 0.18612 0 44453 51.9633 20.8157 18.7341 0 01 0 0 -0 0 0 0 -0 0 0 0 -0 5.65819 11.8469 509.228 1226.07 
0.000548848063824691735 0.280935 0 43106 0.434716 20.3124 18.2812 0 01 0 0 0 0 0 0 0 0 0 0 0 7.95673 17.3756 72.8557 620.155 
0.000548848063824691735 0.289344 0 27716 51.6437 20.68 18.612 0 01 0 0 0 0 0 0 0 0 0 0 0 7.95673 17.3756 72.8557 620.155 
0.000548848063824691735 0.468971 1 56191 51.4257 21.3684 20.0053 0 0 1 3.25994 -0.175298 0.388435 0 0 -0 0 0 0 -0 0 5.07541 15.6425 831.278 1038.53 
0.000548848063824691735 0.55791 1 77606 0 21.0885 18.9796 0 0 2 0.00224437 0.00389666 0.00357061 0 0 0 0 0 0 0 0 5.4919 12.0792 118.423 118.423 
0.000548848063824691735 0.655484 0 74245 51.1709 20.4981 18.4483 0 01 -0 0 0 0 -0 0 0 0 -0 0 0 7.91133 17.1002 0 485.38 
0.000548848063824691735 0.737025 0 111644 52.5187 21.055 18.9495 0 01 0 0 0 0 0 0 0 0 0 0 0 6.57953 14.5484 0 115.463 
0.000548848063824691735 1.33838 1 165646 52.3922 21.0954 18.9858 0 0 1 0.123208 4.26315 1.62012 0 0 0 0 0 0 0 0 4.07458 14.8299 0 0 
0.000548848063824691735 1.34294 0 154047 51.7776 20.681 18.6129 0 01 0 0 0 0 0 0 0 0 0 0 0 4.07458 14.8299 0 0 
0.000548848063824691735 1.38128 0 194166 51.865 20.7225 18.6503 0 01 0 -0 0 0 0 -0 0 0 0 -0 0 2.83072 6.99598 18.4348 18.4348 
0.000553309879582654634 0.867882 0 89578 49.7995 19.7261 17.7535 0 01 0 0 0 0 0 0 0 0 0 0 0 5.15037 6.87473 0 142.258 
0.000553309879582654634 0.908007 0 185627 50.0487 19.8391 17.8552 0 01 0 0 0 0 0 0 0 0 0 0 0 0.9194 7.27304 0 0 
0.000570845593511786647 0.236885 0 116262 49.0266 19.397 17.4573 0 01 0 0 0 0 0 0 0 0 0 0 0 6.73397 16.5706 703.691 1315.88 
0.000570845593511786647 0.482891 0 62226 48.302 18.9389 17.045 0 01 0 0 0 0 0 0 0 0 0 0 0 6.75516 17.9 0 295.779 
0.000570845593511786647 0.520129 0 54190 49.2892 19.4794 17.5314 0 01 0 0 0 0 0 0 0 0 0 0 0 5.80385 16.2924 0 362.849 
0.000570845593511786647 0.539456 0 27316 48.1001 18.9787 17.0808 0 01 0 0 -0 0 0 0 -0 0 0 0 -0 7.67933 15.9456 7.5832 639.091 
0.000570845593511786647 0.605718 0 99846 48.7235 19.2771 17.3494 0 01 0 0 -0 0 0 0 -0 0 0 0 -0 8.55874 23.2808 388.195 431.354 
0.000570845593511786647 1.02463 0 161343 0.47336 19.7211 17.749 0 01 0 0 0 0 0 0 0 0 0 0 0 2.05218 8.28903 0 0 
0.000570845593511786647 1.06176 0 45741 47.4805 18.6085 16.7476 0 01 0 -0 0 0 0 -0 0 0 0 -0 0 3.22572 18.2213 0 161.682 
0.000570845593511786647 1.40666 0 162029 49.042 19.3163 17.3847 0 01 0 0 0 0 0 0 0 0 0 0 0 6.99794 16.8771 191.326 191.326 
0.000570845593511786647 1.56523 1 164882 47.7203 18.7754 16.8979 0 0 1 0.46213 -0.832977 0.395674 0 0 0 0 0 0 0 0 3.13886 17.2038 309.681 309.681 
0.000570845593511786647 1.84056 0 157557 48.6908 19.264 17.3376 0 01 0 0 0 0 0 0 0 0 0 0 0 7.25842 9.09105 0 652.621 
0.000570845593511786647 2.46311 0 183715 49.3078 19.5374 17.5837 0 01 -0 0 0 0 -0 0 0 0 -0 0 0 0 2.51712 0 0 
0.000570845593511786647 2.50856 0 183290 48.3797 19.0739 17.1665 0 01 0 0 0 0 0 0 0 0 0 0 0 0 2.51712 0 0 
0.000576369416689550889 0.0903628 0 55710 0.178677 18.5029 16.6524 0 01 -0 0 0 0 -0 0 0 0 -0 0 0 2.01442 6.09674 0 606.431 
0.000576369416689550889 0.159292 0 953 0.162084 18.4622 16.6157 0 01 -0 0 0 0 -0 0 0 0 -0 0 0 2.01442 6.09674 0 606.431 
0.000576369416689550889 0.719123 1 204434 46.176 22.2045 19.9841 0 0 2 0.0607838 -2.0814 -2.01831 0 0 0 -0 0 0 0 -0 1.42329 7.77309 0 0 
0.000576369416689550889 1.2953 0 177060 46.786 18.511 16.6597 0 01 0 0 0 0 0 0 0 0 0 0 0 1.32961 5.25864 0 323.514 
0.000576369416689550889 1.65401 0 139943 46.444 18.3799 16.5415 0 01 0 -0 0 0 0 -0 0 0 0 -0 0 0 1.65717 0 0 
0.000599976644392078437 0.245718 1 20900 43.6574 17.494 15.7431 0 0 1 -1.31304 0.869637 2.99232 0 0 0 0 0 0 0 0 7.65107 19.5069 883.876 1196.96 
0.000599976644392078437 0.39047 0 35366 43.6827 17.4233 15.6793 0 01 0 0 0 0 0 0 0 0 0 0 0 11.2933 28.4762 354.928 759.859 
0.000599976644392078437 0.428652 0 150523 43.4831 17.3038 15.5717 0 01 0 -0 0 0 0 -0 0 0 0 -0 0 5.26943 18.4553 675.203 688.228 
0.000599976644392078437 0.503452 0 58596 45.3218 18.0382 16.2336 0 01 0 0 0 0 0 0 0 0 0 0 0 9.12764 22.3808 583.722 611.767 
0.000599976644392078437 0.510149 0 85683 44.9658 17.8846 16.0951 0 01 0 0 0 0 0 0 0 0 0 0 0 9.12764 22.3808 583.722 611.767 
0.000599976644392078437 0.522468 0 25648 43.9216 17.5146 15.7616 0 01 -0 0 0 0 -0 0 0 0 -0 0 0 7.92612 19.5978 169.142 645.762 
0.000599976644392078437 0.52657 0 120626 44.1948 17.5829 15.8232 0 01 0 0 0 0 0 0 0 0 0 0 0 7.92612 19.5978 169.142 645.762 
0.000599976644392078437 0.533539 0 83883 43.4998 17.318 15.5845 0 01 0 -0 0 0 0 -0 0 0 0 -0 0 7.92612 19.5978 169.142 645.762 
0.000599976644392078437 0.646623 0 60170 45.2368 17.9888 16.189 0 01 0 0 -0 0 0 0 -0 0 0 0 -0 9.01126 27.5835 1.54998 8.46964 
0.000599976644392078437 0.677001 0 146828 45.4911 18.1414 16.3266 0 01 0 -0 0 0 0 -0 0 0 0 -0 0 6.87019 21.3379 0 333.622 
0.000599976644392078437 0.680654 0 68583 43.541 17.3865 15.6462 0 01 0 0 0 0 0 0 0 0 0 0 0 6.87019 21.3379 0 333.622 
0.000599976644392078437 0.70463 0 65477 45.4948 18.1434 16.3283 0 01 0 0 0 0 0 0 0 0 0 0 0 9.93422 21.9857 189.475 376.082 
0.000599976644392078437 0.804978 0 57888 1.20772 18.2337 16.4097 0 01 0 0 0 0 0 0 0 0 0 0 0 3.23215 14.5953 29.5788 29.5788 
0.000599976644392078437 1.03029 0 37829 45.571 18.1685 16.351 0 01 0 0 0 0 0 0 0 0 0 0 0 3.10865 16.5882 19.7676 19.7676 
0.000599976644392078437 1.18232 0 141955 43.841 17.4652 15.7171 0 01 0 0 0 0 0 0 0 0 0 0 0 8.27942 16.5724 0 37.9844 
0.000599976644392078437 1.56353 0 144755 46.2284 18.3169 16.4848 0 01 0 0 0 0 0 0 0 0 0 0 0 3.17135 19.1003 0 0 
0.000599976644392078437 1.75311 0 63181 45.5723 18.1692 16.3516 0 01 -0 0 0 0 -0 0 0 0 -0 0 0 1.73732 6.89857 0 0 
0.000599976644392078437 3.09282 0 194155 45.6927 18.1965 16.3762 0 01 0 0 -0 0 0 0 -0 0 0 0 -0 0 8.68399 0 0 
0.000614632565968935068 0.564499 0 68259 42.4999 16.9209 15.2266 0 01 -0 0 0 0 -0 0 0 0 -0 0 0 3.4503 13.771 0 391.545 
0.000614632565968935068 0.990269 0 85753 43.43 17.3991 15.6575 0 01 0 0 0 0 0 0 0 0 0 0 0 6.85453 14.6924 60.9835 131.615 
0.000614632565968935068 1.23108 0 131772 42.8596 17.0697 15.3607 0 01 0 0 0 0 0 0 0 0 0 0 0 3.65632 12.2403 147.834 147.834 
0.000614632565968935068 1.38712 0 170070 42.6563 17.0539 15.3464 0 01 0 0 0 0 0 0 0 0 0 0 0 0 4.10321 0 0 
0.000614632565968935068 1.98273 0 94719 43.369 17.2763 15.5469 0 01 0 0 0 0 0 0 0 0 0 0 0 2.04393 12.1244 0 0 
0.000614632565968935068 3.18132 0 197910 42.2259 16.8853 15.1946 0 01 0 0 0 0 0 0 0 0 0 0 0 0 3.40745 0 0 
0.000618641147221456883 0.223373 1 4347 0 16.6039 14.941 0 0 1 -0.00153341 -0.0053417 0.000238407 0 0 0 0 0 0 0 0 1.6675 5.64815 385.713 385.713 
0.000618641147221456883 0.649949 0 111014 41.6225 16.6126 14.9488 0 01 0 0 0 0 0 0 0 0 0 0 0 1.92808 4.49608 0 0 
0.000618641147221456883 1.1096 0 121054 41.5427 16.6074 14.9441 0 01 0 0 0 0 0 0 0 0 0 0 0 0 1.11166 0 0 
0.000653832991673788467 0.0759485 0 6025 40.7768 16.227 14.6013 0 01 0 -0 0 0 0 -0 0 0 0 -0 0 6.8308 16.4687 381.61 1484.57 
0.000653832991673788467 0.237636 0 22499 40.4457 16.0944 14.4819 0 01 0 -0 0 0 0 -0 0 0 0 -0 0 9.45175 26.436 470.145 1262.84 
0.000653832991673788467 0.243859 0 7823 39.3151 15.6342 14.0673 0 01 0 0 0 0 0 0 0 0 0 0 0 9.45175 26.436 470.145 1262.84 
0.000653832991673788467 0.2591 0 70798 38.6921 15.3975 13.854 0 01 -0 0 0 0 -0 0 0 0 -0 0 0 9.45175 26.436 470.145 1262.84 
0.000653832991673788467 0.299722 0 78974 41.3222 16.5095 14.8559 0 01 0 0 -0 0 0 0 -0 0 0 0 -0 10.3228 25.9369 634.825 1221.21 
0.000653832991673788467 0.409284 1 23355 38.7463 15.3664 13.826 0 0 1 -1.42276 0.766791 -1.82063 0 0 0 0 0 0 0 0 0 0 0 0 
0.000653832991673788467 0.461795 0 50618 39.3718 15.7258 14.1498 0 01 0 0 0 0 0 0 0 0 0 0 0 10.2658 30.8285 89.767 446.1 
0.000653832991673788467 0.508529 0 79197 38.3837 15.2676 13.737 0 01 0 0 0 0 0 0 0 0 0 0 0 9.19664 28.663 158.596 332.87 
0.000653832991673788467 0.696988 0 189256 40.4504 16.0989 14.4859 0 01 0 0 -0 0 0 0 -0 0 0 0 -0 6.87705 17.23 117.394 117.394 
0.000653832991673788467 0.902606 0 36465 39.0862 15.5529 13.994 0 01 0 0 -0 0 0 0 -0 0 0 0 -0 12.534 34.0637 236.742 264.002 
0.000653832991673788467 1.04887 0 122995 40.6661 16.2211 14.5961 0 01 0 0 -0 0 0 0 -0 0 0 0 -0 10.4817 20.9345 0 9.92189 
0.000653832991673788467 1.24275 0 51605 40.827 16.3262 14.6908 0 01 0 0 0 0 0 0 0 0 0 0 0 8.68855 23.5156 0 237.728 
0.000653832991673788467 1.28214 0 5284 40.5322 16.2015 14.5784 0 01 0 -0 0 0 0 -0 0 0 0 -0 0 8.97857 25.5431 16.6015 16.6015 
0.000653832991673788467 1.28386 0 159247 38.304 15.2382 13.7105 0 01 0 0 0 0 0 0 0 0 0 0 0 8.97857 25.5431 16.6015 16.6015 
0.000653832991673788467 1.58922 0 191234 39.5368 15.7227 14.147 0 01 0 0 0 0 0 0 0 0 0 0 0 7.95005 35.0796 6.59693 6.59693 
0.000653832991673788467 2.23699 0 170525 38.7956 15.4242 13.8781 0 01 0 0 0 0 0 0 0 0 0 0 0 0 2.21984 0 0 
0.000653832991673788467 2.26706 0 185827 39.6373 15.7905 14.2082 0 01 -0 0 0 0 -0 0 0 0 -0 0 0 0 2.21984 0 0 
0.000653832991673788467 2.33409 0 167586 38.5806 15.3372 13.7997 0 01 0 0 0 0 0 0 0 0 0 0 0 0 2.21984 0 0 
0.000653832991673788467 2.73533 0 195207 39.8973 15.8942 14.3016 0 01 0 0 0 0 0 0 0 0 0 0 0 5.5321 16.5811 0 96.4667 
0.000653832991673788467 2.81722 0 82477 40.9632 16.3815 14.7406 0 01 0 0 0 0 0 0 0 0 0 0 0 5.5321 16.5811 0 96.4667 
0.000678392457569635819 0.0721924 1 0 0 14.9497 13.4507 0 0 1 0 0 0 0 0 0 0 0 0 0 0 4.35919 11.4377 116.184 721.85 
0.000678392457569635819 0.181433 0 144496 36.8656 14.9551 13.4555 0 01 0 0 0 0 0 0 0 0 0 0 0 4.35919 11.4377 116.184 721.85 
0.000678392457569635819 0.286637 0 58537 36.8577 14.9499 13.4509 0 01 0 0 0 0 0 0 0 0 0 0 0 6.60014 19.6358 254.78 819.495 
0.000678392457569635819 0.337657 0 32995 37.0429 14.913 13.4176 0 01 0 0 0 0 0 0 0 0 0 0 0 10.8558 24.7936 462.077 1088.74 
0.000678392457569635819 0.398249 1 209141 37.9483 21.8608 19.6747 0 0 2 0.626156 -0.359475 0.55961 0 0 0 0 0 0 0 0 8.82922 24.8621 234.308 812.18 
0.000678392457569635819 0.491412 0 36799 37.7695 15.0258 13.5192 0 01 -0 0 0 0 -0 0 0 0 -0 0 0 8.34899 25.5247 0 237.119 
0.000678392457569635819 0.644385 0 87721 37.6852 14.9907 13.4876 0 01 0 0 0 0 0 0 0 0 0 0 0 8.4102 22.0291 187.678 215.249 
0.000678392457569635819 0.701016 0 62469 36.8054 14.9686 13.4676 0 01 0 0 0 0 0 0 0 0 0 0 0 7.66277 22.889 49.2292 380.971 
0.000678392457569635819 1.2701 0 159486 37.6837 14.9891 13.4862 0 01 0 0 0 0 0 0 0 0 0 0 0 7.65793 17.9442 129.604 142.066 
0.000678392457569635819 1.57425 0 162583 37.01 14.9042 13.4096 0 01 0 -0 0 0 0 -0 0 0 0 -0 0 1.57706 14.4298 0 0 
0.000678392457569635819 1.6623 0 149543 36.7563 36.6411 13.5348 0 01 0 0 0 0 0 0 0 0 0 0 0 1.68096 8.3607 0 0 
0.000678392457569635819 1.73103 0 143944 36.4785 36.3655 17.7292 0 01 0 0 0 0 0 0 0 0 0 0 0 1.75457 6.9598 0 0 
0.000678392457569635819 1.89803 0 169315 36.9321 14.9259 13.4292 0 01 -0 0 0 0 -0 0 0 0 -0 0 0 1.93664 9.52587 0 190.667 
0.000687987477833793947 0.376828 0 8274 35.9089 35.8007 29.2972 0 01 0 0 0 0 0 0 0 0 0 0 0 2.64989 8.30673 0 0 
0.000687987477833793947 0.433219 0 52396 35.881 35.773 29.9035 0 01 0 0 0 0 0 0 0 0 0 0 0 2.99883 6.38655 57.4622 341.8 
0.000687987477833793947 0.662376 0 186579 35.8192 35.7118 30.0107 0 01 -0 0 0 0 -0 0 0 0 -0 0 0 2.03952 6.06009 381.607 417.823 
0.000687987477833793947 1.05285 0 128347 35.8955 35.7874 29.7519 0 01 0 0 -0 0 0 0 -0 0 0 0 -0 1.04998 5.25655 0 0 
0.000687987477833793947 1.05292 0 198841 35.9894 35.8805 28.1663 0 01 0 -0 0 0 0 -0 0 0 0 -0 0 1.04998 5.25655 0 0 
0.000695109850905630206 0.56636 0 102873 35.6821 35.5758 29.9044 0 01 0 0 0 0 0 0 0 0 0 0 0 1.13364 6.73275 0 349.322 
0.000695109850905630206 0.668289 0 90793 35.7125 35.6059 29.9275 0 01 -0 0 0 0 -0 0 0 0 -0 0 0 5.38022 11.4598 12.5025 13.7069 
0.000695109850905630206 0.692039 0 87366 35.2759 35.1728 29.7351 0 01 0 -0 0 0 0 -0 0 0 0 -0 0 4.88747 12.5652 0 0 
0.000695109850905630206 0.992189 0 57393 35.2741 35.1709 29.7333 0 01 0 0 0 0 0 0 0 0 0 0 0 1.99132 5.93943 0 0 
0.000695109850905630206 2.21306 0 191220 35.2742 35.171 29.7335 0 01 0 0 0 0 0 0 0 0 0 0 0 0 0 0 0 
0.000699850914220922289 2.80809 0 196116 35.192 35.0895 29.673 0 01 0 -0 0 0 0 -0 0 0 0 -0 0 0 0 0 0 
0.000704853488708461905 0.974048 1 134648 34.8295 13.861 11.4155 0 0 1 -6.591 4.73304 -2.93869 0 0 0 -0 0 0 0 -0 3.81583 6.7172 0 93.388 
0.000704853488708461905 1.43589 0 165929 34.8882 34.788 29.5809 0 01 0 0 0 0 0 0 0 0 0 0 0 0 1.41116 0 0 
0.000704853488708461905 2.72973 0 137507 34.7929 34.6934 29.5087 0 01 0 0 -0 0 0 0 -0 0 0 0 -0 0 2.6727 0 0 
0.000708840959384812014 0.270514 0 38744 34.4193 34.3228 29.3588 0 01 0 0 -0 0 0 0 -0 0 0 0 -0 1.80641 6.38419 89.809 188.395 
0.000708840959384812014 0.384628 0 43247 34.425 34.3284 29.3643 0 01 0 0 0 0 0 0 0 0 0 0 0 3.02226 7.13715 0 40.6932 
0.000714230200931526026 0.755725 0 71669 34.3464 34.2504 29.3004 0 01 0 0 0 0 0 0 0 0 0 0 0 1.4951 8.25703 5.3987 5.3987 
0.000740617379157023107 0.430954 0 41308 32.768 32.6837 28.628 0 01 0 0 -0 0 0 0 -0 0 0 0 -0 8.05688 19.1824 493.179 1059.71 
0.000740617379157023107 0.839274 0 149405 33.1739 33.0867 28.8091 0 01 0 0 0 0 0 0 0 0 0 0 0 6.76412 21.1482 1.98388 47.0573 
0.000740617379157023107 0.855295 0 17420 33.4215 33.3324 28.8614 0 01 0 0 0 0 0 0 0 0 0 0 0 6.76412 21.1482 1.98388 47.0573 
0.000740617379157023107 1.03472 0 140577 33.135 33.0481 28.7771 0 01 0 0 0 0 0 0 0 0 0 0 0 8.22141 19.5258 1.14798 1.14798 
0.000740617379157023107 1.14878 0 138555 33.057 32.9707 28.7149 0 01 0 0 0 0 0 0 0 0 0 0 0 8.14902 20.8578 0 49.404 
0.000740617379157023107 2.75565 0 195542 33.3682 33.2795 28.8155 0 01 -0 0 0 0 -0 0 0 0 -0 0 0 2.87974 2.87974 0 0 
0.000743329861951116532 0.453771 0 30052 32.4488 32.3668 27.8802 0 3.805321 -3.74733 -0.207155 0.628555 0 0 -0 0 0 0 -0 0 2.68788 6.28501 289.136 431.802 
0.000750863793877140509 0.79504 0 107151 32.3059 32.2249 27.5533 0 10.17741 7.15822 -5.89371 4.19554 0 0 -0 0 0 0 -0 0 3.99671 8.73507 0 255.767 
0.000750863793877140509 0.80218 0 121925 32.1195 32.0398 26.9535 0 10.60951 2.75597 -7.15648 -7.33158 0 0 -0 0 0 0 -0 0 3.99671 8.73507 0 255.767 
0.000750863793877140509 0.938266 0 139792 31.9889 31.9101 26.537 0 26.23851 -24.1845 9.01986 4.7127 0 0 0 0 0 0 0 0 1.86036 9.26002 0 97.3604 
0.000750863793877140509 1.86243 0 176355 32.2815 32.2007 27.4754 0 21.82291 -21.5554 -3.1728 1.23942 0 0 -0 0 0 0 -0 0 1.80491 5.42276 0 15.1011 
0.000750863793877140509 1.90805 1 175769 32.2172 12.8926 9.60386 0 0 1 -9.31858 -3.68761 2.16369 0 0 0 0 0 0 0 0 1.90805 3.83211 0 0 
0.000779966369168684655 0.397876 0 67849 31.2414 31.1677 24.3097 0 76.91471 59.2789 42.5059 -24.3951 0 0 0 0 0 0 0 0 11.2222 32.1158 258.859 1345.1 
0.000779966369168684655 0.432768 0 109173 31.5459 31.4701 25.2401 0 29.32461 25.0816 -5.3016 14.2386 0 0 0 0 0 0 0 0 7.71475 22.5914 334.4 504.343 
0.000779966369168684655 0.447074 0 26774 30.6602 30.5905 22.5775 0 81.26081 28.8716 64.721 -39.7609 0 0 0 0 0 0 0 0 13.0126 26.478 525.414 704.709 
0.000779966369168684655 0.461445 0 30458 30.8936 30.8223 23.2636 0 86.86191 -86.8391 -1.72714 -0.987852 0 0 -0 0 0 0 -0 0 11.29 25.9648 51.9338 634.459 
0.000779966369168684655 0.486133 1 86848 30.8252 12.338 8.55999 0 0 1 -7.26888 36.4959 -50.0835 0 0 0 0 0 0 0 0 11.3409 26.1538 124.725 541.761 
0.000779966369168684655 0.496855 0 34930 31.0161 30.9439 23.6262 0 7.904421 -7.75249 1.51123 0.30814 0 0 0 0 0 0 0 0 11.3409 26.1538 124.725 541.761 
0.000779966369168684655 0.510942 0 52314 30.7935 30.7229 22.9676 0 24.88061 17.9552 -8.54032 14.9573 0 0 0 0 0 0 0 0 8.80536 26.3894 13.8012 498.44 
0.000779966369168684655 0.587223 0 66897 31.2341 31.1605 24.2868 0 36.39971 31.5914 -4.56219 -17.4959 0 0 -0 0 0 0 -0 0 7.01306 22.2363 12.0378 49.1569 
0.000779966369168684655 0.853976 0 184947 31.2345 31.1608 24.2878 0 72.82791 65.4779 -25.1539 -19.5918 0 0 0 0 0 0 0 0 7.63743 22.0314 61.3501 524.322 
0.000779966369168684655 0.962976 0 69754 30.7762 30.7057 22.9184 0 69.50321 -65.0879 -16.5047 -17.9404 0 0 0 -0 0 0 0 -0 8.61527 22.0512 100.643 339.533 
0.000779966369168684655 1.23841 0 59481 30.6952 30.6252 22.6795 0 95.84481 74.6377 -26.4051 54.0204 0 0 -0 0 0 0 -0 0 3.71959 11.149 0 12.3623 
0.000779966369168684655 1.25796 0 154920 31.2574 31.1836 24.3568 0 43.25571 -27.91 11.3905 -31.0217 0 -0 0 0 0 -0 0 0 3.71959 11.149 0 12.3623 
0.000779966369168684655 1.34587 0 15422 31.4974 31.422 25.0916 0 15.04491 -12.973 7.48206 1.43836 0 -0 0 0 0 -0 0 0 3.99259 18.6887 0 80.2289 
0.000779966369168684655 1.36965 0 55686 31.4713 31.3961 25.0086 0 34.71011 -33.3299 -7.69758 5.88697 0 0 -0 0 0 0 -0 0 8.23405 20.6312 0 0 
0.000779966369168684655 1.38317 0 79775 30.7969 30.7262 22.9779 0 78.96741 58.0989 19.2034 49.9159 0 0 0 0 0 0 0 0 8.23405 20.6312 0 0 
0.000779966369168684655 1.62356 0 169885 30.6318 30.5621 22.4951 0 51.26111 28.9061 -40.324 12.8884 0 0 0 0 0 0 0 0 3.21925 22.5472 0 0 
0.000779966369168684655 1.96268 0 177987 30.7625 30.6921 22.8767 0 85.14861 -61.4391 -38.6295 -44.5342 0 0 -0 0 0 0 -0 0 0 5.7862 0 0 
0.000779966369168684655 2.59974 0 194475 30.6804 30.6104 22.6381 0 53.31731 -51.8911 -11.7697 3.39393 0 -0 0 0 0 -0 0 0 5.15341 12.556 113.307 113.307 
0.000779966369168684655 3.47888 0 194863 31.5906 31.5146 25.3758 0 45.88541 9.80507 43.9837 -8.64684 0 0 0 -0 0 0 0 -0 3.19632 6.6752 0 0 
0.000810119794943517683 0.0979326 0 43108 30.0418 29.976 20.8259 0 107.2191 106.272 11.5472 -8.30453 0 0 0 0 0 0 0 0 5.55776 14.9212 65.695 1169.81 
0.000810119794943517683 0.443239 0 152125 29.2841 29.223 18.7995 0 53.11611 -52.0145 0.00430835 10.7615 0 0 0 0 0 0 0 0 12.1174 26.5081 201.458 375.87 
0.000810119794943517683 0.465138 0 19678 30.5204 30.4515 22.1752 0 46.4451 35.2865 -5.97161 -29.603 0 0 -0 0 0 0 -0 0 9.97615 29.8683 18.8781 269.463 
0.000810119794943517683 0.502835 0 71493 30.2655 30.1982 21.4499 0 61.01341 60.2941 -2.16088 -9.08786 0 0 0 -0 0 0 0 -0 12.42 26.8049 471.457 486.06 
0.000810119794943517683 0.687842 0 129259 29.8493 29.7847 20.298 0 92.92181 -31.0486 2.26434 -87.5518 0 0 0 0 0 0 0 0 13.282 27.2577 0 177.618 
0.000810119794943517683 0.710816 0 48688 29.678 29.6145 19.8352 0 98.79371 -95.8623 -20.9615 11.4555 0 -0 0 0 0 -0 0 0 12.2686 28.8812 0 140.139 
0.000810119794943517683 0.785434 0 89901 30.3874 30.3195 21.7946 0 34.91781 16.184 19.5858 23.9526 0 0 0 0 0 0 0 0 8.73834 19.9072 0 68.1504 
0.000810119794943517683 0.831315 0 86949 29.7502 29.6863 20.0296 0 9.198651 -2.21323 -0.762067 -8.89584 0 0 0 -0 0 0 0 -0 9.01929 27.0544 0 73.5308 
0.000810119794943517683 0.905599 0 27397 30.0313 29.9655 20.7958 0 163.5551 74.5191 56.8914 -134.017 0 0 0 0 0 0 0 0 10.8625 18.9894 0 541.489 
0.000810119794943517683 1.03848 0 132704 30.5626 30.4934 22.2944 0 52.45421 -46.7326 -22.8964 6.57766 0 0 0 0 0 0 0 0 4.19636 13.6709 0 0 
0.000810119794943517683 1.16244 0 183892 30.1223 30.056 21.0478 0 98.22681 60.0539 -15.6321 -76.1425 0 0 -0 0 0 0 -0 0 3.47993 17.4211 41.0615 79.2574 
0.000810119794943517683 1.35293 0 153147 29.442 29.38 19.2096 0 209.6811 117.886 -65.3803 160.606 0 0 0 0 0 0 0 0 13.7528 26.1279 5.92914 205.05 
0.000810119794943517683 1.47505 0 154589 30.0242 29.9586 20.776 0 91.22771 -13.0876 -67.1059 60.3988 0 0 0 0 0 0 0 0 13.3662 22.298 0 15.5976 
0.000838721697920569707 0.202853 0 19650 29.1244 29.0643 18.3881 0 174.9951 -72.0534 -108.255 -117.1 0 -0 0 0 0 -0 0 0 10.3266 24.0154 416.743 1286.58 
0.000838721697920569707 0.25361 0 55732 28.4725 28.4162 16.7724 0 177.2541 173.919 -10.5615 -32.5533 0 0 0 -0 0 0 0 -0 7.7424 23.4057 640.469 1341.35 
0.000838721697920569707 0.357741 0 29137 0.180823 28.7465 17.5835 0 19.3341 -0.928253 0.10296 19.3115 0 0 0 0 0 0 0 0 10.181 26.7744 242.282 1015.13 
0.000838721697920569707 0.435597 1 0 28.4169 28.361 8.80169 0 0 1 13.8 -38.4021 -30.7826 1 27.7659 10.3754 0.942941 0 0 0 0 11.1036 24.7562 953.746 1633.47 
0.000838721697920569707 0.495563 0 23097 28.6906 28.633 17.3019 0 57.31161 54.4296 13.198 -12.1596 0 0 0 0 0 0 0 0 9.43154 27.3003 11.0479 143.95 
0.000838721697920569707 0.555884 0 95010 29.1241 29.064 18.3872 0 205.7011 120.771 -154.07 -63.1639 0 0 0 -0 0 0 0 -0 12.973 28.7364 442.566 768.917 
0.000838721697920569707 0.735617 0 185355 28.3386 28.2832 16.4508 0 190.7151 -4.35432 133.503 -136.127 0 0 0 -0 0 0 0 -0 8.71375 26.0719 0 365.919 
0.000838721697920569707 0.806839 0 61856 28.5407 28.484 16.936 0 128.8621 127.382 7.54751 17.9533 0 0 0 0 0 0 0 0 6.38039 23.1632 0 118.341 
0.000838721697920569707 0.815355 0 99537 28.3536 28.2981 16.4874 0 46.97671 -37.4689 3.54031 28.1134 0 0 0 0 0 0 0 0 4.89853 16.4909 0 4.35983 
0.000838721697920569707 0.894068 0 6292 29.1038 29.0438 18.3362 0 92.80421 18.9356 -90.2872 -10.1131 0 0 -0 0 0 0 -0 0 4.53123 21.7595 43.9215 190.285 
0.000838721697920569707 0.918657 0 126118 28.7826 28.7245 17.5292 0 164.6331 144.228 -74.0057 28.7299 0 0 -0 0 0 0 -0 0 4.53123 21.7595 43.9215 190.285 
0.000838721697920569707 1.07242 0 162556 28.4539 28.3978 16.7267 0 165.2921 105.641 -41.916 -120.019 0 0 0 0 0 0 0 0 7.40911 20.1181 187.788 189.322 
0.000838721697920569707 1.10943 0 39238 28.202 28.1474 16.128 0 150.5711 -135.033 20.3961 63.4149 0 0 0 0 0 0 0 0 8.70182 27.3518 59.0289 175.658 
0.000838721697920569707 1.28904 0 179360 28.9337 28.8747 17.9063 0 169.9651 164.513 11.0992 -41.2355 0 0 0 0 0 0 0 0 5.18793 20.7043 0 0 
0.000838721697920569707 1.45525 0 54359 28.9575 28.8983 17.9655 0 167.5381 52.4723 158.49 -14.018 0 0 0 0 0 0 0 0 5.70629 14.3063 0 0 
0.000838721697920569707 1.55344 0 185079 29.0216 28.962 18.1277 0 41.09541 33.4596 20.9488 -11.4208 0 0 0 0 0 0 0 0 4.63966 18.5651 18.3082 163.284 
0.000838721697920569707 1.8313 0 106288 28.3056 28.2503 16.3736 0 207.8181 -137.608 22.196 154.142 0 0 0 0 0 0 0 0 3.70964 9.21713 0 0 
0.000838721697920569707 2.0144 0 67839 28.2831 28.2279 16.3189 0 133.0141 -127.204 38.5581 5.01902 0 0 0 0 0 0 0 0 0 10.2732 0 0 
0.000838721697920569707 3.17958 0 193763 28.3885 28.3327 16.571 0 76.13421 -66.379 -29.27 -23.098 0 -0 0 0 0 -0 0 0 0 0 0 0 
0.000844252907096892588 0.202292 0 6219 28.0697 28.0158 15.8191 0 104.6781 67.9897 78.7049 11.8538 0 0 0 0 0 0 0 0 3.3405 7.09271 0 90.2924 
0.000844252907096892588 0.565831 0 41160 28.0132 27.9596 15.6883 0 33.11731 -31.7763 -5.78096 7.32147 0 0 -0 0 0 0 -0 0 2.81574 9.60526 65.9392 145.758 
0.000844252907096892588 0.631089 0 73589 27.9947 27.9412 15.6461 0 316.8631 -181.211 115.384 232.92 0 -0 0 0 0 -0 0 0 0.62228 6.33139 0 0 
0.000844252907096892588 0.891584 0 129944 28.0037 27.9501 15.6674 0 197.7781 -195.973 -16.9237 -20.5982 0 0 0 -0 0 0 0 -0 5.30008 13.2735 0 70.9086 
0.000844252907096892588 0.969714 0 171631 28.0086 27.955 15.6774 0 161.0271 132.105 -92.0706 0.9793 0 0 0 0 0 0 0 0 0.95773 2.90411 54.5108 54.5108 
0.000844252907096892588 1.84681 0 185527 27.9668 27.9135 15.5819 0 192.1911 -104.714 -105.639 -121.709 0 0 0 0 0 0 0 0 0 5.56109 0 0 
0.000865976765671796762 0.478173 0 61838 27.3392 27.2893 14.1816 0 252.1511 -172.58 -182.06 -25.5009 0 0 0 0 0 0 0 0 9.05593 21.4667 11.9584 701.415 
0.000865976765671796762 0.617992 0 89495 27.5396 27.4886 14.6198 0 90.51131 8.21199 -64.0841 -63.3883 0 0 0 0 0 0 0 0 10.3978 26.2769 463.304 774.53 
0.000865976765671796762 0.684514 0 18064 27.4481 27.3975 14.418 0 76.80161 -23.5171 -73.0966 -1.52249 0 0 -0 0 0 0 -0 0 9.5734 18.4797 217.382 297.182 
0.000865976765671796762 0.732601 0 81542 27.2419 27.1925 13.9708 0 16.17731 -14.6851 -5.60065 -3.83213 0 -0 0 0 0 -0 0 0 7.28885 22.6408 161.01 419.179 
0.000865976765671796762 1.04423 0 86890 27.8716 27.8187 15.3631 0 501.5291 -294.968 388.812 -115.544 0 0 0 -0 0 0 0 -0 12.4768 20.7695 145.365 200.164 
0.000865976765671796762 1.13765 0 129927 27.4288 27.3784 14.3762 0 159.0481 154.033 -34.6906 -19.1536 0 0 0 -0 0 0 0 -0 3.41291 11.3404 0 0 
0.000865976765671796762 1.46645 0 141353 27.2499 27.2005 13.9884 0 237.3781 -224.34 27.1622 72.6783 0 0 0 0 0 0 0 0 7.21002 24.5313 55.481 66.4661 
0.000865976765671796762 1.75956 0 149264 27.311 27.2613 14.1206 0 154.4751 -118.159 -35.3356 -93.0184 0 0 -0 0 0 0 -0 0 8.83376 24.841 0 0 
0.000865976765671796762 1.88611 0 181037 27.2189 27.1697 13.9218 0 145.6471 -138.814 -40.0109 -18.5156 0 0 0 0 0 0 0 0 1.87615 9.31193 0 0 
0.000865976765671796762 1.9579 1 206604 28.5508 17.9396 16.1447 0 0 2 0.231797 3.29803 1.89456 0 0 0 0 0 0 0 0 3.92181 7.79227 0 0 
0.000865976765671796762 2.00635 0 132710 27.7405 27.6884 15.0667 0 233.9111 -152.452 -85.8148 155.27 0 0 0 0 0 0 0 0 2.04978 14.324 0 0 
0.000865976765671796762 2.34962 0 166801 27.6131 27.5618 14.7823 0 151.3521 -11.8833 148.818 24.8895 0 -0 0 0 0 -0 0 0 6.91387 14.0299 36.2468 36.2468 
0.000885247565624418102 0.836432 0 49516 26.5959 26.5501 12.6287 0 138.2721 127.634 51.038 14.9619 0 0 0 0 0 0 0 0 5.00352 19.9817 0 70.7569 
0.000885247565624418102 1.89292 0 187038 27.069 27.0206 13.6039 0 301.0631 -280.147 85.6458 69.4377 0 -0 0 0 0 -0 0 0 0 9.28213 0 0 
0.000890377987835994349 1.12968 0 131361 26.4753 26.4301 12.388 0 192.9631 -90.0017 -30.1472 -168.004 0 0 0 0 0 0 0 0 3.44993 5.7285 0 0 
0.000921696258032622781 0.300629 0 125335 26.327 26.2825 12.0954 0 108.6851 64.0278 70.6627 -52.1501 0 0 0 0 0 0 0 0 9.59421 26.1927 108.865 679.972 
0.000921696258032622781 0.321139 1 204329 29.757 22.4067 20.166 0 0 2 0.718754 2.85286 0.914652 0 0 0 0 0 0 0 0 9.22731 25.3364 943.352 1067.72 
0.000921696258032622781 0.407754 0 9348 46.9203 26.2874 11.6759 0 330.061 288.987 155.939 33.3042 0 0 0 0 0 0 0 0 13.9316 27.3913 538.304 839.23 
0.000921696258032622781 0.428506 0 64738 25.6395 25.5985 10.7967 0 89.05691 -86.7759 -7.4911 -18.5728 0 -0 0 0 0 -0 0 0 9.92213 25.0454 319.502 842.319 
0.000921696258032622781 0.428764 0 75139 25.8884 25.8462 11.2559 0 257.4051 -186.824 158.259 -79.425 0 0 0 -0 0 0 0 -0 9.92213 25.0454 319.502 842.319 
0.000921696258032622781 0.451969 0 145174 26.2275 26.1836 11.9017 0 185.1871 181.508 -31.9899 -18.0521 0 0 0 0 0 0 0 0 10.5744 26.6055 0 365.494 
0.000921696258032622781 0.561026 0 89672 26.1819 26.1382 11.8136 0 308.2571 -91.2952 -165.179 -243.728 0 0 0 -0 0 0 0 -0 8.6131 23.538 0 91.8585 
0.000921696258032622781 0.662715 0 18681 26.3216 26.2771 12.0847 0 165.3321 61.3898 112.143 104.834 0 0 0 0 0 0 0 0 13.9403 30.5015 2.80688 49.4938 
0.000921696258032622781 0.676887 1 0 25.673 25.8846 11.3489 0 0 1 -380.518 -63.2931 -50.3291 0 0 0 0 0 0 0 0 10.279 34.2097 19.3161 378.091 
0.000921696258032622781 0.828927 0 170681 26.196 26.1522 11.8404 0 142.3361 -35.5555 63.9857 -122.071 0 0 0 -0 0 0 0 -0 5.02067 16.6966 0 153.138 
0.000921696258032622781 0.864531 0 60209 25.824 25.7821 11.1363 0 301.9671 -252.469 8.76001 -165.429 0 -0 0 0 0 -0 0 0 5.15142 22.3846 30.4963 30.4963 
0.000921696258032622781 1.09666 0 8327 26.2079 26.164 11.8639 0 154.5631 -142.285 56.164 22.142 0 0 0 0 0 0 0 0 8.86509 22.1764 68.1638 360.357 
0.000921696258032622781 1.15826 0 105386 25.5418 25.5013 10.6197 0 180.2541 -84.5798 -148.762 -56.6346 0 0 0 0 0 0 0 0 4.5699 21.7018 5.60178 8.26816 
0.000921696258032622781 1.21825 0 131510 26.0311 25.9882 11.5251 0 189.0331 186.271 30.0281 -11.6188 0 0 0 0 0 0 0 0 12.2305 34.2213 220.68 220.68 
0.000921696258032622781 1.2449 0 77143 25.7174 25.6761 10.9394 0 256.8921 -254.791 -32.5992 3.56523 0 0 0 0 0 0 0 0 1.26203 7.57388 0 38.3465 
0.000921696258032622781 1.409 0 158284 26.0693 26.0262 11.5973 0 184.4561 -172.399 -7.69206 -65.141 0 0 0 -0 0 0 0 -0 8.33053 19.5434 6.77388 226.283 
0.000921696258032622781 1.48377 0 149828 25.8174 25.7756 11.1237 0 209.8621 63.0011 -173.813 99.3074 0 0 -0 0 0 0 -0 0 6.00312 19.4807 47.4758 165.033 
0.000921696258032622781 1.64063 0 166175 25.6275 25.5866 10.7753 0 107.4681 -87.1119 45.7021 43.27 0 0 0 0 0 0 0 0 4.89835 17.9892 0 407.723 
0.000921696258032622781 2.23212 0 195209 26.2463 26.2023 11.9379 0 176.9631 160.258 49.9034 -56.0644 0 0 0 0 0 0 0 0 0 10.8757 0 0 
0.000921696258032622781 2.29495 0 171637 26.0749 26.0318 11.6082 0 285.6631 -131.648 201.568 -153.761 0 0 0 0 0 0 0 0 2.40403 18.6354 0 0 
0.000927927085681673068 0.444396 0 112460 25.4119 25.3719 10.3875 0 408.2531 -352.726 189.579 -79.4631 0 0 0 0 0 0 0 0 4.3633 8.7179 139.7 201.91 
0.000927927085681673068 1.51462 0 126498 25.4469 25.4068 10.4503 0 172.9221 -145.766 55.613 74.5745 0 0 0 0 0 0 0 0 1.53139 3.05235 0 0 
0.000935723130808632547 2.36592 0 190546 25.1519 25.1134 9.93247 0 417.9741 139.812 -377.973 110.865 0 0 -0 0 0 0 -0 0 0 0 0 0 
0.000975262308764038169 0.199574 0 63470 24.6264 24.5903 9.05238 0 235.6641 -194.102 -132.4 18.2278 0 0 -0 0 0 0 -0 0 9.22128 25.4591 365.431 928.929 
0.000975262308764038169 0.336262 0 73656 24.4481 24.4128 8.76534 0 493.6241 405.963 -83.5726 268.094 0 0 -0 0 0 0 -0 0 10.3439 26.6978 246.067 651.336 
0.000975262308764038169 0.390565 0 186121 24.8636 24.8264 9.44329 0 410.9171 -176.856 348.368 -127.337 0 0 0 -0 0 0 0 -0 0 0 0 0 
0.000975262308764038169 0.558605 0 185177 24.903 24.8656 9.50907 0 219.4971 -141.632 -62.4709 155.617 0 0 0 0 0 0 0 0 7.21404 32.7746 25.7116 208.954 
0.000975262308764038169 0.665074 0 77879 24.5368 24.5012 8.90764 0 367.8671 -6.32169 179.505 -321.036 0 0 0 0 0 0 0 0 10.052 28.8413 0 369.743 
0.000975262308764038169 0.698856 0 140637 24.8446 24.8075 9.41125 0 460.0291 267.33 162.475 -337.288 0 0 0 0 0 0 0 0 9.74405 28.3979 28.1739 208.809 
0.000975262308764038169 0.853562 0 118226 24.3179 24.2832 8.55975 0 194.3071 -162.25 49.4233 -94.8026 0 0 0 0 0 0 0 0 4.21167 23.5443 0 56.0176 
0.000975262308764038169 1.36725 0 144498 24.3374 24.3026 8.5907 0 387.8281 375.317 10.3059 -97.1663 0 0 0 0 0 0 0 0 9.5079 19.0305 0 349.864 
0.000975262308764038169 1.39474 0 87460 24.6284 24.5923 9.0557 0 217.7051 -187.605 -54.8391 -95.8757 0 0 0 0 0 0 0 0 5.63224 21.1612 0 0 
0.000975262308764038169 1.48663 0 165019 24.9833 24.9455 9.64463 0 311.2751 283.064 108.176 71.1691 0 0 0 0 0 0 0 0 5.8575 17.5797 75.8875 131.612 
0.000975262308764038169 1.53874 0 165677 24.2251 24.1909 8.41551 0 378.8141 133.184 -312.954 -166.799 0 0 0 0 0 0 0 0 4.55092 10.6342 0 7.48801 
0.000975262308764038169 1.63613 0 163317 24.8582 24.821 9.43415 0 713.3521 -711.359 18.0955 -50.119 0 -0 0 0 0 -0 0 0 3.29107 22.9957 48.3932 48.3932 
0.000975262308764038169 1.74817 0 81629 24.9271 24.8897 9.54965 0 139.91 55.6824 121.397 41.6461 0 0 0 0 0 0 0 0 5.37522 17.8872 0 0 
0.000975262308764038169 1.96181 0 197303 24.8468 24.8097 9.41489 0 216.231 -4.35382 211.649 44.0592 0 0 0 0 0 0 0 0 1.93713 11.7697 0 0 
0.000975262308764038169 2.457 0 187804 24.3237 24.289 8.56893 0 456.3721 -295.455 -347.47 -15.6976 0 0 0 -0 0 0 0 -0 5.13397 17.7423 0 0 
0.00104163127295084086 0.266585 0 109592 23.684 23.6522 7.60386 0 184.031 75.5986 156.513 60.4605 0 0 0 0 0 0 0 0 17.4298 40.2046 816.074 1554.03 
0.00104163127295084086 0.658715 0 31525 22.9882 22.9593 6.63873 0 245.221 240.632 -27.7019 38.2336 0 0 0 0 0 0 0 0 16.0994 46.2005 159.885 205.412 
0.00104163127295084086 0.691565 0 5708 23.4869 23.4559 7.32156 0 299.8861 120.833 75.5188 -263.871 0 0 0 -0 0 0 0 -0 18.6878 51.8749 88.5929 526.755 
0.00104163127295084086 0.730146 0 78975 22.9598 22.931 6.60111 0 167.2441 73.1597 37.2931 -145.696 0 0 0 -0 0 0 0 -0 22.9318 39.9199 21.1884 256.069 
0.00104163127295084086 0.782968 0 106367 22.8454 22.8171 6.45131 0 219.8111 -47.7701 160.146 -142.788 0 0 0 -0 0 0 0 -0 15.7881 41.8483 0 417.336 
0.00104163127295084086 0.79313 0 159018 22.8485 22.8202 6.45546 0 451.6071 -431.989 -65.0553 114.464 0 0 0 0 0 0 0 0 15.7881 41.8483 0 417.336 
0.00104163127295084086 0.796328 0 77061 23.5 23.469 7.34014 0 255.3271 -97.1699 116.201 -205.541 0 0 0 0 0 0 0 0 15.7881 41.8483 0 417.336 
0.00104163127295084086 0.843773 0 74516 23.4024 23.3718 7.20277 0 224.3561 -206.158 -45.3526 -76.0095 0 0 0 0 0 0 0 0 19.4218 43.8348 0 357.598 
0.00104163127295084086 1.04507 0 83813 23.7236 23.6917 7.66143 0 171.1531 -163.35 40.946 -30.5585 0 0 0 -0 0 0 0 -0 15.7168 47.1361 1.68469 111.626 
0.00104163127295084086 1.08119 0 175854 22.8738 22.8455 6.48835 0 494.0411 -491.6 -28.8658 -39.6519 0 -0 0 0 0 -0 0 0 8.63954 38.9756 41.0764 126.182 
0.00104163127295084086 1.37349 0 98258 23.7794 23.7472 7.74321 0 123.9781 -116.49 41.6225 -8.26362 0 0 0 0 0 0 0 0 8.14762 24.5148 0 0 
0.00104163127295084086 1.6543 0 153408 22.7891 22.761 6.37841 0 108.4681 63.8811 23.4111 -84.4772 0 0 0 0 0 0 0 0 9.83698 26.1549 0 177.359 
0.00104163127295084086 1.83232 0 199257 23.1499 23.1204 6.85532 0 221.6811 170.391 -125.501 -66.0233 0 0 -0 0 0 0 -0 0 3.69988 20.5514 0 0 
0.00104163127295084086 1.90631 0 96095 23.6268 23.5953 7.52133 0 265.8861 239.452 -113.758 -20.4334 0 0 0 0 0 0 0 0 3.69988 20.5514 0 0 
0.00104163127295084086 2.04768 0 190351 23.2074 23.1777 6.93348 0 254.7051 -83.7575 -240.474 5.63359 0 0 0 0 0 0 0 0 6.22286 12.4711 0 37.1898 
0.00108118169122184892 0.31064 0 1919 22.1494 22.1239 5.5894 0 418.5321 399.682 40.1218 -117.532 0 0 0 -0 0 0 0 -0 0 0 0 0 
0.00108118169122184892 0.447958 0 5085 22.277 22.251 5.74117 0 317.9111 -301.272 -43.7691 -91.5797 0 0 0 -0 0 0 0 -0 12.6804 30.1843 387.146 805.51 
0.00108118169122184892 0.547466 0 13000 22.4451 22.4184 5.94528 0 374.8891 -374.297 20.9718 -1.77733 0 0 0 -0 0 0 0 -0 7.16369 29.8083 0 463.005 
0.00108118169122184892 0.601733 0 45426 22.4067 22.3802 5.89829 0 167.331 -155.838 -40.3288 45.6881 0 0 0 0 0 0 0 0 10.1704 26.3754 273.661 466.204 
0.00108118169122184892 0.920793 0 153745 22.0528 22.0277 19.6505 0 01 0 0 0 0 0 0 0 0 0 0 0 12.0425 28.6584 111.426 111.426 
0.00108118169122184892 0.978003 0 161955 22.1664 22.1409 5.60953 0 116.3321 116.235 4.73732 0.332569 0 0 0 0 0 0 0 0 10.8423 30.5724 14.0262 248.54 
0.00108118169122184892 1.34548 0 143717 21.9963 21.9714 19.6006 0 01 0 0 -0 0 0 0 -0 0 0 0 -0 8.15487 24.4336 0 290.029 
0.00108118169122184892 1.44827 0 148434 22.568 22.5408 6.0977 0 334.6081 -317.651 105.124 3.05559 0 0 0 0 0 0 0 0 1.48985 19.0731 0 0 
0.00108118169122184892 1.59061 0 163978 22.052 22.0269 19.6497 0 01 0 -0 0 0 0 -0 0 0 0 -0 0 7.85407 15.7469 220.208 272.587 
0.00108118169122184892 1.62896 0 150319 21.8709 21.8465 19.4905 0 01 0 0 0 0 0 0 0 0 0 0 0 0 13.2277 0 0 
0.00108118169122184892 2.28213 0 189779 22.0877 22.0624 5.51706 0 311.3411 245.908 -78.2879 174.165 0 0 0 0 0 0 0 0 4.43923 17.8272 0 0 
0.00112529806171836181 0.12818 0 2133 21.2494 21.2272 18.9436 0 01 0 0 0 0 0 0 0 0 0 0 0 8.59046 19.185 1182.81 2166.62 
0.00112529806171836181 0.227223 0 5802 21.7804 21.7563 19.4109 0 01 0 0 0 0 0 0 0 0 0 0 0 15.3497 32.4056 405.278 1292.67 
0.00112529806171836181 0.296321 0 62404 21.7151 21.6912 19.354 0 01 0 -0 0 0 0 -0 0 0 0 -0 0 12.143 33.0035 102.205 430.743 
0.00112529806171836181 0.344761 0 24795 21.8114 21.7872 19.4394 0 01 0 0 -0 0 0 0 -0 0 0 0 -0 0 0 0 0 
0.00112529806171836181 0.385778 0 34929 21.5077 21.4846 19.1707 0 01 0 0 0 0 0 0 0 0 0 0 0 13.6967 37.926 224.915 779.481 
0.00112529806171836181 0.45356 0 18397 21.7831 21.7589 19.4134 0 01 0 0 0 0 0 0 0 0 0 0 0 15.3212 38.0029 282.914 440.71 
0.00112529806171836181 0.486372 0 13778 21.0531 21.0316 18.7699 0 01 0 0 -0 0 0 0 -0 0 0 0 -0 13.2969 30.4513 66.7698 1335.02 
0.00112529806171836181 0.536978 1 57626 21.7137 21.6899 7.55891 0 0 1 -0.406383 -1.2882 -1.25934 0 0 0 0 0 0 0 0 12.2713 34.8387 23.4385 392.781 
0.00112529806171836181 0.604769 0 74169 21.2241 21.2021 18.9206 0 01 0 0 0 0 0 0 0 0 0 0 0 15.0882 42.2048 49.4344 231.023 
0.00112529806171836181 0.813497 0 161127 21.1922 21.1702 18.8927 0 01 0 0 -0 0 0 0 -0 0 0 0 -0 7.33754 27.0381 0 81.1162 
0.00112529806171836181 0.81697 0 125439 21.3014 21.2791 18.9895 0 01 0 0 0 0 0 0 0 0 0 0 0 7.33754 27.0381 0 81.1162 
0.00112529806171836181 1.14975 0 63111 21.6082 21.5847 19.2601 0 01 0 0 0 0 0 0 0 0 0 0 0 9.2618 26.5856 0 44.196 
0.00112529806171836181 1.15301 0 74810 21.3199 21.2975 19.0059 0 01 0 0 0 0 0 0 0 0 0 0 0 9.2618 26.5856 0 44.196 
0.00112529806171836181 1.26339 0 147298 21.7574 21.7334 19.3902 0 01 0 0 0 0 0 0 0 0 0 0 0 5.08309 16.5583 0 0 
0.00112529806171836181 1.56269 0 150526 21.52 21.4969 19.1811 0 01 -0 0 0 0 -0 0 0 0 -0 0 0 9.45415 15.8368 43.603 123.008 
0.00112529806171836181 2.09061 1 0 21.4183 21.6604 19.015 0 0 1 0 0 0 0 0 0 0 0 0 0 0 0 10.391 0 0 
0.00112529806171836181 2.23217 0 172139 21.7289 21.705 19.3658 0 01 0 -0 0 0 0 -0 0 0 0 -0 0 6.64966 19.8516 0 0 
0.00112529806171836181 2.27402 0 190379 21.548 21.5248 19.2067 0 01 0 0 0 0 0 0 0 0 0 0 0 6.64966 19.8516 0 0 
0.00116709884904880228 0.399717 0 23718 20.5115 20.4919 18.2917 0 01 0 0 0 0 0 0 0 0 0 0 0 15.7158 34.8254 55.213 1128.52 
0.00116709884904880228 0.473933 0 61834 21.0137 20.9924 18.7348 0 01 0 0 0 0 0 0 0 0 0 0 0 15.5015 34.151 389.851 798.21 
0.00116709884904880228 0.515601 0 33876 20.5916 20.5718 18.3627 0 01 0 -0 0 0 0 -0 0 0 0 -0 0 14.4159 30.2803 229.978 540.836 
0.00116709884904880228 0.80017 0 82874 20.4299 20.4106 18.2196 0 01 0 0 0 0 0 0 0 0 0 0 0 10.3111 21.4604 85.9128 129.237 
0.00116709884904880228 0.912805 0 52009 20.6358 20.6158 18.4012 0 01 -0 0 0 0 -0 0 0 0 -0 0 0 9.9954 28.9774 122.236 234.675 
0.00116709884904880228 1.02157 0 98571 20.554 20.5343 18.3287 0 01 0 0 -0 0 0 0 -0 0 0 0 -0 10.239 31.8394 0 0 
0.00116709884904880228 1.11471 0 148444 20.3789 20.3598 18.1744 0 01 0 0 0 0 0 0 0 0 0 0 0 10.1177 22.4907 0 82.4567 
0.00116709884904880228 1.20701 0 143635 20.4154 20.3961 18.2069 0 01 0 0 -0 0 0 0 -0 0 0 0 -0 13.1953 32.3807 0 5.74342 
0.00116709884904880228 1.40035 0 171741 20.7738 20.7533 18.523 0 01 -0 0 0 0 -0 0 0 0 -0 0 0 5.71658 24.1607 0 5.57924 
0.00116709884904880228 1.44728 0 164300 20.9292 20.9081 18.6603 0 01 -0 0 0 0 -0 0 0 0 -0 0 0 4.40307 11.7335 0 107.255 
0.00116709884904880228 1.64252 0 199578 20.9148 20.8938 18.6478 0 01 0 0 0 0 0 0 0 0 0 0 0 6.58497 26.3532 22.0969 25.8889 
0.00116709884904880228 1.78678 0 163707 20.5744 20.5546 18.347 0 01 0 0 0 0 0 0 0 0 0 0 0 8.969 26.8867 414.666 539.229 
0.00120387704666161111 0.169372 0 17368 20.3403 20.3213 18.1398 0 01 0 0 0 0 0 0 0 0 0 0 0 5.20568 14.8321 502.118 799.548 
0.00120387704666161111 0.2515 0 1612 19.8229 19.8056 17.6822 0 01 0 0 0 0 0 0 0 0 0 0 0 12.2526 29.3889 246.681 748.572 
0.00120387704666161111 0.409043 0 171146 20.1221 20.1038 17.9463 0 01 0 0 0 0 0 0 0 0 0 0 0 12.9591 33.3894 72.05 1094.01 
0.00120387704666161111 0.519806 1 106217 19.9211 19.9034 6.87032 0 0 1 0.166998 -1.74938 0.668658 0 0 -0 0 0 0 -0 0 9.24309 28.775 3.73391 393.887 
0.00120387704666161111 0.567795 0 88115 20.2206 20.202 18.0334 0 01 0 0 0 0 0 0 0 0 0 0 0 14.5862 30.2837 202.059 619.212 
0.00120387704666161111 0.651752 0 44830 20.2644 20.2456 18.073 0 01 0 0 0 0 0 0 0 0 0 0 0 13.0369 34.6033 2.48739 863.915 
0.00120387704666161111 0.787964 0 29294 20.3085 20.2896 18.1117 0 01 0 0 0 0 0 0 0 0 0 0 0 7.22375 27.1925 0 53.6065 
0.00120387704666161111 1.16761 0 148344 20.1477 20.1294 17.9698 0 01 0 0 0 0 0 0 0 0 0 0 0 8.13099 33.78 40.0498 114.912 
0.00120387704666161111 1.27544 1 144527 19.9627 19.9449 6.88858 0 0 1 0.717473 1.30371 0.544442 0 0 0 0 0 0 0 0 2.57165 10.3097 0 1.64319 
0.00120387704666161111 1.303 0 151331 20.3561 20.337 18.1537 0 01 0 0 0 0 0 0 0 0 0 0 0 2.57165 10.3097 0 1.64319 
0.00120387704666161111 1.45466 0 173828 19.8898 19.8722 17.7417 0 01 0 0 0 0 0 0 0 0 0 0 0 7.36952 17.6312 0 0 
0.00120387704666161111 1.64852 0 167944 20.2305 20.2119 18.043 0 01 0 0 -0 0 0 0 -0 0 0 0 -0 1.65702 14.8566 0 0 
0.00120387704666161111 1.84068 0 185677 0.306078 20.1392 20.2827 0 01 0 0 0 0 0 0 0 0 0 0 0 1.79921 12.563 0 0 
0.00120387704666161111 1.94596 1 0 20.0684 20.3118 17.7037 0 0 1 0 0 0 0 0 0 0 0 0 0 0 0 5.98491 0 0 
0.00120387704666161111 2.11843 0 59383 20.1415 20.1231 17.9636 0 01 0 0 0 0 0 0 0 0 0 0 0 2.14566 12.6553 0 0 
0.00120872823503902758 0.398931 0 7154 19.822 19.8046 17.6813 0 01 0 0 0 0 0 0 0 0 0 0 0 3.18615 10.3249 0 61.7964 
0.00120872823503902758 0.765618 0 73017 19.7728 19.7556 17.6375 0 01 0 0 0 0 0 0 0 0 0 0 0 0.770779 3.09691 0 0 
0.00121475891760622324 0.386026 0 53826 19.7413 19.7243 17.6097 0 01 0 0 0 0 0 0 0 0 0 0 0 4.31773 11.046 10.7555 403.829 
0.00121475891760622324 0.464534 0 29937 19.7082 19.6912 17.5802 0 01 -0 0 0 0 -0 0 0 0 -0 0 0 2.35141 8.00174 0 1.33388 
0.00121475891760622324 1.70161 0 175405 19.6829 19.666 17.5582 0 01 0 0 0 0 0 0 0 0 0 0 0 0 3.47943 0 0 
0.00122121720039766886 0.402754 0 15890 19.6421 19.6253 17.5226 0 01 0 0 0 0 0 0 0 0 0 0 0 0 0 0 0 
0.00122121720039766886 0.881832 0 184723 19.6454 19.6286 17.5246 0 01 0 0 0 0 0 0 0 0 0 0 0 3.5266 5.29813 0 0 
0.00122121720039766886 2.30612 0 179770 19.6083 19.5917 17.4926 0 01 0 0 -0 0 0 0 -0 0 0 0 -0 2.32156 4.65904 0 0 
0.00167357067075062701 0.404639 1 201564 15.6681 11.0885 7.09666 0 0 2 -113.611 -11.5699 -89.3887 0 -0 0 0 0 -0 0 0 14.7535 34.3759 551.794 817.495 
0.00200397967907974374 0.531402 1 204569 11.9412 9.08839 8.17442 0 0 2 2.6336 -16.7284 14.8688 0 0 0 0 0 0 0 0 10.4451 19.8398 355.563 845.599 
