#1:time #2:r #3.binary? #4:ID #5:zams_m #6:m_progenitor #7:bh mass #8:bh_spin #9:birth-kick(km/s) #10-25:vsarray
0.00111277691684687143 0.29213 0 48795 0.08438 134.554 40.5 0 01 -0 0 0 0 -0 0 0 0 -0 0 0 3.27555 5.68362 1015.62 1525.58 
0.00111277691684687143 0.342338 0 61743 148.621 134.554 40.5 0 01 0 -0 0 0 0 -0 0 0 0 -0 0 0.700592 3.86258 68.9637 68.9637 
0.00112469815866183534 0.158507 1 73525 0 130.45 40.5 0 0 2 -0.0169119 0.0149714 0.0214471 0 0 0 0 0 0 0 0 1.00164 2.12929 533.086 2207.68 
0.00112776557395304088 0.524387 0 100504 136.028 129.53 40.5 0 01 -0 0 0 0 -0 0 0 0 -0 0 0 3.09506 5.65141 0 905.506 
0.00113444351361683153 0.102565 1 34504 0 51.9119 46.7207 0 0 1 0.00345231 0.00473713 -0.00740023 0 0 0 -0 0 0 0 -0 2.17953 5.07934 1159.72 2312.97 
0.00113444351361683153 0.286275 0 40380 131.501 125.561 40.5 0 01 0 0 0 0 0 0 0 0 0 0 0 6.8965 13.1847 977.92 2914.74 
0.00113988152529451202 0.293805 1 115717 0 122.839 40.5 0 0 2 -0.0800682 -0.0965286 0.104239 0 -0 0 0 0 -0 0 0 3.93419 9.05761 0 752.687 
0.00113988152529451202 1.06702 0 174558 126.594 121.23 40.5 0 01 -0 0 0 0 -0 0 0 0 -0 0 0 2.1711 5.41448 0 0 
0.00115510791017827135 0.629376 0 119279 118.641 114.111 40.5 0 01 0 -0 0 0 0 -0 0 0 0 -0 0 5.06685 9.46842 0 10.7937 
0.00116208437529432152 0.168993 0 1230 0.148286 55.6605 50.0944 0 01 -0 0 0 0 -0 0 0 0 -0 0 0 1.84042 3.66827 697.316 2151.21 
0.00116367076267927206 0.14761 0 175727 1.32842 109.892 40.5 0 01 0 0 0 0 0 0 0 0 0 0 0 1.64827 3.52966 0 1245.31 
0.0011757146374492787 1.43024 0 188351 0.202392 105.027 40.5 0 01 0 0 0 0 0 0 0 0 0 0 0 1.44969 7.21356 0 0 
0.00117922240270406514 0.0835311 1 10657 0 103.77 40.5 0 0 1 0.0283946 0.000341712 0.00349533 0 0 0 0 0 0 0 0 2.13072 4.49115 746.024 3055.89 
0.00117922240270406514 0.36645 0 92882 107.222 103.774 40.5 0 01 0 0 0 0 0 0 0 0 0 0 0 2.13699 5.69856 0 119.757 
0.00118990452594342562 0.199775 1 34242 0 45.8026 40.5 0 0 1 0.619417 1.14808 1.05082 0 0 0 0 0 0 0 0 2.60211 9.58989 379.111 1885.31 
0.00118990452594342562 0.353343 0 64926 104.991 101.73 40.5 0 01 0 0 0 0 0 0 0 0 0 0 0 3.64064 9.43498 2.92356 606.228 
0.00118990452594342562 0.39612 0 48757 1.16578 100.689 40.5 0 01 0 0 0 0 0 0 0 0 0 0 0 5.03548 8.90097 685.288 1633.96 
0.00118990452594342562 0.56101 0 111187 103.99 100.811 40.5 0 01 0 0 0 0 0 0 0 0 0 0 0 3.37157 7.87152 12.6166 530.416 
0.00118990452594342562 1.05245 0 149723 103.931 100.757 40.5 0 01 0 0 0 0 0 0 0 0 0 0 0 4.29189 9.61313 54.5398 114.011 
0.00118990452594342562 1.94807 0 178115 104.318 101.112 40.5 0 01 0 0 -0 0 0 0 -0 0 0 0 -0 3.93494 5.94661 0 0 
0.00120479855716096188 0.352064 1 51333 0 94.9333 40.373 0 0 2 -0.00332211 -0.0122676 0.0020494 0 0 -0 0 0 0 -0 0 5.47675 11.6275 500.551 827.88 
0.00120479855716096188 0.665091 1 9424 0 96.3987 41.89 0 0 1 0.00950356 0.00185474 -0.00182052 0 0 0 -0 0 0 0 -0 6.60834 18.4927 0 483.21 
0.00121678713720886926 1.14949 0 168168 93.8479 91.4404 37.6437 0 01 0 0 0 0 0 0 0 0 0 0 0 1.14949 3.42823 0 138.084 
0.00122449357986407614 0.276429 1 61874 0 41.0587 36.9528 0 0 1 -0.000759111 -0.00534811 0.00437653 0 0 -0 0 0 0 -0 0 3.40793 8.76919 165.131 859.497 
0.00122449357986407614 1.05143 0 167048 92.1791 40.8902 36.8012 0 01 0 0 0 0 0 0 0 0 0 0 0 2.13084 7.47114 0 0 
0.00123268909520382868 0.55679 0 136651 90.7845 40.1697 36.1528 0 01 0 0 0 0 0 0 0 0 0 0 0 3.86726 7.1762 0 43.2868 
0.00123268909520382868 0.811995 0 150155 90.7141 40.1301 36.1171 0 01 0 0 0 0 0 0 0 0 0 0 0 3.22155 8.04037 0 3.70213 
0.00124608289890826415 0.536296 0 159815 87.188 38.4016 34.5615 0 01 0 0 0 0 0 0 0 0 0 0 0 5.2712 13.2051 12.6344 230.239 
0.00124608289890826415 0.594303 1 24087 0 38.4118 34.5706 0 0 1 0.000264539 0.00243664 0.000161804 0 0 0 0 0 0 0 0 4.17488 15.5068 0 0 
0.00124608289890826415 0.69052 0 147898 86.2269 37.8432 34.0589 0 01 0 0 0 0 0 0 0 0 0 0 0 8.25058 18.5574 0 48.9116 
0.00124608289890826415 1.45597 0 176205 86.732 38.117 34.3053 0 01 0 0 -0 0 0 0 -0 0 0 0 -0 1.4641 13.1055 0 0 
0.00125238360419174018 0.404749 0 78203 85.2054 37.3092 33.5782 0 01 -0 0 0 0 -0 0 0 0 -0 0 0 3.73796 9.98943 222.45 805.511 
0.00127127144427783808 0.257971 1 59411 0 35.0243 31.5219 0 0 2 0.00388887 -0.000911355 -0.0107429 0 0 0 0 0 0 0 0 4.42171 7.15659 458.27 1672.61 
0.00127127144427783808 0.685963 0 122627 80.8837 35.1356 31.6221 0 01 0 0 0 0 0 0 0 0 0 0 0 2.06911 6.83648 0 136.541 
0.00127674707936045609 0.559185 0 161709 0 35.8228 32.2405 0 01 0 0 0 0 0 0 0 0 0 0 0 3.32082 9.41877 0 0 
0.00128847824189491839 0.693514 0 42429 77.2398 33.4062 30.0656 0 01 0 0 0 0 0 0 0 0 0 0 0 2.75142 10.3335 24.2139 24.2139 
0.00128847824189491839 1.30261 0 176470 78.0612 33.742 30.3678 0 01 0 0 0 0 0 0 0 0 0 0 0 2.64583 6.57058 0 0 
0.00128847824189491839 1.32937 0 115918 78.7712 34.1688 30.752 0 01 0 0 0 0 0 0 0 0 0 0 0 2.64583 6.57058 0 0 
0.00129631759585889538 0.312433 1 9114 0 32.7661 29.4895 0 0 1 0.00987424 -0.00890396 0.00536041 0 0 0 0 0 0 0 0 3.48007 7.47933 39.7572 490.243 
0.00129631759585889538 1.0184 0 100809 75.8412 32.611 29.3499 0 01 0 -0 0 0 0 -0 0 0 0 -0 0 5.04627 8.09261 239.342 239.342 
0.00130383810951205251 0.860964 0 102311 75.0149 32.2003 28.9803 0 01 0 0 0 0 0 0 0 0 0 0 0 2.58299 6.04322 0 112.888 
0.0013067762193575683 0.50864 1 4485 0 31.8354 28.6519 0 0 1 0.00860391 -0.00731606 0.00480819 0 0 0 0 0 0 0 0 1.03886 3.59165 0 2.67543 
0.00130954108198090384 1.1719 0 152617 73.6069 31.5015 28.3514 0 01 -0 0 0 0 -0 0 0 0 -0 0 0 0 0 0 0 
0.0013368724479983279 1.17357 0 114706 70.8061 30.1834 27.1651 0 01 0 0 0 0 0 0 0 0 0 0 0 2.41308 8.37567 0 0 
0.0013368724479983279 1.72159 0 153939 71.4512 30.4729 27.4256 0 01 0 0 0 0 0 0 0 0 0 0 0 5.23424 13.9259 0 287.133 
0.00133794526788749788 0.703903 0 51259 69.5325 29.5049 26.5544 0 01 0 -0 0 0 0 -0 0 0 0 -0 0 0 3.46673 0 0 
0.00133794526788749788 2.05476 0 174664 69.4959 29.533 26.5797 0 01 0 0 0 0 0 0 0 0 0 0 0 0 0 0 0 
0.00134530401294184927 0.282872 0 24013 0.217706 29.1643 26.2479 0 01 0 0 0 0 0 0 0 0 0 0 0 3.41779 8.61935 232.296 743.763 
0.00136161059853704119 0.670113 0 121014 67.3249 28.5123 25.6611 0 01 0 0 0 0 0 0 0 0 0 0 0 4.68221 14.7633 0 141.958 
0.00136161059853704119 0.864276 0 111328 67.4826 28.5091 25.6582 0 01 0 0 0 0 0 0 0 0 0 0 0 4.33247 9.55449 488.388 488.388 
0.00136161059853704119 2.51978 0 196871 67.4387 28.537 25.6833 0 01 0 0 0 0 0 0 0 0 0 0 0 0 2.42254 0 0 
0.0013666880672892367 0.431026 0 71530 66.0952 27.9251 25.1325 0 01 0 0 -0 0 0 0 -0 0 0 0 -0 3.36016 10.9683 0 466.435 
0.00137137429755200373 1.43926 0 150382 65.3114 27.4587 24.7128 0 01 0 0 -0 0 0 0 -0 0 0 0 -0 0 2.86143 0 0 
0.00137722412410785488 0.529577 0 88100 64.7006 27.2409 24.5168 0 01 0 0 0 0 0 0 0 0 0 0 0 4.28272 10.1521 0 569.438 
0.0013841311661274894 0.472659 0 12700 64.3014 26.9734 24.2761 0 01 -0 0 0 0 -0 0 0 0 -0 0 0 4.67902 8.86419 5.02046 94.3722 
0.0013841311661274894 0.814071 1 0 0 27.1182 24.4064 0 0 1 -0.0189382 0.0110792 -0.0212705 1 6.68784 0.620478 6.60553 0 0 0 0 2.45379 8.98474 0 0 
0.0013913930548633787 0.46237 1 37142 0 26.3991 23.7592 0 0 1 0.00994775 0.00128541 0.0272077 0 0 -0 0 0 0 -0 0 0.947099 5.19141 955.284 955.284 
0.0013913930548633787 0.578913 0 177308 63.2174 26.556 23.9004 0 01 0 0 0 0 0 0 0 0 0 0 0 1.17333 4.67608 0 0 
0.00139259093307992732 0.931367 0 25684 1.3084 26.4178 23.776 0 01 0 -0 0 0 0 -0 0 0 0 -0 0 0.931367 0.931367 0 0 
0.00139801087461321701 1.3267 0 166865 62.8942 26.3013 23.6711 0 01 0 0 0 0 0 0 0 0 0 0 0 1.33735 5.33642 0 0 
0.0014133420193344539 0.23274 1 110778 0 25.6475 23.0828 0 0 2 -0.00122915 -0.00577823 0.00413503 0 -0 0 0 0 -0 0 0 5.45 9.7616 60.6002 1110.94 
0.0014133420193344539 0.398858 0 25991 61.3019 25.6372 23.0735 0 01 0 -0 0 0 0 -0 0 0 0 -0 0 7.21796 15.6849 314.587 860.679 
0.0014133420193344539 1.16394 0 164435 61.1483 25.453 22.9077 0 01 -0 0 0 0 -0 0 0 0 -0 0 0 0 10.4229 0 0 
0.0014133420193344539 1.48168 0 197790 61.1754 25.5667 23.01 0 01 0 0 0 0 0 0 0 0 0 0 0 0 4.40933 0 0 
0.0014133420193344539 2.21644 0 181303 61.4273 25.6566 23.0909 0 01 0 -0 0 0 0 -0 0 0 0 -0 0 0 6.62526 0 0 
0.00142631602735503508 0.714684 0 107024 60.5044 25.1244 22.612 0 01 0 0 0 0 0 0 0 0 0 0 0 2.89123 10.141 356.982 356.982 
0.00142631602735503508 0.948151 0 95702 60.5667 25.1563 22.6407 0 01 0 0 0 0 0 0 0 0 0 0 0 4.81435 16.3223 0 178.051 
0.00142631602735503508 2.14704 0 156600 59.8262 24.8326 22.3494 0 01 0 -0 0 0 0 -0 0 0 0 -0 0 2.12568 12.9884 0 0 
0.00142931915988920698 1.01247 0 184514 59.5604 24.6404 22.1764 0 01 0 0 0 0 0 0 0 0 0 0 0 0 6.14335 0 0 
0.00142931915988920698 1.02037 0 176147 59.5084 24.6144 22.1529 0 01 0 0 0 0 0 0 0 0 0 0 0 0 6.14335 0 0 
0.00143961897810717374 0.255996 0 147276 58.7407 24.2981 21.8683 0 01 0 0 0 0 0 0 0 0 0 0 0 4.35942 5.90248 26.0537 1363.35 
0.00143961897810717374 0.801506 0 85265 58.7173 24.2108 21.7897 0 01 -0 0 0 0 -0 0 0 0 -0 0 0 1.59568 4.80053 0 0 
0.00145312287024511951 0.390129 0 52253 57.7001 23.6924 21.3231 0 01 0 0 0 0 0 0 0 0 0 0 0 2.64386 6.49579 0 0 
0.00146044349813671879 0.994961 0 179664 56.8427 23.253 20.9277 0 01 0 0 0 0 0 0 0 0 0 0 0 1.01094 2.99742 0 237.907 
0.00147006605082421085 2.25654 0 134142 56.2477 22.9962 20.6966 0 01 0 0 0 0 0 0 0 0 0 0 0 0 0 0 0 
0.0014768349043219396 0.229458 1 13642 0 22.6589 20.393 0 0 1 -6.06494e-05 0.00251454 -0.000653972 0 0 0 0 0 0 0 0 1.48382 5.9376 139.442 359.064 
0.00147892309979682796 0.659487 0 128897 55.4251 22.5594 20.3035 0 01 0 0 0 0 0 0 0 0 0 0 0 0.649121 1.31311 0 0 
0.00149041683929624974 0.213091 0 10715 0.543232 22.2402 20.0162 0 01 0 0 0 0 0 0 0 0 0 0 0 4.11512 9.54836 124.995 1017.2 
0.00149548729338421665 0.108444 1 28748 0 21.9752 19.7777 0 0 2 0.00145896 -0.000351774 0.0036228 0 0 -0 0 0 0 -0 0 2.61501 5.16164 854.278 1555.8 
0.00149878164260082848 0.118927 1 6409 0 21.859 19.6731 0 0 1 -0.00095733 0.00536993 0.000694411 0 -0 0 0 0 -0 0 0 2.5779 3.66874 74.6868 930.057 
0.00152711762961893222 0.289587 0 37483 52.7163 21.1531 19.0378 0 01 0 0 0 0 0 0 0 0 0 0 0 6.47786 12.9825 118.977 664.741 
0.00152711762961893222 0.304742 0 75494 52.6861 21.1389 19.025 0 01 0 0 0 0 0 0 0 0 0 0 0 6.47786 12.9825 118.977 664.741 
0.00152711762961893222 0.644152 0 111644 0.132499 21.147 19.0323 0 01 0 0 0 0 0 0 0 0 0 0 0 3.17675 15.2912 23.8923 87.0706 
0.00152711762961893222 0.676135 0 77606 52.4339 21.0097 18.9088 0 01 0 0 0 0 0 0 0 0 0 0 0 4.0945 9.53049 0 190.052 
0.00152711762961893222 1.32066 1 165646 52.3922 21.1475 19.0328 0 0 1 -1.89943 -2.76632 -2.59441 0 0 0 0 0 0 0 0 0 9.41925 0 0 
0.00154328838175051193 0.123478 1 27716 0 20.6105 18.5494 0 0 1 -0.00457052 -0.00141014 -0.00258759 0 -0 0 0 0 -0 0 0 6.56528 11.5592 1177.35 2697.05 
0.00154328838175051193 0.250165 1 56191 51.4257 20.6185 18.5566 0 0 1 3.95775 1.07572 0.215207 0 0 0 0 0 0 0 0 8.30354 16.1965 493.831 960.258 
0.00154328838175051193 0.267463 1 154047 0 20.7245 18.6521 0 0 1 0.00106402 -0.00368525 -0.00446781 0 0 0 -0 0 0 0 -0 8.30354 16.1965 493.831 960.258 
0.00154328838175051193 0.544723 0 74245 51.1709 20.4555 18.41 0 01 -0 0 0 0 -0 0 0 0 -0 0 0 5.51537 20.3979 98.0318 438.049 
0.00154328838175051193 0.740812 0 44453 51.9633 20.7721 18.6949 0 01 0 0 0 0 0 0 0 0 0 0 0 4.40102 16.078 2.84733 235.873 
0.00154328838175051193 1.35835 0 194166 51.865 20.849 18.7641 0 01 0 0 0 0 0 0 0 0 0 0 0 2.68836 16.0889 0 0 
0.00154962375094638556 0.402571 1 43106 0 20.2791 18.2512 0 0 2 0.00254542 0.00805929 -0.00998646 0 0 0 0 0 0 0 0 3.29779 11.9235 8.37691 44.053 
0.00156410583005926903 0.546098 0 185627 50.0487 19.8441 17.8597 0 01 0 0 -0 0 0 0 -0 0 0 0 -0 2.21484 5.52684 0 215.233 
0.00156533199770460068 0.112882 0 89578 49.7995 19.7554 17.7799 0 01 0 -0 0 0 0 -0 0 0 0 -0 0 1.11793 2.93811 0 608.647 
0.00157166359516094358 0.831441 0 161343 0 19.6663 17.6996 0 01 0 0 0 0 0 0 0 0 0 0 0 2.50294 7.5061 0 0 
0.00157486510961006381 0.747723 0 54190 49.2892 19.5115 17.5604 0 01 0 0 0 0 0 0 0 0 0 0 0 2.20661 5.90428 0 177.683 
0.00157486510961006381 1.88486 0 183715 49.3078 19.5658 17.6093 0 01 -0 0 0 0 -0 0 0 0 -0 0 0 0 0 0 0 
0.00158376850051788727 0.575983 0 99846 48.7235 19.2756 17.348 0 01 0 0 0 0 0 0 0 0 0 0 0 4.02581 13.205 0 311.964 
0.00158376850051788727 0.721146 0 116262 49.0266 19.351 17.4159 0 01 -0 0 0 0 -0 0 0 0 -0 0 0 5.75268 10.7496 0 651.056 
0.00158376850051788727 0.756423 0 162029 49.042 19.4253 17.4828 0 01 0 0 0 0 0 0 0 0 0 0 0 3.78566 12.1696 0 0 
0.00159929976926558633 0.23538 0 62226 48.302 18.9744 17.077 0 01 0 -0 0 0 0 -0 0 0 0 -0 0 6.6548 13.5961 276.771 1030.45 
0.00159929976926558633 0.281138 0 27316 48.1001 18.9623 17.0661 0 01 0 0 0 0 0 0 0 0 0 0 0 8.54747 15.9857 828.247 1814.68 
0.00159929976926558633 1.10888 0 157557 48.6908 19.1236 17.2112 0 01 0 0 -0 0 0 0 -0 0 0 0 -0 4.42366 14.4274 0 177.613 
0.00159929976926558633 2.1085 0 183290 48.3797 19.0822 17.1739 0 01 0 0 0 0 0 0 0 0 0 0 0 0 0 0 0 
0.0016034451139926673 0.849678 1 164882 47.7203 18.7894 16.9104 0 0 1 -0.742674 -0.075089 0.748064 0 0 0 0 0 0 0 0 2.57995 8.60204 158.569 158.569 
0.00160799440950718984 0.517759 0 45741 0.326312 18.5638 16.7072 0 01 0 0 0 0 0 0 0 0 0 0 0 1.52313 8.68518 0 558.492 
0.00163278042299144581 0.215069 1 953 0 18.5233 16.6707 0 0 1 0.00470021 0.00293494 -0.00401243 0 0 0 0 0 0 0 0 5.78367 11.2526 1011.81 1424.53 
0.00163278042299144581 0.372169 1 55710 0 18.4216 16.579 0 0 1 -0.0101504 -0.00947617 -0.00103926 0 0 -0 0 0 0 -0 0 7.59074 19.267 149.256 855.266 
0.00163278042299144581 1.38103 0 144755 46.2284 18.4246 16.5818 0 01 0 0 0 0 0 0 0 0 0 0 0 2.80919 11.1565 10.3841 10.3841 
0.00163278042299144581 1.64741 0 139943 46.444 18.3792 16.5409 0 01 0 -0 0 0 0 -0 0 0 0 -0 0 1.65299 6.45321 0 0 
0.00163278042299144581 1.6836 0 177060 46.786 18.4286 16.5854 0 01 0 0 0 0 0 0 0 0 0 0 0 3.39738 10.1844 0 0 
0.00164896931438549498 0.492469 0 65477 45.4948 18.1351 16.3208 0 01 -0 0 0 0 -0 0 0 0 -0 0 0 6.31805 12.6661 0 384.836 
0.00164896931438549498 0.542243 0 63181 45.5723 18.2206 16.398 0 01 0 0 0 0 0 0 0 0 0 0 0 3.21089 14.8526 414.549 414.549 
0.00164896931438549498 0.601383 0 37829 45.571 18.2197 16.3971 0 01 0 0 0 0 0 0 0 0 0 0 0 4.80719 14.9797 42.3317 135.379 
0.00164896931438549498 0.88945 0 57888 0.113429 19.6509 17.6858 0 01 0 0 0 0 0 0 0 0 0 0 0 3.5832 8.91627 0 0 
0.00164896931438549498 2.04238 0 146828 45.4911 18.1324 16.3185 0 01 0 0 0 0 0 0 0 0 0 0 0 2.073 10.2833 0 28.6448 
0.00164896931438549498 2.92134 0 194155 45.6927 18.1811 16.3623 0 01 0 0 0 0 0 0 0 0 0 0 0 0 2.90661 0 0 
0.00166133864713151791 0.207108 1 85683 0 17.9727 16.1745 0 0 2 -0.0214458 0.00324882 0.0183873 0 0 0 0 0 0 0 0 5.12183 9.38287 1545.86 1695.94 
0.00166133864713151791 0.253447 1 58596 0 18.0094 16.2076 0 0 2 0.00229873 0.00460086 -0.00821915 0 0 0 -0 0 0 0 -0 4.55899 12.27 345.393 864.996 
0.00166133864713151791 0.3646 0 60170 45.2368 18.0177 16.2151 0 01 0 0 0 0 0 0 0 0 0 0 0 5.81341 13.8702 278.758 457.897 
0.00168079451084591439 0.692944 0 120626 44.1948 17.6312 15.8668 0 01 0 0 0 0 0 0 0 0 0 0 0 0.702326 6.24771 0 85.4476 
0.00169779424879701172 0.152079 1 20900 43.6574 17.3593 15.6217 0 0 1 2.31584 1.94498 -2.39992 0 0 0 0 0 0 0 0 4.52965 9.78269 1128.68 2518.79 
0.00169779424879701172 0.346101 0 141955 43.841 17.4443 15.6983 0 01 0 0 0 0 0 0 0 0 0 0 0 7.31176 14.9747 240.376 977.147 
0.00169779424879701172 0.388937 0 35366 43.6827 17.4532 15.7063 0 01 -0 0 0 0 -0 0 0 0 -0 0 0 6.20855 15.1717 77.8415 240.963 
0.00169779424879701172 0.521809 0 83883 43.4998 17.3164 15.5831 0 01 -0 0 0 0 -0 0 0 0 -0 0 0 4.0791 18.9001 79.114 79.114 
0.00169779424879701172 0.557618 0 25648 43.9216 17.5683 15.81 0 01 0 0 0 0 0 0 0 0 0 0 0 6.11245 18.946 146.626 285.326 
0.00169779424879701172 0.598671 0 68583 43.541 17.3439 15.6078 0 01 -0 0 0 0 -0 0 0 0 -0 0 0 6.62511 17.4494 20.3758 614.562 
0.00169779424879701172 0.634349 0 85753 43.43 17.2953 15.564 0 01 0 0 0 0 0 0 0 0 0 0 0 5.02336 10.6606 0 149.114 
0.00169779424879701172 1.37316 0 150523 43.4831 17.3509 15.6141 0 01 0 0 0 0 0 0 0 0 0 0 0 0 6.7725 0 0 
0.00169882984603616821 2.47468 0 94719 43.369 17.3466 15.6102 0 01 0 0 0 0 0 0 0 0 0 0 0 0 0 0 0 
0.00171528259332578373 0.959594 0 131772 42.8596 17.0815 15.3714 0 01 0 0 0 0 0 0 0 0 0 0 0 2.85555 6.69566 31.0129 31.0129 
0.00171745379588856759 1.62515 0 170070 42.6563 17.0506 15.3435 0 01 0 0 0 0 0 0 0 0 0 0 0 1.66285 1.66285 0 19.8335 
0.00173284229237471998 0.299655 0 68259 42.4999 17.0242 15.3198 0 01 -0 0 0 0 -0 0 0 0 -0 0 0 5.11585 13.9264 0 277.981 
0.00173284229237471998 2.44465 0 197910 42.2259 16.8626 15.1741 0 01 0 0 -0 0 0 0 -0 0 0 0 -0 2.4368 7.0026 0 0 
0.00175364058848973578 0.225905 0 78974 41.3222 16.4968 14.8445 0 01 0 -0 0 0 0 -0 0 0 0 -0 0 7.29911 12.4939 253.999 1121.46 
0.00175364058848973578 0.287979 0 4347 41.5373 16.5724 14.9126 0 01 0 0 0 0 0 0 0 0 0 0 0 9.35581 20.0949 158.97 700.868 
0.00175364058848973578 0.731635 0 111014 41.6225 16.5783 14.9179 0 01 0 0 -0 0 0 0 -0 0 0 0 -0 4.44102 19.2384 1.18645 12.7952 
0.00175364058848973578 2.09305 0 121054 41.5427 16.6256 14.9605 0 01 -0 0 0 0 -0 0 0 0 -0 0 0 2.07666 8.2574 0 6.37098 
0.0017651769435190201 3.15531 0 82477 40.9632 16.3009 14.6679 0 01 -0 0 0 0 -0 0 0 0 -0 0 0 0 0 0 0 
0.00177174713947743367 0.501787 0 51605 40.827 16.242 14.6149 0 01 0 0 -0 0 0 0 -0 0 0 0 -0 2.54167 5.12352 50.2298 338.93 
0.00177297350805165842 0.833572 0 122995 40.6661 16.2641 14.6348 0 01 0 0 0 0 0 0 0 0 0 0 0 0 0.850641 0 0 
0.00177800715633193249 0.943521 0 5284 40.5322 16.1449 14.5274 0 01 0 0 -0 0 0 0 -0 0 0 0 -0 0 2.86541 0 0 
0.00177984458242694764 0.30394 1 204434 46.176 24.5302 22.0771 0 0 2 -32.8516 -7.3327 9.06466 0 0 0 0 0 0 0 0 2.13489 5.55814 506.39 569.609 
0.00177984458242694764 0.313178 0 22499 40.4457 16.1093 14.4953 0 01 0 0 0 0 0 0 0 0 0 0 0 2.13489 5.55814 506.39 569.609 
0.00177984458242694764 1.49963 0 189256 40.4504 16.1132 14.4988 0 01 0 0 0 0 0 0 0 0 0 0 0 0 0 0 0 
0.00179615672111414575 1.88461 0 195207 39.8973 15.8784 14.2873 0 01 0 -0 0 0 0 -0 0 0 0 -0 0 0 1.91097 0 0 
0.00180436252186881043 2.13306 0 185827 39.6373 15.7818 14.2002 0 01 0 0 0 0 0 0 0 0 0 0 0 0 0 0 0 
0.00181423799886537064 0.197073 1 7823 0 15.6388 14.0714 0 0 1 0.0236091 -0.00257811 -0.0291185 0 0 0 -0 0 0 0 -0 3.26748 10.4256 0 349.449 
0.00181423799886537064 0.278676 0 50618 39.3718 15.6688 14.0984 0 01 0 0 0 0 0 0 0 0 0 0 0 4.56112 9.18226 278.872 346.801 
0.00181423799886537064 1.91789 0 191234 39.5368 15.789 14.2068 0 01 -0 0 0 0 -0 0 0 0 -0 0 0 1.91653 1.91653 0 0 
0.0018242279061717985 0.64794 0 36465 39.0862 15.5414 13.9837 0 01 0 -0 0 0 0 -0 0 0 0 -0 0 1.98372 3.93653 0 20.5228 
0.00183321146670788128 0.178056 1 23355 38.7463 15.5002 13.9466 0 0 1 2.39702 0.230841 2.85913 0 0 0 0 0 0 0 0 3.37636 5.07755 28.2784 1006.87 
0.00183321146670788128 2.68804 0 170525 38.7956 15.4955 13.9424 0 01 0 0 0 0 0 0 0 0 0 0 0 0 0 0 0 
0.00183540067170718624 0.523795 0 70798 0.443082 15.3799 13.8382 0 01 0 0 -0 0 0 0 -0 0 0 0 -0 2.06474 6.75238 0 0 
0.00183864187007118829 2.01094 0 167586 38.5806 15.3401 13.8023 0 01 0 0 0 0 0 0 0 0 0 0 0 0 0 0 0 
0.00184671481317156519 0.324448 0 79197 38.3837 15.29 13.7572 0 01 -0 0 0 0 -0 0 0 0 -0 0 0 0.963877 4.37425 0 89.6187 
0.00184869133799992966 1.07744 0 159247 38.304 15.2313 13.7043 0 01 0 0 0 0 0 0 0 0 0 0 0 1.09336 2.16982 24.1687 24.1687 
0.00185063914269200562 0.143238 1 209141 0 19.3756 17.438 0 0 2 0.741164 -0.0933856 0.0125105 0 0 0 0 0 0 0 0 1.69097 5.12035 0 180.889 
0.00186695542502881662 0.654505 0 36799 37.7695 15.0113 13.5061 0 01 0 0 0 0 0 0 0 0 0 0 0 1.31279 4.59372 0 0 
0.00186878583971885584 1.19476 0 87721 37.6852 14.9772 13.4754 0 01 0 0 -0 0 0 0 -0 0 0 0 -0 0 4.78038 0 0 
0.00186878583971885584 1.41578 0 159486 37.6837 14.9757 13.4741 0 01 0 0 -0 0 0 0 -0 0 0 0 -0 0 0 0 0 
0.00190754781802710406 0.205655 0 58537 36.8577 14.9918 13.4886 0 01 0 0 0 0 0 0 0 0 0 0 0 7.20951 13.8192 519.457 1406.91 
0.00190754781802710406 0.305036 0 32995 37.0429 14.978 13.4762 0 01 0 -0 0 0 0 -0 0 0 0 -0 0 4.25901 16.3479 12.3707 210.561 
0.00190754781802710406 0.39949 0 24007 0.307105 14.9376 13.4398 0 01 0 0 0 0 0 0 0 0 0 0 0 6.80149 18.7479 701.048 807.792 
0.00190754781802710406 0.642208 0 62469 36.8054 36.6888 13.5402 0 01 0 -0 0 0 0 -0 0 0 0 -0 0 8.24552 22.1895 0 172.734 
0.00190754781802710406 0.74234 0 144496 36.8656 14.9981 13.4943 0 01 -0 0 0 0 -0 0 0 0 -0 0 0 4.52268 14.2323 0 0 
0.00190754781802710406 0.746534 0 169315 36.9321 14.9386 13.4406 0 01 0 0 0 0 0 0 0 0 0 0 0 4.52268 14.2323 0 0 
0.00190754781802710406 0.910259 0 162583 37.01 14.9376 13.4398 0 01 0 0 -0 0 0 0 -0 0 0 0 -0 0.896702 14.4529 0 0 
0.00190754781802710406 2.27143 0 149543 36.7563 14.9902 13.4871 0 01 0 -0 0 0 0 -0 0 0 0 -0 0 2.20517 11.0785 0 0 
0.00192182117259341459 1.30537 0 143944 36.4785 36.3646 17.1023 0 01 0 -0 0 0 0 -0 0 0 0 -0 0 4.01292 9.34417 0 126.653 
0.00194387216547375744 0.243402 0 8274 35.9089 35.7997 29.392 0 01 0 0 -0 0 0 0 -0 0 0 0 -0 0 0 0 0 
0.00194387216547375744 0.256934 0 52396 35.881 35.772 29.9028 0 01 0 0 -0 0 0 0 -0 0 0 0 -0 8.1468 19.9019 528.183 1053.75 
0.00194387216547375744 0.683833 0 128347 35.8955 35.7864 29.8435 0 01 0 0 0 0 0 0 0 0 0 0 0 6.15938 24.5868 0 39.4203 
0.00194387216547375744 0.920402 0 186579 35.8192 35.7107 30.0094 0 01 0 -0 0 0 0 -0 0 0 0 -0 0 8.20462 23.6878 165.178 167.719 
0.00194387216547375744 1.46399 0 198841 35.9894 35.8795 28.0543 0 01 0 -0 0 0 0 -0 0 0 0 -0 0 5.89689 13.2452 0 0 
0.00195727659578335319 0.190803 0 90793 35.7125 35.6048 29.9254 0 01 0 0 -0 0 0 0 -0 0 0 0 -0 6.07473 11.0347 1721.81 3440.62 
0.00195727659578335319 0.338659 0 102873 35.6821 35.5747 29.9024 0 01 -0 0 0 0 -0 0 0 0 -0 0 0 8.20597 14.3568 168.678 1262.88 
0.00197690820686480338 0.984812 0 87366 35.2759 35.1717 29.7388 0 01 0 0 0 0 0 0 0 0 0 0 0 1.9795 11.912 0 0 
0.00197690820686480338 1.46796 0 57393 35.2741 35.1699 29.7372 0 01 0 0 0 0 0 0 0 0 0 0 0 2.92347 13.225 0 116.879 
0.00197690820686480338 2.29868 0 191220 35.2742 35.17 29.7372 0 01 0 0 0 0 0 0 0 0 0 0 0 0 4.35607 0 0 
0.00197690820686480338 2.41586 0 196116 35.192 35.0885 29.6709 0 01 0 0 0 0 0 0 0 0 0 0 0 0 4.83292 0 0 
0.00199282091226200353 0.428474 1 134648 34.8295 13.6402 10.9734 0 0 1 11.4177 -1.78282 5.62152 0 0 0 0 0 0 0 0 8.09544 17.0004 31.8841 436.307 
0.00199282091226200353 0.432356 0 165929 34.8882 34.7871 29.5837 0 01 0 0 0 0 0 0 0 0 0 0 0 8.09544 17.0004 31.8841 436.307 
0.00199282091226200353 2.56161 0 137507 34.7929 34.6925 29.5067 0 01 0 0 0 0 0 0 0 0 0 0 0 2.64589 7.81201 0 0 
0.00201008764603466698 0.195675 0 43247 34.425 34.3275 29.3656 0 01 0 0 0 0 0 0 0 0 0 0 0 5.88604 12.1283 706.877 2029.67 
0.00201008764603466698 0.23338 0 38744 34.4193 34.3219 29.3603 0 01 0 -0 0 0 0 -0 0 0 0 -0 0 0 0 0 0 
0.00201008764603466698 0.546909 0 71669 34.3464 34.2495 29.3009 0 01 0 0 0 0 0 0 0 0 0 0 0 4.89928 13.0916 93.3085 164.791 
0.00201679350647273855 0.357711 0 172056 0.494603 59.1378 53.224 0 01 0 0 0 0 0 0 0 0 0 0 0 3.07261 9.60269 37.7599 162.349 
0.002059358108109457 0.232071 0 17420 33.4215 33.3316 28.8696 0 01 0 0 -0 0 0 0 -0 0 0 0 -0 5.64124 15.5615 507.823 1256.34 
0.002059358108109457 1.5679 0 195542 33.3682 33.2787 28.8176 0 01 0 0 0 0 0 0 0 0 0 0 0 0 0 0 0 
0.002080669222297599 1.06406 0 138555 33.057 32.9698 28.713 0 01 0 0 0 0 0 0 0 0 0 0 0 4.24349 13.7542 0 2.57698 
0.002080669222297599 1.08697 0 149405 33.1739 33.0858 28.7866 0 01 -0 0 0 0 -0 0 0 0 -0 0 0 2.20824 9.8695 0 0 
0.002080669222297599 1.78416 0 140577 33.135 33.0473 28.7773 0 01 0 0 0 0 0 0 0 0 0 0 0 1.83728 3.6334 0 13.9492 
0.002080669222297599 2.15195 0 175769 1.39969 22.2303 20.0072 0 01 0 0 0 0 0 0 0 0 0 0 0 2.04375 8.34726 0 124.569 
0.00210387340773010231 0.331432 0 41308 32.768 32.6829 28.5968 0 01 0 0 -0 0 0 0 -0 0 0 0 -0 4.15194 18.2416 59.3269 202.492 
0.00210387340773010231 0.74559 0 30052 32.4488 32.3661 27.8771 0 10.03431 -8.46629 -4.98281 2.04489 0 0 -0 0 0 0 -0 0 7.55032 23.4253 0 13.1327 
0.00211310133607714662 0.886828 0 107151 32.3059 32.2242 27.5489 0 17.41011 -11.6649 -11.943 -4.94019 0 0 -0 0 0 0 -0 0 4.42387 8.81969 0 0 
0.00211310133607714662 1.90039 0 176355 32.2815 32.2 27.4196 0 21.27231 19.2839 -8.62053 -2.51638 0 0 0 0 0 0 0 0 1.85724 5.64995 0 0 
0.002122888188377674 0.811874 0 121925 32.1195 32.0391 26.9424 0 35.42591 -34.6977 -1.29933 7.02682 0 0 -0 0 0 0 -0 0 8.06298 15.3049 0 676.2 
0.00214464005259118896 1.23085 0 139792 31.9889 31.9094 26.6214 0 16.80541 12.7663 10.9281 0.146144 0 0 0 0 0 0 0 0 1.23994 9.91936 0 0 
0.00215517883210964659 0.467814 0 109173 31.5459 31.4695 25.238 0 39.58731 2.30704 -21.2156 33.3427 0 0 0 0 0 0 0 0 6.19375 14.7496 0 325.861 
0.00215517883210964659 0.913835 0 15422 31.4974 31.4212 25.0867 0 38.34141 -20.6646 26.688 -18.1876 0 0 0 -0 0 0 0 -0 7.32577 11.8788 106.561 106.561 
0.00215517883210964659 0.968871 0 55686 31.4713 31.3953 25.0074 0 53.38211 10.5992 51.8769 -6.78863 0 0 0 0 0 0 0 0 2.90798 8.73608 0 0 
0.00215517883210964659 2.98851 0 194863 31.5906 31.5139 25.3739 0 28.44711 -20.6297 19.3066 3.30294 0 0 0 0 0 0 0 0 0 5.53594 0 0 
0.00216856632724967292 0.552613 0 67849 31.2414 31.167 24.3046 0 70.38541 -26.1381 16.0005 -63.3631 0 0 0 -0 0 0 0 -0 4.39875 14.7767 332.609 438.284 
0.00216856632724967292 1.16404 0 154920 31.2574 31.1829 24.355 0 80.27361 -45.7078 55.5147 -35.6758 0 0 0 0 0 0 0 0 0 4.71535 0 0 
0.00216856632724967292 1.23732 0 184947 31.2345 31.1601 24.2863 0 72.35531 43.2731 -55.3535 -17.2835 0 0 0 0 0 0 0 0 3.74648 4.9838 0 842.586 
0.00216856632724967292 1.28997 0 66897 31.2341 31.1598 24.2853 0 31.19371 20.5013 8.79206 -21.8047 0 0 0 0 0 0 0 0 5.1475 7.72615 61.4557 61.4557 
0.00219270027423033257 0.247785 1 86848 30.8252 30.7536 13.9712 0 0 1 12.4482 1.27725 0.02319 0 0 0 0 0 0 0 0 8.7365 19.5759 787.579 1537.5 
0.00219270027423033257 0.257914 0 34930 31.0161 30.9432 23.6269 0 64.22041 63.5467 2.44172 -8.95069 0 0 0 -0 0 0 0 -0 11.659 22.8679 174.924 646.042 
0.00219270027423033257 0.55856 0 30458 30.8936 30.8216 23.2599 0 25.52041 -24.2609 2.80192 -7.40596 0 0 0 -0 0 0 0 -0 8.22552 28.9912 34.0104 374.343 
0.00219270027423033257 0.668935 0 52314 30.7935 30.7221 22.9671 0 66.06621 -3.9433 64.927 -11.5617 0 0 0 -0 0 0 0 -0 9.2879 25.8778 344.377 382.457 
0.00219270027423033257 0.872909 0 79775 30.7969 30.7255 22.9742 0 98.39131 9.98824 33.7887 91.8663 0 0 0 0 0 0 0 0 4.30715 16.3775 19.5426 63.3149 
0.00219544947814077386 0.622327 0 69754 30.7762 30.7049 22.9145 0 92.55811 -35.0626 -6.03999 -85.4466 0 -0 0 0 0 -0 0 0 0.622327 4.31839 0 325.427 
0.00219544947814077386 1.43469 0 177987 30.7625 30.6913 22.873 0 76.5291 76.3008 -5.51153 2.1203 0 0 0 0 0 0 0 0 0 0 0 0 
0.00220803695855129739 0.24527 0 26774 30.6602 30.5897 22.575 0 65.14191 3.63957 15.584 63.1455 0 0 0 0 0 0 0 0 4.46178 9.88239 970.029 1136.33 
0.00220803695855129739 0.579976 0 132704 30.5626 30.4927 22.2921 0 118.471 -3.02873 -40.3344 111.351 0 0 -0 0 0 0 -0 0 3.43977 12.6201 0 53.4189 
0.00220803695855129739 0.843799 0 59481 30.6952 30.6244 22.6789 0 88.05651 -23.7783 50.978 67.7479 0 0 0 0 0 0 0 0 1.66934 9.22103 0 0 
0.00220803695855129739 0.881595 0 169885 30.6318 30.5614 22.4926 0 136.2091 -38.087 126.281 33.9906 0 -0 0 0 0 -0 0 0 5.3921 18.7854 0 0 
0.00220803695855129739 1.30347 0 194475 30.6804 30.6097 22.6341 0 23.391 -12.5287 -6.39809 18.6865 0 0 -0 0 0 0 -0 0 0 5.21189 0 0 
0.00221083803582521748 1.16171 0 19678 30.5204 30.4508 22.1727 0 105.6731 -73.9062 -21.3047 72.4619 0 0 0 0 0 0 0 0 0 3.5515 0 0 
0.0022180879317028261 0.423995 0 89901 30.3874 30.3186 21.7902 0 131.911 -100.258 -82.3938 23.6603 0 0 -0 0 0 0 -0 0 2.13959 6.46116 0 204.825 
0.00223521428744220211 1.64123 0 183892 30.1223 30.0552 21.046 0 105.9391 95.5988 43.0177 -15.278 0 0 0 -0 0 0 0 -0 0 0 0 0 
0.00224403562544713085 0.282299 0 43108 30.0418 29.9754 20.8241 0 91.10031 -47.4619 62.8656 45.7662 0 0 0 0 0 0 0 0 4.77352 12.3342 200.55 227.603 
0.00224403562544713085 0.904265 0 27397 30.0313 29.9648 20.794 0 83.65741 83.657 0.228421 -0.105318 0 0 0 -0 0 0 0 -0 0.904265 6.28198 0 0 
0.00224403562544713085 1.34872 0 154589 30.0242 29.9579 20.7742 0 87.51561 -78.5397 -6.94208 -37.9777 0 0 0 -0 0 0 0 -0 1.34872 10.7907 0 9.8362 
0.00227139799738696651 0.274262 0 48688 0.409661 29.6138 19.8329 0 136.3371 23.4783 -90.3929 99.3256 0 0 -0 0 0 0 -0 0 11.0955 22.768 190.297 2057.77 
0.00227139799738696651 0.331472 1 268352 0 22.4133 20.1719 0 0 2 0.00187626 0.00144337 0.00443676 0 0 0 0 0 0 0 0 8.89477 21.8543 244.194 994.698 
0.00227139799738696651 0.614139 0 129259 29.8493 29.784 20.2955 0 78.98651 20.6527 -67.4715 35.4955 0 0 0 0 0 0 0 0 7.49356 16.9018 0 74.8483 
0.00227139799738696651 0.900494 0 86949 29.7502 29.6856 20.0278 0 67.29351 -32.449 58.3778 -8.21725 0 -0 0 0 0 -0 0 0 4.47896 19.7394 21.5218 21.5218 
0.00228143452108612275 1.35366 0 153147 29.442 29.3793 19.2083 0 114.3451 47.6654 -10.5622 103.398 0 0 -0 0 0 0 -0 0 1.33585 5.37967 0 0 
0.00229236948127661171 0.932018 0 152125 29.2841 29.2223 18.7959 0 110.6681 78.4402 -72.224 29.6336 0 0 0 0 0 0 0 0 1.85249 2.76305 0 115.749 
0.00231525276019142615 0.16821 0 19650 29.1244 29.0637 18.3857 0 114.1081 4.06097 87.8661 72.6887 0 0 0 0 0 0 0 0 7.41174 14.8886 1662.75 2483.08 
0.00231525276019142615 0.349831 0 6292 29.1038 29.0433 18.3348 0 153.9071 55.071 -74.6739 122.794 0 0 0 0 0 0 0 0 12.6435 24.7248 823.051 1256.53 
0.00231525276019142615 0.787594 0 95010 29.1241 29.0634 18.3848 0 175.7461 66.2918 -55.0992 -153.154 0 0 -0 0 0 0 -0 0 6.32356 21.3916 24.7677 71.0909 
0.00231525276019142615 1.2923 0 54359 28.9575 28.8977 17.9635 0 138.6011 -69.1203 -87.0404 -82.8051 0 -0 0 0 0 -0 0 0 6.4931 22.0845 0 228.38 
0.00231525276019142615 1.82776 0 185079 29.0216 28.9615 18.1259 0 168.0181 -113.286 -101.41 -71.4995 0 0 0 -0 0 0 0 -0 3.63951 9.08845 0 27.7322 
0.00231525276019142615 2.20306 0 179360 28.9337 28.8741 17.9042 0 222.3581 207.457 75.3135 27.069 0 0 0 0 0 0 0 0 0 6.78326 0 0 
0.00232634668245987894 0.220516 0 29137 28.8047 28.7458 17.581 0 132.4281 13.8748 -56.182 119.115 0 0 0 0 0 0 0 0 4.07113 6.5051 300.153 1017.52 
0.00232634668245987894 0.826968 0 126118 28.7826 28.7238 17.5267 0 46.6451 22.5447 15.2789 37.8688 0 0 0 0 0 0 0 0 0.821332 4.10337 0 0 
0.00233439351980429914 0.466641 0 23097 28.6906 28.6324 17.3008 0 54.62371 33.5418 -32.9756 27.7723 0 0 0 0 0 0 0 0 2.69454 5.47732 16.647 117 
0.00234930173127554385 0.878458 0 61856 28.5407 28.4835 16.9349 0 149.1231 148.936 -6.58931 -3.52395 0 0 -0 0 0 0 -0 0 2.62873 6.11464 0 0 
0.00237001357488632542 0.348045 1 0 0 11.2413 7.26498 0 0 1 -28.5405 -62.6597 -20.7518 1 -22.3415 10.0516 24.4302 0 0 0 0 8.00311 21.618 465.519 986.377 
0.00237001357488632542 0.795771 0 99537 28.3536 28.2975 16.4849 0 256.5631 -256.555 0.0943701 -1.95644 0 0 0 -0 0 0 0 -0 7.92034 22.1992 65.9318 178.042 
0.00237001357488632542 1.32668 0 185355 28.3386 28.2826 16.45 0 58.76071 -41.7057 38.8873 -14.1858 0 0 0 -0 0 0 0 -0 5.26165 14.4455 0 24.8172 
0.00237001357488632542 1.63027 0 106288 28.3056 28.2497 16.3712 0 125.3361 88.8264 -88.034 -8.3066 0 0 0 -0 0 0 0 -0 1.61849 14.5003 0 0 
0.00237001357488632542 1.76502 0 162556 28.4539 28.3973 16.7258 0 139.7651 -15.1545 138.784 6.59329 0 -0 0 0 0 -0 0 0 3.53507 5.25994 0 0 
0.00237001357488632542 2.11919 0 39238 28.202 28.1468 16.1272 0 242.261 -200.086 -58.2954 123.519 0 -0 0 0 0 -0 0 0 0 2.15236 0 0 
0.00237001357488632542 2.15253 0 67839 28.2831 28.2273 16.3181 0 190.5731 145.881 -104.457 64.2315 0 0 0 0 0 0 0 0 0 2.15236 0 0 
0.00237001357488632542 3.34444 0 193763 28.3885 28.3322 16.5686 0 264.9881 -228.894 -22.2467 131.647 0 0 -0 0 0 0 -0 0 0 6.93081 0 0 
0.00238127987451376829 0.430678 0 6219 28.0697 28.0152 15.8179 0 247.7051 -224.983 -27.5826 99.8978 0 0 0 0 0 0 0 0 7.46892 16.7035 285.824 480.465 
0.00241943339275329291 0.44213 0 41160 28.0132 27.959 15.687 0 108.8441 105.009 -6.45966 27.902 0 0 0 0 0 0 0 0 9.63379 25.416 257.457 781.749 
0.00241943339275329291 0.46059 0 86890 27.8716 27.8182 15.3632 0 41.49421 -41.4539 -1.70068 0.666347 0 -0 0 0 0 -0 0 0 14.8141 41.2106 192.366 519.383 
0.00241943339275329291 0.702287 0 171631 28.0086 27.9545 15.6761 0 51.33081 23.763 15.1431 -42.9053 0 0 0 0 0 0 0 0 10.5203 27.3583 12.3652 267.701 
0.00241943339275329291 0.757575 0 73589 27.9947 27.9406 15.6447 0 167.4221 -162.962 -18.8436 -33.4441 0 0 -0 0 0 0 -0 0 12.0082 30.0247 340.468 346.636 
0.00241943339275329291 1.06333 0 129944 28.0037 27.9495 15.666 0 89.83341 40.5462 76.8593 22.7751 0 0 0 0 0 0 0 0 7.39603 30.5747 2.95894 2.95894 
0.00241943339275329291 2.02472 0 132710 27.7405 27.6879 15.0652 0 123.8621 123.776 -3.52268 2.99695 0 0 0 0 0 0 0 0 4.03186 12.1556 0 0 
0.00241943339275329291 2.14727 0 166801 27.6131 27.5612 14.7807 0 340.7331 -331.132 -70.9896 -37.564 0 0 0 -0 0 0 0 -0 4.34719 10.8664 0 58.7793 
0.00241943339275329291 2.15423 0 185527 27.9668 27.9129 15.5805 0 165.3171 -148.185 35.8564 63.9165 0 0 0 0 0 0 0 0 4.34719 10.8664 0 58.7793 
0.00242388241105952716 0.546591 0 89495 27.5396 27.4881 14.6182 0 207.0091 -186.473 89.8903 -0.624252 0 -0 0 0 0 -0 0 0 2.13544 4.81812 0 201.1 
0.00242930241851463434 0.362466 0 18064 27.4481 27.3971 14.4162 0 278.0721 -228.928 154.579 31.9578 0 0 0 0 0 0 0 0 3.52977 11.5918 4.66915 4.66915 
0.00243138191280525481 1.76911 0 129927 27.4288 27.3779 14.3743 0 273.9111 -158.774 163.187 152.276 0 0 0 0 0 0 0 0 1.79183 1.79183 0 0 
0.00246570785770494193 0.343693 0 61838 27.3392 27.2888 14.1802 0 345.7211 290.216 178.609 -58.2808 0 0 0 -0 0 0 0 -0 13.7689 28.6809 958.321 1869.62 
0.00246570785770494193 0.353613 0 81542 27.2419 27.192 13.9699 0 174.9751 -173.579 11.7524 -18.6662 0 -0 0 0 0 -0 0 0 13.7689 28.6809 958.321 1869.62 
0.00246570785770494193 0.542285 1 206604 28.5508 23.1008 20.7907 0 0 2 -1.11242 0.880755 -35.4179 0 0 0 0 0 0 0 0 10.8012 23.7834 93.6166 1193.15 
0.00246570785770494193 0.861479 0 181037 27.2189 27.1692 13.9209 0 281.4471 245.051 120.8 -67.6021 0 0 0 0 0 0 0 0 6.02943 21.4445 0 393.608 
0.00246570785770494193 1.01804 0 149264 27.311 27.2608 14.1191 0 223.8881 -152.202 3.33484 164.163 0 -0 0 0 0 -0 0 0 15.4301 33.9756 0 100.176 
0.00246570785770494193 1.30789 0 141353 27.2499 27.2 13.9875 0 167.9721 -167.966 -1.38643 0.155605 0 0 0 0 0 0 0 0 11.8489 29.0097 0 206.603 
0.00246570785770494193 1.60144 0 187038 27.069 27.0201 13.6026 0 328.131 6.54157 313.713 95.9703 0 0 0 0 0 0 0 0 11.2717 25.917 0 107.355 
0.00254214013229902462 0.182716 0 8327 26.2079 26.1637 11.8627 0 300.8481 -138.163 -58.9922 260.653 0 0 0 0 0 0 0 0 10.209 19.1067 1368.03 2984.26 
0.00254214013229902462 0.323091 0 89672 26.1819 26.1378 11.8125 0 206.4711 -203.981 31.3764 6.11656 0 0 0 0 0 0 0 0 15.2504 35.0639 335.212 1530.07 
0.00254214013229902462 0.333344 0 18681 26.3216 26.2768 12.0841 0 197.1671 -15.4027 90.2684 174.612 0 0 0 0 0 0 0 0 15.2504 35.0639 335.212 1530.07 
0.00254214013229902462 1.10086 0 125335 26.327 26.2821 12.0949 0 222.5061 -219.519 -4.74201 36.0219 0 0 0 0 0 0 0 0 4.38451 21.9711 59.1908 59.1908 
0.00254214013229902462 1.3022 0 145174 26.2275 26.1832 11.9005 0 345.251 23.1724 -300.387 -168.608 0 0 -0 0 0 0 -0 0 9.00185 23.0442 146.601 194.249 
0.00254214013229902462 1.45104 0 49516 26.5959 26.5496 12.6283 0 332.3511 -119.876 -272.834 -147.134 0 0 0 -0 0 0 0 -0 4.38376 22.0406 0 206.083 
0.00254214013229902462 1.46894 0 170681 26.196 26.1518 11.8401 0 48.72831 44.7082 -12.3842 -14.9083 0 0 0 0 0 0 0 0 4.38376 22.0406 0 206.083 
0.00254214013229902462 1.69974 0 131361 26.4753 26.4296 12.3872 0 369.9261 -118.12 78.0858 -341.753 0 0 0 0 0 0 0 0 8.57284 20.5476 0 208.314 
0.00254214013229902462 2.53949 0 195209 26.2463 26.2019 11.9376 0 146.5491 127.936 32.7047 -63.5562 0 0 0 0 0 0 0 0 7.36003 9.85275 0 307.808 
0.00255545281338173625 0.886593 0 131510 26.0311 25.9877 11.5244 0 354.4181 66.733 65.751 -341.812 0 0 0 0 0 0 0 0 2.64407 9.72732 0 0 
0.00255545281338173625 1.24655 0 158284 26.0693 26.0257 11.5968 0 282.9121 215.795 117.294 140.406 0 0 0 0 0 0 0 0 1.22968 7.41986 22.3432 22.3432 
0.00255545281338173625 1.35777 0 171637 26.0749 26.0313 11.6078 0 88.25131 -52.8848 -8.32538 -70.1583 0 0 0 -0 0 0 0 -0 5.48418 8.23721 47.3345 47.3345 
0.00257794841276075617 0.216231 0 9348 0.261516 26.2443 12.2081 0 153.421 -96.3576 4.0411 119.317 0 0 0 0 0 0 0 0 7.9662 16.9118 937.126 2090.55 
0.00257794841276075617 0.756534 0 60209 25.824 25.7817 11.1358 0 93.72761 -35.2349 -45.0976 74.2265 0 -0 0 0 0 -0 0 0 6.85973 25.8186 0 110.523 
0.00257794841276075617 1.04131 0 75139 25.8884 25.8457 11.2554 0 299.3961 33.276 294.208 44.4116 0 0 0 0 0 0 0 0 5.15183 11.3321 0 9.25138 
0.00257794841276075617 1.19018 0 149828 25.8174 25.7752 11.1233 0 191.5811 -70.498 -160.917 76.4141 0 -0 0 0 0 -0 0 0 3.59866 15.6997 0 0 
0.00258731312263141234 1.35315 0 77143 25.7174 25.6757 10.9387 0 315.4981 117.104 188.923 -223.906 0 0 0 0 0 0 0 0 1.34893 8.19881 0 0 
0.00262055990297604046 0.570127 0 39421 0.380529 25.8181 11.3737 0 394.0611 -158.217 -48.5044 -357.63 0 0 0 -0 0 0 0 -0 11.9609 29.5509 246.854 467.962 
0.00262055990297604046 0.621614 0 64738 25.6395 25.5981 10.796 0 167.9991 111.963 123.92 -18.2167 0 0 0 0 0 0 0 0 9.84312 25.9359 296.823 462.716 
0.00262055990297604046 0.939326 0 112460 25.4119 25.3716 10.3867 0 193.5381 13.1093 160.659 -107.114 0 0 0 -0 0 0 0 -0 7.55487 25.486 155.756 155.756 
0.00262055990297604046 0.987807 0 126498 25.4469 25.4065 10.4493 0 515.8481 136.426 497.257 -14.9305 0 0 0 0 0 0 0 0 6.82511 14.6502 151.591 239.249 
0.00262055990297604046 1.00542 0 105386 25.5418 25.501 10.6191 0 149.4361 23.675 -29.0948 144.651 0 0 0 0 0 0 0 0 10.0365 23.0707 0 85.1374 
0.00262055990297604046 1.3359 0 166175 25.6275 25.5863 10.7746 0 163.2261 107.325 112.767 -49.0656 0 0 0 0 0 0 0 0 9.30113 21.2993 0 3.65287 
0.00265943277275253751 1.60972 0 165019 24.9833 24.9452 9.64401 0 349.9151 -349.891 -0.48926 -4.01935 0 0 -0 0 0 0 -0 0 1.58352 7.94673 0 0 
0.00265943277275253751 2.84559 0 190546 25.1519 25.1131 9.93209 0 273.5171 269.441 -47.0272 -1.21123 0 0 -0 0 0 0 -0 0 3.08934 6.02278 0 0 
0.00267817359507516173 0.677316 0 140637 24.8446 24.8071 9.41084 0 258.0391 151.332 174.13 115.591 0 0 0 0 0 0 0 0 7.50554 18.5088 0 81.0127 
0.00267817359507516173 1.05326 0 81629 24.9271 24.8893 9.54885 0 358.8651 -266.425 -54.7765 234.097 0 0 0 0 0 0 0 0 5.28151 19.0829 0 0 
0.00267817359507516173 1.65981 0 185177 24.903 24.8652 9.50823 0 129.991 -128.795 -6.59752 -16.296 0 -0 0 0 0 -0 0 0 3.29603 8.24565 0 0 
0.00267817359507516173 1.85483 0 163317 24.8582 24.8206 9.43328 0 229.6781 -39.3838 176.573 -141.502 0 0 0 -0 0 0 0 -0 0 7.42229 0 0 
0.00267817359507516173 2.23744 0 186121 24.8636 24.826 9.44244 0 161.6941 23.0588 77.2088 -140.186 0 0 0 0 0 0 0 0 6.87811 15.9649 0 0 
0.00267817359507516173 2.69973 0 197303 24.8468 24.8093 9.4146 0 178.6781 -158.848 -74.4562 33.9044 0 -0 0 0 0 -0 0 0 2.63511 5.33482 0 0 
0.00270215835718266417 0.127415 0 63470 24.6264 24.59 9.05161 0 115.3671 65.7322 18.3237 -93.0218 0 0 0 0 0 0 0 0 8.69683 14.3352 971.589 3160.64 
0.00270215835718266417 0.79368 0 87460 24.6284 24.592 9.05494 0 393.1031 -200.895 -272.777 199.408 0 0 0 0 0 0 0 0 5.53145 18.9124 192.915 247.678 
0.00270983994545824156 0.365461 0 77879 24.5368 24.5009 8.90696 0 360.5221 -163.841 -161.117 277.801 0 0 0 0 0 0 0 0 1.79756 9.07681 207.228 207.228 
0.00275140912992843283 0.620543 0 73656 24.4481 24.4125 8.76481 0 169.4011 120.617 15.604 -117.919 0 0 0 -0 0 0 0 -0 8.00505 31.5419 102.985 568.2 
0.00275140912992843283 1.27429 0 118226 24.3179 24.2829 8.5594 0 262.4151 -181.647 -96.0406 -163.224 0 0 0 0 0 0 0 0 5.13994 19.332 0 14.3057 
0.00275140912992843283 1.32194 0 144498 24.3374 24.3023 8.58991 0 645.8861 84.3525 617.214 -170.589 0 0 0 0 0 0 0 0 6.68258 15.9949 0 0 
0.00275140912992843283 1.41799 0 165677 24.2251 24.1906 8.4147 0 404.2071 404.167 -2.35505 -5.18237 0 0 -0 0 0 0 -0 0 4.25646 11.3434 0 0 
0.00275140912992843283 1.63746 0 187804 24.3237 24.2887 8.5686 0 180.3581 7.532 -14.5195 -179.615 0 0 0 -0 0 0 0 -0 4.89273 13.0311 0 0 
0.00280406087436740458 1.47227 0 83813 23.7236 23.6913 7.66089 0 229.8871 -136.216 172.459 67.4605 0 -0 0 0 0 -0 0 0 2.94078 8.92763 0 0 
0.00280406087436740458 2.04893 0 98258 23.7794 23.7469 7.74272 0 481.1751 -411.158 -247.783 32.8888 0 0 0 0 0 0 0 0 2.08994 12.355 0 0 
0.0028262169263216291 0.170324 0 109592 23.684 23.6518 7.6033 0 506.1871 -482.474 45.4386 146.219 0 0 0 0 0 0 0 0 7.62264 16.1916 1609.52 3037.45 
0.0028262169263216291 0.877099 0 96095 23.6268 23.5949 7.52075 0 285.6521 -202.88 -108.893 -169.053 0 0 0 0 0 0 0 0 10.4031 24.2486 0 9.04662 
0.00283064789121500278 0.635216 0 5708 23.4869 23.4556 7.32118 0 361.8351 -65.0505 327.128 140.286 0 0 0 0 0 0 0 0 0 4.50929 0 0 
0.00283064789121500278 0.760938 0 77061 23.5 23.4687 7.33976 0 123.0061 121.837 16.4368 3.9941 0 0 0 0 0 0 0 0 1.54051 6.89404 0 94.876 
0.00286378799487728127 1.1567 0 74516 23.4024 23.3715 7.20235 0 353.8791 -12.458 -350.677 -45.8356 0 0 0 -0 0 0 0 -0 10.223 17.0624 0 49.9202 
0.00287181118536874872 2.40498 0 190351 23.2074 23.1774 6.933 0 294.041 -152.993 245.704 51.7917 0 0 0 0 0 0 0 0 0 2.46115 0 0 
0.00287874848434532121 3.49735 0 199257 23.1499 23.1202 6.8549 0 365.6531 198.229 -269.905 -146.828 0 0 0 -0 0 0 0 -0 0 3.36171 0 0 
0.00290612844030805608 0.351186 0 31525 22.9882 22.9591 6.63826 0 236.11 -219.602 -32.3065 -80.4646 0 -0 0 0 0 -0 0 0 6.80917 21.301 114.907 331.248 
0.00290612844030805608 0.565258 0 78975 22.9598 22.9308 6.60076 0 174.5171 -100.257 -141.251 21.2802 0 0 -0 0 0 0 -0 0 5.7607 16.1337 97.0294 97.0294 
0.0029358577777953308 0.828154 0 106367 22.8454 22.8168 6.45091 0 341.981 -275.436 -202.003 16.7381 0 0 0 0 0 0 0 0 9.81037 26.9826 50.0175 105.288 
0.0029358577777953308 1.22403 0 153408 22.7891 22.7608 6.37816 0 500.7321 -170.771 454.099 123.951 0 0 0 0 0 0 0 0 7.3141 19.4582 0 15.9656 
0.0029358577777953308 1.36738 0 159018 22.8485 22.82 6.45505 0 536.3071 -355.054 25.8714 -401.114 0 0 0 -0 0 0 0 -0 2.79766 16.67 0 0 
0.0029358577777953308 1.73223 0 175854 22.8738 22.8452 6.48803 0 56.70941 -56.7078 -0.0875689 -0.421719 0 -0 0 0 0 -0 0 0 6.92865 22.6011 0 2.44533 
0.00296038862759306692 1.07916 0 148434 22.568 22.5406 6.09727 0 253.8611 -146.365 -158.709 -133.543 0 -0 0 0 0 -0 0 0 0 11.9068 0 0 
0.00297679221747816029 0.826485 0 45426 22.4067 22.38 5.89798 0 137.5021 -137.362 4.50787 4.26681 0 0 0 0 0 0 0 0 5.74808 11.5096 0 27.6834 
0.00300394060235291546 0.0974762 0 13000 0.258405 22.731 6.02849 0 231.791 -78.5181 -77.736 -203.761 0 0 0 -0 0 0 0 -0 7.7962 15.4309 1479.17 3314.92 
0.00300394060235291546 0.184699 0 5085 22.277 22.2508 5.74089 0 670.3411 -257.622 301.932 540.208 0 -0 0 0 0 -0 0 0 7.7962 15.4309 1479.17 3314.92 
0.00300854110380923377 0.799639 0 161955 22.1664 22.1407 5.60928 0 416.3051 -398.687 54.9597 -106.477 0 0 0 0 0 0 0 0 2.39553 2.39553 0 107.903 
0.00301175128818758839 0.121989 0 1919 22.1494 22.1237 5.58916 0 291.3381 -238.97 49.5516 159.11 0 -0 0 0 0 -0 0 0 3.04177 6.00187 446.64 1254.93 
0.00303881035735548881 0.744093 0 143717 21.9963 21.9712 19.6009 0 01 0 0 0 0 0 0 0 0 0 0 0 5.17931 22.3066 49.3931 153.624 
0.00303881035735548881 1.61487 0 163978 22.052 22.0267 19.6499 0 01 0 0 0 0 0 0 0 0 0 0 0 3.17471 12.7499 0 29.0523 
0.00303881035735548881 1.93985 0 189779 22.0877 22.0622 5.51683 0 205.421 -190.527 76.2328 9.23804 0 0 0 0 0 0 0 0 7.8576 19.6168 219.967 219.967 
0.00303881035735548881 1.9436 0 153745 22.0528 22.0275 19.6507 0 01 0 0 0 0 0 0 0 0 0 0 0 7.8576 19.6168 219.967 219.967 
0.003053130040040018 0.312918 0 150319 21.8709 21.8463 19.4912 0 01 0 0 0 0 0 0 0 0 0 0 0 4.33564 13.8872 225.31 656.4 
0.00307674286960065964 0.183664 0 24795 0 21.787 19.4382 0 01 0 0 0 0 0 0 0 0 0 0 0 6.92718 11.9053 1890.61 2929.23 
0.00307674286960065964 0.272438 0 18397 21.7831 21.7587 19.4138 0 01 0 0 0 0 0 0 0 0 0 0 0 8.75158 20.2283 204.055 1055.07 
0.00307674286960065964 0.425011 0 62404 21.7151 21.691 19.3528 0 01 -0 0 0 0 -0 0 0 0 -0 0 0 5.95759 14.8743 53.0436 392.197 
0.00307674286960065964 0.495258 0 5802 21.7804 21.7561 19.4113 0 01 0 0 0 0 0 0 0 0 0 0 0 8.51844 19.5428 328.448 809.741 
0.00307674286960065964 2.06416 0 172139 21.7289 21.7048 19.3662 0 01 0 0 0 0 0 0 0 0 0 0 0 2.02752 2.02752 0 0 
0.00307674286960065964 2.38234 0 147298 21.7574 21.7331 19.3907 0 01 0 -0 0 0 0 -0 0 0 0 -0 0 0 4.67515 0 0 
0.00308595812836150521 0.258993 1 57626 21.7137 8.2379 7.40941 0 0 1 -0.823019 -1.91002 -1.6004 0 0 0 0 0 0 0 0 0 0 0 0 
0.00309407473430581585 0.990114 0 63111 21.6082 21.5845 19.2586 0 01 0 0 0 0 0 0 0 0 0 0 0 1.00155 3.93203 0 8.38676 
0.00313685561310528705 0.269985 0 34929 21.5077 21.4844 19.1706 0 01 0 0 0 0 0 0 0 0 0 0 0 13.6756 27.2889 633.6 1083.92 
0.00313685561310528705 0.824217 0 190379 21.548 21.5246 19.2065 0 01 0 -0 0 0 0 -0 0 0 0 -0 0 13.2475 28.0737 16.6421 224.224 
0.00313685561310528705 1.00171 0 150526 21.52 21.4967 19.1809 0 01 0 0 0 0 0 0 0 0 0 0 0 12.845 29.756 0 259.057 
0.00313685561310528705 2.05777 0 139643 0 21.6182 20.726 0 01 0 0 0 0 0 0 0 0 0 0 0 12.5792 25.0444 18.4658 22.8416 
0.00314133960062314404 0.671317 0 125439 21.3014 21.2789 18.9882 0 01 0 0 0 0 0 0 0 0 0 0 0 1.34323 6.75188 0 46.9503 
0.00314133960062314404 1.74759 0 74810 21.3199 21.2973 19.0045 0 01 0 0 0 0 0 0 0 0 0 0 0 0 0 0 0 
0.00318443841391499857 0.378633 0 13778 21.0531 21.0314 18.7696 0 01 0 0 0 0 0 0 0 0 0 0 0 10.2495 30.0272 65.4713 659.096 
0.00318443841391499857 0.531998 0 74169 21.2241 21.2019 18.9206 0 01 0 0 0 0 0 0 0 0 0 0 0 11.7155 30.8439 247.62 627.658 
0.00318443841391499857 0.59048 0 2133 21.2494 21.2271 18.9422 0 01 0 0 0 0 0 0 0 0 0 0 0 11.0536 37.1325 139.102 605.059 
0.00318443841391499857 2.83572 0 161127 21.1922 21.17 18.892 0 01 -0 0 0 0 -0 0 0 0 -0 0 0 2.71406 10.9639 0 0 
0.00320047078485352675 0.269569 0 61834 21.0137 20.9922 18.7344 0 01 0 0 0 0 0 0 0 0 0 0 0 8.63687 17.6663 435.106 1595.56 
0.0032086591741366452 0.633113 0 164300 20.9292 20.908 18.6599 0 01 -0 0 0 0 -0 0 0 0 -0 0 0 3.12775 14.4144 79.8998 108.473 
0.0032086591741366452 2.37954 0 199578 20.9148 20.8936 18.6474 0 01 0 0 0 0 0 0 0 0 0 0 0 0 0 0 0 
0.00323200974315654725 1.33739 1 203034 22.6047 14.3699 12.4826 0 0 2 15.8391 -17.2074 -15.0412 0 0 -0 0 0 0 -0 0 5.34709 13.4696 0 426.215 
0.00323200974315654725 1.44658 0 171741 20.7738 20.7531 18.5226 0 01 0 0 0 0 0 0 0 0 0 0 0 5.74656 14.3803 30.0241 30.0241 
0.0032572019443098503 0.449565 0 52009 20.6358 20.6156 18.4017 0 01 0 0 0 0 0 0 0 0 0 0 0 6.78518 15.9067 168.882 540.455 
0.00327361165686037301 0.467691 0 163707 20.5744 20.5544 18.3464 0 01 0 0 0 0 0 0 0 0 0 0 0 4.34343 13.9275 0 38.255 
0.00327361165686037301 0.628487 0 98571 20.554 20.5341 18.3291 0 01 0 0 0 0 0 0 0 0 0 0 0 3.74084 11.284 0 329.103 
0.00327361165686037301 0.643776 0 33876 20.5916 20.5716 18.3617 0 01 0 0 0 0 0 0 0 0 0 0 0 5.19647 9.07023 0 201.606 
0.00327966591823972316 0.522348 0 23718 20.5115 20.4917 18.2908 0 01 0 -0 0 0 0 -0 0 0 0 -0 0 1.6006 4.75843 3.74478 3.74478 
0.00329240784031411453 1.16806 0 82874 20.4299 20.4104 18.2193 0 01 -0 0 0 0 -0 0 0 0 -0 0 0 2.37551 5.92673 1.01201 1.01201 
0.00332796580112483835 0.263804 0 17368 20.3403 20.3212 18.1394 0 01 0 0 0 0 0 0 0 0 0 0 0 11.1812 21.8756 630.286 2767.1 
0.00332796580112483835 0.274525 0 44830 20.2644 20.2454 18.0726 0 01 0 0 0 0 0 0 0 0 0 0 0 12.5091 22.6787 1248.17 1974.6 
0.00332796580112483835 0.293554 0 29294 20.3085 20.2894 18.1114 0 01 0 0 0 0 0 0 0 0 0 0 0 12.5091 22.6787 1248.17 1974.6 
0.00332796580112483835 0.72788 0 143635 20.4154 20.396 18.2066 0 01 0 0 0 0 0 0 0 0 0 0 0 10.9129 31.9173 0 240.942 
0.00332796580112483835 1.56931 0 148444 20.3789 20.3596 18.1739 0 01 0 0 0 0 0 0 0 0 0 0 0 3.09457 21.666 0 0 
0.00332796580112483835 1.64421 0 151331 20.3561 20.3369 18.1533 0 01 0 0 0 0 0 0 0 0 0 0 0 6.67075 20.0494 0 471.903 
0.00332796580112483835 1.9619 0 167944 20.2305 20.2117 18.0425 0 01 0 0 0 0 0 0 0 0 0 0 0 0 3.94873 0 0 
0.00333128544730676998 0.505638 0 88115 20.2206 20.2018 18.0341 0 01 0 0 -0 0 0 0 -0 0 0 0 -0 2.00238 4.029 0 28.2868 
0.00335838651514040179 0.738104 0 171146 20.1221 20.1036 17.9468 0 01 -0 0 0 0 -0 0 0 0 -0 0 0 4.3618 14.5014 5.92964 5.92964 
0.00335838651514040179 1.30936 0 148344 20.1477 20.1292 17.9688 0 01 0 0 0 0 0 0 0 0 0 0 0 5.24445 11.8046 0 169.75 
0.00335838651514040179 2.0258 0 59383 20.1415 20.1229 17.964 0 01 0 0 0 0 0 0 0 0 0 0 0 1.98349 5.99185 0 39.8507 
0.00339612738511525141 0.615336 0 196880 0.284806 20.2761 19.2823 0 01 0 0 0 0 0 0 0 0 0 0 0 9.09625 28.534 4.84565 56.5002 
0.00339612738511525141 1.56765 0 173828 19.8898 19.8721 17.7416 0 01 0 0 0 0 0 0 0 0 0 0 0 7.73761 16.9865 0 84.0774 
0.00339612738511525141 3.10293 0 185677 0.114101 20.0593 21.227 0 01 0 0 0 0 0 0 0 0 0 0 0 0 0 0 0 
0.00343963872330852252 0.0744959 0 1612 19.8229 19.8054 17.6819 0 01 0 0 0 0 0 0 0 0 0 0 0 11.2895 23.8097 1312.44 2894.56 
0.00343963872330852252 0.280357 0 53826 19.7413 19.7241 17.6096 0 01 0 0 -0 0 0 0 -0 0 0 0 -0 9.80241 21.9227 534.441 1760.25 
0.00343963872330852252 0.358535 0 7154 19.822 19.8044 17.681 0 01 0 0 0 0 0 0 0 0 0 0 0 14.674 26.4005 153.567 356.026 
0.00343963872330852252 0.494226 0 29937 19.7082 19.691 17.5801 0 01 0 0 0 0 0 0 0 0 0 0 0 12.6159 32.447 303.749 390.785 
0.00343963872330852252 1.62187 0 175405 19.6829 19.6659 17.5583 0 01 0 0 0 0 0 0 0 0 0 0 0 4.76835 19.1982 0 0 
0.00343963872330852252 2.59136 0 73017 19.7728 19.7554 17.6373 0 01 0 0 0 0 0 0 0 0 0 0 0 7.51368 15.099 0 8.03978 
0.00344542299554838598 0.331663 0 15890 19.6421 19.6251 17.5225 0 01 0 0 0 0 0 0 0 0 0 0 0 3.31525 9.60535 151.622 286.584 
0.00344542299554838598 2.78337 0 184723 19.6454 19.6285 17.5246 0 01 0 -0 0 0 0 -0 0 0 0 -0 0 0 5.36208 0 0 
0.00345333773332923664 2.24749 0 179770 19.6083 19.5915 17.4924 0 01 0 0 0 0 0 0 0 0 0 0 0 0 4.38119 0 0 
0.00356242480141969386 0.219866 1 205885 13.5601 13.9056 11.5068 0 0 2 14.2637 1.607 4.51073 0 0 0 0 0 0 0 0 13.4315 28.6023 377.069 1706.06 
0.00464259287787736376 0.36685 1 201564 15.6681 10.9461 6.94711 0 0 2 96.8792 -25.3746 -101.913 0 0 0 0 0 0 0 0 1.76037 4.31557 164.978 164.978 
1.62000270602613794 0.0109346 1 0 0 26.8873 26.9379 0.686458 0 0 0 0 0 0 0 0 0 0 0 0 0 1.90719 6.25339 31.0015 43.8452 
1.64968642910982322 0.0149717 1 0 0 28.0765 28.0413 0.686458 0 0 0 0 0 0 0 0 0 0 0 0 0 2.21135 5.94307 31.0182 47.8825 
1.85102527812871176 0.00438414 1 0 0 29.9516 30.0026 0.686458 0 0 0 0 0 0 0 0 0 0 0 0 0 0.143497 0.658466 30.2835 30.2835 
