#1:time #2:r #3.binary? #4:ID #5:zams_m #6:m_progenitor #7:bh mass #8:bh_spin #9:birth-kick(km/s) #10-25:vsarray
0.0091966420995516409 0.19042 1 124149 0 47.2432 42.5189 0 0 1 -0.0120286 -0.0055231 -0.00911793 0 0 0 0 0 0 0 0 1.11165 2.25634 406.081 1076.31 
0.00947563477842292175 0.784866 0 178115 104.318 101.111 40.5 0 01 0 0 0 0 0 0 0 0 0 0 0 0.796952 0.796952 0 122.468 
0.00991981384751808304 0.0691052 1 150155 0 37.7681 33.9913 0 0 2 0.00420847 0.00186 0.00434302 0 0 0 0 0 0 0 0 0.925508 1.73193 2625.05 4969.41 
0.0101197327193053715 0.109359 1 228329 0 35.3619 31.8257 0 0 2 -0.00660349 -0.0279939 0.0197823 0 0 -0 0 0 0 -0 0 0.491526 1.98174 0 0 
0.0103636541919091187 1.7559 0 9114 0.181263 32.6503 29.3853 0 01 0 0 0 0 0 0 0 0 0 0 0 0 0 0 0 
0.0105878107118863932 0.545847 0 153939 71.4512 30.566 27.5094 0 01 0 -0 0 0 0 -0 0 0 0 -0 0 0.55732 1.11356 0 0 
0.0106236097032389575 0.237908 0 114706 0.185015 30.2301 27.2071 0 01 0 0 0 0 0 0 0 0 0 0 0 0.747609 1.7265 0 436.243 
0.0106915478284969629 0.235446 1 174664 0 28.8054 25.9249 0 0 1 0.390613 0.212566 -0.0443652 0 0 0 -0 0 0 0 -0 1.37574 2.25512 0 625.522 
0.0107095498541939678 0.188286 1 152617 0 30.2116 27.1904 0 0 1 0.493019 -0.799423 -0.746722 0 0 0 0 0 0 0 0 1.80903 2.8789 0 1400.12 
0.0108342109789147847 0.463887 0 285303 0.270829 28.5678 25.711 0 01 0 0 0 0 0 0 0 0 0 0 0 0.475039 0.951498 0 0 
0.011005170333939272 0.33612 0 231060 0.224216 27.2269 24.5042 0 01 0 0 0 0 0 0 0 0 0 0 0 0.340111 1.02843 0 91.8738 
0.0110287349899040443 0.238598 1 221010 0 27.1508 24.4357 0 0 2 -0.00360182 0.00826373 -0.0129064 0 0 0 0 0 0 0 0 0.991992 1.73771 0 991.509 
0.01110159578736147 0.259774 1 267495 0 26.5714 23.9142 0 0 2 0.00599096 -0.00440742 0.00691831 0 0 0 0 0 0 0 0 0.538426 1.62203 278.728 278.728 
0.0111246127440402486 0.0868274 0 37142 0.103878 26.4285 23.7856 0 01 0 0 -0 0 0 0 -0 0 0 0 -0 0.507989 1.47012 583.293 1454.56 
0.0111279847917944291 0.0857239 1 25684 0 26.4561 23.8105 0 0 1 0.031484 0.0156313 -0.0294891 0 0 0 0 0 0 0 0 1.02953 1.65821 670.035 1246.48 
0.0111468550368857087 0.811246 0 166865 62.8942 26.41 23.769 0 01 0 0 0 0 0 0 0 0 0 0 0 0 0 0 0 
0.0112414997159194958 0.341612 1 282255 0 25.5838 23.0254 0 0 2 -0.0042003 0.0041229 -0.0102733 0 0 0 0 0 0 0 0 0 0 0 0 
0.0112615501596791939 0.212763 0 25991 0.372434 25.5808 23.0227 0 01 -0 0 0 0 -0 0 0 0 -0 0 0 1.02302 1.85161 1115 1901.03 
0.0112632316646679199 0.270599 1 181303 0 25.7073 23.1365 0 0 2 0.00493564 0.00897534 0.00317188 0 0 0 -0 0 0 0 -0 1.32059 1.8407 737.413 1517.03 
0.0113349647537555314 0.246203 1 95702 0 25.2625 22.7363 0 0 1 0.0501213 0.0347721 0.00689993 0 0 0 0 0 0 0 0 0.496204 0.980367 0 0 
0.0114230664094693481 0.547169 0 184514 0.238206 24.682 22.2138 0 01 0 0 0 0 0 0 0 0 0 0 0 0 0.547168 0 0 
0.0114269566910880083 0.372621 0 176147 0.116883 24.724 22.2516 0 01 0 0 0 0 0 0 0 0 0 0 0 0.372062 0.372062 0 0 
0.0114963657846212982 0.437328 0 147276 0.147349 24.3288 21.8959 0 01 0 0 0 0 0 0 0 0 0 0 0 0 0.44175 0 0 
0.0115945046654537427 0.163326 1 52253 0 23.796 21.4164 0 0 1 0.00195446 -0.0387932 -0.0167925 0 0 0 0 0 0 0 0 0.765931 1.90085 863.33 863.33 
0.0116783995943468728 0.143491 0 179664 0.18597 23.3574 21.0217 0 01 0 0 0 0 0 0 0 0 0 0 0 0.906788 1.81349 0 255.404 
0.011738794040236783 0.0248659 1 134142 0 23.0558 20.7502 0 0 2 0.00162144 -0.0146892 -0.0165994 0 0 -0 0 0 0 -0 0 0.871205 1.42617 325.678 454.737 
0.0117983080218116796 0.498405 1 13642 0 22.7577 20.4819 0 0 1 -0.00985497 0.00159345 -0.0121806 0 0 0 -0 0 0 0 -0 0 0 0 0 
0.0118371553212120971 0.260989 1 58352 0 22.5822 20.324 0 0 1 0.00812252 -0.00520777 -0.00374701 0 0 0 -0 0 0 0 -0 0.266043 1.30937 0 114.072 
0.0119013852367707892 0.27295 0 10715 0.0924652 22.2226 20.0004 0 01 0 0 -0 0 0 0 -0 0 0 0 -0 0.272066 1.58497 0 11.0673 
0.0119733942388039749 0.568645 0 216410 0.0839576 21.9803 19.7823 0 01 0 0 0 0 0 0 0 0 0 0 0 0.56217 4.00732 0 1.03691 
0.0121365352344414649 0.33866 0 247483 0.340163 21.2799 19.1519 0 01 0 -0 0 0 0 -0 0 0 0 -0 0 0 0 0 0 
0.0121390662347245232 0.759112 1 285494 0 21.2634 19.1371 0 0 2 -0.00182009 0.00305472 -0.0181653 0 0 0 0 0 0 0 0 0.75786 4.55603 0 0 
0.0121576489697295936 1.17619 0 111644 0.682363 21.1638 19.0475 0 01 -0 0 0 0 -0 0 0 0 -0 0 0 0 0 0 0 
0.0121692419056365422 0.417087 0 77606 0.0934675 21.0806 18.9726 0 01 0 0 0 0 0 0 0 0 0 0 0 0 0 0 0 
0.0122264861977047015 0.441076 0 44453 0.826824 20.8971 18.8074 0 01 0 0 0 0 0 0 0 0 0 0 0 0 0.424836 0 0 
0.0122391847694136285 0.126285 1 194166 0 20.8429 18.7586 0 0 2 -0.000139009 0.00177549 0.010324 0 0 0 0 0 0 0 0 0.758724 1.16317 407.917 1075.5 
0.0122671811023055809 0.467098 1 27716 0 20.7288 18.656 0 0 1 -0.00520643 -0.0311468 0.045319 0 0 0 0 0 0 0 0 0 0.466984 0 0 
0.0122996529095620363 0.415264 1 236683 0 20.6435 18.5791 0 0 2 1.30886 -2.12357 0.873415 0 0 -0 0 0 0 -0 0 0 0.8352 0 0 
0.0123294234385104076 0.105322 0 74245 0.477255 20.4583 18.4125 0 01 0 0 0 0 0 0 0 0 0 0 0 0.748368 1.34549 210.553 3681.01 
0.0123676691618573083 0.264229 0 43106 0.487478 20.35 18.315 0 01 0 0 0 0 0 0 0 0 0 0 0 0.535491 2.13314 0 0 
0.0124070296483500611 0.274556 0 223427 0 38.0787 34.2709 0 01 0 0 0 0 0 0 0 0 0 0 0 2.5351 5.65187 670.373 2538.1 
0.0124924722767773694 0.315198 0 228423 0.204558 19.8645 17.878 0 01 0 0 0 0 0 0 0 0 0 0 0 0.315731 2.59156 0 0 
0.0125144841412583811 0.361924 0 89578 0.346985 19.7845 17.8061 0 01 0 0 0 0 0 0 0 0 0 0 0 0 1.08102 0 0 
0.012539791735054805 0.39111 1 371343 0 19.7316 17.7584 0 0 2 -0.0020825 -0.00589091 -0.00482895 0 0 0 0 0 0 0 0 0.396188 1.99264 0 0 
0.0125841731467269836 0.659886 1 183715 0 19.5686 17.6118 0 0 2 -0.0135977 -0.00908756 0.00394052 0 0 0 0 0 0 0 0 0 0 0 0 
0.0125869429299781937 0.217793 1 54190 0 19.5671 17.6104 0 0 1 -0.0176682 0.0225349 -0.0135715 0 -0 0 0 0 -0 0 0 0.841338 1.88668 0 0 
0.0126226589553562855 0.148868 1 162029 0 19.4291 17.4862 0 0 2 -0.000491712 0.000550498 0.00545606 0 0 0 0 0 0 0 0 0.815828 1.77636 740.84 740.84 
0.0126249409441353544 0.0783833 1 116262 0 19.4339 17.4905 0 0 2 -0.0368203 -0.00781974 0.0336117 0 0 0 0 0 0 0 0 0.747644 1.97181 1458.45 3182.7 
0.0126694112032106794 0.206694 1 99846 0 19.2837 17.3553 0 0 2 -0.00353447 -0.00964813 -0.00181782 0 -0 0 0 0 -0 0 0 0.417801 0.837282 0 857.985 
0.0126742575366174167 0.222398 0 157557 0.217579 19.2687 17.3418 0 01 0 0 0 0 0 0 0 0 0 0 0 0.690837 1.37432 0 957.284 
0.0127209111665026811 0.235888 1 183290 0 19.1176 17.2058 0 0 2 -0.00823933 0.00565746 0.00110143 0 0 0 0 0 0 0 0 1.12191 2.26828 120.038 872.308 
0.0127326505040284126 0.534627 1 62226 0 19.0823 17.1741 0 0 2 0.000652358 -0.00386917 0.0130408 0 0 -0 0 0 0 -0 0 0 0 0 0 
0.0127642798520302518 1.46027 1 27316 0 18.9845 17.0861 0 0 1 -0.00363026 7.56931e-05 -0.0105976 0 -0 0 0 0 -0 0 0 0 1.49639 0 0 
0.0129697536536914505 0.717279 0 177060 0.594851 18.5559 16.7002 0 01 0 0 0 0 0 0 0 0 0 0 0 0 1.41389 0 0 
0.0130259749624023723 0.412578 0 139943 0.143447 18.4814 16.633 0 01 0 -0 0 0 0 -0 0 0 0 -0 0 0 0.835747 0 0 
0.0130619811793396233 0.42805 1 144755 0 18.4142 16.5724 0 0 2 0.0112973 0.0384523 -0.00870942 0 0 0 0 0 0 0 0 0 0.86568 0 0 
0.0131540600542365098 2.09495 0 194155 45.6927 18.2338 16.4099 0 01 0 0 0 0 0 0 0 0 0 0 0 0 0 0 0 
0.0131748684981405541 0.14337 1 63181 0 18.2051 16.3839 0 0 2 0.00411041 0.00733835 0.0154286 0 0 0 0 0 0 0 0 0.129233 0.817337 0 0 
0.0131753327305267239 0.207779 0 37829 0.308817 18.1971 16.3767 0 01 0 0 -0 0 0 0 -0 0 0 0 -0 0.215222 1.46648 0 0 
0.01318856977481574 0.100788 0 65477 3.08717 18.1754 16.3571 0 01 0 0 0 0 0 0 0 0 0 0 0 0.574129 1.13317 1411.28 2248.72 
0.0131891981033453731 0.601367 0 146828 0.272167 18.1736 16.3555 0 01 0 0 0 0 0 0 0 0 0 0 0 0 0.596081 0 0 
0.0132198358802355816 0.520932 0 58596 0 18.1076 16.2961 0 01 -0 0 0 0 -0 0 0 0 -0 0 0 0 0 0 0 
0.0132344994557819957 0.347902 0 60170 0.376005 18.0755 16.2671 0 01 0 0 0 0 0 0 0 0 0 0 0 0 0 0 0 
0.0132835097002109836 0.639562 1 85683 0 17.982 16.1829 0 0 2 0.00909297 -0.0216716 0.0182222 0 0 -0 0 0 0 -0 0 0 0.634695 0 0 
0.0134271813455449172 0.223764 1 120626 0 17.6762 15.9073 0 0 2 -0.016577 -0.00224808 -0.00231961 0 -0 0 0 0 -0 0 0 0.456229 0.926636 0 0 
0.0134795909272492544 0.166682 1 25648 0 17.5744 15.8155 0 0 1 0.00349708 0.00414927 0.00714054 0 0 0 0 0 0 0 0 1.18051 1.5298 787.964 1239.2 
0.0135260318833527998 0.368821 1 35366 0 17.4871 15.7368 0 0 2 -0.00140055 -0.00583009 -0.0070125 0 0 0 -0 0 0 0 -0 0 1.07667 0 0 
0.0135622056706086076 0.398206 0 83883 0 17.3955 15.6543 0 01 0 0 0 0 0 0 0 0 0 0 0 0.403777 0.403777 0 77.5866 
0.0135760076577315578 0.516278 0 318684 0.345573 17.4252 15.6811 0 01 -0 0 0 0 -0 0 0 0 -0 0 0 0 0.511982 0 0 
0.0135882163982883036 0.373692 0 94719 0.0840038 17.3487 15.6121 0 01 -0 0 0 0 -0 0 0 0 -0 0 0 0.371798 1.48616 0 0 
0.0136915162957764822 0.47163 0 131772 0.147291 17.1444 15.428 0 01 0 0 -0 0 0 0 -0 0 0 0 -0 0 0.476991 0 0 
0.0138246967582147436 0.520628 0 197910 42.2259 16.8956 15.2038 0 01 0 -0 0 0 0 -0 0 0 0 -0 0 0.526404 0.526404 0 0 
0.0138714304921647193 0.18018 1 220657 0 44.1563 39.7407 0 0 2 -0.00291886 0.00160154 0.0102958 0 0 0 0 0 0 0 0 0.375416 1.49479 0 0 
0.0139560979877172316 0.188922 1 111014 0 16.6477 14.9804 0 0 2 0.0059202 0.00558815 0.00328554 0 0 0 0 0 0 0 0 1.30476 1.87415 806.345 3284.68 
0.0139737259371178132 0.449814 0 121054 0.140471 16.6217 14.957 0 01 0 -0 0 0 0 -0 0 0 0 -0 0 0 0 0 0 
0.0139750969397419104 1.05598 0 4347 0.0827055 16.627 14.9618 0 01 0 0 0 0 0 0 0 0 0 0 0 0 0 0 0 
0.0141052298776214013 0.394712 0 82477 0.100749 16.3938 14.7517 0 01 0 0 -0 0 0 0 -0 0 0 0 -0 0 0 0 0 
0.0141746998758000772 0.387218 1 122995 0 16.2387 14.6119 0 0 2 0.00357961 -0.0168564 -0.0292842 0 0 0 0 0 0 0 0 1.16144 1.55726 0 0 
0.0141786289325001712 0.233238 0 51605 0.98943 16.3085 14.6748 0 01 0 0 -0 0 0 0 -0 0 0 0 -0 0.22497 0.674882 911.295 911.295 
0.0142060996100938954 0.874235 0 5284 0.543652 16.2192 14.5943 0 01 0 0 0 0 0 0 0 0 0 0 0 0.862266 1.72251 0 0 
0.0142255152514858263 0.681828 0 189256 40.4504 16.1874 14.5657 0 01 -0 0 0 0 -0 0 0 0 -0 0 0 0 0.686005 0 0 
0.0142265256247972594 0.503067 0 22499 0.104284 16.179 14.5581 0 01 0 0 0 0 0 0 0 0 0 0 0 0 0.504369 0 0 
0.0143598264105664845 0.405206 1 195207 0 15.9598 14.3606 0 0 2 0.0152407 -0.021257 -0.0148566 0 0 0 0 0 0 0 0 1.22378 2.03227 91.9311 91.9311 
0.0144245089607342829 0.167158 0 185827 0.108464 15.8401 14.2528 0 01 0 0 0 0 0 0 0 0 0 0 0 0.495721 1.44477 0 984.388 
0.014449852649496513 0.46295 0 191234 0.357973 15.8172 14.2322 0 01 0 0 0 0 0 0 0 0 0 0 0 0 0.467191 0 0 
0.0145459301068788203 0.22891 0 217823 0.0837999 15.7425 14.1648 0 01 0 0 0 0 0 0 0 0 0 0 0 0.692153 2.06408 0 0 
0.0145770997420789899 0.139345 1 136651 0 37.1629 33.4466 0 0 1 0.409034 0.032558 -0.290219 0 0 0 0 0 0 0 0 0.144303 0.701983 0 0 
0.0146160067920082567 0.325476 1 5011 0 40.3439 36.3095 0 0 1 -0.000532115 -0.0225891 -0.0107785 0 0 0 0 0 0 0 0 0.333058 1.98312 0 668.819 
0.0146415425480894666 0.0961732 1 170525 0 15.5164 13.9612 0 0 2 -0.00437826 0.00801492 0.00488615 0 0 0 0 0 0 0 0 0.341721 0.375975 28.621 1204.54 
0.0146704146524701037 0.140982 1 233355 0 15.5276 13.9712 0 0 2 0.12324 0.853803 -0.789594 0 0 0 -0 0 0 0 -0 1.08497 1.74809 0 1045.62 
0.0146992666255115669 1.20193 0 167586 38.5806 15.4274 13.881 0 01 0 0 0 0 0 0 0 0 0 0 0 0 0 0 0 
0.0147743502657928742 0.822829 0 159247 0.355976 15.3112 13.7762 0 01 0 0 0 0 0 0 0 0 0 0 0 0 0 0 0 
0.0149094877992324119 0.0504889 1 348070 0 15.1914 13.6683 0 0 2 0.311235 -1.06312 0.695323 0 0 -0 0 0 0 -0 0 0.332174 0.796758 4454.35 5476.73 
0.0149202889579446094 0.185823 1 230156 0 51.8158 46.6343 0 0 2 -0.00354395 0.00680206 -0.00607413 0 0 0 0 0 0 0 0 0.75369 1.324 0 240.422 
0.0149252264633637916 0.117516 1 36799 0 15.1014 13.5873 0 0 2 -0.0221961 0.00213303 0.029024 0 0 0 0 0 0 0 0 1.11569 1.3776 375.139 1668.96 
0.0149494897431114732 1.11647 0 87721 0.132835 15.0612 13.5511 0 01 0 -0 0 0 0 -0 0 0 0 -0 0 0 0 0 0 
0.0149498714695358425 0.13144 0 159486 0.0854091 15.0624 13.5522 0 01 -0 0 0 0 -0 0 0 0 -0 0 0 0.13053 0.645942 0 0 
0.0151403940121838457 0.114245 0 32995 0.214495 14.9714 13.4701 0 01 0 0 0 0 0 0 0 0 0 0 0 0.297268 0.479833 0 366.55 
0.0151508779298776489 0.874962 1 162583 0 14.985 13.4825 0 0 2 0.0138382 0.00166547 0.0245532 0 0 -0 0 0 0 -0 0 0 1.72363 0 0 
0.0151752647967855446 0.0728968 1 24007 0 15.0063 13.5016 0 0 1 0.010642 0.0043992 -0.00328349 0 0 0 0 0 0 0 0 0.834358 1.27046 0 1925.19 
0.0152325353845125955 0.500945 0 239355 0.294197 14.9884 13.4855 0 01 0 0 -0 0 0 0 -0 0 0 0 -0 0 0.999595 0 0 
0.0152498408650669978 0.222887 0 144496 0.280126 14.9597 13.4596 0 01 0 0 -0 0 0 0 -0 0 0 0 -0 0.92164 1.82058 486.771 486.771 
0.0152685006697276682 0.330487 0 272469 0.0860739 15.0207 13.5146 0 01 0 0 0 0 0 0 0 0 0 0 0 0.664148 2.32042 0 0 
0.0153239500278400248 0.106237 1 143944 0 36.3642 17.0918 0 0 2 0.00056225 0.00501968 -0.024087 0 0 0 0 0 0 0 0 0.234571 0.872143 0 329.529 
0.0153811640148882375 0.230167 1 368347 0 35.0875 31.5788 0 0 2 -0.00713279 0.00259321 -0.000991598 0 0 0 -0 0 0 0 -0 0 0.689706 0 0 
0.0154396157612798502 0.0190546 1 231929 0 42.2754 38.0479 0 0 2 -0.000521583 0.00616612 0.00474384 0 -0 0 0 0 -0 0 0 0.57925 1.43835 1888.13 2646.41 
0.0155054629656566911 0.159552 0 8274 0.136297 35.7993 29.2932 0 01 0 -0 0 0 0 -0 0 0 0 -0 0 0.625134 1.24606 0 0 
0.015509721434283523 0.263121 0 128347 0.661081 35.786 29.5726 0 01 0 0 0 0 0 0 0 0 0 0 0 0.809618 0.809618 0 61.9588 
0.0155346702576819647 5.76001 0 186579 0.402938 35.7103 29.8585 0 01 0 -0 0 0 0 -0 0 0 0 -0 0 0 0 0 0 
0.0155586541363900085 0.43443 0 270407 0.0833526 36.1863 23.3634 0 01 0 -0 0 0 0 -0 0 0 0 -0 0 0 0.421702 0 0 
0.0155697126257530096 0.480845 1 90793 0 35.6045 29.8215 0 0 2 -0.0119219 0.00794876 -0.000312648 0 0 0 0 0 0 0 0 0.476416 0.476416 368.391 368.391 
0.0155847399960859431 0.252849 0 221957 0.0844507 15.8104 14.226 0 01 0 0 0 0 0 0 0 0 0 0 0 0.502991 1.97714 0 0 
0.0156069505381353172 0.30222 0 262397 0.336403 36.1388 20.8864 0 01 0 0 0 0 0 0 0 0 0 0 0 0 0.295284 0 0 
0.0156453222075374453 0.230116 0 102873 0.18852 35.8304 27.925 0 01 0 -0 0 0 0 -0 0 0 0 -0 0 1.14684 2.50406 492.974 830.072 
0.0157165718273162176 0.422175 0 191220 0.140675 35.1697 29.6162 0 01 0 0 0 0 0 0 0 0 0 0 0 0.418074 1.25219 0 0 
0.0157445996805750388 0.220183 1 196116 0 35.0882 29.5787 0 0 2 -0.0158019 -0.00892757 0.0091262 0 0 0 0 0 0 0 0 0.452092 0.905351 0 0 
0.0157895577758510666 0.229392 0 57393 0.0828029 35.4516 24.445 0 01 0 0 0 0 0 0 0 0 0 0 0 0.46361 1.62234 0 0 
0.0158276148430223987 0.348486 1 251297 0 28.6779 25.8101 0 0 1 -0.185668 0.542141 0.30465 0 0 0 0 0 0 0 0 0.352469 1.04002 0 0 
0.0158833774979344616 0.0578768 1 137507 0 34.6922 29.4147 0 0 1 -0.00204584 0.00663072 0.00681334 0 0 0 0 0 0 0 0 0.376576 0.680418 1401.74 1483.36 
0.0159313185549408709 0.200855 1 261369 0 32.1511 28.936 0 0 1 0.88608 0.684584 -0.708969 0 0 0 -0 0 0 0 -0 0.608926 0.822291 0 0 
0.0160173024627846654 0.408444 1 38744 0 34.3216 29.2325 0 0 1 -0.00355225 -0.00735441 0.0150792 0 0 0 0 0 0 0 0 0.400517 1.60379 0 0 
0.0160812086311580248 0.285456 1 260398 0 38.0259 34.2233 0 0 1 0.0430767 0.369369 -0.227824 0 0 0 0 0 0 0 0 0 0.572362 0 0 
0.0160910051302197328 0.275623 1 7502 0 53.1554 47.8399 0 0 1 -0.00239571 -0.0391804 -0.0332296 0 0 0 0 0 0 0 0 0.84897 1.68778 0 0 
0.0160991112480108473 0.376073 1 253249 0 34.6445 29.7104 0 0 1 -0.00225349 -0.009097 0.00173068 0 0 -0 0 0 0 -0 0 0 0.381102 0 0 
0.0161073460519351418 0.238426 1 256087 0 34.4949 29.4422 0 0 2 0.00648762 -0.0303389 -0.0143626 0 0 0 0 0 0 0 0 1.23049 1.96688 0 707.851 
0.0162674452498818255 0.716496 1 149543 0 14.599 13.0161 0 0 2 1.53931 1.69639 2.4086 0 0 0 0 0 0 0 0 0 0 0 0 
0.0163530457380417112 0.0915597 1 244242 0 49.917 44.9253 0 0 1 0.112179 -13.0671 25.0882 0 0 -0 0 0 0 -0 0 0.454616 0.669801 1305.62 1305.62 
0.0163935037310236377 0.15235 1 17420 0 33.3313 28.7775 0 0 1 0.00860445 0.0100045 -0.0141346 0 0 0 0 0 0 0 0 0.172566 0.648489 0 549.21 
0.0164146008926211902 0.187379 0 195542 0.354297 33.2784 28.7532 0 01 -0 0 0 0 -0 0 0 0 -0 0 0 0.371772 0.738269 0 137.697 
0.0164916513028471184 0.588081 1 149405 0 33.0855 28.6688 0 0 2 -0.00617373 -0.00402448 0.0138297 0 0 0 0 0 0 0 0 0 0 0 0 
0.0166235477626210451 0.0898976 0 138555 0.349058 33.2835 17.4148 0 01 0 0 -0 0 0 0 -0 0 0 0 -0 0.291057 0.656427 0 874.543 
0.0167808205815518606 0.229595 1 238521 0 46.179 41.5611 0 0 2 -0.00834646 -0.00508294 -0.0055094 0 0 0 -0 0 0 0 -0 0.227157 1.56979 0 0 
0.0168381628005078825 0.324999 0 30052 0.174613 32.5518 28.1686 0 0.3797451 -0.379573 -0.00811988 -0.00808342 0 0 0 -0 0 0 0 -0 0.311872 0.637307 0 0 
0.0168576261414794953 0.235503 1 175769 0 12.9656 9.61815 0 0 1 348.902 -251.409 7.81741 0 0 -0 0 0 0 -0 0 0.241912 0.719102 0 246.063 
0.0169882041302274224 0.888048 0 139792 1.15455 31.9091 26.5266 0 22.78291 -22.3307 2.61684 -3.68115 0 0 0 -0 0 0 0 -0 0 0 0 0 
0.0170940873475649117 0.496957 1 237195 0 31.107 27.9963 0 0 2 0.0260339 -0.226084 -0.840576 0 0 0 0 0 0 0 0 0.506369 0.506369 0 0 
0.0171449132653526855 0.386901 1 217727 0 36.1215 32.5093 0 0 2 -0.0152002 -0.00782042 -0.0164927 0 0 -0 0 0 0 -0 0 0 0 0 0 
0.017220652335518994 0.847426 1 55686 0 31.3951 24.996 0 0 2 -19.4923 -5.24565 -15.2022 0 0 0 0 0 0 0 0 0 0 0 0 
0.0172775713505488523 0.51385 0 109173 0.152822 31.793 24.0601 0 12.33191 5.75181 10.0058 -4.34463 0 0 0 0 0 0 0 0 0.525668 1.03921 0 0 
0.0172916943108336434 1.31646 0 15422 0 31.719 25.1663 0 43.3911 -15.25 16.2781 -37.2188 0 0 0 -0 0 0 0 -0 0 0 0 0 
0.0173196744572351631 7.28192 0 154920 0.344173 31.1826 24.3435 0 39.72311 19.2604 -21.8042 27.047 0 0 0 0 0 0 0 0 0 0 0 0 
0.0173910985042495005 0.499533 0 66897 0.128182 31.3833 24.6644 0 45.82151 -10.413 -32.7341 30.326 0 0 -0 0 0 0 -0 0 0 0.491836 0 0 
0.0174337473285428729 0.364295 1 0 0 30.9429 23.6149 0 0 1 35.4952 11.5643 18.5318 1 28.4685 6.64896 34.9674 0 0 0 0 0 0.375033 0 0 
0.0174922208256781432 0.338494 1 30458 0 30.8213 23.2508 0 0 1 9.54669 8.14931 16.7602 0 0 0 0 0 0 0 0 0.668482 1.33139 0 0 
0.0175260267886165055 0.130594 1 210777 0 33.8055 30.4249 0 0 2 0.0125834 -0.00841703 0.00790169 0 0 0 0 0 0 0 0 0 0 0 0 
0.0175556298420075883 0.813625 0 177987 30.7625 30.6911 22.8647 0 56.61271 22.0098 -16.9769 49.3188 0 0 -0 0 0 0 -0 0 0.801822 0.801822 0 0 
0.0175673409851248574 0.371265 1 0 0 12.4549 8.74664 0 0 1 26.0913 51.7402 6.06753 1 -10.4435 22.9524 72.6265 0 0 0 0 0 0.370043 0 0 
0.0175961368756859943 0.242689 0 194475 0.0890375 30.6095 22.6248 0 20.72351 2.58743 2.76699 20.3743 0 0 0 0 0 0 0 0 0.49066 1.48418 16.6214 16.6214 
0.0176160283580351004 0.295863 0 79775 0 31.0007 23.302 0 104.2351 -66.6149 34.2779 72.4732 0 0 0 0 0 0 0 0 1.22381 2.73239 0 0 
0.0176196672857031437 0.322875 1 0 0 30.5612 22.4837 0 0 1 -116.726 -21.2391 47.7438 1 -107.73 -45.6673 58.5856 0 0 0 0 0.311206 0.943889 0 706.719 
0.0176259653023340158 0.440083 0 262314 0.0963617 31.0234 23.2482 0 36.52551 -35.4187 -6.73226 -5.85687 0 -0 0 0 0 -0 0 0 0.87151 0.87151 0 384.287 
0.0176399509878435758 0.177157 0 69754 0.153305 31.0221 23.0118 0 47.42631 -38.691 -19.8007 -18.9787 0 0 0 0 0 0 0 0 0.813373 1.65311 0 441.799 
0.0176722016562189284 0.46942 0 289197 0.678462 15.3999 13.8562 0 01 -0 0 0 0 -0 0 0 0 -0 0 0 0 0 0 0 
0.0176995748578182947 0.287683 0 26774 0.30928 30.9144 22.0394 0 54.5911 20.2234 37.5006 -34.1305 0 0 0 0 0 0 0 0 0.830119 1.95862 0 300.175 
0.0177027885451108771 0.466124 0 295374 1.29649 30.675 22.659 0 79.32111 -24.1649 43.6175 61.688 0 0 0 0 0 0 0 0 0 2.75172 0 0 
0.0177130179658021164 0.362248 0 269481 0.584792 31.0774 23.5987 0 61.35731 58.2585 5.63351 -18.41 0 0 0 0 0 0 0 0 0.735312 2.20584 0 0 
0.0177523406697438074 0.732551 0 234863 0.788323 28.2586 25.4327 0 01 0 0 0 0 0 0 0 0 0 0 0 0.732551 0.732551 0 0 
0.0178260921356763712 3.92019 0 89901 0.120205 30.6152 22.0791 0 84.97871 -64.718 7.19778 -54.6 0 0 0 0 0 0 0 0 0 0 0 0 
0.0179231989610868572 0.080831 0 27397 0.158304 29.9646 20.7859 0 125.1361 9.72228 24.2194 122.384 0 0 0 0 0 0 0 0 0.215992 0.502112 0 2197.68 
0.0179861775537285828 0.130562 1 204329 0 26.895 24.2055 0 0 2 -0.001027 0.0102454 -0.00939907 0 -0 0 0 0 -0 0 0 0.411027 1.63345 0 963.259 
0.0180879995912571687 0.322234 0 129259 0.0998778 30.0308 20.6991 0 80.06771 -64.8834 -36.1769 -29.8701 0 0 0 0 0 0 0 0 0.635672 1.60632 0 0 
0.0180979309100454712 0.380063 1 176355 0 12.8194 9.47913 0 0 2 -55.8526 22.4717 61.3158 0 -0 0 0 0 -0 0 0 0 0.781713 0 0 
0.0180983325022730027 0.205131 0 21543 0.153347 28.1853 25.3667 0 01 0 0 0 0 0 0 0 0 0 0 0 0.21699 0.639969 0 0 
0.0181094905163167556 2.17764 0 48688 0.104754 29.6136 19.8263 0 101.1591 -24.9797 84.0768 50.4014 0 -0 0 0 0 -0 0 0 0 2.09197 0 0 
0.0181173286739458282 0.317558 1 237014 0 20.7941 18.7147 0 0 2 -0.00383487 -0.00517396 -0.00977235 0 0 0 -0 0 0 0 -0 0 0.629194 0 0 
0.0181702314863699012 0.412093 0 106119 0.108882 12.8922 9.60217 0 170.3561 -108.524 129.763 20.1251 0 -0 0 0 0 -0 0 0 0 0 0 0 
0.0183701004712379032 0.37797 0 222700 0.128656 26.8907 24.2017 0 01 0 0 -0 0 0 0 -0 0 0 0 -0 0 0.743243 0 0 
0.0184132264288727546 0.428508 0 95010 0.0930129 29.0631 18.379 0 162.0971 71.4325 94.8786 -110.322 0 0 0 0 0 0 0 0 0 0 0 0 
0.0184258666271426737 0.127109 1 0 0 29.043 18.3273 0 0 1 90.0599 -47.4095 172.326 1 109.661 -51.9728 160.81 0 0 0 0 2.26184 3.85853 2205.29 3262.41 
0.0184312025213819314 0.669771 0 325864 0.315366 24.7196 22.2476 0 01 0 0 0 0 0 0 0 0 0 0 0 0 0.666629 0 0 
0.0184712673051099265 0.297721 0 185079 0.22715 28.9612 18.1188 0 136.811 112.971 -77.1606 0.95146 0 0 0 0 0 0 0 0 1.53124 3.3547 0 103.345 
0.0185079096329122082 0.139231 0 54359 0.377607 28.8975 17.9572 0 148.2871 -125.556 52.3541 59.0246 0 0 0 0 0 0 0 0 0.670575 1.34901 0 1351.8 
0.0186085933315248246 0.178207 0 126118 0.118506 28.7237 17.521 0 124.0711 88.2243 -85.9389 -14.9894 0 0 -0 0 0 0 -0 0 0.335387 1.18828 0 0 
0.0186203375667843458 0.14926 1 219887 0 123.531 40.5 0 0 2 -0.0661432 0.11463 -0.0210395 0 0 0 0 0 0 0 0 0.541371 1.32352 0 2457.77 
0.0186620604153176391 1.56869 0 23097 0.141812 28.6322 17.2942 0 269.4221 20.7079 240.841 118.976 0 0 0 0 0 0 0 0 0 1.63189 0 0 
0.0187907944553376005 0.561199 0 55732 0.0823352 28.4154 16.7642 0 167.9451 -94.3851 -80.1195 -113.48 0 0 -0 0 0 0 -0 0 0 0 0 0 
0.0188411426108806741 1.09258 0 193763 28.3885 28.3319 16.5629 0 158.3551 -157.122 -2.32212 19.5823 0 0 -0 0 0 0 -0 0 0 0 0 0 
0.0188505826567484484 0.136322 0 61856 0.291495 28.8103 16.9261 0 84.0841 19.243 5.56718 -81.6629 0 0 0 0 0 0 0 0 0.142352 0.839538 0 0 
0.0188621343418319126 0.316278 1 0 0 28.2973 16.4798 0 0 1 -73.0159 -7.43363 7.52679 1 -72.3051 2.12714 23.6794 0 0 0 0 0.316278 0.637495 0 0 
0.0188713360086587463 0.335079 0 185355 28.3386 28.2824 16.4442 0 68.13181 0.797537 -25.1291 -63.3233 0 0 0 0 0 0 0 0 0 0.678702 0 0 
0.018891279480870965 0.511755 0 106288 28.3056 28.2495 16.3657 0 117.0851 100.075 -48.4525 -36.6897 0 0 0 0 0 0 0 0 0.509707 1.52954 0 100.486 
0.0189056498550572716 5.03194 0 67839 0.102745 28.2271 16.3124 0 174.8151 168.03 -18.3067 -44.6196 0 0 -0 0 0 0 -0 0 0 0 0 0 
0.0189544109114055392 0.122465 1 0 0 28.1466 16.1215 0 0 1 -89.3202 -68.0861 -12.7608 1 -109.829 -49.1951 31.7145 0 -0 0 0 0.969263 1.81311 0 1407.08 
0.0190710180873310056 0.323134 1 0 0 27.9588 15.682 0 0 1 2.35101 64.5069 55.2197 1 10.863 34.7087 89.5246 0 0 0 0 0.316949 1.28784 89.6928 89.6928 
0.0190738700913613696 21.3328 0 171631 28.0086 27.9543 15.6714 0 103.491 -58.8707 -37.762 -76.2786 0 -0 0 0 0 -0 0 0 0 0 0 0 
0.0191314778996386076 0.673958 0 6219 0.614274 28.3245 16.1235 0 313.6931 -210.663 21.4204 231.443 0 -0 0 0 0 -0 0 0 0.673958 0.673958 0 0 
0.0191599682239059002 0.266396 0 86890 27.8716 27.818 15.3574 0 370.1621 -310.191 185.082 80.9061 0 0 0 0 0 0 0 0 1.06717 2.36153 0 285.814 
0.0191945080353992104 0.401995 0 350734 0.520387 28.2186 15.8715 0 148.6821 108.113 87.4785 52.5862 0 0 0 0 0 0 0 0 0 0.404929 0 0 
0.0193250877604426718 0.207674 0 166801 0.630441 27.5611 14.7763 0 43.26191 -42.9859 -2.91382 3.914 0 -0 0 0 0 -0 0 0 0.205741 0.794861 0 0 
0.0193313801898486598 0.0420426 1 238851 0 58.0232 52.2208 0 0 2 0.00548052 -0.00222828 0.00676534 0 0 0 0 0 0 0 0 0.17673 0.492838 1618.36 1618.36 
0.0193730771532864936 0.439011 0 89495 0.386745 27.4879 14.6135 0 167.3921 -164.659 -24.5679 -17.4339 0 -0 0 0 0 -0 0 0 0.439355 1.29223 0 0 
0.0194761065333991547 0.2364 1 227872 0 25.2728 22.7455 0 0 2 0.00983048 0.00873747 0.00289802 0 0 0 0 0 0 0 0 0.246594 1.95268 0 259.943 
0.0195047308291579659 0.186106 0 61838 0.103308 27.2887 14.1757 0 222.9781 212.031 45.6878 -51.7172 0 0 0 0 0 0 0 0 0.505786 1.38187 0 131.443 
0.0195235020470223598 0.279018 0 149264 27.311 27.2607 14.1148 0 184.1251 93.6771 -131.768 -88.1127 0 0 0 -0 0 0 0 -0 0.554009 0.830797 0 75.9268 
0.0195344054658667977 0.917362 0 18064 0.0925888 27.714 14.6762 0 169.4731 -147.268 41.3935 -72.9369 0 0 0 0 0 0 0 0 0 0 0 0 
0.0195401206614136957 0.224364 1 255577 0 48.1908 43.3717 0 0 2 -0.00202861 0.00114481 0.0078316 0 0 0 0 0 0 0 0 0 0.432423 0 0 
0.0195644445532865488 0.986692 0 141353 0.301654 27.1998 13.9832 0 184.0541 60.5695 132.846 -112.067 0 0 0 0 0 0 0 0 0 0 0 0 
0.0195852674873491818 0.222066 0 181037 0.114971 27.1691 13.9169 0 282.061 267.046 84.9342 -32.1022 0 0 0 0 0 0 0 0 0.229186 0.665293 0 283.344 
0.0196487188850238657 0.319933 1 216938 0 43.702 39.3318 0 0 2 0.0543826 -0.00623127 0.347137 0 0 0 0 0 0 0 0 0 0 0 0 
0.0196542624550878064 0.378867 1 281531 0 27.6208 24.8587 0 0 2 0.0103245 0.00671648 0.00575043 0 0 0 0 0 0 0 0 0.378867 0.378867 0 0 
0.0197136566720472056 0.221769 0 295265 0.0935225 24.1451 21.7306 0 01 -0 0 0 0 -0 0 0 0 -0 0 0 0 0.659793 0 0 
0.0202120202211804045 0.32672 1 0 0 26.282 12.0913 0 0 1 -24.0128 -110.275 65.9076 1 -27.2614 -105.134 73.3193 0 -0 0 0 0.991791 1.98319 0 414.259 
0.0202161387566408557 0.108361 1 0 0 26.2766 12.0807 0 0 1 222.142 17.1609 -80.7017 1 225.437 54.265 -63.6081 0 0 0 0 0.929449 1.88907 582.274 1931.78 
0.0202725420510468483 2.84061 0 195209 26.2463 26.2017 11.9341 0 288.4461 -159.794 90.3689 222.486 0 0 0 0 0 0 0 0 0 0 0 0 
0.0202854648113172838 0.541964 0 145174 0.12409 26.183 11.8977 0 116.1881 -25.1019 113.427 -1.96145 0 -0 0 0 0 -0 0 0 0 0.533429 0 0 
0.0203092422536376924 0.581323 0 170681 0.0876623 26.1516 11.8367 0 356.9441 -181.155 264.504 156.938 0 0 0 0 0 0 0 0 0.581524 2.90146 0 0 
0.0203166507267440039 0.193351 0 278259 0.156229 17.0106 15.3074 0 01 0 0 0 0 0 0 0 0 0 0 0 0.78743 1.38948 0 706.023 
0.0203419416897946681 0.176033 1 57888 0 20.6231 18.5608 0 0 1 0.000324202 0.00327994 0.00323787 0 0 0 0 0 0 0 0 0.504443 1.18625 963.176 1763.41 
0.0203775086101093232 0.428234 0 8327 0.270972 26.4087 12.2066 0 205.7321 -205.125 1.69006 15.696 0 0 0 0 0 0 0 0 0 0 0 0 
0.0203995323503928273 0.781622 0 171637 26.0749 26.0312 11.6046 0 148.0581 105.825 -44.2738 93.6058 0 0 0 0 0 0 0 0 0 0 0 0 
0.0204038025968950702 2.09749 0 158284 26.0693 26.0256 11.5938 0 396.7981 -147.606 363.762 57.7824 0 0 0 0 0 0 0 0 0 0 0 0 
0.0204326277170989515 0.137189 0 131510 0.112435 25.9876 11.5213 0 368.1411 -170.513 -206.311 252.763 0 0 0 0 0 0 0 0 0.293631 1.29127 0 122.57 
0.0205416035055340715 0.3651 1 0 0 25.8456 11.2526 0 0 1 164.817 100.892 118.045 1 143.625 129.096 123.479 0 0 0 0 0.356579 1.0852 0 1185.14 
0.0205911103844485452 0.660182 0 60209 25.824 25.7816 11.1328 0 211.8891 -175.903 -59.5747 102.01 0 -0 0 0 0 -0 0 0 0 0 0 0 
0.0205962056214840546 0.757318 0 149828 1.02442 25.775 11.1205 0 267.7111 45.4124 209.621 -160.206 0 0 0 0 0 0 0 0 0 0 0 0 
0.0206677501773016026 0.266696 0 317024 0.167586 24.9635 22.4672 0 01 0 0 0 0 0 0 0 0 0 0 0 1.81513 3.60953 788.169 882.611 
0.0206739710534626017 0.256131 0 77143 0.283507 25.6755 10.9361 0 299.7761 255.597 156.534 5.74634 0 0 0 0 0 0 0 0 0 0.52073 0 0 
0.020735304378559357 0.695956 0 64738 0.0872744 25.598 10.7937 0 215.9081 -77.8704 -178.643 -92.9468 0 -0 0 0 0 -0 0 0 0 0 0 0 
0.0208357178403893381 0.23044 1 211284 0 35.5863 32.0277 0 0 2 0.00549973 0.0157321 0.00780255 0 0 0 0 0 0 0 0 0.677728 1.35759 0 240.699 
0.0208514888465510945 0.667777 0 376175 0 25.8994 11.0294 0 178.811 130.298 49.2166 112.131 0 0 0 0 0 0 0 0 0 0 0 0 
0.0208884409727238991 1.43114 0 126498 25.4469 25.4064 10.447 0 194.9261 -78.4209 -34.7772 175.034 0 0 0 0 0 0 0 0 0 0 0 0 
0.0211296255880144626 1.11459 0 190546 25.1519 25.1128 9.9299 0 255.9811 154.322 -203.327 -19.2159 0 0 0 0 0 0 0 0 0 0 0 0 
0.0212704615025029013 0.37557 0 165019 24.9833 24.945 9.6418 0 177.8091 -159.46 -78.6436 -1.94186 0 -0 0 0 0 -0 0 0 0.760578 1.91752 0 0 
0.0213181112140339926 2.07499 0 81629 24.9271 24.8891 9.5471 0 56.5941 -44.2075 -33.1649 -12.193 0 0 0 -0 0 0 0 -0 0 0 0 0 
0.021372295234470165 2.84373 0 186121 24.8636 24.8259 9.44067 0 339.7661 36.7937 -335.373 40.1534 0 0 0 0 0 0 0 0 0 0 0 0 
0.0213780559002825638 1.22698 0 163317 24.8582 24.8205 9.43165 0 171.3481 71.8955 148.341 -46.7531 0 0 0 0 0 0 0 0 0 1.19102 0 0 
0.0213885108204771579 0.188969 0 140637 0.192187 24.807 9.409 0 352.8071 246.956 -251.94 -3.41644 0 0 0 0 0 0 0 0 0 0.41186 0 0 
0.0214191450119714279 0.166388 1 288497 0 35.8464 32.2618 0 0 2 -0.271488 0.490105 0.0171397 0 0 0 0 0 0 0 0 0.36386 1.0505 2257.59 2257.59 
0.0214998618973717831 0.340211 0 197303 0.119788 25.1276 9.70487 0 64.87831 -64.427 -7.238 -2.44182 0 -0 0 0 0 -0 0 0 0 0.330318 0 0 
0.0215547286677940236 0.251483 1 131361 0 10.2992 6.35637 0 0 2 54.7182 29.458 -42.2461 0 0 0 0 0 0 0 0 0.484991 2.18223 373.424 373.424 
0.0215658905959306355 0.299264 0 216025 0.236152 16.3848 14.7436 0 01 0 0 0 0 0 0 0 0 0 0 0 0 0 0 0 
0.021577835309897167 0.475082 0 63470 0.315631 24.5898 9.05006 0 205.8191 155.279 -122.561 -56.8196 0 0 -0 0 0 0 -0 0 0.475081 0.953711 0 0 
0.021656708086092033 0.18954 0 77879 0.193111 24.5007 8.90541 0 176.0591 140.909 102.381 -25.6839 0 0 0 0 0 0 0 0 0.797862 1.99419 715.232 771.259 
0.0217357965232135297 2.77305 0 73656 24.4481 24.4123 8.76344 0 273.8141 -149.517 139.087 -182.41 0 -0 0 0 0 -0 0 0 0 0 0 0 
0.0218354219730508975 0.145846 0 144498 0.223049 24.3021 8.5885 0 363.1681 274.198 -234.242 -42.8637 0 0 0 0 0 0 0 0 0 0 0 0 
0.0218479266895313523 3.73653 0 187804 24.3237 24.2885 8.56703 0 245.5841 245.381 2.54157 -9.65896 0 0 0 0 0 0 0 0 0 0 0 0 
0.0219376483672528051 1.66762 0 165677 24.2251 24.1904 8.41352 0 57.33151 22.799 41.7874 31.9517 0 0 0 0 0 0 0 0 0 0 0 0 
0.0220211367827714104 0.558521 1 210953 0 18.5652 16.7085 0 0 2 0.00292677 0.00348428 -0.00251254 0 0 0 -0 0 0 0 -0 0 0 0 0 
0.0221198409088936288 0.223881 0 239137 0.368824 29.1877 18.6092 0 46.73111 -8.59588 -39.4232 -23.5737 0 0 -0 0 0 0 -0 0 1.1272 2.01532 0 1671.49 
0.022186187874252028 0.384871 1 292861 0 21.0631 18.9568 0 0 2 -0.00277293 -0.0134515 0.0112622 0 0 -0 0 0 0 -0 0 0 1.15895 0 0 
0.0223565761562507098 0.42371 0 98258 0.196082 23.7467 7.74152 0 442.5441 -421.519 120.126 61.1296 0 0 0 0 0 0 0 0 0 0.845762 0 0 
0.0223832993610603784 0.115131 1 270402 0 45.5533 40.9979 0 0 2 0.0175505 0.00436005 -0.00315634 0 0 0 0 0 0 0 0 0.119683 0.512641 318.939 318.939 
0.0224105034653746191 0.264042 0 83813 23.7236 23.6912 7.65998 0 442.7081 155.682 16.8731 -414.088 0 0 0 -0 0 0 0 -0 0.53482 1.8606 0 636.654 
0.0224490723603559504 0.233788 1 0 0 23.6517 7.6024 0 0 1 186.624 -130.817 -8.77976 1 198.039 -114.454 -9.69271 0 0 0 0 0 0.445139 0 0 
0.0226121831443691947 0.40209 0 306095 0.302805 23.8848 7.83343 0 444.0391 -443.735 16.0156 -3.68379 0 -0 0 0 0 -0 0 0 0.833072 2.05116 0 0 
0.0226303068048960311 0.886174 0 77061 0.135806 23.4686 7.33887 0 166.6031 -92.2895 101.023 95.0447 0 -0 0 0 0 -0 0 0 0 0.912475 0 0 
0.0226433326325226961 10.66 0 5708 0.370288 23.4555 7.32021 0 401.0861 355.446 -111.702 -148.497 0 0 0 0 0 0 0 0 0 0 0 0 
0.0228190911151606168 0.188583 0 224429 0.124106 15.5045 13.9504 0 01 0 -0 0 0 0 -0 0 0 0 -0 0 0.716488 1.40564 952.509 2120.08 
0.022852763026299891 0.561739 0 257730 0.510213 23.6902 7.29411 0 469.2041 323.11 -269.071 208.215 0 0 0 0 0 0 0 0 2.26366 6.77317 0 84.7004 
0.0228754301559676368 0.244092 1 267050 0 53.0578 47.7521 0 0 2 -0.00571415 0.015916 -0.00298646 0 0 0 0 0 0 0 0 0.500322 1.00201 0 0 
0.0229260151217311747 0.20545 0 190351 23.2074 23.1773 6.93232 0 292.2371 -280.777 80.5218 9.11275 0 0 0 0 0 0 0 0 0.601713 1.00857 0 0 
0.0229852384773825413 0.536867 0 199257 0.156447 23.12 6.85424 0 292.5521 -96.6148 -231.484 150.557 0 -0 0 0 0 -0 0 0 0.540379 0.540379 0 0 
0.022992013505550836 0.277266 1 255741 0 18.5871 16.7283 0 0 2 -0.0158937 0.0114407 -0.0187165 0 0 0 0 0 0 0 0 0 0.281447 0 0 
0.0231544025555339046 0.507704 0 31525 22.9882 22.9589 6.63775 0 307.0751 -206.46 -223.206 -42.9919 0 0 0 -0 0 0 0 -0 0 0.507177 0 0 
0.0233029184990065016 0.199768 0 159018 1.53951 22.8198 6.45455 0 292.111 275.596 -70.0072 -66.8895 0 0 0 0 0 0 0 0 0.396951 0.610122 0 0 
0.0233063126920770441 0.313841 0 106367 0.587292 22.8167 6.45043 0 251.1351 -190.108 -163.468 14.3428 0 -0 0 0 0 -0 0 0 0 0.317879 0 0 
0.023366893035770591 0.508737 0 153408 0.169998 22.7607 6.37767 0 335.8741 -328.169 36.6559 -61.4227 0 -0 0 0 0 -0 0 0 0 1.00832 0 0 
0.0236092968824133283 0.447685 0 148434 0.103399 22.5404 6.09695 0 207.9811 -144.069 -69.6703 132.838 0 0 0 0 0 0 0 0 0.456179 3.13989 0 0 
0.0237463411858468872 0.315776 0 13000 0.312971 22.418 5.94463 0 329.8551 -150.313 2.40724 -293.605 0 -0 0 0 0 -0 0 0 0.314813 0.635733 0 415.854 
0.0237853437715246224 0.246783 1 214486 0 31.2425 28.1182 0 0 2 -0.00525344 -0.00224162 -0.0023125 0 -0 0 0 0 -0 0 0 1.9931 3.71101 111.747 1399.06 
0.0237893698033055864 1.85009 0 45426 22.4067 22.3799 5.89767 0 200.5791 -81.9795 -146.526 109.732 0 -0 0 0 0 -0 0 0 0 0 0 0 
0.0238615974647704877 0.327649 1 226292 0 32.726 29.4534 0 0 2 0.0149242 0.0135911 -0.00195242 0 0 0 0 0 0 0 0 0 0 0 0 
0.0239026868532359639 0.298461 1 221694 0 26.2883 23.6595 0 0 2 0.00385886 0.00538215 0.0111684 0 0 0 0 0 0 0 0 0.601619 0.905791 0 0 
0.0240483566061805917 0.238767 0 5085 0.23739 22.5307 6.06063 0 166.9051 -19.7889 -120.704 113.562 0 0 0 0 0 0 0 0 0.503427 0.984295 0 0 
0.0240848327459839175 0.420534 1 0 0 22.1235 5.58895 0 0 1 -167.736 -185.03 -1.31878 1 -161.987 -190.285 5.23698 0 0 -0 0 0 0 0 0 
0.0240918515115166147 0.314973 1 212946 0 35.2275 31.7047 0 0 2 0.0187761 -0.0039727 -0.0111244 0 0 0 -0 0 0 0 -0 0 0 0 0 
0.0241945164641014822 0.323106 0 161955 0.535417 22.4526 5.87698 0 492.7351 -489.944 -36.3573 37.6907 0 0 0 0 0 0 0 0 0 1.29621 0 0 
0.0241980106526584401 0.276492 0 153745 0.251905 22.0274 19.6456 0 01 0 0 0 0 0 0 0 0 0 0 0 0.266177 0.800657 0 0 
0.0241991029971511049 0.267973 0 163978 22.052 22.0265 19.6449 0 01 0 0 0 0 0 0 0 0 0 0 0 0.521442 1.86234 1.28238 242.922 
0.0242663239885010616 0.431845 0 143717 0.49105 21.9711 19.5959 0 01 0 0 -0 0 0 0 -0 0 0 0 -0 0.863308 1.30415 0 0 
0.0242859774285978658 0.211076 0 189779 0.494972 22.372 5.83506 0 407.471 73.1821 11.3996 -400.682 0 0 0 0 0 0 0 0 0.1947 0.588647 0 0 
0.0242967219303718562 0.35205 1 219425 0 40.0887 36.0799 0 0 1 -0.0101416 0.00965874 -0.00368711 0 0 0 0 0 0 0 0 0 0.351385 0 0 
0.0244090307308161801 0.351989 1 217506 0 17.4087 15.6662 0 0 2 0.0136562 0.00473928 0.00878299 0 0 0 0 0 0 0 0 0.722505 3.60575 0 175.211 
0.0244151321079261047 0.443388 0 150319 21.8709 21.8462 19.4856 0 01 0 -0 0 0 0 -0 0 0 0 -0 0 0 0 0 0 
0.024487307010827658 0.742519 0 24795 21.8114 21.7868 19.4332 0 01 0 0 0 0 0 0 0 0 0 0 0 0 0 0 0 
0.0245251401904616299 0.683816 0 5802 21.7804 21.756 19.4059 0 01 -0 0 0 0 -0 0 0 0 -0 0 0 0 0 0 0 
0.02455305529787093 0.998817 0 147298 21.7574 21.733 19.3856 0 01 0 0 -0 0 0 0 -0 0 0 0 -0 0 0 0 0 
0.0245642918553304022 0.309566 1 57626 0 8.3463 7.51167 0 0 1 25.0768 -30.0752 -27.4996 0 0 0 0 0 0 0 0 0 0 0 0 
0.0245879959184658985 0.958386 0 172139 21.7289 21.7047 19.3605 0 01 -0 0 0 0 -0 0 0 0 -0 0 0 0 0.955305 0 0 
0.0246050592660868594 2.87236 0 62404 21.7151 21.6909 19.3484 0 01 0 0 0 0 0 0 0 0 0 0 0 0 0 0 0 
0.0246355664934841088 3.28796 0 139643 0 24.8891 9.54717 0 379.1041 376.947 37.358 15.3272 0 0 0 0 0 0 0 0 0 0 0 0 
0.0246386924826869046 0.257539 1 17637 0 37.5041 33.7537 0 0 1 -0.0214931 0.00285076 -0.0151708 0 0 0 0 0 0 0 0 0.496501 0.496501 2.00865 2.00865 
0.0247372802317743501 0.179174 0 63111 21.6082 21.5844 19.2543 0 01 0 0 0 0 0 0 0 0 0 0 0 0.190165 0.716734 0 106.868 
0.024765157006946658 0.629204 0 228397 0.133542 22.3468 5.7831 0 328.2841 161.24 60.9076 279.396 0 0 0 0 0 0 0 0 0.640299 1.90971 0 369.342 
0.0248125842189287418 0.394452 0 190379 21.548 21.5245 19.2012 0 01 -0 0 0 0 -0 0 0 0 -0 0 0 0.799403 3.18315 0 4.553 
0.0248479558408875971 0.841061 0 150526 0.209306 21.4966 19.1765 0 01 -0 0 0 0 -0 0 0 0 -0 0 0 0 2.50936 0 0 
0.024863459352592765 0.420871 1 34929 0 21.4843 19.1657 0 0 1 0.00755101 -0.010565 0.000427997 0 0 0 0 0 0 0 0 0 0 0 0 
0.0250033658973405418 0.185603 1 208454 0 21.3753 19.0717 0 0 1 0.205294 1.35134 1.04002 0 0 0 0 0 0 0 0 0 1.05625 0 0 
0.0251035137795196407 0.369045 0 74810 21.3199 21.2972 19.0001 0 01 -0 0 0 0 -0 0 0 0 -0 0 0 0.36363 1.07524 0 0 
0.0251275114708443999 0.418668 0 125439 21.3014 21.2788 18.9838 0 01 0 0 0 0 0 0 0 0 0 0 0 0.844733 1.68051 0 0 
0.0251948997496124934 0.322409 0 2133 0.672676 21.2269 18.9379 0 01 -0 0 0 0 -0 0 0 0 -0 0 0 0 0.326477 0 0 
0.0252279026379660792 0.169879 0 74169 0.166884 21.2018 18.9156 0 01 0 0 0 0 0 0 0 0 0 0 0 0.180316 0.90652 0 9.62922 
0.0252383955554958163 0.19444 0 227863 0.183151 27.7388 24.9649 0 01 0 0 0 0 0 0 0 0 0 0 0 0 0.597257 0 0 
0.0252697579373369619 0.34198 0 161127 0.103892 21.1699 18.8874 0 01 0 0 0 0 0 0 0 0 0 0 0 0 1.72244 0 0 
0.0252779317477406437 0.285562 0 294759 0.163793 29.4085 19.2791 0 78.60281 -22.5115 69.5614 -28.8591 0 -0 0 0 0 -0 0 0 0.567632 2.01721 0 462.568 
0.0254354147056821585 0.164516 1 231748 0 49.3441 44.4097 0 0 2 0.154095 -0.409287 0.862215 0 0 -0 0 0 0 -0 0 0.143959 0.772088 0 0 
0.0254542433605164445 0.162499 0 13778 0.38392 21.0313 18.7647 0 01 0 0 0 0 0 0 0 0 0 0 0 0.297348 0.588168 0 0 
0.0255070137061663739 0.394019 0 61834 0.147021 20.9921 18.7299 0 01 0 0 -0 0 0 0 -0 0 0 0 -0 0 0.792097 0 0 
0.0256211683961317799 0.363065 0 164300 20.9292 20.9079 18.6553 0 01 0 0 -0 0 0 0 -0 0 0 0 -0 0.368545 0.368545 0 0 
0.0258354640956109209 0.234565 0 171741 20.7738 20.753 18.5181 0 01 -0 0 0 0 -0 0 0 0 -0 0 0 0.234565 2.05937 212.279 212.279 
0.0258666141938370189 0.109832 1 288975 0 16.5389 14.8824 0 0 2 -0.0117174 -0.00785097 -0.00916925 0 0 0 -0 0 0 0 -0 0 0 0 0 
0.0260275802665054026 0.224878 0 52009 0.0954968 20.6155 18.3962 0 01 0 0 -0 0 0 0 -0 0 0 0 -0 0 0.682922 0 0 
0.0260902168256138961 0.162962 0 33876 1.24898 20.5715 18.3571 0 01 0 0 0 0 0 0 0 0 0 0 0 0 0.470261 0 0 
0.0261147364218697192 0.976941 0 163707 0.473068 20.5543 18.3418 0 01 -0 0 0 0 -0 0 0 0 -0 0 0 0.999645 1.97305 0 0 
0.0261328170471368526 0.384659 0 98571 0.156103 20.6146 18.3954 0 01 0 0 0 0 0 0 0 0 0 0 0 0 0.384659 0 0 
0.0262045854487843698 0.70233 0 23718 20.5115 20.4916 18.2862 0 01 0 0 0 0 0 0 0 0 0 0 0 0 0.693649 0 0 
0.0263434177177715896 0.381476 0 143635 20.4154 20.3958 18.2013 0 01 0 0 0 0 0 0 0 0 0 0 0 0 0 0 0 
0.0263965607759847933 1.25896 0 148444 20.3789 20.3595 18.1691 0 01 0 -0 0 0 0 -0 0 0 0 -0 0 0 1.23475 0 0 
0.026433211020084179 0.178714 1 224296 0 57.2288 51.506 0 0 2 0.00226841 0.00367624 -0.00679881 0 0 0 0 0 0 0 0 0 0 0 0 
0.0264563949533087317 0.110975 0 82874 0.231176 20.7012 17.688 0 01 0 0 0 0 0 0 0 0 0 0 0 0.130024 0.381663 2008.66 2008.66 
0.026462528697896389 0.762778 0 291393 0.198755 20.4264 18.6789 0 01 0 0 0 0 0 0 0 0 0 0 0 0 0.764347 0 0 
0.0264836047516882195 0.345145 0 196880 0.108552 23.2726 7.06376 0 337.021 -130.687 -309.115 -30.8462 0 0 0 0 0 0 0 0 0.343891 1.02833 0 0 
0.0264999154968041141 0.379579 1 29294 0 20.2894 18.1068 0 0 1 0.00511322 -0.044524 -0.00175098 0 0 0 0 0 0 0 0 0.389146 0.780983 0 0 
0.0265652658400546242 0.397125 0 44830 2.39151 20.2453 18.0677 0 01 0 0 -0 0 0 0 -0 0 0 0 -0 0 0.807566 0 0 
0.0266490502474138469 0.30718 1 223029 0 48.5952 43.7356 0 0 1 -0.180827 0.518567 0.864441 0 -0 0 0 0 -0 0 0 0.618704 1.22927 0 472.663 
0.0267397010473105524 0.618456 0 148344 0 20.1291 17.9646 0 01 0 0 -0 0 0 0 -0 0 0 0 -0 0 1.23984 0 0 
0.0267489881868244843 0.342873 0 59383 20.1415 20.1228 17.9591 0 01 0 0 0 0 0 0 0 0 0 0 0 0 0 0 0 
0.0267780924039556951 0.311852 1 171146 0 20.1035 17.942 0 0 2 -0.00375221 0.00367893 0.0159696 0 0 0 0 0 0 0 0 0.636021 0.945052 0 0 
0.0269447777362054816 0.44154 0 291542 0.175941 27.3888 9.36936 0 92.31671 75.1784 39.8363 -35.8279 0 0 0 0 0 0 0 0 3.49031 8.72844 0 0 
0.0271343811993702173 0.252523 0 173828 19.8898 19.872 17.7365 0 01 0 0 0 0 0 0 0 0 0 0 0 0 0.504481 0 0 
0.0272390353626744686 0.254554 0 1612 0.135604 19.8054 17.6775 0 01 0 0 0 0 0 0 0 0 0 0 0 0.249 1.01285 0 0 
0.0273182954978051541 20.9147 0 73017 19.7728 19.7553 17.633 0 01 -0 0 0 0 -0 0 0 0 -0 0 0 0 0 0 0 
0.0273862556160025458 0.684045 0 7154 0.128431 20.1004 16.8036 0 01 0 0 0 0 0 0 0 0 0 0 0 4.16586 8.33001 77.3535 84.1731 
0.0274210299221433959 0.52403 0 29937 0.154413 19.6909 17.5759 0 01 0 0 0 0 0 0 0 0 0 0 0 0.523448 0.523448 0 0 
0.0274614620586029097 1.11439 0 175405 19.6829 19.6658 17.5535 0 01 -0 0 0 0 -0 0 0 0 -0 0 0 0 0 0 0 
0.0275112251791311234 0.162715 0 263826 0.145784 20.0181 17.0595 0 01 -0 0 0 0 -0 0 0 0 -0 0 0 0 0.289921 0 0 
0.0275217270278273612 0.330027 0 184723 0.268952 19.6284 17.5203 0 01 0 0 0 0 0 0 0 0 0 0 0 0 0.662977 0 0 
0.0275271544496594155 0.459382 0 15890 0.311483 19.625 17.5174 0 01 0 0 -0 0 0 0 -0 0 0 0 -0 0 0 0 0 
0.0275816139873773791 1.2702 0 179770 19.6083 19.5914 17.4875 0 01 -0 0 0 0 -0 0 0 0 -0 0 0 1.27887 1.27887 0 0 
0.0277051402793476939 0.11764 0 245825 0.264359 33.1291 28.6902 0 01 0 0 0 0 0 0 0 0 0 0 0 0.226738 1.05163 1282.9 1282.9 
0.028110159074660971 0.262033 0 24100 0.120771 19.659 16.615 0 01 0 0 0 0 0 0 0 0 0 0 0 0.263679 1.01268 0 0 
0.0283882600932843752 0.21441 0 327716 0.107647 17.0953 15.3838 0 01 0 0 -0 0 0 0 -0 0 0 0 -0 0 0.21785 0 0 
0.0308557895969991981 0.403726 0 239368 0.268514 22.3938 20.1544 0 01 0 0 0 0 0 0 0 0 0 0 0 0 0.403508 0 0 
0.0314981490344027754 0.432819 1 268538 0 15.2509 13.7219 0 0 2 -0.0168673 -0.00201579 0.0333561 0 0 0 0 0 0 0 0 0.427567 0.427567 0 0 
0.031876222468363774 0.199317 1 283681 0 17.758 15.981 0 0 2 0.00499182 -0.00744726 0.0080551 0 0 -0 0 0 0 -0 0 0 0.349623 0 0 
0.0322549192444217397 0.0743592 1 51545 0 40.5809 36.5228 0 0 1 -0.0103171 0.00682349 0.0204071 0 0 0 0 0 0 0 0 0.0775638 0.166958 0 0 
0.035936752360981386 0.232611 1 226195 0 31.4566 28.3109 0 0 2 0.00523772 -0.0162239 0.00942335 0 0 -0 0 0 0 -0 0 0.231532 2.38699 0 0 
0.0388221892382575109 0.140851 1 104935 0 54.8936 49.4043 0 0 2 -0.00429947 -0.0134718 -0.00315922 0 0 0 0 0 0 0 0 1.38053 2.91557 0 808.566 
0.0391349788500235732 0.127507 1 216993 0 75.5373 67.9836 0 0 1 1.18107 5.1551 4.29321 0 0 0 0 0 0 0 0 1.23938 2.35778 463.568 1086.08 
0.0409086995784251478 0.233458 0 185677 0.178679 25.059 9.83723 0 151.7321 27.5621 149.179 -2.87955 0 0 0 0 0 0 0 0 0.213629 1.13285 0 0 
0.0438517153508661273 0.321977 0 238752 0.336246 21.7905 19.6115 0 01 0 -0 0 0 0 -0 0 0 0 -0 0 0.324674 0.64665 111.709 111.709 
6.50782782449965058 0.0359672 1 0 0 4.23882 16.7394 0 0 0 0 0 0 0 0 0 0 0 0 0 0 1.23876 6.18731 11.8368 29.391 
7.09505271616948985 0.0627381 1 0 0 3.83007 16.7917 0 0 0 0 0 0 0 0 0 0 0 0 0 0 18.5022 45.1236 18.772 60.1468 
