#1:time #2:r #3.binary? #4:ID #5:zams_m #6:m_progenitor #7:bh mass #8:bh_spin #9:birth-kick(km/s) #10-25:vsarray
0.000406792281126794157 0.266835 0 40380 131.501 46.4147 41.7732 0 01 0 0 0 0 0 0 0 0 0 0 0 4.8398 12.027 427.464 823.589 
0.000406792281126794157 0.472642 1 62090 0 46.3602 41.7241 0 0 2 0.00437348 -0.0096048 -0.00218952 0 0 0 -0 0 0 0 -0 4.81714 13.9057 657.195 1576.05 
0.000406792281126794157 0.520552 1 73525 0 46.0703 41.4633 0 0 2 -3.67883e-05 0.00417358 0.000621378 0 -0 0 0 0 -0 0 0 6.26017 15.0845 392.817 900.522 
0.000406792281126794157 0.545969 0 61743 148.621 45.9078 41.317 0 01 0 0 0 0 0 0 0 0 0 0 0 4.88937 15.7323 60.978 431.456 
0.000406792281126794157 0.703508 0 100504 136.028 46.3886 41.7498 0 01 0 0 -0 0 0 0 -0 0 0 0 -0 4.18763 10.4489 94.9217 341.588 
0.000406792281126794157 0.737742 0 48795 148.621 45.9077 41.3169 0 01 0 0 0 0 0 0 0 0 0 0 0 3.72126 9.66258 0 148.716 
0.000424661589914614504 0.116314 0 10657 0.119983 45.3504 40.8154 0 01 0 0 0 0 0 0 0 0 0 0 0 4.24405 9.07128 888.528 1144.03 
0.000424661589914614504 0.0722625 1 1230 0 46.3126 41.6814 0 0 1 0.00742693 -0.00264786 0.00303635 0 0 0 0 0 0 0 0 4.24405 9.07128 888.528 1144.03 
0.000424661589914614504 0.25502 0 34504 124.455 46.4325 41.7892 0 01 0 0 0 0 0 0 0 0 0 0 0 6.63474 13.788 722.24 1780.68 
0.000424661589914614504 0.512899 1 34242 102.31 35.4888 31.94 0 0 1 -1.51524 2.09952 -1.67388 0 0 0 0 0 0 0 0 9.88851 18.7803 502.332 2768.7 
0.000424661589914614504 0.574995 0 119279 118.641 46.4209 41.7788 0 01 0 0 0 0 0 0 0 0 0 0 0 10.7837 27.6872 609.451 1334.64 
0.000424661589914614504 0.60346 0 64926 104.991 45.522 40.9698 0 01 0 0 0 0 0 0 0 0 0 0 0 5.48059 12.7745 107.425 384.164 
0.000424661589914614504 0.705953 0 92882 107.222 46.1107 41.4997 0 01 -0 0 0 0 -0 0 0 0 -0 0 0 6.98613 18.8173 443.733 450.315 
0.000424661589914614504 0.736204 0 48757 103.84 44.8856 40.3971 0 01 0 0 0 0 0 0 0 0 0 0 0 4.46692 13.4455 0 178.939 
0.000424661589914614504 0.920714 0 111187 103.99 45.0074 40.5066 0 01 0 0 0 0 0 0 0 0 0 0 0 6.3752 20.0046 29.0484 1010.2 
0.000424661589914614504 1.23159 0 115717 0 46.2811 41.653 0 01 0 0 0 0 0 0 0 0 0 0 0 6.11898 17.1164 0 222.237 
0.000424661589914614504 1.30636 0 149723 103.931 44.9379 40.4441 0 01 0 0 0 0 0 0 0 0 0 0 0 7.87343 10.4585 0 502.215 
0.000424661589914614504 1.62989 0 178115 104.318 45.1458 40.6313 0 01 0 -0 0 0 0 -0 0 0 0 -0 0 3.27747 9.96018 0 0 
0.000424661589914614504 1.68476 0 174558 126.594 46.278 41.6502 0 01 0 0 0 0 0 0 0 0 0 0 0 3.27747 9.96018 0 0 
0.000424661589914614504 1.74983 0 188351 0 46.1427 41.5284 0 01 -0 0 0 0 -0 0 0 0 -0 0 0 5.2183 17.4403 0 0 
0.000424661589914614504 1.90446 0 175727 113.949 46.5427 41.8885 0 01 0 0 0 0 0 0 0 0 0 0 0 3.81381 9.59436 0 208.086 
0.000446090280160540986 0.198078 0 61874 0.744417 37.7517 33.9765 0 01 0 0 -0 0 0 0 -0 0 0 0 -0 7.73954 14.4757 1761.61 2287.32 
0.000446090280160540986 0.280157 0 51333 97.6188 41.5317 37.3785 0 01 0 0 0 0 0 0 0 0 0 0 0 6.43126 16.6534 849.251 1316.26 
0.000446090280160540986 0.5632 1 24087 0 36.0556 32.4501 0 0 1 0.00297096 0.000511745 0.000675255 0 0 0 0 0 0 0 0 8.53094 17.0526 94.3793 210.261 
0.000446090280160540986 0.807401 1 136651 0 37.9798 34.1818 0 0 1 7.48088e-05 0.00178548 0.00010396 0 0 0 0 0 0 0 0 10.3761 21.5895 0 667.109 
0.000446090280160540986 0.832206 1 9424 0 42.3777 38.1399 0 0 1 -0.00033957 0.00155764 0.00124292 0 0 0 0 0 0 0 0 8.26845 15.7026 0 73.3476 
0.000446090280160540986 0.868612 0 147898 86.2269 35.5711 32.014 0 01 0 0 0 0 0 0 0 0 0 0 0 7.04047 22.8981 0 1090.48 
0.000446090280160540986 0.92319 0 150155 90.7141 37.9583 34.1625 0 01 0 0 0 0 0 0 0 0 0 0 0 3.66255 15.4866 0 182.594 
0.000446090280160540986 1.03354 0 168168 93.8479 39.5545 35.5991 0 01 -0 0 0 0 -0 0 0 0 -0 0 0 8.3046 20.6746 134.117 214.579 
0.000446090280160540986 1.34178 0 159815 87.188 36.1173 32.5056 0 01 0 0 0 0 0 0 0 0 0 0 0 2.68591 12.1949 0 0 
0.000446090280160540986 1.38313 0 167048 92.1791 38.7048 34.8343 0 01 0 0 0 0 0 0 0 0 0 0 0 2.68591 12.1949 0 0 
0.000446090280160540986 1.3912 0 176205 86.732 35.8291 32.2462 0 01 0 0 -0 0 0 0 -0 0 0 0 -0 9.88166 21.1354 83.9826 104.999 
0.000469799579113072349 0.198188 1 59411 0 32.729 29.4561 0 0 2 0.000758171 -0.00172405 -0.00331891 0 0 0 0 0 0 0 0 5.87463 14.1393 0 1587.88 
0.000469799579113072349 0.416992 0 9114 0 30.0593 27.0534 0 01 0 0 0 0 0 0 0 0 0 0 0 10.0323 24.3432 260.859 907.628 
0.000469799579113072349 0.474189 0 102311 75.0149 29.8962 26.9066 0 01 0 0 0 0 0 0 0 0 0 0 0 7.76133 17.4285 129.209 859.314 
0.000469799579113072349 0.587192 0 4485 74.1323 29.4564 26.5108 0 01 0 -0 0 0 0 -0 0 0 0 -0 0 6.51528 16.6206 0 1223.89 
0.000469799579113072349 0.763788 0 78203 85.2054 35.0362 31.5326 0 01 0 0 -0 0 0 0 -0 0 0 0 -0 13.6468 29.5065 5.3759 82.2607 
0.000469799579113072349 0.90214 0 42429 77.2398 31.0327 27.9294 0 01 0 0 0 0 0 0 0 0 0 0 0 4.51386 18.1656 0 376.05 
0.000469799579113072349 0.958693 0 122627 80.8837 32.8299 29.5469 0 01 0 0 0 0 0 0 0 0 0 0 0 6.78304 19.4197 0 531.108 
0.000469799579113072349 0.993655 0 115918 78.7712 31.7833 28.605 0 01 0 0 0 0 0 0 0 0 0 0 0 9.05122 20.1366 0 63.263 
0.000469799579113072349 1.04262 0 100809 75.8412 30.3044 27.274 0 01 0 0 0 0 0 0 0 0 0 0 0 11.4333 16.6375 654.604 667.984 
0.000469799579113072349 1.1376 0 152617 73.6069 29.2289 26.3061 0 01 0 0 0 0 0 0 0 0 0 0 0 3.44522 17.2169 0 0 
0.000469799579113072349 1.59419 0 176470 78.0612 31.4523 28.3071 0 01 -0 0 0 0 -0 0 0 0 -0 0 0 9.65064 20.7437 153.528 196.987 
0.000469799579113072349 1.68944 0 161709 0.208033 32.9332 29.6399 0 01 0 0 0 0 0 0 0 0 0 0 0 11.7147 26.8112 0 57.2756 
0.000474477990746569804 1.88693 0 153939 71.4512 28.1989 25.379 0 01 0 0 0 0 0 0 0 0 0 0 0 0 1.87588 0 0 
0.000501625988155300542 0.332181 0 25684 63.0733 24.1051 21.6946 0 01 0 0 0 0 0 0 0 0 0 0 0 9.22963 24.1196 520.533 1629.79 
0.000501625988155300542 0.384567 0 88100 64.7006 24.8775 22.3897 0 01 0 0 0 0 0 0 0 0 0 0 0 8.39768 27.0517 28.3191 1186.03 
0.000501625988155300542 0.401427 0 12700 64.3014 24.6873 22.2186 0 01 0 0 -0 0 0 0 -0 0 0 0 -0 8.84892 26.6089 268.967 948.643 
0.000501625988155300542 0.410401 0 24013 68.8349 26.8606 24.1746 0 01 0 -0 0 0 0 -0 0 0 0 -0 0 8.84892 26.6089 268.967 948.643 
0.000501625988155300542 0.51574 0 71530 66.0952 25.5429 22.9886 0 01 0 0 -0 0 0 0 -0 0 0 0 -0 7.70419 24.1484 32.8338 549.684 
0.000501625988155300542 0.536774 0 37142 63.1007 24.1191 21.7072 0 01 -0 0 0 0 -0 0 0 0 -0 0 0 9.08348 22.4445 609.744 1958.52 
0.000501625988155300542 0.726442 0 111328 67.4826 26.2591 23.6331 0 01 0 0 0 0 0 0 0 0 0 0 0 3.69492 18.4484 8.34368 22.2303 
0.000501625988155300542 0.797937 0 121014 67.3249 26.1835 23.5651 0 01 0 0 0 0 0 0 0 0 0 0 0 11.0601 27.57 6.26469 222.884 
0.000501625988155300542 0.84995 0 11010 64.4191 24.7842 22.3058 0 01 0 0 0 0 0 0 0 0 0 0 0 7.54361 14.2585 21.2905 45.1406 
0.000501625988155300542 0.89667 0 51259 69.5325 27.2582 24.5324 0 01 0 0 -0 0 0 0 -0 0 0 0 -0 8.94266 22.3855 0 824.089 
0.000501625988155300542 0.998594 0 114706 70.8061 27.8228 25.0405 0 01 0 0 0 0 0 0 0 0 0 0 0 6.8751 24.5639 12.3884 214.433 
0.000501625988155300542 1.42238 0 177308 63.2174 24.2046 21.7841 0 01 0 0 0 0 0 0 0 0 0 0 0 12.9011 22.9951 0 801.135 
0.000501625988155300542 1.5933 0 166865 62.8942 24.0442 21.6398 0 01 0 0 0 0 0 0 0 0 0 0 0 4.83457 12.9315 0 0 
0.000501625988155300542 1.68978 0 150382 65.3114 25.1702 22.6532 0 01 0 -0 0 0 0 -0 0 0 0 -0 0 5.08051 15.1987 0 0 
0.000501625988155300542 2.64259 0 174664 69.4959 27.1829 24.4646 0 01 0 -0 0 0 0 -0 0 0 0 -0 0 2.6108 7.70629 0 0 
0.000501625988155300542 2.98222 0 196871 67.4387 26.1896 23.5706 0 01 0 0 0 0 0 0 0 0 0 0 0 3.02978 9.33018 0 0 
0.000527338656388206943 0.558046 0 52253 57.7001 21.6175 19.4558 0 01 0 0 0 0 0 0 0 0 0 0 0 7.19825 21.058 0 573.55 
0.000527338656388206943 0.602014 0 110778 61.5212 23.3873 21.0486 0 01 0 0 0 0 0 0 0 0 0 0 0 11.9758 23.3595 191.555 866.146 
0.000527338656388206943 0.710337 0 181303 61.4273 23.3536 21.0182 0 01 0 0 0 0 0 0 0 0 0 0 0 3.59363 14.2678 0 43.0652 
0.000527338656388206943 0.712139 0 107024 60.5044 22.9427 20.6485 0 01 -0 0 0 0 -0 0 0 0 -0 0 0 3.59363 14.2678 0 43.0652 
0.000527338656388206943 0.846613 0 25991 61.3019 23.2741 20.9467 0 01 0 0 -0 0 0 0 -0 0 0 0 -0 7.54652 21.0024 274.393 697.279 
0.000527338656388206943 0.930235 0 95702 60.5667 22.9274 20.6347 0 01 0 0 -0 0 0 0 -0 0 0 0 -0 11.1096 27.7676 2.13489 283.519 
0.000527338656388206943 0.991569 0 85265 58.7173 22.0677 19.861 0 01 0 0 0 0 0 0 0 0 0 0 0 5.96312 15.8051 0 10.769 
0.000527338656388206943 1.03859 0 147276 58.7407 22.1101 19.899 0 01 0 0 0 0 0 0 0 0 0 0 0 10.5558 20.0022 94.4892 94.4892 
0.000527338656388206943 1.20416 0 184514 59.5604 22.4573 20.2115 0 01 0 0 0 0 0 0 0 0 0 0 0 10.863 16.8555 0 0 
0.000527338656388206943 1.24599 0 164435 61.1483 23.2293 20.9064 0 01 0 0 0 0 0 0 0 0 0 0 0 4.96278 22.2925 19.8777 19.8777 
0.000527338656388206943 1.52737 0 134142 56.2477 20.9314 18.8383 0 01 0 0 0 0 0 0 0 0 0 0 0 4.66954 12.4451 0 257.431 
0.000527338656388206943 1.6646 0 176147 59.5084 22.4597 20.2137 0 01 0 0 0 0 0 0 0 0 0 0 0 0 15.222 0 0 
0.000527338656388206943 1.93455 0 197790 61.1754 23.2094 20.8884 0 01 0 0 0 0 0 0 0 0 0 0 0 0 5.89068 0 0 
0.000527338656388206943 1.93559 0 179664 56.8427 21.2037 19.0834 0 01 0 -0 0 0 0 -0 0 0 0 -0 0 0 5.89068 0 0 
0.000527338656388206943 2.59594 0 156600 59.8262 22.5801 20.3221 0 01 0 0 0 0 0 0 0 0 0 0 0 0 5.40798 0 0 
0.000547288785739327168 0.115025 1 10715 0 20.2391 18.2152 0 0 1 0.00302693 0.00099043 -0.0028815 0 0 0 -0 0 0 0 -0 4.47974 9.19961 434.291 1019.08 
0.000547288785739327168 0.12374 1 28748 0 20.0584 18.0525 0 0 1 0.0034525 -0.00404149 -0.00309836 0 0 0 -0 0 0 0 -0 4.47974 9.19961 434.291 1019.08 
0.000547288785739327168 0.140786 1 6409 0 19.956 17.9604 0 0 1 0.0186346 -0.00216258 0.0106154 0 0 0 0 0 0 0 0 4.47974 9.19961 434.291 1019.08 
0.000547288785739327168 0.353484 0 37483 52.7163 19.3508 17.4157 0 01 0 0 0 0 0 0 0 0 0 0 0 9.61792 22.3907 790.761 1056.03 
0.000547288785739327168 0.492752 0 13642 55.6771 20.6682 18.6014 0 01 -0 0 0 0 -0 0 0 0 -0 0 0 7.87054 20.2432 119.001 186.058 
0.000547288785739327168 0.562768 0 58352 55.3119 20.5378 18.4841 0 01 0 -0 0 0 0 -0 0 0 0 -0 0 6.71681 19.6136 28.2318 376.84 
0.000547288785739327168 0.661658 1 77606 0 19.2067 17.2861 0 0 1 -0.000340621 -0.0024471 -0.00306364 0 0 0 0 0 0 0 0 8.05219 24.2256 90.7201 191.616 
0.000547288785739327168 0.709408 0 44453 51.9633 18.9931 17.0938 0 01 0 0 -0 0 0 0 -0 0 0 0 -0 5.75942 18.0076 11.9444 11.9444 
0.000547288785739327168 0.81546 0 111644 52.5187 19.2682 17.3414 0 01 0 0 -0 0 0 0 -0 0 0 0 -0 9.80341 16.3633 80.3599 182.477 
0.000547288785739327168 0.859914 0 75494 52.6861 19.32 17.388 0 01 0 0 0 0 0 0 0 0 0 0 0 3.5087 13.9749 0 0 
0.000547288785739327168 1.44933 0 128897 55.4251 20.5664 18.5098 0 01 0 0 0 0 0 0 0 0 0 0 0 2.88017 20.2435 0 120.584 
0.000547288785739327168 1.51047 1 165646 52.3922 17.5899 15.8208 0 0 1 0.433734 -1.48237 3.19889 0 0 0 0 0 0 0 0 4.53098 13.4989 364.436 554.964 
0.000549134540500072492 0.204752 0 27716 51.6437 18.8508 16.9657 0 01 0 0 0 0 0 0 0 0 0 0 0 1.55477 3.55701 19.8953 293.852 
0.000549134540500072492 1.15848 0 154047 51.7776 18.9119 17.0207 0 01 0 0 0 0 0 0 0 0 0 0 0 0 2.33352 0 0 
0.000549134540500072492 2.2524 0 194166 51.865 18.983 17.0847 0 01 -0 0 0 0 -0 0 0 0 -0 0 0 0 0 0 0 
0.000561942961273810505 0.298816 0 43106 0.1503 18.3224 16.4867 0 01 0 -0 0 0 0 -0 0 0 0 -0 0 4.06795 15.4921 118.229 469.332 
0.000561942961273810505 0.47252 1 56191 51.4257 17.3487 15.6016 0 0 1 0.173871 -1.92277 -0.547393 0 0 -0 0 0 0 -0 0 6.20994 15.8039 236.443 259.633 
0.000561942961273810505 0.522148 0 89578 49.7995 18.0247 16.2159 0 01 0 -0 0 0 0 -0 0 0 0 -0 0 6.2967 17.2721 35.4471 346.543 
0.000561942961273810505 0.605693 0 74245 51.1709 18.6369 16.7728 0 01 0 0 0 0 0 0 0 0 0 0 0 3.70625 12.9335 0 0 
0.000561942961273810505 0.63094 0 161343 49.6198 17.9793 16.1747 0 01 0 -0 0 0 0 -0 0 0 0 -0 0 5.09501 13.3527 0 0 
0.000561942961273810505 1.01884 0 185627 50.0487 18.1724 16.3502 0 01 0 0 0 0 0 0 0 0 0 0 0 3.09784 10.3506 0 0 
0.000586695756060367992 0.091007 1 953 0 16.6374 14.9556 0 0 1 -0.00836201 0.0165457 0.00250009 0 0 0 -0 0 0 0 -0 5.70396 12.4713 836.582 2474.03 
0.000586695756060367992 0.184575 0 55710 46.9203 16.7299 15.0396 0 01 -0 0 0 0 -0 0 0 0 -0 0 0 7.84121 17.9215 317.42 1174.5 
0.000586695756060367992 0.394795 0 27316 48.1001 17.2598 15.5209 0 01 0 0 0 0 0 0 0 0 0 0 0 7.05455 23.5738 579.439 911.65 
0.000586695756060367992 0.408989 0 62226 48.302 17.3823 15.6322 0 01 0 -0 0 0 0 -0 0 0 0 -0 0 11.2766 24.2567 106.279 731.028 
0.000586695756060367992 0.640082 0 99846 48.7235 17.5526 15.7869 0 01 0 0 0 0 0 0 0 0 0 0 0 8.26433 22.9328 0 910.073 
0.000586695756060367992 0.681997 0 116262 49.0266 17.6624 15.8866 0 01 0 0 -0 0 0 0 -0 0 0 0 -0 6.81829 22.545 114.978 659.605 
0.000586695756060367992 0.705746 0 54190 49.2892 17.7812 15.9946 0 01 0 0 0 0 0 0 0 0 0 0 0 9.18773 19.0716 36.8302 68.8061 
0.000586695756060367992 0.769376 0 139943 46.444 16.5407 14.8678 0 01 0 -0 0 0 0 -0 0 0 0 -0 0 5.44442 20.2153 0 444.748 
0.000586695756060367992 0.88119 0 144755 46.2284 16.4267 14.7644 0 01 0 0 0 0 0 0 0 0 0 0 0 6.20845 14.1433 1.01641 1.01641 
0.000586695756060367992 0.922091 0 45741 47.4805 16.9629 15.2512 0 01 0 0 0 0 0 0 0 0 0 0 0 9.10062 24.6242 104.963 108.617 
0.000586695756060367992 1.4004 0 162029 49.042 17.6898 15.9115 0 01 0 0 0 0 0 0 0 0 0 0 0 5.61438 9.85656 0 485.725 
0.000586695756060367992 1.49101 0 164882 0 17.504 15.7427 0 01 0 -0 0 0 0 -0 0 0 0 -0 0 10.6408 24.2954 125.003 305.143 
0.000586695756060367992 1.5942 0 177060 46.786 16.6646 14.9803 0 01 0 0 0 0 0 0 0 0 0 0 0 7.87856 17.3204 0 112.66 
0.000586695756060367992 1.59637 0 157557 48.6908 17.5262 15.7628 0 01 0 0 0 0 0 0 0 0 0 0 0 7.87856 17.3204 0 112.66 
0.000586695756060367992 2.11998 0 183715 49.3078 17.8083 16.0193 0 01 0 0 0 0 0 0 0 0 0 0 0 2.09471 10.5295 0 0 
0.000586695756060367992 2.91413 0 183290 48.3797 17.3694 15.6204 0 01 0 0 0 0 0 0 0 0 0 0 0 2.98304 6.23072 0 37.768 
0.000587776606130848886 0.478301 0 57888 0.0870114 17.6504 15.8757 0 01 0 0 -0 0 0 0 -0 0 0 0 -0 0.478819 1.90081 0 227.788 
0.000623803413525886308 0.22104 1 20900 43.6574 14.5325 12.8375 0 0 1 -2.42213 2.96898 -0.735334 0 0 0 0 0 0 0 0 10.9661 24.0792 491.202 1434.83 
0.000623803413525886308 0.379455 0 85683 44.9658 15.8772 14.2659 0 01 0 0 0 0 0 0 0 0 0 0 0 15.431 34.8816 437.835 800.142 
0.000623803413525886308 0.387287 0 58596 45.3218 16.0363 14.4102 0 01 0 0 0 0 0 0 0 0 0 0 0 12.1951 32.1513 566.45 767.378 
0.000623803413525886308 0.408993 0 35366 43.6827 15.2786 13.7232 0 01 0 0 -0 0 0 0 -0 0 0 0 -0 13.2251 27.3345 286.953 502.14 
0.000623803413525886308 0.448135 0 25648 43.9216 15.3841 13.8189 0 01 0 0 0 0 0 0 0 0 0 0 0 9.67242 29.8682 0 539.371 
0.000623803413525886308 0.527104 0 68259 42.4999 14.8078 13.2967 0 01 0 0 -0 0 0 0 -0 0 0 0 -0 12.654 34.1887 0 447.26 
0.000623803413525886308 0.530961 0 83883 43.4998 15.2005 13.6524 0 01 0 -0 0 0 0 -0 0 0 0 -0 0 12.654 34.1887 0 447.26 
0.000623803413525886308 0.563513 0 141955 43.841 15.3478 13.7859 0 01 0 0 0 0 0 0 0 0 0 0 0 11.972 28.5593 143.232 149.601 
0.000623803413525886308 0.658479 0 68583 43.541 15.2322 13.6812 0 01 0 0 0 0 0 0 0 0 0 0 0 11.9157 29.1121 129.243 338.654 
0.000623803413525886308 0.659423 0 60170 45.2368 15.9727 14.3526 0 01 -0 0 0 0 -0 0 0 0 -0 0 0 11.9157 29.1121 129.243 338.654 
0.000623803413525886308 0.755014 0 170070 42.6563 14.8337 13.3201 0 01 -0 0 0 0 -0 0 0 0 -0 0 0 10.5924 24.9161 55.9284 351.261 
0.000623803413525886308 0.862381 0 37829 45.571 16.1319 14.4969 0 01 0 0 -0 0 0 0 -0 0 0 0 -0 6.8693 20.5789 15.6275 449.708 
0.000623803413525886308 0.969664 0 65477 45.4948 16.079 14.449 0 01 0 0 0 0 0 0 0 0 0 0 0 10.6937 23.3467 97.7774 571.741 
0.000623803413525886308 0.999368 0 120626 44.1948 15.5496 13.9689 0 01 0 0 -0 0 0 0 -0 0 0 0 -0 9.03804 18.0668 0 39.31 
0.000623803413525886308 1.04774 0 85753 43.43 15.1765 13.6307 0 01 -0 0 0 0 -0 0 0 0 -0 0 0 6.2693 20.8301 2.27458 9.20224 
0.000623803413525886308 1.12305 0 146828 45.4911 16.0766 14.4468 0 01 0 0 0 0 0 0 0 0 0 0 0 8.8633 26.5652 0 133.946 
0.000623803413525886308 1.12626 0 131772 42.8596 14.9187 13.3972 0 01 -0 0 0 0 -0 0 0 0 -0 0 0 2.29103 14.8531 0 134.065 
0.000623803413525886308 1.58118 0 150523 43.4831 15.2098 13.6609 0 01 0 0 0 0 0 0 0 0 0 0 0 4.71037 17.3115 108.05 108.05 
0.000623803413525886308 2.01822 0 63181 45.5723 16.1313 14.4964 0 01 0 0 0 0 0 0 0 0 0 0 0 1.98539 13.821 0 0 
0.000623803413525886308 2.01973 0 94719 43.369 15.1598 13.6156 0 01 0 0 0 0 0 0 0 0 0 0 0 1.98539 13.821 0 0 
0.000623803413525886308 3.1027 0 197910 42.2259 14.6437 13.0925 0 1.032391 1.032 -0.0201472 -0.0197305 0 0 0 -0 0 0 0 -0 0 6.99809 0 0 
0.000623803413525886308 3.45008 0 194155 45.6927 16.1766 14.5375 0 01 0 0 0 0 0 0 0 0 0 0 0 0 6.99809 0 0 
0.000650265375756688482 0.202316 0 4347 41.5373 14.348 12.4241 0 14.07951 -6.77667 -0.917475 -12.3072 0 -0 0 0 0 -0 0 0 7.21198 17.5096 330.886 1403.97 
0.000650265375756688482 0.216972 0 6025 40.7768 14.0537 11.7893 0 23.4511 2.88222 11.9223 -19.9875 0 0 0 0 0 0 0 0 7.21198 17.5096 330.886 1403.97 
0.000650265375756688482 0.578144 0 22499 40.4457 14.1653 12.0263 0 31.7861 -14.6172 4.59594 27.849 0 0 0 0 0 0 0 0 8.63988 20.7052 16.0624 210.567 
0.000650265375756688482 0.63123 0 78974 41.3222 14.2865 12.2887 0 31.9321 -5.93783 14.2902 -27.9318 0 0 0 -0 0 0 0 -0 9.61357 26.9293 0 332.457 
0.000650265375756688482 0.694638 0 5284 40.5322 14.117 11.9232 0 28.1941 27.5507 5.67464 1.91413 0 0 0 0 0 0 0 0 8.9606 24.0699 157.754 200.297 
0.000650265375756688482 0.727663 0 50618 39.3718 14.5849 12.9571 0 2.406841 2.1104 0.75604 -0.876061 0 0 0 0 0 0 0 0 6.62817 14.7098 0 326.457 
0.000650265375756688482 0.749309 0 122995 40.6661 14.0936 11.8734 0 34.54161 -32.3781 -6.57674 -10.076 0 0 -0 0 0 0 -0 0 6.82108 19.6819 8.33163 9.99654 
0.000650265375756688482 1.22842 0 111014 41.6225 14.4139 12.5702 0 7.905191 -7.35517 -2.0221 2.07473 0 0 0 0 0 0 0 0 6.16065 20.8143 0 69.3069 
0.000650265375756688482 1.25752 0 51605 40.827 14.0485 11.7781 0 26.48141 -8.8826 -24.8101 2.61276 0 0 0 0 0 0 0 0 5.10011 12.6731 2.23765 46.8104 
0.000650265375756688482 1.68991 0 185827 39.6373 14.5198 12.8087 0 4.314041 4.07322 -1.15415 -0.829325 0 0 0 0 0 0 0 0 3.47169 10.5078 0 0 
0.000650265375756688482 1.82081 0 191234 39.5368 14.5544 12.8873 0 9.524991 -3.91509 -8.62322 1.01866 0 0 0 0 0 0 0 0 5.43082 14.4603 0 0 
0.000650265375756688482 1.95878 0 189256 40.4504 14.1549 12.0041 0 51.1611 -47.2826 -5.34892 -18.7933 0 0 -0 0 0 0 -0 0 4.04621 14.0055 0 0 
0.000650265375756688482 2.09355 0 195207 39.8973 14.4226 12.5896 0 21.37191 12.287 10.3931 14.0631 0 0 0 0 0 0 0 0 2.13734 10.5738 0 0 
0.000650265375756688482 2.81189 0 82477 40.9632 14.1068 11.9014 0 4.829241 4.79847 -0.364387 0.40438 0 0 0 0 0 0 0 0 0 13.7995 0 0 
0.000650265375756688482 3.31121 0 121054 41.5427 14.3871 12.5107 0 10.27881 5.55693 -8.02169 -3.22919 0 0 0 0 0 0 0 0 0 4.13211 0 0 
0.000651211634358658874 0.284617 0 7823 0.165097 14.6054 13.0041 0 3.090741 -0.424693 -0.471656 -3.02487 0 0 0 0 0 0 0 0 0.574422 4.83206 0 0 
0.000693312795617068286 0.252567 0 32995 37.0429 15.2635 13.7372 0 01 0 -0 0 0 0 -0 0 0 0 -0 0 11.6028 29.4495 253.379 1050.12 
0.000693312795617068286 0.266932 1 23355 38.7463 13.1301 9.99407 0 0 1 4.73129 10.1843 -6.75523 0 0 0 0 0 0 0 0 11.6028 29.4495 253.379 1050.12 
0.000693312795617068286 0.36693 0 79197 38.3837 14.9025 13.3825 0 01 0 0 -0 0 0 0 -0 0 0 0 -0 9.65899 30.1794 0 118.099 
0.000693312795617068286 0.424151 0 58537 36.8577 15.1764 13.6588 0 01 0 0 0 0 0 0 0 0 0 0 0 7.98676 32.9677 442.675 726.328 
0.000693312795617068286 0.508784 0 144496 36.8656 36.1237 13.7061 0 01 0 0 0 0 0 0 0 0 0 0 0 12.8107 35.3758 19.388 293.585 
0.000693312795617068286 0.522734 0 36465 39.0862 14.6706 13.1548 0 0.8778891 0.709485 -0.146083 -0.495964 0 0 0 -0 0 0 0 -0 12.8107 35.3758 19.388 293.585 
0.000693312795617068286 0.543252 0 36799 37.7695 15.1616 13.6172 0 01 0 0 -0 0 0 0 -0 0 0 0 -0 15.0264 36.4517 389.045 944.198 
0.000693312795617068286 0.627521 0 24007 36.9311 15.2111 13.69 0 01 0 0 0 0 0 0 0 0 0 0 0 13.7374 37.4635 353.303 742.675 
0.000693312795617068286 0.70366 0 143944 36.4785 35.7583 13.6983 0 01 0 0 0 0 0 0 0 0 0 0 0 11.048 27.6709 59.3974 122.419 
0.000693312795617068286 0.789983 0 70798 38.6921 14.8072 13.2961 0 01 0 0 0 0 0 0 0 0 0 0 0 15.0384 31.6147 76.6866 376.608 
0.000693312795617068286 0.861774 0 149543 36.7563 36.0203 13.6537 0 01 0 0 0 0 0 0 0 0 0 0 0 10.3685 25.1251 62.9632 343.129 
0.000693312795617068286 1.05847 0 159247 38.304 14.951 13.4264 0 01 -0 0 0 0 -0 0 0 0 -0 0 0 5.24729 18.9023 0 90.1496 
0.000693312795617068286 1.11165 0 87721 37.6852 15.2055 13.657 0 01 0 0 -0 0 0 0 -0 0 0 0 -0 6.68312 24.5533 144.033 198.478 
0.000693312795617068286 1.25286 0 62469 36.8054 15.1519 13.6367 0 01 0 0 0 0 0 0 0 0 0 0 0 13.6589 33.5006 15.6694 480.748 
0.000693312795617068286 1.30331 0 159486 37.6837 15.207 13.6584 0 01 0 0 -0 0 0 0 -0 0 0 0 -0 9.24727 29.1934 110.283 417.448 
0.000693312795617068286 1.33518 0 162583 37.01 36.261 13.7317 0 01 0 0 0 0 0 0 0 0 0 0 0 9.24727 29.1934 110.283 417.448 
0.000693312795617068286 1.51495 0 170525 38.7956 14.772 13.2642 0 01 0 0 0 0 0 0 0 0 0 0 0 7.62868 29.097 0 56.7041 
0.000693312795617068286 1.67616 0 167586 38.5806 14.845 13.3304 0 01 0 0 0 0 0 0 0 0 0 0 0 6.69412 15.0324 0 0 
0.000693312795617068286 1.79406 0 169315 36.9321 15.2115 13.6904 0 01 0 -0 0 0 0 -0 0 0 0 -0 0 5.46691 18.1626 22.8693 22.8693 
0.000741675791746722129 0.0922393 0 8274 0.360554 35.2205 14.2776 0 01 0 0 0 0 0 0 0 0 0 0 0 9.28718 21.9543 764.38 1847.99 
0.000741675791746722129 0.172347 1 204434 46.176 24.5201 22.068 0 0 2 22.3412 3.51686 9.20342 0 0 0 0 0 0 0 0 9.28718 21.9543 764.38 1847.99 
0.000741675791746722129 0.196613 0 38744 34.4193 33.8057 15.5525 0 01 0 -0 0 0 0 -0 0 0 0 -0 0 10.7266 26.3587 518.132 1056.36 
0.000741675791746722129 0.240432 0 165929 34.8882 34.2521 15.1659 0 01 0 0 0 0 0 0 0 0 0 0 0 17.2228 33.2048 1402.18 2102.66 
0.000741675791746722129 0.28544 0 52396 35.881 35.1941 14.2979 0 01 0 0 0 0 0 0 0 0 0 0 0 12.3476 31.0015 1221.94 1866.12 
0.000741675791746722129 0.289479 0 43247 34.425 33.8111 15.549 0 01 0 0 0 0 0 0 0 0 0 0 0 12.3476 31.0015 1221.94 1866.12 
0.000741675791746722129 0.297257 1 0 34.8295 11.6326 7.71807 0 0 1 48.4504 -49.6783 -50.2834 1 24.382 32.2948 5.93823 0 0 0 0 12.3476 31.0015 1221.94 1866.12 
0.000741675791746722129 0.47768 0 71669 34.3464 33.7368 15.5958 0 01 -0 0 0 0 -0 0 0 0 -0 0 0 13.6021 34.7361 240.812 427.904 
0.000741675791746722129 0.546811 1 209141 37.9483 29.359 26.4231 0 0 2 -2.42848 -2.05658 0.332003 0 -0 0 0 0 -0 0 0 17.6961 41.8515 23.0937 688.785 
0.000741675791746722129 0.613955 0 90793 35.7125 35.0344 14.5157 0 01 0 0 0 0 0 0 0 0 0 0 0 10.2551 33.7978 530.25 869.429 
0.000741675791746722129 0.730138 0 137507 34.7929 34.1615 15.2239 0 01 0 -0 0 0 0 -0 0 0 0 -0 0 12.2069 25.8463 0 254.534 
0.000741675791746722129 0.779798 0 102873 35.6821 35.0057 14.5355 0 01 0 0 -0 0 0 0 -0 0 0 0 -0 15.3641 36.1262 0 345.11 
0.000741675791746722129 1.01097 0 57393 35.2741 34.6186 14.8126 0 01 0 0 0 0 0 0 0 0 0 0 0 10.22 31.6171 0 425.862 
0.000741675791746722129 1.01723 0 17420 33.4215 32.8582 15.5453 0 31.50781 -25.3025 18.6572 2.10563 0 0 0 0 0 0 0 0 10.22 31.6171 0 425.862 
0.000741675791746722129 1.39608 0 149405 33.1739 32.6222 15.4746 0 35.39431 17.483 15.9934 -26.2929 0 0 0 0 0 0 0 0 12.2916 30.1991 0 292.643 
0.000741675791746722129 1.47566 0 128347 35.8955 35.2078 14.284 0 01 0 0 0 0 0 0 0 0 0 0 0 4.49048 16.2981 92.1506 92.1506 
0.000741675791746722129 1.54083 0 87366 35.2759 34.6204 14.8106 0 01 0 0 0 0 0 0 0 0 0 0 0 6.11814 26.0338 0 12.07 
0.000741675791746722129 1.58817 0 186579 35.8192 35.1356 14.3401 0 01 0 0 -0 0 0 0 -0 0 0 0 -0 6.37211 20.7874 0 6.84716 
0.000741675791746722129 1.90381 0 195542 33.3682 32.8074 15.599 0 26.74291 23.9122 2.81822 11.6381 0 0 0 0 0 0 0 0 7.68535 19.271 0 4.32968 
0.000741675791746722129 2.29283 0 191220 35.2742 34.6187 14.8124 0 01 0 -0 0 0 0 -0 0 0 0 -0 0 2.3488 4.71524 0 0 
0.000741675791746722129 2.63564 0 196116 35.192 34.5407 14.9642 0 01 0 0 0 0 0 0 0 0 0 0 0 5.50338 13.7202 0 162.157 
0.000741675791746722129 2.6805 0 198841 35.9894 35.2967 14.2184 0 01 0 0 0 0 0 0 0 0 0 0 0 5.50338 13.7202 0 162.157 
0.000789387846284507434 0.355185 0 15422 31.4974 31.0227 14.2427 0 32.19811 25.3951 -16.4339 -11.0332 0 0 0 -0 0 0 0 -0 15.9888 39.0025 452.427 1339.55 
0.000789387846284507434 0.366399 0 34930 31.0161 30.5624 13.8114 0 99.85911 -86.8179 49.2256 -3.36486 0 0 0 -0 0 0 0 -0 15.0367 34.9378 835.741 1024.21 
0.000789387846284507434 0.37719 0 41308 32.768 32.2349 15.2534 0 37.32561 6.61976 -2.18308 36.6689 0 0 0 0 0 0 0 0 15.0367 34.9378 835.741 1024.21 
0.000789387846284507434 0.383097 0 30458 30.8936 30.4452 13.699 0 68.33051 1.74125 -67.4098 -11.0428 0 0 0 0 0 0 0 0 15.0367 34.9378 835.741 1024.21 
0.000789387846284507434 0.408493 0 66897 31.2341 30.7711 14.0113 0 68.40221 -67.2233 5.86541 -11.202 0 -0 0 0 0 -0 0 0 12.892 35.7965 164.335 230.708 
0.000789387846284507434 0.567944 0 107151 32.3059 31.7932 14.9089 0 42.50021 -21.0325 -36.9239 -0.725319 0 -0 0 0 0 -0 0 0 0 0 0 0 
0.000789387846284507434 0.580036 0 52314 30.7935 30.3493 13.6049 0 110.6181 110.618 -0.0467747 0.0166026 0 0 0 0 0 0 0 0 15.7086 39.6324 143.936 206.814 
0.000789387846284507434 0.624918 1 0 30.8252 10.7507 6.74426 0 0 1 -1.32072 -15.7539 26.6105 1 13.7103 0.99798 -2.08056 0 0 0 0 11.8921 30.6771 509.874 821.499 
0.000789387846284507434 0.705013 0 67849 31.2414 30.778 14.0179 0 145.9171 -74.7678 93.8954 -82.9777 0 0 0 -0 0 0 0 -0 10.4204 25.1092 132.791 626.234 
0.000789387846284507434 0.76685 0 109173 31.5459 31.0691 14.2855 0 97.25141 26.4093 30.2378 -88.578 0 0 0 -0 0 0 0 -0 12.3541 32.3409 0 387.282 
0.000789387846284507434 0.768149 1 175769 32.2172 10.8898 6.87979 0 0 1 0.588734 8.2588 1.59295 0 0 0 0 0 0 0 0 12.3541 32.3409 0 387.282 
0.000789387846284507434 0.817837 0 30052 32.4488 31.9301 15.0186 0 44.88141 -19.68 36.6216 -16.9085 0 -0 0 0 0 -0 0 0 13.9352 30.3839 2.04315 282.208 
0.000789387846284507434 0.875468 0 121925 32.1195 31.616 14.7638 0 25.21861 -12.5201 16.8516 -13.973 0 0 0 0 0 0 0 0 9.63709 21.9859 25.9044 25.9044 
0.000789387846284507434 0.977454 0 55686 31.4713 30.9978 14.2203 0 40.68541 16.3968 -36.4539 -7.58697 0 0 0 -0 0 0 0 -0 7.71397 16.3745 0 211.861 
0.000789387846284507434 1.06281 0 69754 30.7762 30.3327 13.5889 0 84.261 80.7359 9.53172 -22.1499 0 0 0 0 0 0 0 0 10.5756 32.7615 14.6265 275.595 
0.000789387846284507434 1.18249 0 176355 32.2815 31.7699 14.89 0 78.01361 1.3734 -62.2622 46.9856 0 0 0 0 0 0 0 0 8.15978 27.8922 0 0 
0.000789387846284507434 1.18925 0 184947 31.2345 30.7714 14.0116 0 29.78391 24.9975 0.28317 16.1903 0 0 0 0 0 0 0 0 12.0551 34.9346 533.305 533.305 
0.000789387846284507434 1.22244 0 138555 33.057 32.5107 15.3997 0 22.23331 -8.45051 1.82886 20.4832 0 0 0 0 0 0 0 0 12.0551 34.9346 533.305 533.305 
0.000789387846284507434 1.2424 0 139792 31.9889 31.4917 14.6575 0 65.82441 63.5287 1.06514 17.1995 0 0 0 0 0 0 0 0 4.96996 21.1773 202.68 261.539 
0.000789387846284507434 1.27909 0 140577 33.135 32.5852 15.4436 0 43.7891 -25.4185 4.92245 -35.315 0 0 0 -0 0 0 0 -0 3.82811 15.4342 0 146.517 
0.000789387846284507434 1.36446 0 154920 31.2574 30.7934 14.0323 0 72.44581 -38.2588 23.9613 56.6614 0 0 0 0 0 0 0 0 8.24798 22.0494 2.09664 2.09664 
0.000789387846284507434 1.78084 0 79775 30.7969 30.3525 13.6085 0 88.21771 -62.7323 -10.7111 61.0925 0 0 0 0 0 0 0 0 12.2608 27.9992 0 121.414 
0.000789387846284507434 1.90798 0 194863 31.5906 31.1118 14.3248 0 116.9451 2.3924 38.937 110.247 0 0 0 0 0 0 0 0 5.77621 25.1143 0 2.25366 
0.000789387846284507434 2.15958 0 177987 30.7625 30.3196 13.5759 0 90.33071 71.8553 52.9283 -13.966 0 0 0 0 0 0 0 0 2.17869 19.3652 0 0 
0.000815551607273664269 0.195466 0 43108 30.0418 29.628 12.94 0 209.0441 -102.789 -135.193 121.888 0 -0 0 0 0 -0 0 0 10.2945 19.9025 532.409 1008.67 
0.000815551607273664269 0.442188 0 48688 29.678 29.2799 12.5751 0 122.3371 -58.2169 105.388 -21.6917 0 0 0 0 0 0 0 0 9.76816 27.1969 114.603 226.78 
0.000815551607273664269 0.474705 0 26774 30.6602 30.2215 13.4776 0 171.5911 -163.858 22.0799 -45.8972 0 0 0 -0 0 0 0 -0 8.49146 22.6152 299.279 532.988 
0.000815551607273664269 0.52738 0 71493 0.120317 29.8429 13.1508 0 80.321 -75.8072 25.4538 -7.52749 0 -0 0 0 0 -0 0 0 6.43557 20.8921 760.229 1117.15 
0.000815551607273664269 0.681515 0 27397 30.0313 29.6178 12.9279 0 74.06161 70.4025 -8.20608 -21.4772 0 0 -0 0 0 0 -0 0 8.79172 24.2401 47.6834 246.416 
0.000815551607273664269 0.68486 0 129259 29.8493 29.4438 12.7477 0 63.46691 13.0156 -30.8976 53.8886 0 0 0 0 0 0 0 0 8.79172 24.2401 47.6834 246.416 
0.000815551607273664269 0.804172 0 86949 29.7502 29.3491 12.6499 0 119.1661 -45.1333 11.9451 109.639 0 -0 0 0 0 -0 0 0 8.78093 19.1145 0 254.453 
0.000815551607273664269 0.846259 0 169885 30.6318 30.1942 13.451 0 91.42661 88.3858 13.6371 -18.9947 0 0 0 -0 0 0 0 -0 0.852725 17.7692 0 0 
0.000815551607273664269 0.86947 0 89901 30.3874 29.9599 13.261 0 73.23271 13.6447 29.1804 65.7674 0 0 0 0 0 0 0 0 6.97675 15.7435 52.3696 297.483 
0.000815551607273664269 1.05885 0 19678 30.5204 30.0875 13.3451 0 181.8751 -181.875 -0.034212 -0.0195496 0 0 -0 0 0 0 -0 0 4.22951 14.7794 0 3.64345 
0.000815551607273664269 1.18826 0 132704 30.5626 30.1279 13.3845 0 200.1061 -198.286 -5.72825 26.3112 0 0 0 0 0 0 0 0 4.83346 12.1053 76.5263 76.5263 
0.000815551607273664269 1.22505 0 154589 30.0242 29.6111 12.9216 0 255.9721 0.163902 236.078 -98.9385 0 0 0 0 0 0 0 0 4.83346 12.1053 76.5263 76.5263 
0.000815551607273664269 1.2383 0 59481 30.6952 30.255 13.5115 0 115.9071 -60.9752 -77.5088 -60.9002 0 -0 0 0 0 -0 0 0 7.4806 21.1417 0 0 
0.000815551607273664269 1.52526 0 183892 30.1223 29.7055 13.016 0 236.0881 -166.103 -54.0451 158.829 0 0 0 0 0 0 0 0 4.6424 12.423 0 1.59098 
0.000815551607273664269 1.81965 0 194475 30.6804 30.2408 13.4982 0 75.38671 37.2599 -31.2036 57.6298 0 0 -0 0 0 0 -0 0 1.80132 10.8766 0 0 
0.000856488169305225306 0.0326369 0 55732 28.4725 28.122 11.3067 0 219.4281 209.201 13.6964 -64.7778 0 0 0 0 0 0 0 0 8.21504 16.9242 754.116 1885.21 
0.000856488169305225306 0.175869 0 19650 29.1244 28.749 12.0024 0 128.8441 41.5369 16.4996 -120.844 0 0 0 0 0 0 0 0 8.21504 16.9242 754.116 1885.21 
0.000856488169305225306 0.212699 0 6292 29.1038 28.7292 11.9798 0 107.0711 -9.3305 -37.7457 -99.7622 0 0 -0 0 0 0 -0 0 12.3769 28.611 330.68 1176.63 
0.000856488169305225306 0.405031 0 29137 28.8047 28.4417 11.665 0 376.6071 318.697 155.047 -127.379 0 0 0 0 0 0 0 0 8.6344 25.8502 41.2129 289.579 
0.000856488169305225306 0.495715 1 37014 28.4169 9.77361 5.98187 0 0 1 -1.93842 10.9177 -5.18043 0 -0 0 0 0 -0 0 0 15.5227 37.5834 615.606 660.234 
0.000856488169305225306 0.526008 0 179360 28.9337 28.5657 11.8011 0 162.3041 151.612 56.1154 14.401 0 0 0 0 0 0 0 0 0 0 0 0 
0.000856488169305225306 0.577918 0 61856 28.5407 28.1876 11.381 0 194.831 33.0686 158.025 -109.057 0 0 0 0 0 0 0 0 12.466 30.0188 213.54 618.16 
0.000856488169305225306 0.596498 0 6219 28.0697 27.7339 10.8675 0 254.6681 54.6112 98.2649 228.512 0 0 0 0 0 0 0 0 9.9954 28.7645 113.332 545.143 
0.000856488169305225306 0.67513 0 185355 28.3386 27.9931 11.1633 0 155.1771 127.788 -62.018 -62.4796 0 0 0 0 0 0 0 0 10.9285 33.4777 157.539 357.978 
0.000856488169305225306 0.708134 0 23097 28.6906 28.3319 11.5409 0 395.8891 358.338 -36.1649 -164.359 0 0 0 -0 0 0 0 -0 13.4091 24.6847 0 257.258 
0.000856488169305225306 0.804885 0 95010 29.1241 28.7486 12.002 0 82.52531 -30.5852 37.2817 66.9704 0 0 0 0 0 0 0 0 12.0815 29.795 70.2817 188.218 
0.000856488169305225306 0.858898 0 99537 28.3536 28.0075 11.1795 0 166.0061 21.6487 -71.7072 -148.147 0 0 0 0 0 0 0 0 12.0378 30.0791 0 172.305 
0.000856488169305225306 0.951081 0 126118 28.7826 28.4204 11.6415 0 81.79611 48.7992 -12.6536 64.4138 0 0 0 0 0 0 0 0 11.3079 29.168 69.3504 305.29 
0.000856488169305225306 1.20599 0 54359 28.9575 28.5885 11.8268 0 222.6371 7.16853 220.68 -28.5647 0 0 0 0 0 0 0 0 6.11957 20.7313 0 0 
0.000856488169305225306 1.36036 0 153147 29.442 29.053 12.335 0 66.21491 12.9953 -27.3249 58.8973 0 0 0 0 0 0 0 0 4.03499 17.5654 0 0 
0.000856488169305225306 1.41776 0 152125 29.2841 28.9021 12.1731 0 75.90421 -51.5867 55.2868 -6.60542 0 0 0 -0 0 0 0 -0 2.75969 18.0812 0 0 
0.000856488169305225306 1.60286 0 193763 28.3885 28.0411 11.2181 0 203.5961 201.982 24.0851 8.64001 0 0 0 0 0 0 0 0 4.93209 27.7794 0 0 
0.000856488169305225306 1.79281 0 162556 28.4539 28.1041 11.2862 0 261.0141 -188.252 -153.382 -95.7259 0 0 -0 0 0 0 -0 0 3.5684 24.8792 130.292 130.292 
0.000856488169305225306 1.92333 0 106288 28.3056 27.9612 11.1271 0 281.4871 -38.9354 -178.153 -214.43 0 0 -0 0 0 0 -0 0 1.91386 3.89197 0 92.3068 
0.000856488169305225306 1.98145 0 67839 28.2831 27.9395 11.1022 0 234.6031 233.566 -3.17084 -21.8126 0 0 0 0 0 0 0 0 1.91386 3.89197 0 92.3068 
0.000856488169305225306 1.99907 0 185079 29.0216 28.6502 11.8955 0 257.3021 14.7394 -250.683 -56.0834 0 0 0 0 0 0 0 0 1.91386 3.89197 0 92.3068 
0.000856488169305225306 2.04497 0 39238 28.202 27.8615 11.0153 0 281.7791 -0.542362 -100.719 263.163 0 0 0 0 0 0 0 0 8.19001 18.4059 0 382.76 
0.000858240774049849739 0.710666 0 41160 28.0132 27.6794 10.8085 0 196.5111 -121.298 -133.324 -78.2825 0 0 -0 0 0 0 -0 0 1.4262 4.96262 20.9078 20.9078 
0.000858240774049849739 0.865232 0 129944 28.0037 27.6702 10.797 0 120.4291 87.3901 -67.8247 -47.6014 0 0 0 0 0 0 0 0 0 2.61195 0 0 
0.000858240774049849739 1.77499 0 171631 28.0086 27.675 10.8026 0 95.9141 66.8331 -61.4394 -30.9523 0 0 0 0 0 0 0 0 0 0 0 0 
0.000913026497701764292 0.40403 1 204329 29.757 18.6472 16.7821 0 0 2 22.457 25.1675 -0.567399 0 0 0 -0 0 0 0 -0 17.1811 45.8427 197.777 440.543 
0.000913026497701764292 0.484612 0 61838 27.3392 27.0305 10.0707 0 275.1231 -219.478 -90.9952 -138.714 0 -0 0 0 0 -0 0 0 20.6418 46.6353 243.234 886.31 
0.000913026497701764292 0.568484 0 18681 26.3216 26.0484 8.95774 0 123.4411 76.0869 0.0453949 -97.2031 0 0 0 0 0 0 0 0 16.6339 45.1223 275.145 1187.55 
0.000913026497701764292 0.599309 0 81542 27.2419 26.9367 9.96298 0 122.1741 59.8229 106.515 -1.5043 0 0 0 0 0 0 0 0 11.3007 33.8682 236.974 492.679 
0.000913026497701764292 0.617877 0 89495 27.5396 27.2232 10.2904 0 126.3941 -126.308 -4.24835 1.90829 0 0 0 0 0 0 0 0 17.2837 39.5265 67.6765 242.896 
0.000913026497701764292 0.619792 0 73589 27.9947 27.6616 10.7865 0 191.5871 188.138 -35.2287 8.28164 0 0 0 0 0 0 0 0 17.2837 39.5265 67.6765 242.896 
0.000913026497701764292 0.691446 0 18064 27.4481 27.135 10.1885 0 331.6151 -330.382 -6.41697 27.841 0 -0 0 0 0 -0 0 0 16.5033 50.1452 15.4095 207.604 
0.000913026497701764292 0.862472 1 206604 28.5508 19.6327 17.6694 0 0 2 1.69565 -16.845 -0.842088 0 0 0 -0 0 0 0 -0 12.0398 39.6222 54.2958 344.93 
0.000913026497701764292 0.896089 0 145174 26.2275 25.9575 8.85511 0 259.2721 -96.6639 -229.807 -71.181 0 0 0 -0 0 0 0 -0 17.0111 35.7123 18.353 179.687 
0.000913026497701764292 0.946532 0 185527 27.9668 27.6347 10.7559 0 293.551 -146.16 133.136 216.988 0 0 0 0 0 0 0 0 17.0972 38.9187 507.619 818.353 
0.000913026497701764292 0.960123 0 195209 26.2463 25.9757 8.87559 0 129.1931 -127.274 20.4645 -8.56468 0 0 0 0 0 0 0 0 17.0972 38.9187 507.619 818.353 
0.000913026497701764292 0.984455 0 86890 27.8716 27.5427 10.6525 0 152.1031 127.659 38.9883 -72.9276 0 0 0 -0 0 0 0 -0 7.85832 29.452 0 16.2323 
0.000913026497701764292 1.05624 0 125335 26.327 26.0536 8.96356 0 318.151 315.217 40.0306 -15.9658 0 0 0 0 0 0 0 0 7.31181 26.0981 0 10.6871 
0.000913026497701764292 1.08549 0 149264 27.311 27.0034 10.0397 0 112.1011 -30.4618 22.3277 105.547 0 -0 0 0 0 -0 0 0 14.0107 33.3959 57.5227 84.5303 
0.000913026497701764292 1.14149 0 141353 27.2499 26.9444 9.97279 0 134.1011 -120.279 38.2205 -45.334 0 0 0 0 0 0 0 0 9.18778 29.9086 0 0 
0.000913026497701764292 1.18337 0 49516 26.5959 26.3128 9.25458 0 195.0351 -95.2117 -126.594 113.786 0 -0 0 0 0 -0 0 0 10.7161 30.9131 55.5378 370.843 
0.000913026497701764292 1.4252 0 187038 27.069 26.7699 9.77418 0 294.8661 259.662 -39.0777 134.144 0 0 -0 0 0 0 -0 0 7.03819 24.0581 209.343 209.343 
0.000913026497701764292 1.45808 0 131361 26.4753 26.1962 9.1233 0 379.8431 -256.64 -45.9944 -276.226 0 0 0 -0 0 0 0 -0 10.2852 29.2387 0 246.726 
0.000913026497701764292 1.74421 0 181037 27.2189 26.9146 9.93826 0 273.7981 -273.157 6.71403 17.4734 0 -0 0 0 0 -0 0 0 6.87473 39.4682 0 0 
0.000913026497701764292 1.74707 0 166801 27.6131 27.2943 10.369 0 172.7931 31.5222 -57.3085 -159.936 0 0 -0 0 0 0 -0 0 6.87473 39.4682 0 0 
0.000913026497701764292 2.02558 0 129927 27.4288 27.1165 10.1678 0 144.771 -143.094 -19.3763 10.3438 0 -0 0 0 0 -0 0 0 4.07535 12.3388 0 0 
0.000913026497701764292 2.40233 0 132710 27.7405 27.4165 10.5095 0 256.0981 182.444 -93.871 -153.26 0 0 -0 0 0 0 -0 0 2.40438 16.3039 0 0 
0.00094761904373430537 0.231882 0 9348 0.196032 25.9285 8.76651 0 150.3171 60.5431 103.219 90.9709 0 0 0 0 0 0 0 0 10.5596 26.7433 438.448 905.666 
0.00094761904373430537 0.649794 0 8327 26.2079 25.9385 8.83354 0 263.7621 -151.225 138.107 166.216 0 0 0 0 0 0 0 0 8.33594 30.1568 202.243 539.859 
0.00094761904373430537 0.751472 0 39421 0.102347 25.538 8.46825 0 73.45161 25.4664 40.5894 -55.6696 0 0 0 0 0 0 0 0 12.1797 34.9339 75.5662 87.1503 
0.00094761904373430537 0.780553 0 112460 25.4119 25.1678 7.9782 0 259.5841 241.609 -58.6562 74.6216 0 0 -0 0 0 0 -0 0 6.26728 17.2523 0 240.162 
0.00094761904373430537 0.788955 0 75139 25.8884 25.6295 8.48783 0 221.8011 219.433 -0.675685 32.3162 0 0 0 0 0 0 0 0 6.26728 17.2523 0 240.162 
0.00094761904373430537 0.815258 0 89672 26.1819 25.9134 8.80528 0 184.9941 -184.584 5.69998 -10.898 0 0 0 0 0 0 0 0 11.2867 34.7565 160.154 170.035 
0.00094761904373430537 0.840987 0 64738 25.6395 25.3884 8.22155 0 311.9481 -124.557 186.916 216.471 0 0 0 0 0 0 0 0 5.84622 26.7776 0 1.42745 
0.00094761904373430537 0.845939 0 126498 25.4469 25.2018 8.01611 0 213.6371 194.557 -34.5384 -81.2131 0 0 -0 0 0 0 -0 0 5.84622 26.7776 0 1.42745 
0.00094761904373430537 0.861046 0 60209 25.824 25.5672 8.41874 0 319.4991 114.333 177.919 239.484 0 0 0 0 0 0 0 0 10.3698 25.0459 99.3657 482.685 
0.00094761904373430537 1.06177 0 166175 25.6275 25.3769 8.20801 0 372.4361 311.729 -77.8626 188.337 0 0 -0 0 0 0 -0 0 5.3721 12.9285 5.72688 96.0996 
0.00094761904373430537 1.17475 0 131510 26.0311 25.7676 8.64326 0 312.4221 -30.9749 -307.628 -44.8681 0 -0 0 0 0 -0 0 0 8.32266 22.5187 0 292.31 
0.00094761904373430537 1.22574 0 105386 25.5418 25.2938 8.11706 0 269.3971 -29.5224 -267.741 4.24407 0 0 0 0 0 0 0 0 4.91265 18.3601 0 19.7185 
0.00094761904373430537 1.4572 0 149828 25.8174 25.5608 8.41151 0 214.6681 -211.829 34.4806 4.67682 0 0 0 0 0 0 0 0 8.75593 21.8891 62.3503 79.5064 
0.00094761904373430537 1.55706 0 77143 25.7174 25.4639 8.30538 0 116.91 109.095 -7.55009 41.3146 0 0 0 0 0 0 0 0 1.58842 12.6665 0 0 
0.00094761904373430537 1.55863 0 158284 26.0693 25.8045 8.68348 0 390.7771 385.257 -63.7485 -14.8329 0 0 0 0 0 0 0 0 1.58842 12.6665 0 0 
0.00094761904373430537 1.70328 0 170681 26.196 25.927 8.82069 0 189.8391 -178.493 12.0452 -63.5154 0 -0 0 0 0 -0 0 0 1.67638 8.45924 0 0 
0.00094761904373430537 1.9208 0 171637 26.0749 25.81 8.69014 0 273.8551 11.6753 129.189 -241.185 0 0 0 0 0 0 0 0 1.96235 7.82054 0 0 
0.000951457801229296297 2.3742 0 190546 25.1519 24.9158 7.70402 0 391.5291 -75.172 -380.36 -54.5029 0 0 0 0 0 0 0 0 0 0 0 0 
0.00103127261798046971 0.193345 0 109592 23.684 23.4911 6.21667 0 211.1171 -196.721 7.39597 76.2668 0 0 0 0 0 0 0 0 24.0402 47.5586 452.949 1349.94 
0.00103127261798046971 0.414332 0 63470 24.6264 24.4067 7.15931 0 122.1531 121.883 3.91482 7.11726 0 0 0 0 0 0 0 0 22.6431 53.6877 198.981 866.314 
0.00103127261798046971 0.541293 0 74516 23.4024 23.2177 5.946 0 57.15981 40.062 32.8535 24.144 0 0 0 0 0 0 0 0 21.8457 51.0833 953.933 1412.73 
0.00103127261798046971 0.655306 0 77061 23.5 23.3126 6.03925 0 209.0771 188.862 86.1841 -24.8312 0 0 0 0 0 0 0 0 18.144 51.1074 47.8789 370.697 
0.00103127261798046971 0.713267 0 83813 23.7236 23.5296 6.25516 0 263.0261 34.3279 239.797 102.477 0 0 0 0 0 0 0 0 14.3205 42.3095 1.97411 137.1 
0.00103127261798046971 0.738032 0 77879 24.5368 24.3198 7.0671 0 295.7381 -280.664 -54.4191 75.6791 0 0 -0 0 0 0 -0 0 23.0826 55.6527 615.754 678.332 
0.00103127261798046971 0.901989 0 73656 24.4481 24.2336 6.97657 0 141.2321 104.203 50.1996 -81.0439 0 0 0 -0 0 0 0 -0 17.1235 47.5555 4.9093 131.479 
0.00103127261798046971 0.920119 0 165019 24.9833 24.7528 7.52854 0 385.5031 -129.121 -109.384 346.375 0 0 -0 0 0 0 -0 0 14.8287 44.4906 471.856 471.856 
0.00103127261798046971 0.922165 0 5708 23.4869 23.2998 6.02673 0 202.6641 105.166 131.188 113.15 0 0 0 0 0 0 0 0 14.8287 44.4906 471.856 471.856 
0.00103127261798046971 1.00399 0 87460 24.6284 24.4086 7.16142 0 312.81 -285.649 116.879 -50.8688 0 -0 0 0 0 -0 0 0 16.2814 45.8106 91.7661 240.515 
0.00103127261798046971 1.03209 0 187804 24.3237 24.1127 6.85075 0 240.2551 -226.217 80.7128 -5.81182 0 0 0 0 0 0 0 0 16.2814 45.8106 91.7661 240.515 
0.00103127261798046971 1.06007 0 144498 24.3374 24.126 6.8649 0 336.621 -325.011 87.625 -1.77409 0 -0 0 0 0 -0 0 0 10.4463 33.4989 1.1626 341.157 
0.00103127261798046971 1.07934 0 118226 24.3179 24.1071 6.84465 0 200.5391 -121.74 33.3021 -155.841 0 0 0 -0 0 0 0 -0 10.8285 40.0888 0 84.0345 
0.00103127261798046971 1.20767 0 140637 24.8446 24.6184 7.384 0 203.6751 65.0451 152.89 -117.802 0 0 0 -0 0 0 0 -0 16.6872 34.5914 110.034 451.093 
0.00103127261798046971 1.48011 0 165677 24.2251 24.017 6.7516 0 246.5861 50.0744 96.6901 221.243 0 0 0 0 0 0 0 0 10.3128 39.7471 0 102.414 
0.00103127261798046971 1.49039 0 96095 23.6268 23.4357 6.1613 0 183.2671 77.7792 156.56 -55.0111 0 0 0 -0 0 0 0 -0 10.3128 39.7471 0 102.414 
0.00103127261798046971 1.52817 0 197303 24.8468 24.6205 7.38631 0 211.1351 165.885 -96.5606 87.9545 0 0 0 0 0 0 0 0 3.05671 28.8905 0 72.8075 
0.00103127261798046971 1.62685 0 163317 24.8582 24.6316 7.39829 0 357.3061 357.288 2.93803 1.99544 0 0 0 0 0 0 0 0 11.6098 34.6669 0 166.347 
0.00103127261798046971 1.69934 0 186121 24.8636 24.6368 7.40383 0 249.9961 10.4741 39.0938 246.698 0 0 0 0 0 0 0 0 8.60255 32.7591 0 26.8589 
0.00103127261798046971 1.71471 0 81629 24.9271 24.6984 7.47003 0 271.0521 -124.729 -173.493 -166.769 0 0 0 0 0 0 0 0 8.60255 32.7591 0 26.8589 
0.00103127261798046971 2.11165 0 185177 24.903 24.675 7.44489 0 153.6921 -81.7073 -79.6407 -102.968 0 0 0 -0 0 0 0 -0 8.3536 25.0834 107.909 107.909 
0.00103127261798046971 2.24399 0 98258 23.7794 23.584 6.30983 0 514.3891 -498.199 126.124 -22.0574 0 0 0 0 0 0 0 0 15.38 24.2813 0 37.4223 
0.00108164610957736359 0.309302 0 13000 22.4451 22.2855 17.0813 0 01 0 0 -0 0 0 0 -0 0 0 0 -0 16.9149 39.7742 379.133 979.19 
0.00108164610957736359 0.580164 0 45426 22.4067 22.2481 17.0708 0 01 -0 0 0 0 -0 0 0 0 -0 0 0 11.5235 35.2561 4.12261 186.467 
0.00108164610957736359 0.646464 0 106367 22.8454 22.6751 17.2251 0 01 0 0 0 0 0 0 0 0 0 0 0 8.37243 36.1741 54.1506 253.32 
0.00108164610957736359 0.668435 0 31525 22.9882 22.8144 5.55694 0 438.9391 126.537 314.354 278.994 0 0 0 0 0 0 0 0 17.4295 44.1943 108.593 349.175 
0.00108164610957736359 0.707723 0 78975 22.9598 22.7868 5.53071 0 272.9071 105.88 -172.03 183.502 0 0 -0 0 0 0 -0 0 6.49342 25.8364 0 85.4255 
0.00108164610957736359 0.752055 0 5085 22.277 22.1216 17.0201 0 01 0 0 0 0 0 0 0 0 0 0 0 9.65454 25.2253 27.1255 583.645 
0.00108164610957736359 0.938407 0 159018 22.8485 22.6782 17.2262 0 01 0 0 0 0 0 0 0 0 0 0 0 11.149 32.5488 28.9221 142.372 
0.00108164610957736359 0.995481 0 175854 22.8738 22.7028 17.235 0 01 0 0 0 0 0 0 0 0 0 0 0 6.92707 24.6622 12.595 474.659 
0.00108164610957736359 1.34611 0 148434 22.568 22.4053 17.1275 0 01 0 0 0 0 0 0 0 0 0 0 0 11.9339 33.1495 0 96.1953 
0.00108164610957736359 1.53468 0 153408 22.7891 22.6204 17.2095 0 01 -0 0 0 0 -0 0 0 0 -0 0 0 3.03166 18.2786 0 0 
0.00108164610957736359 2.04965 0 190351 23.2074 23.028 5.76146 0 557.7531 -114.216 545.878 7.72449 0 0 0 0 0 0 0 0 12.5433 16.6719 178.55 432.287 
0.00108164610957736359 3.31348 0 199257 23.1499 22.972 5.70742 0 394.7721 -394.772 -0.0395053 -0.0217412 0 0 -0 0 0 0 -0 0 0 3.31348 0 0 
0.00108509595432896666 1.34683 0 161955 22.1664 22.0137 16.9762 0 01 0 0 0 0 0 0 0 0 0 0 0 0 1.3296 0 0 
0.00112119163367808668 0.160616 0 1919 22.1494 21.997 16.9692 0 01 0 0 0 0 0 0 0 0 0 0 0 8.23058 17.9351 386.108 943.555 
0.00112119163367808668 0.20527 0 34929 21.5077 21.3705 16.7059 0 01 0 -0 0 0 0 -0 0 0 0 -0 0 12.5768 28.212 358.06 974.822 
0.00112119163367808668 0.227878 0 18397 21.7831 21.6392 16.8221 0 01 0 0 0 0 0 0 0 0 0 0 0 12.5768 28.212 358.06 974.822 
0.00112119163367808668 0.272497 0 5802 21.7804 21.6367 16.8208 0 01 0 0 0 0 0 0 0 0 0 0 0 10.213 27.2466 180.004 561.431 
0.00112119163367808668 0.433468 0 24795 21.8114 21.6669 16.8363 0 01 -0 0 0 0 -0 0 0 0 -0 0 0 10.5965 30.4919 23.6164 205.768 
0.00112119163367808668 0.557985 0 62404 21.7151 21.5727 16.7951 0 01 0 0 0 0 0 0 0 0 0 0 0 11.7347 34.0747 241.167 278.858 
0.00112119163367808668 0.659263 0 150526 21.52 21.3825 16.7104 0 01 0 0 0 0 0 0 0 0 0 0 0 8.43973 27.9476 16.3183 121.596 
0.00112119163367808668 0.768631 0 190379 21.548 21.4099 16.724 0 01 0 0 -0 0 0 0 -0 0 0 0 -0 6.96982 25.4576 95.7441 198.434 
0.00112119163367808668 1.06527 0 63111 21.6082 21.4686 16.7504 0 01 0 0 0 0 0 0 0 0 0 0 0 9.56147 24.4242 23.0162 158.229 
0.00112119163367808668 1.20362 0 150319 21.8709 21.7251 16.8577 0 01 -0 0 0 0 -0 0 0 0 -0 0 0 7.21201 19.2192 0 269.812 
0.00112119163367808668 1.47355 0 143717 21.9963 21.8476 16.9115 0 01 0 0 0 0 0 0 0 0 0 0 0 0 22.1372 0 0 
0.00112119163367808668 1.67248 0 153745 22.0528 21.9028 16.9306 0 01 -0 0 0 0 -0 0 0 0 -0 0 0 3.3397 14.9239 0 3.26784 
0.00112119163367808668 1.72805 0 163978 22.052 21.902 16.9303 0 01 0 -0 0 0 0 -0 0 0 0 -0 0 3.40162 15.52 0 28.4932 
0.00112119163367808668 1.81372 0 172139 21.7289 21.5862 16.7998 0 01 0 0 0 0 0 0 0 0 0 0 0 1.81684 7.24918 0 0 
0.00112119163367808668 2.44778 0 189779 22.0877 21.9368 16.9447 0 01 -0 0 0 0 -0 0 0 0 -0 0 0 4.73628 11.8765 0 0 
0.00112119163367808668 2.64582 0 147298 21.7574 21.614 16.8143 0 01 0 0 0 0 0 0 0 0 0 0 0 2.47261 7.4597 0 0 
0.00117907772772981776 0.173857 0 52009 20.6358 20.5181 16.3125 0 01 0 0 -0 0 0 0 -0 0 0 0 -0 10.5209 24.3519 241.493 1332.61 
0.00117907772772981776 0.230334 0 2133 21.2494 21.1181 16.5934 0 01 0 0 0 0 0 0 0 0 0 0 0 12.8858 31.637 217.055 1052.17 
0.00117907772772981776 0.450185 0 13778 21.0531 20.9263 16.5065 0 01 0 -0 0 0 0 -0 0 0 0 -0 0 17.7931 38.1906 280.839 451.477 
0.00117907772772981776 0.656085 0 74169 21.2241 21.0934 16.5821 0 01 -0 0 0 0 -0 0 0 0 -0 0 0 15.6259 42.3633 81.2085 128.789 
0.00117907772772981776 0.727755 0 61834 21.0137 20.8878 16.4874 0 01 0 0 0 0 0 0 0 0 0 0 0 13.022 41.2608 73.8956 232.277 
0.00117907772772981776 0.74785 0 74810 21.3199 21.187 16.6238 0 01 0 0 0 0 0 0 0 0 0 0 0 11.9509 35.1482 63.319 283.653 
0.00117907772772981776 0.821863 0 139643 0 21.4449 17.3721 0 01 0 0 -0 0 0 0 -0 0 0 0 -0 11.5067 35.3578 90.8325 357.934 
0.00117907772772981776 0.835831 0 98571 20.554 20.4379 16.2747 0 01 -0 0 0 0 -0 0 0 0 -0 0 0 11.5067 35.3578 90.8325 357.934 
0.00117907772772981776 0.864012 0 33876 20.5916 20.4748 16.2937 0 01 -0 0 0 0 -0 0 0 0 -0 0 0 10.252 31.5146 0 279.994 
0.00117907772772981776 1.25016 0 125439 21.3014 21.169 16.6157 0 01 0 0 0 0 0 0 0 0 0 0 0 8.72546 28.7623 0 6.55877 
0.00117907772772981776 1.44645 0 161127 21.1922 21.062 16.5711 0 01 0 0 0 0 0 0 0 0 0 0 0 7.18526 27.107 0 40.7872 
0.00117907772772981776 1.461 0 163707 20.5744 20.4579 16.2854 0 01 0 0 0 0 0 0 0 0 0 0 0 7.41504 23.751 0 0 
0.00117907772772981776 1.51839 0 171741 20.7738 20.6531 16.3774 0 01 0 0 -0 0 0 0 -0 0 0 0 -0 4.62141 16.8993 41.5304 47.5253 
0.00117907772772981776 1.57771 0 164300 20.9292 20.8052 16.4485 0 01 0 0 0 0 0 0 0 0 0 0 0 11.2017 27.2581 0 6.19067 
0.00117907772772981776 3.55393 0 199578 20.9148 20.7911 16.4422 0 01 0 0 0 0 0 0 0 0 0 0 0 0 3.18404 0 0 
0.00118338359236481614 0.603575 0 23718 20.5115 20.3963 16.2567 0 01 0 0 0 0 0 0 0 0 0 0 0 3.01985 6.64882 0 0 
0.00124051091720366827 0.260524 1 205885 13.5601 11.7218 7.83177 0 0 2 -37.0284 -26.0684 100.228 0 0 -0 0 0 0 -0 0 15.1837 37.7375 271.787 1593.89 
0.00124051091720366827 0.293916 0 17368 20.3403 20.2286 16.1717 0 01 0 -0 0 0 0 -0 0 0 0 -0 0 17.5402 35.6885 446.252 719.809 
0.00124051091720366827 0.370029 0 29294 20.3085 20.1973 16.1565 0 01 0 0 0 0 0 0 0 0 0 0 0 16.9102 40.3015 168.639 630.988 
0.00124051091720366827 0.464782 0 151331 20.3561 20.244 16.1791 0 01 0 -0 0 0 0 -0 0 0 0 -0 0 16.8776 47.0111 340.12 683.223 
0.00124051091720366827 0.876444 0 44830 20.2644 20.1539 16.1364 0 01 0 0 0 0 0 0 0 0 0 0 0 10.5775 29.0886 43.4383 203.854 
0.00124051091720366827 0.960536 0 82874 20.4299 20.3164 16.217 0 01 -0 0 0 0 -0 0 0 0 -0 0 0 13.5469 35.8299 137.179 252.906 
0.00124051091720366827 1.24353 0 143635 20.4154 20.3021 16.2104 0 01 0 0 -0 0 0 0 -0 0 0 0 -0 14.978 32.4357 1.60787 9.70534 
0.00124051091720366827 1.57612 0 148444 20.3789 20.2664 16.1921 0 01 -0 0 0 0 -0 0 0 0 -0 0 0 3.1789 14.3976 0 0 
