#1:time #2:r #3.binary? #4:ID #5:zams_m #6:m_progenitor #7:bh mass #8:bh_spin #9:birth-kick(km/s) #10-25:vsarray
0.00239158925224355542 0.189752 1 48795 0 59.3186 53.3868 0 0 1 -0.0135116 -0.00840703 -0.00657221 0 0 0 0 0 0 0 0 5.7919 12.5636 1771.16 3257.48 
0.00242801909601798134 0.0630799 1 264858 0 56.7476 51.0729 0 0 1 -0.879958 1.00261 0.23099 0 -0 0 0 0 -0 0 0 4.88556 8.2689 977.643 2310.44 
0.00243839748268851733 0.265505 1 61743 0 134.421 40.5 0 0 2 -0.0810774 0.148482 0.0244499 0 0 0 0 0 0 0 0 6.01866 10.9844 1006.14 2360.03 
0.00244715766655004925 0.263526 0 375794 145.132 134.213 40.5 0 01 0 0 -0 0 0 0 -0 0 0 0 -0 4.04319 9.10654 492.779 2204.97 
0.0024544317840442414 0.154057 0 73525 0 61.0762 54.9686 0 01 0 -0 0 0 0 -0 0 0 0 -0 0 8.77427 14.9799 2074.36 12394.1 
0.0024544317840442414 0.123215 1 448489 0 134.443 40.5 0 0 2 -0.154357 -0.132917 -0.249922 0 0 0 0 0 0 0 0 8.77427 14.9799 2074.36 12394.1 
0.0024544317840442414 0.741679 0 302244 143.97 134.298 40.5 0 01 0 0 0 0 0 0 0 0 0 0 0 8.04144 20.4622 0 754.941 
0.0024544317840442414 1.85735 1 396505 0 133.664 40.5 0 0 2 0.00833005 0.0399225 0.01832 0 0 0 0 0 0 0 0 5.56303 9.31832 0 18.3836 
0.00246930330874519906 0.502162 0 574355 0.158533 130.974 40.5 0 01 0 0 0 0 0 0 0 0 0 0 0 2.5375 10.0744 0 45.8681 
0.002470018704157694 0.163218 0 220595 136.133 129.623 40.5 0 01 0 0 0 0 0 0 0 0 0 0 0 3.87573 7.8896 2168.76 4591.35 
0.00247909293651987295 1.10012 0 321417 134.348 128.064 40.5 0 01 0 0 0 0 0 0 0 0 0 0 0 4.43445 7.73385 6.95416 37.4263 
0.00249532985532363626 0.493927 0 115717 128.405 122.831 40.5 0 01 0 0 0 0 0 0 0 0 0 0 0 1.52624 6.00515 0 290.986 
0.00249669874800260462 0.509615 0 344445 0.0833131 122.584 40.5 0 01 0 0 0 0 0 0 0 0 0 0 0 1.49401 7.54242 0 0 
0.00249819856263726586 0.0490904 1 0 0 125.932 40.5 0 0 1 0.168576 0.0315246 -0.00394839 1 -2.52204 -0.776223 9.68385 0 0 0 0 2.27212 5.60467 0 350.593 
0.00250319012429982887 0.197921 0 1230 0.132453 54.9106 49.4196 0 01 0 0 0 0 0 0 0 0 0 0 0 8.57191 15.0826 2885 4298.85 
0.00250319012429982887 0.309728 1 174558 0 121.222 40.5 0 0 1 -0.0710019 0.0848337 0.0430071 0 0 0 0 0 0 0 0 9.07244 18.4923 102.154 1379.37 
0.00251296421302857906 1.58602 0 362931 125.318 120.092 40.5 0 01 0 0 0 0 0 0 0 0 0 0 0 1.57372 9.37721 0 7.55148 
0.00251769682249577227 0.112614 1 454504 0 119.47 40.5 0 0 2 0.060468 -0.0698 0.0310462 0 0 0 0 0 0 0 0 8.58591 12.4081 3830.59 10245.1 
0.00252135815239460433 0.494835 0 277113 0.146623 49.0769 44.1692 0 01 0 0 -0 0 0 0 -0 0 0 0 -0 3.92558 11.1772 19.5921 237.596 
0.00253835956847838417 0.113228 0 469024 0.0832239 113.995 40.5 0 01 0 0 0 0 0 0 0 0 0 0 0 10.2628 17.1715 5396.64 12333.5 
0.00255182523768084438 0.156666 1 175727 0 109.918 40.5 0 0 2 0.0124053 0.0133036 -0.0239933 0 0 0 -0 0 0 0 -0 3.32379 6.10838 570.626 1323.37 
0.00256025358923554032 0.21316 0 92882 1.48214 45.4488 40.9039 0 01 0 0 0 0 0 0 0 0 0 0 0 10.1581 18.9117 2128.95 3758.47 
0.00256418286770229925 0.135218 1 502522 0 107.647 40.5 0 0 2 -0.0523092 0.0519327 0.188973 0 -0 0 0 0 -0 0 0 7.07256 10.6537 3400.46 9686.2 
0.00256794983564148779 0.140452 0 10657 0.131647 44.4442 39.9998 0 01 0 0 0 0 0 0 0 0 0 0 0 9.94401 14.6219 2455.2 9529.76 
0.00257238816310012813 0.55749 0 545693 0.600908 108.458 40.5 0 01 0 0 0 0 0 0 0 0 0 0 0 3.33523 10.5774 37.3458 88.9016 
0.00257328595069662843 0.435214 0 253790 109.514 105.863 40.5 0 01 0 0 -0 0 0 0 -0 0 0 0 -0 1.32773 3.96778 0 597.525 
0.00257503832671872627 0.143513 0 111187 0.251823 42.9591 38.6632 0 01 0 0 0 0 0 0 0 0 0 0 0 7.06787 12.4707 1652.85 5985.41 
0.00257913316457520931 0.765135 0 188351 108.592 105.022 40.5 0 01 0 0 -0 0 0 0 -0 0 0 0 -0 3.86452 13.0476 0 938.306 
0.0025881951342115123 0.35675 0 265082 106.957 103.527 40.5 0 01 0 0 0 0 0 0 0 0 0 0 0 6.11343 13.355 425.431 560.763 
0.0025881951342115123 1.17388 0 332286 106.732 103.321 40.5 0 01 0 0 0 0 0 0 0 0 0 0 0 1.17763 3.55158 0 0 
0.00259944077430583533 0.0534858 0 34242 0.110598 43.8822 39.4939 0 01 0 0 0 0 0 0 0 0 0 0 0 9.10825 14.9753 3121.73 7766.21 
0.00259944077430583533 0.148246 0 64926 0.218475 101.746 40.5 0 01 0 0 0 0 0 0 0 0 0 0 0 9.10825 14.9753 3121.73 7766.21 
0.00260031863099196431 0.197283 0 48757 0.0987736 43.1285 38.8157 0 01 0 0 0 0 0 0 0 0 0 0 0 3.40305 8.01433 0 807.603 
0.00260031863099196431 1.35262 0 178115 0.399456 101.117 40.5 0 01 0 0 0 0 0 0 0 0 0 0 0 0 1.36125 0 0 
0.00260590826518240738 0.151267 0 149723 0.115912 100.758 40.5 0 01 0 0 0 0 0 0 0 0 0 0 0 10.7545 16.2956 3996.19 9150.09 
0.00261071018098899075 0.386999 1 268677 0 46.9674 42.2707 0 0 2 0.0230848 -0.943698 0.80249 0 0 0 0 0 0 0 0 1.54186 3.90471 0 57.2562 
0.00261807650448442081 0.367325 0 9424 0.878014 42.4926 38.2433 0 01 0 0 0 0 0 0 0 0 0 0 0 5.79242 14.457 359.145 1960.33 
0.00262392585991813631 0.252929 0 51333 0.696697 41.3791 37.2412 0 01 0 0 0 0 0 0 0 0 0 0 0 8.19062 17.1467 662.772 1918.67 
0.00262392585991813631 1.76588 0 217686 100.932 97.9963 40.5 0 01 0 -0 0 0 0 -0 0 0 0 -0 0 1.76587 8.93889 7.90229 7.90229 
0.00263690379727959511 1.57648 0 359428 98.4291 95.6886 41.1559 0 01 0 0 -0 0 0 0 -0 0 0 0 -0 3.16801 17.3946 0 0 
0.00263690379727959511 3.42416 0 381331 98.9901 96.2076 41.6923 0 01 0 0 0 0 0 0 0 0 0 0 0 0 4.47973 0 0 
0.00264053515839191835 0.279454 0 297104 0.0859806 43.5997 39.2397 0 01 0 0 0 0 0 0 0 0 0 0 0 3.37599 9.71416 283.103 1254.52 
0.00264616068789708852 1.03106 0 338933 97.2335 94.5812 40.007 0 01 0 -0 0 0 0 -0 0 0 0 -0 0 9.20697 22.5297 0 141.596 
0.00265546247456804234 0.280352 0 428629 0.365078 43.3199 38.9879 0 01 0 0 0 0 0 0 0 0 0 0 0 9.47982 16.8636 722.756 2899.65 
0.00265546247456804234 0.285675 1 213487 0 93.6511 39.0385 0 0 1 -0.0156934 0.00330643 -0.0155001 0 -0 0 0 0 -0 0 0 7.17968 16.7589 220.147 2560.16 
0.00265546247456804234 0.379488 0 206747 96.1646 93.59 38.9746 0 01 0 0 0 0 0 0 0 0 0 0 0 7.82633 14.8884 3.3774 734.932 
0.00265857976182770715 1.09618 0 345768 95.6185 93.0829 38.5063 0 01 0 0 0 0 0 0 0 0 0 0 0 5.45257 10.9144 0 153.77 
0.00266214871969392558 0.157175 0 242650 0.117714 39.0965 35.1869 0 01 0 0 0 0 0 0 0 0 0 0 0 6.98302 13.8478 1703.71 6772.43 
0.00266690451788791387 0.29377 0 466045 0.195124 92.5941 38.1924 0 01 0 0 0 0 0 0 0 0 0 0 0 7.84606 16.2887 0 1677.74 
0.00266690451788791387 1.73026 0 261806 94.5324 92.0732 38.0041 0 01 0 -0 0 0 0 -0 0 0 0 -0 0 1.73026 1.73026 0 0 
0.00267024078243938709 0.168302 1 168168 0 38.7569 34.8812 0 0 2 -0.587313 0.153838 -2.02701 0 0 0 -0 0 0 0 -0 8.15429 15.5712 2264.15 5293.14 
0.00267641036500447516 0.362755 0 446390 0.578755 41.9661 37.7695 0 01 0 0 0 0 0 0 0 0 0 0 0 7.69872 19.0531 762.977 1343.42 
0.00267757976652641507 0.276738 0 61874 92.5073 41.089 36.9801 0 01 0 0 0 0 0 0 0 0 0 0 0 2.65458 6.12398 424.728 542.561 
0.00268039440582662578 0.18923 0 167048 92.1791 40.8879 36.7991 0 01 0 0 0 0 0 0 0 0 0 0 0 6.18319 11.1166 782.694 3935.81 
0.00268870040874649632 1.1204 0 301737 91.1998 40.3775 36.3397 0 01 0 -0 0 0 0 -0 0 0 0 -0 0 5.64476 20.321 0 0 
0.00269380401612016656 0.280776 0 241128 0.517258 39.8877 35.8989 0 01 0 0 0 0 0 0 0 0 0 0 0 8.88837 19.8375 1052.82 2676.76 
0.00269380401612016656 0.423658 0 502106 64.7006 40.2389 36.215 0 01 0 0 0 0 0 0 0 0 0 0 0 9.29256 17.754 245.03 1926.11 
0.00269703723694781055 0.295277 0 259495 90.0112 39.7654 35.7889 0 01 0 0 0 0 0 0 0 0 0 0 0 6.66391 15.4121 0 1624.83 
0.00269703723694781055 0.901392 0 345065 0.182763 39.8476 35.8628 0 01 0 0 0 0 0 0 0 0 0 0 0 2.71723 9.96158 0 0 
0.00270185446558796451 0.378822 0 239750 89.6003 39.6415 35.6774 0 01 0 0 -0 0 0 0 -0 0 0 0 -0 4.82364 11.023 0 450.172 
0.00270460940763954296 0.50332 0 301990 0.313954 39.2209 35.2988 0 01 0 0 -0 0 0 0 -0 0 0 0 -0 1.99723 6.95502 0 0 
0.0027091273409689475 0.678247 0 150155 0.147647 37.6557 33.8901 0 01 0 -0 0 0 0 -0 0 0 0 -0 0 2.75662 8.21415 0 93.9646 
0.00271372462457105963 1.07143 0 315059 88.2093 38.8454 34.9609 0 01 0 0 0 0 0 0 0 0 0 0 0 2.12328 13.8334 0 0 
0.00271672260008888914 0.941486 0 317450 87.5857 38.5234 34.6711 0 01 0 0 0 0 0 0 0 0 0 0 0 1.89312 9.43871 118.714 118.714 
0.0027207593137585453 0.145245 0 24087 0 38.2391 34.4152 0 01 0 0 0 0 0 0 0 0 0 0 0 10.6596 16.2979 2576.72 9332.91 
0.0027207593137585453 0.446349 0 159815 0.129152 38.3356 34.502 0 01 0 0 0 0 0 0 0 0 0 0 0 4.97795 17.0892 0 186.398 
0.0027207593137585453 0.64536 0 430692 0.463641 38.6444 34.78 0 01 0 0 0 0 0 0 0 0 0 0 0 2.56263 8.9509 25.6657 25.6657 
0.00272820136636567649 0.842185 0 176205 86.732 38.087 34.2783 0 01 0 0 0 0 0 0 0 0 0 0 0 4.16826 12.4893 0 0 
0.00273861548076885074 1.39845 0 78203 85.2054 37.314 33.5826 0 01 0 0 0 0 0 0 0 0 0 0 0 4.13158 6.85322 0 0 
0.00274560333407400381 0.26778 0 276984 84.596 37.0734 33.366 0 01 0 0 0 0 0 0 0 0 0 0 0 8.03154 16.4321 715.046 2146.24 
0.00274670237699661379 0.68669 0 361959 84.4833 37.0444 33.34 0 01 0 0 0 0 0 0 0 0 0 0 0 2.06155 4.81445 294.966 294.966 
0.00275102749427626582 0.248385 1 334111 0 36.6559 32.9903 0 0 1 -0.00259348 0.000374396 -0.00412512 0 0 0 0 0 0 0 0 4.26666 10.4556 0 1886 
0.00275197702174714322 0.530897 0 445472 0 36.9298 33.2368 0 01 0 0 0 0 0 0 0 0 0 0 0 0.529642 1.57961 0 0 
0.00276162362398021553 0.21066 1 248388 0 36.5339 32.8805 0 0 2 0.00379774 0.00299547 -0.00192201 0 0 0 0 0 0 0 0 12.0382 21.5565 1894.68 4575.61 
0.00277539245035228217 0.135432 1 58881 0 33.4467 30.102 0 0 1 -0.00660214 -0.0111462 0.00260179 0 0 -0 0 0 0 -0 0 9.95957 18.5128 1091.81 4533.83 
0.00277539245035228217 1.39271 0 379198 81.8962 35.6943 32.1249 0 01 -0 0 0 0 -0 0 0 0 -0 0 0 1.36262 6.92987 0 0 
0.00277990738755811914 0.800296 0 218214 81.2453 35.3352 31.8017 0 01 0 0 0 0 0 0 0 0 0 0 0 4.0359 13.7322 0 0 
0.00278726045802801282 0.164571 0 362265 81.1199 35.2527 31.7275 0 01 0 -0 0 0 0 -0 0 0 0 -0 0 10.8478 18.3744 4639.99 11821.9 
0.00278726045802801282 0.174031 1 59411 0.437722 35.0293 31.5264 0 0 2 -0.00177218 -0.0126912 0.00379689 0 0 0 0 0 0 0 0 10.8478 18.3744 4639.99 11821.9 
0.00279869628111601614 0.742388 0 219171 80.0316 34.8205 31.3385 0 01 0 0 0 0 0 0 0 0 0 0 0 2.93425 13.9669 33.8792 46.6323 
0.00279869628111601614 2.35932 0 395360 79.5825 34.4722 31.025 0 01 0 0 -0 0 0 0 -0 0 0 0 -0 4.78924 7.17701 0 103.988 
0.00280670850448819058 0.136914 0 161709 3.20477 34.2178 30.796 0 01 0 -0 0 0 0 -0 0 0 0 -0 0 9.2554 14.164 2038.76 6124.04 
0.00280670850448819058 0.0917148 1 115918 0 34.0688 30.662 0 0 2 0.0180708 -0.00998217 0.000289274 0 0 0 -0 0 0 0 -0 9.2554 14.164 2038.76 6124.04 
0.00280670850448819058 1.04211 0 283475 79.1005 34.2999 30.8699 0 01 0 0 0 0 0 0 0 0 0 0 0 3.1213 10.374 0 2.83744 
0.00281745619144234969 0.206368 1 235378 77.4806 32.1333 28.92 0 0 1 -2.20267 -2.77635 -1.6233 0 0 0 -0 0 0 0 -0 10.8044 20.7107 2698.06 5189.61 
0.00281745619144234969 1.49614 0 176470 78.0612 33.7557 30.3801 0 01 0 0 0 0 0 0 0 0 0 0 0 4.44912 13.3775 336.895 349.119 
0.00281745619144234969 2.07549 0 366895 78.4317 33.9003 30.5103 0 01 0 0 0 0 0 0 0 0 0 0 0 2.1004 6.38559 0 0 
0.00282624366302336753 0.130573 1 42429 0.56359 33.3772 30.0395 0 0 1 0.0192467 0.010329 -0.0139495 0 0 0 -0 0 0 0 -0 12.6274 20.4528 4511.68 8819.09 
0.00283589228032251825 0.724722 0 362975 76.5562 33.0698 29.7628 0 01 0 -0 0 0 0 -0 0 0 0 -0 0 5.74111 19.2934 2.12662 265.94 
0.00284302981329746709 1.59703 0 330344 76.1778 32.8027 29.5224 0 01 0 -0 0 0 0 -0 0 0 0 -0 0 6.51801 11.3151 1.1421 1.1421 
0.00284302981329746709 1.91673 0 389536 76.1127 32.8644 29.578 0 01 0 0 0 0 0 0 0 0 0 0 0 0 5.68988 0 0 
0.00284545363391883492 0.227692 1 9114 0 32.7312 29.458 0 0 1 0.0286464 0.0463476 -0.01906 0 0 0 0 0 0 0 0 6.11583 12.6314 476.163 1955.37 
0.00284545363391883492 0.315089 1 100809 0 32.7004 29.4304 0 0 1 0.00758427 0.00164341 -0.0167268 0 0 0 -0 0 0 0 -0 8.50565 14.729 747.241 1884.5 
0.00285297534094570851 0.155362 1 102311 0 31.9244 28.732 0 0 1 0.105917 -0.0764313 -0.48272 0 0 0 0 0 0 0 0 5.64868 13.0579 899.66 2602.37 
0.00286846963008018704 0.175341 0 4485 0.0985709 31.6356 28.472 0 01 0 0 -0 0 0 0 -0 0 0 0 -0 7.43814 13.3752 251.436 5568.74 
0.00287906605321904246 0.10512 0 152617 0.382208 31.5899 28.4309 0 01 0 0 0 0 0 0 0 0 0 0 0 10.9578 18.669 2669.4 7782.33 
0.00289299089395354814 1.28243 0 369055 72.2816 30.8521 27.7669 0 01 -0 0 0 0 -0 0 0 0 -0 0 0 0 3.881 0 0 
0.00289458856395623156 1.68578 0 328227 72.1206 30.7719 27.6947 0 01 0 0 -0 0 0 0 -0 0 0 0 -0 0 3.31428 0 0 
0.00290558328308040308 0.0729568 1 153939 0 30.4402 27.3962 0 0 2 0.00429311 -0.0401318 0.0109871 0 0 0 0 0 0 0 0 7.93871 14.9229 988.321 3268.98 
0.0029138398242448604 0.70282 0 205777 70.9066 30.2952 27.2657 0 01 0 0 -0 0 0 0 -0 0 0 0 -0 4.15911 13.2251 0 133.386 
0.00291518963831092137 0.123038 0 114706 70.8061 30.2367 27.213 0 01 0 0 0 0 0 0 0 0 0 0 0 4.91503 11.257 510.218 4260.63 
0.0029228124438472336 1.48422 0 335995 70.2877 29.8745 26.887 0 01 -0 0 0 0 -0 0 0 0 -0 0 0 1.47086 2.98644 0 0 
0.0029356334611190197 0.237207 0 51259 69.5325 29.6006 26.6405 0 01 0 0 -0 0 0 0 -0 0 0 0 -0 3.20544 10.8395 0 226.546 
0.0029356334611190197 0.298806 0 245884 1.39588 29.8868 26.8981 0 01 -0 0 0 0 -0 0 0 0 -0 0 0 4.08877 7.49992 0 39.1714 
0.0029356334611190197 0.7269 0 372935 69.5046 29.4914 26.5423 0 01 -0 0 0 0 -0 0 0 0 -0 0 0 2.87948 4.31521 54.3403 170.225 
0.0029356334611190197 0.810673 0 174664 69.4959 29.4865 26.5379 0 01 0 -0 0 0 0 -0 0 0 0 -0 0 0.810673 4.08923 0 0 
0.00294809573345270652 0.162426 1 24013 0 29.2044 26.2839 0 0 1 -0.0126941 0.00538396 -0.00493403 0 -0 0 0 0 -0 0 0 7.1648 12.5551 755.736 3426.94 
0.00295137732392167403 0.187381 0 215727 68.5989 29.1487 26.2338 0 01 0 0 0 0 0 0 0 0 0 0 0 7.12422 13.4673 1451.07 3423.08 
0.00296927531033525181 0.264214 0 233206 0.160814 28.5851 25.7266 0 01 0 0 0 0 0 0 0 0 0 0 0 8.04472 17.67 678.503 1128.91 
0.00297400358732729077 0.363744 0 196871 67.4387 28.4856 25.637 0 01 0 0 0 0 0 0 0 0 0 0 0 7.2192 18.0586 0 469.054 
0.00297400358732729077 0.39696 0 111328 67.4826 28.6033 25.743 0 01 0 -0 0 0 0 -0 0 0 0 -0 0 4.06135 13.8457 6.53401 18.2468 
0.00299366827572166913 0.363067 1 371012 0 27.1843 24.4659 0 0 1 -2.07092 2.84336 -2.70476 0 0 0 0 0 0 0 0 4.24596 16.1591 312.174 2300.64 
0.00299525812923466571 0.126948 1 71530 0 27.8377 25.0539 0 0 1 0.00267643 0.0272969 -0.00189623 0 0 0 -0 0 0 0 -0 4.14664 10.5363 1766.5 2386.37 
0.00299918303790291203 0.170346 1 203575 0 27.7773 24.9996 0 0 2 0.00343822 0.00337092 0.018125 0 0 -0 0 0 0 -0 0 8.95741 15.2123 2158.33 5857.27 
0.00300184847009582392 0.164318 1 228927 0 27.7664 24.9897 0 0 1 0.00342093 -0.0257078 0.0180119 0 0 0 0 0 0 0 0 7.96799 14.7253 2298.4 5836.25 
0.003007179696208014 0.837244 0 234580 65.5664 27.6931 24.9238 0 01 0 0 0 0 0 0 0 0 0 0 0 1.67266 9.93637 0 10.8269 
0.0030124554428021472 0.663572 0 150382 65.3114 27.4593 24.7134 0 01 0 0 0 0 0 0 0 0 0 0 0 2.61474 13.0348 0 0 
0.00302336473230867655 0.220933 1 88100 0 27.2089 24.488 0 0 1 -0.0311699 0.0455559 0.0624256 0 0 0 0 0 0 0 0 5.36123 12.4322 0 1116.4 
0.00302775003209010971 0.072068 0 11010 3.7476 27.029 24.3261 0 01 0 0 -0 0 0 0 -0 0 0 0 -0 6.74226 11.8968 1379.3 4055.65 
0.00303072733169660637 0.920208 0 310350 64.3893 27.0566 24.351 0 01 0 0 0 0 0 0 0 0 0 0 0 0.946348 5.6075 0 0 
0.00304860820116252323 1.23964 0 325363 63.3838 26.6433 23.9789 0 01 0 0 0 0 0 0 0 0 0 0 0 1.23489 1.23489 0 0 
0.00305302776093938945 0.121283 0 440757 4.20683 26.4667 23.82 0 01 0 0 0 0 0 0 0 0 0 0 0 10.3202 19.1498 2226.03 6517.44 
0.00305302776093938945 0.412167 0 177308 63.2174 26.4544 23.8089 0 01 0 0 0 0 0 0 0 0 0 0 0 6.53545 13.9887 148.439 256.091 
0.00305302776093938945 0.587183 0 235912 63.1944 26.4414 23.7973 0 01 0 -0 0 0 0 -0 0 0 0 -0 0 5.26057 14.0743 78.447 194.481 
0.00305673590305271343 0.604867 0 25684 63.0733 26.4267 23.7841 0 01 0 0 0 0 0 0 0 0 0 0 0 4.27203 10.9573 0 0 
0.00305896951047578396 0.29125 0 166865 62.8942 26.381 23.7429 0 01 -0 0 0 0 -0 0 0 0 -0 0 0 3.54531 9.91923 84.2569 512.816 
0.0030654717267502964 0.180008 1 121014 0 27.6851 24.9166 0 0 1 -0.536277 0.396765 0.16501 0 -0 0 0 0 -0 0 0 9.48781 17.7178 2053.04 6597.98 
0.00307171915256695873 0.816968 0 295191 62.2835 26.0601 23.4541 0 01 0 0 0 0 0 0 0 0 0 0 0 1.65613 4.13659 0 18.5096 
0.00308756203549097677 0.208663 1 443497 0 25.7886 23.2098 0 0 2 -0.00326758 0.0316734 0.0740663 0 0 0 0 0 0 0 0 4.4948 11.3444 1232 1315.22 
0.00308882348438411581 1.35893 0 110778 61.5212 25.6437 23.0793 0 01 0 0 0 0 0 0 0 0 0 0 0 0 1.36186 0 0 
0.00309054463122970195 0.270743 0 25991 0.128586 25.4429 22.8986 0 01 0 -0 0 0 0 -0 0 0 0 -0 0 3.07149 8.86841 78.9128 399.193 
0.00309255758937330158 2.51528 0 362298 61.3799 25.6774 23.1097 0 01 0 0 0 0 0 0 0 0 0 0 0 0 4.83606 0 0 
0.00309712159381924637 0.13679 0 213283 3.83959 25.6009 23.0408 0 01 0 0 0 0 0 0 0 0 0 0 0 9.79165 16.3295 1501.01 5125.44 
0.00309712159381924637 0.258511 0 197790 61.1754 25.5382 22.9844 0 01 0 0 0 0 0 0 0 0 0 0 0 6.86561 13.0401 1.44549 587.781 
0.00309712159381924637 0.68925 0 164435 61.1483 25.4616 22.9155 0 01 -0 0 0 0 -0 0 0 0 -0 0 0 2.70911 9.51616 0 150.228 
0.00310237257040015283 0.531694 0 295960 60.9026 25.3276 22.7949 0 01 0 -0 0 0 0 -0 0 0 0 -0 0 4.32272 10.2523 314.988 314.988 
0.00310426638570332003 0.733271 0 269591 60.8854 25.3172 22.7855 0 01 0 0 0 0 0 0 0 0 0 0 0 0.730704 3.6569 0 0 
0.00310787954039093125 0.289448 0 95702 0.252046 25.1352 22.6217 0 01 0 0 0 0 0 0 0 0 0 0 0 5.35093 13.6116 361.948 393.544 
0.0031114454587512887 0.946304 0 338207 60.5699 25.2302 22.7072 0 01 -0 0 0 0 -0 0 0 0 -0 0 0 0.931565 4.70152 0 130.633 
0.00311221788341193651 0.3112 0 107024 60.5044 25.2053 22.6848 0 01 0 -0 0 0 0 -0 0 0 0 -0 0 2.84868 5.06507 60.2178 61.5996 
0.003123012665529625 0.186744 0 12700 1.24992 26.4391 23.7951 0 01 0 0 0 0 0 0 0 0 0 0 0 10.3891 18.6632 2402.71 7419.92 
0.00312950397717136992 0.366506 0 156600 0.21952 25.128 22.6152 0 01 0 0 0 0 0 0 0 0 0 0 0 9.58166 19.0699 395.7 2454.05 
0.00312950397717136992 0.411843 0 218505 59.8231 24.8462 22.3616 0 01 0 0 0 0 0 0 0 0 0 0 0 8.31493 21.144 78.2955 897.996 
0.00313046768234086963 0.514051 0 596147 0.109502 24.7031 22.2328 0 01 0 0 0 0 0 0 0 0 0 0 0 1.04533 7.25356 0 0 
0.00313446835258598261 0.969056 0 184514 59.5604 24.6391 22.1752 0 01 0 0 0 0 0 0 0 0 0 0 0 0.964871 9.69437 0 100.452 
0.00313446835258598261 1.6918 0 371644 59.5776 24.6497 22.1848 0 01 0 0 0 0 0 0 0 0 0 0 0 0 3.39545 0 0 
0.00313446835258598261 2.08842 0 231968 59.6735 24.6976 22.2278 0 01 0 0 0 0 0 0 0 0 0 0 0 2.08842 4.15514 0 158.55 
0.00315583210068311019 0.238089 1 85265 0 24.2091 21.7882 0 0 1 0.00218974 0.00415881 0.00743938 0 0 0 0 0 0 0 0 3.52746 12.5551 0 0 
0.00315583210068311019 0.654838 0 147276 58.7407 24.2968 21.8672 0 01 -0 0 0 0 -0 0 0 0 -0 0 0 1.99337 5.95239 0 0 
0.00315883222325423832 0.968031 0 327684 58.6096 24.1541 21.7386 0 01 0 0 0 0 0 0 0 0 0 0 0 2.90832 8.7232 0 0 
0.00317359687509676143 1.74201 0 396909 58.0621 23.9244 21.532 0 01 0 0 0 0 0 0 0 0 0 0 0 0 7.08545 0 0 
0.00317909642396049059 0.918471 0 52253 0.582022 23.6525 21.2872 0 01 -0 0 0 0 -0 0 0 0 -0 0 0 0.916411 2.74374 0 2.57993 
0.00318674763071037084 0.349892 1 289012 57.5222 23.398 21.0582 0 0 1 -4.01919 -0.496119 -0.208443 0 0 0 0 0 0 0 0 5.00396 15.7809 718.816 874.088 
0.00318674763071037084 0.932202 0 317807 57.5989 23.6939 21.3245 0 01 0 0 0 0 0 0 0 0 0 0 0 2.82103 5.64224 0 36.7148 
0.0031939206836804593 1.0924 0 291197 57.4143 23.5963 21.2366 0 01 0 0 0 0 0 0 0 0 0 0 0 3.30121 6.59782 0 156.274 
0.00319941104800875765 0.662735 0 398758 57.0943 23.3938 21.0544 0 01 0 0 0 0 0 0 0 0 0 0 0 1.9705 5.94572 0 12.0783 
0.00319941104800875765 1.14283 0 243358 57.0413 23.3864 21.0477 0 01 -0 0 0 0 -0 0 0 0 -0 0 0 0 4.51423 0 0 
0.0032022419027034621 0.885446 0 317685 56.9542 23.3081 20.9773 0 01 0 0 -0 0 0 0 -0 0 0 0 -0 1.7844 6.2526 0 6.51817 
0.00320603449874098251 1.29741 0 179664 56.8427 23.2855 20.957 0 01 0 0 0 0 0 0 0 0 0 0 0 3.83138 6.38807 1.1534 1.1534 
0.0032122017000133121 1.34044 0 383467 56.599 23.2354 20.9118 0 01 0 0 0 0 0 0 0 0 0 0 0 0 5.32702 0 0 
0.00322345513694447059 0.333783 0 134142 0.225426 23.0464 20.7418 0 01 0 0 0 0 0 0 0 0 0 0 0 4.51337 13.2063 12.9947 392.486 
0.00323807637726496915 0.171384 1 13642 0 22.6662 20.3996 0 0 1 0.00859433 -0.00135116 0.00583836 0 0 0 0 0 0 0 0 5.29583 13.2311 693.36 2910.64 
0.00324104763635880066 0.507323 0 235966 55.6077 22.7266 20.4539 0 01 0 0 0 0 0 0 0 0 0 0 0 2.95953 10.449 0 126.866 
0.00324493912545331534 0.346625 1 128897 0 22.6193 20.3574 0 0 2 -0.00589755 0.00810707 0.02065 0 0 0 0 0 0 0 0 2.09628 8.53318 120.143 217.355 
0.0032509834506363874 0.794142 0 265002 55.269 22.4966 20.247 0 01 0 -0 0 0 0 -0 0 0 0 -0 0 4.71785 12.5792 0 222.167 
0.0032509834506363874 2.04177 0 58352 55.3119 22.5178 20.266 0 01 0 0 0 0 0 0 0 0 0 0 0 1.99619 10.174 0 37.8244 
0.00326727948536746421 0.115689 1 10715 0 22.1738 19.9565 0 0 1 0.0189602 0.00111949 0.00015658 0 0 0 0 0 0 0 0 8.59416 18.1793 1764.1 4005.6 
0.00327653523308673103 0.396655 1 214436 0 21.9977 19.7979 0 0 2 -0.0187266 0.00487042 0.00560432 0 0 0 0 0 0 0 0 3.12358 9.3783 0 0 
0.00328044164740955244 0.181027 1 28748 0 21.9821 19.7839 0 0 1 0.0954895 -2.37712 3.79734 0 0 0 0 0 0 0 0 8.46308 16.5131 1932.7 4761.36 
0.00328090530235950265 1.5888 0 324126 54.2403 21.974 19.7766 0 01 -0 0 0 0 -0 0 0 0 -0 0 0 0 0 0 0 
0.00328428903634808353 0.51654 0 277897 54.1417 21.8769 19.6892 0 01 0 0 0 0 0 0 0 0 0 0 0 3.14643 10.992 192.555 386.713 
0.00328428903634808353 2.97855 0 381642 54.1803 21.8963 19.7067 0 01 -0 0 0 0 -0 0 0 0 -0 0 0 0 0 0 0 
0.00328556346494691303 0.218676 0 6409 0.213837 21.8589 19.673 0 01 0 -0 0 0 0 -0 0 0 0 -0 0 2.9769 10.1473 35.5192 600.453 
0.00331660296469347667 1.7394 0 379809 53.2254 21.4138 19.2724 0 01 0 0 0 0 0 0 0 0 0 0 0 1.69578 8.45958 0 0 
0.00333144802656077299 0.0762021 1 270680 0 21.197 19.0773 0 0 1 3.48216 -0.385531 0.891443 0 0 0 0 0 0 0 0 7.72866 18.5349 961.437 5706.04 
0.00333144802656077299 0.131898 0 75494 0.707686 21.1941 19.0747 0 01 0 0 0 0 0 0 0 0 0 0 0 7.72866 18.5349 961.437 5706.04 
0.00333144802656077299 0.238123 1 37483 0.183808 21.2352 19.1117 0 0 1 0.00143123 -0.00302684 -0.00080642 0 0 0 0 0 0 0 0 6.5728 15.1709 370.508 1361.87 
0.00333719138146493796 0.0896972 0 111644 0.189896 21.0549 18.9494 0 01 0 0 0 0 0 0 0 0 0 0 0 6.12816 12.2176 179.066 2431.56 
0.00334175806637964333 0.374845 0 165646 52.3922 21.0763 18.9687 0 01 -0 0 0 0 -0 0 0 0 -0 0 0 6.88547 15.92 119.661 519.333 
0.00334175806637964333 0.525785 0 77606 52.4339 21.0637 18.9573 0 01 0 0 0 0 0 0 0 0 0 0 0 6.27727 15.6767 84.5876 492.416 
0.00334266510381293902 0.810706 0 306489 52.3269 21.0707 18.9636 0 01 0 0 0 0 0 0 0 0 0 0 0 0.82138 2.43935 0 0 
0.00334674367553904886 0.786091 0 235149 52.2635 21.0396 18.9356 0 01 -0 0 0 0 -0 0 0 0 -0 0 0 2.38885 8.70367 0 123.409 
0.00335522625643617199 0.0774823 1 44453 0 20.7711 18.694 0 0 1 -0.0123816 0.014336 -0.00787594 0 0 0 0 0 0 0 0 2.29467 6.70246 216.412 781.283 
0.00335951521479505022 0.375708 0 194166 51.865 20.7215 18.6494 0 01 0 0 0 0 0 0 0 0 0 0 0 1.79705 9.01542 0 52.156 
0.00336444749607469045 0.216815 0 154047 51.7776 20.7608 18.6847 0 01 0 0 0 0 0 0 0 0 0 0 0 10.0492 19.8791 596.992 2240.67 
0.00336812743215390061 0.131604 1 27716 0 20.658 18.5922 0 0 2 0.0016571 -0.000644235 -0.00878596 0 0 0 0 0 0 0 0 8.75241 16.5441 2641.43 4557.06 
0.00337512391911585228 0.500532 0 56191 51.4257 20.5557 18.5001 0 01 -0 0 0 0 -0 0 0 0 -0 0 0 1.9928 8.5391 0 139.063 
0.00337697137939647982 0.515074 0 361840 51.3662 20.5174 18.4657 0 01 0 0 0 0 0 0 0 0 0 0 0 2.09157 6.80829 0 356.397 
0.00338381736277309185 1.59352 1 74245 0 20.4966 18.447 0 0 1 0.000236589 -0.0114563 -0.00273711 0 0 -0 0 0 0 -0 0 1.57337 3.18219 0 0 
0.00339278103367683529 1.87429 0 344057 50.9575 20.2615 18.2353 0 01 0 -0 0 0 0 -0 0 0 0 -0 0 0 1.8487 0 0 
0.00339800664572779357 0.20814 1 43106 0 20.3295 18.2965 0 0 2 -0.020688 -0.00844111 -0.00602572 0 0 -0 0 0 0 -0 0 9.31587 16.0136 211.263 1269.02 
0.00340911874145350888 1.5698 0 359834 50.5153 20.0384 18.0345 0 01 0 0 0 0 0 0 0 0 0 0 0 1.58411 3.14946 0 0 
0.0034264173396404249 0.653928 0 185627 50.0487 19.8917 17.9026 0 01 -0 0 0 0 -0 0 0 0 -0 0 0 4.5299 12.3108 0 90.9446 
0.00343533415741576528 0.0707568 0 89578 0.152931 19.7364 17.7627 0 01 0 0 -0 0 0 0 -0 0 0 0 -0 9.22226 18.812 3429.55 6015.79 
0.003443256795743364 0.245075 0 161343 49.6198 19.5868 17.6282 0 01 0 0 0 0 0 0 0 0 0 0 0 4.80058 14.1472 458.991 1000.07 
0.00345183831280943204 0.652816 0 271044 49.4119 19.5641 17.6077 0 01 0 0 0 0 0 0 0 0 0 0 0 3.26534 8.45137 0 111.515 
0.00346020148930062995 0.222445 1 54190 0 19.5145 17.5631 0 0 1 0.0647801 0.0519301 -0.281153 0 0 0 0 0 0 0 0 11.0594 20.5652 147.644 1816.92 
0.00346020148930062995 0.610775 0 183715 49.3078 19.569 17.6121 0 01 -0 0 0 0 -0 0 0 0 -0 0 0 7.178 21.6368 397.363 582.788 
0.00346391192594024816 0.155014 0 162029 0.419648 19.4121 17.4709 0 01 0 0 0 0 0 0 0 0 0 0 0 7.55604 16.4414 541.488 2900.38 
0.00346391192594024816 1.8319 0 314533 49.0375 19.4365 17.4929 0 01 0 0 0 0 0 0 0 0 0 0 0 1.85817 1.85817 0 0 
0.00346391192594024816 2.14624 0 361078 49.0859 19.3318 17.3986 0 01 0 -0 0 0 0 -0 0 0 0 -0 0 0 2.18545 0 0 
0.00346605836312324691 0.433277 0 116262 49.0266 19.338 17.4042 0 01 0 0 0 0 0 0 0 0 0 0 0 2.50478 6.32618 11.2184 531.797 
0.00346950683223953664 0.436612 0 256067 48.9333 19.3229 17.3906 0 01 0 0 0 0 0 0 0 0 0 0 0 4.25397 15.2049 14.4693 39.1391 
0.00347181036865764963 1.13493 0 328792 48.8904 19.2523 17.327 0 01 0 0 -0 0 0 0 -0 0 0 0 -0 1.13124 3.44622 0 0 
0.00347755831090983906 0.253578 0 99846 0.136878 19.1971 17.2774 0 01 0 0 0 0 0 0 0 0 0 0 0 9.44796 18.7626 579.814 2345.15 
0.00347755831090983906 0.667031 0 205268 0.0867223 22.1584 19.9426 0 01 0 0 0 0 0 0 0 0 0 0 0 2.01981 9.40794 0 0 
0.00347838954701545477 0.226503 0 157557 0.758201 19.2371 17.3134 0 01 0 0 -0 0 0 0 -0 0 0 0 -0 3.02816 6.37281 36.8417 445.569 
0.00349438164219706285 0.442245 0 183290 48.3797 19.0317 17.1286 0 01 0 0 0 0 0 0 0 0 0 0 0 5.42282 13.0669 178.298 330.299 
0.00349438164219706285 0.669468 0 62226 48.302 19.0389 17.135 0 01 0 0 0 0 0 0 0 0 0 0 0 5.35801 11.3989 162.491 238.686 
0.0035030870871927077 0.218997 1 27316 0 18.8686 16.9817 0 0 2 -0.00488249 0.0210019 0.00222329 0 -0 0 0 0 -0 0 0 1.36423 4.465 3.94479 27.0371 
0.00351916479503473724 0.242271 0 164882 47.7203 18.7359 16.8623 0 01 0 0 0 0 0 0 0 0 0 0 0 10.9643 22.8314 399.35 1909.64 
0.00352490056989198438 0.730846 0 244454 47.648 18.7337 16.8603 0 01 0 0 0 0 0 0 0 0 0 0 0 4.36343 14.4388 0 0 
0.00352917120021021104 0.684819 0 45741 47.4805 18.6812 16.8131 0 01 0 0 0 0 0 0 0 0 0 0 0 1.33581 9.48321 0 0 
0.00354086561035372137 0.612248 0 285251 47.225 18.4674 16.6204 0 01 0 0 0 0 0 0 0 0 0 0 0 0.605092 3.0148 0 0 
0.00354516493366768479 0.63953 0 335674 47.1338 18.4025 16.5619 0 01 0 0 0 0 0 0 0 0 0 0 0 5.68541 13.9195 321.173 501.916 
0.00354516493366768479 1.02498 0 384887 47.1598 18.5238 16.6712 0 01 0 0 0 0 0 0 0 0 0 0 0 2.02106 9.12815 0 0 
0.00354516493366768479 1.51029 0 392042 47.1703 18.492 16.6425 0 01 0 0 0 0 0 0 0 0 0 0 0 1.51028 5.95857 0 0 
0.00356303659957390648 0.0759513 1 953 0 18.4947 16.645 0 0 1 0.0521994 -0.00232327 0.0218976 0 0 0 0 0 0 0 0 14.1216 24.5762 4002.26 8389.2 
0.00356303659957390648 0.297053 0 177060 46.786 18.4584 16.6123 0 01 -0 0 0 0 -0 0 0 0 -0 0 0 12.8275 27.4185 435.498 2089.26 
0.00356303659957390648 0.273974 1 55710 0 18.4713 16.6239 0 0 1 0.0066041 0.0125076 -0.0187577 0 0 0 0 0 0 0 0 12.8275 27.4185 435.498 2089.26 
0.00356303659957390648 0.792841 0 282000 46.7004 18.5414 16.6871 0 01 -0 0 0 0 -0 0 0 0 -0 0 0 5.57694 19.9995 189.848 286.943 
0.00356303659957390648 0.939244 0 239587 46.862 18.4771 16.6291 0 01 0 0 0 0 0 0 0 0 0 0 0 5.58211 19.5566 313.776 313.776 
0.00356926801562641293 1.43444 0 344190 46.6096 18.4025 16.5619 0 01 -0 0 0 0 -0 0 0 0 -0 0 0 1.4543 7.13611 0 0 
0.00357238364612454855 0.618211 0 246886 46.5453 18.4975 16.6475 0 01 0 0 0 0 0 0 0 0 0 0 0 0.623833 6.93067 0 210.267 
0.00357515523380450223 0.560253 0 139943 46.444 18.4761 16.6282 0 01 0 -0 0 0 0 -0 0 0 0 -0 0 1.67581 4.43824 0 3.47339 
0.00357900313445206264 0.485087 1 335084 46.4154 18.6058 16.7451 0 0 1 -0.318111 -0.262173 3.39615 0 0 0 0 0 0 0 0 5.32974 14.9751 0 1097.74 
0.00358450058363472867 0.356595 0 144755 46.2284 18.3593 16.5229 0 01 0 -0 0 0 0 -0 0 0 0 -0 0 2.17987 8.03332 0 410.722 
0.00358769786546809036 0.170128 1 290261 0 18.4024 16.5618 0 0 2 -0.0128766 -0.00766267 -0.00708511 0 0 -0 0 0 0 -0 0 7.55209 16.9778 977.128 3499.25 
0.00358769786546809036 0.854902 0 334216 46.162 18.3869 16.5478 0 01 0 0 0 0 0 0 0 0 0 0 0 1.68604 9.31182 0 0 
0.00360928831389323084 0.141095 0 57888 3.442 18.1916 16.3718 0 01 -0 0 0 0 -0 0 0 0 -0 0 0 2.86927 8.39056 170.901 1716.78 
0.00360928831389323084 1.34006 0 351864 45.7105 18.1961 16.3759 0 01 0 -0 0 0 0 -0 0 0 0 -0 0 0 1.3513 0 0 
0.0036110627664168401 0.506856 0 194155 45.6927 18.1793 16.3607 0 01 0 0 -0 0 0 0 -0 0 0 0 -0 2.55235 7.14843 0 12.1388 
0.00361558972491725448 0.174162 0 37829 45.571 18.1474 16.332 0 01 0 0 0 0 0 0 0 0 0 0 0 3.4607 10.0876 438.028 1157.78 
0.00361558972491725448 1.03816 0 63181 45.5723 18.1487 16.3331 0 01 0 0 0 0 0 0 0 0 0 0 0 0 1.05856 0 0 
0.00361919759235755775 0.184799 0 65477 45.4948 18.1134 16.3013 0 01 0 0 0 0 0 0 0 0 0 0 0 6.03341 12.1863 48.0384 1980.77 
0.00362125027844575594 0.732384 0 146828 45.4911 18.1098 16.2981 0 01 0 0 0 0 0 0 0 0 0 0 0 0 0.726809 0 0 
0.00362806792884585354 0.338379 0 58596 45.3218 18.0297 16.2259 0 01 0 0 0 0 0 0 0 0 0 0 0 2.29812 6.93161 0 242.871 
0.00363292764342703191 0.27379 0 60170 45.2368 18.0359 16.2315 0 01 0 0 -0 0 0 0 -0 0 0 0 -0 4.01143 11.0032 0 87.4128 
0.00364522880672296266 0.566954 0 85683 44.9658 17.9121 16.1198 0 01 0 0 0 0 0 0 0 0 0 0 0 1.11388 5.05083 0 0 
0.00365067495551497099 0.773122 0 245146 44.8596 17.8793 16.0903 0 01 0 0 0 0 0 0 0 0 0 0 0 0.777241 4.67555 0 0 
0.0036671145395159358 0.10942 1 409609 0 43.0316 38.7285 0 0 2 4.55359 19.972 15.6819 0 0 0 0 0 0 0 0 10.7173 19.5301 2341.19 3907.85 
0.00367062308657900831 0.442905 0 303887 44.4687 17.7191 15.9459 0 01 0 0 0 0 0 0 0 0 0 0 0 3.87257 8.1544 0 129.159 
0.00368616792687119325 0.288101 0 120626 44.1948 17.6232 15.8596 0 01 0 0 0 0 0 0 0 0 0 0 0 4.04949 10.1486 162.124 469.003 
0.00368865045372456348 2.16471 0 361508 44.148 17.5903 15.8299 0 01 0 -0 0 0 0 -0 0 0 0 -0 0 0 2.15136 0 0 
0.00369547969404616927 0.273003 0 35366 0.118783 19.0066 17.1059 0 01 0 -0 0 0 0 -0 0 0 0 -0 0 9.24065 17.3677 635.186 913.735 
0.0037003799191765315 0.143298 1 25648 0 17.5628 15.8051 0 0 2 7.46765e-06 0.00286387 -0.0182611 0 0 0 0 0 0 0 0 0 0 0 0 
0.00370597516486804437 0.0981417 0 561955 0.127747 17.4527 15.7059 0 01 0 -0 0 0 0 -0 0 0 0 -0 0 6.97903 15.5945 786.002 4221.53 
0.0037111872660218208 1.69363 1 398883 43.7001 17.4297 15.6851 0 0 1 -0.597014 -1.91822 2.81444 0 -0 0 0 0 -0 0 0 0 1.6826 0 0 
0.0037136671992603924 0.121282 1 20900 0 17.3803 15.6406 0 0 1 0.000452915 0.00180357 -0.00271678 0 0 0 -0 0 0 0 -0 6.98571 12.8896 166.875 1827.46 
0.00371803289794456378 0.750928 0 284845 43.5769 17.3776 15.6382 0 01 0 -0 0 0 0 -0 0 0 0 -0 0 3.02218 6.79148 0 0 
0.00372153646936433744 0.451424 0 68583 1.42946 17.3658 15.6276 0 01 0 0 -0 0 0 0 -0 0 0 0 -0 5.06292 16.9736 0 33.0771 
0.00372439189698436056 0.462998 0 83883 43.4998 17.3249 15.5907 0 01 -0 0 0 0 -0 0 0 0 -0 0 0 2.30312 9.66303 0 0 
0.00372439189698436056 0.944553 0 150523 43.4831 17.3105 15.5777 0 01 0 0 0 0 0 0 0 0 0 0 0 1.87692 6.57274 0 0 
0.00372589336772477259 0.084738 1 85753 0 17.3278 15.5933 0 0 2 -0.00510661 0.0167834 -0.00317783 0 0 0 0 0 0 0 0 4.39972 11.3061 146.108 2018.89 
0.00372954629904603948 0.126766 1 94719 0 17.3162 15.5828 0 0 1 0.0198711 0.011083 0.0600268 0 0 0 0 0 0 0 0 6.89803 14.2283 2044.18 2844.2 
0.0037431930636735544 3.10095 0 393629 43.1693 17.1795 15.4597 0 01 0 0 -0 0 0 0 -0 0 0 0 -0 0 0 0 0 
0.00375237648464242513 1.78744 0 386480 42.959 17.1207 15.4067 0 01 0 0 -0 0 0 0 -0 0 0 0 -0 0 0 0 0 
0.00376097460156996945 0.491012 0 267239 42.8741 17.1491 15.4323 0 01 0 0 0 0 0 0 0 0 0 0 0 6.85534 21.0091 88.0708 151.698 
0.00376097460156996945 0.561499 0 131772 42.8596 17.1083 15.3955 0 01 0 0 0 0 0 0 0 0 0 0 0 6.21981 16.9608 0 265.692 
0.00377677632446557195 0.257053 1 170070 0 17.0457 15.3391 0 0 2 0.00390632 0.00405845 0.0110438 0 0 0 0 0 0 0 0 12.0124 23.2907 663.009 1586.99 
0.00378095442157736373 0.305748 0 68259 42.4999 16.9203 15.2261 0 01 -0 0 0 0 -0 0 0 0 -0 0 0 8.16655 19.9363 10.2348 320.469 
0.00380173004410175232 1.68669 0 197910 42.2259 16.833 15.1474 0 01 0 0 0 0 0 0 0 0 0 0 0 1.66133 8.3219 0 0 
0.00381859051841799101 2.01832 0 364519 41.8438 16.6576 14.9894 0 01 -0 0 0 0 -0 0 0 0 -0 0 0 0 1.94651 0 0 
0.00382294542680189408 0.451979 1 417192 0 36.6678 33.001 0 0 2 -8.90094 10.8167 -24.5842 0 -0 0 0 0 -0 0 0 3.21638 17.5717 138.219 277.152 
0.00383031941776985733 0.120155 0 111014 0.440837 16.5769 14.9167 0 01 0 0 0 0 0 0 0 0 0 0 0 2.69143 9.6774 197.985 1269.52 
0.00383858829377906486 0.114267 1 121054 0 16.5289 14.8734 0 0 1 0.00419047 -0.011669 0.00397105 0 0 0 0 0 0 0 0 10.3847 21.3251 2154.12 5421.35 
0.00383858829377906486 0.528847 0 4347 41.5373 16.6109 14.9473 0 01 0 0 0 0 0 0 0 0 0 0 0 12.3443 22.671 91.8732 445.447 
0.00383858829377906486 3.95411 0 399060 41.5475 16.5331 14.8772 0 01 0 0 0 0 0 0 0 0 0 0 0 0 0 0 0 
0.00384653160560948079 1.41005 0 344240 41.4003 16.5667 14.9075 0 01 0 -0 0 0 0 -0 0 0 0 -0 0 2.78358 11.1984 0 0 
0.00385094965265110264 0.175576 0 78974 41.3222 16.4451 14.7979 0 01 0 0 0 0 0 0 0 0 0 0 0 9.54631 21.7255 1922.47 5619.11 
0.00385094965265110264 2.25157 0 373672 41.3139 16.4375 14.791 0 01 0 -0 0 0 0 -0 0 0 0 -0 0 0 0 0 0 
0.00386372407426359117 1.34155 0 330060 41.0883 16.4137 14.7696 0 01 0 0 -0 0 0 0 -0 0 0 0 -0 1.34821 5.42447 0 0 
0.00386372407426359117 1.43057 0 244533 41.1435 16.4676 14.8182 0 01 0 0 0 0 0 0 0 0 0 0 0 0 8.66025 0 0 
0.00386940534383355041 0.94053 0 334260 41.0287 16.3851 14.7438 0 01 0 0 0 0 0 0 0 0 0 0 0 3.7847 10.39 194.602 194.602 
0.00387663040927658815 0.191659 0 82477 40.9632 16.3519 14.7139 0 01 0 0 -0 0 0 0 -0 0 0 0 -0 11.2204 20.6598 2032.66 5119.03 
0.00388096249899519191 0.26403 1 51605 0 16.2496 14.6218 0 0 2 0.0164669 0.000468055 -0.0190388 0 0 0 0 0 0 0 0 0 0 0 0 
0.00388277930662583827 0.334555 1 6025 0 16.2375 14.6108 0 0 1 -0.00598839 -0.0421372 0.027158 0 0 -0 0 0 0 -0 0 0.659114 3.35076 0 0 
0.00388452372240456149 1.96814 0 295464 40.7464 16.2093 14.5854 0 01 0 0 -0 0 0 0 -0 0 0 0 -0 0 0 0 0 
0.00388604153054926882 0.511323 0 284405 0.0922526 17.4525 15.7057 0 01 0 0 0 0 0 0 0 0 0 0 0 1.55449 4.12536 0 1.41732 
0.00388978997393377634 0.443816 0 122995 40.6661 16.2429 14.6157 0 01 0 0 0 0 0 0 0 0 0 0 0 0.862699 4.75308 33.437 33.437 
0.00389901721887508934 1.77858 0 605913 0.110755 16.0954 14.4828 0 01 0 0 0 0 0 0 0 0 0 0 0 0 1.78588 0 0 
0.00390376016363200556 0.918678 0 189256 40.4504 16.0885 14.4766 0 01 0 -0 0 0 0 -0 0 0 0 -0 0 0 1.82888 0 0 
0.00390424944140786061 0.0760865 0 22499 40.4457 16.1076 14.4938 0 01 0 0 -0 0 0 0 -0 0 0 0 -0 1.53996 6.41855 0 724.057 
0.00390872942312259913 0.80166 0 205163 40.3764 16.0694 14.4594 0 01 0 -0 0 0 0 -0 0 0 0 -0 0 0 1.6336 0 0 
0.00391022463585323932 0.250333 0 5284 0 16.1254 14.5099 0 01 0 0 0 0 0 0 0 0 0 0 0 0.979269 3.22102 0 15.7929 
0.00392045909786761272 1.8552 0 255934 40.1963 15.9973 14.3944 0 01 0 0 0 0 0 0 0 0 0 0 0 0 1.88304 0 0 
0.00393265989087175898 0.794378 0 207965 40.0184 15.9226 14.3271 0 01 0 0 0 0 0 0 0 0 0 0 0 1.55957 4.70474 0 1.01607 
0.00393403879807808794 2.42353 0 340616 39.9961 15.9075 14.3135 0 01 0 0 0 0 0 0 0 0 0 0 0 0 0 0 0 
0.00393560859305093491 0.102602 1 459541 0 281.525 253.373 0 0 2 0.000104392 0.00701537 -0.00347316 0 0 0 0 0 0 0 0 2.45776 5.13355 0 582.425 
0.00394076634877139724 0.531611 0 195207 39.8973 15.8807 14.2894 0 01 0 0 -0 0 0 0 -0 0 0 0 -0 1.09512 3.26746 0 0 
0.00394799037463308081 0.648179 0 234722 39.7889 15.8623 14.2728 0 01 0 0 0 0 0 0 0 0 0 0 0 1.26473 3.20508 0 0 
0.00395226629754665774 0.749277 0 219847 39.7453 15.8552 14.2664 0 01 0 0 0 0 0 0 0 0 0 0 0 1.50713 7.58398 0 69.5595 
0.00395850710447123548 0.380074 0 185827 39.6373 15.8422 14.2546 0 01 -0 0 0 0 -0 0 0 0 -0 0 0 1.47221 4.42847 0 0 
0.00396235953741375015 0.383847 0 264494 39.589 15.8389 14.2517 0 01 0 0 -0 0 0 0 -0 0 0 0 -0 2.18132 5.90381 0 239.899 
0.00396521321609507194 0.892326 0 191234 39.5368 15.8065 14.2225 0 01 0 0 0 0 0 0 0 0 0 0 0 0 0.895303 0 0 
0.00397698140417450125 0.631359 0 50618 39.3718 15.7488 14.1705 0 01 0 0 0 0 0 0 0 0 0 0 0 1.27345 1.27345 0 27.4357 
0.00397972414295678662 0.806678 0 398460 39.3299 15.7084 14.1341 0 01 0 0 0 0 0 0 0 0 0 0 0 0.822872 4.06016 0 0 
0.00397972414295678662 1.99664 0 246436 39.3317 15.7101 14.1356 0 01 0 -0 0 0 0 -0 0 0 0 -0 0 0 0 0 0 
0.00398061713424717988 0.15475 1 7823 0 15.6984 14.1252 0 0 1 0.00270937 0.000733725 0.0062729 0 0 0 0 0 0 0 0 0 0 0 0 
0.00398223641699933968 0.246369 0 209143 39.2928 15.6763 14.1052 0 01 0 0 0 0 0 0 0 0 0 0 0 1.88708 5.28153 0 55.8006 
0.00399678841711816925 0.544623 0 36465 39.0862 15.6148 14.0498 0 01 0 0 -0 0 0 0 -0 0 0 0 -0 1.62219 2.70378 0 0 
0.0040051309701214996 1.07352 0 222067 38.9746 15.5154 13.9603 0 01 0 0 0 0 0 0 0 0 0 0 0 1.05468 2.11501 0 22.9621 
0.00401798489624566151 0.245095 0 170525 38.7956 15.4788 13.9273 0 01 -0 0 0 0 -0 0 0 0 -0 0 0 1.5257 4.41795 0 1.78621 
0.00402619563039613611 0.332499 0 70798 38.6921 15.4181 13.8726 0 01 -0 0 0 0 -0 0 0 0 -0 0 0 2.38021 8.82722 0 142.698 
0.00403299028432199929 1.06297 1 415237 51.6693 32.5159 29.2644 0 0 2 5.81528 -29.5519 4.08416 0 0 0 0 0 0 0 0 0 0 0 0 
0.00403393364106806145 0.787417 0 167586 38.5806 15.4179 13.8724 0 01 0 0 0 0 0 0 0 0 0 0 0 0 0 0 0 
0.00403628882825070832 0.254666 1 443355 0 15.454 13.905 0 0 2 -0.0039137 -0.0118191 0.00718083 0 0 0 0 0 0 0 0 2.6332 8.35032 65.9446 735.313 
0.00403957274827015413 0.830936 0 303045 38.5069 15.3406 13.8028 0 01 0 0 0 0 0 0 0 0 0 0 0 2.51561 10.1101 0 0 
0.00404287517654241917 0.245874 0 303941 38.4651 15.2994 13.7656 0 01 0 0 0 0 0 0 0 0 0 0 0 1.3734 8.36311 159.097 189.738 
0.00404391850076008582 1.39952 0 292985 38.4492 15.3219 13.786 0 01 0 0 0 0 0 0 0 0 0 0 0 0 0 0 0 
0.00404678124993246898 1.67907 0 307821 38.4061 15.3355 13.7982 0 01 0 0 -0 0 0 0 -0 0 0 0 -0 0 3.35863 0 0 
0.00404844764757387402 0.427198 0 79197 38.3837 15.3302 13.7935 0 01 0 0 0 0 0 0 0 0 0 0 0 0 2.6068 0 0 
0.00405433715479246518 0.985542 0 159247 38.304 15.2363 13.7089 0 01 0 0 0 0 0 0 0 0 0 0 0 0.988687 0.988687 0 0 
0.00406077047471531914 0.151977 0 261297 38.2168 15.2642 13.734 0 01 0 0 0 0 0 0 0 0 0 0 0 2.61786 7.01825 0 2708.43 
0.00406158551286656729 0.4651 0 36799 0.186786 17.1717 15.4526 0 01 0 0 0 0 0 0 0 0 0 0 0 0 0.475907 0 0 
0.00406320581309071484 0.960408 0 383571 38.192 15.2313 13.7043 0 01 0 0 0 0 0 0 0 0 0 0 0 0 0 0 0 
0.00407605273816118944 0.41344 0 299694 38.0255 15.1092 13.5943 0 01 0 0 0 0 0 0 0 0 0 0 0 0 0 0 0 
0.00408723212264640139 2.51433 0 393305 37.8849 15.1367 13.6191 0 01 0 0 0 0 0 0 0 0 0 0 0 0 0 0 0 
0.00408723212264640139 3.35243 0 372622 37.8862 15.0847 13.5723 0 01 -0 0 0 0 -0 0 0 0 -0 0 0 0 0 0 0 
0.00410261929086808055 0.168682 1 159486 0 14.9662 13.4655 0 0 1 -1.23324 1.04818 1.67735 0 0 0 0 0 0 0 0 2.143 5.73361 135.397 866.774 
0.00410261929086808055 0.333925 0 87721 37.6852 15.0611 13.551 0 01 0 0 0 0 0 0 0 0 0 0 0 0 0 0 0 
0.00411935799037010941 2.46407 0 389515 37.471 14.8848 13.3922 0 01 0 0 0 0 0 0 0 0 0 0 0 0 0 0 0 
0.0041202724704843003 0.823797 0 296006 37.4654 14.8791 13.3871 0 01 0 -0 0 0 0 -0 0 0 0 -0 0 1.6445 3.26371 0 148.952 
0.00412755336847060901 2.00065 0 323235 37.3721 14.8734 13.3819 0 01 0 -0 0 0 0 -0 0 0 0 -0 0 0 1.97501 0 0 
0.00413977276827680492 0.135492 0 220037 37.2213 14.8383 13.3503 0 01 0 0 0 0 0 0 0 0 0 0 0 0.749468 3.53639 0 2760.15 
0.00415030540962278097 0.450397 0 270802 37.0947 14.951 13.4518 0 01 0 0 0 0 0 0 0 0 0 0 0 1.34836 3.56275 0 0 
0.00415272625540059111 1.39502 0 258580 37.0631 14.8868 13.394 0 01 -0 0 0 0 -0 0 0 0 -0 0 0 1.42444 1.42444 0 0 
0.00415474443749886194 0.410264 0 32995 0.321615 14.8921 13.3988 0 01 0 0 -0 0 0 0 -0 0 0 0 -0 0 0 0 0 
0.00415729122066186771 0.275802 0 162583 0.779355 14.9477 13.4488 0 01 0 0 0 0 0 0 0 0 0 0 0 0.592322 1.7776 0 0 
0.00416444479762686191 0.21805 0 24007 36.9311 15.0183 13.5125 0 01 0 0 0 0 0 0 0 0 0 0 0 3.25931 11.1158 85.7416 214.102 
0.00416444479762686191 0.282672 0 169315 0 15.0192 13.5133 0 01 0 0 0 0 0 0 0 0 0 0 0 1.83644 5.38882 0 255.924 
0.00416966479130124416 0.126709 0 144496 36.8656 14.9862 13.4835 0 01 -0 0 0 0 -0 0 0 0 -0 0 0 0.707048 3.31862 0 491.169 
0.00417510508746138029 0.121064 0 62469 0.0920072 14.9808 13.4786 0 01 0 0 0 0 0 0 0 0 0 0 0 0 0 0 0 
0.00417969306039923678 0.23518 0 149543 36.7563 14.9791 13.4771 0 01 0 0 0 0 0 0 0 0 0 0 0 1.73868 4.5189 9.70472 9.70472 
0.00418559954050503214 0.355496 0 58537 0.666247 14.9709 13.4698 0 01 0 -0 0 0 0 -0 0 0 0 -0 0 0 0 0 0 
0.0041918622518045635 2.56522 0 201617 36.6365 36.521 13.8277 0 01 0 0 -0 0 0 0 -0 0 0 0 -0 0 0 0 0 
0.00420496983840541651 0.607453 0 143944 36.4785 36.3643 17.1828 0 01 0 0 0 0 0 0 0 0 0 0 0 0 0 0 0 
0.00420874409897510279 0.603121 0 287422 36.441 36.3271 17.9983 0 01 0 0 0 0 0 0 0 0 0 0 0 0 1.19021 0 0 
0.00421669383838473369 0.378768 0 244983 36.3481 36.235 19.8968 0 01 0 0 0 0 0 0 0 0 0 0 0 1.48657 6.01091 0 44.4048 
0.00424181217576831589 2.23806 1 394698 35.9761 14.6553 13.1486 0 0 1 6.77773 -35.4632 -18.6413 0 0 -0 0 0 0 -0 0 0 0 0 0 
0.00424803586229912343 0.426224 0 198841 35.9894 35.8793 27.5392 0 01 0 0 0 0 0 0 0 0 0 0 0 0.894067 7.42912 0 0 
0.00424892380304800997 0.136026 1 128347 0 14.6188 13.0618 0 0 1 -35.5705 -6.46371 31.2243 0 0 0 0 0 0 0 0 3.77038 9.34097 1314.65 2096.82 
0.00425160338376319794 0.797443 0 211996 35.9461 35.8363 28.5106 0 01 -0 0 0 0 -0 0 0 0 -0 0 0 0 0 0 0 
0.00425553170375602818 0.120013 1 8274 0 35.7994 29.3178 0 0 1 0.0244015 0.0194002 0.0255363 0 0 0 0 0 0 0 0 4.431 12.0074 3027.12 5698.42 
0.00425749012375493084 0.67647 0 52396 35.881 35.7717 29.8896 0 01 0 0 0 0 0 0 0 0 0 0 0 0.678705 1.34791 0 7.6937 
0.00425799877781341332 1.81207 0 246660 35.8723 35.7631 30.0418 0 01 0 0 0 0 0 0 0 0 0 0 0 0 0 0 0 
0.00426149478800877217 0.779532 0 242731 35.8408 35.7319 29.8887 0 01 0 0 0 0 0 0 0 0 0 0 0 1.53104 3.85238 0 0 
0.00426395598683678313 0.494232 0 186579 35.8192 35.7105 29.904 0 01 0 0 0 0 0 0 0 0 0 0 0 0.997748 5.01895 0 0 
0.00426576782145220244 1.7249 0 393168 35.7896 35.681 30.0033 0 01 0 -0 0 0 0 -0 0 0 0 -0 0 0 0 0 0 
0.00427276164232220663 0.265915 1 403854 0 29.4195 26.4776 0 0 2 25.488 -19.7434 1.02094 0 0 -0 0 0 0 -0 0 1.94386 7.14941 0 561.81 
0.00427276164232220663 0.50804 0 90793 35.7125 35.6046 29.8179 0 01 0 0 0 0 0 0 0 0 0 0 0 1.98807 3.49105 244.434 244.434 
0.00427549180105370272 0.401944 0 102873 35.6821 35.5744 29.9562 0 01 0 -0 0 0 0 -0 0 0 0 -0 0 1.21919 6.95438 0 314.757 
0.00428371554151551082 0.759873 0 382096 35.6012 35.4942 29.7786 0 01 0 0 0 0 0 0 0 0 0 0 0 0.778385 3.06344 68.0657 68.0657 
0.00429172192894619522 0.605309 0 319276 35.5055 35.3993 29.7989 0 01 0 -0 0 0 0 -0 0 0 0 -0 0 0 1.2006 0 0 
0.00431151873868038018 1.5926 0 310669 35.289 35.1845 29.7709 0 01 0 -0 0 0 0 -0 0 0 0 -0 0 0 1.55821 0 0 
0.00431277195415322601 0.103483 0 87366 35.2759 35.1715 29.707 0 01 0 0 -0 0 0 0 -0 0 0 0 -0 1.47487 4.17951 0 0 
0.00431277195415322601 0.284092 0 57393 0.0894689 35.1697 29.6727 0 01 0 0 0 0 0 0 0 0 0 0 0 0.912491 5.1232 0 0 
0.00431277195415322601 0.314879 1 191220 0 35.1698 29.6746 0 0 2 0.0026149 0.00875198 0.00556531 0 0 0 0 0 0 0 0 0.912491 5.1232 0 0 
0.00431499688681217641 1.10387 0 218673 35.2491 35.1449 29.7501 0 01 -0 0 0 0 -0 0 0 0 -0 0 0 2.23872 5.55147 0 162.73 
0.00431499688681217641 1.2984 1 210830 35.1696 14.2898 12.3007 0 0 1 10.9965 -0.0638452 -52.4464 0 0 0 0 0 0 0 0 0 1.2715 0 0 
0.00432040682433456648 0.688336 0 196116 35.192 35.0883 29.6385 0 01 0 0 0 0 0 0 0 0 0 0 0 2.11031 2.80574 85.6089 248.536 
0.00432040682433456648 2.72705 0 316784 35.195 35.0912 29.6083 0 01 0 0 0 0 0 0 0 0 0 0 0 0 0 0 0 
0.00432450387793186647 1.98921 0 302817 35.1486 35.0453 29.6637 0 01 -0 0 0 0 -0 0 0 0 -0 0 0 0 1.99756 0 0 
0.00432815174022528441 0.250991 0 567898 0.100553 36.8075 33.1267 0 01 0 -0 0 0 0 -0 0 0 0 -0 0 1.46795 4.17522 0 141.668 
0.00434995904607623097 0.792668 0 165929 34.8882 34.7869 29.5237 0 01 -0 0 0 0 -0 0 0 0 -0 0 0 1.57816 4.75637 79.6057 79.6057 
0.00435345935071418996 1.85493 0 380007 34.8455 34.7445 29.4552 0 01 0 0 0 0 0 0 0 0 0 0 0 0 0 0 0 
0.00435417554121560798 1.96427 0 377351 34.8394 34.7384 29.4657 0 01 0 0 0 0 0 0 0 0 0 0 0 0 0 0 0 
0.00435488618765937554 0.507464 0 134648 34.8295 34.7286 29.4855 0 01 0 0 0 0 0 0 0 0 0 0 0 0 1.00709 0 0 
0.00435912660828815472 0.190368 0 137507 34.7929 34.6923 29.5228 0 01 0 0 -0 0 0 0 -0 0 0 0 -0 0 0 0 0 
0.00438274303873121152 1.10556 0 296138 34.5542 34.4555 29.3758 0 01 0 0 0 0 0 0 0 0 0 0 0 0 3.31547 0 0 
0.00438573955630704171 1.25266 0 330567 34.5159 34.4175 29.312 0 01 0 0 0 0 0 0 0 0 0 0 0 0 1.25737 0 0 
0.00438594957825621124 1.4057 0 215195 34.5123 34.4139 29.3959 0 01 0 -0 0 0 0 -0 0 0 0 -0 0 0 1.39789 0 0 
0.00439459281609439877 0.327146 0 43247 0.0869219 34.3273 29.2515 0 01 0 0 0 0 0 0 0 0 0 0 0 0.348866 2.34304 22.8261 22.8261 
0.00439526601843664468 0.27508 1 38744 0 34.3217 29.2999 0 0 1 -0.000164993 -0.00315681 -0.00814044 0 0 -0 0 0 0 -0 0 0.475732 1.94463 0 0 
0.00440257006223252444 0.0688309 0 71669 34.3464 34.2493 29.2062 0 01 0 0 0 0 0 0 0 0 0 0 0 1.38286 4.673 0 3370.42 
0.00440418463658156546 0.982035 0 213781 34.3295 34.2325 29.2174 0 01 0 0 0 0 0 0 0 0 0 0 0 0 0.977404 0 0 
0.00443439596667220826 0.696779 0 386821 34.0314 33.9367 29.0611 0 01 0 0 0 0 0 0 0 0 0 0 0 0.689336 1.38234 0 0 
0.00444007901586642058 0.437124 0 306675 33.9768 33.8825 29.0343 0 01 0 0 0 0 0 0 0 0 0 0 0 0.438124 2.20917 0 0 
0.00444263391433829483 0.173956 0 202678 33.9515 33.8574 29.0977 0 01 0 0 0 0 0 0 0 0 0 0 0 0 0 0 0 
0.00445184811452567757 1.00515 0 334345 33.8645 33.7711 29.0636 0 01 0 0 0 0 0 0 0 0 0 0 0 1.02552 3.05752 0 0 
0.00445184811452567757 1.30744 0 272267 33.8736 33.7801 29.0284 0 01 0 0 0 0 0 0 0 0 0 0 0 1.30361 2.59021 0 61.3069 
0.00445638443894864292 0.151682 0 237905 0.378124 33.7278 28.9738 0 01 0 0 0 0 0 0 0 0 0 0 0 0 0 0 0 
0.00448039582780294671 0.680054 0 284133 36.9321 14.8427 13.3542 0 01 0 0 0 0 0 0 0 0 0 0 0 0.67271 4.03691 0 0 
0.0044878875280073725 1.35009 0 363058 33.527 33.4361 28.9736 0 01 0 0 0 0 0 0 0 0 0 0 0 0 2.65179 0 0 
0.00449176352162273477 1.41972 0 221647 33.4925 33.4018 28.8358 0 01 0 0 0 0 0 0 0 0 0 0 0 0 2.86909 0 0 
0.0044986674464821963 0.24389 0 17420 33.4215 33.3314 28.8069 0 01 0 0 0 0 0 0 0 0 0 0 0 2.22305 6.38487 59.5845 404.174 
0.00450437933793127257 0.293128 0 195542 33.3682 33.2785 28.811 0 01 0 -0 0 0 0 -0 0 0 0 -0 0 0.880448 2.69024 484.668 623.708 
0.0045253150161383808 0.64797 0 149405 33.1739 33.0856 28.6916 0 01 0 0 0 0 0 0 0 0 0 0 0 0 1.31444 0 0 
0.00452957610752877885 0.317113 0 140577 33.135 33.0471 28.7672 0 01 0 0 0 0 0 0 0 0 0 0 0 0.296619 2.61775 0 0 
0.00453337564492532329 1.90782 0 378323 33.1048 33.017 28.7315 0 01 0 0 0 0 0 0 0 0 0 0 0 0 0 0 0 
0.00453592379051010516 0.799766 0 342636 33.0787 32.9912 28.6545 0 01 0 0 -0 0 0 0 -0 0 0 0 -0 0 0.800425 0 0 
0.00453858295517976015 0.0607197 0 138555 33.057 32.9696 28.6635 0 01 0 0 0 0 0 0 0 0 0 0 0 2.90453 7.25376 2656.77 3105.8 
0.00455077619349912241 0.774996 0 224265 32.946 32.8594 28.6353 0 01 0 0 0 0 0 0 0 0 0 0 0 0 0 0 0 
0.00456679168933756072 2.68497 0 362838 32.8024 32.7169 28.5089 0 01 0 0 0 0 0 0 0 0 0 0 0 0 0 0 0 
0.00456912411315583272 0.981172 0 296592 32.7839 32.6985 28.5045 0 01 0 0 0 0 0 0 0 0 0 0 0 1.00072 1.99258 0 0 
0.0045710189218896996 0.19039 0 41308 32.768 32.6827 28.5903 0 01 0 0 0 0 0 0 0 0 0 0 0 0 0 0 0 
0.00458152223588758831 0.426372 0 236025 32.6713 32.5867 28.4463 0 01 0 0 -0 0 0 0 -0 0 0 0 -0 0 0.409892 0 0 
0.00459365421862576069 1.13684 0 316050 32.5693 32.4854 28.2903 0 3.284021 -2.54567 -2.05993 -0.247017 0 0 0 -0 0 0 0 -0 2.28184 4.57906 0 0 
0.00460390276119709493 0.845353 0 213632 32.4818 32.3986 27.9959 0 3.123051 -2.84398 -1.02007 0.790397 0 0 -0 0 0 0 -0 0 0.866281 0.866281 0 0 
0.00460726843329555859 0.331023 0 30052 32.4488 32.3658 27.9328 0 8.949181 -8.92493 -0.328283 0.570636 0 0 -0 0 0 0 -0 0 0 2.72577 0 0 
0.00460726843329555859 1.64464 0 350599 32.4505 32.3675 27.9733 0 3.818491 -1.68197 -3.42762 0.0571439 0 -0 0 0 0 -0 0 0 0 0 0 0 
0.00462007896563165765 0.300738 0 223846 32.3411 32.2589 27.6105 0 13.95271 -9.35602 -1.54665 10.2348 0 0 -0 0 0 0 -0 0 0 0 0 0 
0.00462391548239914334 0.788391 0 107151 32.3059 32.2239 27.5459 0 8.365821 8.17023 0.189936 -1.78834 0 0 0 -0 0 0 0 -0 2.40626 4.79317 0 0 
0.00462759878735014701 0.442496 0 176355 32.2815 32.1997 27.4466 0 12.38681 12.3818 0.301062 0.180749 0 0 0 0 0 0 0 0 1.3357 5.32516 128.984 128.984 
0.00463480784747625878 0.22669 0 175769 0.152419 32.1358 27.2942 0 13.23091 -13.1108 1.1398 1.36543 0 -0 0 0 0 -0 0 0 3.34406 7.38906 86.9349 804.981 
0.00464618290892864719 0.161393 0 121925 32.1195 32.0388 26.9279 0 19.1871 19.0678 -2.02583 0.674824 0 0 0 0 0 0 0 0 0 0 0 0 
0.00465812212066257173 1.69745 0 276444 32.0268 31.9468 26.6691 0 9.595451 -9.58285 -0.293793 0.394134 0 -0 0 0 0 -0 0 0 0 0 0 0 
0.00466176942511528809 0.382889 0 139792 31.9889 31.9091 26.6121 0 37.94811 -14.4051 -35.079 -1.42018 0 -0 0 0 0 -0 0 0 2.24465 4.86565 0 67.3453 
0.00467871904451571102 0.82118 0 370212 31.8537 31.7749 26.1564 0 13.87021 2.89716 -12.2251 -5.87664 0 0 0 -0 0 0 0 -0 0 0 0 0 
0.00471065121696001652 1.36369 0 194863 31.5906 31.5136 25.3656 0 71.99761 -30.3338 -24.3046 60.6036 0 0 0 0 0 0 0 0 0 1.38699 0 0 
0.00471634043167347417 0.199732 0 109173 31.5459 31.4692 25.2282 0 25.32911 23.373 7.73426 -5.95379 0 0 0 -0 0 0 0 -0 1.38948 4.72285 160.468 633.024 
0.00471782128969466547 0.360055 0 334776 31.5332 31.4566 25.189 0 36.45531 -29.6473 -4.68731 20.6896 0 -0 0 0 0 -0 0 0 1.03198 3.45976 2.37 3.64689 
0.00472267419956539161 0.0725036 0 15422 31.4974 31.421 25.0787 0 23.60851 22.9023 0.293003 -5.72338 0 0 0 -0 0 0 0 -0 0 0 0 0 
0.00472349986949009183 0.631904 0 291088 31.4867 31.4104 25.0458 0 70.37351 -23.7808 -1.57657 66.215 0 0 0 0 0 0 0 0 0.625275 1.89196 0 37.2148 
0.00472552528592301482 0.0614569 0 55686 0.138756 31.3951 24.9984 0 75.61081 73.9216 13.3639 8.60233 0 0 0 0 0 0 0 0 3.02655 9.69127 3555.7 4290.31 
0.00474439367838735884 0.342754 1 0 0 12.531 8.87083 0 0 1 -35.8131 33.0654 38.3548 1 -51.6173 -60.6879 30.6972 0 0 -0 0 0.351082 1.75341 0 63.5652 
0.0047462101489882183 0.0451812 0 201977 31.3105 31.2354 24.5084 0 21.65561 -19.0286 4.20756 9.44331 0 0 0 0 0 0 0 0 2.85818 9.33538 760.479 1198.01 
0.00474919851452872827 0.810243 0 208370 31.2844 31.2095 24.429 0 85.93151 -26.6231 36.1179 73.2866 0 0 0 0 0 0 0 0 0 2.40848 0 0 
0.00475472069317781337 0.333684 0 67849 31.2414 31.1668 24.2968 0 32.93031 21.4819 -22.9615 -9.78262 0 0 0 -0 0 0 0 -0 0.335673 2.42786 74.8561 74.8561 
0.00475588548776058849 0.511515 0 184947 31.2345 31.1599 24.2756 0 29.83821 6.43075 -26.111 12.9298 0 0 0 0 0 0 0 0 1.99306 3.97061 0 17.4009 
0.00475588548776058849 1.00631 0 66897 31.2341 31.1596 24.2745 0 62.81711 22.7436 10.1674 57.6658 0 0 0 0 0 0 0 0 0 0 0 0 
0.00478121079826170688 0.517274 0 300179 31.0381 30.9649 23.6832 0 42.2721 -41.1598 -0.059703 9.63266 0 -0 0 0 0 -0 0 0 1.05047 3.72472 74.4486 74.4486 
0.00479354269059489597 1.45783 0 304523 30.9467 30.8741 23.4102 0 83.5191 -59.0699 -58.2384 9.71902 0 0 0 0 0 0 0 0 0 1.46602 0 0 
0.00480020739456647923 0.617354 0 30458 30.8936 30.8214 23.2527 0 77.09571 36.1618 0.31288 -68.088 0 0 0 0 0 0 0 0 0 1.20918 0 0 
0.0048089439523349856 0.251688 0 86848 30.8252 30.7534 23.0508 0 42.57391 32.613 25.5315 -9.85271 0 0 0 0 0 0 0 0 0 1.22464 0 0 
0.0048134249760751896 0.287127 0 52314 30.7935 30.7219 22.9575 0 87.5351 -83.997 -24.2546 -4.31296 0 0 -0 0 0 0 -0 0 0 0 0 0 
0.0048134249760751896 0.514847 0 79775 30.7969 30.7253 22.9672 0 29.68531 -28.8905 -1.38226 6.68179 0 0 0 0 0 0 0 0 1.51798 3.0348 0 0 
0.00481563787929380639 0.326671 0 69754 30.7762 30.7047 22.9064 0 41.1191 15.1438 -35.4317 -14.3537 0 0 -0 0 0 0 -0 0 1.69728 4.10002 83.6226 83.6226 
0.00481841089918310164 0.540244 0 177987 30.7625 30.6911 22.8664 0 32.6131 20.9096 9.72327 23.0621 0 0 0 0 0 0 0 0 0.522933 5.31039 0 0 
0.00482638773145324662 0.274174 0 59481 30.6952 30.6242 22.6696 0 120.2551 115.507 -24.7587 22.5035 0 0 0 0 0 0 0 0 0.994799 4.516 0 9.08961 
0.00482881651017245429 1.21107 0 194475 30.6804 30.6095 22.6265 0 61.52091 -52.6414 31.1563 6.55696 0 0 0 0 0 0 0 0 1.21328 2.44282 0 0 
0.00483113656643747828 0.600851 0 26774 30.6602 30.5895 22.5682 0 64.51011 -62.7468 -10.2365 -10.9365 0 -0 0 0 0 -0 0 0 0.616899 2.43974 0 0 
0.00483495953206678885 0.745276 0 169885 30.6318 30.5612 22.4853 0 124.5341 -112.389 -50.4333 18.273 0 0 -0 0 0 0 -0 0 0 2.28334 0 0 
0.00484053563037176865 2.11255 0 253960 30.5912 30.5209 22.3679 0 86.17641 34.6807 -29.357 73.2243 0 0 0 0 0 0 0 0 0 0 0 0 
0.00484337350029580543 0.187543 0 425553 0.0942246 37.576 33.8184 0 01 0 -0 0 0 0 -0 0 0 0 -0 0 0 0 0 0 
0.0048442516767013416 0.275644 0 132704 30.5626 30.4925 22.2852 0 77.26411 -49.1483 33.4139 49.3731 0 0 0 0 0 0 0 0 1.71803 3.51911 0 118.527 
0.0048503975589062609 0.42311 0 19678 30.5204 30.4506 22.164 0 142.1151 141.723 8.76792 5.8558 0 0 0 0 0 0 0 0 1.67052 5.05829 192.238 192.238 
0.00485369737484873075 1.54253 0 304139 30.4969 30.4272 22.0968 0 87.74041 69.2236 -8.16299 53.2901 0 0 0 0 0 0 0 0 0 0 0 0 
0.00486394919227446133 2.75738 0 357743 30.4199 30.3507 21.8766 0 84.54731 -67.8626 -50.18 -4.98839 0 0 0 -0 0 0 0 -0 0 0 0 0 
0.00486460026329806495 0.833163 0 263588 30.416 30.3468 21.8658 0 53.74821 8.67244 -47.37 23.8693 0 0 0 0 0 0 0 0 0.835778 4.99931 0 0 
0.00486849339351940781 0.420686 0 89901 30.3874 30.3185 21.7844 0 96.74561 94.5193 -11.5287 17.1142 0 0 0 0 0 0 0 0 0.835502 3.3391 0 89.7436 
0.00487112064789383369 0.776145 0 325015 30.3703 30.3015 21.7359 0 72.84751 -15.1323 -50.9418 -49.8267 0 0 0 0 0 0 0 0 0 1.57378 0 0 
0.00488375624292418029 0.106573 1 415520 0 16.1881 14.5663 0 0 2 -0.0144657 0.665663 2.03685 0 0 0 0 0 0 0 0 2.88668 7.36179 0 2036.1 
0.00488528011772221878 0.535383 0 71493 30.2655 30.1973 21.4395 0 74.17981 -49.2764 -28.0589 -47.8244 0 -0 0 0 0 -0 0 0 0 0.533763 0 0 
0.00490598464330476661 1.23795 0 183892 30.1223 30.0551 21.0395 0 139.1511 125.378 35.7206 -48.6557 0 0 0 -0 0 0 0 -0 0 0 0 0 
0.00490851929805232075 0.85608 0 291911 30.1002 30.0331 20.9786 0 53.39941 -43.3901 -17.4648 -25.7639 0 0 -0 0 0 0 -0 0 0 0.850457 0 0 
0.00491691118057791931 0.438325 0 43108 30.0418 29.9751 20.8169 0 121.7371 -61.3545 -24.2313 102.315 0 0 0 0 0 0 0 0 1.7742 5.79816 0 0 
0.00491900617965490474 0.497085 0 27397 30.0313 29.9646 20.7878 0 48.86271 -42.8921 4.30435 -23.0067 0 0 0 -0 0 0 0 -0 0.505088 3.5539 0 124.07 
0.00491941144529476748 0.693473 0 154589 30.0242 29.9577 20.7683 0 45.38051 44.3896 -8.88518 3.16288 0 0 0 0 0 0 0 0 0 0.679669 0 0 
0.004924936915111644 2.15465 0 387995 29.9841 29.9178 20.6578 0 92.92351 -71.335 -51.4165 30.0407 0 0 0 0 0 0 0 0 0 0 0 0 
0.00494439576357606683 0.210052 0 129259 29.8493 29.7838 20.2899 0 39.91831 -10.7931 33.142 -19.4574 0 0 0 0 0 0 0 0 0 0 0 0 
0.00495114131584352846 0.650764 0 292369 29.8038 29.7386 20.1665 0 193.5241 -79.5094 -136.548 111.733 0 0 0 0 0 0 0 0 1.9764 3.29293 0 0 
0.00495474190960684679 0.879971 0 271389 29.7789 29.7139 20.0996 0 64.08331 57.5865 26.0141 10.6644 0 0 0 0 0 0 0 0 0.885278 2.67748 0 0 
0.00495870110153528131 0.73734 1 0 0 29.6854 20.0218 0 0 1 20.8199 -86.8011 4.05086 1 -0.0409146 -91.3707 12.7538 0 0 0 0 0 0 0 0 
0.00496928796910844125 1.38131 0 48688 29.678 29.6136 19.8279 0 114.8531 -25.5309 80.022 -78.3312 0 0 0 0 0 0 0 0 1.40827 2.79342 0 0 
0.00497173083618931977 0.941142 0 274730 29.6653 29.601 19.7938 0 164.5211 -162.052 18.2726 -21.7357 0 -0 0 0 0 -0 0 0 0 0.936779 0 0 
0.00497316187186802681 2.25401 0 367285 29.6525 29.5882 19.7594 0 115.3621 107.64 -37.6825 17.379 0 0 -0 0 0 0 -0 0 0 2.249 0 0 
0.00497428256376687694 0.491071 0 293121 29.6463 29.5821 19.7434 0 33.22841 30.0525 -14.0486 1.89966 0 0 0 0 0 0 0 0 0.977155 1.94138 0 0 
0.00498482253222342405 1.36595 0 289599 29.5754 29.5117 19.5546 0 86.72261 3.2855 -85.8386 11.9059 0 0 0 0 0 0 0 0 0 0 0 0 
0.00498846482690818317 1.53093 0 360776 29.5502 29.4866 19.4877 0 122.4291 -13.1895 -121.375 -9.12036 0 0 0 0 0 0 0 0 0 1.53955 0 0 
0.00500430234003598675 0.174489 0 153147 29.442 29.3791 19.2026 0 89.82221 -67.8679 -56.5161 -16.3681 0 0 -0 0 0 0 -0 0 0 0 0 0 
0.00500518742412194538 2.04989 0 366867 29.4376 29.3747 19.1913 0 70.92941 69.6408 -8.44865 -10.4767 0 0 0 -0 0 0 0 -0 0 0 0 0 
0.00500575064852105869 1.2576 0 392518 29.4353 29.3725 19.1852 0 135.0861 -129.171 39.5341 -0.472298 0 -0 0 0 0 -0 0 0 0 1.26893 0 0 
0.00500698525192207634 1.51162 1 0 29.3675 11.6891 7.60978 0 0 1 66.8097 -0.38599 -30.4714 1 -14.1832 91.8557 -81.5814 0 0 0 0 0 1.50646 0 0 
0.00502832870824770125 0.805802 0 152125 29.2841 29.2221 18.7914 0 193.041 -9.28671 60.0605 -183.224 0 0 0 0 0 0 0 0 0.827745 5.69289 0 0 
0.00503769836637237359 0.415062 0 335816 29.2236 29.162 18.6353 0 146.9991 46.6609 7.96687 -139.169 0 0 0 0 0 0 0 0 0 0.420219 0 0 
0.00504058328975952839 0.550538 0 313243 29.2039 29.1425 18.5851 0 150.8671 64.1529 131.6 36.4256 0 0 0 0 0 0 0 0 1.06808 4.84753 0 0 
0.00504410204912809652 0.487145 1 0 29.1241 11.5812 7.46605 0 0 1 -26.6925 5.24954 67.2868 1 81.7386 -60.3534 39.4471 0 0 0 0 0.472004 1.91577 0 0 
0.00505263133614274398 0.145544 0 19650 0.44129 29.0635 18.3814 0 143.0961 17.3278 140.776 -18.9256 0 0 0 0 0 0 0 0 0 0 0 0 
0.00505616563133246075 0.0982693 0 6292 29.1038 29.043 18.3288 0 34.45441 -32.7152 0.681836 -10.7869 0 -0 0 0 0 -0 0 0 2.76824 7.89533 1.41378 2734.28 
0.0050621401490870549 2.37902 0 353010 29.0679 29.0073 18.2375 0 184.1941 79.5177 150.384 -70.6319 0 0 0 -0 0 0 0 -0 0 0 0 0 
0.00506570590920713947 0.100463 0 54359 0.147647 29.8762 20.5438 0 60.38131 -40.5386 1.36984 44.7286 0 -0 0 0 0 -0 0 0 6.85632 14.5038 166.147 1306.97 
0.00506570590920713947 3.14923 0 387605 29.0408 28.9804 18.169 0 72.64621 15.8894 -8.41113 70.3865 0 0 0 0 0 0 0 0 0 3.09178 0 0 
0.00506948478531262306 0.28014 0 185079 0.166825 28.9651 18.1301 0 168.1191 -156.818 4.60379 60.4214 0 -0 0 0 0 -0 0 0 1.78516 6.10496 0 323.026 
0.00507150710859372456 0.236977 0 261741 29.0085 28.9482 18.0871 0 54.63571 35.2018 5.8667 41.37 0 0 0 0 0 0 0 0 4.65364 10.0478 350.856 779.48 
0.00507440475427612704 0.176387 0 201415 28.9879 28.9278 18.0354 0 166.1541 40.3131 -104.898 -122.387 0 0 -0 0 0 0 -0 0 0 0 0 0 
0.00508353777750251631 0.726733 0 179360 28.9337 28.8739 17.8994 0 137.6861 -112.429 -72.6974 -32.1287 0 0 0 0 0 0 0 0 1.43726 5.03595 0 0 
0.00509402297885436488 0.245567 1 0 0 11.4397 7.28356 0 0 1 -45.5456 72.1998 30.4071 1 -11.796 57.5867 -121.738 0 0 0 -0 3.79704 11.2326 3.06189 289.093 
0.00510646481275475305 0.497521 0 126118 0.169296 28.7237 17.5225 0 165.9641 -164.057 -18.5922 16.8431 0 0 0 0 0 0 0 0 0.960617 4.35924 0 14.2681 
0.0051160995948252002 1.6217 0 321271 28.7216 28.6631 17.3722 0 180.261 -141.193 -106.332 35.3798 0 0 0 0 0 0 0 0 0 1.59086 0 0 
0.00512157762077874047 0.135031 0 23097 0.0841586 28.6322 17.2957 0 136.7541 -20.7224 132.117 28.5916 0 -0 0 0 0 -0 0 0 0 0 0 0 
0.00512297692871197322 2.56721 0 239877 28.678 28.6198 17.265 0 164.6641 164.353 6.05193 8.09634 0 0 0 0 0 0 0 0 0 0 0 0 
0.00512504713066293076 1.83073 0 308710 28.6661 28.6079 17.236 0 168.6541 164.124 28.253 26.6365 0 0 0 0 0 0 0 0 0 0 0 0 
0.00512783153627834054 0.828607 0 332721 28.6521 28.594 17.2017 0 284.7351 -281.543 -37.2005 20.5863 0 0 0 0 0 0 0 0 0.813359 3.27523 0 0 
0.00514375706590661751 1.14856 0 248774 28.5498 28.4923 16.9524 0 176.5441 -158.605 -76.602 -12.0155 0 -0 0 0 0 -0 0 0 0 0 0 0 
0.00514550847086499893 0.30789 0 61856 28.5407 28.4833 16.9304 0 215.2341 182.119 32.5486 109.996 0 0 0 0 0 0 0 0 0.925118 3.66916 0 13.228 
0.00515070347771133617 0.297744 0 264537 0 28.4512 20.3734 0 96.34281 49.738 -47.7074 -67.3206 0 0 0 -0 0 0 0 -0 0.893771 4.28335 0 7.63631 
0.00515654424820525831 0.304304 1 0 0 28.4154 16.766 0 0 1 58.0445 35.0243 -29.8537 1 56.1129 14.5992 -57.399 0 0 0 0 3.3622 9.71084 0 47.9884 
0.00516538829441794221 1.6232 0 37014 28.4169 28.3602 16.6324 0 150.7071 -148.016 -20.6557 -19.416 0 0 -0 0 0 0 -0 0 0 0 0 0 
0.00517058733154084071 0.473077 0 193763 28.3885 28.332 16.5647 0 169.8451 114.614 -80.2392 -96.2952 0 0 0 -0 0 0 0 -0 0 2.3794 0 0 
0.00517228512986737249 0.614298 0 291918 28.3755 28.3191 16.5334 0 115.4211 73.0642 -42.3811 -78.6606 0 0 0 0 0 0 0 0 2.47355 8.6865 0 0 
0.00517404647026265506 0.16276 0 228406 28.3649 28.3085 16.5081 0 226.5521 -204.488 -89.3945 38.9774 0 0 -0 0 0 0 -0 0 2.50236 8.09245 369.386 1216.06 
0.00517600636269645135 0.146175 0 99537 28.3536 28.2973 16.481 0 148.4691 -113.375 51.0251 81.1517 0 0 0 0 0 0 0 0 2.04269 7.29159 942.229 985.259 
0.00517600636269645135 1.94648 0 344896 28.3557 28.2994 16.4862 0 189.0551 43.4786 -79.1808 -166.077 0 0 0 0 0 0 0 0 0 3.90993 0 0 
0.00517849622287913213 0.726501 0 185355 28.3386 28.2824 16.4454 0 47.53791 34.0227 32.441 7.06312 0 0 0 0 0 0 0 0 0 2.15931 0 0 
0.00518026043797105689 0.833286 0 223714 28.3313 28.2751 16.4281 0 179.461 100.469 -85.7926 -121.456 0 0 -0 0 0 0 -0 0 0 0 0 0 
0.00518421455683905352 1.39979 0 106288 28.3056 28.2495 16.3669 0 99.08691 86.8429 -38.3414 -28.3982 0 0 0 0 0 0 0 0 0 1.42935 0 0 
0.00518715820335308078 0.732833 0 224840 28.2861 28.2301 16.3208 0 143.0641 -87.1076 87.9625 71.7093 0 0 0 0 0 0 0 0 0 1.49229 0 0 
0.00518774318595434294 0.838907 0 67839 28.2831 28.2272 16.3136 0 38.71841 38.5498 3.00282 2.00301 0 0 0 0 0 0 0 0 0 1.69035 0 0 
0.00519812533925696936 1.85947 0 296004 28.2226 28.167 16.1712 0 94.89881 46.5148 -81.7893 -12.3559 0 0 -0 0 0 0 -0 0 0 0 0 0 
0.0052013442484473019 0.474543 0 39238 28.202 28.1466 16.1228 0 63.18791 62.6662 -0.296835 8.09708 0 0 0 0 0 0 0 0 0 1.91799 0 0 
0.00521139528028762705 0.74735 0 243100 28.143 28.0879 15.9847 0 104.2021 33.507 74.0237 -65.236 0 0 0 0 0 0 0 0 0 1.50552 0 0 
0.00522356822487144139 0.197733 1 0 0 28.015 15.8138 0 0 1 -31.9557 -108.927 -115.452 1 -10.3207 -99.7595 -130.056 0 0 0 0 0 0 0 0 
0.00522356822487144139 0.978481 0 365272 28.0702 28.0156 15.8151 0 92.31381 92.0967 -3.61659 -5.19233 0 0 -0 0 0 0 -0 0 0 1.96361 0 0 
0.00522677569366840084 1.67534 0 331934 28.0534 27.9989 15.776 0 160.4631 21.7026 -46.7084 -151.973 0 0 0 0 0 0 0 0 0 0 0 0 
0.00523317114125265714 0.286866 1 0 0 27.9589 15.6832 0 0 1 155.533 103.038 -52.4055 1 143.75 122.275 -49.4881 0 0 0 0 0.952537 5.01339 0 98.4822 
0.00523391591372520358 0.712076 0 171631 28.0086 27.9543 15.6724 0 178.6521 22.6413 157.62 -80.9919 0 0 0 0 0 0 0 0 0.716623 4.35788 0 0 
0.00523548377692311957 0.736314 0 129944 28.0037 27.9494 15.6611 0 315.5471 -123.005 246.554 153.787 0 0 0 0 0 0 0 0 1.48089 2.22639 0 0 
0.00523647616174390679 0.324866 0 73589 0.192984 27.9405 15.6405 0 76.62891 1.72741 63.402 -43.0023 0 0 0 -0 0 0 0 -0 1.21013 4.95454 0 19.6088 
0.00524129060018439785 0.547456 0 185527 27.9668 27.9127 15.5766 0 148.8161 -148.147 14.0872 0.466458 0 0 0 0 0 0 0 0 0 0.553355 0 0 
0.00524557984188066175 1.14454 0 279797 27.9416 27.8877 15.5185 0 306.8151 -276.374 -130.998 24.3392 0 -0 0 0 0 -0 0 0 0 1.13239 0 0 
0.00525280090696948927 0.99686 0 300870 27.9003 27.8466 15.4238 0 129.6571 116.106 -50.0865 28.6626 0 0 0 0 0 0 0 0 0 0.99686 0 0 
0.00526074196858855158 0.625738 0 262055 27.8567 27.8033 15.3248 0 180.0411 -131.214 87.1607 87.182 0 0 0 0 0 0 0 0 1.23808 6.22014 0 10.5471 
0.00526254741924861609 0.977747 0 223552 27.8459 27.7925 15.3 0 102.9691 101.193 -13.3168 -13.6099 0 0 0 0 0 0 0 0 0 2.96588 0 0 
0.00526548926554419854 0.905532 0 346540 27.8273 27.774 15.2579 0 251.1211 -100.731 175.693 -148.483 0 -0 0 0 0 -0 0 0 0.899349 1.7939 0 0 
0.00527348575895182029 0.171509 0 86890 0.188855 28.0119 16.3072 0 125.9291 125.857 -3.38167 -2.60255 0 0 0 -0 0 0 0 -0 3.03601 7.39051 2184.39 2369.71 
0.00528144376653737722 0.338909 0 132710 27.7405 27.6877 15.0619 0 161.9421 38.1037 -154.363 30.7473 0 0 0 0 0 0 0 0 2.46424 6.75658 0 385.524 
0.00529643756027104503 2.70673 0 207143 27.6503 27.598 14.8599 0 75.21191 -56.2825 -31.621 -38.5905 0 0 0 0 0 0 0 0 0 0 0 0 
0.00530362128572044438 1.20747 0 166801 27.6131 27.5611 14.7772 0 160.8821 122.337 29.4781 -100.238 0 0 0 0 0 0 0 0 0 2.44992 0 0 
0.00530468976547587498 0.638314 0 309816 27.6032 27.5512 14.7555 0 220.2091 217.94 -24.8168 -19.4482 0 0 0 -0 0 0 0 -0 0.623363 1.24677 0 16.9409 
0.00531347727169110065 0.244365 0 339850 27.5548 27.5031 14.6479 0 100.9751 -73.5802 41.0545 55.6449 0 0 0 0 0 0 0 0 2.49511 9.29426 479.138 491.2 
0.00531604887286898052 0.427462 0 89495 27.5396 27.488 14.6144 0 131.3351 21.3473 91.4786 -91.7866 0 0 0 0 0 0 0 0 0.417179 0.842714 0 0 
0.00533205162170279252 1.8513 0 335263 27.4531 27.402 14.4243 0 118.0921 10.8089 106.023 -50.8731 0 0 0 0 0 0 0 0 0 0 0 0 
0.00533320147041424063 0.336621 0 18064 27.4481 27.397 14.4133 0 156.3461 128.774 -81.3257 35.3187 0 0 0 0 0 0 0 0 2.08563 5.28611 0 96.0038 
0.00533649883506602529 0.366637 0 129927 0.0928273 27.3778 14.3713 0 283.9691 -246.81 -92.1861 105.948 0 0 0 0 0 0 0 0 2.17586 8.63495 0 170.81 
0.00535072845820166922 1.94357 0 223825 27.3517 27.3011 14.2036 0 241.4611 235.471 -20.4863 49.3661 0 0 0 0 0 0 0 0 0 0 0 0 
0.00535295380470273904 0.480296 0 61838 27.3392 27.2887 14.1767 0 117.6571 -74.1772 89.8625 16.3019 0 0 0 0 0 0 0 0 2.46445 6.87159 0 0 
0.00535295380470273904 1.95842 0 338496 27.3373 27.2868 14.1724 0 70.4651 -62.4067 -29.5728 14.0059 0 0 -0 0 0 0 -0 0 0 0 0 0 
0.00535754400638142544 0.17268 0 149264 27.311 27.2607 14.1156 0 156.0151 83.416 53.6815 120.42 0 0 0 0 0 0 0 0 0 0 0 0 
0.0053579471270914945 0.219858 0 298005 27.3092 27.2589 14.1118 0 328.5281 -266.268 112.115 -156.403 0 0 0 0 0 0 0 0 1.81162 3.60904 17.7409 84.0291 
0.00536937376123762088 0.906078 0 141353 0.662656 27.1999 13.9841 0 395.8991 -331.285 195.981 92.6122 0 0 0 0 0 0 0 0 1.8195 3.62676 0 0 
0.00537047633316532508 0.10181 0 81542 27.2419 27.1919 13.967 0 154.2281 89.3131 58.2577 111.425 0 0 0 0 0 0 0 0 3.22873 7.62047 2419.92 2899.94 
0.00537047633316532508 0.461144 0 340718 27.2398 27.1899 13.9625 0 244.1341 -240.003 -36.7736 25.452 0 0 0 0 0 0 0 0 0.471818 2.74904 0 0 
0.00537501219293056148 0.202379 0 181037 27.2189 27.1691 13.9179 0 163.8321 77.5805 133.185 -55.5333 0 0 0 0 0 0 0 0 0 0 0 0 
0.00537647835336900644 0.659293 0 257243 27.2074 27.1576 13.893 0 104.1851 101.476 -15.5193 17.7844 0 0 0 0 0 0 0 0 0 1.30956 0 0 
0.00538213070792965213 1.27847 0 352578 27.1776 27.128 13.8296 0 237.7061 -237.409 11.8347 1.10216 0 0 0 0 0 0 0 0 0 0 0 0 
0.0053874283731485343 1.25484 0 241647 27.1487 27.0993 13.7681 0 135.7691 16.9747 76.5274 -110.854 0 0 0 0 0 0 0 0 0 1.25597 0 0 
0.00539409578299963628 0.639725 0 292326 27.1149 27.0656 13.6963 0 167.4111 -69.2725 75.2762 132.519 0 0 0 0 0 0 0 0 0.649154 3.87754 0 0 
0.00540231632005650463 0.563482 0 187038 27.069 27.0199 13.5993 0 177.81 35.747 90.141 -149.029 0 0 0 0 0 0 0 0 2.2868 3.4456 56.1415 210.004 
0.0054040497741498876 0.040157 1 418711 0 18.4734 16.6258 0 0 2 -1.70907 0.94648 -1.92491 0 0 0 0 0 0 0 0 2.038 6.64068 2.71238 1540.34 
0.00540582037079250909 1.42275 0 250839 27.0503 27.0014 13.56 0 138.2661 -131.654 32.866 -26.5462 0 0 0 -0 0 0 0 -0 0 0 0 0 
0.00541700511517612376 2.06021 0 304714 26.9905 26.9419 13.4347 0 169.0821 -33.7595 156.356 -54.7878 0 -0 0 0 0 -0 0 0 0 2.09079 0 0 
0.00542252919218609141 1.78606 0 215333 26.9624 26.9139 13.3759 0 129.4881 69.0605 23.4695 106.991 0 0 0 0 0 0 0 0 1.78337 1.78337 0 15.92 
0.00544250110189066841 1.7597 0 330072 26.8562 26.8084 13.1556 0 170.0491 -135.807 -27.5303 98.5655 0 -0 0 0 0 -0 0 0 0 0 0 0 
0.00546916256496181481 1.01935 0 242090 26.7187 26.6716 12.8739 0 147.4381 -132.764 -40.5794 -49.6493 0 0 0 -0 0 0 0 -0 0 2.02842 0 0 
0.00547862584117673936 1.4387 0 243230 26.6712 26.6244 12.7773 0 244.4181 -157.256 159.869 -97.2251 0 0 0 -0 0 0 0 -0 0 0 0 0 
0.00550901229548581527 0.360956 0 295684 26.5173 26.4713 12.468 0 83.41621 29.064 45.9781 63.2421 0 0 0 0 0 0 0 0 0.701527 3.59173 0 0 
0.00551392702509386889 0.0893374 0 49516 0.258046 26.7866 12.9741 0 287.6581 286.139 -13.0117 26.4952 0 0 0 0 0 0 0 0 0 0 0 0 
0.00551482034945886043 0.905991 0 305193 26.4866 26.4408 12.4067 0 215.6171 178.274 46.5687 111.986 0 0 0 0 0 0 0 0 0 0 0 0 
0.005516901197178967 0.179515 0 131361 26.4753 26.4295 12.3845 0 126.6071 -120.499 16.4699 35.1896 0 -0 0 0 0 -0 0 0 0 0 0 0 
0.00554748042858347126 0.44962 0 18681 26.3216 26.2766 12.0813 0 214.5151 212.441 27.6765 10.9471 0 0 0 0 0 0 0 0 0.933707 3.66866 0 0 
0.00554940103227197831 0.857643 0 279961 26.3148 26.2699 12.0682 0 237.2561 -13.2282 234.71 -32.0362 0 0 0 -0 0 0 0 -0 0 3.44372 0 0 
0.00555796753756629229 1.05181 0 335749 26.272 26.2272 11.9845 0 67.51271 23.0823 -15.3898 -61.5493 0 0 0 0 0 0 0 0 0 1.06876 0 0 
0.00556284200489861377 0.214491 0 195209 0.196119 26.2017 11.9347 0 252.2931 -228.591 -97.8438 -42.7159 0 0 -0 0 0 0 -0 0 0 0 0 0 
0.00556646967605936138 0.247585 0 145174 26.2275 26.183 11.8983 0 156.8441 -7.6694 -58.7461 -145.224 0 -0 0 0 0 -0 0 0 0 0 0 0 
0.00557054253710787418 0.200072 0 8327 26.2079 26.1635 11.8603 0 229.6341 -147.048 -165.955 -59.7292 0 0 0 0 0 0 0 0 0 0 0 0 
0.00557297371698651806 0.368025 0 170681 26.196 26.1516 11.8373 0 265.9831 175.088 182.59 82.1706 0 0 0 0 0 0 0 0 0.358264 2.88089 0 0 
0.00557592396728370365 0.425619 0 89672 0.142865 26.1376 11.8102 0 131.2541 -117.777 50.5822 28.2465 0 0 0 0 0 0 0 0 0.439308 1.31031 0 13.4929 
0.00559423183066889897 0.630844 0 232834 26.0945 26.0507 11.6425 0 215.8581 199.182 -40.484 -72.6789 0 0 0 0 0 0 0 0 0 0 0 0 
0.0055977217565614688 0.274126 0 171637 26.0749 26.0312 11.6052 0 204.8791 16.1101 190.751 73.0041 0 0 0 0 0 0 0 0 0 0 0 0 
0.00559910424435355793 1.35205 0 158284 26.0693 26.0256 11.5943 0 185.2971 -155.59 76.325 -65.5833 0 0 0 0 0 0 0 0 0 0 0 0 
0.00560478442506755214 0.315945 0 9348 26.0415 25.998 11.5415 0 178.8721 -77.8656 -61.0042 149.032 0 -0 0 0 0 -0 0 0 0 0 0 0 
0.00560721760200676329 0.74511 0 131510 26.0311 25.9876 11.5219 0 309.0731 -149.764 54.855 -264.741 0 0 0 0 0 0 0 0 0 2.91727 0 0 
0.00560941314641453387 1.73152 0 325539 26.0189 25.9754 11.4986 0 330.711 292.873 -123.761 90.9804 0 0 0 0 0 0 0 0 0 1.77003 0 0 
0.00561853695221736955 1.60306 0 369436 25.9777 25.9345 11.4208 0 103.2921 -97.3385 24.3978 -24.4792 0 -0 0 0 0 -0 0 0 0 0 0 0 
0.00563739903583818005 0.284722 0 75139 0.152744 25.8456 11.253 0 233.4311 -85.8316 -95.3436 -195.02 0 -0 0 0 0 -0 0 0 0 0 0 0 
0.00564745537130131609 0.751313 0 260365 25.838 25.7955 11.1593 0 132.9141 -34.8079 -60.4913 -113.116 0 0 -0 0 0 0 -0 0 0.757497 0.757497 0 0 
0.00565074899843208411 0.363924 0 60209 0 25.7816 11.1332 0 219.4791 215.938 38.4395 8.00765 0 0 0 0 0 0 0 0 1.45448 5.45019 148.193 164.604 
0.005651927489697256 0.198797 0 149828 25.8174 25.775 11.1209 0 195.4221 171.415 68.0692 64.6013 0 0 0 0 0 0 0 0 0 0 0 0 
0.00565492989267817481 1.0736 0 226518 25.803 25.7607 11.0944 0 162.4061 68.3114 -43.6084 -140.739 0 0 -0 0 0 0 -0 0 0 1.0736 0 0 
0.00567334505400181668 1.14485 0 77143 25.7174 25.6755 10.9365 0 280.4831 -152.27 145.726 185.064 0 0 0 0 0 0 0 0 0 0 0 0 
0.00568315475351150422 0.143077 0 39421 25.673 25.6314 10.8552 0 446.1661 437.013 -67.8395 -59.0055 0 0 0 0 0 0 0 0 3.56717 11.8854 0 2387.52 
0.00568396272325192697 0.233813 1 419843 0 16.2167 14.5921 0 0 2 2.12872 1.39246 0.576091 0 0 0 0 0 0 0 0 0 0 0 0 
0.00569016353223049214 0.999801 0 64738 25.6395 25.598 10.7941 0 525.6341 524.356 16.8425 -32.5328 0 0 0 -0 0 0 0 -0 0 1.00879 0 0 
0.00569135997132544803 0.483434 0 332349 25.6333 25.5918 10.7828 0 272.31 256.751 90.1884 -9.61551 0 0 0 0 0 0 0 0 0.478114 3.72035 1.97872 1.97872 
0.00569258193135814116 0.54937 0 166175 25.6275 25.5861 10.7725 0 208.5991 -159.868 -110.859 75.2735 0 0 -0 0 0 0 -0 0 1.66171 3.34103 15.9375 15.9375 
0.00571113642026245538 0.486273 0 105386 25.5418 25.5008 10.6173 0 237.4561 209.96 -73.8478 -82.7563 0 0 0 0 0 0 0 0 0 1.01214 0 0 
0.00571570661269183052 0.982418 0 305362 25.5252 25.4843 10.5875 0 183.211 -171.332 -42.0816 49.4014 0 0 0 0 0 0 0 0 0 2.89925 0 0 
0.00573018152749818314 1.61437 0 350954 25.455 25.4144 10.4618 0 260.0081 -242.455 33.1749 -87.86 0 0 0 0 0 0 0 0 0 1.62783 0 0 
0.005731917301717614 0.942835 0 126498 25.4469 25.4064 10.4474 0 208.2741 -109.794 -175.251 24.7162 0 -0 0 0 0 -0 0 0 0.945238 2.85632 0 0 
0.005731917301717614 1.56396 0 373425 25.4531 25.4125 10.4585 0 192.2451 -42.8984 -166.875 -85.2673 0 0 -0 0 0 0 -0 0 1.59877 3.15959 0 0 
0.00573981047848939104 0.195936 0 112460 25.4119 25.3715 10.3851 0 293.8581 293.771 7.15239 -0.223807 0 0 0 0 0 0 0 0 2.41755 6.69662 70.3976 1397.84 
0.00574665532834729275 1.41277 0 223851 25.3818 25.3415 10.3318 0 147.7981 -137.022 -28.6536 -47.4145 0 0 0 0 0 0 0 0 1.38078 1.38078 0 2.915 
0.00575070515540478111 1.49767 0 315518 25.3638 25.3236 10.2999 0 147.7711 12.749 -20.8378 145.738 0 0 0 0 0 0 0 0 1.48043 1.48043 0 0 
0.00575276092701908302 1.86833 0 292351 25.3548 25.3148 10.2842 0 90.15531 -42.8478 75.5547 24.1567 0 0 0 0 0 0 0 0 0 0 0 0 
0.00577404487208255362 1.27975 0 312777 25.2581 25.2185 10.1145 0 65.02711 41.3823 -11.2986 -48.8709 0 0 0 -0 0 0 0 -0 0 1.27001 0 0 
0.00577816446542238609 0.337967 0 350281 25.2405 25.201 10.0838 0 112.9471 81.5311 -77.6086 -9.30273 0 0 0 0 0 0 0 0 0 0 0 0 
0.00579154626792953084 0.259984 0 298399 25.1847 25.1455 9.98703 0 261.7411 -259.939 -29.9958 -6.34847 0 -0 0 0 0 -0 0 0 0 0 0 0 
0.00579867571174455705 0.228588 0 190546 25.1519 25.1129 9.9304 0 305.0011 -260.313 -139.876 -75.4813 0 0 0 -0 0 0 0 -0 0 0 0 0 
0.00579915519110614855 1.6554 0 224434 25.1471 25.108 9.92201 0 325.251 324.081 -25.9279 9.31164 0 0 0 0 0 0 0 0 0 0 0 0 
0.00581365902109013365 1.32244 0 323371 25.0855 25.0467 9.81611 0 292.5171 52.8929 268.638 102.966 0 0 0 0 0 0 0 0 0 0 0 0 
0.00583738526477404519 0.298618 0 165019 24.9833 24.945 9.64216 0 527.8971 485.368 -88.6556 -187.706 0 0 0 0 0 0 0 0 0.945982 4.80622 56.9037 56.9037 
0.00583896962233575005 1.54584 0 270726 24.975 24.9368 9.62813 0 159.5131 -150.761 48.1002 -20.0494 0 -0 0 0 0 -0 0 0 0 0 0 0 
0.00584116857721876832 1.93641 0 345478 24.9648 24.9267 9.61092 0 118.6511 3.55576 -107.776 49.4956 0 0 0 0 0 0 0 0 0 1.88596 0 0 
0.00584976385086553863 0.629091 0 81629 24.9271 24.8891 9.54744 0 284.5421 73.3562 274.924 -0.0192537 0 0 0 0 0 0 0 0 0.628764 0.628764 0 19.7469 
0.00585153039901912045 1.62925 0 262693 24.9211 24.8832 9.53733 0 357.651 -341.465 -61.408 86.8552 0 0 0 0 0 0 0 0 0 1.62208 0 0 
0.0058554723772578747 0.55486 0 185177 24.903 24.8651 9.50689 0 213.3011 -201.239 -48.9366 -51.0398 0 0 -0 0 0 0 -0 0 1.10971 2.7658 1.47146 1.47146 
0.00586489849622024665 0.200726 0 186121 24.8636 24.8259 9.44102 0 493.1931 -372.803 322.889 0.232053 0 0 0 0 0 0 0 0 0 0 0 0 
0.00586595302753464051 0.255566 0 163317 24.8582 24.8205 9.43196 0 442.9951 -243.272 -10.6945 370.066 0 0 0 0 0 0 0 0 3.44066 7.23306 289.74 1098.16 
0.00586957181381091934 1.09687 0 197303 24.8468 24.8092 9.41315 0 473.5671 438.711 48.2039 -171.682 0 0 0 0 0 0 0 0 0 2.197 0 0 
0.00586957181381091934 1.19625 0 140637 24.8446 24.807 9.4094 0 325.8011 -200.194 -256.2 -20.7432 0 0 0 0 0 0 0 0 0 0 0 0 
0.00587402853331923502 0.536801 0 218580 24.8244 24.7869 9.3757 0 355.9461 36.3836 -128.343 -330.003 0 0 0 0 0 0 0 0 0 1.60564 0 0 
0.00589811982018820583 1.98301 0 219251 24.7221 24.6851 9.20677 0 265.8691 -245.402 -102.196 4.52217 0 0 -0 0 0 0 -0 0 0 2.0159 0 0 
0.00590000904374363665 2.60374 0 344291 24.714 24.6771 9.19344 0 396.5851 394.96 34.6288 9.33258 0 0 0 0 0 0 0 0 0 2.5969 0 0 
0.0059123812772411315 1.20513 1 413417 24.598 17.5192 15.7658 0 0 2 -0.244791 0.459584 -2.78317 0 0 0 0 0 0 0 0 0 1.19359 0 0 
0.00591874715857052414 0.688604 0 226925 24.6372 24.6006 9.068 0 347.7461 321.415 -95.0853 -92.6183 0 0 0 -0 0 0 0 -0 0 0.693203 0 0 
0.00592073366742041675 1.22673 0 87460 24.6284 24.5918 9.05366 0 170.2051 -134.326 -91.3122 50.8743 0 0 0 0 0 0 0 0 0 0 0 0 
0.00592111962442037031 0.253506 0 63470 24.6264 24.5898 9.05034 0 402.521 350.002 -189.694 -59.4763 0 0 0 0 0 0 0 0 0.982629 3.00605 0 244.798 
0.00594257416575998468 0.111677 0 291484 24.5372 24.5011 8.90631 0 154.1961 -130.984 78.0839 22.8555 0 -0 0 0 0 -0 0 0 2.34642 7.87049 808.821 1074.1 
0.00594257416575998468 1.26465 0 327342 24.5396 24.5034 8.91004 0 341.4211 339.516 11.4374 34.145 0 0 0 0 0 0 0 0 0 1.27673 0 0 
0.0059488201250254202 0.825247 0 353771 24.5135 24.4775 8.86825 0 215.641 101.781 -107.402 -156.864 0 0 -0 0 0 0 -0 0 0.814318 3.28241 0 0 
0.00595153532615274976 3.14663 0 383924 24.5021 24.4662 8.85001 0 273.3691 36.0072 -222.809 -154.242 0 0 0 -0 0 0 0 -0 0 0 0 0 
0.00595226058539511781 0.407082 0 273440 24.4999 24.4639 8.84638 0 301.1091 290.937 53.1772 56.5238 0 0 0 0 0 0 0 0 0.792267 5.2576 242.065 242.065 
0.00595587581436422559 1.47194 0 363707 126.594 24.6831 11.2652 0 3591 288.333 -181.104 -113.783 0 0 -0 0 0 0 -0 0 0 0 0 0 
0.00595970815331454788 1.62813 0 350672 24.4671 24.4313 8.79403 0 353.6071 -30.1789 -50.3003 -348.708 0 0 0 -0 0 0 0 -0 0 0 0 0 
0.00596511217311317468 0.14036 0 73656 0.492563 24.4123 8.76369 0 247.6941 -14.4371 149.921 -196.641 0 0 0 0 0 0 0 0 2.58165 9.20267 70.7644 1776.99 
0.00596625339377187744 1.30994 0 300953 24.441 24.4053 8.75244 0 177.741 -42.4576 -20.6124 171.359 0 -0 0 0 0 -0 0 0 0 1.33589 0 0 
0.00597825661037581189 0.152568 0 279622 0.120035 24.5891 9.35909 0 430.3131 -287.262 -300.161 112.039 0 0 0 0 0 0 0 0 2.7712 9.14182 343.577 884.089 
0.00598458283721479533 1.44105 0 264646 24.3668 24.3314 8.63499 0 409.1111 -119.537 84.5216 382.019 0 0 0 0 0 0 0 0 0 0 0 0 
0.00599187271251592699 0.545472 0 144498 24.3374 24.3022 8.58875 0 92.25731 -82.4735 7.53936 -40.6533 0 0 0 -0 0 0 0 -0 0.540836 2.13449 0 0 
0.00599565412021160933 0.205851 0 187804 24.3237 24.2885 8.56727 0 146.6691 -139.965 4.28861 -43.6231 0 0 0 0 0 0 0 0 0 0 0 0 
0.00599667988936201761 0.525129 0 118226 24.3179 24.2828 8.55819 0 296.231 -35.6832 126.383 -265.53 0 -0 0 0 0 -0 0 0 0.537608 1.07432 0 0 
0.00601996493229642413 0.296567 0 165677 24.2251 24.1905 8.41379 0 247.8821 -195.53 152.355 -1.02929 0 0 0 -0 0 0 0 -0 2.90178 8.97851 171.17 309.704 
0.00603034855150640613 2.45964 0 342776 24.1853 24.1508 8.35228 0 451.0681 -439.673 -35.3302 -94.3473 0 0 0 0 0 0 0 0 0 0 0 0 
0.00603957685288507035 0.805429 0 232722 24.1491 24.1147 8.29646 0 115.8451 -59.846 -51.8378 84.566 0 0 -0 0 0 0 -0 0 1.59139 5.55473 0 3.70881 
0.00604626003096467649 0.876648 0 361214 24.1206 24.0864 8.25292 0 231.5671 -95.795 5.7607 210.745 0 0 0 0 0 0 0 0 3.50577 4.38462 0 0 
0.00607946359738501668 1.11414 0 371033 23.9911 23.9575 8.05633 0 134.661 134.609 -0.251967 -3.68128 0 0 0 0 0 0 0 0 0 3.30229 0 0 
0.0061010302127898668 1.39822 0 347707 23.91 23.8767 7.93475 0 456.5081 437.606 129.529 -11.0662 0 0 0 0 0 0 0 0 2.80354 2.80354 83.1799 83.1799 
0.00611363276186976771 0.356428 0 215725 23.8596 23.8266 7.85987 0 282.7271 281.752 -21.3642 -9.68983 0 0 0 0 0 0 0 0 0.703176 3.59491 0 0 
0.0061247963882520998 0.331962 1 98258 23.7794 9.23728 8.31356 0 0 1 4.57414 7.84853 47.3608 0 0 0 0 0 0 0 0 0.61907 6.71528 0 0 
0.00612599576945952861 0.974716 0 272148 23.8146 23.7818 7.79338 0 320.2461 -135.688 -192.027 -217.422 0 -0 0 0 0 -0 0 0 0.997254 1.99497 0 0 
0.00613436380512603907 1.19641 0 229597 23.781 23.7484 7.74408 0 478.7041 -296.631 152.412 343.421 0 0 0 0 0 0 0 0 0 0 0 0 
0.00613506153374468802 0.336614 0 258075 0 15.6578 14.0885 0 01 0 0 0 0 0 0 0 0 0 0 0 0 0 0 0 
0.00615004534925988212 0.68998 0 83813 23.7236 23.6912 7.66015 0 96.36311 85.5579 0.887865 -44.3272 0 0 0 -0 0 0 0 -0 0 2.08544 0 0 
0.00616033591039616586 0.736074 0 109592 23.684 23.6517 7.60255 0 318.2551 3.85507 234.564 -215.061 0 0 0 -0 0 0 0 -0 0 2.22013 0 0 
0.00617473366548522331 0.841869 0 284557 23.6294 23.5974 7.52365 0 46.83551 43.7796 10.6055 -12.8231 0 0 0 0 0 0 0 0 0.845925 3.39522 6.91272 6.91272 
0.00617591349820191624 0.796173 0 96095 23.6268 23.5948 7.51997 0 386.8091 -352.15 -51.0037 151.693 0 0 0 0 0 0 0 0 0 0.810464 0 0 
0.00617809743670892208 1.81105 0 362626 23.6173 23.5854 7.50636 0 147.9431 -109.023 53.1519 -84.7119 0 0 0 -0 0 0 0 -0 0 0 0 0 
0.00618581364312335413 1.19441 0 327371 23.59 23.5582 7.46715 0 336.4541 -329.432 -44.2384 -52.1427 0 0 -0 0 0 0 -0 0 1.17084 1.17084 0 0 
0.00619606540714340379 1.77314 0 212127 23.5537 23.522 7.4152 0 286.8871 -192.282 51.9514 206.478 0 -0 0 0 0 -0 0 0 0 0 0 0 
0.00621015642138176768 1.15321 0 77061 23.5 23.4686 7.33902 0 385.6431 -383.581 -5.7239 39.42 0 0 0 0 0 0 0 0 0 0 0 0 
0.00621381185396998725 0.417182 0 5708 23.4869 23.4555 7.32035 0 207.2011 206.066 12.5918 17.6222 0 0 0 0 0 0 0 0 0.793329 2.03594 179.373 179.373 
0.00622922677738009609 1.10553 0 251151 23.4299 23.3987 7.24008 0 330.7081 113.235 308.207 39.4174 0 0 0 0 0 0 0 0 0 1.11229 0 0 
0.00623656918315500849 1.11614 0 74516 23.4024 23.3714 7.20168 0 312.4221 -300.343 70.5601 -49.2225 0 0 0 0 0 0 0 0 2.21514 5.53193 0 220.859 
0.00625316678495745158 0.486843 0 376360 23.3435 23.3128 7.11963 0 469.1791 459.74 27.0194 89.6534 0 0 0 0 0 0 0 0 0 0 0 0 
0.00628355938042051212 1.27323 1 318455 23.2014 8.98704 8.08834 0 0 1 7.09708 43.1949 16.4592 0 0 0 0 0 0 0 0 0 2.56822 0 0 
0.00628355938042051212 4.29666 0 284005 0.228737 17.3024 15.5704 0 01 0 0 0 0 0 0 0 0 0 0 0 0 3.80674 0 0 
0.00629140371546799658 0.584282 0 190351 23.2074 23.1773 6.93244 0 177.3831 147.343 1.80551 98.7501 0 0 0 0 0 0 0 0 0 1.18882 0 0 
0.00630844510183500764 0.753691 0 199257 23.1499 23.12 6.85436 0 383.541 321.156 200.49 61.3613 0 0 0 0 0 0 0 0 0.760531 3.02125 0 0 
0.00631951943210102597 0.803011 0 317111 23.1091 23.0793 6.79924 0 530.0331 -369.94 176.767 335.906 0 0 0 0 0 0 0 0 0 0.794323 0 0 
0.00632915604876471607 1.12816 0 267316 0.091448 23.0469 7.17725 0 433.6961 -395.487 -113.745 136.911 0 0 -0 0 0 0 -0 0 1.11979 4.47265 0 0 
0.00635403970607480249 0.174701 0 31525 22.9882 22.9589 6.63785 0 269.0441 210.675 166.409 -17.5806 0 0 0 0 0 0 0 0 0 0 0 0 
0.00636211629187900807 0.52953 0 78975 22.9598 22.9307 6.60032 0 292.4661 200.82 202.337 65.3279 0 0 0 0 0 0 0 0 1.07453 4.31524 0 0 
0.00637759930595978037 0.476265 0 210640 22.9058 22.8769 6.52938 0 272.4921 271.846 -17.3051 -7.21689 0 0 0 0 0 0 0 0 0.483193 1.43108 0 0 
0.00638699922834522725 0.441705 0 175854 22.8738 22.8451 6.48758 0 426.3071 -208.651 152.096 339.219 0 0 0 0 0 0 0 0 0.913487 4.46226 52.2421 136.985 
0.00639518418230702532 0.446127 0 159018 22.8485 22.8199 6.45463 0 383.3361 -119.382 325.858 162.822 0 0 0 0 0 0 0 0 0.44677 5.26139 0 0 
0.00639559703208856037 0.343732 0 106367 22.8454 22.8167 6.4505 0 315.3641 -283.814 129.057 47.42 0 0 0 0 0 0 0 0 0 0 0 0 
0.00641068536712159978 0.369128 0 208112 22.7934 22.765 6.38327 0 353.341 -178.353 295.062 77.3154 0 0 0 0 0 0 0 0 0 0 0 0 
0.00641232085207325483 0.457485 0 153408 22.7891 22.7607 6.37774 0 584.7871 534.613 -171.699 -163.353 0 0 0 0 0 0 0 0 0 0 0 0 
0.00643509943779893741 2.14936 0 263938 22.7149 22.6868 6.28254 0 192.131 191.102 9.98053 -17.1537 0 0 0 0 0 0 0 0 0 2.15766 0 0 
0.00643770168142623628 0.651342 0 225192 22.7032 22.6752 6.26769 0 187.1951 -166.439 85.6681 -1.01648 0 0 0 0 0 0 0 0 0 1.91798 0 0 
0.00645469171501554442 1.64104 0 360550 22.6465 22.6186 6.19568 0 260.4981 -99.9055 56.1144 233.943 0 0 0 0 0 0 0 0 0 0 0 0 
0.00645966572732338193 1.1873 0 277375 22.6323 22.6045 6.17779 0 277.3041 -156.03 -125.801 -191.641 0 -0 0 0 0 -0 0 0 1.18726 1.18726 0 0 
0.00647090134376198788 0.259474 0 224545 22.5951 22.5675 6.13104 0 361.9141 285.494 30.161 220.374 0 0 0 0 0 0 0 0 0 0 0 0 
0.00647868990231291811 0.584221 0 148434 22.568 22.5405 6.09702 0 408.151 291.977 -161.176 235.284 0 0 0 0 0 0 0 0 0 2.39111 0 0 
0.00648164168886314687 1.00664 0 320760 22.5594 22.5319 6.08631 0 289.2381 -269.533 92.2499 -50.0046 0 0 0 0 0 0 0 0 0 0 0 0 
0.00648697025590347538 1.65471 0 379599 22.5413 22.5139 6.06374 0 282.4931 -249.326 77.0632 108.167 0 0 0 0 0 0 0 0 0 0 0 0 
0.006487766555775939 1.37926 0 337060 22.5388 22.5114 6.06062 0 241.9341 133.087 -79.8957 -185.572 0 0 -0 0 0 0 -0 0 0 0 0 0 
0.00651721282715363084 0.614989 0 13000 22.4451 22.418 5.94467 0 328.841 -286.983 41.9256 -154.98 0 -0 0 0 0 -0 0 0 0 3.73785 0 0 
0.00652856771652881619 0.222797 0 45426 0 22.3799 5.89771 0 301.6841 213.255 -166.693 133.224 0 0 -0 0 0 0 -0 0 0 0 0 0 
0.00655765383429667177 0.0593717 1 5085 22.277 8.58827 7.72944 0 0 1 -13.6446 6.25548 48.4762 0 0 0 0 0 0 0 0 3.13217 7.90978 150.945 817.18 
0.00659477547146689134 1.30469 0 293340 22.1941 22.1681 5.64183 0 490.9311 -437.277 113.261 192.286 0 -0 0 0 0 -0 0 0 0 0 0 0 
0.00660378414783955453 0.712595 0 161955 22.1664 22.1405 5.60909 0 239.7221 -40.7829 -23.1319 -235.092 0 0 -0 0 0 0 -0 0 0.718201 4.24492 0 0 
0.00660694002039995121 1.67955 0 342879 22.1586 22.1328 5.59988 0 542.5361 542.446 5.62769 8.10484 0 0 0 0 0 0 0 0 0 0 0 0 
0.00660946003009060812 0.294765 0 1919 22.1494 22.1235 5.58897 0 473.331 255.746 308.557 251.85 0 0 0 0 0 0 0 0 0 0 0 0 
0.0066235024307209206 1.71535 0 334931 22.1041 22.0785 5.53588 0 124.3491 102.109 3.51032 -70.8811 0 0 0 0 0 0 0 0 0 0 0 0 
0.00662918169401860435 0.185768 0 189779 22.0877 22.0621 5.51666 0 238.341 12.3466 58.1852 230.798 0 0 0 0 0 0 0 0 0 0 0 0 
0.00664015712017961435 0.35748 0 153745 22.0528 22.0274 19.6467 0 01 0 0 0 0 0 0 0 0 0 0 0 0 0 0 0 
0.00664067818185162632 0.185205 0 163978 22.052 22.0265 19.6459 0 01 0 0 0 0 0 0 0 0 0 0 0 0 0 0 0 
0.00665837104749969228 0.620767 0 143717 21.9963 21.9711 19.5969 0 01 -0 0 0 0 -0 0 0 0 -0 0 0 0 1.25708 0 0 
0.00669564793641846175 0.278367 0 291729 21.885 21.8602 19.499 0 01 0 0 0 0 0 0 0 0 0 0 0 1.30241 8.92469 0 53.0833 
0.00669956374709796548 0.390772 0 150319 21.8709 21.8462 19.4864 0 01 0 0 0 0 0 0 0 0 0 0 0 1.20192 3.6038 0 127.539 
0.00670885106858718286 0.810194 0 315344 21.8446 21.82 19.4632 0 01 0 0 0 0 0 0 0 0 0 0 0 4.8536 6.48695 0 0 
0.00671377715669308362 0.415504 0 205292 21.8287 21.8041 19.4494 0 01 0 0 0 0 0 0 0 0 0 0 0 0.412804 3.29178 0 0 
0.00672084668303775824 0.371037 0 24795 0.414112 21.7869 19.4341 0 01 0 0 0 0 0 0 0 0 0 0 0 2.98884 10.6938 0 135.982 
0.00672977243451928792 0.158876 0 18397 0.237443 21.7586 19.4092 0 01 0 0 -0 0 0 0 -0 0 0 0 -0 0 0 0 0 
0.00672977243451928792 0.479668 0 5802 21.7804 21.756 19.4069 0 01 0 0 0 0 0 0 0 0 0 0 0 0.965672 4.79227 0 0 
0.00673467754507211906 0.644906 0 211548 21.7693 21.7449 19.3973 0 01 0 0 0 0 0 0 0 0 0 0 0 2.62173 6.50205 0 0 
0.00673725106449318909 0.120971 1 274970 0 21.7361 19.3894 0 0 2 0.349189 0.460892 0.349537 0 0 0 0 0 0 0 0 0 0 0 0 
0.00673834341152734599 0.765883 0 147298 21.7574 21.733 19.3867 0 01 0 0 0 0 0 0 0 0 0 0 0 3.05126 6.8278 0 17.3764 
0.00674373570177183579 0.639101 0 493646 0.12664 26.4159 12.3571 0 130.2021 -113.149 -53.6011 35.7313 0 -0 0 0 0 -0 0 0 0.639258 1.28123 0 0 
0.00674736901822003531 1.26659 0 172139 21.7289 21.7047 19.3615 0 01 0 0 0 0 0 0 0 0 0 0 0 0 0 0 0 
0.00675301668799450829 0.409002 0 57626 21.7137 21.6896 19.3482 0 01 0 -0 0 0 0 -0 0 0 0 -0 0 2.02155 6.91451 245.513 245.513 
0.00675301668799450829 0.872442 0 62404 21.7151 21.6909 19.3493 0 01 0 0 0 0 0 0 0 0 0 0 0 2.55858 4.27978 0 1.98032 
0.00675858120370593368 1.26497 0 376119 21.6986 21.6745 19.335 0 01 0 -0 0 0 0 -0 0 0 0 -0 0 1.25356 3.75674 0 0 
0.00675858120370593368 2.22169 0 359198 21.6985 21.6744 19.3349 0 01 0 0 0 0 0 0 0 0 0 0 0 0 2.22169 0 0 
0.00678826666807601665 0.510628 0 63111 21.6082 21.5844 19.2552 0 01 0 0 0 0 0 0 0 0 0 0 0 2.04834 6.69926 0 1.09625 
0.00678826666807601665 2.19486 0 390634 21.6079 21.5841 19.2548 0 01 0 0 0 0 0 0 0 0 0 0 0 0 2.26544 0 0 
0.00679475871423280715 0.46539 0 248725 21.5892 21.5655 19.2384 0 01 0 0 0 0 0 0 0 0 0 0 0 0.450188 3.58498 0 0 
0.00680100151095852732 3.19652 0 379927 21.5719 21.5482 19.2231 0 01 0 -0 0 0 0 -0 0 0 0 -0 0 0 0 0 0 
0.00680881094103496717 0.391556 0 190379 21.548 21.5245 19.2022 0 01 -0 0 0 0 -0 0 0 0 -0 0 0 1.10082 2.19495 0 0 
0.00681187484193240995 1.04603 0 354927 21.5397 21.5162 19.195 0 01 0 0 0 0 0 0 0 0 0 0 0 3.09213 6.16966 0 80.0069 
0.00681839799836245469 0.286012 0 150526 21.52 21.4966 19.1774 0 01 0 0 0 0 0 0 0 0 0 0 0 0 0 0 0 
0.00681839799836245469 0.31522 1 0 0 8.24861 7.42375 0 0 1 7.18229 5.24477 -1.46466 1 367.057 -589.95 -368.061 0 0 0 -0 1.95072 3.85569 0 0 
0.00682171816795416365 1.98697 0 388351 21.5107 21.4873 19.1692 0 01 0 0 0 0 0 0 0 0 0 0 0 0 0 0 0 
0.00682328202317370423 0.0926749 0 34929 21.5077 21.4843 19.1668 0 01 0 0 0 0 0 0 0 0 0 0 0 0 0 0 0 
0.00682989383511747958 2.70964 0 395282 21.4874 21.4641 19.1489 0 01 0 0 0 0 0 0 0 0 0 0 0 0 0 0 0 
0.00684376340350277557 0.0435499 0 206654 21.4472 21.424 19.1131 0 01 0 0 0 0 0 0 0 0 0 0 0 1.78006 4.05812 0 520.186 
0.00685440441461040214 0.567737 0 139643 21.4183 21.3952 19.0877 0 01 0 -0 0 0 0 -0 0 0 0 -0 0 0.570966 3.98474 0 0 
0.00685885942663986767 0.226561 1 219189 0 21.3812 19.0754 0 0 2 0.00448155 -0.000449706 0.00840543 0 0 0 0 0 0 0 0 0 0 0 0 
0.00686860481844896609 1.21056 0 296508 21.3769 21.354 19.0512 0 01 0 0 0 0 0 0 0 0 0 0 0 0 0 0 0 
0.00688262931226966187 1.14547 0 348244 21.3372 21.3144 19.0163 0 01 0 0 0 0 0 0 0 0 0 0 0 0 1.14114 0 0 
0.00688922529903079374 0.544092 0 74810 21.3199 21.2972 19.0009 0 01 0 0 -0 0 0 0 -0 0 0 0 -0 1.08352 6.51585 58.5851 58.5851 
0.00689504809617319785 0.32225 0 125439 21.3014 21.2788 18.9847 0 01 -0 0 0 0 -0 0 0 0 -0 0 0 0.644048 4.15865 0 0 
0.00691351166725164695 0.134275 0 2133 21.2494 21.2269 18.9387 0 01 0 0 0 0 0 0 0 0 0 0 0 0 0 0 0 
0.00692283054294951569 0.316183 0 74169 21.2241 21.2018 18.9165 0 01 -0 0 0 0 -0 0 0 0 -0 0 0 1.32038 3.59425 0 380.903 
0.00693446285319382176 1.59047 0 161127 21.1922 21.1699 18.8883 0 01 0 0 0 0 0 0 0 0 0 0 0 0 0 0 0 
0.00696106057883151812 0.736307 0 272079 21.1185 21.0965 18.8233 0 01 0 -0 0 0 0 -0 0 0 0 -0 0 0 0.725962 0 0 
0.00696635263693452973 1.22586 0 292075 29.7502 21.3811 18.767 0 01 0 -0 0 0 0 -0 0 0 0 -0 0 0 7.39744 0 0 
0.0069801362879850495 0.483956 0 239250 21.0658 21.044 18.7769 0 01 0 0 0 0 0 0 0 0 0 0 0 0 1.91254 0 0 
0.00698201266125561808 1.32098 0 264081 21.0623 21.0405 18.7738 0 01 0 0 -0 0 0 0 -0 0 0 0 -0 0 0 0 0 
0.00698501906655508726 0.361594 0 13778 21.0531 21.0313 18.7656 0 01 0 0 0 0 0 0 0 0 0 0 0 1.46365 5.54932 1.44759 32.1974 
0.00699953527490425678 0.168856 0 61834 21.0137 20.9921 18.7308 0 01 -0 0 0 0 -0 0 0 0 -0 0 0 0 0 0 0 
0.00701302948910608164 0.690521 0 239312 20.9777 20.9562 18.699 0 01 0 0 0 0 0 0 0 0 0 0 0 0.692503 0.692503 0 0 
0.00702594918385361991 1.22432 0 288966 20.9424 20.9211 18.6678 0 01 0 0 0 0 0 0 0 0 0 0 0 0 1.22826 0 0 
0.0070271584096262699 0.633904 0 207109 20.9386 20.9172 18.6644 0 01 0 0 0 0 0 0 0 0 0 0 0 0 0.635525 0 0 
0.00703087438276492338 0.591546 0 164300 20.9292 20.9079 18.6561 0 01 0 0 0 0 0 0 0 0 0 0 0 0.609845 1.19967 0 0 
0.00703631770154515297 0.563933 0 199578 0.162649 20.8935 18.6434 0 01 0 0 0 0 0 0 0 0 0 0 0 1.7304 2.88841 0 0 
0.0070418872449017943 1.50403 0 281742 20.901 20.8798 18.6311 0 01 0 0 0 0 0 0 0 0 0 0 0 1.53098 1.53098 0 0 
0.00704796700741918726 0.871203 0 306998 20.8835 20.8623 18.6157 0 01 0 0 0 0 0 0 0 0 0 0 0 0 1.71461 0 0 
0.00708770636590143766 1.52192 0 256319 20.7777 20.7569 18.5223 0 01 -0 0 0 0 -0 0 0 0 -0 0 0 0 0 0 0 
0.00708862344663115096 2.38159 0 346161 20.7763 20.7555 18.5209 0 01 0 0 0 0 0 0 0 0 0 0 0 0 0 0 0 
0.00708932739199562029 0.859094 0 171741 0.216205 20.753 18.5187 0 01 0 0 0 0 0 0 0 0 0 0 0 0 0 0 0 
0.00713959265588703929 1.16026 0 274639 20.6435 20.6232 18.4038 0 01 0 0 0 0 0 0 0 0 0 0 0 0 1.17101 0 0 
0.00714226426332105566 0.347449 0 52009 20.6358 20.6155 18.397 0 01 -0 0 0 0 -0 0 0 0 -0 0 0 0 0 0 0 
0.00714476941732242535 1.782 0 382843 20.6307 20.6104 18.3924 0 01 0 0 0 0 0 0 0 0 0 0 0 0 1.74566 0 0 
0.00714868312568973582 0.844504 0 297516 20.6196 20.5994 18.3825 0 01 0 0 0 0 0 0 0 0 0 0 0 0.844504 0.844504 0 0 
0.00715936394914150342 0.440794 0 33876 20.5916 20.5715 18.358 0 01 0 0 0 0 0 0 0 0 0 0 0 3.15586 3.15586 0 16.0183 
0.00716663997190304658 0.584501 0 163707 20.5744 20.5543 18.3426 0 01 0 0 -0 0 0 0 -0 0 0 0 -0 0.574184 9.19376 0 0 
0.00717447607315615556 0.956765 0 98571 20.554 20.534 18.3247 0 01 0 0 0 0 0 0 0 0 0 0 0 0.939111 5.70818 0 0 
0.00719143591643391002 0.320869 0 23718 2.26215 20.4916 18.287 0 01 -0 0 0 0 -0 0 0 0 -0 0 0 1.96157 7.80944 0 467.524 
0.00719449829423089542 1.17389 0 327355 20.5024 20.4826 18.2791 0 01 0 -0 0 0 0 -0 0 0 0 -0 0 0 0 0 0 
0.00720425869119415124 2.08048 0 315834 20.478 20.4583 18.2575 0 01 0 -0 0 0 0 -0 0 0 0 -0 0 0 0 0 0 
0.00722325154141212778 0.97925 0 82874 20.4299 20.4103 18.215 0 01 0 0 -0 0 0 0 -0 0 0 0 -0 0 1.93806 0 0 
0.00722870307267117068 0.528978 0 143635 20.4154 20.3959 18.2023 0 01 0 0 0 0 0 0 0 0 0 0 0 2.04074 5.12736 0 54.3886 
0.00723774839950439963 1.21563 0 263425 20.3934 20.374 18.1827 0 01 0 -0 0 0 0 -0 0 0 0 -0 0 0 0 0 0 
0.00724080246700240134 0.879618 0 334827 20.3856 20.3662 18.1759 0 01 0 -0 0 0 0 -0 0 0 0 -0 0 0 0 0 0 
0.00724116200605256187 0.501251 0 296689 0.0807954 21.875 19.5122 0 01 0 0 -0 0 0 0 -0 0 0 0 -0 0 0.515715 0 0 
0.00724357452962044474 0.947826 0 148444 20.3789 20.3595 18.1699 0 01 0 0 0 0 0 0 0 0 0 0 0 0 0.949679 0 0 
0.00727293008917308074 0.168336 0 29294 20.3085 20.2894 18.1076 0 01 0 0 0 0 0 0 0 0 0 0 0 0 0 0 0 
0.00728987271867444393 0.301228 0 44830 20.2644 20.2453 18.0686 0 01 0 0 0 0 0 0 0 0 0 0 0 1.25454 3.8181 0 0 
0.00729532833827133565 0.572995 0 317577 20.2506 20.2317 18.0565 0 01 0 0 0 0 0 0 0 0 0 0 0 0.574504 1.15494 0 0 
0.00729870368109076812 2.01907 0 332012 20.243 20.224 18.0496 0 01 0 0 0 0 0 0 0 0 0 0 0 0 0 0 0 
0.00730394120980800299 0.472602 0 167944 20.2305 20.2116 18.0388 0 01 0 0 0 0 0 0 0 0 0 0 0 0.967018 4.83459 12.9501 12.9501 
0.00730805582603380986 0.392282 0 88115 20.2206 20.2017 18.0298 0 01 0 0 -0 0 0 0 -0 0 0 0 -0 2.23568 4.85766 0 0 
0.00732754147131303105 0.769438 0 341480 20.1722 20.1535 17.987 0 01 0 0 0 0 0 0 0 0 0 0 0 0.76552 2.26726 0 0 
0.00733809891072303034 0.455746 0 148344 20.1477 20.1291 17.9653 0 01 0 0 0 0 0 0 0 0 0 0 0 1.34386 4.02931 7.85431 7.85431 
0.00734035539538090576 0.900453 0 59383 20.1415 20.1228 17.9597 0 01 0 -0 0 0 0 -0 0 0 0 -0 0 0 2.68492 0 0 
0.00734799243464586208 0.853285 0 171146 20.1221 20.1035 17.9427 0 01 0 0 0 0 0 0 0 0 0 0 0 0 1.71614 0 0 
0.00737055681777580227 2.25307 0 196880 20.0684 20.05 17.8953 0 01 0 0 -0 0 0 0 -0 0 0 0 -0 0 0 0 0 
0.00738373155698748753 1.04012 0 217149 20.0382 20.0199 17.8685 0 01 0 0 0 0 0 0 0 0 0 0 0 1.03753 2.06378 0 0 
0.00740531270226490231 1.81227 0 320644 19.9869 19.9688 17.8231 0 01 0 0 0 0 0 0 0 0 0 0 0 0 0 0 0 
0.00741539375201085045 0.295094 0 144527 19.9627 19.9446 17.8017 0 01 0 -0 0 0 0 -0 0 0 0 -0 0 0 0 0 0 
0.00742094708661284169 0.596746 0 185677 19.9486 19.9306 17.7893 0 01 0 0 0 0 0 0 0 0 0 0 0 1.19298 3.58837 0 89.068 
0.00743287422109344034 0.810371 0 106217 19.9211 19.9032 17.765 0 01 0 0 0 0 0 0 0 0 0 0 0 0 4.07695 0 0 
0.00744565239661694814 1.20788 0 326994 19.8904 19.8726 17.7378 0 01 -0 0 0 0 -0 0 0 0 -0 0 0 0 2.39579 0 0 
0.00744609142888627736 0.278168 0 173828 19.8898 19.872 17.7374 0 01 0 0 -0 0 0 0 -0 0 0 0 -0 0 0 0 0 
0.00744935544381849016 0.653371 0 262551 19.8824 19.8646 17.7308 0 01 0 0 0 0 0 0 0 0 0 0 0 0.647709 3.93768 0 0 
0.00746535037143497907 2.09645 0 361639 19.8449 19.8272 17.6977 0 01 0 0 0 0 0 0 0 0 0 0 0 0 0 0 0 
0.00747166853149383581 1.54018 0 322070 19.8294 19.8118 17.6839 0 01 0 -0 0 0 0 -0 0 0 0 -0 0 0 1.54021 0 0 
0.00747488184271792849 0.110746 0 7154 19.822 19.8044 17.6773 0 01 0 0 0 0 0 0 0 0 0 0 0 1.9594 5.35541 3281.32 3281.32 
0.00747488184271792849 0.804211 0 1612 19.8229 19.8054 17.6782 0 01 0 0 0 0 0 0 0 0 0 0 0 1.6285 2.4409 0 6.44741 
0.00747992452558303694 1.7422 0 207105 19.8158 19.7982 17.6718 0 01 0 0 -0 0 0 0 -0 0 0 0 -0 1.7422 3.50807 0 0 
0.00748591835231748447 1.39771 0 385145 19.7974 19.7799 17.6555 0 01 0 0 -0 0 0 0 -0 0 0 0 -0 0 0 0 0 
0.00749564335732677816 0.513337 0 220044 19.7784 19.7609 17.6388 0 01 0 0 0 0 0 0 0 0 0 0 0 0.507865 4.09146 0 0 
0.00749664939631527073 0.163911 0 73017 19.7728 19.7553 17.6338 0 01 0 0 0 0 0 0 0 0 0 0 0 2.29395 7.72105 449.859 1384.01 
0.00751012097879667079 0.414522 0 53826 19.7413 19.724 17.6062 0 01 0 0 -0 0 0 0 -0 0 0 0 -0 0 0 0 0 
0.00752566085516315816 0.285112 0 29937 19.7082 19.6909 17.5766 0 01 0 0 0 0 0 0 0 0 0 0 0 0 0 0 0 
0.0075358421834727839 0.435404 0 175405 19.6829 19.6658 17.5543 0 01 -0 0 0 0 -0 0 0 0 -0 0 0 0 0.890196 0 0 
0.00755254236744855919 0.860087 0 184723 19.6454 19.6284 17.5211 0 01 0 0 0 0 0 0 0 0 0 0 0 0 0.879971 0 0 
0.00755416870920729705 1.34294 0 15890 19.6421 19.625 17.5182 0 01 0 0 -0 0 0 0 -0 0 0 0 -0 1.34294 4.033 0 0 
0.00755557504654897228 1.1984 0 215401 19.6379 19.6209 17.5146 0 01 0 0 0 0 0 0 0 0 0 0 0 0 1.20949 0 0 
0.00756437334636513373 0.27193 0 212981 19.6177 19.6007 17.4965 0 01 0 0 0 0 0 0 0 0 0 0 0 0 0 0 0 
0.00756535124728802393 0.572332 0 357181 19.6172 19.6002 17.496 0 01 0 0 0 0 0 0 0 0 0 0 0 1.71722 3.45973 0 0 
0.0075683569905138446 1.05863 0 329030 19.6094 19.5925 17.4891 0 01 0 0 0 0 0 0 0 0 0 0 0 0 2.1391 0 0 
0.00756906904730216771 0.231961 0 179770 19.6083 19.5914 17.4882 0 01 0 0 -0 0 0 0 -0 0 0 0 -0 2.43728 5.40283 78.6696 81.3042 
0.00757482858218945943 0.310069 0 353613 0.605911 19.5776 17.476 0 01 0 0 0 0 0 0 0 0 0 0 0 2.54995 6.14883 0 354.678 
0.00817390156099412866 0.981167 0 140594 0 20.2766 18.0965 0 01 0 0 0 0 0 0 0 0 0 0 0 0 0 0 0 
0.0081984561603237107 1.1461 0 228980 0.31417 20.7425 18.5098 0 01 0 0 -0 0 0 0 -0 0 0 0 -0 0 1.13563 0 0 
0.00895474078325039086 3.04164 0 370815 0.263139 20.217 18.0435 0 01 0 0 0 0 0 0 0 0 0 0 0 0 0 0 0 
0.0119855406620187326 0.724996 0 289203 0 25.1783 7.84208 0 127.7071 33.1636 -42.8508 115.642 0 0 -0 0 0 0 -0 0 1.41715 4.2635 0 70.9053 
0.0140135052948820206 0.133529 0 98786 2.69199 21.4251 18.0661 0 01 0 0 0 0 0 0 0 0 0 0 0 1.92201 6.94785 69.4632 433.657 
0.0143643527490670345 0.357427 0 108418 0.406147 20.0518 19.7912 0 01 0 0 -0 0 0 0 -0 0 0 0 -0 1.38468 6.23118 160.119 160.119 
0.0159492721800992034 0.345733 0 330889 0.560061 20.6848 15.4017 0 01 -0 0 0 0 -0 0 0 0 -0 0 0 0.333511 3.87486 0 115.438 
0.0167990296213320935 0.543578 0 266423 0.0846904 20.0459 14.6764 0 01 0 0 0 0 0 0 0 0 0 0 0 0.530449 2.68463 0 0 
