#1:time #2:r #3.binary? #4:ID #5:zams_m #6:m_progenitor #7:bh mass #8:bh_spin #9:birth-kick(km/s) #10-25:vsarray
0.00724336211780152606 0.399273 0 478874 0.465762 16.6736 14.8769 0 01 0 0 0 0 0 0 0 0 0 0 0 0 0.810191 0 0 
0.00728102640267158131 0.86106 0 321417 134.348 16.8182 15.0154 0 01 0 0 0 0 0 0 0 0 0 0 0 0 1.70006 0 0 
0.00734207188164849762 1.23148 0 362931 125.318 16.8216 15.0186 0 01 0 0 -0 0 0 0 -0 0 0 0 -0 0 0 0 0 
0.0074099980669576895 0.12561 0 62090 0.287108 11.7398 7.73977 0 180.1021 133.671 -67.1668 100.287 0 0 0 0 0 0 0 0 3.91199 8.86296 3036.1 9879.36 
0.00753941613875204388 0.181842 1 493525 0 11.872 7.90809 0 0 1 57.6441 1.9679 -19.6049 0 0 0 0 0 0 0 0 1.74749 4.7286 556.13 1300.25 
0.00753941613875204388 1.32815 0 332286 106.732 15.9244 14.1624 0 01 0 0 0 0 0 0 0 0 0 0 0 0 0 0 0 
0.00758542930893361077 0.0840386 0 277113 0.328143 11.5478 7.5064 0 68.1781 68.1332 0.226583 -2.45969 0 0 0 -0 0 0 0 -0 2.5128 7.69824 801.171 5522.35 
0.00761956876867860965 0.133121 1 483095 0 11.7597 7.76472 0 0 2 -30.5805 146.812 77.1799 0 0 0 0 0 0 0 0 4.70423 9.94777 1094.94 5888.06 
0.00763682759408581234 0.333159 0 608352 0.104316 11.8781 7.91606 0 109.2131 101.467 32.6633 -23.7718 0 0 0 0 0 0 0 0 0.354598 0.680352 0 49.7723 
0.00763870866447361688 0.123354 0 175727 0.093612 11.6033 7.57255 0 113.9271 -113.709 7.02743 -0.556073 0 -0 0 0 0 -0 0 0 4.44027 9.7291 2722.38 8855.48 
0.00765501414225793885 2.29498 0 381331 98.9901 15.3064 13.5764 0 01 0 0 0 0 0 0 0 0 0 0 0 0 0 0 0 
0.0076770329870601518 0.16387 1 424129 0 11.5447 7.50288 0 0 2 -64.2749 31.2926 -72.0004 0 0 0 0 0 0 0 0 1.37202 4.86759 0 0 
0.00771207724861230383 0.392205 0 345768 95.6185 15.0266 13.3122 0 01 0 -0 0 0 0 -0 0 0 0 -0 0 1.13752 2.63884 0 789.314 
0.00773165341884051501 1.63343 0 261806 94.5324 14.9319 13.2228 0 01 0 0 0 0 0 0 0 0 0 0 0 0 0 0 0 
0.00775188149166847543 0.129181 1 431664 0 11.6599 7.64122 0 0 1 82.8157 28.8796 30.4232 0 0 0 0 0 0 0 0 2.61086 8.02545 920.118 5648.74 
0.00775937259633811827 0.381475 0 480463 0.168032 14.1482 11.7988 0 16.44651 -9.07917 -11.6914 7.167 0 0 0 0 0 0 0 0 1.89979 3.44544 186.498 186.498 
0.00776164238786699202 0.347886 0 111187 0.715798 11.3365 7.26497 0 65.78851 -29.6353 -58.051 8.9422 0 0 0 0 0 0 0 0 0 0.651744 0 0 
0.00779499365967065583 0.72175 0 301737 91.1998 14.641 12.8913 0 2.101231 1.37697 1.58617 -0.0567143 0 0 0 0 0 0 0 0 0.724186 2.15802 0 0 
0.0078207285281112239 0.447513 0 434907 0.706876 11.3237 7.25091 0 157.11 -48.4178 33.6637 -145.612 0 0 0 0 0 0 0 0 0.876755 2.61878 0 0 
0.0078312300475886186 0.421282 0 558568 0.181644 14.1127 11.7236 0 13.5771 11.1011 2.23233 7.49111 0 0 0 0 0 0 0 0 1.21447 6.15683 0 0 
0.0078895352774590536 0.526744 0 579815 0.163948 14.0742 11.6426 0 27.90411 25.7345 -9.26075 5.5326 0 0 0 0 0 0 0 0 0.521591 2.13814 0 0 
0.00789885334803544503 0.0407319 0 420872 0.441106 14.1655 11.8357 0 46.17491 -32.1726 -11.1835 -31.1765 0 0 0 0 0 0 0 0 3.94334 8.87421 4641 5708.18 
0.00794177928817766353 5.43516 0 361959 0.304535 14.0291 11.5481 0 47.43941 -44.9708 -6.52977 13.6192 0 0 0 0 0 0 0 0 0 0 0 0 
0.00795234079941362255 0.132165 0 136651 0.109446 10.8518 6.77054 0 97.16141 57.2178 49.7686 60.7417 0 0 0 0 0 0 0 0 3.27885 7.46502 1506.45 6644.07 
0.00795593851901345295 0.153751 0 310574 0.101821 13.627 10.7408 0 25.31371 7.29327 15.6572 18.5053 0 0 0 0 0 0 0 0 2.54348 6.87349 1118.96 3649.01 
0.00796785636964710518 0.17392 0 533753 0.124362 13.6975 10.8781 0 53.58951 -51.4412 -10.2971 10.9363 0 0 0 0 0 0 0 0 1.43568 4.24146 11.5628 23.788 
0.00801649671539960557 0.247906 0 699278 0.121969 13.71 10.9025 0 54.32151 -50.5938 -8.89226 -17.6639 0 -0 0 0 0 -0 0 0 1.29096 3.8859 0 4.24842 
0.00802340649257302085 1.42849 0 218214 81.2453 13.7202 10.9225 0 51.48091 24.1837 13.9489 43.2534 0 0 0 0 0 0 0 0 0 0 0 0 
0.00806846187463979708 1.9145 0 395360 79.5825 13.5577 10.6076 0 68.83041 -7.32764 68.0278 -7.494 0 0 0 0 0 0 0 0 0 1.84502 0 0 
0.00810656386627978294 1.05168 0 248388 0.0808213 10.7086 6.64039 0 118.3091 76.5822 -18.6869 88.2213 0 0 -0 0 0 0 -0 0 0 0 0 0 
0.00811198160464235082 0.287463 0 176470 0.106723 13.4032 10.3172 0 76.94961 36.517 2.19128 67.6975 0 0 0 0 0 0 0 0 0 0.910359 0 0 
0.00815708854094220233 0.436954 0 362975 76.5562 13.2513 10.0402 0 90.97981 -77.4064 39.1817 27.3929 0 0 0 0 0 0 0 0 0 3.19008 0 0 
0.00815856137984795164 0.51771 1 219171 0 11.0722 6.985 0 0 1 84.2681 -69.6511 -26.3478 0 0 -0 0 0 0 -0 0 0.501223 1.00318 0 0 
0.00816835825099217726 0.26945 0 434307 0.0940668 10.8735 6.7909 0 178.4221 147.828 86.533 -49.9304 0 0 0 0 0 0 0 0 0.273784 1.83659 0 107.753 
0.00816858228318229074 0.287533 0 330344 0.169083 13.2129 9.97145 0 25.52931 18.4254 1.31187 -17.6219 0 0 0 -0 0 0 0 -0 0.289268 1.19921 0 0 
0.00820192963192968756 0.14724 1 420717 0 11.5021 7.45285 0 0 2 -3.51366 -12.5447 55.743 0 0 -0 0 0 0 -0 0 4.00323 8.57836 1799.52 7196.09 
0.0082977892485375758 1.04501 0 369055 72.2816 12.8029 9.27138 0 52.40991 9.51882 16.3748 48.8678 0 0 0 0 0 0 0 0 0 0 0 0 
0.00830349665180237471 1.19414 0 328227 72.1206 12.7854 9.24295 0 45.23231 30.8998 32.568 -5.52219 0 0 0 0 0 0 0 0 0 0 0 0 
0.008321980152398099 0.164223 1 430661 0 10.7074 6.63923 0 0 1 -48.7969 -30.7648 -12.7415 0 0 0 0 0 0 0 0 2.49711 6.18469 2603.88 7624.05 
0.0083703291502488248 0.521892 1 4485 0 10.2894 6.30283 0 0 1 127.04 -51.5727 14.5556 0 0 0 0 0 0 0 0 0 1.57083 0 0 
0.00837084764500575958 0.319145 0 335995 70.2877 12.5869 8.92717 0 99.85381 38.6034 -91.681 -8.66935 0 0 0 0 0 0 0 0 0.318341 0.611707 228.668 228.668 
0.00840078860048811861 1.14645 0 372935 69.5046 12.5049 8.80094 0 56.65991 30.3871 24.7745 40.9047 0 0 0 0 0 0 0 0 0 0 0 0 
0.00842308855915665719 0.26767 0 472233 0.120304 12.3726 8.60244 0 83.51351 -72.4596 -39.6032 12.4772 0 0 -0 0 0 0 -0 0 0 1.34041 0 0 
0.00843239466748402743 0.509831 0 471259 0 12.2913 8.48352 0 87.78151 -42.7705 37.4906 -66.8635 0 0 0 0 0 0 0 0 0.528524 1.04378 0 9.47282 
0.0084768178274337528 0.399878 0 233206 67.6307 12.2968 8.4916 0 45.67351 24.9162 32.2842 -20.5666 0 0 0 0 0 0 0 0 0.389009 2.33146 0 0 
0.0084842465481305817 0.231966 0 196871 0.578962 12.279 8.46582 0 135.1361 -47.3757 105.432 -70.0086 0 0 0 0 0 0 0 0 0.634759 3.85223 0 0 
0.00854475597372776098 0.0601947 0 71530 0.513876 12.0573 8.15465 0 100.2291 -99.7927 8.18583 4.48989 0 -0 0 0 0 -0 0 0 1.80654 3.90715 634.313 3295.83 
0.00856600820042061756 0.474363 0 234580 65.5664 12.0638 8.16344 0 140.7271 20.4535 120.185 -70.2947 0 0 0 0 0 0 0 0 0 0 0 0 
0.00857701008234327752 0.744614 1 421231 0 10.4411 6.41791 0 0 1 35.5341 5.1741 -16.1066 0 0 0 0 0 0 0 0 0 1.52092 0 0 
0.00862023923438662992 0.290886 0 310350 0.233547 11.9288 7.98238 0 56.61541 -33.9042 42.6053 15.5113 0 0 0 0 0 0 0 0 0.511261 2.40294 0 26.8953 
0.00866862757389917638 1.37189 0 325363 63.3838 11.8113 7.83006 0 159.1731 146.147 62.527 -8.20213 0 0 0 0 0 0 0 0 0 0 0 0 
0.00869759276333123381 0.190981 0 494038 0.225495 11.6478 7.62626 0 113.6061 -109.246 25.7594 -17.5537 0 0 0 0 0 0 0 0 0.877269 1.86337 180.655 288.948 
0.00871497889012389122 0.251843 0 428901 0.0997283 11.5588 7.51943 0 69.23491 -7.48807 68.0773 10.1429 0 0 0 0 0 0 0 0 0.508273 3.4606 0 266.312 
0.00880718656246500149 0.522582 0 235912 0.202494 9.66752 5.91134 0 124.471 91.0468 66.0382 -53.3135 0 0 0 0 0 0 0 0 0 2.11532 0 0 
0.00880971810336288186 0.231902 0 432315 0.168531 13.1249 9.81601 0 72.36641 36.4445 9.92637 -61.7265 0 0 0 0 0 0 0 0 0.914031 3.37961 0 177.005 
0.00881528680357314062 0.365904 0 338207 0.353039 11.4708 7.41651 0 241.1821 -230.335 -41.374 -58.3324 0 0 0 0 0 0 0 0 0.3578 1.81148 0 0 
0.00882102266612657532 0.363642 0 469556 0.2035 11.4082 7.34506 0 115.4841 68.8839 87.6766 30.0745 0 0 0 0 0 0 0 0 0.371018 0.734781 0 0 
0.00884546444487915341 0.665982 1 181303 0 10.1889 6.23086 0 0 1 115.706 -32.8835 -86.801 0 0 0 0 0 0 0 0 0 0.668086 0 0 
0.00887113222614391121 0.329096 0 371644 1.40277 11.3541 7.2843 0 171.9951 164.764 -48.9063 6.58227 0 0 -0 0 0 0 -0 0 2.23248 6.03044 0 0 
0.00888432991330008297 0.299707 0 651968 0.19594 11.2339 7.15329 0 191.4451 172.595 59.9286 -57.1924 0 0 0 -0 0 0 0 -0 1.83223 4.33997 7.14234 555.728 
0.00890695556278364373 0.153239 1 362298 0 9.46024 8.23243 0 0 2 0.657039 0.28264 1.25986 0 0 0 0 0 0 0 0 4.71968 10.9296 1703.82 6300.99 
0.00891436243873357584 0.349956 0 604515 0.153565 11.1738 7.08973 0 133.8421 44.6045 54.4043 -113.86 0 0 0 -0 0 0 0 -0 0 1.40763 0 0 
0.00891938501289841514 0.557099 1 213283 0 9.47286 8.24343 0 0 2 0.0996057 -0.871707 -1.33254 0 0 -0 0 0 0 -0 0 0 2.21026 0 0 
0.00892148647865791469 0.422893 0 505591 0 11.0452 6.95782 0 195.2651 136.518 -133.231 -41.7223 0 0 0 -0 0 0 0 -0 0 0.422104 0 0 
0.00892459883064763808 0.490582 0 85265 57.7001 11.1766 7.09267 0 83.24881 -32.2715 -13.0863 75.6152 0 -0 0 0 0 -0 0 0 0.983415 2.42634 0 162.265 
0.00892854995273227071 0.308236 0 476041 0.379371 11.2236 7.14239 0 136.6721 136.182 7.41933 -8.85657 0 0 0 0 0 0 0 0 0.607192 3.09273 0 0 
0.0089329120463046835 0.744167 1 295960 0 9.42941 8.2057 0 0 1 1.60801 -0.22173 -0.807901 0 0 -0 0 0 0 -0 0 0.763151 4.53093 0 0 
0.00893874263212926859 0.773896 0 565016 0.183702 11.1982 7.11543 0 78.63291 73.1753 -23.6346 16.429 0 0 0 0 0 0 0 0 0 0 0 0 
0.00895991082848186272 0.406475 1 107024 0 9.41631 8.19439 0 0 2 -0.510688 0.450983 -1.61955 0 0 0 0 0 0 0 0 2.35647 5.06416 0 50.0286 
0.00896066630732940579 0.712662 0 396909 58.0621 11.1679 7.08355 0 155.5311 -80.9482 105.036 -81.2692 0 0 0 0 0 0 0 0 0.692635 2.08312 0 0 
0.00898280985430516439 0.259277 0 52253 1.41839 11.1241 7.0381 0 163.2111 -146.073 72.8023 0.601125 0 0 0 0 0 0 0 0 0.264685 1.88383 0 0 
0.00898938639325225046 0.635227 0 317807 0.351966 11.1067 7.02016 0 150.8971 -54.6133 95.5256 -103.257 0 0 0 -0 0 0 0 -0 0 1.30016 0 0 
0.00899723530102656925 0.150449 1 218505 0 9.36866 8.1528 0 0 2 0.17706 -0.741437 1.27935 0 0 0 0 0 0 0 0 5.27243 10.6993 5662.9 9540.39 
0.00902111893536210879 0.95095 0 398758 57.0943 11.047 6.95964 0 48.76741 -23.5869 -38.3888 -18.6606 0 -0 0 0 0 -0 0 0 0 0 0 0 
0.00902459436531266417 0.474413 0 243358 57.0413 11.0394 6.95204 0 264.0191 -211.275 -71.9268 -141.051 0 -0 0 0 0 -0 0 0 0.915153 2.29165 134.822 134.822 
0.00903724137676911905 0.334261 0 179664 56.8427 11.013 6.9257 0 166.8191 -166.347 -11.6895 -4.51131 0 0 0 0 0 0 0 0 0.971439 3.78331 0 0 
0.00904536793185209409 0.278822 0 595432 0.118941 10.9148 6.83007 0 90.40621 29.0609 55.0175 -65.5883 0 0 0 0 0 0 0 0 0.565586 0.8084 71.8255 385.396 
0.00905055899599786079 0.301249 0 617646 0.132985 11.6337 7.60926 0 135.1991 32.5427 -77.365 105.993 0 0 0 0 0 0 0 0 0.979104 3.52463 0 0 
0.00905653057202327437 0.0950413 0 317685 0.226153 10.5387 6.49609 0 78.191 12.6555 33.6365 -69.4414 0 0 0 0 0 0 0 0 3.49287 9.17994 3512.73 5666.31 
0.00909463021484169937 0.267361 0 471433 0.707538 9.88527 6.03373 0 108.4691 41.2495 23.0822 -97.6283 0 0 0 0 0 0 0 0 0.549247 2.40828 0 346.352 
0.00911927214789924785 0.608192 0 235966 0.0881867 10.8563 6.77477 0 159.8311 -140.098 66.2765 -39.0611 0 -0 0 0 0 -0 0 0 0.609016 1.85667 0 0 
0.00911970575805481909 0.2236 0 245884 0.729297 14.3628 12.2635 0 28.23691 -10.0659 20.0072 -17.1963 0 0 0 -0 0 0 0 -0 1.43882 5.13812 0 2.25978 
0.00912905654581491581 0.192312 1 531686 0 10.3035 6.31325 0 0 1 38.8558 -31.7319 -28.8227 0 0 0 0 0 0 0 0 1.84384 4.97577 0 325.145 
0.00917664645176221629 0.0702695 0 449860 0.100404 10.5099 6.47272 0 188.6971 154.933 105.154 -23.3418 0 0 0 0 0 0 0 0 3.19162 9.283 3254.66 6041.09 
0.00918215637216489994 0.191934 0 10715 0.202743 10.7152 6.64627 0 159.4741 122.573 -27.3899 -98.2726 0 0 0 -0 0 0 0 -0 0.868668 3.37681 0 174.164 
0.00922010812734781228 2.514 0 381642 54.1803 10.6725 6.60876 0 135.9521 -10.0549 -63.6836 -119.692 0 -0 0 0 0 -0 0 0 2.57701 2.57701 0 0 
0.00922692411384730751 0.241251 0 450977 0.131181 10.6147 6.55911 0 174.4061 91.4561 91.5756 -116.907 0 0 0 -0 0 0 0 -0 3.06681 8.12702 0 1091.84 
0.00923027659095803504 0.193735 0 478401 0.666821 10.7275 6.6572 0 103.2511 62.9862 80.8624 12.4437 0 0 0 0 0 0 0 0 4.02497 9.3774 250.398 713.128 
0.00928527879598176932 0.602788 0 379809 53.2254 10.6612 6.59886 0 124.641 -113.592 39.5421 -32.6877 0 0 0 -0 0 0 0 -0 0.592323 0.592323 0 0 
0.00931314317702725339 0.320248 1 58352 0 9.12567 7.94089 0 0 1 0.126047 -0.998249 0.28934 0 0 0 0 0 0 0 0 0.334053 1.6145 0 166.067 
0.00932164319057562744 0.280104 0 37483 0.274161 10.6385 6.57931 0 235.6981 -192.345 -26.2792 133.665 0 0 0 0 0 0 0 0 2.16316 4.25871 0 0 
0.00932428587478926693 0.399618 0 75494 0 10.631 6.57286 0 136.1911 52.603 -106.575 66.5024 0 0 0 0 0 0 0 0 0 1.20454 0 0 
0.00933343592342307168 0.594387 0 111644 0.258872 10.684 6.61869 0 117.4281 -104.485 -1.03724 -53.5819 0 0 0 0 0 0 0 0 0 0.598513 0 0 
0.00935176792977143734 1.63372 0 235149 52.2635 10.6863 6.62078 0 116.9181 -116.492 1.18102 9.89306 0 -0 0 0 0 -0 0 0 0 1.63342 0 0 
0.00935584380649093043 0.318834 0 440066 0.496299 9.39906 8.1791 0 01 0 0 0 0 0 0 0 0 0 0 0 0.339362 4.5775 0 0 
0.00936882157734028435 0.247464 0 497606 0.142331 10.607 6.55255 0 89.76651 54.2018 62.6778 34.5206 0 0 0 0 0 0 0 0 3.17556 8.20362 222.078 1618.05 
0.00940088378488667005 0.375431 0 447716 0.365944 10.7022 6.63471 0 228.7191 215.329 70.0614 32.2088 0 0 0 0 0 0 0 0 1.83291 3.62232 108.052 124.767 
0.00944845829496069982 1.5352 0 344057 50.9575 10.71 6.64158 0 135.8691 132.672 -25.0098 15.2735 0 0 0 0 0 0 0 0 1.52561 1.52561 0 1.86222 
0.00945478236467493793 0.767329 0 43106 0.279976 10.7137 6.64487 0 234.4331 -233.886 -7.00317 14.3914 0 -0 0 0 0 -0 0 0 0 0 0 0 
0.00946403387266520242 0.253603 0 455693 0.190543 10.8377 6.75741 0 33.39361 -16.92 -25.6064 13.1591 0 0 0 0 0 0 0 0 1.38587 1.92055 0 662.644 
0.00948665734903217199 0.402902 0 359834 0.180568 10.6381 6.57895 0 181.1441 46.6869 161.057 -68.514 0 0 0 0 0 0 0 0 0.826052 2.01826 0 98.0777 
0.0094962030662940778 0.734315 1 194166 0 9.00805 7.83834 0 0 1 0.18415 0.285959 -1.32283 0 0 0 -0 0 0 0 -0 0 1.46077 0 0 
0.00951895234777084404 0.375387 0 185627 50.0487 10.7406 6.6689 0 144.6761 -20.3816 25.34 140.974 0 0 0 0 0 0 0 0 1.09225 2.19659 0 0 
0.00955667589445381022 0.214624 0 161343 0.545886 10.6986 6.63167 0 87.17171 73.8911 42.2825 18.7407 0 0 0 0 0 0 0 0 2.38347 6.55394 0 3.52784 
0.0095651518836618564 0.159477 1 361840 0 8.70958 7.57824 0 0 2 -0.0119381 0.565547 1.95474 0 0 0 0 0 0 0 0 3.14682 8.145 5038.9 7154.2 
0.0095842038290401034 0.743712 0 54190 0.259472 10.6978 6.63097 0 164.4571 60.0798 119.14 96.136 0 0 0 0 0 0 0 0 0.734889 2.21426 0 0 
0.00958706984440185588 0.261451 0 523844 0.0882658 10.7576 6.68422 0 159.2151 -64.2546 -60.7315 132.411 0 0 0 0 0 0 0 0 2.51779 5.48173 551.22 908.932 
0.0095986245779963713 0.641006 0 361078 49.0859 10.7646 6.69048 0 189.2921 -25.6684 -58.0388 -178.337 0 -0 0 0 0 -0 0 0 0.637794 1.88031 0 97.9247 
0.00960220033359128478 0.47678 0 162029 0.260388 10.7617 6.68784 0 176.261 -134.098 -1.6546 114.379 0 0 0 0 0 0 0 0 0 0.478896 0 0 
0.00960921722824429822 0.837722 0 543333 0.126931 10.6347 6.57609 0 98.00711 43.0702 -17.4092 -86.2976 0 0 0 0 0 0 0 0 0 1.65457 0 0 
0.00961186161936736574 0.0732585 1 574048 0 8.91062 7.75355 0 0 2 0.764831 -0.447845 0.509706 0 0 -0 0 0 0 -0 0 5.36188 10.9408 1673.16 5857.12 
0.00961504958006153404 0.229497 0 256067 0.39633 10.7328 6.66196 0 121.0771 -119.837 -17.1272 -2.32021 0 0 -0 0 0 0 -0 0 1.7278 5.97134 77.9539 571.591 
0.00961605443980924866 0.293275 0 328792 0.317574 10.7529 6.67997 0 224.5971 -179.953 -115.736 68.3096 0 0 -0 0 0 0 -0 0 0.813518 4.6599 0 0 
0.00963609084988587342 1.66701 0 589574 0.420969 10.6341 6.5756 0 216.6161 32.573 204.962 -62.0638 0 0 0 -0 0 0 0 -0 0 0 0 0 
0.00967066778510888847 0.515645 0 543970 0.470795 10.7097 6.64157 0 76.58941 -41.048 47.5443 43.824 0 0 0 0 0 0 0 0 1.5344 2.55727 0 0 
0.00973121623866664461 0.352068 0 244454 47.648 10.6735 6.60978 0 91.7381 -79.6624 -16.9239 42.2298 0 -0 0 0 0 -0 0 0 1.87304 5.59209 0 0 
0.00977171628400517155 1.10183 0 285251 47.225 10.6489 6.58851 0 168.2011 -167.171 -17.7369 5.54679 0 0 0 0 0 0 0 0 0 3.33109 0 0 
0.00977857995122994109 0.65635 0 384887 47.1598 10.6449 6.58505 0 61.13321 -39.1981 -10.9317 -45.621 0 0 -0 0 0 0 -0 0 0 2.61973 0 0 
0.00978884619497391931 0.151127 0 727385 0.381379 10.6104 6.55567 0 107.0411 -105.664 1.45506 17.0491 0 0 0 0 0 0 0 0 6.83146 12.417 1639 8100.38 
0.00980739419000226965 0.597558 0 239587 0.158191 10.6258 6.56861 0 117.4021 -109.642 30.2561 -29.0942 0 0 0 0 0 0 0 0 0 0.600865 0 0 
0.00982139039486230533 0.281748 0 953 0.363243 10.5529 6.50785 0 207.2171 188.886 -8.41423 84.7949 0 0 0 0 0 0 0 0 2.03313 7.40991 0 231.235 
0.00983298143296341444 0.649986 0 344190 46.6096 10.6088 6.55423 0 172.1181 -99.4259 -13.893 139.808 0 0 0 0 0 0 0 0 0 3.98366 0 0 
0.00983962778240588497 0.0659195 1 449394 0 11.6737 7.65837 0 0 1 59.2664 -91.3062 35.4931 0 0 0 0 0 0 0 0 5.45611 11.7712 2520.7 6398.59 
0.00985827154598080055 0.386663 0 35366 0.209079 10.7711 6.69648 0 146.6161 -3.14068 66.8991 130.426 0 0 0 0 0 0 0 0 0.386094 1.87913 0 0 
0.00987252300576304219 0.109914 0 144755 0.282627 10.5845 6.53392 0 88.59131 76.9773 -39.244 -19.5656 0 0 0 0 0 0 0 0 6.40474 14.809 5182.24 8667.23 
0.00987590294311468421 0.209537 1 99846 0 8.63629 7.51441 0 0 1 -0.783559 0.401248 0.647202 0 0 0 0 0 0 0 0 2.53377 8.04927 449.764 474.829 
0.00987678029266406826 0.728865 0 290261 0.0952029 10.5809 6.53098 0 281.9171 237.879 97.907 115.348 0 0 0 0 0 0 0 0 1.449 5.06105 377.499 377.499 
0.0098826068281682132 0.597299 1 164882 0 8.48039 7.37814 0 0 2 0.4413 1.37456 -0.331738 0 0 0 0 0 0 0 0 0 0.596007 0 0 
0.00994041537930112455 0.51995 0 37829 0.120922 10.5415 6.49856 0 234.7391 -163.509 112.911 -124.973 0 0 0 0 0 0 0 0 0 1.57372 0 0 
0.00994949269095918125 1.06107 0 146828 0.487183 10.5354 6.49355 0 154.3821 -144.153 -52.2366 -18.0291 0 -0 0 0 0 -0 0 0 1.04243 2.0973 0 0 
0.00995051084007800464 0.0739134 0 65477 0.201068 10.4825 6.45091 0 148.4531 146.281 22.462 11.636 0 0 0 0 0 0 0 0 5.16549 11.5184 663.434 4822.12 
0.00996864407948970521 0.243245 0 505806 0.10414 10.3752 6.36724 0 157.3441 -45.3969 45.8452 143.508 0 0 0 0 0 0 0 0 3.21732 9.88293 162.57 1056.72 
0.00997383593906657311 0.256938 0 58596 0.780855 10.3571 6.3535 0 110.5611 -87.7032 -52.8678 -41.6769 0 0 -0 0 0 0 -0 0 3.59736 10.9195 571.613 1184.37 
0.00998175136313647973 0.44338 0 470714 0 10.4385 6.41615 0 75.85231 -26.8302 -37.5068 60.2241 0 0 -0 0 0 0 -0 0 2.7462 9.09574 0 139.776 
0.0100074280749726813 0.196811 0 85683 0.11137 10.4995 6.4646 0 142.4741 -16.9182 -97.1432 -102.839 0 0 -0 0 0 0 -0 0 3.7657 10.494 304.998 572.601 
0.0100130160388327699 0.111566 0 205268 0.24043 10.6745 6.61075 0 236.011 120.62 -53.0543 -195.798 0 0 0 0 0 0 0 0 9.00763 17.3997 2855.57 9273.24 
0.010024491282582473 0.0783255 0 665146 0.0819509 10.4519 6.4267 0 85.08361 34.5319 -66.954 -39.5466 0 0 0 0 0 0 0 0 7.72791 12.8755 1586.76 8082.05 
0.0100582996975710874 0.647758 1 334216 0 8.2318 7.16115 0 0 2 -0.223167 -0.378404 -1.39941 0 0 0 0 0 0 0 0 0.640935 1.26931 0 0 
0.0100913959949822489 0.641097 0 60170 0.160506 8.71538 7.58359 0 01 0 0 0 0 0 0 0 0 0 0 0 0.653353 3.2334 0 173.598 
0.0100963042144397754 0.776055 0 284405 0 10.46 6.43302 0 126.7681 122.86 30.4129 -7.1264 0 0 0 0 0 0 0 0 0.78685 3.18824 0 0 
0.0101002677925076962 0.237819 0 120626 0.121825 10.2689 6.288 0 138.6691 -138.075 9.21303 8.9139 0 0 0 0 0 0 0 0 3.55621 9.13606 0 165.106 
0.0101002677925076962 1.69905 0 361508 44.148 10.4416 6.4185 0 100.9731 98.0614 22.9915 -7.13933 0 0 0 0 0 0 0 0 1.69284 1.69284 0 0 
0.0101257716416374832 0.803917 0 25648 0.157725 10.4251 6.40563 0 94.86381 -68.6737 -38.9258 -52.6103 0 0 -0 0 0 0 -0 0 0 2.39116 0 0 
0.0101317242937008448 0.228878 0 480731 0.298581 9.96112 6.08016 0 176.3451 -24.2698 169.888 40.5783 0 -0 0 0 0 -0 0 0 3.64493 8.24504 370.621 653.036 
0.0101357614362028465 0.311338 0 141955 1.46509 10.4195 6.4013 0 233.9291 -148.782 -49.5673 173.579 0 -0 0 0 0 -0 0 0 0.600954 5.22501 0 21.9012 
0.010139425526924822 0.613482 1 0 0 10.471 6.44178 0 0 1 -50.7384 5.30221 -11.5196 1 -48.233 1.63308 11.5375 0 0 0 0 1.22979 3.0651 0 0 
0.0101434160739703651 0.106573 0 427569 0.216067 10.848 6.76729 0 91.96361 -91.7002 -6.9022 -0.860179 0 0 -0 0 0 0 -0 0 5.61866 12.5474 3449.49 11062.7 
0.0101705516665708002 0.280084 0 284845 0.200895 10.3306 6.33354 0 132.7871 -113.071 -67.0235 18.8477 0 0 0 0 0 0 0 0 2.60343 8.43766 0 533.576 
0.0101791377299948558 0.410752 0 150523 43.4831 10.394 6.38159 0 99.84741 -98.3987 -12.0988 -11.8662 0 0 0 0 0 0 0 0 2.09558 5.8602 0 80.1413 
0.0101847340411102931 0.111011 0 85753 0.108138 10.3906 6.379 0 139.4951 -138.601 -15.194 -4.23047 0 0 0 -0 0 0 0 -0 5.89646 12.6001 624.168 7978.64 
0.0101847340411102931 0.356323 0 488584 0.596167 10.6264 6.56912 0 134.8111 51.8034 70.133 102.819 0 0 0 0 0 0 0 0 3.04732 5.09088 88.43 318.81 
0.0102040702439573413 0.972745 0 514719 57.4143 10.3458 6.34496 0 13.9431 7.03447 -7.8341 -9.14053 0 0 0 0 0 0 0 0 0.982312 2.92838 0 3.50258 
0.0102532525344159325 0.48709 0 267239 42.8741 10.3479 6.34651 0 132.2671 -120.986 52.6823 9.03348 0 -0 0 0 0 -0 0 0 2.50095 3.95249 0 66.5081 
0.0102619411621871805 0.280866 0 545627 35.9894 10.1986 6.23773 0 150.6971 -30.2392 26.7563 145.187 0 0 0 0 0 0 0 0 0.874901 5.26118 57.6323 57.6323 
0.0103322389526090807 0.417942 0 428253 0.119653 10.385 6.3747 0 166.851 109.92 10.8812 -125.053 0 0 0 -0 0 0 0 -0 3.0144 9.81624 122.611 122.611 
0.010336027299696661 2.24862 0 197910 42.2259 10.2996 6.31058 0 98.28211 -96.5197 -10.7179 15.1139 0 0 0 0 0 0 0 0 0 0 0 0 
0.0103441793809403784 0.272707 0 30179 1.04779 8.93696 7.7774 0 01 -0 0 0 0 -0 0 0 0 -0 0 0 1.7335 5.2721 0 0 
0.0103867570247687252 2.12609 0 364519 41.8438 10.2718 6.29022 0 95.21851 -87.2505 -37.7649 5.26502 0 -0 0 0 0 -0 0 0 0 0 0 0 
0.0104270670811483449 0.179394 0 565466 0.400135 16.0925 14.3233 0 01 -0 0 0 0 -0 0 0 0 -0 0 0 4.42614 11.5535 1122.78 3319.69 
0.0104270670811483449 9.06015 0 399060 41.5475 10.249 6.27369 0 92.85011 -84.6848 36.7017 10.1294 0 0 0 0 0 0 0 0 0 0 0 0 
0.0104322687984537213 0.161338 0 4347 0.459091 10.1602 6.21109 0 219.0331 26.1413 28.3863 215.606 0 0 0 0 0 0 0 0 9.15155 17.4185 2423.49 11132.4 
0.0104400846885660224 0.239213 0 429376 0.0875485 10.1391 6.19659 0 73.35321 -64.8555 11.0314 -32.4463 0 -0 0 0 0 -0 0 0 3.34473 8.07572 233.357 727.513 
0.0104602208457010119 0.738335 0 373672 41.3139 10.2301 6.26018 0 138.8051 94.0084 -48.3943 89.9297 0 0 0 0 0 0 0 0 1.47629 5.92217 0 1.25254 
0.0104613530439511826 0.687056 0 78974 0.250957 10.2083 6.24471 0 229.8761 90.5275 132.557 164.548 0 0 0 0 0 0 0 0 3.4456 6.89126 0 28.1163 
0.0104653443576621739 0.537311 0 454894 0.868911 10.1733 6.22017 0 150.7481 -119.276 -88.0054 27.4466 0 0 0 0 0 0 0 0 1.06956 2.12552 0 0 
0.0104830202159634876 0.857256 0 244533 41.1435 10.2169 6.25081 0 144.0221 -101.46 28.6107 98.1317 0 0 0 0 0 0 0 0 0 4.29869 0 0 
0.0104910274786352148 2.33339 0 330060 41.0883 10.2123 6.24752 0 122.1681 88.7899 80.3892 -24.0622 0 0 0 0 0 0 0 0 0 0 0 0 
0.0104990600719311513 1.59539 0 334260 41.0287 10.2067 6.24358 0 201.2381 200.486 6.8147 15.9894 0 0 0 0 0 0 0 0 0 0 0 0 
0.0105080535337520476 0.440244 0 82477 0.298349 10.2022 6.24039 0 89.0541 86.0061 22.8787 -3.18479 0 0 0 0 0 0 0 0 0.86469 2.58895 0 256.649 
0.0105274564569096188 0.0577439 0 504213 0 10.452 6.42682 0 126.3951 -45.7151 -117.16 12.6231 0 0 0 0 0 0 0 0 4.68913 9.54718 406.932 4150.95 
0.0105274564569096188 0.229786 1 0 0 10.1919 6.23309 0 0 1 -298.647 -90.3612 13.6715 1 -296.726 -95.8254 19.4395 0 0 0 0 2.31597 7.53091 0 123.774 
0.0105402357640780736 0.351064 0 6025 0.0968604 10.0503 6.13718 0 226.8781 195.67 -31.2956 -110.487 0 0 -0 0 0 0 -0 0 1.38219 4.15808 36.9322 48.8261 
0.0105402357640780736 1.18723 0 295464 40.7464 10.1828 6.22674 0 138.6941 107.065 -65.5617 -58.9487 0 0 0 0 0 0 0 0 1.1712 2.37055 0 0 
0.0105695581342896798 1.2071 0 524163 0.364159 10.0838 6.15922 0 204.4451 -201.935 0.688337 -31.9338 0 0 0 0 0 0 0 0 1.22938 1.22938 0 6.62515 
0.0105884147635780801 0.434589 0 189256 0.0892712 9.99418 6.10095 0 201.1511 142.97 108.284 91.0818 0 0 0 0 0 0 0 0 0.870525 3.91964 0 0 
0.0105932871436131611 0.501811 0 205163 40.3764 10.1541 6.20675 0 184.1961 180.226 5.40136 -37.6514 0 0 0 0 0 0 0 0 0.494451 2.50279 0 0 
0.0106204610168405301 0.559074 0 255934 40.1963 10.1422 6.19858 0 206.7261 -195.796 66.3262 0.342517 0 -0 0 0 0 -0 0 0 1.72794 3.45114 0 113.75 
0.0106647472726052513 0.245436 0 195207 0.202762 10.118 6.18217 0 113.1441 105.625 -33.8164 -22.3944 0 0 0 0 0 0 0 0 1.40068 5.58734 104.643 1740.04 
0.0106833459119337216 0.171325 0 234722 0.0910324 10.0553 6.14038 0 206.3911 203.553 29.8266 -16.5471 0 0 0 -0 0 0 0 -0 3.96852 9.45277 1717.07 5180.71 
0.010687920984731359 0.417137 0 219847 39.7453 10.1045 6.17308 0 215.3671 -212.571 13.5727 31.8157 0 0 0 0 0 0 0 0 0.38334 2.43185 0 36.6751 
0.0107049813978682389 0.627029 0 185827 0 10.0944 6.16625 0 125.671 -47.5361 6.07608 116.173 0 -0 0 0 0 -0 0 0 1.26736 3.17217 0 0 
0.0107124756145328872 0.227785 0 264494 1.22516 10.0905 6.16362 0 130.6561 58.3556 -33.5965 -111.968 0 0 0 0 0 0 0 0 2.33874 5.20824 60.6248 183.908 
0.0107202188074207536 0.575135 0 191234 39.5368 10.0868 6.1612 0 116.991 -114.098 6.53944 -25.0088 0 -0 0 0 0 -0 0 0 1.13261 4.55251 0 163.092 
0.0107499504973079165 0.188715 0 50618 0.316225 9.96952 6.08538 0 244.1621 -219.526 -106.474 9.3138 0 0 -0 0 0 0 -0 0 4.52922 11.9802 1577.52 4703.84 
0.0107525231211979353 1.39792 0 246436 39.3317 10.0703 6.15021 0 231.9691 163.003 163.13 25.0638 0 0 0 0 0 0 0 0 0 0 0 0 
0.0107525231211979353 2.21657 0 398460 39.3299 10.0709 6.15061 0 199.5541 -175.369 87.2599 -38.1186 0 0 0 0 0 0 0 0 0 0 0 0 
0.0107586580968867754 0.152731 0 209143 39.2928 10.0666 6.1478 0 177.5161 -5.29764 -57.5493 167.845 0 -0 0 0 0 -0 0 0 4.37938 10.7374 2426.22 6105.55 
0.0107586580968867754 0.32608 1 0 0 7.86456 2.25412 0 0 1 -226.412 -243.246 -177.356 1 -254.331 -40.0463 -397.933 0 0 0 -0 1.74586 4.48741 90.3559 90.3559 
0.0107917875658758954 0.216682 0 36465 0.28301 10.05 6.13693 0 81.51851 -12.2296 76.8047 24.4282 0 0 0 0 0 0 0 0 1.72211 5.96669 0 124.575 
0.0108093994588307953 0.601889 0 222067 38.9746 10.0422 6.13185 0 171.8291 -101.032 72.5053 -118.577 0 -0 0 0 0 -0 0 0 1.21856 1.83062 0 51.2519 
0.010866168676639228 0.357593 0 490798 0.346034 9.88672 6.0346 0 111.6291 89.4702 62.5301 -23.3666 0 0 0 -0 0 0 0 -0 1.38746 2.78697 18.0601 140.81 
0.010880951107832975 0.190168 0 514017 0.119767 10.0178 6.11598 0 76.95231 -51.4995 2.82419 -57.1093 0 -0 0 0 0 -0 0 0 3.03857 7.48871 661.761 2596.77 
0.0108867109989219998 1.35793 0 303045 38.5069 10.0003 6.10478 0 72.7211 64.1478 24.2319 -24.2117 0 0 0 0 0 0 0 0 0 0 0 0 
0.0108893133395922773 0.264183 0 444315 0.100188 9.87515 6.02769 0 119.5331 97.1337 -31.3739 62.2001 0 0 -0 0 0 0 -0 0 1.65394 6.14263 260.101 742.203 
0.0108960993469514496 1.96599 0 292985 38.4492 9.99604 6.10208 0 140.8011 72.4908 90.9528 -79.3566 0 0 0 0 0 0 0 0 0 0 0 0 
0.0109035864048493986 0.987211 0 307821 38.4061 9.9928 6.10002 0 201.151 144.762 118.594 73.7609 0 0 0 0 0 0 0 0 0 0.989775 0 0 
0.0109076104965286445 0.0550334 0 79197 0.0861149 9.98969 6.09805 0 151.3491 -67.3433 -115.716 -70.5779 0 0 -0 0 0 0 -0 0 3.97119 9.04587 3443.76 7037.04 
0.0109115841092183724 0.412228 0 485509 0.298145 9.93725 6.06529 0 181.0171 151.971 94.9075 25.7794 0 0 0 0 0 0 0 0 0 0 0 0 
0.0109207066125881977 0.591658 0 159247 38.304 9.98243 6.09346 0 193.661 -64.7835 -21.1996 -181.268 0 0 -0 0 0 0 -0 0 0.5909 1.73784 0 0 
0.010939854218012246 2.01761 0 383571 38.192 9.97202 6.08691 0 98.10231 49.8318 -34.3848 77.1915 0 0 0 0 0 0 0 0 0 0 0 0 
0.0109686013636310781 0.352702 0 299694 38.0255 9.95802 6.07814 0 149.2381 -102.782 -70.3682 -82.1955 0 0 0 0 0 0 0 0 0.713111 1.82002 0 0 
0.0109927211092587154 15.777 0 372622 37.8862 9.94533 6.07026 0 109.6741 84.8926 68.4307 11.7854 0 0 0 0 0 0 0 0 0 0 0 0 
0.010992921836771993 1.55278 0 393305 37.8849 9.94532 6.07025 0 113.6211 102.119 49.7302 -2.88704 0 0 0 -0 0 0 0 -0 0 0 0 0 
0.0110110940540984643 0.262042 0 492688 0.375608 9.7204 5.9396 0 236.1451 -57.1818 -81.1033 214.283 0 0 -0 0 0 0 -0 0 0.891316 3.54348 0 36.6427 
0.0110281178853802002 0.341878 0 87721 0.347389 9.92852 6.0599 0 135.131 104.821 -41.6302 74.4287 0 0 0 0 0 0 0 0 0 1.80575 0 0 
0.0110664465480166292 1.69747 0 389515 37.471 9.91029 6.04878 0 112.3011 111.489 13.4694 0.583432 0 0 0 0 0 0 0 0 0 0 0 0 
0.0110674364066215888 0.954195 0 296006 37.4654 9.90765 6.04718 0 143.0791 -139.871 27.467 12.3878 0 0 0 0 0 0 0 0 0 0 0 0 
0.0110841970041116646 0.946772 0 323235 37.3721 9.90235 6.04397 0 172.9871 -149.489 76.9528 -40.6942 0 0 0 0 0 0 0 0 0 0 0 0 
0.0111154838883947178 0.448766 0 220037 0.869741 9.8702 6.02472 0 154.3081 137.472 42.3753 -55.8294 0 0 0 -0 0 0 0 -0 0.460157 0.460157 0 0 
0.0111409860387050742 0.672791 0 258580 37.0631 9.87286 6.0263 0 210.511 -207.338 -30.7411 19.5015 0 0 0 0 0 0 0 0 0.675338 0.675338 0 71.4596 
0.0111500072750610867 1.16418 0 451460 0.451618 9.59259 5.87292 0 160.4961 127.379 64.9911 72.8679 0 0 0 0 0 0 0 0 0 0 0 0 
0.011165643074933982 0.374256 0 24007 0 9.86207 6.01991 0 76.30391 36.3371 -61.0634 -27.8057 0 0 0 0 0 0 0 0 0.339286 1.03446 0 0 
0.0111780140762494443 0.591065 0 144496 0.104588 9.85562 6.0161 0 205.2841 121.752 149.83 69.7768 0 0 0 0 0 0 0 0 0.591277 1.16863 0 0 
0.011179596995363519 0.235992 0 58537 0.13604 9.85536 6.01596 0 98.94151 61.9315 34.0465 -69.2442 0 0 0 0 0 0 0 0 0.242815 2.63183 0 0 
0.0111880321667499113 0.321656 0 459674 0.0836014 11.4117 7.349 0 187.5291 123.792 87.9718 110.015 0 0 0 0 0 0 0 0 0.287315 4.47355 0 332.535 
0.0112045326992584234 0.147662 0 149543 0.142187 9.66609 5.91059 0 202.8261 -28.8814 -104.09 -171.667 0 0 -0 0 0 0 -0 0 2.46047 5.85865 112.127 2727.33 
0.011221850712482535 1.00014 0 201617 36.6365 9.8351 6.00411 0 110.4951 -95.8695 44.5411 -32.1602 0 0 0 0 0 0 0 0 0 0 0 0 
0.0112227595500523324 0.0869809 0 624353 0.681313 14.2591 12.0366 0 35.06961 -6.78707 20.6165 -27.5458 0 0 0 -0 0 0 0 -0 2.88116 6.36972 3588.02 12307.2 
0.0112327594396734298 0.084447 1 422338 0 11.3909 7.32562 0 0 1 -101.232 -18.307 1.38127 0 0 0 0 0 0 0 0 3.58859 7.99997 2292.65 7398.06 
0.0112523023261080317 0.307276 0 143944 0.647813 9.82087 5.99588 0 76.45251 -5.38646 61.5005 45.0961 0 0 0 0 0 0 0 0 1.16506 5.10707 148.704 148.704 
0.0112593584717305632 0.597616 0 287422 36.441 9.81704 5.99367 0 196.4941 -179.95 58.6277 52.8283 0 -0 0 0 0 -0 0 0 0.616496 2.44031 0 0 
0.0112959936921402122 0.197277 0 508265 0.0823213 9.96781 6.08427 0 198.9861 -85.0581 100.649 149.099 0 0 0 0 0 0 0 0 2.26446 5.20175 2257.99 4476.59 
0.0113500615352557579 0.199681 0 394698 0.240685 9.74107 5.95091 0 130.5451 45.008 78.2185 94.33 0 0 0 0 0 0 0 0 3.47357 8.41601 264.717 3265.68 
0.0113572606869855059 0.681321 0 211996 0.163737 9.77214 5.96817 0 274.7561 -228.115 122.35 -92.1153 0 0 0 0 0 0 0 0 0 2.68228 0 0 
0.0113650919761462479 0.316954 1 0 0 9.78445 5.97509 0 0 1 -35.1787 -16.4364 36.1787 1 -45.3922 8.62144 17.7234 0 -0 0 0 0.590326 2.71762 0 107.051 
0.011369356994433347 0.471101 0 433838 0 9.7496 5.95562 0 233.2931 187.435 -138.463 -11.035 0 0 0 -0 0 0 0 -0 0.95294 1.91087 2.47001 2.47001 
0.0113711472324182598 0.158735 0 52396 0.121821 9.76556 5.96449 0 175.7331 -166.248 36.3898 -43.8118 0 -0 0 0 0 -0 0 0 3.9771 8.18007 3802.18 5139.68 
0.0113724869120095419 1.30864 0 246660 35.8723 9.76512 5.96425 0 143.8331 103.8 -24.5924 96.4812 0 0 0 0 0 0 0 0 0 0 0 0 
0.0113730564777553399 0.387621 0 8274 0 9.51936 5.83719 0 103.0321 -79.9731 -64.7852 4.77979 0 -0 0 0 0 -0 0 0 1.58699 2.38114 0 85.4242 
0.0113789860326918152 0.422007 0 242731 35.8408 9.76227 5.96266 0 131.3881 -93.1815 -53.6289 -75.5246 0 0 -0 0 0 0 -0 0 0 0.798363 0 0 
0.0113859149298410484 0.0810553 0 186579 0.29174 9.6866 5.92145 0 134.0531 39.5492 94.1621 86.8303 0 0 0 0 0 0 0 0 4.63225 10.8868 1368.22 4021.79 
0.0113891931653598219 2.32847 0 393168 35.7896 9.75689 5.95967 0 92.25021 15.5888 61.6585 -66.8231 0 0 0 -0 0 0 0 -0 0 2.34132 0 0 
0.0114049691461058037 0.198053 0 90793 0.730918 9.74924 5.95544 0 227.9091 -199.181 -22.2016 -108.52 0 0 -0 0 0 0 -0 0 4.85963 12.1141 3774.6 9520.84 
0.0114369609314833899 0.415949 0 462827 0.140703 9.99608 6.10216 0 182.3921 -148.656 17.5189 104.217 0 0 0 0 0 0 0 0 0.383142 3.61825 0 0 
0.0114482887608143361 0.180418 0 319276 1.69864 9.73078 5.94529 0 224.3231 -199.366 -102.435 8.99644 0 0 0 0 0 0 0 0 4.375 9.23377 1496.6 4980.37 
0.0114935410973250676 0.76521 0 310669 35.289 9.70967 5.93382 0 162.7841 -0.651853 -132.182 95.0051 0 0 -0 0 0 0 -0 0 0.761941 2.31445 0 48.3532 
0.011496492787711152 0.267755 0 57393 0.39119 9.70842 5.93314 0 88.39461 -18.2632 85.6918 11.7038 0 0 0 0 0 0 0 0 1.70367 3.65394 0 202.728 
0.011496492787711152 0.477772 0 191220 0.154335 9.7084 5.93314 0 134.0531 133.243 13.1658 -6.56048 0 0 0 0 0 0 0 0 0 0.978079 0 0 
0.0115021100222449553 1.29685 0 218673 35.2491 9.70499 5.9313 0 140.1141 49.1402 -129.59 -20.5833 0 0 0 -0 0 0 0 -0 0 2.59015 0 0 
0.011513405228980738 0.727749 0 316784 35.195 9.70053 5.9289 0 52.12491 34.0208 31.9297 -23.2397 0 0 0 0 0 0 0 0 0.746958 1.49037 0 0 
0.0115179142493863247 2.25787 1 0 35.1696 9.74047 5.9506 0 0 1 29.9665 48.2078 -35.2486 1 12.1569 61.8062 -15.3441 0 0 0 0 0 0 0 0 
0.0115215228058282645 2.37112 0 526577 0.342447 9.68571 5.92098 0 188.0741 -187.62 12.1914 -4.68595 0 0 0 0 0 0 0 0 0 0 0 0 
0.0115235680847222931 1.23793 0 302817 35.1486 9.69601 5.92648 0 73.57951 37.133 -5.72885 63.2634 0 0 0 0 0 0 0 0 0 0 0 0 
0.0115805044080634079 0.874818 0 165929 0.700768 9.67042 5.91291 0 275.2921 184.951 176.921 -101.38 0 0 0 0 0 0 0 0 0 1.76921 0 0 
0.0115896565262385131 1.41086 0 380007 34.8455 9.66614 5.91066 0 143.1321 113.971 55.5685 -66.4048 0 0 0 0 0 0 0 0 0 1.42846 0 0 
0.0116043755570226712 0.283611 0 554648 0.156851 9.65877 5.9068 0 326.4451 135.256 -295.5 -30.8588 0 0 0 -0 0 0 0 -0 1.85261 6.74047 138.817 386.304 
0.0116158329629828024 1.04997 0 447592 0.719538 9.60003 5.87667 0 172.4051 57.3437 104.674 -124.414 0 0 0 0 0 0 0 0 1.03475 4.14505 0 0 
0.0116545018664404171 0.479528 0 296138 34.5542 9.63712 5.89556 0 119.4781 115.246 10.1964 -29.8231 0 0 0 0 0 0 0 0 0.491966 0.969949 0 0 
0.0116630035842558832 0.89209 0 330567 34.5159 9.63274 5.8933 0 183.7941 176.708 -4.05895 -50.379 0 0 0 0 0 0 0 0 0.882147 3.53545 0 0 
0.0116639956187774198 1.91211 0 215195 34.5123 9.63257 5.89321 0 150.4061 -136.335 60.3778 19.7272 0 0 0 0 0 0 0 0 0 0 0 0 
0.0116848164994808566 0.91095 0 38744 0.488867 9.62223 5.88791 0 184.1131 -97.7003 -142.257 64.1505 0 0 0 0 0 0 0 0 0 0.926776 0 0 
0.0116953932242756589 0.393434 0 463247 2.09695 9.61949 5.88651 0 119.5521 -26.7287 -72.2428 -91.4286 0 -0 0 0 0 -0 0 0 0.797968 1.60961 0 0 
0.0117013952843251379 0.682551 0 71669 0.901588 9.61482 5.88413 0 244.5261 -217.715 1.34673 -111.316 0 0 0 0 0 0 0 0 0 2.71048 0 0 
0.011705613608813328 0.593204 0 213781 34.3295 9.61391 5.88367 0 138.9571 56.8115 -112.084 -59.3182 0 0 0 -0 0 0 0 -0 0.600516 1.19559 0 0 
0.0117746533071469359 2.39732 0 386821 34.0314 9.58362 5.86846 0 71.41731 47.7442 52.3254 -9.1092 0 0 0 0 0 0 0 0 0 0 0 0 
0.011787640875518977 0.231841 0 306675 33.9768 9.57652 5.86494 0 119.7561 118.332 -11.3195 -14.5188 0 0 0 0 0 0 0 0 2.1593 5.5795 0 538.305 
0.0117934014551861754 0.276119 0 202678 33.9515 9.57503 5.8642 0 121.5021 111.447 35.8784 32.479 0 0 0 0 0 0 0 0 0.639662 5.8074 0 569.767 
0.0118118552004829493 0.197627 0 272267 33.8736 9.56633 5.85991 0 192.1451 -132.431 5.98823 -139.089 0 0 0 0 0 0 0 0 2.73808 6.95219 932.344 2540.5 
0.0118141572229798104 1.54727 0 334345 33.8645 9.56604 5.85977 0 131.9571 105.841 23.1951 75.3149 0 0 0 0 0 0 0 0 0 1.54333 0 0 
0.0118783885251666915 0.301203 0 449466 0.257633 9.43955 8.21491 0 01 0 0 0 0 0 0 0 0 0 0 0 0.296511 3.95921 0 0 
0.0118953385232766426 0.961844 0 363058 33.527 9.53047 5.8425 0 99.16851 -99.1212 -3.04296 0.344931 0 0 -0 0 0 0 -0 0 0 1.89242 0 0 
0.0119219364612721569 0.38534 0 17420 33.4215 9.51906 5.83705 0 128.0971 -17.4828 -123.946 -27.2132 0 0 -0 0 0 0 -0 0 1.48151 5.54468 275.809 275.809 
0.0119346476258644571 0.205872 0 195542 33.3682 9.51381 5.83455 0 61.92231 47.7634 -17.0067 35.55 0 0 0 0 0 0 0 0 4.83975 9.10083 1494.62 5714.96 
0.0119699838675667442 0.185999 0 529405 0.110083 9.3186 8.10969 0 01 0 0 0 0 0 0 0 0 0 0 0 5.37811 10.0508 1244.83 6299.44 
0.0119875555512265371 0.731824 0 149405 0.10761 9.32921 8.11893 0 01 0 0 0 0 0 0 0 0 0 0 0 0 2.14616 0 0 
0.0120007228255779048 0.225455 0 378323 0.188756 9.48422 8.25394 0 01 0 0 0 0 0 0 0 0 0 0 0 3.16044 8.07723 0 198.073 
0.0120075247726371733 0.522123 0 342636 33.0787 9.48172 8.25177 0 01 0 0 0 0 0 0 0 0 0 0 0 1.03604 3.16287 0 0 
0.012013496089127669 0.779844 0 138555 33.057 9.47817 8.24869 0 01 0 0 0 0 0 0 0 0 0 0 0 0 3.87626 0 0 
0.0120251634944260402 0.376829 0 545504 0.229646 9.28361 8.07921 0 01 -0 0 0 0 -0 0 0 0 -0 0 0 1.13145 2.21652 0 0 
0.0120410526488576985 0.239935 0 224265 32.946 9.46802 8.23983 0 01 0 0 -0 0 0 0 -0 0 0 0 -0 1.44837 4.10936 0 1.81491 
0.0120783467370979541 1.57057 0 362838 32.8024 9.45349 8.22722 0 01 0 0 0 0 0 0 0 0 0 0 0 1.54216 1.54216 0 0 
0.0120837288816862502 0.587115 0 296592 32.7839 9.45182 8.22576 0 01 0 0 0 0 0 0 0 0 0 0 0 1.77484 4.16357 0 0 
0.0120873317615222426 0.542073 0 41308 0.218124 9.4502 8.22437 0 01 0 0 0 0 0 0 0 0 0 0 0 1.0502 4.73658 0 0 
0.0121125826956721295 0.198325 0 236025 0.322059 9.4401 8.21567 0 01 0 0 -0 0 0 0 -0 0 0 0 -0 6.65517 15.8054 5482.92 9016.61 
0.0121395819628389006 0.620444 0 316050 32.5693 9.42935 8.20647 0 01 0 0 -0 0 0 0 -0 0 0 0 -0 1.26237 2.51802 0 256.254 
0.0121716555537499452 1.11371 0 350599 32.4505 9.41583 8.19478 0 01 0 0 -0 0 0 0 -0 0 0 0 -0 0 0 0 0 
0.0122013930870525644 0.140906 0 223846 0.0950335 9.40393 8.18466 0 01 0 0 0 0 0 0 0 0 0 0 0 5.05923 11.3127 1534.25 6586.36 
0.0122170610167397862 0.253781 0 176355 0.0899803 9.39768 8.17916 0 01 0 0 0 0 0 0 0 0 0 0 0 2.05415 7.68857 95.1263 192.076 
0.0122344487385289639 0.264757 0 175769 29.0216 9.39067 8.17299 0 01 0 0 0 0 0 0 0 0 0 0 0 2.01986 5.49858 0 251.646 
0.0122450991860411796 0.421878 0 452268 0 9.29896 8.09305 0 01 0 0 0 0 0 0 0 0 0 0 0 2.01298 5.66624 0 0 
0.0122615097056826532 0.267374 0 121925 0 9.3795 8.16313 0 01 0 -0 0 0 0 -0 0 0 0 -0 0 1.18847 5.58167 0 696.562 
0.0122804640795469381 0.292974 0 415520 0.44895 10.2932 6.30584 0 79.07011 -37.0178 -28.9688 -63.5812 0 0 0 0 0 0 0 0 1.26736 7.214 0 0 
0.0123269338480634077 1.03398 0 429059 0 9.31064 8.10303 0 01 0 0 -0 0 0 0 -0 0 0 0 -0 0 1.01423 0 0 
0.0123356547189627033 0.395282 0 370212 31.8537 9.34994 8.13725 0 01 0 -0 0 0 0 -0 0 0 0 -0 0 0.822462 1.64261 0 0 
0.0123409950003708288 0.751782 0 544006 0.523301 9.19818 8.00497 0 01 0 0 0 0 0 0 0 0 0 0 0 1.50226 6.75897 0 0 
0.0124115557668310478 0.18039 0 194863 31.5906 9.32097 8.11187 0 01 0 0 0 0 0 0 0 0 0 0 0 5.51441 11.0125 2050.37 7693.81 
0.0124237236588445425 0.305393 0 109173 0.313888 9.31496 8.1067 0 01 0 0 0 0 0 0 0 0 0 0 0 0 2.58766 0 0 
0.0124455342607990675 0.298727 0 55686 0.166742 9.30623 8.09912 0 01 0 0 0 0 0 0 0 0 0 0 0 2.22542 6.33044 0 0 
0.0124744934713442099 0.300896 0 509427 0.0862427 9.16535 7.97643 0 01 -0 0 0 0 -0 0 0 0 -0 0 0 1.54133 6.36479 0 0 
0.0125005089044142731 0.22554 0 208370 0.150864 9.2857 8.08133 0 01 0 0 -0 0 0 0 -0 0 0 0 -0 1.11374 4.10884 0 102.443 
0.0125067080776691264 2.90301 0 482470 0.115491 9.97046 6.08601 0 204.1771 191.684 -66.768 -22.075 0 0 -0 0 0 0 -0 0 0 0 0 0 
0.0125157043142985914 0.81782 0 184947 31.2345 9.27929 8.07576 0 01 0 0 0 0 0 0 0 0 0 0 0 0.802086 3.25299 0 0 
0.0125165127543060573 0.69038 0 67849 1.02787 9.14588 7.95948 0 01 0 -0 0 0 0 -0 0 0 0 -0 0 0.699746 2.09256 0 0 
0.01253591837629499 0.168012 0 588120 0.0918978 9.15426 7.96674 0 01 0 -0 0 0 0 -0 0 0 0 -0 0 6.31931 11.7606 808.268 4355.57 
0.0125634911539530651 0.218548 0 486897 0.382503 9.13346 7.94866 0 01 0 0 0 0 0 0 0 0 0 0 0 3.30599 8.13825 423.85 641.543 
0.0125756972428912404 0.78071 0 300179 0.201562 9.25486 8.05451 0 01 0 0 0 0 0 0 0 0 0 0 0 0.777972 0.777972 0 0 
0.0126026674905371418 0.852435 0 304523 30.9467 9.24706 8.04769 0 01 0 -0 0 0 0 -0 0 0 0 -0 0 0.845645 0.845645 0 34.7118 
0.0126191278498964162 0.460827 0 30458 0.151214 9.24106 8.04238 0 01 0 0 0 0 0 0 0 0 0 0 0 0.939691 4.16097 0 78.1493 
0.0126417710648861568 0.444267 0 86848 0 9.17017 7.98063 0 01 0 0 0 0 0 0 0 0 0 0 0 0.95576 3.25421 0 0 
0.0126499808991899308 0.187473 0 52314 30.7935 9.22943 8.03226 0 01 0 0 0 0 0 0 0 0 0 0 0 4.61197 10.368 414.75 3650.37 
0.0126551123881094105 0.698267 0 69754 30.7762 9.22764 8.03072 0 01 0 -0 0 0 0 -0 0 0 0 -0 0 0.706172 3.47886 0 0 
0.0126623818828553916 0.265186 0 488133 0.11729 9.2063 8.01218 0 01 -0 0 0 0 -0 0 0 0 -0 0 0 1.10136 3.4843 0 18.5412 
0.012669938163161476 0.126749 0 597988 0.102161 9.02602 7.85499 0 01 0 -0 0 0 0 -0 0 0 0 -0 0 5.79751 13.4272 541.396 6158.32 
0.0126807152492786658 0.429319 0 59481 30.6952 9.21607 8.02073 0 01 0 0 -0 0 0 0 -0 0 0 0 -0 1.69726 7.17958 0 0 
0.0126854977306262249 0.297569 0 194475 30.6804 9.21715 8.02169 0 01 0 0 0 0 0 0 0 0 0 0 0 0.622996 2.26137 0 0 
0.0127144648637635468 1.06349 0 253960 30.5912 9.20396 8.01009 0 01 0 0 0 0 0 0 0 0 0 0 0 0 2.13067 0 0 
0.0127227302556832678 0.19852 0 132704 0.106703 9.202 8.00839 0 01 0 0 0 0 0 0 0 0 0 0 0 3.3811 7.50237 1615.99 2798.2 
0.0127361859694166898 0.372563 0 19678 1.77922 9.19988 8.00664 0 01 0 0 -0 0 0 0 -0 0 0 0 -0 1.89729 6.43421 0 68.3115 
0.0127449170350243095 0.127267 0 446774 0.0806581 9.05272 7.87836 0 01 0 0 -0 0 0 0 -0 0 0 0 -0 9.89643 17.5078 3221.05 9498.3 
0.0127682235234448539 2.18394 0 357743 30.4199 9.18628 7.99513 0 01 0 0 0 0 0 0 0 0 0 0 0 0 0 0 0 
0.0127692525013371055 0.614803 0 263588 30.416 9.18649 7.99531 0 01 -0 0 0 0 -0 0 0 0 -0 0 0 0.617293 3.04589 0 0 
0.0127846259254784846 0.629502 0 325015 30.3703 9.18136 7.99076 0 01 -0 0 0 0 -0 0 0 0 -0 0 0 1.26065 4.43685 0 21.0792 
0.0128409534878967148 0.096998 0 499663 0 9.02515 7.85452 0 01 0 0 0 0 0 0 0 0 0 0 0 6.93811 14.9895 4902.83 8101.79 
0.0128655703919991222 0.945456 0 183892 30.1223 9.15185 7.96462 0 01 -0 0 0 0 -0 0 0 0 -0 0 0 0.945581 1.88903 0 19.8409 
0.0129097935968716469 0.139912 0 463108 0.16665 9.10123 7.92008 0 01 0 0 0 0 0 0 0 0 0 0 0 2.93159 7.55952 442.457 5291.81 
0.0129113775822755975 3.06028 0 387995 29.9841 9.13573 7.95015 0 01 0 0 0 0 0 0 0 0 0 0 0 0 0 0 0 
0.0129330706834349905 0.357403 0 207965 0.650716 10.2561 6.27871 0 143.7211 128.234 45.5689 46.2098 0 0 0 0 0 0 0 0 1.14195 4.19651 0 0 
0.0129439214141380127 0.168739 0 447397 0.146219 9.01057 7.84114 0 01 0 0 0 0 0 0 0 0 0 0 0 4.67579 10.3459 1884.02 5839.72 
0.0129575731325470081 1.03914 0 129259 0.275958 9.12085 7.93739 0 01 0 -0 0 0 0 -0 0 0 0 -0 0 1.0236 5.15261 0 0 
0.0129737018567625366 0.210146 0 292369 0.144825 9.11513 7.93262 0 01 0 0 -0 0 0 0 -0 0 0 0 -0 7.85948 17.1314 3259.33 6626.11 
0.0129818651990616825 1.78825 0 271389 29.7789 9.11281 7.93074 0 01 0 0 0 0 0 0 0 0 0 0 0 0 5.22893 0 0 
0.0129907286686761752 0.33234 0 86949 29.7502 9.10932 7.92782 0 01 0 0 0 0 0 0 0 0 0 0 0 0.626421 4.22854 65.9497 194.116 
0.0130179675145097248 0.291463 0 486206 0.179981 28.3678 8.77478 0 68.57111 26.1028 -28.3234 -56.7312 0 0 0 0 0 0 0 0 0 2.5071 0 0 
0.0130206225842822189 0.388194 0 274730 29.6653 9.09849 7.91847 0 01 0 0 -0 0 0 0 -0 0 0 0 -0 1.11761 4.5367 0 0 
0.0130257640247760671 1.84051 0 367285 29.6525 9.09661 7.91678 0 01 0 0 0 0 0 0 0 0 0 0 0 0 1.81037 0 0 
0.0130481415113064773 0.404106 0 632995 0.166605 9.07673 7.89922 0 01 0 0 0 0 0 0 0 0 0 0 0 0.777291 4.91403 0 0 
0.0130515255825724638 0.191768 0 289599 0.155153 9.08832 7.90931 0 01 0 -0 0 0 0 -0 0 0 0 -0 0 4.78264 10.9778 688.776 3737.33 
0.013065962766237723 0.718162 0 468689 0.560821 9.01499 7.84522 0 01 0 0 0 0 0 0 0 0 0 0 0 0 0.712901 0 0 
0.013100698200585726 1.14585 0 366867 29.4376 9.07137 7.89438 0 01 0 0 0 0 0 0 0 0 0 0 0 0 3.39069 0 0 
0.0131017393609522692 0.386402 0 153147 0.270218 9.06273 7.88686 0 01 0 0 0 0 0 0 0 0 0 0 0 0.731843 3.31108 0 0 
0.0131065399097470611 0.703219 0 733135 0.503863 8.95453 7.79254 0 01 0 0 0 0 0 0 0 0 0 0 0 0.719353 4.29237 0 0 
0.0131147279419061638 0.969194 0 708746 0.167792 9.14455 7.95844 0 01 0 0 0 0 0 0 0 0 0 0 0 0.983255 3.93379 0 54.5719 
0.0131592590301743747 0.237051 1 450216 0 9.0276 7.85661 0 0 2 0.0511348 0.69274 -0.345178 0 0 0 0 0 0 0 0 1.56401 4.65408 0 75.3767 
0.0131611685374735787 0.399 0 442649 0.670906 12.216 8.3763 0 66.07691 2.73513 60.4194 26.6116 0 0 0 0 0 0 0 0 0.379657 3.05117 0 0 
0.0131756593415542633 0.777735 0 335816 29.2236 9.04734 7.87358 0 01 0 0 0 0 0 0 0 0 0 0 0 0.775302 3.07671 0 0 
0.0131829973678526634 0.632011 0 313243 29.2039 9.04593 7.87224 0 01 0 0 0 0 0 0 0 0 0 0 0 0.637265 2.56286 0 0 
0.0132185627246172582 0.266759 0 439650 21.2494 9.04346 7.87004 0 01 0 -0 0 0 0 -0 0 0 0 -0 0 1.30239 4.70297 0 58.9575 
0.0132325951476712379 0.78021 0 353010 29.0679 9.03143 7.85962 0 01 0 0 -0 0 0 0 -0 0 0 0 -0 0 2.3177 0 0 
0.0132535087781178052 0.138011 0 185079 4.13925 8.78046 7.64058 0 01 -0 0 0 0 -0 0 0 0 -0 0 0 7.333 13.5313 2210.29 6861.37 
0.0132541782269899235 0.580331 0 261741 29.0085 9.02376 7.85297 0 01 0 0 0 0 0 0 0 0 0 0 0 0 0 0 0 
0.013261695945876251 0.459097 0 201415 28.9879 9.02126 7.85078 0 01 0 0 -0 0 0 0 -0 0 0 0 -0 0 1.4299 0 0 
0.013282778019501177 0.0806671 0 179360 0.159336 9.01351 7.84406 0 01 0 0 -0 0 0 0 -0 0 0 0 -0 5.34451 12.3829 4904.05 10171 
0.0133402295061651553 0.652085 0 126118 0.352136 8.99573 7.82879 0 01 -0 0 0 0 -0 0 0 0 -0 0 0 1.29007 7.76663 0 44.6655 
0.0133676424529219125 0.777119 0 650732 0.120346 9.00996 7.84135 0 01 0 -0 0 0 0 -0 0 0 0 -0 0 3.09974 8.5149 0 0 
0.0133778461446739712 1.9521 0 239877 28.678 8.98626 7.82075 0 01 0 0 0 0 0 0 0 0 0 0 0 3.96148 3.96148 0 0 
0.0133825371144712362 0.6842 0 308710 28.6661 8.98223 7.81722 0 01 0 0 0 0 0 0 0 0 0 0 0 0.685423 3.42863 0 0 
0.0133877258634888807 1.46934 0 332721 28.6521 8.98183 7.81689 0 01 0 0 0 0 0 0 0 0 0 0 0 0 2.91957 0 0 
0.0134034581756169759 0.424096 0 451529 1.30351 9.86283 6.02047 0 56.29381 -50.2742 -24.5398 -6.26832 0 0 0 -0 0 0 0 -0 2.57686 6.92883 0 189.529 
0.0134250213697928063 0.254745 0 443097 0 8.83085 7.68473 0 01 0 0 0 0 0 0 0 0 0 0 0 0.987843 4.93512 0 42.5161 
0.0134274384693577244 1.14243 0 248774 28.5498 8.9662 7.80283 0 01 0 0 0 0 0 0 0 0 0 0 0 0 1.15042 0 0 
0.0134288579114952029 0.292331 0 449139 0.267109 27.1752 8.88639 0 173.8911 -168.932 3.42231 41.0912 0 0 0 0 0 0 0 0 3.03206 8.2548 0 424.895 
0.0134318241930438415 0.364239 0 61856 0.19932 8.87912 7.72678 0 01 0 0 0 0 0 0 0 0 0 0 0 2.24374 4.87759 0 222.768 
0.0134566269516557813 0.534975 0 55732 0.10439 8.96191 7.7987 0 01 0 0 0 0 0 0 0 0 0 0 0 0 1.12051 0 0 
0.0134914340088160192 0.248421 0 494967 0.129795 11.8219 7.84376 0 147.7041 34.8086 48.9465 -134.942 0 0 0 0 0 0 0 0 2.04355 6.83954 0 12.8156 
0.0134947254433180411 1.16868 0 291918 28.3755 8.95059 7.78857 0 01 0 0 0 0 0 0 0 0 0 0 0 0 2.28761 0 0 
0.013496216979343811 0.215507 0 457015 0.0937718 9.96677 6.08364 0 136.9021 1.26341 125.571 54.5198 0 0 0 0 0 0 0 0 3.42598 7.31316 2874.12 6702.08 
0.0134993407129543781 0.672801 0 228406 0.123863 8.94961 7.78771 0 01 -0 0 0 0 -0 0 0 0 -0 0 0 0.688431 4.12154 0 6.71822 
0.0135026067079716434 0.334747 0 344896 28.3557 8.94746 7.78587 0 01 0 0 0 0 0 0 0 0 0 0 0 0 0.703256 0 0 
0.0135097465076225356 0.283297 0 185355 28.3386 8.9468 7.78527 0 01 0 0 0 0 0 0 0 0 0 0 0 1.00189 5.51855 58.8673 88.331 
0.0135124057978981745 0.437808 0 223714 28.3313 8.94599 7.78458 0 01 0 -0 0 0 0 -0 0 0 0 -0 0 0.896373 2.23381 0 0 
0.0135225049063357888 0.538908 0 106288 40.6661 8.94278 7.78179 0 01 0 0 0 0 0 0 0 0 0 0 0 0 2.75797 0 0 
0.0135298195698396219 0.713787 0 224840 28.2861 8.94026 7.77961 0 01 0 0 0 0 0 0 0 0 0 0 0 0 0.715093 0 0 
0.0135321331114120168 0.210037 0 67839 12.9534 8.88401 7.73052 0 01 0 0 0 0 0 0 0 0 0 0 0 3.17286 7.27474 1795.33 4672.9 
0.0135327532248204069 0.140277 0 444672 0.0899781 8.86081 7.71027 0 01 0 0 0 0 0 0 0 0 0 0 0 3.42392 7.50319 1329.31 3705.2 
0.0135554785864509583 0.939571 0 296004 28.2226 8.93344 7.77379 0 01 0 0 0 0 0 0 0 0 0 0 0 0 0 0 0 
0.0135843253683404063 0.24665 0 459238 0.088055 8.91323 7.75632 0 01 0 0 -0 0 0 0 -0 0 0 0 -0 0.986695 4.19215 0 0 
0.0135870149153601277 0.40722 0 243100 28.143 8.92391 7.76564 0 01 0 -0 0 0 0 -0 0 0 0 -0 0 0.402406 1.98736 0 54.6017 
0.0136161914872103083 0.54682 0 365272 28.0702 8.91489 7.75765 0 01 0 0 0 0 0 0 0 0 0 0 0 0.556623 1.66001 0 3.30331 
0.0136169743789083583 0.151067 0 6219 0.395642 8.91512 7.75784 0 01 0 -0 0 0 0 -0 0 0 0 -0 0 3.58962 8.53247 984.435 3766.8 
0.0136235913062799398 1.28718 0 331934 28.0534 8.9123 7.75541 0 01 0 0 0 0 0 0 0 0 0 0 0 0 0 0 0 
0.0136393988999800788 0.457717 0 41160 0.387791 8.90771 7.75141 0 01 0 0 -0 0 0 0 -0 0 0 0 -0 1.40869 4.73083 0 0 
0.0136598970414160258 0.0752473 0 428017 0.230571 8.92376 7.76547 0 01 0 0 0 0 0 0 0 0 0 0 0 3.86125 10.4933 1008.55 5672.54 
0.0136598970414160258 0.364039 0 559027 0.276417 8.75606 7.61907 0 01 0 0 0 0 0 0 0 0 0 0 0 1.16425 4.25075 0 0 
0.0136678518656659486 0.48618 0 506890 1.89493 9.01857 7.84826 0 01 0 -0 0 0 0 -0 0 0 0 -0 0 0.480558 1.91103 0 0 
0.0136689661239320064 1.09227 0 279797 27.9416 8.90087 7.74555 0 01 0 0 0 0 0 0 0 0 0 0 0 0 1.10311 0 0 
0.0136858012326548321 1.37749 0 300870 27.9003 8.8951 7.74058 0 01 0 0 0 0 0 0 0 0 0 0 0 0 0 0 0 
0.0137035619305813008 0.620054 0 262055 27.8567 8.89172 7.73772 0 01 0 0 -0 0 0 0 -0 0 0 0 -0 2.49904 3.74882 0 22.4266 
0.0137089551440035349 1.4687 0 223552 27.8459 8.89119 7.73728 0 01 0 0 0 0 0 0 0 0 0 0 0 0 0 0 0 
0.0137498265088502204 0.124952 0 424785 0.319184 11.3643 7.29609 0 75.72971 -71.8012 -4.76804 23.5974 0 -0 0 0 0 -0 0 0 4.83389 9.81819 1474.45 4994.44 
0.0137577631989508672 0.913293 0 432534 0.177053 8.79719 7.65517 0 01 0 0 0 0 0 0 0 0 0 0 0 0 3.61541 0 0 
0.0138064882586164568 0.0638441 0 166801 27.6131 8.86475 7.71428 0 01 0 0 0 0 0 0 0 0 0 0 0 3.65349 7.57491 1424.64 4588.65 
0.0138264537601342895 0.336712 0 641758 0.611334 25.8331 6.10636 0 92.97091 52.0377 -63.3434 -43.8552 0 0 0 -0 0 0 0 -0 2.05063 6.9816 0 0 
0.0138309506605054245 0.905748 0 339850 27.5548 8.857 7.70759 0 01 0 -0 0 0 0 -0 0 0 0 -0 0 0 0.919006 0 0 
0.0138748184416945912 0.672885 0 335263 27.4531 8.84525 7.69746 0 01 0 -0 0 0 0 -0 0 0 0 -0 0 0.672486 2.04685 0 0 
0.0138769928563074706 0.166845 0 18064 27.4481 8.84478 7.69703 0 01 0 0 -0 0 0 0 -0 0 0 0 -0 5.3469 12.4177 2903.49 6896.41 
0.013885151343715341 0.571719 0 129927 27.4288 8.84315 7.69557 0 01 -0 0 0 0 -0 0 0 0 -0 0 0 0.575475 7.81993 0 0 
0.0139184713273435949 0.555412 0 223825 27.3517 8.83441 7.68766 0 01 0 0 0 0 0 0 0 0 0 0 0 1.10432 3.31741 0 0 
0.0139360964617800016 0.283221 0 149264 0.282997 8.83012 7.68379 0 01 0 0 0 0 0 0 0 0 0 0 0 1.23419 2.54799 77.5816 541.413 
0.0139369184393317146 0.418356 0 298005 0.368509 8.82863 7.68248 0 01 0 -0 0 0 0 -0 0 0 0 -0 0 1.14222 3.09532 0 0 
0.0139425378448385841 0.563034 1 0 0 10.0339 6.12646 0 0 1 99.4296 -190.665 -23.5183 1 94.5346 -205.627 87.9783 0 0 0 0 0.545401 1.11106 0 0 
0.0139456687433123019 0.188167 0 491495 0.134074 9.03232 7.86019 0 01 0 0 0 0 0 0 0 0 0 0 0 2.61047 9.46063 118.638 978.737 
0.0139580038566985924 0.528909 0 553568 0.161165 8.75143 7.61509 0 01 0 -0 0 0 0 -0 0 0 0 -0 0 0.533287 3.14735 0 61.6222 
0.013967451889119336 0.304195 0 81542 27.2419 8.82196 7.67676 0 01 0 0 -0 0 0 0 -0 0 0 0 -0 1.89056 6.69482 0 0 
0.013967451889119336 0.785102 0 340718 27.2398 8.82168 7.67652 0 01 -0 0 0 0 -0 0 0 0 -0 0 0 0.776464 2.33858 0 0 
0.0139767184924209538 0.516736 0 181037 0.2054 8.81867 7.67395 0 01 0 0 0 0 0 0 0 0 0 0 0 1.05372 4.21371 56.8945 56.8945 
0.0139816875651022944 0.302458 0 257243 0.141774 8.81721 7.6727 0 01 0 0 0 0 0 0 0 0 0 0 0 0.550502 2.20783 0 733.175 
0.0139958158193131382 1.55929 0 352578 27.1776 8.81476 7.6706 0 01 0 -0 0 0 0 -0 0 0 0 -0 0 1.57052 4.69929 0 0 
0.0140077161009259186 0.292216 0 241647 0.141127 8.81122 7.6676 0 01 0 0 0 0 0 0 0 0 0 0 0 2.55623 6.18125 0 26.6181 
0.0140097499730287428 0.709779 0 561353 0.291527 8.57171 7.45837 0 01 0 0 0 0 0 0 0 0 0 0 0 0 0.723471 0 0 
0.0140238493699800203 0.815404 0 292326 27.1149 8.80818 7.66491 0 01 0 0 -0 0 0 0 -0 0 0 0 -0 0.827154 4.11565 0 0 
0.0140523483749565477 1.35138 0 250839 27.0503 8.80071 7.65849 0 01 0 0 0 0 0 0 0 0 0 0 0 0 0 0 0 
0.0140644028552284056 0.162033 0 607039 0.269063 8.78048 7.64081 0 01 0 0 0 0 0 0 0 0 0 0 0 4.83334 9.76381 1359.98 5382.76 
0.0140801765187915789 0.370653 0 304714 26.9905 8.793 7.65175 0 01 0 0 0 0 0 0 0 0 0 0 0 0.375905 4.34986 0 0 
0.0141228668009725014 0.495225 0 429434 0.256723 8.82928 7.68355 0 01 0 0 0 0 0 0 0 0 0 0 0 1.92723 4.36525 0 0 
0.0141317887888347208 0.495558 0 530778 4.67302 10.6439 6.58424 0 200.611 199.69 18.7373 4.12372 0 0 0 0 0 0 0 0 0 1.46263 0 0 
0.0141528340424980168 1.65127 0 413417 0 9.34312 8.1317 0 01 0 0 0 0 0 0 0 0 0 0 0 0 3.29112 0 0 
0.0141564137076766513 0.0791064 0 509498 0.116457 10.576 6.32115 0 73.32781 -54.586 6.12958 -48.5774 0 0 0 -0 0 0 0 -0 3.42318 8.39786 2538.05 2855.08 
0.0141705934190097579 0.139201 0 482229 0.106601 10.2177 6.25136 0 191.0351 48.8608 69.7836 170.989 0 0 0 0 0 0 0 0 5.69799 10.6991 808.889 6138.68 
0.0141729239063551494 0.351761 0 559944 0.207837 10.3463 6.3454 0 57.31561 -12.9393 46.5104 30.8939 0 0 0 0 0 0 0 0 0.991175 4.33695 202.417 202.417 
0.0141958943470519676 0.157692 0 476191 0.0940293 10.7218 6.65245 0 114.791 -114.768 1.9975 -1.05079 0 0 0 -0 0 0 0 -0 7.62294 15.3425 676.243 5687.22 
0.0142047664834221606 0.295571 0 242090 0.597461 8.76317 7.62583 0 01 0 -0 0 0 0 -0 0 0 0 -0 0 1.17572 5.77712 0 74.8576 
0.0143004677357197671 0.346258 0 295684 0.0903629 8.74151 7.60714 0 01 0 0 0 0 0 0 0 0 0 0 0 2.2901 7.86426 0 0 
0.014315300374773101 0.451391 0 305193 26.4866 8.7377 7.60387 0 01 0 0 0 0 0 0 0 0 0 0 0 1.38236 6.40102 0 0 
0.014315300374773101 1.40836 0 591354 1.76771 8.55315 7.44265 0 01 0 0 -0 0 0 0 -0 0 0 0 -0 0 1.4241 0 0 
0.0143271054459583238 0.457085 0 570156 0.0897887 12.0154 8.09874 0 26.82681 -7.41577 25.7815 -0.0257219 0 -0 0 0 0 -0 0 0 2.72907 11.2178 0 320.736 
0.0143913734819481037 0.285557 0 125335 0.14814 8.72004 7.58847 0 01 0 0 0 0 0 0 0 0 0 0 0 2.08596 6.75144 0 2.10708 
0.0143951410699185503 0.346042 0 18681 1.05374 8.71902 7.58757 0 01 0 0 0 0 0 0 0 0 0 0 0 4.60684 10.0777 0 351.291 
0.0143970783764568108 0.795465 0 279961 0.336754 8.71704 7.58585 0 01 0 0 0 0 0 0 0 0 0 0 0 0 2.36552 0 0 
0.0144199124740737195 0.236843 0 335749 0.122798 8.71289 7.58225 0 01 0 0 0 0 0 0 0 0 0 0 0 10.8046 23.1943 1949.54 5750.66 
0.0144333022516462892 0.237623 0 195209 26.2463 8.70845 7.57838 0 01 0 0 0 0 0 0 0 0 0 0 0 8.92071 18.6897 3528.15 7456.4 
0.0144411898137629235 0.311976 0 145174 0.0937718 8.70899 7.5789 0 01 0 0 0 0 0 0 0 0 0 0 0 7.61718 19.2708 103.65 577.028 
0.0144496406724356451 0.22267 0 8327 26.2079 8.70618 7.57646 0 01 0 -0 0 0 0 -0 0 0 0 -0 0 5.97451 14.6613 1574.11 2504.19 
0.0144790377889725697 0.245508 0 498186 0.158879 8.65736 7.53379 0 01 0 0 0 0 0 0 0 0 0 0 0 1.15237 4.91168 0 424.94 
0.014506573427737722 0.577017 0 232834 0.448277 8.6928 7.56444 0 01 0 0 -0 0 0 0 -0 0 0 0 -0 0.578062 2.30308 0 0 
0.0145170711815693909 0.255792 0 171637 0.0948769 8.69038 7.56229 0 01 0 0 0 0 0 0 0 0 0 0 0 2.20622 8.33807 246.309 650.171 
0.0145326622900342848 0.23019 0 9348 0.586364 8.68273 7.55563 0 01 0 0 0 0 0 0 0 0 0 0 0 8.16854 14.7997 1787.08 5289.04 
0.0145342388058347285 0.191173 0 210569 0.0859257 8.68334 7.55616 0 01 0 0 -0 0 0 0 -0 0 0 0 -0 4.33743 14.3676 989.531 4755.73 
0.0145404039961219266 0.434364 0 538378 0.262314 8.72066 7.58879 0 01 0 0 0 0 0 0 0 0 0 0 0 0.454783 2.76614 0 0 
0.0145456958873025448 1.69853 0 325539 26.0189 8.68174 7.55477 0 01 0 0 0 0 0 0 0 0 0 0 0 1.72791 3.43973 138.711 138.711 
0.0145478891337378867 0.450342 0 443635 0.181143 8.71843 7.58684 0 01 0 0 -0 0 0 0 -0 0 0 0 -0 1.82563 4.98067 0 0 
0.0145651504719608582 2.26673 0 369436 25.9777 8.68023 7.55363 0 01 0 0 0 0 0 0 0 0 0 0 0 0 0 0 0 
0.014627411585253729 0.61634 0 489475 0.480338 8.69734 7.56857 0 01 -0 0 0 0 -0 0 0 0 -0 0 0 3.66471 10.9601 131.227 156.175 
0.0146474997528492669 0.143206 0 149828 25.8174 8.66194 7.53767 0 01 0 0 0 0 0 0 0 0 0 0 0 7.61267 16.6706 3968.88 7418.85 
0.014665774537313634 0.230574 0 480209 0 8.76233 7.62537 0 01 0 0 0 0 0 0 0 0 0 0 0 3.59062 9.68021 746.459 2118.52 
0.0146954352275299998 0.157945 0 438808 0.223622 10.3557 6.35253 0 60.14681 42.1372 -30.3176 -30.3798 0 0 0 0 0 0 0 0 11.382 21.3007 5077.99 10138.3 
0.0146987409298110928 0.56415 0 77143 25.7174 8.65264 7.52969 0 01 0 0 0 0 0 0 0 0 0 0 0 1.14489 7.50825 0 54.2014 
0.01470272023624772 0.146914 0 436701 0.465811 26.4777 6.39824 0 102.4851 62.3633 74.786 31.9535 0 0 0 0 0 0 0 0 8.30495 17.3297 1069.01 6987.98 
0.0147414293058969071 0.283378 0 64738 0.220697 8.64231 7.52062 0 01 -0 0 0 0 -0 0 0 0 -0 0 0 5.58821 18.0298 145.635 421.37 
0.0147459181145803055 1.45935 0 332349 25.6333 8.64407 7.52219 0 01 0 0 0 0 0 0 0 0 0 0 0 2.88846 8.76285 0 40.0592 
0.0147470237071267024 0.358565 0 166175 0.0990595 8.64469 7.52272 0 01 0 0 0 0 0 0 0 0 0 0 0 0 2.43669 0 0 
0.0147933413075550003 0.723378 0 105386 25.5418 8.63473 7.51404 0 01 0 0 0 0 0 0 0 0 0 0 0 0 8.55576 0 0 
0.0148165739306244226 0.176606 0 644646 0.4891 8.68926 7.56176 0 01 0 0 0 0 0 0 0 0 0 0 0 7.27949 16.1466 2125.61 7059.31 
0.0148388855037167155 0.257645 0 350954 0.372688 8.6237 7.50446 0 01 0 0 0 0 0 0 0 0 0 0 0 6.99485 15.7917 819.224 990.724 
0.0148417559589345289 0.803281 0 373425 25.4531 8.61931 7.50061 0 01 0 0 0 0 0 0 0 0 0 0 0 2.40767 4.84789 0 0 
0.0148450736863792315 0.144034 0 126498 0.189434 8.62109 7.50217 0 01 -0 0 0 0 -0 0 0 0 -0 0 0 7.88981 19.4593 2215.01 6822.09 
0.0148652097468045807 0.650215 0 112460 25.4119 8.61706 7.49866 0 01 0 -0 0 0 0 -0 0 0 0 -0 0 3.20905 11.5876 0 0 
0.0148799722441973273 1.78958 0 223851 25.3818 8.61574 7.49756 0 01 -0 0 0 0 -0 0 0 0 -0 0 0 0 5.2706 0 0 
0.0148931229765820409 0.353883 1 573939 0 9.27813 8.0756 0 0 1 0.264137 -1.18016 -0.561972 0 0 -0 0 0 0 -0 0 9.27652 20.5704 72.1371 1104.26 
0.0148931229765820409 1.04961 0 315518 25.3638 8.61688 7.49853 0 01 -0 0 0 0 -0 0 0 0 -0 0 0 2.12978 9.53739 0 0 
0.0148931229765820409 3.93712 0 292351 25.3548 8.61169 7.49401 0 01 0 0 0 0 0 0 0 0 0 0 0 0 3.68641 0 0 
0.0149562283010976071 0.549951 0 350281 25.2405 8.59973 7.48352 0 01 -0 0 0 0 -0 0 0 0 -0 0 0 2.16856 4.35935 16.0742 52.3891 
0.014985907633869382 0.825645 0 298399 25.1847 8.5942 7.47872 0 01 0 0 0 0 0 0 0 0 0 0 0 4.9949 14.2447 2.04624 2.04624 
0.015005528043622483 0.378229 0 473884 0.123614 8.45332 7.3556 0 01 -0 0 0 0 -0 0 0 0 -0 0 0 3.59793 12.6054 0 447.746 
0.015005528043622483 0.675469 0 190546 25.1519 8.58692 7.47235 0 01 0 0 -0 0 0 0 -0 0 0 0 -0 1.3864 9.63462 0 0 
0.0150084579312866045 1.73405 0 224434 25.1471 8.58835 7.47361 0 01 0 0 0 0 0 0 0 0 0 0 0 0 3.41006 0 0 
0.0150436591254131044 0.722377 0 323371 25.0855 8.58229 7.46831 0 01 -0 0 0 0 -0 0 0 0 -0 0 0 2.15813 12.2039 0 0 
0.0150482369767548224 0.392775 0 447052 0.0874433 10.2782 6.295 0 180.4111 58.5243 -170.244 11.8389 0 0 0 0 0 0 0 0 4.5707 12.0385 203.012 384.142 
0.01505121249485546 0.205776 0 315059 6.29291 11.2151 7.1339 0 197.2071 35.6172 -132.755 141.414 0 0 0 0 0 0 0 0 6.02623 13.9434 1942.45 3336.69 
0.0151057899074882596 1.8881 0 270726 24.975 8.57392 7.46101 0 01 0 0 0 0 0 0 0 0 0 0 0 0 0 0 0 
0.015110013779284677 0.67909 0 345478 24.9648 8.56807 7.45588 0 01 0 0 0 0 0 0 0 0 0 0 0 2.72844 10.9341 0 26.3923 
0.0151340014252640161 1.53518 0 81629 24.9271 8.56894 7.45661 0 01 0 0 -0 0 0 0 -0 0 0 0 -0 0 4.54929 0 0 
0.0151364640782013261 1.33652 0 262693 24.9211 8.56809 7.45589 0 01 0 0 0 0 0 0 0 0 0 0 0 1.35977 2.68993 0 0 
0.0151456809135537846 0.209647 1 487598 0 11.2101 7.12855 0 0 1 -101.271 -50.8457 -26.9698 0 0 0 0 0 0 0 0 7.14907 20.0203 3932.33 6365.14 
0.0151456809135537846 1.07455 0 185177 24.903 8.56797 7.45577 0 01 0 0 0 0 0 0 0 0 0 0 0 1.06413 8.54671 0 74.1726 
0.0151489225475301449 0.267749 0 421408 0.176543 12.4759 8.75797 0 119.591 -25.828 7.38532 -116.534 0 0 0 0 0 0 0 0 3.23383 12.3711 0 433.615 
0.0151626117977642205 0.204606 0 523665 0.31923 8.39264 7.30255 0 01 0 0 0 0 0 0 0 0 0 0 0 8.91568 20.2616 1085.57 6303.23 
0.0151626117977642205 0.288961 0 431851 0.116277 11.0099 6.92317 0 220.9351 42.8218 199.12 85.6126 0 0 0 0 0 0 0 0 7.10956 19.1844 64.8023 366.15 
0.0151706712686611785 0.130552 0 186121 0.104478 8.56218 7.45072 0 01 0 0 -0 0 0 0 -0 0 0 0 -0 6.84104 19.178 1605.67 4688.01 
0.0151733826502442794 1.54197 0 163317 24.8582 8.56177 7.45034 0 01 0 0 0 0 0 0 0 0 0 0 0 1.5794 4.68623 0 0 
0.015178399870351059 0.203115 0 197303 24.8468 8.56182 7.45038 0 01 -0 0 0 0 -0 0 0 0 -0 0 0 7.9345 15.1735 1211.07 6132.36 
0.0151805351668608552 0.17014 0 449731 2.03413 9.31194 8.105 0 01 -0 0 0 0 -0 0 0 0 -0 0 0 5.23211 15.064 692.593 5372.93 
0.0151925833046671673 0.221445 0 218580 0.307441 8.56168 7.45023 0 01 0 -0 0 0 0 -0 0 0 0 -0 0 7.34668 18.6925 1316.15 3802.68 
0.0152203913720897269 0.12501 1 0 0 10.9218 6.83727 0 0 1 -110.735 69.2812 25.7864 1 -89.0631 105.301 20.0168 0 0 0 0 3.81138 9.43101 408.114 1643.41 
0.0152536115104806962 0.236009 0 509615 0.548303 10.2027 6.24076 0 98.55311 14.5705 -94.399 -24.2742 0 0 0 0 0 0 0 0 7.24277 15.0527 2549.61 4759.88 
0.0152551455474433124 0.433597 0 344291 24.714 8.54148 7.43251 0 01 0 0 0 0 0 0 0 0 0 0 0 2.08683 7.88199 85.3604 123.279 
0.0152733451862341538 0.0967052 0 465086 0.528851 8.61812 7.49948 0 01 -0 0 0 0 -0 0 0 0 -0 0 0 8.43601 16.0701 1330.47 4696.34 
0.0153071316709721527 0.438935 0 63470 24.6264 8.54323 7.43406 0 01 0 0 0 0 0 0 0 0 0 0 0 1.28582 5.82554 0 28.7248 
0.0153370748143938571 0.45734 0 552857 0.231513 8.74468 7.61007 0 01 0 0 0 0 0 0 0 0 0 0 0 5.15972 11.2797 0 180.594 
0.0153545795483693414 0.209723 1 363707 0 8.62953 7.50951 0 0 1 0.0169774 0.778652 0.214925 0 0 0 0 0 0 0 0 8.30768 20.4215 1381.03 3803.17 
0.0153601384399394483 1.06533 0 327342 24.5396 8.5346 7.42655 0 01 0 0 0 0 0 0 0 0 0 0 0 1.05452 5.30024 0 0 
0.0153622435552293549 1.22428 0 77879 24.5368 8.53445 7.42643 0 01 0 0 0 0 0 0 0 0 0 0 0 0 1.2304 0 0 
0.0153760177667670739 0.640719 0 353771 0.113234 8.53191 7.42417 0 01 0 -0 0 0 0 -0 0 0 0 -0 0 0.661962 5.22558 0 0 
0.0153841647265478016 0.236512 0 273440 0.0919412 8.53137 7.42372 0 01 0 0 0 0 0 0 0 0 0 0 0 7.37829 17.2003 437.509 2506.33 
0.0154051452626849661 0.264794 0 350672 24.4671 8.52975 7.42235 0 01 0 0 0 0 0 0 0 0 0 0 0 5.54083 15.7599 0 2.05618 
0.0154145819751582876 1.11706 0 73656 0.695336 8.52535 7.4185 0 01 0 0 0 0 0 0 0 0 0 0 0 0 6.64038 0 0 
0.0154191141179018699 0.902574 0 300953 24.441 8.52498 7.41818 0 01 0 0 0 0 0 0 0 0 0 0 0 0.901885 4.55675 0 0 
0.015422119823373371 0.129326 0 435920 0.595232 11.1537 7.06931 0 100.7111 -24.8679 48.8904 -84.4631 0 -0 0 0 0 -0 0 0 8.18204 19.893 2711.73 4887.18 
0.0154640759903156184 0.228238 0 264646 24.3668 8.5189 7.41288 0 01 0 0 0 0 0 0 0 0 0 0 0 5.80829 15.604 901.009 1669.07 
0.0154749836348684628 0.44866 0 442544 0.191963 8.37547 7.28746 0 01 0 0 0 0 0 0 0 0 0 0 0 1.42411 7.55365 0 0 
0.0154825221860860566 0.426022 0 144498 24.3374 8.5145 7.40901 0 01 0 0 0 0 0 0 0 0 0 0 0 1.66598 5.44899 0 0 
0.0154906878695235638 0.640905 0 187804 0.128669 8.51242 7.40721 0 01 -0 0 0 0 -0 0 0 0 -0 0 0 1.8733 3.08983 0 151.404 
0.0154939920908901477 0.837547 0 118226 24.3179 8.51012 7.40519 0 01 0 0 0 0 0 0 0 0 0 0 0 0 5.96971 0 0 
0.015554017991838474 1.64838 0 165677 24.2251 8.50597 7.40156 0 01 -0 0 0 0 -0 0 0 0 -0 0 0 0 1.64645 0 0 
0.0155718492526975491 0.181026 1 560521 0 10.1711 6.21872 0 0 2 -142.94 63.0132 120.401 0 0 0 0 0 0 0 0 11.6009 23.9021 3502.18 6210.23 
0.0155740636799382975 0.516532 0 671152 0.835292 11.0371 6.95027 0 166.4341 -80.7169 -58.3558 133.34 0 0 0 0 0 0 0 0 0 3.65299 0 0 
0.0155797761263312753 0.778312 0 342776 24.1853 8.50151 7.39766 0 01 0 0 0 0 0 0 0 0 0 0 0 3.96757 15.1083 0 12.7108 
0.0156004582285832073 0.257964 0 232722 0.130169 8.49406 7.39115 0 01 0 -0 0 0 0 -0 0 0 0 -0 0 2.15343 5.74909 87.2132 139.02 
0.0156219252593409914 2.05323 0 361214 24.1206 8.48997 7.38766 0 01 0 0 0 0 0 0 0 0 0 0 0 0 0 0 0 
0.0156958426085503991 1.17213 0 347707 23.91 8.45451 7.60906 0 01 0 0 0 0 0 0 0 0 0 0 0 1.16935 4.68709 0 0 
0.0157325560916930333 0.368013 0 215725 0.890199 8.43347 7.59012 0 01 0 0 0 0 0 0 0 0 0 0 0 1.48973 5.69781 0 105.314 
0.0157729470381152391 0.126417 0 478931 0.150864 10.6768 6.61292 0 111.5251 -82.3744 -12.5328 -74.1296 0 0 0 -0 0 0 0 -0 12.7078 26.9711 2716.71 9202.22 
0.0157888428469812429 0.123703 1 98258 0 8.41612 7.57451 0 0 1 -0.334717 0.0393634 -0.721502 0 0 0 0 0 0 0 0 10.4639 20.6393 1662.86 6923.55 
0.0157925666196211435 0.368613 0 229597 0.620521 8.40083 7.56075 0 01 0 0 -0 0 0 0 -0 0 0 0 -0 2.21303 12.5888 233.759 233.759 
0.0158328238861927401 0.361886 0 483139 0.14648 9.87078 6.02521 0 258.9921 -2.94217 -51.7237 253.758 0 -0 0 0 0 -0 0 0 1.08274 4.46138 0 66.8431 
0.0158461374689158746 0.581516 0 443188 0.315168 12.4525 8.72264 0 107.0671 40.9998 30.8295 93.9784 0 0 0 0 0 0 0 0 2.41803 8.97269 0 0 
0.0158697631850457065 0.246809 0 529592 0.0897234 8.36231 7.52608 0 01 0 0 0 0 0 0 0 0 0 0 0 10.4264 23.1513 562.407 2954.23 
0.0158987918778018718 0.12809 0 96095 0.105805 8.33701 7.5033 0 01 0 0 0 0 0 0 0 0 0 0 0 13.6717 29.5315 3919.64 8700.22 
0.0158987918778018718 0.519305 0 284557 23.6294 8.33841 7.50457 0 01 0 0 0 0 0 0 0 0 0 0 0 5.81051 20.436 42.1751 156.492 
0.0158987918778018718 0.806496 0 548996 0.413981 8.24803 7.17608 0 01 0 0 0 0 0 0 0 0 0 0 0 5.63009 12.7652 0 0 
0.0159036915846349422 1.34773 0 362626 23.6173 8.33284 7.49956 0 01 0 0 0 0 0 0 0 0 0 0 0 0 4.10797 0 0 
0.0159269310888638729 0.934058 0 327371 23.59 8.32202 7.48982 0 01 -0 0 0 0 -0 0 0 0 -0 0 0 3.6702 8.32051 0 35.8701 
0.0159456589559552712 0.167295 0 503813 0.377071 8.33823 7.25496 0 01 0 0 0 0 0 0 0 0 0 0 0 4.13132 11.0527 1112.55 4458.44 
0.0159721675949799878 0.276553 1 544770 0 10.1353 6.19404 0 0 1 -10.4539 -82.6567 100.33 0 0 0 0 0 0 0 0 3.74609 10.8383 0 0 
0.0159834523487681207 0.309932 0 77061 0.615846 8.28436 7.45592 0 01 0 0 -0 0 0 0 -0 0 0 0 -0 2.68649 11.3345 3.76608 90.1402 
0.0159939045654595366 0.150967 0 5708 0.080729 8.27913 7.45122 0 01 0 0 0 0 0 0 0 0 0 0 0 10.7963 22.6403 2135.86 5756.4 
0.0159990528596208569 0.151619 0 491656 0.102398 10.673 6.60956 0 153.0641 152.996 -2.58322 3.76512 0 0 0 0 0 0 0 0 7.41768 16.3007 949.782 4920.9 
0.0160451789787999441 0.229061 0 74516 23.4024 8.24453 7.42007 0 01 0 0 0 0 0 0 0 0 0 0 0 3.40946 10.2891 537.318 2931.11 
0.0160923540718029487 0.462821 0 376360 23.3435 8.21972 7.39775 0 01 0 0 0 0 0 0 0 0 0 0 0 5.75759 12.9655 0 298.332 
0.0160975702214367737 1.24034 0 525592 0.333762 8.27503 7.19972 0 01 0 0 0 0 0 0 0 0 0 0 0 2.51696 11.2641 0 0 
0.0161237942323284623 0.350519 0 420888 0.145484 12.4172 8.66984 0 64.71661 52.4622 33.1875 -18.2908 0 0 0 -0 0 0 0 -0 6.01414 16.9887 295.904 615.557 
0.0161411472052864977 0.157145 0 166865 0.313975 10.7141 6.64572 0 259.3691 259.027 10.0681 8.71395 0 0 0 0 0 0 0 0 7.60165 20.0843 1849.81 7180 
0.0161641674688785854 0.10131 0 421912 0.629854 38.9402 22.0276 0 01 0 -0 0 0 0 -0 0 0 0 -0 0 11.0852 24.5325 307.498 2717.88 
0.0161877718828192484 0.0502808 1 318455 0 22.0809 7.3744 0 0 1 -0.467317 -0.477898 0.414351 0 0 0 0 0 0 0 0 8.21899 20.4317 19.2956 2806.64 
0.0163105195718373439 0.470082 1 455191 0 8.69235 7.56448 0 0 1 -0.192082 -1.32488 0.204544 0 -0 0 0 0 -0 0 0 4.81699 12.985 0 47.3873 
0.0168235965882803165 0.363817 0 576600 0.235145 10.8675 6.78574 0 184.9231 -7.69493 89.8891 -161.423 0 0 0 0 0 0 0 0 3.83359 11.5862 150.098 279.227 
0.0172114517137099618 0.451498 1 477899 0 8.9155 7.7593 0 0 2 -0.274321 -0.151071 0.0663609 0 0 0 0 0 0 0 0 2.62162 12.9924 0 0 
0.0172325943081580515 0.202474 0 452018 0.185092 10.0207 6.11799 0 189.6161 -154.241 94.9851 -56.0511 0 0 0 0 0 0 0 0 4.15785 11.3955 827.413 1318.05 
0.0173504950663472685 0.249897 0 486006 0.128674 20.9075 6.872 0 01 0 0 0 0 0 0 0 0 0 0 0 5.14082 12.9401 1821.17 5211.15 
0.0173938791821042597 0.671928 0 463022 2.92737 10.0194 6.11721 0 158.8671 -157.701 0.841295 -19.1966 0 -0 0 0 0 -0 0 0 0.644819 11.7045 0 0 
0.0173972612499675369 0.0876005 0 422134 0.226643 12.4541 8.72513 0 49.59011 -36.0958 21.7578 -26.1318 0 -0 0 0 0 -0 0 0 7.09835 15.6483 551.938 3281.25 
0.0175060017744435616 0.0895021 0 422517 0.10576 11.8971 7.94174 0 100.0711 92.3024 -15.4129 -35.4524 0 0 0 -0 0 0 0 -0 7.04131 18.3136 376.707 3746.83 
0.017620564197615065 3.36494 0 401491 0.100355 8.7418 7.60746 0 01 0 0 0 0 0 0 0 0 0 0 0 0 0 0 0 
0.0176661435130835952 0.218164 0 492896 0.145397 10.1152 6.18037 0 117.3461 -115.267 19.8439 -9.46763 0 0 0 0 0 0 0 0 6.77777 19.8628 521.567 2346.32 
0.0177774054044581367 0.143976 0 617791 0.128878 10.6126 6.55775 0 44.84541 -43.7456 -8.58661 4.86908 0 0 0 0 0 0 0 0 15.815 33.8995 4051.83 8463.29 
0.0178861740762226995 0.270363 0 443356 0.138104 9.82267 5.99703 0 289.3331 248.797 79.3885 124.545 0 0 0 0 0 0 0 0 10.0854 28.1096 3288.68 5797.73 
0.0181643425702656749 0.144465 0 420243 0.200576 12.0459 8.14013 0 88.06141 -43.5635 75.8411 -10.2545 0 0 0 0 0 0 0 0 8.79362 22.2659 651.019 3074.36 
0.0183186386600287 0.462669 0 54359 0.138104 9.08831 7.91019 0 01 0 -0 0 0 0 -0 0 0 0 -0 0 11.9357 22.5003 270.023 1007.01 
0.0184914087275755042 0.400525 0 435422 0.110119 9.20347 8.01057 0 01 0 0 0 0 0 0 0 0 0 0 0 6.70868 20.7475 0 90.406 
0.0185822607474563604 0.229259 0 435776 0.0824334 10.1626 6.2128 0 86.59611 -28.715 80.4926 -13.9741 0 0 0 -0 0 0 0 -0 13.9688 32.5281 685.233 4723.13 
0.0186628832053951574 0.27727 0 428213 0.169418 15.5896 13.8458 0 01 -0 0 0 0 -0 0 0 0 -0 0 0 11.4895 28.4662 1347.1 4068.35 
0.0186771922560938115 0.514874 0 478747 0.0849634 23.2865 15.9577 0 01 -0 0 0 0 -0 0 0 0 -0 0 0 2.61651 9.26123 0 209.566 
0.0187604121321479113 0.430803 0 267316 0.440357 9.03861 7.86685 0 01 0 0 0 0 0 0 0 0 0 0 0 11.0286 30.8277 245.09 563.923 
0.0188206922689613289 0.230043 0 424482 0.423174 9.08004 7.90303 0 01 0 0 -0 0 0 0 -0 0 0 0 -0 12.8802 25.811 863.569 2361.27 
0.0188347026292031532 0.232519 1 465174 0 10.8251 6.74628 0 0 1 162.186 -46.871 28.5213 0 0 0 0 0 0 0 0 9.22964 26.5785 2256.59 3985.53 
0.0189532362624077709 0.190673 0 429116 0.495006 10.8874 6.80455 0 145.0561 142.274 -0.538839 28.2695 0 0 -0 0 0 0 -0 0 14.4822 29.7038 1470.24 3001.69 
0.0190871536716494365 0.158637 0 498321 0.126235 8.83024 7.68503 0 01 0 0 0 0 0 0 0 0 0 0 0 14.8956 34.3121 1455.37 4512.01 
0.0196056299447148127 0.0780572 0 269660 0.132871 10.9397 6.8546 0 45.40771 39.8947 19.2613 9.96352 0 0 0 0 0 0 0 0 9.54104 27.3198 1300.34 3399.19 
0.0196711521570911915 0.118376 0 463612 0.149035 12.6416 9.01399 0 108.0341 46.3652 -84.8573 48.1751 0 0 0 0 0 0 0 0 12.1399 27.1384 759.983 1855.34 
0.0197330359833173749 0.443546 0 552747 0.0884838 8.86622 7.71643 0 01 0 0 0 0 0 0 0 0 0 0 0 6.238 21.7299 0 171.494 
0.0197532435970375828 0.292314 0 425284 0.107534 9.72013 5.93954 0 140.4891 -54.5821 -32.1766 -125.39 0 0 0 -0 0 0 0 -0 13.131 26.2654 1339.38 4048.85 
0.0202890755605525629 0.41341 0 426292 0.2499 8.9577 7.79628 0 01 0 -0 0 0 0 -0 0 0 0 -0 0 8.13172 25.9818 247.39 783.118 
0.0203785904598606966 0.107635 0 430046 19.8229 10.5295 6.48899 0 145.3111 -52.4115 18.4019 -134.275 0 0 0 0 0 0 0 0 9.91671 24.6991 408.668 1304.85 
0.020504090032828725 0.246432 0 434408 4.89932 10.5615 6.51518 0 44.16071 43.0001 -9.96689 1.35107 0 0 -0 0 0 0 -0 0 15.0736 37.6164 546.585 4672.48 
0.0208520556635204031 0.242477 1 424718 0 11.6416 7.61975 0 0 1 38.2597 -5.34429 3.17825 0 0 0 0 0 0 0 0 9.68772 24.9614 1304.7 1877.78 
0.0208875217143826841 0.343875 0 429159 16.7473 10.6112 6.55657 0 89.80791 -84.6369 -24.3335 17.605 0 0 -0 0 0 0 -0 0 8.36757 23.6128 53.9858 204.057 
0.0209698285425086207 0.105938 0 550227 0.307441 10.1057 6.17402 0 230.6421 -223.2 -22.5068 -53.5809 0 0 0 -0 0 0 0 -0 6.36791 19.9947 141.727 713.035 
0.0210048937562875709 0.250029 1 514377 0 8.24442 7.41998 0 0 2 -0.213186 -0.363766 0.621564 0 0 0 0 0 0 0 0 22.5291 43.7989 1302.98 2867.67 
0.0211475014238181047 0.145588 1 420669 0 9.1511 7.96504 0 0 2 0.332561 0.753085 0.0629627 0 0 0 0 0 0 0 0 31.2836 65.5463 1450.68 4682.57 
0.0211475014238181047 0.279972 1 595588 0 9.19632 8.00445 0 0 2 -1.00224 0.593859 -0.718086 0 0 0 -0 0 0 0 -0 31.2836 65.5463 1450.68 4682.57 
0.0212648759538978764 0.41592 0 429887 0.117447 10.2994 6.31057 0 75.43351 45.0963 -50.0944 33.8686 0 0 0 0 0 0 0 0 17.0057 52.4433 142.874 436.046 
0.0214609546654315753 0.176158 1 481877 0 9.21067 8.01698 0 0 1 -1.23755 0.63487 -0.564909 0 -0 0 0 0 -0 0 0 25.7762 51.3842 1138.33 2988.7 
0.021673190589774214 0.43225 0 431012 0.515845 10.6341 6.57603 0 99.73471 -90.9494 35.4321 -20.4886 0 0 0 0 0 0 0 0 0 0 0 0 
0.02184311654105291 0.248497 0 454930 0.10433 9.04359 7.87124 0 01 0 0 0 0 0 0 0 0 0 0 0 16.8331 38.3212 1202.44 3463.73 
0.0220880860221370316 0.239177 0 456536 0.185946 10.792 6.7158 0 92.72691 -33.4852 -40.2379 -76.5371 0 -0 0 0 0 -0 0 0 0 0 0 0 
0.0226529435189835975 0.162546 0 431489 2.42729 10.0287 6.1232 0 183.8981 -183.275 14.3424 -4.77039 0 0 0 0 0 0 0 0 0 0 0 0 
0.0229883566441088927 0.21085 1 433638 0 9.13157 7.94803 0 0 1 0.463248 -0.250736 1.00539 0 0 0 0 0 0 0 0 19.8782 50.3233 1053.68 3465.98 
0.0233639275284127819 0.26918 0 433687 0.0801415 10.7771 6.70223 0 121.5251 -60.1694 -59.7929 -87.0213 0 -0 0 0 0 -0 0 0 0 0 0 0 
0.0239145297283442776 0.549781 0 413185 0.270185 9.98263 6.09376 0 78.97131 77.3548 15.0713 -5.05541 0 0 0 -0 0 0 0 -0 28.6209 82.0829 49.7256 869.552 
0.0241704413949599441 0.104645 0 422138 17.2179 10.5301 6.48948 0 167.1721 -54.6756 -95.7025 125.691 0 0 0 0 0 0 0 0 37.42 74.4797 726.614 4745.72 
0.025449594342216577 0.187142 0 454245 0.220116 10.51 6.47318 0 220.6381 8.27156 -212.596 -58.4443 0 0 0 -0 0 0 0 -0 23.7207 52.6143 166.693 2866.21 
0.0256951935291475954 0.477689 0 680365 1.43813 8.69703 7.56872 0 01 0 0 0 0 0 0 0 0 0 0 0 28.0223 74.0008 328.5 668.505 
0.0258039440321758858 0.684506 0 418753 0 8.9577 7.79634 0 01 0 0 0 0 0 0 0 0 0 0 0 29.7522 83.1327 91.4209 435.085 
0.0260503049559343489 0.204975 0 590927 0.354998 8.50256 7.6523 0 01 0 0 0 0 0 0 0 0 0 0 0 27.7059 63.6487 1409.84 2711.48 
0.026110511136224087 0.267939 0 623901 0.146841 8.3187 7.48683 0 01 -0 0 0 0 -0 0 0 0 -0 0 0 30.3725 68.21 690.454 3125.06 
0.026110511136224087 0.36125 0 444925 0.196549 8.57479 7.4619 0 01 -0 0 0 0 -0 0 0 0 -0 0 0 34.233 85.548 316.097 1233.55 
0.0266719856372479268 0.414033 0 538185 15.569 9.47897 8.25068 0 01 0 0 0 0 0 0 0 0 0 0 0 40.2939 92.7969 722.87 1863.92 
0.0269234201667691297 0.163537 0 279622 0.0999727 8.7021 7.57318 0 01 0 0 0 0 0 0 0 0 0 0 0 46.3651 89.7855 1067.71 3936.24 
0.0273563572995003494 0.148045 0 326607 0.293207 8.927 7.76956 0 01 0 -0 0 0 0 -0 0 0 0 -0 0 52.9256 102.723 1708.07 4186.11 
0.0274585208377988582 1.86365 0 409171 0.364398 8.85816 7.70948 0 01 -0 0 0 0 -0 0 0 0 -0 0 0 11.1896 44.6434 0 4.58136 
0.0285657271854412864 0.213677 0 55058 0.202542 10.2693 6.2885 0 137.3981 -118.674 -37.4636 58.2347 0 -0 0 0 0 -0 0 0 45.4961 88.045 879.766 4223.69 
0.0290478945905986892 0.425535 0 412116 0.283061 8.73866 7.60512 0 01 0 -0 0 0 0 -0 0 0 0 -0 0 28.0819 74.99 375.309 533.178 
0.0294648371320012925 0.438029 0 439192 0.222547 11.4892 7.43873 0 92.10861 20.9975 28.3888 -85.0716 0 0 0 0 0 0 0 0 64.0756 136.257 1363.34 2965.7 
0.0328116704538398002 0.119477 1 573176 0 9.6642 5.90967 0 0 2 27.442 25.9795 46.6945 0 0 0 0 0 0 0 0 114.08 186.179 4272.02 9345.19 
0.0328116704538398002 0.310191 0 402463 0.0850962 8.34695 7.51226 0 01 0 0 0 0 0 0 0 0 0 0 0 114.08 186.179 4272.02 9345.19 
0.0332352209896346895 0.601075 0 526501 0.255449 8.45783 7.35974 0 01 0 0 0 0 0 0 0 0 0 0 0 125.692 262.031 785.417 2565.56 
0.0368730883777007371 0.625757 0 515379 0.579154 8.87805 7.72684 0 01 0 0 0 0 0 0 0 0 0 0 0 184.455 343.897 1218.97 3209.73 
0.0407319679083235284 0.516675 0 492486 12.0209 8.85533 7.70701 0 01 0 0 0 0 0 0 0 0 0 0 0 114.677 237.258 340.562 2375.85 
0.0548654896682727114 0.527867 0 528789 0.0859695 23.102 14.8608 0 01 0 0 0 0 0 0 0 0 0 0 0 149.508 287.405 528.764 2500.19 
