#1:time #2:r #3.binary? #4:ID #5:zams_m #6:m_progenitor #7:bh mass #8:bh_spin #9:birth-kick(km/s) #10-25:vsarray
0.00975745153006078551 1.37417 0 178115 104.318 15.7356 13.983 0 01 -0 0 0 0 -0 0 0 0 -0 0 0 0 1.35195 0 0 
0.00987150415588381423 0.56409 0 220357 0.997357 11.6718 7.65552 0 62.80781 26.6184 56.4512 7.03891 0 0 0 0 0 0 0 0 0.57204 0.57204 197.454 197.454 
0.0100309151042403556 0.156175 0 271874 0.102279 14.375 12.2899 0 17.45281 -16.6082 -0.494986 5.34068 0 -0 0 0 0 -0 0 0 0.382457 1.44354 0 0 
0.0105341212999800257 0.209102 0 219590 0.782991 12.9128 9.45305 0 91.63371 -88.7472 -22.6262 -2.95436 0 -0 0 0 0 -0 0 0 0 0.873072 0 0 
0.0106320930646569244 0.230756 0 152617 73.6069 12.9464 9.50951 0 119.5151 2.406 88.4809 80.3075 0 0 0 0 0 0 0 0 0.647248 2.14216 110.768 110.768 
0.01067513768697371 0.208695 1 42429 0 10.3225 6.3273 0 0 1 -11.1143 146.866 2.688 0 0 0 0 0 0 0 0 0.838792 1.67399 141.603 861.358 
0.0107261800607547485 0.193856 0 100809 1.25618 10.2619 6.28276 0 226.8411 177.591 -67.8385 -123.759 0 0 0 0 0 0 0 0 1.06381 1.96801 0 0 
0.0107294802114859394 1.3273 0 153939 71.4512 12.7188 9.13531 0 70.76711 -17.9894 -45.8652 -50.8011 0 0 0 -0 0 0 0 -0 0 0 0 0 
0.010760266265949045 0.736542 0 114706 70.8061 12.6494 9.025 0 98.39261 18.3417 77.3215 58.0178 0 0 0 0 0 0 0 0 0.722735 2.17238 0 111.28 
0.0108244605315145591 0.295127 0 174664 69.4959 12.5057 8.80215 0 57.80571 -56.3781 -1.9096 -12.6238 0 0 -0 0 0 0 -0 0 0.582394 0.866235 42.9733 42.9733 
0.0111091176777187751 0.256284 0 11010 0.501777 11.8483 7.87758 0 47.01411 24.7591 39.774 -3.91687 0 0 0 -0 0 0 0 -0 0.758241 2.57008 133.281 133.281 
0.0111332917666828613 0.179602 0 218386 3.81549 11.6525 7.63211 0 76.12931 -62.9717 -41.5378 10.2394 0 0 0 0 0 0 0 0 1.27797 3.05953 432.763 1133.88 
0.0111752297437560412 0.461057 1 227762 0 9.93549 6.06418 0 0 2 -123.569 93.1138 -33.051 0 0 0 -0 0 0 0 -0 0 0.916993 0 0 
0.0111771413181281781 0.283521 0 226854 0.439588 11.854 7.88477 0 125.2951 -99.6717 -56.8224 50.3557 0 0 0 0 0 0 0 0 0 0.851817 0 0 
0.0111888825097944886 0.220733 0 25684 0.212505 11.7727 7.78104 0 112.4121 -62.3897 -91.6274 18.6651 0 0 -0 0 0 0 -0 0 1.12816 1.55736 0 33.7958 
0.0112003402572007568 0.0512226 0 166865 62.8942 11.7536 7.75701 0 201.351 -123.849 -41.6613 -153.191 0 0 0 0 0 0 0 0 1.90761 3.84218 2567.29 4713.82 
0.0112170097505848183 0.183572 1 247142 0 11.3529 7.28307 0 0 1 45.6499 0.201165 1.8691 0 0 0 0 0 0 0 0 1.79342 3.45282 0 800.153 
0.0112195052707338306 0.170884 0 150382 0.081202 9.80274 5.98546 0 85.42751 39.406 -75.4132 -7.60761 0 0 0 0 0 0 0 0 0.346596 1.45134 0 0 
0.0113175740635628273 0.0330133 0 164435 61.1483 11.5451 7.50331 0 152.9021 -34.4314 -34.933 144.821 0 0 0 0 0 0 0 0 4.08089 6.62265 3925.43 8051.62 
0.0113881345136267395 0.246049 1 269384 0 10.3579 6.35391 0 0 2 -81.9685 -22.4319 101.684 0 0 -0 0 0 0 -0 0 0.776038 1.83482 0 81.111 
0.0115954792562862306 0.331643 1 156600 0 9.37588 8.15892 0 0 2 0.573926 -0.116413 -1.21061 0 0 0 0 0 0 0 0 0.630839 1.30175 0 441.368 
0.0115996926426109453 0.206898 0 184514 0.27885 9.36747 8.15159 0 01 0 0 0 0 0 0 0 0 0 0 0 0.650513 1.54688 0 326.814 
0.0116380136304336159 0.692661 1 147276 0 9.49069 8.25883 0 0 1 1.16243 0.0637663 0.224483 0 0 0 0 0 0 0 0 0 0 0 0 
0.0116409814664467353 0.375872 1 176147 0 9.39328 8.17404 0 0 1 -0.626254 0.698801 -0.637418 0 0 0 0 0 0 0 0 0 0 0 0 
0.0116582438243465307 0.422583 0 85265 0.188869 9.33812 8.12594 0 01 0 0 0 0 0 0 0 0 0 0 0 0 0.831635 0 0 
0.0116942747260420365 0.466603 0 134142 0.532914 10.9368 6.85119 0 184.7931 -138.107 114.07 45.4206 0 0 0 0 0 0 0 0 0 0.465224 0 0 
0.0117712741621114735 0.391572 0 128897 0.0998581 10.7556 6.68235 0 266.0671 -263.789 34.1165 6.58893 0 0 0 0 0 0 0 0 0 1.13779 0 0 
0.0118821067795368274 0.15598 1 223642 0 9.30275 8.09513 0 0 1 1.72845 1.65622 -0.396793 0 0 0 0 0 0 0 0 1.36422 2.64808 0 571.428 
0.0120475129497143556 0.0612885 0 287606 0.157184 10.642 6.58225 0 133.2161 -83.6801 101.976 -18.5752 0 0 0 0 0 0 0 0 2.06137 3.84812 1467.97 4892.56 
0.0121282023192627562 0.479346 0 234286 0.496547 9.44175 8.21626 0 01 0 0 0 0 0 0 0 0 0 0 0 0.479346 1.89552 0 32.9017 
0.0121359988422437177 0.0691289 0 232335 0.101923 10.5988 6.54571 0 245.3721 -179.673 123.398 -112.685 0 0 0 0 0 0 0 0 1.82524 2.71466 1734.56 4188.16 
0.0121778250708786846 0.436183 0 227346 0.125832 10.5809 6.53079 0 232.3051 -227.3 -47.2025 -8.48716 0 0 0 0 0 0 0 0 0 2.18737 0 0 
0.0122645571416503448 0.445689 0 185627 50.0487 10.7425 6.67055 0 190.6381 -142.549 -87.6294 -91.3435 0 0 0 -0 0 0 0 -0 0.437202 0.873009 0 0 
0.01227396815236915 0.234678 1 27716 0 8.8731 7.72064 0 0 1 -0.103646 -1.40368 -0.339942 0 -0 0 0 0 -0 0 0 0.451953 1.32818 48.437 48.437 
0.0123068414100331071 0.369102 0 230798 0.107158 10.5856 6.53473 0 170.9631 -170.153 16.0007 -4.53937 0 0 0 0 0 0 0 0 0 1.05886 0 0 
0.0123435046729221346 0.45644 0 183715 0.109107 10.7489 6.67625 0 86.46641 4.22524 -51.7494 -69.1418 0 0 0 0 0 0 0 0 0 0 0 0 
0.0123782439168606383 0.511632 1 74245 0 8.74814 7.61141 0 0 2 -0.0550697 1.33526 0.590445 0 0 0 0 0 0 0 0 0 0 0 0 
0.0124802948363770001 0.300117 0 234575 0.400861 10.5439 6.50033 0 100.8111 -95.0536 -32.0038 10.173 0 0 0 0 0 0 0 0 0 0.920464 0 0 
0.0125666396576949863 0.347714 0 45741 0.0917661 10.5123 6.47464 0 83.38681 -65.5954 -21.5847 46.7408 0 -0 0 0 0 -0 0 0 0 0.732448 0 0 
0.0125966458397781377 0.215608 1 224750 0 10.6851 6.61975 0 0 2 -13.4613 -32.5253 0.610149 0 0 0 0 0 0 0 0 0.460945 1.84592 0 0 
0.0126310511493533811 0.184832 0 55710 0.0857628 10.5856 6.53472 0 203.6861 71.9705 -146.972 -121.273 0 0 0 0 0 0 0 0 2.4311 5.35543 0 291.491 
0.0126506659322818977 0.232383 0 250500 0.114034 10.6269 6.56943 0 122.9841 104.68 -64.515 2.21697 0 0 0 0 0 0 0 0 1.84202 3.46087 0 920.709 
0.0127569046251817548 0.348636 0 238748 0.645865 9.01041 7.84086 0 01 0 0 0 0 0 0 0 0 0 0 0 0 1.00739 0 0 
0.012791051919569604 0.84724 0 194155 45.6927 10.5502 6.50557 0 148.0481 142.737 17.3101 35.2807 0 0 0 0 0 0 0 0 0 0 0 0 
0.0128066923173622369 0.346907 1 295069 0 9.40727 8.18657 0 0 1 -0.434197 0.282976 -0.0775462 0 -0 0 0 0 -0 0 0 0.986401 1.6591 0 0 
0.012819037859962943 0.309786 0 146828 0.1 10.5361 6.49401 0 191.4211 -188.296 0.224787 -34.4455 0 -0 0 0 0 -0 0 0 0 1.23281 0 0 
0.0128227720278223534 0.34684 0 65477 0.187318 10.4474 6.42299 0 195.3981 195.396 0.0163094 0.721689 0 0 0 0 0 0 0 0 0.684859 2.36737 0 0 
0.0128795572670839017 0.208463 0 212585 0.101809 10.3952 6.38236 0 162.271 47.2909 78.553 133.882 0 0 0 0 0 0 0 0 0.413224 2.66793 101.329 238.841 
0.0130512221751357856 0.207444 0 25648 1.79618 10.3321 6.33452 0 39.21321 38.123 8.67076 3.02124 0 0 0 0 0 0 0 0 0.607938 2.02044 528.564 528.564 
0.0130589092759231234 0.290021 0 141955 0.0884487 10.4212 6.4024 0 131.3471 -6.85532 -130.894 -8.48585 0 -0 0 0 0 -0 0 0 0.920283 2.12401 0 0 
0.0130947543888250868 0.624785 0 22677 0.357026 8.20017 2.3209 0 224.241 11.1724 -215.35 61.507 0 0 0 0 0 0 0 0 0 1.25857 0 0 
0.0131046116186508237 1.04158 0 68583 43.541 10.4003 6.38627 0 151.4371 78.4022 39.1777 -123.497 0 0 0 0 0 0 0 0 0 0 0 0 
0.0131064678891900151 0.464198 0 230900 0.136082 10.3371 6.33825 0 103.2751 43.2542 -80.5131 48.0887 0 0 0 0 0 0 0 0 0.446731 1.35086 70.3391 70.3391 
0.0131227476740416963 1.5129 1 0 0 8.16239 2.31338 0 0 1 -264.48 234.318 32.734 1 -275.827 271.843 -388.304 0 0 0 0 0 0 0 0 
0.0131403730991493609 0.469608 1 270170 0 8.21534 7.14584 0 0 2 -0.120275 -0.524832 -1.12716 0 0 0 -0 0 0 0 -0 0 1.4486 0 0 
0.0131463126556072493 0.274726 0 360523 0.0959303 10.2979 6.30911 0 251.7341 -37.5095 -46.6103 -244.521 0 0 0 -0 0 0 0 -0 0 1.36231 0 0 
0.0131571165719877887 0.527593 0 304719 0.0825467 10.32 6.32543 0 132.3731 71.9706 100.791 46.733 0 0 0 0 0 0 0 0 0.542149 2.1469 345.617 345.617 
0.0131955271814344528 0.532875 0 211468 0.109416 10.0829 6.15852 0 186.2231 183 7.27888 33.7199 0 0 0 0 0 0 0 0 0 1.08232 0 0 
0.0132083451094497113 0.4421 1 35366 0 8.77392 7.63398 0 0 1 0.770988 0.367431 -0.162181 0 0 0 -0 0 0 0 -0 0.896197 1.33446 0 73.4913 
0.013219751606425181 0.0774069 1 263481 0 9.2421 8.04242 0 0 1 -0.370444 0.836422 -3.77276 0 0 0 0 0 0 0 0 2.9094 5.27497 1592.47 3598.74 
0.0132605663635849604 0.191563 0 211898 0.173843 10.2348 6.26337 0 72.61741 71.4468 12.9635 0.767217 0 0 0 0 0 0 0 0 0.208252 0.606655 0 0 
0.0133172684689613317 0.735506 0 197910 42.2259 10.3026 6.31263 0 140.4611 -28.3494 116.242 -73.5759 0 -0 0 0 0 -0 0 0 0.72518 0.72518 0 0 
0.0133721119989551173 0.0875298 0 85753 0.0838922 7.9844 2.27797 0 421.9351 319.136 209.128 -180.131 0 0 0 0 0 0 0 0 3.30394 4.55688 1596.31 7014.43 
0.0135392539298424004 1.24702 0 82477 40.9632 10.2043 6.24169 0 163.2991 -127.585 -39.4479 93.9813 0 -0 0 0 0 -0 0 0 0 2.5339 0 0 
0.0135531934501189506 0.119837 1 216409 0 9.00055 7.8321 0 0 1 0.763581 0.667188 -0.568795 0 0 0 0 0 0 0 0 3.34482 5.36949 3822.47 8391.39 
0.0135642728780131228 0.33376 0 51605 0.225192 10.1946 6.23488 0 94.20421 17.8984 65.1415 -65.6557 0 0 0 0 0 0 0 0 0.665049 2.3523 0 113.378 
0.0135936418925349332 0.482725 0 122995 40.6661 10.1825 6.22639 0 118.281 -75.6905 -17.6361 89.1626 0 -0 0 0 0 -0 0 0 0 0 0 0 
0.0136193700949372287 0.150115 0 5284 0.149845 10.1723 6.21935 0 149.3161 148.242 17.244 4.71458 0 0 0 0 0 0 0 0 2.35603 3.91 0 116.56 
0.0136340808456324666 0.162157 0 189256 0.456868 10.1653 6.21447 0 160.3881 -141.841 6.87871 -74.5518 0 -0 0 0 0 -0 0 0 1.015 2.88589 254.444 897.211 
0.0138899946729238496 0.344074 0 217823 0.0989865 9.97919 6.0914 0 154.5561 -95.4095 -86.8353 85.1122 0 0 0 0 0 0 0 0 0.70477 1.74098 0 73.2312 
0.0139042725036650026 1.48129 0 36465 0.262528 10.0526 6.13851 0 115.4971 85.665 66.1673 40.2872 0 0 0 0 0 0 0 0 0 0 0 0 
0.0139659536283433996 0.979827 0 170525 38.7956 10.0277 6.12237 0 40.01361 -12.6939 10.6181 36.4308 0 -0 0 0 0 -0 0 0 0 1.00827 0 0 
0.0139667900407430684 0.590653 1 0 0 8.1095 2.30286 0 0 1 -12.3036 178.019 -82.2941 1 -264.142 32.1281 -354.66 0 -0 0 0 0.575913 0.575913 0 0 
0.0139740346267401925 0.708812 0 23355 0.200656 10.05 6.13689 0 192.1111 -47.7421 -122.647 139.946 0 0 0 0 0 0 0 0 0.695757 0.695757 0 0 
0.014010921430635535 1.94361 0 167586 38.5806 10.0091 6.11042 0 53.94171 0.705696 -12.563 52.4536 0 0 -0 0 0 0 -0 0 0 0 0 0 
0.0140708206550512194 0.301226 0 297023 0.133127 10.0038 6.10703 0 85.4881 -23.9487 -0.957702 -82.0594 0 0 0 -0 0 0 0 -0 0 0.928985 0 0 
0.014209712275586624 0.738758 0 159486 37.6837 9.93093 6.06141 0 146.6351 -21.6941 -109.686 94.8701 0 0 -0 0 0 0 -0 0 0.711935 0.711935 0 0 
0.0143863278755163634 0.842692 0 169315 36.9321 9.86306 6.0205 0 70.91781 70.7875 -2.24418 -3.66338 0 0 0 0 0 0 0 0 0 0 0 0 
0.0144022630733962424 0.445624 0 144496 0.342471 9.85609 6.0164 0 198.9531 182.408 -20.4649 76.7523 0 0 0 0 0 0 0 0 0 0.431881 0 0 
0.014428924367066184 0.821258 0 149543 36.7563 9.84776 6.01151 0 135.3571 95.1137 94.9752 -15.9563 0 0 0 -0 0 0 0 -0 0 0 0 0 
0.0144976579815522758 0.547631 0 143944 36.4785 9.82195 5.99649 0 135.9581 -118.828 0.440057 -66.0639 0 0 0 0 0 0 0 0 0 0 0 0 
0.0146222790324098822 2.17666 0 198841 35.9894 9.77522 5.96989 0 116.3911 -33.4671 33.5883 -106.295 0 0 0 -0 0 0 0 -0 0 0 0 0 
0.0146456404647399736 0.296091 0 8274 0 9.75886 5.96075 0 54.42921 24.8783 -26.1803 -40.721 0 0 0 0 0 0 0 0 0.302591 1.88272 0 0 
0.0146492669032792424 0.179622 0 128347 0.369677 9.75648 5.95942 0 42.15191 -1.92869 41.998 -3.03811 0 0 0 0 0 0 0 0 1.52416 2.9749 0 789.7 
0.014654413220752175 0.546411 0 52396 0.399553 9.65968 5.90724 0 208.8511 204.576 -39.0676 15.5255 0 0 0 0 0 0 0 0 0.538091 1.09801 123.49 123.49 
0.0146733247519983349 0.129051 0 186579 0.219615 9.58658 5.86992 0 142.0821 15.9321 -41.2502 135.025 0 0 0 0 0 0 0 0 1.42288 3.28493 0 989.949 
0.0147021654472486302 0.157029 0 90793 2.48595 9.55968 5.85664 0 244.0721 113.057 195.831 -91.867 0 0 0 -0 0 0 0 -0 1.07527 2.79629 0 0 
0.0148129115243461756 0.16518 0 191220 0.203151 9.70679 5.93224 0 157.7941 104.724 -5.20633 -117.917 0 0 -0 0 0 0 -0 0 2.91388 4.80015 629.118 1150.04 
0.0148129115243461756 0.603328 0 87366 35.2759 9.70685 5.93228 0 92.05511 -81.4693 -28.8295 31.7135 0 -0 0 0 0 -0 0 0 0 0.603287 0 0 
0.0148357265528180193 1.31088 0 196116 0.337597 9.6986 5.92785 0 131.8251 -93.8874 -55.9339 -73.7185 0 0 -0 0 0 0 -0 0 0 0 0 0 
0.0149259798667452943 0.39407 0 265763 0.220286 9.69002 5.92327 0 196.8411 61.5341 22.6282 -185.602 0 0 0 0 0 0 0 0 0 0.416595 0 0 
0.0149473608922893325 0.413814 0 137507 0.18741 9.65979 5.90731 0 105.6471 104.93 6.4354 10.4674 0 0 0 0 0 0 0 0 0.413723 1.21848 0 0 
0.0151062442459510473 0.202603 0 247440 0.170067 9.43225 8.20839 0 01 0 0 0 0 0 0 0 0 0 0 0 1.21002 3.81401 17.3339 123.975 
0.0151378124590007858 0.330759 0 247515 0.13488 9.85966 6.01853 0 125.3751 -115.573 -4.52593 -48.3876 0 0 0 -0 0 0 0 -0 0.30478 0.621041 0 0 
0.0151480023535233588 0.304153 0 253248 0.127679 9.40416 8.18395 0 01 -0 0 0 0 -0 0 0 0 -0 0 0 0 0.635625 0 0 
0.0154312185215143543 0.20556 0 297281 0.104096 9.26096 8.05908 0 01 0 0 0 0 0 0 0 0 0 0 0 0.872139 1.92718 6.87373 11.7797 
0.015446123048887303 0.104129 0 234013 0.511308 11.6634 7.6455 0 164.3521 -120.383 15.9575 -110.747 0 0 0 0 0 0 0 0 2.9731 5.42946 2911.43 5973.41 
0.0155214203573881739 0.575148 0 350577 0.109353 9.31906 8.10971 0 01 0 0 0 0 0 0 0 0 0 0 0 0 1.1315 0 0 
0.0155744434944876612 4.3586 0 41308 0.334798 9.45034 8.22386 0 01 0 0 -0 0 0 0 -0 0 0 0 -0 0 0 0 0 
0.0157412212075128746 0.667286 0 176355 32.2815 9.3984 8.17884 0 01 0 0 0 0 0 0 0 0 0 0 0 0 1.332 0 0 
0.0157946873021271757 0.457549 1 300090 0 9.40448 8.18406 0 0 2 0.00933512 -0.0137147 0.0560736 0 0 0 0 0 0 0 0 0 0.457793 0 0 
0.0158474400588863272 0.137764 0 139792 0.0902794 9.28116 8.07661 0 01 0 0 0 0 0 0 0 0 0 0 0 2.6435 4.9589 746.028 4978.16 
0.0159089873478152483 0.0861359 0 214117 0.180952 11.2133 7.13155 0 108.031 87.4357 38.7802 -50.2153 0 0 0 0 0 0 0 0 3.13235 6.66431 4090.4 6924.07 
0.0159905840796323549 4.21165 0 194863 31.5906 9.32083 8.11132 0 01 -0 0 0 0 -0 0 0 0 -0 0 0 0 0 0 0 
0.0160075690928776701 0.288042 0 109173 1.51697 9.31618 8.10723 0 01 0 0 0 0 0 0 0 0 0 0 0 0 1.47187 0 0 
0.0160269690895997186 0.331884 0 225422 0.101561 9.29646 8.08997 0 01 0 0 0 0 0 0 0 0 0 0 0 0.685582 1.35886 0 0 
0.0160377807569737942 0.615434 0 55686 0 9.22919 8.03136 0 01 0 0 0 0 0 0 0 0 0 0 0 1.22111 2.41775 0 0 
0.0161231311765976174 0.13077 0 234155 0.0877516 9.13657 7.95056 0 01 0 0 0 0 0 0 0 0 0 0 0 1.97732 4.37454 2295.72 3751.06 
0.0161263709398322512 0.238949 0 276897 0.456252 9.18511 7.99287 0 01 0 0 -0 0 0 0 -0 0 0 0 -0 0.641856 0.641856 0 0 
0.0161299801649855898 0.461705 0 184947 0.0854534 9.13002 7.94484 0 01 0 0 0 0 0 0 0 0 0 0 0 0.457977 2.7506 0 0 
0.0161761555845875669 0.13021 0 263600 0.155785 9.37211 8.15569 0 01 0 0 0 0 0 0 0 0 0 0 0 2.18463 4.59904 2244.4 2521.62 
0.0163001111520628267 0.654281 0 52314 0.0892089 9.1783 7.98712 0 01 0 0 0 0 0 0 0 0 0 0 0 0 0.667909 0 0 
0.0163118120148354195 1.5701 0 177987 30.7625 9.22816 8.03059 0 01 0 0 0 0 0 0 0 0 0 0 0 0 0 0 0 
0.0163381926665195562 0.0895301 0 59481 30.6952 9.22019 8.02357 0 01 0 0 0 0 0 0 0 0 0 0 0 2.31581 5.33626 3554.39 5726.19 
0.0163381926665195562 0.261604 0 275419 0.827335 9.07968 7.90107 0 01 0 0 0 0 0 0 0 0 0 0 0 0.545788 2.08141 0 0 
0.0163440659239489708 1.6349 0 194475 30.6804 9.21717 8.02091 0 01 0 0 0 0 0 0 0 0 0 0 0 0 1.61061 0 0 
0.0164110231761113515 0.0210358 1 251591 0 8.97599 7.81066 0 0 1 0.024761 -0.452271 0.360425 0 0 -0 0 0 0 -0 0 2.81535 5.59257 1650.41 5429.75 
0.0164151888105639535 0.17698 1 232550 0 9.47334 8.24413 0 0 1 1.63523 -0.558505 -0.505686 0 0 0 0 0 0 0 0 0.695474 1.70228 0 1259.16 
0.0164290230521101435 0.0843244 0 222365 0.0826884 9.24345 8.04393 0 01 0 0 0 0 0 0 0 0 0 0 0 1.99664 4.94191 2341.12 3642.69 
0.0164642266984178359 0.213929 0 89901 0.221698 9.18451 7.99261 0 01 -0 0 0 0 -0 0 0 0 -0 0 0 1.3724 2.27717 0 26.8143 
0.0164730276004333535 0.131655 0 229678 0.212293 9.29233 8.08654 0 01 0 0 -0 0 0 0 -0 0 0 0 -0 4.41692 6.76095 2225.47 5730.8 
0.0165170050904380576 0.283794 0 228969 0.262313 9.11878 7.93523 0 01 0 0 0 0 0 0 0 0 0 0 0 0.253715 1.32466 0 0 
0.0166111268483579329 0.285775 0 43108 0.475519 9.14434 7.95775 0 01 0 0 0 0 0 0 0 0 0 0 0 0.565449 1.65325 14.5722 14.5722 
0.016618095146853331 0.186581 0 154589 0.61485 9.14259 7.95625 0 01 0 0 0 0 0 0 0 0 0 0 0 0.896465 3.89496 0 0 
0.0166503990219636494 0.0868623 0 234007 0.116031 9.39629 8.1772 0 01 -0 0 0 0 -0 0 0 0 -0 0 0 2.74081 5.58639 1331.64 3444.97 
0.0166923048011504774 0.401993 0 237397 0.333398 9.45611 8.22921 0 01 0 0 0 0 0 0 0 0 0 0 0 0 0.405864 0 0 
0.0166945235247924727 0.231455 0 129259 0.150557 9.12157 7.93775 0 01 0 0 0 0 0 0 0 0 0 0 0 0.902919 2.00438 0 0 
0.0167700134332241617 0.400132 0 48688 0.0865271 9.10156 7.92027 0 01 0 0 0 0 0 0 0 0 0 0 0 0 2.08208 0 0 
0.0169417139588712087 0.0437111 0 270905 5.22789 9.17524 7.98436 0 01 0 -0 0 0 0 -0 0 0 0 -0 0 3.09949 5.56759 1244.29 3734.96 
0.0169692861493190815 0.214746 0 362125 0.577691 27.1799 11.2344 0 227.6851 96.755 -11.1931 -205.8 0 0 0 0 0 0 0 0 0.706552 1.4 0 367.088 
0.0169873191557546183 0.300817 1 220641 0 10.3114 6.31914 0 0 1 -0.602192 -181.984 -33.215 0 0 0 0 0 0 0 0 0.320885 1.5568 0 0 
0.0170223596319095047 0.469918 0 95010 29.1241 9.03662 7.86362 0 01 -0 0 0 0 -0 0 0 0 -0 0 0 0.463864 0.463864 0 0 
0.0170319031532588719 0.186916 0 6292 0.155263 9.03458 7.86185 0 01 0 -0 0 0 0 -0 0 0 0 -0 0 1.06858 1.88736 0 339.036 
0.0170708316802746715 0.45224 0 185079 29.0216 9.02432 7.85295 0 01 0 0 0 0 0 0 0 0 0 0 0 0 0 0 0 
0.0171014382153047706 0.516991 0 54359 28.9575 9.017 7.84659 0 01 0 0 0 0 0 0 0 0 0 0 0 0.517059 1.03239 0 0 
0.0172184240541446779 0.0447679 0 227029 0.488445 8.90749 7.75093 0 01 0 0 0 0 0 0 0 0 0 0 0 3.42977 6.48789 1459.95 4374.52 
0.0172282617445467003 0.0999296 0 239137 0.0949994 8.90938 7.7526 0 01 0 0 -0 0 0 0 -0 0 0 0 -0 3.45266 5.804 2820.66 7311.99 
0.0172950993687558952 1.19639 1 233641 0 10.6792 6.61461 0 0 2 94.8839 67.9972 -87.4803 0 0 0 0 0 0 0 0 0 0 0 0 
0.0173540177606163713 0.142437 0 265732 0.324311 8.42123 7.32636 0 01 0 0 0 0 0 0 0 0 0 0 0 2.60482 5.38625 1679.64 5319.21 
0.0173590112194623065 0.19393 0 240731 0.12453 8.95623 7.79366 0 01 -0 0 0 0 -0 0 0 0 -0 0 0 1.06384 1.81368 0 703.41 
0.0173706363626933979 0.101872 1 217969 0 9.01786 7.8474 0 0 1 -0.692093 -0.299212 -0.134529 0 0 -0 0 0 0 -0 0 2.88491 5.25904 1866.81 3468.22 
0.0173706363626933979 0.708711 0 271856 0.587588 8.83991 7.6921 0 01 0 0 0 0 0 0 0 0 0 0 0 0 0 0 0 
0.0173806946778708414 0.36069 0 193763 28.3885 8.95271 7.79056 0 01 0 0 0 0 0 0 0 0 0 0 0 0 1.0508 0 0 
0.0174226176108968692 1.09691 0 106288 28.3056 8.94348 7.78245 0 01 0 0 0 0 0 0 0 0 0 0 0 0 0 0 0 
0.0174342136039843214 0.267103 0 67839 28.2831 8.94069 7.78001 0 01 0 0 0 0 0 0 0 0 0 0 0 1.3618 3.62394 63.6236 63.6236 
0.0174711594508366944 0.857245 0 282265 0.0884818 8.89844 7.74329 0 01 0 -0 0 0 0 -0 0 0 0 -0 0 0.851005 3.42075 0 0 
0.0175415139827122188 0.253648 0 249239 0.101095 8.85112 7.70191 0 01 0 0 0 0 0 0 0 0 0 0 0 0.233759 0.890811 0 0 
0.0175783158703778156 0.0354884 0 216219 0.220367 8.90728 7.75083 0 01 0 -0 0 0 0 -0 0 0 0 -0 0 2.48793 5.45956 1904.41 4900.33 
0.0175837343772984947 0.498544 0 73589 0.183262 8.90748 7.75099 0 01 0 -0 0 0 0 -0 0 0 0 -0 0 0.951012 2.87773 55.8725 55.8725 
0.0175844801680076629 0.0820293 0 324465 0.113336 9.01738 7.84689 0 01 0 -0 0 0 0 -0 0 0 0 -0 0 2.14088 5.10455 1722.86 5149.58 
0.0175981534547676871 0.505655 0 185527 27.9668 8.90476 7.74864 0 01 0 0 0 0 0 0 0 0 0 0 0 0 1.01501 0 0 
0.0176672259149361494 0.667029 0 296890 0.091443 8.87704 7.72437 0 01 0 0 0 0 0 0 0 0 0 0 0 0 0.676251 0 0 
0.0176796742144739345 0.475774 1 244504 0 10.4804 6.4491 0 0 2 20.0421 4.37316 -5.80422 0 0 0 -0 0 0 0 -0 0.969752 1.46182 0 0 
0.0176893884496400929 0.0815836 0 226796 3.15097 8.77442 7.63472 0 01 0 0 0 0 0 0 0 0 0 0 0 2.59306 4.91705 1775.38 5808.76 
0.0177068580921311836 0.521388 0 216004 0.217366 10.6522 6.59116 0 155.4451 123.002 -45.1597 83.6327 0 0 0 0 0 0 0 0 1.04914 2.068 0 54.3602 
0.0177188747186425473 1.03533 0 132710 27.7405 8.87834 7.72551 0 01 0 0 0 0 0 0 0 0 0 0 0 0 0 0 0 
0.0177884694775637293 0.814091 0 166801 27.6131 8.86473 7.71377 0 01 0 -0 0 0 0 -0 0 0 0 -0 0 0.833734 3.29253 0 0 
0.0178118355008768485 0.209682 1 251814 0 9.85183 6.01392 0 0 2 150.499 9.05832 -0.840416 0 0 0 0 0 0 0 0 1.40768 2.18617 0 974.535 
0.0178900245832771566 0.865786 0 129927 27.4288 8.84294 7.69469 0 01 0 0 0 0 0 0 0 0 0 0 0 0 0.872411 0 0 
0.017903388246381307 0.203012 0 211233 0.088115 10.8426 6.76211 0 81.28981 36.3504 -25.8395 67.9633 0 0 -0 0 0 0 -0 0 1.25338 3.51337 0 243.667 
0.0179247785068527565 0.351726 0 228064 0.0933503 8.66148 7.53614 0 01 0 0 0 0 0 0 0 0 0 0 0 0.363196 0.733099 0 23.7447 
0.0179267910288796115 0.052635 0 130376 0.166927 8.4555 7.35615 0 01 -0 0 0 0 -0 0 0 0 -0 0 0 2.78798 5.31539 1217.35 3523.44 
0.0179561677346758604 0.522382 0 149264 0.209824 8.82967 7.68296 0 01 0 0 0 0 0 0 0 0 0 0 0 0 0.508219 0 0 
0.0179949679106626223 0.310247 0 81542 0.126977 8.82153 7.67588 0 01 -0 0 0 0 -0 0 0 0 -0 0 0 0 0.311615 0 0 
0.0180600012768797821 0.0716511 0 216026 0.168124 10.0059 6.10835 0 61.94651 -2.27424 59.1439 18.281 0 0 0 0 0 0 0 0 2.63662 4.78083 693.607 2425.71 
0.0180740860920571254 0.313702 0 235408 0.120056 9.60472 5.87902 0 161.8811 137.223 -79.1815 33.2523 0 0 0 0 0 0 0 0 0.339871 1.32184 0 0 
0.0181570970827828471 0.316683 0 283801 0.14413 8.80725 7.66332 0 01 -0 0 0 0 -0 0 0 0 -0 0 0 0.986504 2.93719 0 0 
0.0183758855448009455 0.304189 0 49516 0.437958 8.75011 7.61359 0 01 0 0 0 0 0 0 0 0 0 0 0 1.08715 2.53914 303.909 303.909 
0.0184498428245284431 0.911085 0 131361 26.4753 8.73684 7.60219 0 01 0 0 0 0 0 0 0 0 0 0 0 0.90699 0.90699 0 0 
0.0185422734725027606 0.221792 0 125335 0.387881 8.72106 7.58857 0 01 0 0 0 0 0 0 0 0 0 0 0 0.988497 3.60916 439.168 524.158 
0.018545780339148301 0.187691 0 18681 0.146327 8.72089 7.58845 0 01 0 0 0 0 0 0 0 0 0 0 0 2.0805 5.55456 86.6249 645.434 
0.0185931557378020383 2.47005 0 195209 26.2463 8.71269 7.58136 0 01 -0 0 0 0 -0 0 0 0 -0 0 0 0 0 0 0 
0.0186257719317931038 0.24389 0 170681 0 8.70536 7.57481 0 01 0 0 0 0 0 0 0 0 0 0 0 0.763192 1.22382 0 140.618 
0.0186749145992941984 0.073281 1 27533 0 9.56992 5.86168 0 0 1 -12.771 -67.9288 46.0804 0 0 -0 0 0 0 -0 0 3.5755 5.94315 1825.02 4613.73 
0.0186815030098305239 0.0353915 0 243121 0.217448 8.66897 7.54308 0 01 0 0 -0 0 0 0 -0 0 0 0 -0 4.04207 7.41906 1250.79 6881.93 
0.0187037516496741142 3.07838 0 171637 26.0749 8.69156 7.5628 0 01 0 0 0 0 0 0 0 0 0 0 0 0 0 0 0 
0.0187074172571534067 1.27051 0 158284 26.0693 8.69219 7.56338 0 01 0 -0 0 0 0 -0 0 0 0 -0 0 0 0 0 0 
0.0187312666126632256 0.0813189 0 131510 0.0996157 8.68815 7.55994 0 01 0 0 0 0 0 0 0 0 0 0 0 2.25159 5.06359 3008.08 5994.12 
0.0187907656226357113 0.172286 0 240255 0.1059 9.71191 5.93503 0 43.02991 27.8916 20.2468 -25.7624 0 0 0 0 0 0 0 0 1.30791 4.76928 0 52.3244 
0.0188676721647926052 0.418046 0 60209 0.239444 8.66534 7.53964 0 01 0 0 0 0 0 0 0 0 0 0 0 1.24132 2.91363 156.792 156.792 
0.018991649191383693 0.489527 0 64738 0.184708 8.64649 7.52288 0 01 0 0 0 0 0 0 0 0 0 0 0 0 0.492327 0 0 
0.0190001843616457965 0.617132 0 166175 25.6275 8.64604 7.52247 0 01 0 0 0 0 0 0 0 0 0 0 0 0 1.24902 0 0 
0.0190437115607414997 0.210106 0 264404 0.120484 11.1212 7.03515 0 163.2831 -135.004 -48.5117 77.9869 0 0 0 0 0 0 0 0 1.81393 4.43567 0 137.451 
0.0190587859266410919 0.505922 0 105386 25.5418 8.63666 7.51454 0 01 0 0 0 0 0 0 0 0 0 0 0 1.01298 2.99883 0 0 
0.0190735820350538335 0.102557 1 0 0 8.16944 2.31478 0 0 1 145.663 344.38 67.0331 1 215.113 230.442 460.333 0 0 0 0 3.87924 7.56013 2131.28 7147.48 
0.0191238476722913955 0.442998 0 126498 0.129436 8.62766 7.50683 0 01 0 0 0 0 0 0 0 0 0 0 0 0 0.880715 0 0 
0.0191484865536585835 0.261 0 112460 0.991023 8.62422 7.50389 0 01 0 0 0 0 0 0 0 0 0 0 0 0.759783 2.4973 0 0 
0.0191976726778972026 0.0435743 0 222753 0.26322 10.7775 6.70233 0 84.0271 47.167 30.2184 62.6311 0 0 0 0 0 0 0 0 4.13649 6.52413 4829.2 8136.61 
0.0193337780559399534 0.708619 0 190546 25.1519 8.59679 7.47976 0 01 0 0 0 0 0 0 0 0 0 0 0 0 1.4378 0 0 
0.0193416837434291465 0.339243 0 222701 0.0984507 10.7856 6.70958 0 237.9481 -172.295 111.442 -120.476 0 0 0 -0 0 0 0 -0 1.33241 3.3563 0 0 
0.0194550470541654773 0.409802 0 165019 24.9833 8.58029 7.46562 0 01 0 0 0 0 0 0 0 0 0 0 0 1.23187 2.04796 0 0 
0.0194970971862358858 0.237939 0 81629 24.9271 8.57463 7.4607 0 01 0 0 0 0 0 0 0 0 0 0 0 0.541167 4.84947 205.184 207.636 
0.0195047393663393687 0.253172 1 264190 0 8.8193 7.67442 0 0 1 0.308771 0.276825 0.721097 0 0 0 0 0 0 0 0 1.45829 3.42997 0 61.984 
0.0195440186013965053 0.579048 0 186121 0.140083 8.5684 7.45525 0 01 0 0 -0 0 0 0 -0 0 0 0 -0 1.11724 1.6995 0 0 
0.0195481071046275587 2.05033 0 163317 24.8582 8.56799 7.45489 0 01 -0 0 0 0 -0 0 0 0 -0 0 0 0 1.98064 0 0 
0.0195567351648953808 0.274084 0 197303 24.8468 8.56514 7.45238 0 01 0 0 0 0 0 0 0 0 0 0 0 0.945614 2.91269 0 858.586 
0.0195577784845218719 0.446677 0 140637 1.13101 8.56505 7.4523 0 01 0 -0 0 0 0 -0 0 0 0 -0 0 0.864982 1.75731 0 0 
0.0196115125182887463 0.292137 0 216270 0.209847 8.98607 7.8201 0 01 0 0 0 0 0 0 0 0 0 0 0 0.611996 3.30138 0 193.361 
0.019720978957772136 0.272319 0 87460 24.6284 8.54418 7.43428 0 01 0 0 0 0 0 0 0 0 0 0 0 1.76405 5.31535 18.3313 335.626 
0.0197217919043360494 0.416906 1 245859 0 8.57002 7.45685 0 0 1 0.00288504 -0.774753 0.294834 0 0 0 0 0 0 0 0 0 0.41322 0 0 
0.0197469282797943825 0.154524 0 251906 1.39201 10.5405 6.49776 0 228.8421 -93.8489 -106.226 179.659 0 0 0 0 0 0 0 0 3.18718 6.03469 179.726 2071.55 
0.0197927928284710765 10.0877 1 77879 0 8.53514 7.42644 0 0 2 -0.0350772 -0.0175338 -0.011575 0 0 0 -0 0 0 0 -0 0 0 0 0 
0.0198753255990937981 0.0390018 0 273472 0.262314 23.6821 20.0377 0 01 0 0 0 0 0 0 0 0 0 0 0 2.10452 5.06584 453.091 2241.86 
0.0199589278648609654 0.438009 0 187804 0 8.51603 7.4094 0 01 0 0 0 0 0 0 0 0 0 0 0 0 0 0 0 
0.0199636209242135196 0.667307 0 118226 24.3179 8.51625 7.4096 0 01 0 0 0 0 0 0 0 0 0 0 0 0 0.651272 0 0 
0.0200378440741125173 0.85574 0 165677 24.2251 8.50718 7.40199 0 01 0 -0 0 0 0 -0 0 0 0 -0 0 0.841246 0.841246 0 0 
0.0202069757206708098 0.166662 1 219115 0 9.30262 8.09546 0 0 1 0.419202 1.08078 0.0612477 0 0 0 0 0 0 0 0 1.33877 3.32003 1.05206 170.473 
0.0202894067043845015 0.495729 0 247483 0.0932839 8.28137 7.20385 0 01 0 -0 0 0 0 -0 0 0 0 -0 0 0 1.01984 0 0 
0.020345219354467009 0.433287 0 98258 0.150122 8.40027 7.56024 0 01 0 0 0 0 0 0 0 0 0 0 0 0.459461 0.459461 0 0 
0.020398338498193596 0.901333 0 83813 23.7236 8.37721 7.53949 0 01 0 0 0 0 0 0 0 0 0 0 0 0 0.889889 0 0 
0.020435243580012339 16.9714 0 109592 0.107358 8.36077 7.52469 0 01 0 0 0 0 0 0 0 0 0 0 0 0 0 0 0 
0.0206046060867412957 1.00549 0 5708 0.160342 8.27907 7.45116 0 01 0 0 0 0 0 0 0 0 0 0 0 0 1.01075 0 0 
0.0206519696284859777 0.445325 1 331014 0 8.82038 7.675 0 0 2 0.648205 1.50904 -0.44542 0 0 0 0 0 0 0 0 0.459833 3.17371 52.3313 52.3313 
0.020679536621876958 0.290102 0 74516 0.0843754 8.24393 7.41954 0 01 -0 0 0 0 -0 0 0 0 -0 0 0 0.606609 2.98161 0 111.413 
0.0206811233758099969 0.767227 0 265468 0.181402 8.39309 7.55378 0 01 0 0 0 0 0 0 0 0 0 0 0 0.760197 0.760197 3.53666 3.53666 
0.0208776289370241203 0.50904 0 210956 0.102722 9.83996 6.00697 0 128.3971 -58.9999 -25.9261 -111.052 0 -0 0 0 0 -0 0 0 0.515671 1.56068 0 10.0426 
0.0211420911048564517 0.144049 0 233437 0.140371 9.04925 7.87548 0 01 0 0 0 0 0 0 0 0 0 0 0 3.10663 6.70731 1423.61 4480.27 
0.0212412368332551872 0.328198 1 215945 0 8.59728 7.48096 0 0 2 0.153728 0.692984 0.186133 0 0 0 0 0 0 0 0 0.347016 2.73499 0 0 
0.021825358595472806 0.231155 0 276225 0.196116 11.4164 7.35462 0 116.6931 72.6732 -81.5756 -41.0036 0 0 -0 0 0 0 -0 0 0.560288 1.65402 0 145.277 
0.0219387589825197175 0.0742588 1 217834 0 23.2693 101.747 0 0 2 -0.0132568 0.0140328 -0.0108898 0 0 0 0 0 0 0 0 3.25913 6.34682 1099.47 3695.92 
0.0221787011372166221 0.475937 0 264455 0.143972 20.9029 6.87467 0 01 0 0 0 0 0 0 0 0 0 0 0 0.453844 1.39048 0 0 
0.0222055180219759181 0.177751 0 224137 0.0806054 10.4418 6.41863 0 201.2451 -33.452 -191.811 50.8834 0 0 0 0 0 0 0 0 1.24112 3.28579 0 0 
0.0223031869532066412 0.346939 0 216757 0.16528 10.3227 6.32773 0 77.29061 -49.4405 -3.21644 59.3223 0 0 -0 0 0 0 -0 0 2.45795 4.22722 99.2745 99.2745 
0.0223517657558512453 0.152496 0 368572 0.0916308 10.2306 6.26055 0 131.3311 117.405 48.5247 33.3056 0 0 0 0 0 0 0 0 7.26115 11.169 4394.66 8760.42 
0.0224261120033755687 0.155484 1 211832 0 9.2033 8.01005 0 0 2 -1.15058 -1.29751 -0.756545 0 -0 0 0 0 -0 0 0 4.16661 7.31717 2145.83 6596.68 
0.0228229365222468138 0.506541 0 225277 0.377261 11.6404 7.61802 0 110.2871 -109.575 -12.0208 -3.46585 0 -0 0 0 0 -0 0 0 1.53072 3.57834 44.3051 44.3051 
0.0231524240374089245 0.240755 0 278259 0.182037 9.98151 6.09301 0 96.56641 21.1487 0.463385 -94.221 0 0 0 0 0 0 0 0 1.70617 5.20586 386.826 405.406 
0.0237815039814739532 0.230345 0 236774 0.225921 9.08939 7.91035 0 01 0 0 0 0 0 0 0 0 0 0 0 2.4434 5.06878 0 235.088 
0.0237989106333278307 0.332711 0 288974 0 9.90331 6.04466 0 89.38841 -73.7547 -49.8806 -7.90301 0 0 0 0 0 0 0 0 1.3254 3.28142 137.869 178.274 
0.0238018588543188539 0.229586 0 247830 0.080363 10.2098 6.2457 0 165.0631 -26.2284 156.218 -46.4122 0 0 0 -0 0 0 0 -0 0.665374 1.99405 31.3694 31.3694 
0.0239166621944359101 0.962254 0 315415 2.54493 8.56595 7.70936 0 01 0 0 0 0 0 0 0 0 0 0 0 0.992724 0.992724 0 0 
0.0240398244754008103 0.540198 1 210682 0 10.2174 6.25105 0 0 2 -94.2591 -128.538 3.19705 0 -0 0 0 0 -0 0 0 1.0977 2.19557 0 4.96286 
0.0242045123755517746 0.29264 0 236546 0.124517 10.5689 6.5212 0 102.7721 27.448 -96.2831 23.1983 0 0 0 0 0 0 0 0 2.30722 6.76313 54.3471 172.436 
0.024254351152773454 2.70109 1 219348 0 9.01251 7.84381 0 0 2 0.00192944 0.0115396 0.000961534 0 0 0 0 0 0 0 0 0 0 0 0 
0.0243308036901583209 0.306399 0 251749 0.188 9.67913 5.91753 0 90.79841 -86.6711 -2.4963 26.9488 0 0 -0 0 0 0 -0 0 2.31532 5.40594 0 315.075 
0.0244249764617442897 0.374029 0 230752 0.397882 11.5015 7.45282 0 44.13331 19.298 -17.1112 35.8126 0 0 0 0 0 0 0 0 0.781788 1.92935 0 152.277 
0.0245880740012386634 0.112295 0 260245 0.144581 10.5467 6.50293 0 70.32591 -69.6694 -9.55645 -0.76045 0 -0 0 0 0 -0 0 0 3.77783 6.99361 992.61 4264.36 
0.0252572751434708698 0.187143 0 213078 7.38174 10.9083 6.82435 0 125.6951 -44.3332 27.1615 114.438 0 0 0 0 0 0 0 0 5.39897 10.0595 2817.66 5696.26 
0.0254016417515477294 0.0870566 0 229650 0.285538 8.74203 7.60743 0 01 0 0 0 0 0 0 0 0 0 0 0 3.13939 6.65397 1923.9 2710.71 
0.0258984190626233776 0.194883 0 244930 0.260219 9.11538 7.9333 0 01 0 0 0 0 0 0 0 0 0 0 0 4.15867 8.75952 1400.47 2490.95 
0.0263945225816583813 0.554244 0 261221 0 9.69333 5.92508 0 133.6421 86.8023 -101.056 10.6404 0 0 -0 0 0 0 -0 0 0.565855 2.79805 0 33.0623 
0.0265482379987246157 0.134452 0 213131 0.122841 13.0809 9.74043 0 33.67331 26.7177 7.35258 19.1311 0 0 0 0 0 0 0 0 5.53388 10.3048 1988.5 3137.38 
0.0268515686173359802 0.398135 0 219567 0.197667 8.53215 7.42439 0 01 0 0 0 0 0 0 0 0 0 0 0 1.61901 4.46955 43.4157 48.4913 
0.0269004908141354492 0.133169 0 236283 0.110333 10.7745 6.69984 0 91.67711 -89.8448 17.8594 3.69297 0 0 0 0 0 0 0 0 3.56839 9.8735 708.346 2268.5 
0.0276104332454634657 0.245662 1 39421 0 8.73019 7.59746 0 0 1 -0.00404654 0.0113578 0.00722451 0 0 0 0 0 0 0 0 2.77415 8.84966 0 113.666 
0.0277663803905466751 0.568044 0 248745 2.84052 9.17899 7.98903 0 01 0 0 0 0 0 0 0 0 0 0 0 0 1.12438 0 0 
0.0286523291209432422 0.167117 0 240212 8.32514 11.2436 7.04235 0 93.53281 -8.96723 -92.0487 -13.965 0 -0 0 0 0 -0 0 0 3.26995 9.45856 525.314 1200.07 
0.0287448915131620353 0.231346 0 228342 0.365882 10.7732 6.69866 0 63.36651 25.8807 57.8185 1.58833 0 0 0 0 0 0 0 0 2.80583 9.08315 88.3133 337.976 
0.0288459555201913444 1.62477 0 185677 2.30596 8.57641 7.46315 0 01 0 0 0 0 0 0 0 0 0 0 0 0 3.22885 0 0 
0.0293560590499975758 0.227729 0 217295 0.103076 9.03394 7.86264 0 01 0 0 -0 0 0 0 -0 0 0 0 -0 4.07313 9.33593 401.093 1938.69 
0.0295551875357594092 0.131983 1 296950 0 8.47307 7.37277 0 0 2 1.11709 0.576662 -1.57641 0 0 0 0 0 0 0 0 3.23034 9.25686 349.619 1509.68 
0.0297594846253958559 0.523503 0 219426 0.533452 10.7348 6.66413 0 107.4221 -69.6829 -26.2883 -77.4121 0 -0 0 0 0 -0 0 0 2.07307 8.78542 0 24.9101 
0.0306469968866328497 0.085046 0 266998 0.113566 8.21985 7.39787 0 01 0 0 0 0 0 0 0 0 0 0 0 2.57273 9.75479 680.368 1146.89 
0.0315323835193271271 0.180693 0 235278 0.243843 10.6311 6.57335 0 75.82611 74.7893 -3.73204 -11.9258 0 0 0 0 0 0 0 0 2.30859 8.64628 1031.46 1872.2 
0.0317009765321356052 0.195927 1 0 0 8.06702 2.29441 0 0 1 253.29 -211.482 -23.8062 1 417.565 20.3892 -198.463 0 0 0 0 3.29795 7.74499 50.4469 1035.43 
0.0319308441159522408 0.349531 0 227404 0.120638 10.3242 6.32891 0 112.9191 -44.599 -101.75 20.21 0 0 0 0 0 0 0 0 1.73687 8.8633 112.294 212.074 
0.0325441946649832822 0.318329 0 328581 0.927669 8.87592 7.72477 0 01 -0 0 0 0 -0 0 0 0 -0 0 0 1.1967 2.05379 0 0 
0.0327596211826418973 0.839976 0 220962 3.90073 9.24063 8.04263 0 01 0 0 0 0 0 0 0 0 0 0 0 0 2.50278 0 0 
0.0328250856878625347 0.1432 0 215469 13.7201 10.9075 6.82359 0 121.0421 -116.366 0.563066 33.3136 0 0 0 0 0 0 0 0 3.81361 9.48429 475.811 1180.89 
0.0331503245925341278 0.174485 0 253906 0.223562 10.722 6.65268 0 84.19571 -72.0962 19.6069 -38.8154 0 0 0 0 0 0 0 0 3.78999 11.0283 0 552.138 
0.0337891566133767599 0.446976 0 225495 0.0873571 10.4702 6.44131 0 164.1241 62.7215 -62.5568 -138.164 0 0 -0 0 0 0 -0 0 1.65812 7.11975 0 102.022 
0.0351612255636277807 0.146424 0 268354 0.209086 10.0163 6.11524 0 122.7831 34.2868 72.0224 93.343 0 0 0 0 0 0 0 0 4.52099 12.0482 213.108 868.893 
0.0354326201378616715 0.11131 1 211056 0 20.9154 49.9249 0 0 2 -0.00522596 -0.00193369 0.00110811 0 0 0 0 0 0 0 0 6.14891 15.3159 1324.56 1707.02 
0.0356602956615041933 0.166139 1 265624 0 8.84009 7.69355 0 0 2 -0.0180487 -0.0030097 0.0011179 0 0 0 0 0 0 0 0 5.25162 11.515 48.5197 1227.71 
0.0395419847881825354 0.31086 0 252142 0.217454 22.7002 14.2549 0 01 0 0 0 0 0 0 0 0 0 0 0 6.63066 21.041 56.0924 64.5313 
0.0432981314427121761 0.354364 0 218443 0.083539 9.71825 5.93852 0 301.0271 -238.026 130.783 129.832 0 0 0 0 0 0 0 0 4.6917 13.9789 0 56.3443 
0.0495156210476429964 0.212282 0 106369 0.0974439 8.00986 2.28303 0 226.5231 -218.782 -46.723 35.5542 0 -0 0 0 0 -0 0 0 5.72198 15.7208 58.9859 684.165 
0.0507707398848281435 0.253344 0 218330 0.241704 8.68227 7.55576 0 01 0 0 -0 0 0 0 -0 0 0 0 -0 5.21708 13.7338 237.862 645.945 
0.0636287365224475626 0.253379 0 245168 0.172795 8.78747 7.64766 0 01 0 0 0 0 0 0 0 0 0 0 0 5.38635 15.6753 2.15972 835.578 
