21.7728753847853724 0.0117783 1 0 0 40.705 40.663 0 0 0 0 0 0 0 0 0 0 0 0 0 0 12.4011 32.0721 41.7827 73.5556 
21.9902594301670433 0.0140891 1 0 0 41.4423 41.31 0 0 0 0 0 0 0 0 0 0 0 0 0 0 8.91634 29.0794 42.8339 57.8486 
23.119791401363436 0.0585435 1 0 0 42.4389 42.4011 0 0 0 0 0 0 0 0 0 0 0 0 0 0 11.484 33.7001 69.6025 90.9173 
23.3077594940405497 0.0209519 1 0 0 2.62814 42.4011 0 0 0 0 0 0 0 0 0 0 0 0 0 0 7.71016 30.0274 1.36464 26.6008 
24.4698904849263421 0.0140428 1 0 0 44.0368 44.0082 0 0 0 0 0 0 0 0 0 0 0 0 0 0 4.82928 17.7498 44.0016 58.8895 
24.8093708027887168 0.0394171 1 0 0 45.7948 45.793 0 0 0 0 0 0 0 0 0 0 0 0 0 0 1.83975 8.40741 38.7681 40.0127 
26.0773923804351746 0.0640169 1 0 0 6.34073 47.0537 0 0 0 0 0 0 0 0 0 0 0 0 0 0 3.98732 12.1067 41.6139 51.2497 
46.157 41.5413 0 0 1 0.837123 -0.0536408 -0.337975 0 0 0 0 0 0 0 0 1.71107 4.09307 0 1680.59 
0.0072912572782724127 0.340519 1 220029 0 43.4008 39.0607 0 0 1 -0.00830215 -0.00188574 0.00344285 0 0 0 0 0 0 0 0 0 0.673019 0 0 
0.00731723949336808652 1.34659 0 332286 106.732 103.322 40.5 0 01 0 0 0 0 0 0 0 0 0 0 0 0 1.31477 0 0 
0.0074807775815316814 0.282073 1 429429 0 43.3956 39.056 0 0 2 0.0148589 0.00474973 0.0676918 0 0 0 0 0 0 0 0 0.840194 2.46874 0 0 
0.00749760245691791834 0.714873 1 474822 0 38.9263 35.0337 0 0 2 -0.212146 1.18801 0.0219872 0 -0 0 0 0 -0 0 0 0 0 0 0 
0.00753656065689399957 0.931437 0 261806 94.5324 92.0735 38.0086 0 01 0 -0 0 0 0 -0 0 0 0 -0 0 0 0 0 0 
0.00758012055310573231 0.128931 1 481259 0 38.2726 34.4453 0 0 2 0.0189934 -0.0734987 -0.0112113 0 0 -0 0 0 0 -0 0 3.38478 6.64231 1060.93 2797.04 
0.0076268753080402053 0.443265 0 426076 0.251772 40.3627 36.3264 0 01 0 0 0 0 0 0 0 0 0 0 0 0 0.859971 0 0 
0.00762798387460210045 0.0295502 1 301990 0 37.0579 33.3521 0 0 2 -0.0111746 -0.00768805 0.00609711 0 0 -0 0 0 0 -0 0 3.34939 5.43329 5464.78 16515.2 
0.00764802979617161365 0.0596045 0 41936 0.167681 40.4528 36.4076 0 01 -0 0 0 0 -0 0 0 0 -0 0 0 2.80421 5.83892 5214.1 15897 
0.00768074257271933805 0.197935 1 442431 0 37.4133 33.6719 0 0 1 -0.065132 0.242991 0.845782 0 0 0 0 0 0 0 0 0.405148 1.82605 0 0 
0.00768677301244689685 0.136773 1 583417 0 35.9732 32.3759 0 0 1 -0.694169 -0.479025 -0.197446 0 -0 0 0 0 -0 0 0 1.9301 4.11029 232.941 2555.15 
0.0077632769845787904 0.19931 1 435260 0 36.2164 32.5948 0 0 1 -0.255076 0.678852 -0.294 0 0 0 0 0 0 0 0 0.387766 1.61709 0 0 
0.00778706866719425326 0.141463 0 529602 0.0986728 37.722 33.9498 0 01 -0 0 0 0 -0 0 0 0 -0 0 0 3.09152 4.89153 842.603 2424.7 
0.00778969635774523755 0.141528 0 248388 0.109974 34.9367 31.4431 0 01 0 -0 0 0 0 -0 0 0 0 -0 0 2.4229 4.7089 1436.55 2271.17 
0.00785465928794065564 0.107499 0 544445 0.240061 34.0862 30.6776 0 01 0 0 0 0 0 0 0 0 0 0 0 0.748383 1.83055 2028.8 2912.2 
0.00785575913889473114 0.258342 1 122627 0 34.1517 30.7366 0 0 1 -0.102707 0.396243 0.878931 0 0 0 0 0 0 0 0 0.824119 1.08913 228.973 228.973 
0.00788176212680413019 0.263968 0 58636 0.106163 33.5266 30.1739 0 01 0 0 0 0 0 0 0 0 0 0 0 0 0.534342 0 0 
0.00789709357902744664 0.277417 1 449840 0 35.2797 31.7517 0 0 2 0.116954 -0.219334 1.11713 0 0 -0 0 0 0 -0 0 0.529626 2.40447 0 0 
0.00790707723626974009 0.25485 0 668650 0.192083 33.3035 29.9731 0 01 0 0 -0 0 0 0 -0 0 0 0 -0 0.539148 2.3823 366.68 366.68 
0.0079646089732719888 0.566534 0 176470 78.0612 33.8432 30.4589 0 01 0 0 0 0 0 0 0 0 0 0 0 0.578716 1.165 0 0 
0.00803002243389496113 0.169603 0 423215 0.530501 33.2491 29.9242 0 01 0 0 0 0 0 0 0 0 0 0 0 0.839022 2.05823 312.565 592.508 
0.00803374118032932315 0.490151 0 435769 0.123375 33.9346 30.5412 0 01 -0 0 0 0 -0 0 0 0 -0 0 0 0 0.49365 0 0 
0.00803750994925988074 0.0392319 1 389536 0 32.8036 29.5232 0 0 1 -0.0110056 0.0424795 0.0501411 0 0 0 -0 0 0 0 -0 3.62275 6.55263 4812.7 16805.2 
0.00803850889366337397 0.661232 0 502390 0.0950124 32.8994 29.6095 0 01 0 0 0 0 0 0 0 0 0 0 0 1.29935 1.29935 0 160.607 
0.00806624490747307257 0.363511 0 197519 0.264822 35.0769 31.5692 0 01 0 0 0 0 0 0 0 0 0 0 0 0.344169 0.70768 0 0 
0.00808692275748112456 0.075362 0 491239 0.132933 33.2265 29.9039 0 01 0 0 0 0 0 0 0 0 0 0 0 2.46934 4.66108 7016.88 15103.2 
0.00810494361091742416 0.392489 1 424486 0 31.1664 28.0497 0 0 1 -0.0533497 -0.589382 -0.035593 0 0 0 -0 0 0 0 -0 0 0.380371 0 0 
0.00817470293733173897 0.681019 1 466634 0 29.9325 26.9392 0 0 1 1.09543 -0.339475 -0.348522 0 0 -0 0 0 0 -0 0 0.681658 0.681658 0 1.26745 
0.00819715338341147313 0.199062 1 452205 0 32.9932 29.6938 0 0 1 -0.547024 0.296237 -0.589194 0 0 0 0 0 0 0 0 1.21367 2.41858 0 1247.96 
0.00820873548965896267 0.256108 1 437618 0 30.8497 27.7647 0 0 2 0.0171625 -0.00357219 -0.00588432 0 0 -0 0 0 0 -0 0 0.268744 0.512724 0 82.1919 
0.00821293555870679717 0.0236936 0 520809 2.20454 32.7414 29.4673 0 01 0 0 0 0 0 0 0 0 0 0 0 3.52334 5.67728 6603.3 15650.5 
0.00822099354469876809 0.0940998 1 471685 0 61.0783 54.9704 0 0 2 -0.00364773 0.00284261 0.00698401 0 0 0 0 0 0 0 0 2.37865 4.1555 6447.9 11763.7 
0.00824294621632538221 0.196241 1 114706 0 29.5417 26.5875 0 0 1 -0.0147125 -0.464617 -0.324056 0 0 0 0 0 0 0 0 0.388109 1.14175 435.873 435.873 
0.0082686733345222023 0.729622 0 335995 70.2877 29.9919 26.9927 0 01 0 -0 0 0 0 -0 0 0 0 -0 0 0.726754 1.44882 0 0 
0.00829606038301926828 0.190499 1 372935 0 29.0279 26.1251 0 0 1 0.121155 0.556513 0.00419812 0 0 0 0 0 0 0 0 0.778881 3.16279 0 329.752 
0.00831269063392307654 0.240011 1 424889 0 29.5629 26.6066 0 0 2 -0.00193237 0.011619 0.0186737 0 0 0 0 0 0 0 0 0 0.439971 0 0 
0.00847404511210794395 0.544884 0 203575 0.10925 27.533 24.7797 0 01 0 0 0 0 0 0 0 0 0 0 0 0 0 0 0 
0.00854522767395613815 0.167003 1 205777 0 29.3936 26.4542 0 0 1 -0.024709 -0.0315145 -0.675038 0 0 -0 0 0 0 -0 0 1.1548 3.10198 0 375.967 
0.00855988467471225679 0.242061 0 432700 0.115244 26.5888 23.93 0 01 0 0 0 0 0 0 0 0 0 0 0 0 0.876576 0 0 
0.00862246124494462675 1.31055 0 325363 63.3838 26.6412 23.9771 0 01 0 -0 0 0 0 -0 0 0 0 -0 0 0 0 0 0 
0.00863369366395428002 0.0227757 1 235912 0 26.557 23.9013 0 0 2 -0.027815 0.0283534 0.0355904 0 0 0 0 0 0 0 0 3.37676 5.69803 9025.89 14475.2 
0.00863510249091505554 0.348005 0 37142 0.0936511 26.4947 23.8453 0 01 0 -0 0 0 0 -0 0 0 0 -0 0 1.36087 3.73033 0 63.7259 
0.00868142083499450455 1.99211 0 295191 0.179828 26.0595 23.4536 0 01 0 0 -0 0 0 0 -0 0 0 0 -0 0 0 0 0 
0.00872870525731768258 0.225611 0 110778 0.141475 25.7338 23.1604 0 01 0 0 -0 0 0 0 -0 0 0 0 -0 1.14278 4.39246 0 96.8437 
0.00873114523710723581 43.9207 0 181303 0.104543 25.5801 23.0221 0 01 0 0 0 0 0 0 0 0 0 0 0 0 0 0 0 
0.00873415428833509803 0.287821 0 362298 0.132508 25.536 22.9824 0 01 0 0 0 0 0 0 0 0 0 0 0 0.280267 2.02339 0 0 
0.00873826634155571401 0.172511 0 445991 0.200452 25.5036 22.9532 0 01 0 0 0 0 0 0 0 0 0 0 0 1.89506 4.04144 0 1996.8 
0.00874375086721379709 0.184066 1 654580 0 26.8639 24.1775 0 0 2 -0.0151639 -0.351991 0.635908 0 -0 0 0 0 -0 0 0 0.97862 2.34935 16.2008 16.2008 
0.0087516577352555764 0.997656 0 559315 11.5543 25.5213 22.9692 0 01 0 0 0 0 0 0 0 0 0 0 0 0 0 0 0 
0.00877083097950749624 0.0690266 1 0 0 61.3477 24.6177 0 0 1 1.6632 0.801584 -2.69859 1 269.233 -1680.05 -337.065 0 0 -0 0 3.37991 5.51728 1338.85 12933.6 
0.00877325630269919221 0.180783 0 295960 0.43527 25.4155 22.8739 0 01 0 -0 0 0 0 -0 0 0 0 -0 0 1.33636 3.5108 226.422 744.623 
0.00877664254056400965 0.688997 0 269591 60.8854 25.4304 22.8873 0 01 0 0 0 0 0 0 0 0 0 0 0 0 1.387 0 0 
0.00879720295097122414 1.07144 0 338207 60.5699 25.269 22.7421 0 01 0 0 0 0 0 0 0 0 0 0 0 0 2.1147 0 0 
0.00879756120778246026 0.37307 0 95702 0.913484 25.2661 22.7395 0 01 0 0 0 0 0 0 0 0 0 0 0 0.74431 1.47443 0 0 
0.00885324293322494599 0.149808 1 554370 0 24.7628 22.2865 0 0 2 -0.000804764 -0.015839 0.0242932 0 0 -0 0 0 0 -0 0 2.14955 4.94336 1470.04 2198.73 
0.00885637216138648008 0.10568 1 231968 0 24.4092 21.9683 0 0 2 -0.317456 -0.967187 -0.0435156 0 -0 0 0 0 -0 0 0 2.49639 4.72119 5289.45 13565.6 
0.00891081840499781917 0.147005 0 484527 0.184334 24.3644 21.928 0 01 -0 0 0 0 -0 0 0 0 -0 0 0 4.28085 7.77952 841.376 3860.26 
0.00893206315337966711 1.32201 0 327684 0 24.2646 21.8382 0 01 -0 0 0 0 -0 0 0 0 -0 0 0 0 0 0 0 
0.00897182930452504815 0.137322 0 396909 0.138169 23.973 21.5757 0 01 0 0 0 0 0 0 0 0 0 0 0 1.60384 5.28024 0 1677.87 
0.00899853959175507014 0.555875 0 317807 0.196217 23.6588 21.293 0 01 0 0 0 0 0 0 0 0 0 0 0 0 0.56151 0 0 
0.00899884931954825391 0.673503 0 52253 57.7001 23.8012 21.4211 0 01 -0 0 0 0 -0 0 0 0 -0 0 0 0.671515 1.35419 0 0 
0.00902030171976517768 1.11126 0 291197 0.270528 23.6496 21.2847 0 01 -0 0 0 0 -0 0 0 0 -0 0 0 1.11243 1.11243 0 0 
0.00904465407864994686 0.696398 0 398758 0.175774 23.4876 21.1389 0 01 0 -0 0 0 0 -0 0 0 0 -0 0 0.709212 2.79695 0 0 
0.00904881771994242752 0.702193 0 243358 57.0413 23.4596 21.1137 0 01 0 0 0 0 0 0 0 0 0 0 0 0.71747 0.71747 0 0 
0.00904960383479001991 0.479559 0 317685 0.325931 23.2942 20.9648 0 01 0 0 0 0 0 0 0 0 0 0 0 0 0.473015 0 0 
0.00906389909629958315 0.387591 0 179664 56.8427 23.3564 21.0207 0 01 0 0 0 0 0 0 0 0 0 0 0 0 0.366464 0 0 
0.00907860827591117428 0.135515 0 803467 0.169544 23.1976 20.8778 0 01 0 -0 0 0 0 -0 0 0 0 -0 0 1.12795 3.09868 0 2609.11 
0.0091055558117180968 0.213347 1 107024 0 24.6814 22.2133 0 0 1 -0.4034 -0.223902 0.168509 0 0 0 0 0 0 0 0 1.24915 2.5472 0 335.349 
0.00915711977356364892 0.332229 0 13642 0.106452 22.7598 20.4839 0 01 0 0 0 0 0 0 0 0 0 0 0 0.955925 3.54211 0 0 
0.00916258781353784975 0.512778 1 235966 0 22.723 20.4507 0 0 2 -0.00910448 -0.00201942 0.00384207 0 0 0 0 0 0 0 0 0 1.0157 0 0 
0.00918599574927132269 0.235091 0 478352 0.0950089 22.5812 20.3231 0 01 0 0 0 0 0 0 0 0 0 0 0 0.486883 2.42805 0 2.1693 
0.00919076151247387972 0.243374 0 265002 0.126941 22.5499 20.2949 0 01 0 0 0 0 0 0 0 0 0 0 0 1.23323 2.91578 0 0 
0.00923651611638705468 0.349504 0 10715 0.286976 22.2778 20.05 0 01 0 0 -0 0 0 0 -0 0 0 0 -0 0 1.08745 0 0 
0.00926647259077928963 0.157918 0 214436 0.884423 22.1047 19.8942 0 01 -0 0 0 0 -0 0 0 0 -0 0 0 2.06043 5.42551 882.491 3116.12 
0.00927063272811264917 0.103489 1 28748 0 22.0854 19.8768 0 0 1 0.160055 -2.24313 -0.278238 0 0 -0 0 0 0 -0 0 3.56258 6.4605 3720.25 15340 
0.00927859808913934769 3.01188 0 324126 0.384639 22.0399 19.8359 0 01 0 0 0 0 0 0 0 0 0 0 0 0 0 0 0 
0.00928394127045582482 1.66975 0 381642 54.1803 21.9945 19.7951 0 01 0 0 0 0 0 0 0 0 0 0 0 0 0 0 0 
0.00936978517305038679 0.592784 0 379809 53.2254 21.5121 19.3609 0 01 0 0 0 0 0 0 0 0 0 0 0 0 0 0 0 
0.00941703064525550339 0.0981112 1 37483 0 21.2734 19.146 0 0 1 0.00383819 -0.00493227 -0.00863027 0 0 0 0 0 0 0 0 2.70769 4.58694 403.308 10718.9 
0.00941995313080757311 0.752572 1 75494 0 21.2444 19.1199 0 0 1 0.00249253 0.0189575 0.0123687 0 0 0 0 0 0 0 0 0 0 0 0 
0.00943586975402719783 0.390943 1 111644 0 21.1702 19.0531 0 0 2 -0.0188846 -0.0233471 0.0260492 0 0 0 0 0 0 0 0 1.1624 1.55163 21.3002 268.837 
0.00944389028313880052 0.203864 1 77606 0 21.1249 19.0124 0 0 2 0.0132646 0.014786 -0.0318098 0 0 0 0 0 0 0 0 0.433923 1.68763 515.746 547.179 
0.00945407841422224275 0.0884598 1 306489 0 21.0799 18.9719 0 0 2 -0.00918951 0.00654768 -0.0388151 0 0 0 -0 0 0 0 -0 2.11503 4.55137 3201.94 10890.3 
0.00946033981833234797 1.16893 0 235149 52.2635 21.035 18.9315 0 01 0 0 -0 0 0 0 -0 0 0 0 -0 0 1.16175 0 0 
0.00949014905879540932 0.358826 0 44453 0.100979 20.8449 18.7604 0 01 -0 0 0 0 -0 0 0 0 -0 0 0 0.365397 0.717908 0 0 
0.00950761297930641062 0.101377 0 154047 0.0939224 20.7936 18.7142 0 01 0 0 0 0 0 0 0 0 0 0 0 3.22962 4.82768 5233.31 17008.6 
0.00954304809975945953 0.344632 0 56191 0 20.6053 18.5448 0 01 0 0 0 0 0 0 0 0 0 0 0 0.358463 2.12499 0 0 
0.00956847840868828813 0.0487309 0 74245 0.719282 20.4954 18.4459 0 01 0 0 -0 0 0 0 -0 0 0 0 -0 3.51526 5.9767 4631.75 17935.1 
0.00959014214154752659 0.964966 0 344057 50.9575 20.3843 18.3459 0 01 0 0 0 0 0 0 0 0 0 0 0 0 0 0 0 
0.00959867906497187395 0.40444 0 43106 0.145022 20.3523 18.3171 0 01 0 0 0 0 0 0 0 0 0 0 0 0.413777 0.413777 0 0 
0.00968569515512274735 0.675018 1 185627 0 19.9331 17.9398 0 0 2 0.0193772 -0.0107618 -0.00416405 0 0 0 0 0 0 0 0 0 0 0 0 
0.00971253751050541424 0.246951 0 89578 0.158213 19.8158 17.8342 0 01 0 0 0 0 0 0 0 0 0 0 0 0 0.243843 0 0 
0.00974454213727039831 0.0794846 0 199705 1.40497 27.8785 25.0907 0 01 0 0 -0 0 0 0 -0 0 0 0 -0 2.48418 3.78122 5166.05 16296.6 
0.00975531328356664569 0.582137 0 271044 0.550637 19.6249 17.6624 0 01 0 0 0 0 0 0 0 0 0 0 0 0 0.601206 0 0 
0.00976892797687586509 0.246201 0 54190 0.105801 19.5596 17.6036 0 01 0 0 0 0 0 0 0 0 0 0 0 0.745921 2.18135 0 345.55 
0.00979166341337164153 0.265755 1 361078 0 19.4665 17.5199 0 0 2 0.0133727 -0.0155676 0.0197253 0 0 -0 0 0 0 -0 0 0.258408 1.86366 0 0 
0.00979671726367423515 0.20558 1 162029 0 19.4431 17.4988 0 0 1 0.0246096 0.00272217 -0.0534782 0 0 0 -0 0 0 0 -0 0.621513 2.51231 0 750.754 
0.00979730443568705388 1.67574 0 314533 0.127324 19.4328 17.4896 0 01 0 -0 0 0 0 -0 0 0 0 -0 0 0 0 0 0 
0.00979843341054897204 0.448844 0 116262 0.412527 19.436 17.4924 0 01 0 -0 0 0 0 -0 0 0 0 -0 0 0 0 0 0 
0.00980900370312239207 5.40062 1 256067 0 19.3882 17.4494 0 0 2 0.00208761 -0.00885462 -0.00682185 0 0 -0 0 0 0 -0 0 0 0 0 0 
0.00981401497190232536 0.171847 0 328792 0.140484 19.3646 17.4282 0 01 0 0 -0 0 0 0 -0 0 0 0 -0 0.980387 2.30523 0 404.439 
0.00983303612966662972 0.0394756 0 99846 0.209581 19.2896 17.3606 0 01 0 0 0 0 0 0 0 0 0 0 0 3.28667 4.80792 3325.23 16755.7 
0.00983695211341171702 0.0683728 0 157557 0.106988 19.2692 17.3423 0 01 0 0 0 0 0 0 0 0 0 0 0 3.76317 6.18672 2786.27 20306.7 
0.00987919382430594434 0.390636 0 603290 0 19.108 17.1972 0 01 0 0 0 0 0 0 0 0 0 0 0 0 1.19584 0 0 
0.00988267752117118377 0.202268 0 62226 0.148121 19.0482 17.1434 0 01 0 0 0 0 0 0 0 0 0 0 0 0.197572 1.1911 0 0 
0.00990609265090357932 0.536556 1 27316 0 18.9832 17.0849 0 0 1 0.0033218 0.0457402 -0.00913995 0 0 0 -0 0 0 0 -0 0.524574 1.05048 0 0 
0.00995162093752189475 0.262499 1 164882 0 18.7913 16.9122 0 0 2 0.0382858 0.0257213 0.0244254 0 0 0 0 0 0 0 0 0.268488 1.34335 0 0 
0.00998093666007883809 0.390658 0 45741 1.07272 18.6797 16.8117 0 01 0 0 0 0 0 0 0 0 0 0 0 0.398679 0.799158 0 116.648 
0.0100128101742047466 0.492406 0 285251 0.0961574 18.5601 16.7039 0 01 -0 0 0 0 -0 0 0 0 -0 0 0 0 0.476646 0 0 
0.0100201877615585157 0.137286 1 392042 0 18.5109 16.6596 0 0 2 -0.0159888 0.00122228 0.0297922 0 -0 0 0 0 -0 0 0 2.34815 3.97864 2474.72 6637.93 
0.0100211358279955944 0.0621709 1 384887 0 18.5261 16.6733 0 0 2 -0.0158236 -0.0297776 0.00754667 0 0 0 0 0 0 0 0 2.49525 4.49969 5433.94 21647.1 
0.0100495852323653247 0.258427 0 55710 0.436827 18.5579 16.7019 0 01 0 0 0 0 0 0 0 0 0 0 0 0.257315 0.803884 0 282.495 
0.0100567030811649846 0.247973 0 239587 0.181431 18.554 16.6985 0 01 0 0 0 0 0 0 0 0 0 0 0 0.698619 1.18376 0 0 
0.0100662401544135988 0.363108 1 177060 0 18.5526 16.6971 0 0 2 0.0111481 -0.00586172 0.00661565 0 0 0 0 0 0 0 0 0 1.36845 0 0 
0.0100884554687121 0.0966013 0 344190 0.140059 18.5188 16.6667 0 01 0 0 -0 0 0 0 -0 0 0 0 -0 3.50522 5.54203 8500.01 18269.8 
0.0100966873419027509 0.112896 0 246886 0.185145 18.5057 16.6549 0 01 0 0 0 0 0 0 0 0 0 0 0 1.91311 3.59365 126.65 1271.58 
0.0101097429669455112 0.185872 0 139943 0.374776 18.4746 16.6269 0 01 0 0 -0 0 0 0 -0 0 0 0 -0 0.334935 2.47656 0 0 
0.0101376907141102358 0.0456279 0 144755 0.104985 18.4156 16.5737 0 01 0 0 0 0 0 0 0 0 0 0 0 2.56085 4.30278 5507.42 16322.4 
0.0101442280688611736 0.932533 0 290261 0.210011 18.4033 16.5625 0 01 0 0 0 0 0 0 0 0 0 0 0 0 0 0 0 
0.0101650492747490905 0.0370877 0 490055 0.121459 18.3702 16.5328 0 01 0 0 0 0 0 0 0 0 0 0 0 2.78937 4.54174 3401.18 13704.4 
0.0102065508840816239 1.30896 1 351864 0 18.2528 16.4269 0 0 2 -0.0395673 0.0144854 -0.0135187 0 0 0 0 0 0 0 0 0 0 0 0 
0.0102253253431172399 0.369314 1 63181 0 18.2034 16.3824 0 0 1 0.00241691 -0.0120999 -0.00594739 0 0 0 -0 0 0 0 -0 0.365228 0.747742 0 0 
0.0102364726030885356 0.422467 1 146828 0 18.1729 16.355 0 0 2 -0.00268656 0.00554875 0.00262565 0 0 0 -0 0 0 0 -0 0 0 0 0 
0.0102377479776926527 0.850673 0 485477 0.0824691 18.1773 16.3589 0 01 0 0 0 0 0 0 0 0 0 0 0 0 0 0 0 
0.0102598036221297328 0.080217 1 58596 0 18.1107 16.2989 0 0 1 0.0166642 0.000123764 -0.0190284 0 0 -0 0 0 0 -0 0 3.53557 5.55268 12009.3 23771.5 
0.0102717048918853273 0.339183 0 60170 0.404359 18.0788 16.2701 0 01 0 0 0 0 0 0 0 0 0 0 0 0 0 0 0 
0.0103249064390951092 0.528725 0 245146 0.699626 17.93 16.136 0 01 0 0 0 0 0 0 0 0 0 0 0 0 0.53033 0 0 
0.0103334490254191787 0.272267 0 85683 0.0953525 17.9295 16.1356 0 01 0 0 0 0 0 0 0 0 0 0 0 0 0 0 0 
0.0103809622159357767 0.241268 1 303887 0 17.7845 16.0049 0 0 2 -0.0125843 -0.0142177 -0.0136492 0 -0 0 0 0 -0 0 0 0.440086 2.05982 0 31.4069 
0.0104282160355410481 2.00297 0 361508 44.148 17.6678 15.8997 0 01 0 0 0 0 0 0 0 0 0 0 0 0 0 0 0 
0.0104481474912978094 0.0624147 0 537689 0.140148 17.6908 15.9205 0 01 0 0 0 0 0 0 0 0 0 0 0 3.05427 5.12912 7506.75 18622 
0.0104741157007701598 0.337884 0 141955 0.3342 17.5436 15.7878 0 01 0 -0 0 0 0 -0 0 0 0 -0 0 0.338412 2.77514 0 0 
0.0104819219229750384 0.835016 0 25648 0.208015 17.5544 15.7975 0 01 0 0 0 0 0 0 0 0 0 0 0 0 0 0 0 
0.0104949344280980267 0.0332892 1 398883 0 17.4992 15.7478 0 0 1 -1.32526 -0.955572 -1.03315 0 0 -0 0 0 0 -0 0 3.79151 5.89086 7342.58 20040.1 
0.010512051349410783 0.380348 0 284845 0.152581 17.4925 15.7418 0 01 0 0 0 0 0 0 0 0 0 0 0 0.751393 0.751393 0 3.11964 
0.0105196472615488677 0.353195 1 68583 0 17.4276 15.6832 0 0 1 -0.0158466 0.0278792 7.43638e-06 0 -0 0 0 0 -0 0 0 0.335239 1.38123 0 0 
0.0105266177705016298 0.0491979 0 83883 0.17977 17.3856 15.6454 0 01 0 0 0 0 0 0 0 0 0 0 0 2.79801 4.84775 8906.46 13719.4 
0.0105367044899607864 0.0703653 0 85753 0.199331 17.376 15.6367 0 01 0 0 0 0 0 0 0 0 0 0 0 2.55 4.19157 1327.21 13965.5 
0.010555629700693658 0.102346 1 427136 0 17.4104 15.6677 0 0 2 0.00643287 -0.0124799 0.00696069 0 0 0 0 0 0 0 0 3.95558 6.20422 5712.35 20767.4 
0.0105593751317334724 0.16322 0 465564 0.0935078 17.3821 15.6423 0 01 0 0 -0 0 0 0 -0 0 0 0 -0 0.972077 2.65149 0 0 
0.0105774068449340421 0.17039 1 393629 0 17.2814 15.5515 0 0 2 -0.00332001 0.00651665 0.00342037 0 0 0 0 0 0 0 0 1.17367 2.62986 0 186.317 
0.010602939390143137 0.0437347 0 426409 0.0936572 22.1404 19.9263 0 01 0 -0 0 0 0 -0 0 0 0 -0 0 3.25728 5.29074 12985.4 22304.3 
0.0106105020451215826 0.222223 0 386480 0.0882663 17.1906 15.4696 0 01 -0 0 0 0 -0 0 0 0 -0 0 0 0.654272 3.60102 0 909.005 
0.0106241606071975601 0.354283 0 267239 0.0977053 17.1609 15.4429 0 01 0 0 0 0 0 0 0 0 0 0 0 0.354855 1.04459 0 0 
0.0106260967054901054 0.257845 1 131772 0 17.1694 15.4506 0 0 2 -0.00928489 -0.00821327 0.00581811 0 0 0 0 0 0 0 0 0.762499 1.56294 0 348.411 
0.0106850712621148914 0.429729 0 68259 0.153173 16.9943 15.2928 0 01 0 0 0 0 0 0 0 0 0 0 0 0 0 0 0 
0.0107295340512989675 0.354188 1 197910 0 16.8969 15.205 0 0 2 -0.0115953 -0.0099803 0.00125831 0 0 -0 0 0 0 -0 0 0.332773 0.332773 0 215.882 
0.0107938323402102885 2.6165 0 364519 41.8438 16.7495 15.0722 0 01 0 0 -0 0 0 0 -0 0 0 0 -0 2.62988 2.62988 0 0 
0.0108445697254090419 4.14784 0 399060 41.5475 16.6315 14.9658 0 01 0 0 -0 0 0 0 -0 0 0 0 -0 0 0 0 0 
0.0108453134197103035 0.58117 1 121054 0 16.6279 14.9626 0 0 2 0.000967065 0.00682568 0.0104985 0 0 0 0 0 0 0 0 0.570641 2.318 0 0 
0.0108463988088542997 1.81728 1 4347 0 16.6189 14.9545 0 0 1 -0.0140698 -0.0111254 0.00876134 0 0 0 0 0 0 0 0 0 0 0 0 
0.0108701010655035228 1.00181 0 344240 41.4003 16.5586 14.9001 0 01 0 0 0 0 0 0 0 0 0 0 0 0 0 0 0 
0.0108837631020335633 0.147202 1 78974 0 16.5345 14.8784 0 0 1 -0.00872925 -0.0062255 -0.0123229 0 -0 0 0 0 -0 0 0 0.997443 2.44919 669.6 669.6 
0.0109152594046703581 0.0553785 0 244533 0.130488 16.4642 14.8151 0 01 0 0 0 0 0 0 0 0 0 0 0 2.8145 3.87303 8502.18 14692.8 
0.010925271700057991 1.76076 0 330060 41.0883 16.4338 14.7877 0 01 -0 0 0 0 -0 0 0 0 -0 0 0 0 0 0 0 
0.0109357159777016683 0.544495 0 334260 41.0287 16.4164 14.772 0 01 0 0 0 0 0 0 0 0 0 0 0 0 1.63979 0 0 
0.0109866622776779027 1.4235 0 295464 40.7464 16.2947 14.6623 0 01 -0 0 0 0 -0 0 0 0 -0 0 0 0 0 0 0 
0.0109930848988392463 0.225953 1 6025 0 16.3433 14.7062 0 0 1 0.0230255 0.00104655 0.0187285 0 0 0 0 0 0 0 0 0.446754 1.12762 0 0 
0.0110257813793510594 0.344736 1 5284 0 16.215 14.5905 0 0 1 -0.0152739 -0.00227408 -0.00573558 0 0 0 -0 0 0 0 -0 1.34063 3.01099 0 743.28 
0.0110363614425386131 0.249145 0 122995 0.187155 16.2309 14.6048 0 01 -0 0 0 0 -0 0 0 0 -0 0 0 0.736096 2.50871 0 211.102 
0.0110409400651289829 0.393673 0 189256 0.121041 16.187 14.5653 0 01 0 0 -0 0 0 0 -0 0 0 0 -0 0 1.15232 0 0 
0.0110464210370241865 0.178315 0 672721 0.365048 16.2937 14.6615 0 01 -0 0 0 0 -0 0 0 0 -0 0 0 1.30746 3.71205 56.8447 292.557 
0.0110545356229410762 0.213152 0 205163 40.3764 16.1546 14.5361 0 01 0 0 0 0 0 0 0 0 0 0 0 0.219064 0.451841 0 0 
0.0110679005327769375 0.434242 0 22499 0.235695 16.1604 14.5414 0 01 0 0 -0 0 0 0 -0 0 0 0 -0 0 1.75956 0 0 
0.0110882453681005414 0.753475 0 255934 40.1963 16.0807 14.4696 0 01 0 0 -0 0 0 0 -0 0 0 0 -0 0 0.764851 0 0 
0.0111261171553303749 0.180959 0 340616 39.9961 16.003 14.3995 0 01 0 0 0 0 0 0 0 0 0 0 0 0.776281 1.33567 0 0 
0.0111450414482858959 0.258641 0 195207 39.8973 15.9597 14.3605 0 01 0 0 0 0 0 0 0 0 0 0 0 1 1.99017 829.659 829.659 
0.0111523547585806043 0.12615 0 207965 0.159386 15.9871 14.3852 0 01 0 -0 0 0 0 -0 0 0 0 -0 0 1.55977 3.61135 469.829 1753.86 
0.0111658246723264232 1.04329 0 234722 0.109386 15.9197 14.3245 0 01 0 0 -0 0 0 0 -0 0 0 0 -0 0 1.01372 0 0 
0.0111743205870272738 0.9745 0 219847 39.7453 15.897 14.304 0 01 -0 0 0 0 -0 0 0 0 -0 0 0 0 0 0 0 
0.0112048247080519334 0.502248 1 264494 0 15.8367 14.2497 0 0 2 -0.00274724 0.0071824 -0.000624425 0 0 0 0 0 0 0 0 0 0 0 0 
0.0112148923790945064 0.666744 0 191234 39.5368 15.8135 14.2288 0 01 -0 0 0 0 -0 0 0 0 -0 0 0 0 0 0 0 
0.0112473706284726849 0.701634 0 50618 39.3718 15.752 14.1734 0 01 0 0 0 0 0 0 0 0 0 0 0 0 0 0 0 
0.0112553562634330404 1.65319 0 246436 39.3317 15.7288 14.1525 0 01 0 0 0 0 0 0 0 0 0 0 0 1.59701 1.59701 0 0 
0.0112556644611321935 0.890664 0 398460 39.3299 15.7261 14.15 0 01 0 0 0 0 0 0 0 0 0 0 0 0 0 0 0 
0.0112854263774444744 0.344387 1 629143 0 15.7871 14.2051 0 0 2 -0.0257292 -0.039944 -0.0158992 0 0 0 -0 0 0 0 -0 0.322311 0.650954 0 0 
0.0112960112077218258 0.293257 0 427823 0.173299 15.6781 14.1068 0 01 0 -0 0 0 0 -0 0 0 0 -0 0 0.602451 1.50049 0 0 
0.0113272737412620159 0.215019 0 222067 0.0985344 15.5817 14.02 0 01 0 0 0 0 0 0 0 0 0 0 0 1.32421 3.54936 154.268 594.219 
0.0113740298986147268 0.17665 1 23355 0 15.491 13.9383 0 0 1 0.0184296 -0.0146699 0.0091241 0 0 0 0 0 0 0 0 1.64032 4.12719 289.31 2768.55 
0.011385059222758568 0.0969094 0 70798 0.101388 15.4669 13.9166 0 01 0 0 0 0 0 0 0 0 0 0 0 2.97494 4.71629 7332.82 15877.6 
0.0114033976310179662 0.154842 0 170525 0.250105 15.454 13.9049 0 01 0 -0 0 0 0 -0 0 0 0 -0 0 1.65727 3.65504 122.815 940.696 
0.0114238108288814821 0.642571 0 303045 38.5069 15.3988 13.8552 0 01 0 0 0 0 0 0 0 0 0 0 0 0 1.29772 0 0 
0.0114358826386628983 0.582277 0 292985 38.4492 15.369 13.8284 0 01 0 0 0 0 0 0 0 0 0 0 0 0 0 0 0 
0.0114481127780606227 0.0872019 0 587586 0.171567 15.4231 13.877 0 01 0 0 0 0 0 0 0 0 0 0 0 2.23377 3.97069 4940.65 12544.8 
0.0114493782801305937 0.412126 0 591977 0.14955 15.3621 13.8221 0 01 0 0 0 0 0 0 0 0 0 0 0 0 0.820332 0 0 
0.0114497405577148291 0.36806 0 79197 0.244285 15.3443 13.8061 0 01 0 0 0 0 0 0 0 0 0 0 0 0.702679 2.11545 0 88.8131 
0.0114652119337338709 0.345974 1 27716 0 20.7691 18.6922 0 0 1 0.00108621 0.0106616 0.0267498 0 0 0 0 0 0 0 0 0.344259 2.09527 0 46.1831 
0.0114668259238442927 0.679508 1 159247 0 15.3182 13.7826 0 0 1 -0.0280952 0.00229022 0.0240026 0 0 0 0 0 0 0 0 0 0 0 0 
0.0114855661846838715 1.33834 0 261297 0.145805 15.2756 13.7442 0 01 0 0 0 0 0 0 0 0 0 0 0 0 0 0 0 
0.0114911771159661828 0.727027 0 383571 38.192 15.2732 13.742 0 01 0 0 0 0 0 0 0 0 0 0 0 0 0 0 0 
0.0115272864869992858 0.315834 1 299694 0 15.1993 13.6755 0 0 1 -0.0142463 -0.0144961 0.0142734 0 0 0 0 0 0 0 0 0.300136 2.1332 0 0 
0.0115677473817049955 0.577076 0 615783 0.0924756 15.169 13.6482 0 01 0 -0 0 0 0 -0 0 0 0 -0 0 0.581687 0.581687 0 0 
0.0116027878015729155 0.101071 1 87721 0 15.0565 13.5468 0 0 1 0.00630387 0.0119996 -0.0245162 0 0 0 0 0 0 0 0 3.02128 5.57646 8392 14737.4 
0.0116524921777166161 0.496005 1 296006 0 14.9749 13.4733 0 0 2 -0.00207698 0.0181638 -0.00569768 0 -0 0 0 0 -0 0 0 0 0.964088 0 0 
0.0116738022982146288 0.253718 0 323235 0.0805922 14.9353 13.4376 0 01 0 0 0 0 0 0 0 0 0 0 0 1.79471 2.80915 655.841 1563.24 
0.0116814333704787932 0.528825 0 421402 0.311623 15.0212 13.515 0 01 -0 0 0 0 -0 0 0 0 -0 0 0 0 0 0 0 
0.0117085258737805419 0.0801604 0 220037 0.285539 14.9195 13.4235 0 01 0 0 -0 0 0 0 -0 0 0 0 -0 3.83036 5.96524 9410.98 17399.2 
0.0117384836463101574 0.167303 0 270802 0.113048 14.9636 13.4632 0 01 0 0 0 0 0 0 0 0 0 0 0 1.1677 2.05053 0 2991.39 
0.0117587978716871371 0.742717 0 162583 0.169802 14.9819 13.4797 0 01 0 0 0 0 0 0 0 0 0 0 0 0.744048 1.47623 0 0 
0.011777790072443596 1.03022 0 169315 0.353081 15.0129 13.5075 0 01 0 0 0 0 0 0 0 0 0 0 0 0 0 0 0 
0.0117835858026397837 0.313872 0 32995 0.132846 14.9175 13.4216 0 01 0 0 0 0 0 0 0 0 0 0 0 0.30286 1.52338 0 20.7789 
0.0117937812203282189 0.460284 0 258580 0 14.8741 13.3825 0 01 0 0 0 0 0 0 0 0 0 0 0 0 0 0 0 
0.0117940607077058075 0.170368 0 144496 0.235577 15.0245 13.518 0 01 0 -0 0 0 0 -0 0 0 0 -0 0 1.81648 3.17103 142.174 1165.05 
0.0117961421228280298 0.286429 1 58537 0 15.0348 13.5273 0 0 1 -0.00914239 -0.0101264 0.019688 0 -0 0 0 0 -0 0 0 0.277072 2.5224 0 0 
0.0118495990753410621 0.205935 1 433120 0 42.6017 38.3415 0 0 2 0.005824 0.00468168 -0.0037983 0 0 0 0 0 0 0 0 1.56617 3.7144 588.433 1109.83 
0.0118552920313495739 0.26002 0 201617 36.6365 36.5209 13.7433 0 01 0 0 0 0 0 0 0 0 0 0 0 2.03317 3.07045 0 1317.79 
0.0118687245222573925 0.187123 0 569543 0.180413 14.8802 13.388 0 01 0 -0 0 0 0 -0 0 0 0 -0 0 0.194693 0.386318 0 0 
0.0119024368143009589 1.04049 0 287422 36.441 36.327 17.8893 0 01 0 0 0 0 0 0 0 0 0 0 0 0 0 0 0 
0.0119251903174709007 0.0301297 0 244983 0.133985 36.2349 19.8667 0 01 0 0 0 0 0 0 0 0 0 0 0 3.89091 6.08653 2184.95 17935.7 
0.0120340659233140971 0.170413 1 8274 0 35.7993 29.2849 0 0 1 -0.00478126 0.00438785 0.00723965 0 -0 0 0 0 -0 0 0 0.160678 1.32973 0 0 
0.0120508000322451809 0.820218 0 578374 0.102374 35.8028 29.1582 0 01 0 0 -0 0 0 0 -0 0 0 0 -0 0 0.81866 0 0 
0.0120644515284685002 0.282104 0 393168 35.7896 35.6809 29.8454 0 01 0 0 -0 0 0 0 -0 0 0 0 -0 0.848651 1.6962 0 0 
0.0120703953497865932 0.162068 0 211996 0.107723 36.0689 22.6999 0 01 0 0 -0 0 0 0 -0 0 0 0 -0 1.02524 3.81943 470.505 547.164 
0.0120899700576276251 0.308377 0 472396 0.36016 36.0262 24.2726 0 01 0 0 0 0 0 0 0 0 0 0 0 0.317553 1.55541 0 0 
0.0121061061810059604 0.0244342 0 186579 0.190492 35.9598 25.133 0 01 0 -0 0 0 0 -0 0 0 0 -0 0 2.64516 5.10338 2369.77 15737.9 
0.0121172732045821251 0.279683 0 582061 0 36.4017 17.972 0 01 -0 0 0 0 -0 0 0 0 -0 0 0 0.560668 0.840502 0 0 
0.0121375639749198606 0.8952 0 319276 35.5055 35.3992 29.7263 0 01 -0 0 0 0 -0 0 0 0 -0 0 0 0 0.897109 0 0 
0.0121503530796972774 0.228957 0 604859 0.195238 36.2331 18.7846 0 01 0 -0 0 0 0 -0 0 0 0 -0 0 0.697342 1.37784 0 7.96424 
0.0121605643198708594 0.417293 0 382096 0.115498 35.7366 29.3402 0 01 -0 0 0 0 -0 0 0 0 -0 0 0 0 0.411975 0 0 
0.0121975067248214445 1.15841 0 87366 0.526132 35.1714 29.6294 0 01 0 0 0 0 0 0 0 0 0 0 0 1.15841 2.33351 0 220.651 
0.0122048793102470712 0.293441 1 218673 0 35.1449 29.6034 0 0 2 0.0015197 0.0132989 -0.000318752 0 0 0 -0 0 0 0 -0 0.281428 1.71084 0 132.326 
0.012219015500178624 0.920326 0 316784 35.195 35.0911 29.5885 0 01 -0 0 0 0 -0 0 0 0 -0 0 0 0 0 0 0 
0.0122198593212590623 20.2674 0 196116 35.192 35.0882 29.5787 0 01 0 -0 0 0 0 -0 0 0 0 -0 0 0 0 0 0 
0.0122313725258263121 0.918211 0 302817 35.1486 35.0452 29.5666 0 01 0 0 0 0 0 0 0 0 0 0 0 0 0.902161 0 0 
0.0122343100453888506 0.375962 0 310669 0.120296 35.3888 29.3135 0 01 0 0 0 0 0 0 0 0 0 0 0 0.379936 1.51369 0 0 
0.0122600105391730795 0.137301 0 355879 0.0931055 34.677 31.2093 0 01 0 -0 0 0 0 -0 0 0 0 -0 0 1.57445 3.00577 587.992 2659.51 
0.0123016335786758912 0.322411 0 165929 36.9311 34.7876 29.4607 0 01 0 0 0 0 0 0 0 0 0 0 0 1.59246 4.44662 0 1.20117 
0.0123042984095753979 0.293438 0 533974 0.171559 35.9541 32.3587 0 01 0 0 0 0 0 0 0 0 0 0 0 0.568452 3.39821 0 43.5882 
0.0123132640676554585 0.7579 0 380007 34.8455 34.7444 29.4333 0 01 0 0 -0 0 0 0 -0 0 0 0 -0 0 0.74397 0 0 
0.012314775259359553 1.53905 0 377351 34.8394 34.7383 29.4189 0 01 0 0 0 0 0 0 0 0 0 0 0 0 0 0 0 
0.0123276833534876548 1.09882 0 137507 0.0933286 34.6922 29.3993 0 01 -0 0 0 0 -0 0 0 0 -0 0 0 0 0 0 0 
0.0123756299053309482 0.37097 0 627377 0.0833015 35.8166 26.3713 0 01 0 0 0 0 0 0 0 0 0 0 0 0 0 0 0 
0.0123934442920256935 9.83009 0 296138 34.5542 34.4554 29.2927 0 01 -0 0 0 0 -0 0 0 0 -0 0 0 0 0 0 0 
0.0123940923551518929 0.708293 0 520976 0.119144 23.0474 20.7426 0 01 0 0 -0 0 0 0 -0 0 0 0 -0 0 0.708293 0 0 
0.0124043705395448286 0.189134 1 514922 0 34.4174 29.4663 0 0 2 0.0218284 0.000347488 0.101092 0 0 0 0 0 0 0 0 0.767467 2.73541 250.159 389.418 
0.0124052611892105889 5.14388 0 215195 34.5123 34.4139 29.2761 0 01 0 -0 0 0 0 -0 0 0 0 -0 0 0 0 0 0 
0.012431381993780145 0.257353 0 38744 0.974919 34.3216 29.2345 0 01 0 0 0 0 0 0 0 0 0 0 0 0.249037 0.753544 0 0 
0.0124518795793599445 0.833834 1 71669 0 34.2492 29.1969 0 0 1 -0.000441512 0.0238942 0.0126677 0 0 0 0 0 0 0 0 0.830503 0.830503 37.1214 37.1214 
0.0124861952777846254 0.474953 0 43247 0.400896 34.6051 28.4157 0 01 0 0 0 0 0 0 0 0 0 0 0 1.37192 2.29076 0 0 
0.0125218842716725114 0.20328 0 511716 0.0888304 34.5524 14.3122 0 01 -0 0 0 0 -0 0 0 0 -0 0 0 1.77558 3.94024 0 1174.88 
0.0125422015727176001 0.663139 0 386821 34.0314 33.9367 29.0651 0 01 0 0 0 0 0 0 0 0 0 0 0 0 0.646117 0 0 
0.0125581632417142708 0.139778 0 306675 33.9768 33.8825 29.0318 0 01 0 0 0 0 0 0 0 0 0 0 0 2.11939 4.60367 89.5071 89.5071 
0.0125789548699952597 0.204793 1 467662 0 26.3299 23.6969 0 0 2 -0.039428 0.0336397 -0.0841283 0 -0 0 0 0 -0 0 0 1.03337 1.86991 138.436 917.833 
0.0125883312938308047 0.0883957 1 468317 0 47.6776 42.9098 0 0 1 0.150815 -0.0194224 -0.126764 0 0 -0 0 0 0 -0 0 3.87311 5.526 8084.48 21713.2 
0.0125883312938308047 0.735812 0 272267 33.8736 33.78 28.9947 0 01 0 0 0 0 0 0 0 0 0 0 0 0 1.48327 0 0 
0.0126037371546201937 14.9364 0 237905 33.8209 33.7278 28.9605 0 01 0 0 0 0 0 0 0 0 0 0 0 0 0 0 0 
0.0126355372472871375 0.471717 1 462430 0 32.2546 29.0291 0 0 1 -0.00561034 -0.197911 0.681172 0 -0 0 0 0 -0 0 0 0 0.473909 0 0 
0.0126473446861303483 0.359532 0 334345 2.5663 34.0463 28.1713 0 01 0 0 -0 0 0 0 -0 0 0 0 -0 0.3714 1.83 0 0 
0.0127493893000960624 0.3716 0 363058 0.23086 33.7171 28.0397 0 01 -0 0 0 0 -0 0 0 0 -0 0 0 0 0 0 0 
0.0127532144478678857 2.44633 0 17420 0.196185 33.4828 28.6577 0 01 0 0 0 0 0 0 0 0 0 0 0 0 0 0 0 
0.012815186521942374 0.149993 0 517410 24.3374 33.9534 22.952 0 01 0 0 0 0 0 0 0 0 0 0 0 0.80764 2.43703 0 193.618 
0.0128209981464490093 0.178657 0 378323 33.1048 33.0169 28.6421 0 01 0 0 0 0 0 0 0 0 0 0 0 2.00734 3.85918 0 541.569 
0.0128473427333518127 0.118279 1 512882 0 43.4828 39.1345 0 0 1 0.00147619 -0.0251808 -0.0230488 0 0 0 0 0 0 0 0 2.65274 3.9113 340.129 1234.63 
0.0128581127212456722 0.132605 0 569405 0.455944 33.3669 28.1772 0 01 0 0 -0 0 0 0 -0 0 0 0 -0 1.83326 5.11669 686.592 3095.63 
0.0128643698912964295 0.124346 0 140577 0.202098 33.3038 28.1813 0 01 0 -0 0 0 0 -0 0 0 0 -0 0 2.11967 4.23938 1.63227 796.764 
0.012899457944133141 0.205809 1 90793 0 14.1335 11.9844 0 0 2 25.5321 -2.65264 3.9507 0 0 0 0 0 0 0 0 0.81677 2.65992 0 214.236 
0.0129164461888394873 3.0189 0 362838 32.8024 32.7168 28.5119 0 01 0 0 -0 0 0 0 -0 0 0 0 -0 0 0 0 0 
0.012922407551783319 0.328013 0 296592 0.231264 32.6985 28.4897 0 01 0 0 0 0 0 0 0 0 0 0 0 0.662964 1.32491 0 0 
0.0129269074450735055 0.0679376 0 224265 0.0990445 33.1289 28.1107 0 01 0 -0 0 0 0 -0 0 0 0 -0 0 3.36467 5.93534 7143.19 17484.4 
0.012927435054606598 2.74282 0 41308 32.768 32.6826 28.482 0 01 -0 0 0 0 -0 0 0 0 -0 0 0 0 2.84504 0 0 
0.0130303887992582849 0.639228 0 350599 32.4505 32.3674 27.8532 0 5.5671 4.678 -1.14655 2.79165 0 0 0 0 0 0 0 0 0 0 0 0 
0.0130863554974907353 0.149579 0 176355 0.123199 32.1997 27.3623 0 15.12891 3.85417 14.5941 -1.0211 0 0 0 0 0 0 0 0 1.94647 3.25575 0 1576.45 
0.0130983844518740445 0.906743 0 127060 0.278074 14.3462 12.4465 0 15.451 -15.2995 -0.0621343 -2.15035 0 0 0 0 0 0 0 0 0 0 0 0 
0.0130992963079556522 0.0765315 1 439427 0 62.3055 56.075 0 0 1 0.815172 -1.14798 -0.158179 0 0 0 0 0 0 0 0 2.16622 3.7563 2411.61 12269.1 
0.0130999600179762359 0.101884 1 522311 0 30.5426 27.4883 0 0 2 0.667991 0.392923 -1.08307 0 0 0 0 0 0 0 0 0.299027 1.08423 0 1558.9 
0.0131079007487102783 0.2876 0 175769 0.149655 32.1358 27.1742 0 18.46591 -13.7011 12.3682 -0.544655 0 -0 0 0 0 -0 0 0 0 0.264987 0 0 
0.0131406291035482351 0.108858 0 121925 0.109164 32.0388 26.897 0 19.25771 -11.3183 -7.95059 -13.3993 0 -0 0 0 0 -0 0 0 2.83001 4.92461 3619.83 14322.3 
0.0131462878251631422 0.288117 0 107151 0.314582 32.5421 21.5316 0 0.8281521 -0.820193 -0.048493 -0.103773 0 0 0 0 0 0 0 0 0 0.580755 0 0 
0.0131622724272622508 0.126709 0 42045 0.0822465 37.5638 33.8074 0 01 0 0 0 0 0 0 0 0 0 0 0 0.998547 2.4018 196.077 1839.52 
0.0131720468459490137 0.645533 0 276444 32.0268 31.9468 26.6335 0 24.84831 -16.8651 -15.2817 -9.97367 0 0 0 0 0 0 0 0 0 0 0 0 
0.0131850293881761813 0.246239 0 139792 0.105871 31.9091 26.5239 0 12.90131 -12.8983 0.131551 0.243173 0 0 0 0 0 0 0 0 1.5077 3.75676 0 69.0648 
0.0131905324572095181 0.195952 0 503423 0.328738 32.8463 27.6636 0 01 0 -0 0 0 0 -0 0 0 0 -0 0 1.93063 4.10066 1.89157 81.7239 
0.0132314501845372384 0.138677 1 370212 0 31.7748 26.1486 0 0 2 -7.62185 -28.7202 6.65551 0 -0 0 0 0 -0 0 0 1.87448 4.1402 1229.39 2762.75 
0.0132496784654939914 0.131069 0 455744 0.214476 33.5009 24.3286 0 01 0 0 0 0 0 0 0 0 0 0 0 2.5604 4.55654 1885.82 4095.93 
0.0133230945026455785 0.708262 0 194863 31.5906 31.5136 25.3628 0 53.90431 17.7952 44.16 -25.2766 0 0 0 0 0 0 0 0 0 1.43271 0 0 
0.0133352896247911513 0.0343189 1 420656 0 46.5829 140.108 0 0 2 -0.01971 -0.00198833 -0.0233283 0 0 0 0 0 0 0 0 3.34447 5.10989 4717.34 15695.8 
0.0133433447764602486 0.134896 1 334776 0 31.4566 25.186 0 0 1 1.31822 -25.0723 8.77884 0 0 0 0 0 0 0 0 1.75684 3.50083 743.194 826.287 
0.0133540761128788637 0.411691 0 445684 0.196989 26.3067 23.6761 0 01 0 0 0 0 0 0 0 0 0 0 0 0.407534 2.05262 0 0 
0.0133562124821515991 0.370401 0 15422 0.0810311 31.421 25.0761 0 13.28161 13.2575 0.73037 -0.323823 0 0 0 -0 0 0 0 -0 0 0.717677 0 0 
0.0133603286757557407 0.114499 0 291088 0.65221 31.4104 25.0433 0 56.45461 8.08379 25.7616 49.5793 0 0 0 0 0 0 0 0 5.48557 7.95872 18317.2 31021.2 
0.013365700414184124 1.07024 0 55686 0.100447 31.3951 24.9963 0 86.76071 -83.7051 21.7093 -7.04148 0 -0 0 0 0 -0 0 0 0 0 0 0 
0.0133947306933940441 0.190442 1 0 0 31.3223 24.7727 0 0 1 -3.99198 14.9061 70.9539 1 26.4321 20.3876 71.4672 0 0 0 0 1.80476 4.44873 475.889 570.117 
0.0134031954811160477 0.337431 0 439399 0.080117 35.8221 32.4443 0 01 0 0 0 0 0 0 0 0 0 0 0 0.660965 1.99747 0 0 
0.0134187806507960507 0.127597 1 0 0 12.5315 8.87164 0 0 1 -6.09864 24.9726 -52.1448 1 20.1884 -28.9829 -63.0895 0 0 -0 0 3.30181 6.67251 2986.73 5394.37 
0.0134754390214494903 0.313222 0 529173 0.177395 32.0994 24.9342 0 17.50341 -13.8099 -7.46329 -7.74321 0 0 -0 0 0 0 -0 0 0.303347 1.87468 0 0 
0.0134764184201210876 0.231854 0 71500 0.177577 13.6344 10.962 0 18.65971 -18.4529 -0.273148 2.75731 0 -0 0 0 0 -0 0 0 1.39646 2.09856 0 702.561 
0.013494708710752713 0.326807 0 201977 0.198024 31.5609 24.148 0 35.97931 -21.0461 23.4945 17.3085 0 0 0 0 0 0 0 0 0.330083 0.330083 0 0 
0.0135049141188182207 0.370455 0 208370 0.471007 31.5388 21.5437 0 63.54941 54.5926 31.1883 -9.24482 0 0 0 0 0 0 0 0 0 2.15148 0 0 
0.0135153958352635575 1.48433 0 689660 0.103488 38.3151 34.4836 0 01 0 -0 0 0 0 -0 0 0 0 -0 0 0 0 0 0 
0.0135175814862179243 0.414329 0 604947 0.0937344 31.4673 24.3052 0 36.54731 9.17876 5.90181 -34.8801 0 0 0 0 0 0 0 0 0.83775 0.83775 0 0 
0.0135209500959505586 0.582989 0 468595 0.218599 31.4974 25.0788 0 29.94691 -1.43416 -10.6558 27.9502 0 0 0 0 0 0 0 0 0 0.581106 0 0 
0.0135225457167829789 0.323323 0 300179 31.0381 30.9648 23.681 0 69.52431 50.4424 -34.1995 33.4601 0 0 0 0 0 0 0 0 0.327612 2.2433 0 0 
0.0135563591809297508 0.376005 0 304523 30.9467 30.874 23.4082 0 39.08981 36.0091 -13.4302 -7.14083 0 0 0 0 0 0 0 0 0 0.719179 0 0 
0.0135760770427225119 0.397065 0 30458 0.133672 30.8213 23.251 0 56.64251 6.17898 -49.8241 -26.2249 0 0 0 -0 0 0 0 -0 0 1.93341 0 0 
0.0135870908241621999 0.281414 0 26620 0.361219 31.771 11.0594 0 42.12721 35.5942 -18.4718 12.9051 0 0 0 0 0 0 0 0 1.14479 3.16796 0 371.513 
0.0136201716629199832 0.023203 0 69754 0.373266 30.7047 22.905 0 82.44681 39.2328 -7.137 72.1618 0 0 -0 0 0 0 -0 0 1.83831 3.09429 4315.42 9466.68 
0.0136349299444181813 0.396599 0 558155 0.323934 21.8764 19.6887 0 01 0 0 0 0 0 0 0 0 0 0 0 0.387836 0.779244 0 0 
0.013640907977009278 29.8509 0 470295 0.0859717 118.989 40.5 0 01 0 0 0 0 0 0 0 0 0 0 0 0 0 0 0 
0.0136553783502290048 0.108636 1 0 0 12.7195 9.18693 0 0 1 26.6572 -8.57666 -11.51 1 -529.884 -765.799 -735.93 0 0 0 -0 4.20513 6.39818 7488.22 15467.3 
0.0136567811498047639 0.0861503 0 194475 0.344142 30.6095 22.6249 0 66.45121 -22.4894 -59.6837 -18.6508 0 0 0 0 0 0 0 0 3.24761 5.37975 5607.28 13291.2 
0.0136686137291434466 0.663896 0 79775 0.197534 30.9859 23.3534 0 82.73351 -77.989 -18.2365 20.7357 0 0 0 0 0 0 0 0 0 1.97195 0 0 
0.0136907425248054253 1.30031 0 253960 30.5912 30.5208 22.3664 0 66.33741 -36.035 51.6417 20.8632 0 0 0 0 0 0 0 0 0 0 0 0 
0.0137016251234293226 0.141936 0 132704 0.248679 30.4925 22.2839 0 77.98081 12.2266 -19.2372 74.5752 0 0 0 0 0 0 0 0 2.18337 5.14649 517.334 2869.33 
0.0137078331668519758 0.0293641 1 420855 0 37.9816 34.1835 0 0 2 0.0142619 0.0272799 0.0205504 0 0 0 0 0 0 0 0 3.83806 6.55627 7635.13 21530.8 
0.0137110678727275434 0.344046 0 59481 0.188467 30.9001 23.0077 0 65.52311 -65.2429 -5.10034 3.26064 0 0 0 0 0 0 0 0 0 1.70125 0 0 
0.0137268546633211187 0.370724 0 169885 0.1149 30.8017 22.8801 0 51.86241 48.8882 17.1871 2.06294 0 0 0 0 0 0 0 0 0.371684 2.58397 64.4466 64.4466 
0.0137271876567688651 1.37024 0 304139 30.4969 30.4272 22.0951 0 105.661 79.4841 -66.5639 -20.3858 0 0 0 -0 0 0 0 -0 0 1.39082 0 0 
0.0137309590793836603 0.0686619 0 446774 0.661373 30.8905 22.9123 0 23.48951 3.80293 13.5331 -18.8189 0 0 0 0 0 0 0 0 3.42769 6.02667 11551.9 15071.6 
0.0137569563775652385 0.175951 0 357743 30.4199 30.3507 21.875 0 77.30341 25.1977 47.9898 -55.1168 0 0 0 0 0 0 0 0 0.868931 2.98036 136.879 136.879 
0.0137584155890765527 0.227304 0 263588 30.416 30.3468 21.8639 0 65.29931 -52.0514 4.94439 39.1178 0 0 0 0 0 0 0 0 0.463037 3.32131 205.724 205.724 
0.0137695723793620686 0.15983 1 0 0 30.3184 21.7827 0 0 1 78.0588 -13.6926 -56.8288 1 92.4143 9.33736 -42.5863 0 0 0 0 0.908066 2.66689 0 320.032 
0.0137752571146161334 0.203071 0 325015 0.132189 30.3288 21.8126 0 48.65961 -37.3182 -30.2973 -7.5619 0 0 0 0 0 0 0 0 2.47789 4.3073 1014.9 2090.3 
0.0138175340044372815 0.438759 0 71493 0.0835194 30.1973 21.4382 0 92.25811 1.8726 -69.1272 61.0694 0 0 0 0 0 0 0 0 1.33319 2.22381 0 94.0683 
0.0138219823736946013 0.345715 0 439678 0.233214 30.9358 22.8717 0 59.01751 -22.2039 11.6565 53.4245 0 0 0 0 0 0 0 0 0 0.680979 0 0 
0.0138741552326051235 0.174008 0 183892 0.358449 30.055 21.0379 0 83.99441 75.0863 16.6194 -33.7772 0 0 0 0 0 0 0 0 0.705311 2.14534 0 0 
0.0138832183463732228 0.39759 0 291911 30.1002 30.033 20.9766 0 79.92611 -70.4137 16.1409 -34.1989 0 0 0 0 0 0 0 0 0.796131 2.36265 0 0 
0.0138947138208393578 0.20658 1 236025 0 12.9529 9.70613 0 0 1 49.3916 62.1099 19.7693 0 0 0 0 0 0 0 0 2.08627 5.04057 311.314 667.839 
0.0139111367328912817 0.158269 0 27397 0.477125 29.9646 20.786 0 78.96291 -61.0223 -34.4726 36.3739 0 -0 0 0 0 -0 0 0 1.23996 4.2204 0 1061.56 
0.0139136868540405169 0.14453 0 154589 30.0242 29.9576 20.7667 0 39.22971 -39.1507 2.46595 0.34281 0 -0 0 0 0 -0 0 0 2.03191 3.53675 877.367 3140.16 
0.0139299057706084809 1.51825 0 387995 29.9841 29.9177 20.6562 0 63.25951 -55.1473 30.4951 -5.53054 0 0 0 0 0 0 0 0 0 1.55412 0 0 
0.0139757985350780194 0.166095 0 43108 1.20447 30.2831 20.8859 0 114.8371 -90.4035 -25.2455 66.1624 0 0 -0 0 0 0 -0 0 0.858966 2.29991 0 210.615 
0.0139847876607743591 0.16253 0 129259 0.115749 29.7838 20.288 0 96.89751 94.4294 21.0327 -5.46266 0 0 0 0 0 0 0 0 0.90704 3.02616 1809.28 1809.28 
0.0140031914665726225 0.402793 0 292369 0.0924398 29.7386 20.1649 0 80.97731 -4.17306 -44.5964 -67.4617 0 0 0 -0 0 0 0 -0 0 0.774133 0 0 
0.0140134785716665711 0.295167 0 271389 0.227154 29.7139 20.0976 0 46.23991 18.9043 42.1385 2.25856 0 0 0 0 0 0 0 0 1.16544 3.21448 0 0 
0.0140300456367366232 0.180563 0 505265 0.151235 24.3581 21.9223 0 01 0 0 0 0 0 0 0 0 0 0 0 1.6094 3.20276 243.915 507.46 
0.0140551311794789198 0.195986 0 48688 0.299989 29.6136 19.8264 0 38.96441 -11.4633 37.1738 -2.21969 0 0 0 0 0 0 0 0 1.28903 2.9511 0 953.825 
0.0140658765294523688 1.02474 0 367285 29.6525 29.5882 19.7581 0 59.60921 -37.2781 -46.4557 -2.33802 0 -0 0 0 0 -0 0 0 0 0 0 0 
0.0140871214917998189 0.167733 0 487408 0.110117 29.9619 20.3229 0 76.81641 49.3801 21.8394 -54.6389 0 0 0 0 0 0 0 0 1.39805 4.34763 1373.56 1748.69 
0.0140980157251938115 0.803706 0 289599 0.22989 29.5116 19.5531 0 88.16131 87.8422 4.82883 -5.73118 0 0 0 0 0 0 0 0 0.83375 0.83375 0 0 
0.0141087450708752647 0.387889 0 360776 29.5502 29.4866 19.4864 0 103.7891 -19.5496 95.2631 -36.2624 0 0 0 0 0 0 0 0 1.18861 2.7594 0 0 
0.0141340512504020809 0.262649 0 582490 0.289209 29.9221 20.1516 0 39.41751 -28.8021 -22.7703 -14.342 0 0 0 0 0 0 0 0 0.788503 2.36588 0 285.127 
0.0141437668366173816 0.278619 0 293121 0 29.9103 18.9474 0 94.08711 -48.5175 10.4894 79.9275 0 0 0 0 0 0 0 0 0 1.32437 0 0 
0.0141544150967225051 0.192773 0 153147 0.152249 29.379 19.2012 0 183.1951 106.469 87.1527 120.952 0 0 0 0 0 0 0 0 1.60251 4.11263 0 1046.15 
0.0141560564724647012 0.786196 0 366867 29.4376 29.3747 19.1897 0 107.1681 51.6081 51.7663 78.3695 0 0 0 0 0 0 0 0 0 0.779764 0 0 
0.0141570355504250754 0.210587 0 392518 29.4353 29.3724 19.1837 0 135.4521 74.8189 -111.967 -14.5875 0 0 -0 0 0 0 -0 0 1.06219 3.19472 0 349.124 
0.0141615711659727594 0.262716 1 0 0 11.6891 7.60982 0 0 1 49.8283 19.6465 44.8723 1 -42.6838 104.378 37.6117 0 0 0 0 0 1.35905 0 0 
0.0141691472677413395 0.146745 0 476821 0.152032 35.8571 27.4749 0 01 0 0 0 0 0 0 0 0 0 0 0 2.08305 3.63222 944.495 2462.41 
0.0142199186434575162 0.52054 0 477888 0.172405 18.2214 16.3987 0 01 0 0 0 0 0 0 0 0 0 0 0 0.523593 2.11268 0 0 
0.0142217069868338861 5.91593 0 152125 29.2841 29.2221 18.79 0 114.4061 -25.2823 -2.30224 111.554 0 0 0 0 0 0 0 0 0 0 0 0 
0.0142562511716190013 0.617281 0 313243 0.203219 29.1425 18.5835 0 146.0841 -18.6198 -143.213 -21.9997 0 0 0 0 0 0 0 0 0 0 0 0 
0.0142908775693050237 0.359243 0 19650 29.1244 29.0635 18.38 0 114.5341 -100.457 13.8478 -53.2405 0 0 0 0 0 0 0 0 1.0321 2.10477 52.1846 77.7807 
0.0142999917152491652 0.15415 0 6292 1.51839 29.043 18.3275 0 46.1741 -23.3801 39.5078 -4.95384 0 -0 0 0 0 -0 0 0 2.93587 5.61329 620.469 3972.38 
0.0143275785871526066 0.749204 0 387605 29.0408 28.9803 18.1675 0 165.0371 -162.17 -27.5931 13.2983 0 0 0 0 0 0 0 0 0.754207 3.04781 0 0 
0.0143359146907606934 0.298759 0 185079 0.393925 28.9612 18.1189 0 208.5771 134.887 20.7113 -157.737 0 0 0 -0 0 0 0 -0 2.43339 5.11873 0 19.6748 
0.0143418955393512324 0.100723 0 261741 0.388813 28.9482 18.0858 0 202.7831 -149.789 -93.7659 -99.458 0 0 0 -0 0 0 0 -0 3.73729 6.43667 6430.48 21941.7 
0.0143511753368909412 0.126392 0 201415 2.0619 28.9278 18.0339 0 155.3851 93.737 -48.0136 -114.248 0 0 0 0 0 0 0 0 1.75719 5.45617 0 1026.96 
0.0143622043048106506 0.120004 1 548897 0 22.4884 20.2396 0 0 2 -0.000295509 0.00372076 0.0198529 0 0 0 0 0 0 0 0 0.842131 2.36125 0 335.12 
0.014375036117746768 0.257575 1 0 0 28.8739 17.8976 0 0 1 -97.1897 66.7981 67.6757 1 -116.262 45.9423 60.8046 0 0 0 0 0.48634 2.44511 0 0 
0.0143930937826958205 0.267734 0 529165 2.31625 29.3379 17.1503 0 136.1711 -28.7422 -133 -5.23902 0 0 0 0 0 0 0 0 1.07929 2.47283 77.7105 77.7105 
0.0144425660443897319 0.230695 0 126118 0.30009 28.7237 17.521 0 145.3111 13.0916 44.364 -137.753 0 0 0 0 0 0 0 0 0.819567 4.0174 4.65048 4.65048 
0.0144702977802916594 0.603774 0 321271 28.7216 28.663 17.3705 0 160.6641 -152.751 25.4512 -42.8076 0 -0 0 0 0 -0 0 0 0.606577 3.68496 0 0 
0.0144839800807880278 0.10121 0 23097 0.139907 28.6322 17.2943 0 254.5271 -115.96 -204.201 98.1805 0 0 0 0 0 0 0 0 3.05092 6.01858 7417.64 17748.3 
0.0144896831938897738 0.410692 0 239877 0.339461 28.6197 17.2635 0 154.681 136.087 -42.6582 59.8871 0 0 0 0 0 0 0 0 0.415007 0.828811 0 0 
0.014495260214863033 0.480589 0 308710 28.6661 28.6079 17.2343 0 231.6781 -199.953 117.007 1.53953 0 0 0 0 0 0 0 0 0.955 0.955 0 0 
0.0145016420778535798 0.163838 0 332721 0 28.594 17.2002 0 58.71811 17.7956 -52.6175 19.0402 0 0 0 0 0 0 0 0 1.06806 2.15296 353.53 965.343 
0.0145484798526313089 0.799078 0 248774 28.5498 28.4923 16.9511 0 154.4121 147.616 34.5918 -29.2592 0 0 0 0 0 0 0 0 0.798168 1.60227 0 154.945 
0.0145524918452875716 0.654627 0 61856 28.5407 28.4832 16.9289 0 98.54471 -63.6047 -36.0459 66.0771 0 0 0 0 0 0 0 0 0 0 0 0 
0.0145735624915090626 0.335995 1 487167 0 40.6239 36.5615 0 0 2 -0.00311353 -0.00664937 0.0026666 0 0 -0 0 0 0 -0 0 1.32752 3.95267 131.883 134.284 
0.0145928275058488637 0.15492 0 162556 0.176466 28.397 16.7197 0 121.0091 -105.334 47.2861 -36.2199 0 0 0 -0 0 0 0 -0 0.894358 3.06124 0 1462.91 
0.0146102341693679864 0.126768 0 37014 0.1094 28.3601 16.6309 0 167.6941 -167.517 5.6195 5.27338 0 0 0 0 0 0 0 0 1.25148 3.94589 269.268 519.462 
0.014621914859855022 0.0877495 1 448765 0 58.9751 53.0776 0 0 2 -0.188635 0.24716 -0.368423 0 0 0 0 0 0 0 0 3.15553 5.84165 2912.04 13223.5 
0.0146291733058519571 0.239902 0 291918 28.3755 28.3191 16.5321 0 226.7911 -126.93 120.945 143.859 0 0 0 0 0 0 0 0 0.729686 1.73897 0 0 
0.0146340799841997507 0.545557 0 228406 0.469389 28.3085 16.5067 0 105.9281 -63.084 37.2352 -76.5155 0 0 0 -0 0 0 0 -0 0.550733 0.550733 0 0 
0.0146393903162052759 1.00889 0 99537 28.3536 28.2973 16.4799 0 144.7371 -59.3988 -23.9674 129.793 0 -0 0 0 0 -0 0 0 0 0 0 0 
0.0146500220438043217 27.2757 0 223714 28.3313 28.2751 16.4268 0 124.8331 114.549 -23.2511 43.8331 0 0 -0 0 0 0 -0 0 0 0 0 0 
0.0146543155117380836 0.137712 0 55732 11.7894 28.7141 17.117 0 132.6351 128.613 21.6869 24.0924 0 0 0 0 0 0 0 0 1.86442 3.31848 143.023 2059.45 
0.0146621755343296582 0.380662 0 106288 6.44967 28.2495 16.3657 0 188.981 -180.995 0.592528 54.3506 0 0 0 0 0 0 0 0 0.38117 1.1455 0 0 
0.0147012228718026942 0.210482 0 296004 28.2226 28.167 16.1698 0 62.30021 -11.5835 60.4471 -9.65838 0 0 0 0 0 0 0 0 0.199118 0.428867 0 0 
0.0147110543532457394 0.189591 0 39238 1.64786 28.1466 8.15151 0 124.741 11.0781 25.0114 -121.703 0 0 0 0 0 0 0 0 1.65668 3.08977 0 69.6088 
0.0147503018937589891 0.420453 0 224840 0.344575 28.5588 16.1557 0 113.7591 19.6081 -109.234 24.9918 0 0 0 0 0 0 0 0 0.41131 1.21399 0 0 
0.014773944468670086 1.12012 0 365272 28.0702 28.0155 15.814 0 89.17611 62.4062 15.1418 -61.8754 0 0 0 -0 0 0 0 -0 0 0 0 0 
0.0147820873325274355 1.276 0 331934 28.0534 27.9988 15.775 0 149.6831 106.616 -98.4257 36.748 0 0 0 0 0 0 0 0 0 0 0 0 
0.0147941227969301762 0.111048 0 86890 0.165626 29.6681 19.9741 0 122.5481 -104.927 -62.52 -9.97693 0 0 -0 0 0 0 -0 0 2.98928 5.34246 4753.41 14896.1 
0.0148036547428075597 0.471493 0 171631 0.0839069 27.9543 15.6715 0 368.621 -356.08 5.80618 95.1523 0 0 0 0 0 0 0 0 0 0.467528 0 0 
0.0148106572503905916 3.00519 0 73589 0.827682 27.9404 15.6394 0 253.9021 155.976 148.403 -134.589 0 0 0 0 0 0 0 0 0 0 0 0 
0.0148397572593937377 0.204694 0 6219 0 28.2944 16.1175 0 227.5541 -151.5 169.274 -13.2183 0 0 0 -0 0 0 0 -0 1.12596 2.66118 0 0 
0.0148565556365643191 0.248174 0 300870 27.9003 27.8466 15.4229 0 140.4551 127.861 54.8268 19.3144 0 0 0 0 0 0 0 0 0.734029 3.12302 0 0 
0.0148610006377513943 0.214894 0 487756 0.108267 31.3397 28.2057 0 01 -0 0 0 0 -0 0 0 0 -0 0 0 0 1.05908 0 0 
0.0148725889706922878 0.268404 0 41160 0.314163 28.2575 15.9552 0 99.13911 -19.3483 -7.30301 96.9581 0 0 0 0 0 0 0 0 0.265536 1.08381 0 0 
0.0148921574156012475 0.459553 0 346540 27.8273 27.774 15.2569 0 133.5731 -122.489 -29.5107 44.355 0 0 -0 0 0 0 -0 0 0.446996 0.446996 0 0 
0.0149020520903344039 0.339192 0 542177 0.10273 28.2353 16.1448 0 208.9581 -177.507 -6.38021 -110.064 0 0 -0 0 0 0 -0 0 0.691091 1.04105 0 0 
0.0149090190833819133 0.308074 0 570905 0.30886 28.1917 15.8853 0 287.0091 -9.12572 269.258 98.9511 0 0 0 0 0 0 0 0 0 2.07347 0 0 
0.0149162816082752791 0.168603 0 570576 0.505104 29.5858 17.3317 0 69.88391 58.1476 33.1862 20.0322 0 0 0 0 0 0 0 0 0.893452 2.97582 139.893 139.893 
0.0149800999459860362 0.665675 0 207143 27.6503 27.598 14.859 0 241.4241 -223.664 90.2402 -10.79 0 0 0 -0 0 0 0 -0 0.639622 1.95309 0 0 
0.0150122775876452893 0.0948685 0 132710 0.28074 28.0048 15.4349 0 152.3271 -117.51 48.5317 83.9031 0 -0 0 0 0 -0 0 0 2.86574 4.62154 4720.03 17866.3 
0.0150280990432816956 0.0656597 0 339850 27.5548 27.5031 14.6471 0 175.7431 -139.18 -91.2411 -56.4759 0 -0 0 0 0 -0 0 0 2.42723 4.71815 6705.99 16662.3 
0.0150812886312987181 0.277401 0 420630 0.128584 27.8949 15.6373 0 78.04911 53.3924 -28.6224 -49.2105 0 0 0 0 0 0 0 0 0.266475 1.08118 0 72.6977 
0.0151344907796466723 0.348975 0 471926 0.10376 28.0989 12.2313 0 37.43281 -14.1909 -24.3968 -24.5892 0 0 -0 0 0 0 -0 0 0.710496 1.41272 0 0 
0.0151537178079844074 6.74247 0 298005 27.3092 27.2589 14.1109 0 179.6511 168.711 -22.7961 -57.3716 0 0 0 0 0 0 0 0 0 0 0 0 
0.0151641942753320529 0.0548226 1 0 0 10.7497 6.49382 0 0 1 71.7991 -74.5002 40.0023 1 -789.246 -952.354 -50.6376 0 0 -0 0 3.21504 5.81879 3896.64 11151 
0.0151649965078835044 0.0839979 1 257503 0 41.7008 37.5307 0 0 1 0.00475685 0.0165065 0.0118669 0 0 0 0 0 0 0 0 3.61105 5.54893 9228.02 19859.2 
0.0151844266654231601 0.246084 0 141353 27.2499 27.1998 13.9832 0 168.1281 -44.3803 -86.6742 -137.059 0 0 -0 0 0 0 -0 0 1.95382 3.65711 159.042 766.197 
0.0151896531276977387 1.5233 0 340718 0.307232 27.1898 13.9617 0 238.5311 20.6613 -221.027 -87.2782 0 0 -0 0 0 0 -0 0 0 0 0 0 
0.0151977316310172132 0.180458 0 223825 0.129109 27.5761 14.6018 0 184.6221 -151.139 22.0705 103.708 0 0 0 0 0 0 0 0 1.08668 2.46326 0 128.934 
0.0152008440127445518 0.105261 0 181037 0.0865149 27.1691 13.9169 0 257.5081 -199.656 98.1294 -129.687 0 0 0 0 0 0 0 0 4.1227 6.55511 10941.5 20041.1 
0.0152067278508781489 28.7914 0 257243 27.2074 27.1576 13.8922 0 208.6741 -203.361 -21.0496 -41.7842 0 0 0 0 0 0 0 0 0 0 0 0 
0.0152076696620192086 0.0657685 0 149264 0.134486 27.496 14.4892 0 150.591 126.681 -78.8956 -20.1205 0 0 0 0 0 0 0 0 3.09197 5.7634 9126.83 18089.1 
0.0152160424084958491 0.801264 0 61838 0.161114 27.6044 14.4176 0 172.0961 165.997 -36.3746 -27.1804 0 0 0 0 0 0 0 0 0 0 0 0 
0.0152222475745851914 1.3992 0 352578 27.1776 27.128 13.8288 0 146.4041 -146.335 -4.09441 -1.83803 0 0 0 -0 0 0 0 -0 1.35689 2.7546 0 0 
0.0152552490967565405 0.26716 0 292326 27.1149 27.0656 13.6956 0 159.9181 47.3565 147 41.4997 0 0 0 0 0 0 0 0 0 1.37362 0 0 
0.0152876043395188069 0.222362 0 538209 1.0696 27.0596 13.6703 0 176.6831 164.259 64.8986 -4.92549 0 0 0 -0 0 0 0 -0 0.848936 1.70897 0 0 
0.015289298103450857 0.598826 0 250839 27.0503 27.0014 13.5592 0 110.7341 -83.4409 40.5434 60.4642 0 0 0 0 0 0 0 0 0 0.587383 0 0 
0.0153018845707516751 0.109825 1 522336 0 19.6934 17.7241 0 0 2 0.0147365 -0.0232446 -0.0094611 0 0 0 0 0 0 0 0 4.10359 5.841 10821.1 18194.8 
0.0153213491704849349 0.636504 0 304714 26.9905 26.9419 13.4337 0 339.3141 -268.563 116.583 -171.512 0 0 0 0 0 0 0 0 0 0.638376 0 0 
0.0153933252617454389 0.277205 0 330072 26.8562 26.8083 13.1548 0 101.8181 60.4691 72.6091 37.9257 0 0 0 0 0 0 0 0 0.560138 1.98411 0 0 
0.0154056009386733146 0.864679 0 205268 0.173777 22.7741 20.4967 0 01 0 0 0 0 0 0 0 0 0 0 0 0.886469 0.886469 0 0 
0.0154138155974196805 0.104983 0 215333 0.328848 27.225 13.6829 0 232.431 -71.0589 154.976 157.978 0 0 0 0 0 0 0 0 2.62825 4.20224 4208.71 10768 
0.0154683302176839878 0.0379382 0 242090 0.107696 26.6716 12.873 0 307.6221 -0.668658 -261.654 -161.765 0 0 0 -0 0 0 0 -0 3.77411 5.64483 4331.65 14666.5 
0.0154942491978956754 0.0831759 0 243230 26.6712 26.6244 12.7766 0 166.8251 31.4391 -139.557 -85.8256 0 0 0 -0 0 0 0 -0 3.14064 4.84713 7801.1 15230.3 
0.0155357970895539342 15.3331 0 49516 0.145309 26.5495 12.6246 0 294.611 -28.2691 275.351 100.883 0 0 0 0 0 0 0 0 0 0 0 0 
0.0155796154996561322 0.264202 0 295684 0.120968 26.4713 12.4672 0 122.1561 51.6453 42.849 102.072 0 0 0 0 0 0 0 0 0.274801 1.11819 0 0 
0.0156346946109243087 0.281249 0 488277 0.202038 34.2301 30.8071 0 01 0 0 0 0 0 0 0 0 0 0 0 0.536852 2.18855 0 1.02138 
0.0156766898445106738 1.5506 0 413417 0.0980644 29.6722 19.9846 0 88.97931 -87.7746 -13.8996 4.44303 0 -0 0 0 0 -0 0 0 0 0 0 0 
0.0156902750060008804 0.167438 0 551361 0.0880666 26.7654 13.0144 0 479.931 358.09 293.039 -127.405 0 0 0 0 0 0 0 0 1.76624 3.80997 818.157 1178.6 
0.0156902750060008804 0.345658 1 0 0 26.2766 12.0808 0 0 1 -67.0289 41.8593 108.334 1 -10.0928 51.5894 139.632 0 0 0 0 0 1.7647 0 0 
0.0156941071302785055 0.27195 0 279961 0.0940287 26.2698 12.0675 0 198.9871 83.15 -167.473 -68.0781 0 0 0 -0 0 0 0 -0 0 0.822881 0 0 
0.0157186578468556416 0.883857 0 335749 26.272 26.2272 11.9839 0 284.4131 93.4549 207.021 171.17 0 0 0 0 0 0 0 0 0 0 0 0 
0.0157333192838113242 0.284037 0 195209 0.133898 26.2017 11.9341 0 278.6311 -198.893 -67.0828 183.239 0 -0 0 0 0 -0 0 0 0.278767 1.39179 0 0 
0.0157442963596128201 0.249744 0 145174 0.110382 26.183 11.8977 0 367.7651 -261.367 216.51 141.641 0 0 0 0 0 0 0 0 0.493155 3.69096 159.027 159.027 
0.0157622570829074153 0.955863 0 170681 0.481186 26.1516 11.8367 0 252.4951 237.967 -66.6285 51.8294 0 0 0 0 0 0 0 0 0.969179 0.969179 0 0 
0.0157704972260260395 0.172353 0 89672 0.106174 26.1376 11.8095 0 334.8251 35.5084 -140.117 302.017 0 0 0 0 0 0 0 0 1.18853 1.73447 0 434.358 
0.0158211455403652959 0.395583 0 232834 26.0945 26.0507 11.642 0 276.921 26.7187 206.9 -182.108 0 0 0 -0 0 0 0 -0 0 0 0 0 
0.0158325993689163412 0.582664 0 171637 26.0749 26.0312 11.6046 0 189.921 188.118 0.512282 26.0963 0 0 0 0 0 0 0 0 0 0 0 0 
0.0158414490631458293 1.17718 0 8327 0.377724 26.4923 11.3837 0 234.2821 123.026 19.8427 -198.391 0 0 0 -0 0 0 0 -0 0 1.17809 0 0 
0.0158522164945979864 0.966908 0 9348 0.125596 25.9979 11.541 0 141.5341 -75.0896 -106.786 54.6815 0 0 0 0 0 0 0 0 0 0.941184 0 0 
0.015852392479025236 0.213472 0 210569 22.0877 25.9976 11.5403 0 327.6281 88.4321 -41.2854 -312.754 0 0 0 0 0 0 0 0 0.63484 1.68341 0 312.76 
0.0158655646684953203 0.938573 0 325539 26.0189 25.9754 11.4981 0 268.4141 -99.2369 -231.519 -92.7209 0 0 0 -0 0 0 0 -0 0.915683 1.84911 0 0 
0.0158816626536463952 0.352529 0 129944 0.084576 11.0971 7.10591 0 157.4381 -104.281 -59.223 102.003 0 0 -0 0 0 0 -0 0 1.07013 2.51412 5.14064 15.1439 
0.0158899274721272903 2.41954 0 369436 25.9777 25.9345 11.4203 0 250.5041 198.764 75.9663 -132.191 0 0 0 -0 0 0 0 -0 0 0 0 0 
0.0159552626140088381 0.204368 1 373672 0 16.5393 14.8828 0 0 2 -0.0211544 -0.029157 0.0069619 0 0 0 0 0 0 0 0 0.846552 2.57272 0 127.961 
0.0159729469420138333 0.321773 0 260365 0.0924094 25.7955 11.1587 0 381.6391 379.244 4.68689 42.4274 0 0 0 0 0 0 0 0 0.968244 3.96042 0 0 
0.0159804514485053159 0.157784 1 447788 0 42.7239 38.4515 0 0 2 -0.0584382 -0.25715 -0.611015 0 0 0 -0 0 0 0 -0 2.60316 4.85243 2387.12 3567.48 
0.0159852280052379704 0.560569 0 149828 0 25.775 11.1205 0 138.2961 -82.0289 64.8041 -90.5406 0 -0 0 0 0 -0 0 0 0 0.576768 0 0 
0.0159940474459519567 0.394005 0 226518 25.803 25.7606 11.0938 0 303.9851 -88.4153 -283.777 63.7199 0 0 0 0 0 0 0 0 0.757801 1.1512 0 0 
0.0160457045307525574 0.235571 0 77143 25.7174 25.6755 10.9361 0 342.8171 334.636 -60.5604 -43.3013 0 0 0 0 0 0 0 0 0.486335 2.21679 0 264.29 
0.0160678327534636324 0.919912 0 60209 3.45589 26.1076 11.1701 0 187.7581 -161.483 87.7033 38.5273 0 0 0 0 0 0 0 0 0 1.8329 0 0 
0.016072631368630564 0.239182 0 39421 25.673 25.6313 10.8548 0 225.2911 -150.68 33.9226 -164.015 0 -0 0 0 0 -0 0 0 0.232248 1.23469 1250.74 1250.74 
0.016077719786125988 0.0849736 1 538497 0 24.6174 22.1557 0 0 2 -0.0082314 0.00732389 -0.00570039 0 0 0 0 0 0 0 0 2.37104 4.19849 3674.32 6557.06 
0.0160958702308821901 0.631523 0 75139 0.145672 26.4406 11.8442 0 245.9491 93.5791 -218.511 63.1418 0 0 0 0 0 0 0 0 1.25687 3.76026 0 179.593 
0.016097127766247072 0.223458 0 332349 25.6333 25.5918 10.7824 0 148.5751 -105.216 -37.2892 -98.0499 0 0 0 0 0 0 0 0 1.03971 4.02208 585.456 585.456 
0.0161004198753683242 0.21899 0 166175 0.289621 25.5861 10.772 0 221.3251 -107.363 180.816 -69.0157 0 0 0 0 0 0 0 0 1.07463 2.12571 52.2042 53.4448 
0.0161464056016836256 0.142941 1 528204 0 18.5795 16.7214 0 0 2 -0.0153428 0.0160441 -0.00821127 0 -0 0 0 0 -0 0 0 2.04278 5.01471 82.8266 1525.05 
0.0161530944197054091 1.41554 0 105386 0.118227 25.5008 10.6169 0 231.5941 -183.947 -139.994 14.1637 0 0 0 0 0 0 0 0 0 1.38504 0 0 
0.0161822581799207221 0.603159 0 64738 0.578791 25.9299 8.35552 0 85.53551 25.2704 76.8576 -27.7603 0 0 0 0 0 0 0 0 0 0.595626 0 0 
0.0162070498966678071 0.79929 0 350954 0.177455 25.4144 10.4614 0 251.4431 7.43465 105.076 -228.314 0 0 0 0 0 0 0 0 0 0 0 0 
0.016208231565829373 0.969054 0 373425 25.4531 25.4125 10.458 0 320.1571 90.542 307.074 2.86396 0 0 0 0 0 0 0 0 0 0 0 0 
0.0162339315849274156 0.611741 0 112460 0.164471 25.3715 10.3847 0 152.5661 146.972 -39.5361 -10.6124 0 0 0 0 0 0 0 0 1.19712 1.19712 0 80.7076 
0.0162529905235783978 1.66627 0 223851 25.3818 25.3415 10.3313 0 232.6951 75.8851 -211.768 59.5233 0 0 0 0 0 0 0 0 0 0 0 0 
0.0162642643782852439 0.900317 0 315518 25.3638 25.3236 10.2995 0 169.521 83.2883 77.4139 125.727 0 0 0 0 0 0 0 0 0.883819 0.883819 0 0 
0.0162697854392738379 1.78032 0 292351 25.3548 25.3147 10.2838 0 205.7591 179.136 -80.2855 -61.6561 0 0 0 0 0 0 0 0 0 1.75896 0 0 
0.0162993956734152484 0.479258 0 546498 0.0826868 25.7304 10.665 0 206.3181 204.258 26.3656 12.2764 0 0 0 0 0 0 0 0 0 0.499886 0 0 
0.016331194270071285 0.665871 0 312777 25.2581 25.2185 10.1141 0 444.8021 71.8863 -410.884 -154.452 0 0 0 0 0 0 0 0 0 1.9973 0 0 
0.0163358746036341151 1.06378 0 363707 0.185968 15.0119 13.5067 0 01 0 0 0 0 0 0 0 0 0 0 0 0 0 0 0 
0.0163427141006766002 0.863809 0 350281 0.0972587 25.201 10.0834 0 194.7991 -120.162 29.483 150.462 0 0 0 0 0 0 0 0 0 0 0 0 
0.01637793543287187 0.656678 0 298399 25.1847 25.1455 9.98659 0 194.7461 95.9114 37.4104 -165.311 0 0 0 0 0 0 0 0 0 0 0 0 
0.0163992049079584486 0.150406 0 190546 0.591251 25.1128 9.92993 0 316.7221 37.4742 267.395 165.556 0 0 0 0 0 0 0 0 2.58731 5.52624 983.915 1523.37 
0.0164024236974641587 0.554552 0 224434 25.1471 25.108 9.92158 0 281.5711 213.693 38.4711 -179.27 0 0 0 -0 0 0 0 -0 0 0.546902 0 0 
0.0164419253829030457 1.0894 0 323371 25.0855 25.0467 9.81576 0 221.9381 -125.107 175.696 -52.3044 0 0 0 0 0 0 0 0 0 0 0 0 
0.0164430277459143709 0.101502 1 476213 0 43.8241 39.4417 0 0 2 0.00685495 0.00476559 0.0353532 0 0 0 0 0 0 0 0 3.4808 4.87783 3219.24 10878.2 
0.0164857011199253285 0.220789 1 438383 0 14.6622 13.165 0 0 2 0.170234 -40.174 -0.446634 0 0 -0 0 0 0 -0 0 0.436675 2.0021 0 0 
0.0165142713157310078 0.641733 0 270726 24.975 24.9368 9.6278 0 146.1511 -62.5356 131.456 -12.9888 0 0 0 0 0 0 0 0 0 0 0 0 
0.0165208899678937308 0.0540427 0 345478 24.9648 24.9266 9.61063 0 202.7011 -117.002 -127.333 105.757 0 0 0 0 0 0 0 0 4.29592 6.67934 4140 10905.8 
0.0165456855238197871 5.75771 0 81629 0.12885 24.8891 9.54714 0 163.1191 -152.933 42.0526 -38.0883 0 0 0 0 0 0 0 0 0 0 0 0 
0.0165497526366896672 1.30766 0 262693 24.9211 24.8831 9.53699 0 353.7251 -66.3055 -206.645 -279.326 0 0 0 -0 0 0 0 -0 0 1.26914 0 0 
0.0165615481250575534 0.117409 0 185177 24.903 24.8651 9.50658 0 164.2711 -128.804 -98.3743 -26.7757 0 0 -0 0 0 0 -0 0 2.57532 4.61551 3248.24 11507.7 
0.01659117746112624 0.123 0 163317 0.319853 24.8205 9.43166 0 148.8931 120.032 30.9684 -82.4763 0 0 0 -0 0 0 0 -0 0.666995 2.90638 0 2001.28 
0.0165940743425083172 0.070096 0 585019 0.0910844 25.258 10.0238 0 255.5461 -253.981 16.7262 22.7554 0 0 0 0 0 0 0 0 2.09431 3.96225 5978.95 12592.1 
0.0165985944521052087 0.265185 0 197303 0.192732 24.8092 9.4127 0 388.1611 -352.965 117.433 110.881 0 0 0 0 0 0 0 0 1.38199 3.86095 0 253.388 
0.0166001318842202775 0.198599 0 490355 0.553407 24.8835 9.52735 0 233.8011 129.779 -159.655 111.043 0 0 0 0 0 0 0 0 1.82407 6.40136 0 100.974 
0.0166001318842202775 0.208717 0 140637 0.61103 24.807 9.40901 0 218.3991 170.265 93.2938 100.021 0 0 0 0 0 0 0 0 1.56412 4.38891 0 266.657 
0.0166137546241577894 0.52724 0 218580 0.559773 24.7869 9.37533 0 203.2581 77.3009 22.8558 -186.591 0 0 0 -0 0 0 0 -0 0 0.513392 0 0 
0.0166820922607096335 0.460827 0 219251 0.152815 24.6851 9.20643 0 73.13091 69.0721 -19.7089 -13.7383 0 0 -0 0 0 0 -0 0 0 0.45838 0 0 
0.0166877862920897617 1.92071 0 344291 24.714 24.677 9.19315 0 272.1541 -206.358 20.1321 176.292 0 0 0 0 0 0 0 0 0 1.9149 0 0 
0.016735396990820231 0.289018 0 279622 0.0879842 26.7122 12.9565 0 231.31 17.6634 20.6362 -229.699 0 0 0 0 0 0 0 0 1.1179 4.19293 0 0 
0.0167784586725810113 0.0454299 1 0 0 24.7298 9.2507 0 0 1 -89.1498 -103.681 -118.598 1 -93.9759 -120.292 -100.411 0 -0 0 0 2.69037 4.15439 4271.2 11437.7 
0.0168065098086774174 0.517144 0 327342 0.406437 24.5034 8.9098 0 224.6961 -163.831 -39.0362 -148.742 0 0 0 -0 0 0 0 -0 0 1.56278 0 0 
0.0168079789870422373 40.2395 0 291484 24.5372 24.5011 8.90604 0 108.2681 98.1402 45.1134 -7.42722 0 0 0 0 0 0 0 0 0 0 0 0 
0.0168083195447709631 0.161761 0 77879 0.580716 24.5007 8.90542 0 298.6281 261.967 -138.655 36.4161 0 0 0 0 0 0 0 0 2.74415 5.31599 495.288 2472.57 
0.0168339896985063124 0.203209 0 273440 0.646794 24.4639 8.84608 0 280.4071 247.222 119.767 -56.2641 0 0 0 0 0 0 0 0 1.10797 2.2306 308.567 631.592 
0.016838665602747268 1.55711 0 63470 0.346253 24.9152 7.60565 0 206.2511 -72.2777 168.331 -94.7624 0 0 0 0 0 0 0 0 0 0 0 0 
0.0168567050303591037 0.197462 0 350672 0.130674 24.4313 8.79379 0 157.821 -61.1319 -128.548 -68.157 0 -0 0 0 0 -0 0 0 1.65238 3.67503 62.0222 1090.74 
0.0168696592670284466 2.59526 0 73656 0.412086 24.4123 8.76344 0 346.2951 -269.026 177.408 -126.775 0 0 0 -0 0 0 0 -0 0 0 0 0 
0.016874598377606638 0.272351 0 300953 1.02104 24.4053 8.75221 0 210.1151 -114.193 127.748 -121.609 0 0 0 0 0 0 0 0 0 1.41051 0 0 
0.0168986337304813349 0.0449511 1 284405 0 17.721 15.9476 0 0 2 -0.0030597 0.00715376 0.00783605 0 0 0 0 0 0 0 0 3.04687 5.67813 13048.3 17028.3 
0.0169090018256331763 0.395668 0 638529 0.389293 24.7823 9.18283 0 192.191 77.873 173.42 -28.2535 0 0 0 -0 0 0 0 -0 0.782834 1.18158 0 110.484 
0.0169263361262825922 0.920321 0 264646 24.3668 24.3314 8.63479 0 178.5251 31.3586 -170.997 40.5944 0 0 0 0 0 0 0 0 0 0 0 0 
0.0169296388681925251 0.219182 0 284005 1.16812 18.111 16.2992 0 01 0 0 0 0 0 0 0 0 0 0 0 0.430417 1.51722 0 118.48 
0.0169470904808602281 0.199535 0 144498 0.308476 24.3021 8.58851 0 313.2281 310.631 23.2749 32.8383 0 0 0 0 0 0 0 0 0.926877 2.40831 56.7798 1010.25 
0.0169565408124966975 0.236043 0 187804 0.444373 24.2885 8.56703 0 259.8881 -134.067 220.725 -29.1303 0 0 0 0 0 0 0 0 0.654364 0.654364 0 0 
0.0169607246391963382 0.207009 0 482286 0.337007 24.2827 8.58604 0 259.4871 54.4806 41.2213 -250.333 0 0 0 0 0 0 0 0 0.213401 0.851399 0 0 
0.0169770355563540545 0.173493 0 490620 0.14904 19.6017 17.6416 0 01 0 -0 0 0 0 -0 0 0 0 -0 0 0.377285 2.16337 0 111.734 
0.0170264113219542046 0.266369 0 165677 24.2251 24.1904 8.41352 0 155.4851 -103.227 -64.6156 96.6677 0 0 0 0 0 0 0 0 0 0.725392 0 0 
0.0170547115570707647 1.74683 0 342776 24.1853 24.1508 8.35203 0 320.6231 220.51 104.799 207.826 0 0 0 0 0 0 0 0 0 0 0 0 
0.0170807264343617766 0.107235 0 232722 0.218089 24.1147 8.29621 0 323.9031 212.947 -173.808 -171.339 0 0 -0 0 0 0 -0 0 2.29094 4.58917 4702.7 14040.7 
0.0171011714178936555 1.13161 0 361214 24.1206 24.0864 8.25266 0 390.7761 340.406 -190.226 25.3775 0 0 -0 0 0 0 -0 0 0 0 0 0 
0.0171506731291379833 0.211305 1 642690 0 20.0713 18.0642 0 0 2 0.00245556 0.00215921 -0.00110138 0 0 0 0 0 0 0 0 0.859253 2.1757 602.376 1363.66 
0.0172212804193964605 0.028546 1 29845 0 37.0913 33.3821 0 0 1 0.0124468 0.00695023 -0.0226825 0 0 0 -0 0 0 0 -0 2.23962 4.71544 7533.2 12347.3 
0.0172548915498407195 0.159959 0 347707 0.18766 23.8767 7.93454 0 510.431 -478.498 -77.2703 -160.026 0 -0 0 0 0 -0 0 0 2.58203 5.35364 1800.31 2104.77 
0.0172918687380686359 40.2278 0 215725 0.424115 23.8266 7.8597 0 287.841 -169.226 38.1098 -229.7 0 0 0 0 0 0 0 0 0 0 0 0 
0.0173252415947276993 0.42678 0 272148 23.8146 23.7817 7.7932 0 75.88761 -75.0639 5.80215 9.52259 0 0 0 0 0 0 0 0 0.421973 0.421973 0 0 
0.0173432581449025694 0.0538937 1 444091 0 35.8763 32.2887 0 0 2 -0.0661328 -1.34771 -1.43376 0 0 -0 0 0 0 -0 0 3.55283 5.42461 6447.97 15908.1 
0.0173701394317147678 0.264095 0 702000 0.0969405 18.5422 16.6878 0 01 0 0 0 0 0 0 0 0 0 0 0 0.738256 1.73706 0 0 
0.0173789139789815132 0.183535 1 526770 0 39.6543 35.6888 0 0 1 0.313282 -1.43554 -0.123562 0 0 -0 0 0 0 -0 0 0.71503 4.66091 118.01 140.501 
0.0173933459432965773 0.317106 0 83813 0.247284 23.6912 7.65997 0 354.0891 -332.999 64.6084 101.569 0 0 0 0 0 0 0 0 0.609625 1.55037 0 0 
0.0174196208917544101 0.0215276 0 469178 0.218262 18.8088 16.9279 0 01 0 0 -0 0 0 0 -0 0 0 0 -0 2.76863 5.32304 6375.8 12210.3 
0.0174232121419614847 0.942994 0 109592 0.889677 23.6517 7.60239 0 285.4981 -238.073 -155.904 22.896 0 0 0 0 0 0 0 0 0 0.936258 0 0 
0.0174380042017583496 0.376938 0 482922 0.249344 24.7421 22.2679 0 01 0 0 -0 0 0 0 -0 0 0 0 -0 0 1.82509 0 0 
0.0174648515645470896 0.286641 0 284557 23.6294 23.5974 7.52351 0 198.7151 -107.303 -167.254 -0.0187443 0 0 0 -0 0 0 0 -0 0.836224 2.25141 0 0 
0.0174667075380845575 3.25433 0 96095 0.166326 23.5948 7.51983 0 167.5351 -26.7522 -1.86977 165.375 0 -0 0 0 0 -0 0 0 0 0 0 0 
0.0174737927623105048 0.225623 0 362626 0.164887 23.5854 7.5062 0 185.2151 -12.8196 -176.834 -53.5745 0 -0 0 0 0 -0 0 0 0.651554 1.32998 118.339 118.339 
0.0174947197680373895 0.148355 0 327371 23.59 23.5582 7.46701 0 230.2111 93.5708 78.588 -195.104 0 0 0 0 0 0 0 0 1.04696 2.50696 0 1250.05 
0.0175224579634677725 0.171717 0 212127 0.467076 23.522 7.41507 0 158.5581 80.8788 109.743 -80.9663 0 0 0 0 0 0 0 0 0.730047 3.93196 0 196.876 
0.0175401402698981204 0.10989 1 428567 0 44.114 39.7026 0 0 2 -0.000790926 -0.00120753 -0.0139333 0 0 0 0 0 0 0 0 3.16486 5.39153 6272.06 12560.9 
0.0175740691427887404 0.437357 0 5708 0.402038 23.4555 7.32022 0 278.9331 149.179 113.873 -206.355 0 0 0 0 0 0 0 0 0.446286 1.77213 0 0 
0.0176041747527995937 0.0490149 1 497013 0 56.3491 50.7142 0 0 2 0.0097228 -0.0581773 0.131245 0 0 0 0 0 0 0 0 3.99313 7.05735 1681.63 12460.9 
0.017618111182351754 0.220472 0 251151 23.4299 23.3987 7.23994 0 344.8661 344.002 22.317 9.82376 0 0 0 0 0 0 0 0 0.855377 1.75817 0 0 
0.0176398227429824771 0.604082 0 74516 23.4024 23.3714 7.20153 0 238.4211 83.9885 -91.7523 203.402 0 0 0 0 0 0 0 0 0.625009 0.625009 0 0 
0.017640590281470088 0.297983 0 77061 0.0942239 23.7394 7.6724 0 390.0361 -388.956 17.4066 -23.1889 0 -0 0 0 0 -0 0 0 0.617148 1.54144 493.534 493.534 
0.0176857546319440367 2.18323 0 376360 23.3435 23.3128 7.11951 0 220.3461 -190.281 33.7817 -105.852 0 -0 0 0 0 -0 0 0 0 0 0 0 
0.017733402627842839 0.0206358 1 556078 0 26.9021 24.2119 0 0 1 -0.252625 -0.285089 -0.513285 0 0 0 -0 0 0 0 -0 2.96838 4.92533 6755.36 14123.7 
0.0177678338579900646 0.26499 1 318455 0 8.98722 8.0885 0 0 1 0.139461 28.8854 -36.6422 0 0 0 0 0 0 0 0 0.99336 3.24852 100.698 100.698 
0.017793469378347776 4.58717 0 190351 0.132122 23.1773 6.93233 0 333.7661 -286.431 -120.816 121.494 0 0 0 0 0 0 0 0 0 0 0 0 
0.0178394598655502203 0.161184 0 199257 23.1499 23.12 6.85424 0 257.8951 236.788 -101.898 -7.62046 0 0 0 -0 0 0 0 -0 0.845334 2.8969 0 0 
0.017872386024228748 0.215886 0 317111 23.1091 23.0793 6.79913 0 317.2511 131.044 -115.651 -264.764 0 0 0 -0 0 0 0 -0 0 1.10598 0 0 
0.0179709386983694618 0.335591 0 31525 22.9882 22.9589 6.63775 0 543.1451 -381.863 -73.9762 -379.096 0 0 -0 0 0 0 -0 0 0 1.70004 0 0 
0.0180384933750174885 0.271106 0 210640 22.9058 22.8769 6.52928 0 214.9681 -111.514 33.9364 180.622 0 -0 0 0 0 -0 0 0 0.840479 2.00656 0 0 
0.0180649459783337636 1.40627 0 175854 0.0987527 22.8451 6.4875 0 258.1531 146.957 -36.2271 -209.127 0 0 -0 0 0 0 -0 0 0 0 0 0 
0.0180863875973145578 0.244029 0 159018 0.10133 22.8198 6.45455 0 503.5471 493.811 -23.8536 95.6118 0 0 0 0 0 0 0 0 1.27024 5.07822 721.944 721.944 
0.018132280323339741 0.0927442 1 0 0 22.765 6.3832 0 0 1 26.442 -362.341 352.427 1 58.9323 -369.71 342.391 0 0 0 0 4.24382 6.51445 8647.98 14946.3 
0.0181982580027006159 0.121441 0 263938 0.0918671 22.6867 6.28247 0 198.5071 -192.188 49.0733 -7.78575 0 -0 0 0 0 -0 0 0 3.38854 5.17561 7935.39 11060.8 
0.018208042538218179 0.783741 0 225192 0.205739 22.6751 6.26763 0 390.1461 -66.5637 96.3913 -372.145 0 0 0 0 0 0 0 0 0 0 0 0 
0.0182211596539159359 0.156953 0 445308 0.103984 37.7525 33.9773 0 01 0 0 0 0 0 0 0 0 0 0 0 1.12096 4.14182 0 1.37954 
0.0182215008688491401 0.179242 0 573408 0.362207 23.0461 6.69835 0 237.0081 72.4822 60.519 217.386 0 0 0 0 0 0 0 0 1.80365 3.42953 0 79.5811 
0.0182563838721452321 0.134083 0 360550 22.6465 22.6186 6.19562 0 209.6951 -169.397 -110.806 -54.7591 0 0 -0 0 0 0 -0 0 1.49068 3.04145 165.633 2072.81 
0.0182684772857032093 1.80982 0 277375 22.6323 22.6045 6.17772 0 327.721 -265.661 -178.221 -71.1478 0 0 0 -0 0 0 0 -0 1.86206 1.86206 0 10.4192 
0.018323460685060005 0.75285 0 148434 3.93526 22.5404 6.09695 0 207.3441 -176.668 82.4623 -70.5688 0 0 0 0 0 0 0 0 0 0 0 0 
0.018330841968735509 1.40959 0 320760 22.5594 22.5319 6.08627 0 155.6121 152.081 16.5016 28.5319 0 0 0 0 0 0 0 0 0 0 0 0 
0.0183463685400360559 6.78504 0 379599 22.5413 22.5139 6.06369 0 290.3421 -203.463 151.931 140.776 0 0 0 0 0 0 0 0 0 0 0 0 
0.01834863414845311 0.581658 0 337060 22.5388 22.5114 6.06056 0 100.8391 -96.855 2.34387 -27.9652 0 0 0 0 0 0 0 0 0 0 0 0 
0.0184300007787159895 0.523166 0 13000 0.132708 22.418 5.94463 0 186.3841 36.5353 137.698 -120.18 0 0 0 0 0 0 0 0 0.515954 0.515954 0 0 
0.0184431915699904171 0.144281 1 524699 0 28.8837 25.9954 0 0 2 -0.0140934 0.00724948 -0.00594734 0 -0 0 0 0 -0 0 0 0.78885 2.6434 205.852 430.703 
0.0184637690642835348 0.864418 0 45426 22.4067 22.3799 5.89767 0 88.64371 88.1231 9.56712 0.70567 0 0 0 0 0 0 0 0 0.868672 2.60204 0 0 
0.0186524461705464377 0.662986 0 293340 22.1941 22.1681 5.64181 0 154.3761 5.47761 -69.1206 137.929 0 0 0 0 0 0 0 0 0 0.682636 0 0 
0.0186682030867143106 0.144766 1 759747 0 32.7933 29.514 0 0 2 0.634307 -0.177996 -2.17748 0 0 0 0 0 0 0 0 1.78873 3.60167 665.931 1715.37 
0.0186775626250498782 1.22485 0 161955 22.1664 22.1405 5.60907 0 168.861 -166.376 6.33917 -28.1481 0 -0 0 0 0 -0 0 0 1.19377 1.19377 0 0 
0.0186846904688730726 0.126015 0 342879 0.125543 22.1327 5.59986 0 419.8711 -415.465 43.9473 41.8277 0 0 0 0 0 0 0 0 2.21303 5.12806 1164.02 2710.97 
0.0186928757166623799 0.110775 1 0 0 22.1235 5.58895 0 0 1 -184.134 -27.4266 83.7606 1 -192.179 21.7469 81.7527 0 -0 0 0 1.59311 3.37397 2728.57 9247.71 
0.0187338709992052668 0.362039 0 334931 22.1041 22.0785 5.53587 0 204.2041 27.8963 151.299 134.274 0 0 0 0 0 0 0 0 0.362022 1.46275 0 0 
0.0187490346110344326 0.140845 0 189779 0.230395 22.0621 5.51665 0 180.851 50.929 -172.763 -16.315 0 0 0 0 0 0 0 0 1.68057 4.68557 221.173 694.153 
0.0187725991921999825 0.422929 0 153745 0.236896 22.1206 5.58548 0 187.841 -48.4142 -180.099 22.4562 0 0 0 0 0 0 0 0 0 0.415599 0 0 
0.0187818380257952292 0.273213 0 163978 1.21957 22.0265 19.6449 0 01 0 0 0 0 0 0 0 0 0 0 0 0.581448 2.53808 0 0 
0.0188000194101277211 0.124292 0 151622 0.442439 36.5775 32.9197 0 01 0 -0 0 0 0 -0 0 0 0 -0 0 1.93221 4.75613 231.655 2141.06 
0.0188326756019273692 1.56942 0 143717 21.9963 21.9711 19.5959 0 01 0 0 0 0 0 0 0 0 0 0 0 0 1.55475 0 0 
0.0189362289600643642 0.400301 0 291729 21.885 21.8602 19.498 0 01 0 0 0 0 0 0 0 0 0 0 0 0.393566 3.16962 0 0 
0.018949293308140578 0.114917 0 150319 0.166937 21.8462 19.4856 0 01 0 0 0 0 0 0 0 0 0 0 0 4.18671 7.21245 6843.32 16320.4 
0.0189738021680947999 0.284386 0 315344 21.8446 21.82 19.4625 0 01 -0 0 0 0 -0 0 0 0 -0 0 0 0.287308 2.32288 180.202 180.202 
0.0189887787534654615 0.295167 0 205292 21.8287 21.8041 19.4485 0 01 0 0 0 0 0 0 0 0 0 0 0 0.84998 2.04153 0 0 
0.0190053317547715685 0.32025 1 24795 0 21.7868 19.4332 0 0 1 -0.00157504 -0.0215913 -0.0340448 0 0 0 0 0 0 0 0 0.308296 0.62071 0 0 
0.0190320260447563727 0.871536 0 18397 0.0943263 21.7586 19.4082 0 01 0 0 0 0 0 0 0 0 0 0 0 0 0 0 0 
0.0190345214764255782 0.455124 0 5802 2.36729 21.756 19.406 0 01 0 -0 0 0 0 -0 0 0 0 -0 0 0.444122 1.32903 0 0 
0.0190449569509158374 0.447541 0 211548 0.407703 21.7449 19.3961 0 01 0 0 0 0 0 0 0 0 0 0 0 1.34898 1.80065 114.164 288.043 
0.0190535725461957045 0.28688 0 274970 0.130528 21.7361 19.3883 0 01 0 0 0 0 0 0 0 0 0 0 0 0 1.72193 0 0 
0.0190564888418631798 0.331126 0 147298 21.7574 21.733 19.3857 0 01 0 -0 0 0 0 -0 0 0 0 -0 0 0.954408 2.22678 513.855 580.171 
0.0190761074549338112 0.0319086 1 434707 0 22.44 20.196 0 0 2 -0.00238312 0.00811257 -0.0156785 0 -0 0 0 0 -0 0 0 2.22117 4.69638 3281.51 4552.33 
0.0190834629141514653 0.204141 0 172139 21.7289 21.7047 19.3606 0 01 0 0 0 0 0 0 0 0 0 0 0 1.28908 5.25505 0 292.398 
0.0190877860958296314 0.314072 0 482469 0.0862095 14.9599 13.4598 0 01 0 0 0 0 0 0 0 0 0 0 0 0.627707 1.90312 0 325.007 
0.0190978933959380336 1.39163 0 57626 21.7137 21.6896 19.3472 0 01 0 0 0 0 0 0 0 0 0 0 0 1.36628 2.72332 0 49.2329 
0.0191124488790881814 0.30692 0 359198 21.6985 21.6744 19.3338 0 01 0 -0 0 0 0 -0 0 0 0 -0 0 1.58393 2.54288 0 41.8575 
0.0191124488790881814 0.438765 0 376119 0.60162 21.6745 19.3339 0 01 -0 0 0 0 -0 0 0 0 -0 0 0 0.846937 6.36278 0 46.5481 
0.0191994652549506775 0.311116 0 63111 12.9463 21.5844 19.2543 0 01 0 0 0 0 0 0 0 0 0 0 0 0.954547 2.55316 87.1449 389.501 
0.0191998834488302135 5.50177 0 390634 21.6079 21.5841 19.254 0 01 0 0 0 0 0 0 0 0 0 0 0 0 0 0 0 
0.0192181176911006765 0.446382 0 248725 0.192554 21.5654 19.2375 0 01 -0 0 0 0 -0 0 0 0 -0 0 0 0.89642 2.26561 109.258 109.258 
0.0192345769714289405 5.40111 0 379927 21.5719 21.5482 19.2222 0 01 0 0 0 0 0 0 0 0 0 0 0 0 0 0 0 
0.0192577545513112972 0.213428 0 190379 0.201898 21.5245 19.2012 0 01 0 0 0 0 0 0 0 0 0 0 0 1.36355 2.46774 256.546 361.629 
0.0192658653109899734 0.269044 0 482404 0.731003 22.2287 5.69624 0 319.911 -310.11 -3.73847 78.4869 0 0 0 0 0 0 0 0 0.786229 1.29475 0 0 
0.0192658653109899734 0.369326 0 354927 21.5397 21.5162 19.1939 0 01 0 0 0 0 0 0 0 0 0 0 0 0.732151 2.22665 0 0 
0.0192851679231947903 0.648257 1 150526 0 21.4966 19.1765 0 0 1 0.00137793 0.0103803 0.0126416 0 0 0 0 0 0 0 0 0 0.657522 0 0 
0.0192942091662875632 1.54205 0 388351 21.5107 21.4873 19.1683 0 01 0 0 0 0 0 0 0 0 0 0 0 0 0 0 0 
0.0192972317711704346 0.123315 0 34929 0.12516 21.4843 19.1657 0 01 0 0 0 0 0 0 0 0 0 0 0 0.974234 2.07904 0 210.987 
0.0193169237298429011 1.34954 0 395282 21.4874 21.4641 19.1478 0 01 0 0 0 0 0 0 0 0 0 0 0 0 0 0 0 
0.0193182665665746385 0.359066 0 224730 0.116584 21.4629 19.1468 0 01 0 0 0 0 0 0 0 0 0 0 0 0 0.742853 0 0 
0.0193853643384603973 0.315985 0 139643 0.637589 21.3952 19.0869 0 01 0 0 0 0 0 0 0 0 0 0 0 0.612328 1.53436 93.1822 93.1822 
0.0193991612747234504 0.380151 0 219189 21.4042 21.3812 19.0745 0 01 0 0 0 0 0 0 0 0 0 0 0 0.372995 0.372995 0 0 
0.0194206398760805275 0.0876153 0 502477 0.199367 16.3277 14.6921 0 01 0 0 0 0 0 0 0 0 0 0 0 3.44207 6.88692 6924.85 12589.1 
0.0194263411087998161 1.75 0 296508 21.3769 21.354 19.0504 0 01 0 0 0 0 0 0 0 0 0 0 0 0 0 0 0 
0.0194481718762417218 0.134549 0 206654 0.263198 21.7042 18.7809 0 01 -0 0 0 0 -0 0 0 0 -0 0 0 2.74823 5.32873 190.014 1192.7 
0.0194660195979535176 0.95916 0 348244 21.3372 21.3144 19.0154 0 01 0 -0 0 0 0 -0 0 0 0 -0 0 0 0 0 0 
0.019483360618844002 0.227276 0 74810 0.228009 21.2972 19.0001 0 01 0 0 0 0 0 0 0 0 0 0 0 1.11092 2.91993 0 0 
0.0195019537831837494 0.309804 0 125439 0 21.2788 18.9838 0 01 0 0 0 0 0 0 0 0 0 0 0 0.317319 0.626442 15.1631 15.1631 
0.0195146666929575802 0.099119 1 236335 0.110952 34.8163 31.3347 0 0 1 -0.00542912 -0.00294842 0.00318961 0 0 0 0 0 0 0 0 3.97958 5.89183 10245.5 15741.4 
0.0195545544831484744 0.218092 0 2133 21.2494 21.2269 18.9379 0 01 -0 0 0 0 -0 0 0 0 -0 0 0 0.891294 4.90808 0 255.739 
0.0195800965858453219 0.27305 0 74169 21.2241 21.2018 18.9156 0 01 0 0 0 0 0 0 0 0 0 0 0 0 1.10928 0 0 
0.0196127074263659426 0.494969 0 161127 21.1922 21.1699 18.8874 0 01 0 0 -0 0 0 0 -0 0 0 0 -0 0.502409 1.53211 0 0 
0.0196318148928942247 0.332906 0 292075 21.1734 21.1512 18.8709 0 01 0 0 0 0 0 0 0 0 0 0 0 0 0.669715 0 0 
0.0196881972236949421 0.372289 0 272079 0.0903633 21.0965 18.8224 0 01 0 0 0 0 0 0 0 0 0 0 0 0.35638 1.11373 0 0 
0.0197425051665253981 0.191626 0 239250 0.0821975 21.044 18.7759 0 01 0 0 -0 0 0 0 -0 0 0 0 -0 1.11813 3.73076 0 109.45 
0.0197558382626667056 0.478801 0 13778 0.212963 21.0313 18.7647 0 01 0 0 0 0 0 0 0 0 0 0 0 0.464917 1.90654 0 0 
0.0197844724099201161 0.093642 1 453832 0 24.9451 22.4506 0 0 1 0.256703 -0.352292 0.564142 0 0 -0 0 0 0 -0 0 2.36581 3.77504 1829.45 8550.94 
0.0197966738609266744 1.2902 0 61834 21.0137 20.9921 18.73 0 01 0 0 0 0 0 0 0 0 0 0 0 0 0 0 0 
0.0198181579918875854 0.220971 0 264081 0.0925036 21.2697 18.7231 0 01 0 0 0 0 0 0 0 0 0 0 0 0.883764 3.08768 0 0 
0.0198342670544342618 0.519504 0 239312 20.9777 20.9562 18.6982 0 01 0 0 0 0 0 0 0 0 0 0 0 0 0.998041 0 0 
0.0198714773401434883 0.982749 0 288966 20.9424 20.9211 18.667 0 01 0 -0 0 0 0 -0 0 0 0 -0 0 0 1.00391 0 0 
0.0198753925081517936 0.164086 0 207109 0.140454 20.9172 18.6636 0 01 0 0 0 0 0 0 0 0 0 0 0 1.77271 5.06798 0 1398.7 
0.0199004745974140328 0.640738 0 199578 20.9148 20.8935 18.6426 0 01 -0 0 0 0 -0 0 0 0 -0 0 0 0 0.638262 0 0 
0.0199072296276567619 0.0495031 1 455366 0 19.5341 17.5807 0 0 2 -0.00627895 0.0041742 -0.0100278 0 0 0 0 0 0 0 0 4.10433 7.26269 4435.75 16600.2 
0.019915190523075877 0.900576 0 281742 20.901 20.8798 18.6305 0 01 0 0 0 0 0 0 0 0 0 0 0 0 0 0 0 
0.0199336012946556389 0.171206 0 306998 20.8835 20.8623 18.615 0 01 0 0 0 0 0 0 0 0 0 0 0 0.764391 1.87129 0 0 
0.0199717816712213746 0.323704 0 549181 0.108635 21.1692 18.5142 0 01 0 0 0 0 0 0 0 0 0 0 0 0.623012 1.55356 32.2113 32.2113 
0.0200466551811623317 0.333436 0 256319 0.0831308 20.7569 18.5216 0 01 0 0 0 0 0 0 0 0 0 0 0 0.682534 1.36595 0 0 
0.0200482418082736785 0.604994 0 346161 20.7763 20.7555 18.5203 0 01 0 0 0 0 0 0 0 0 0 0 0 0 0 0 0 
0.0200509565455378423 0.19012 0 171741 20.7738 20.753 18.5181 0 01 0 0 0 0 0 0 0 0 0 0 0 1.13303 2.99982 0 201.469 
0.0201922731156476062 1.1542 0 274639 20.6435 20.6232 18.403 0 01 0 0 0 0 0 0 0 0 0 0 0 0 0 0 0 
0.0202006784501747201 1.73482 0 52009 20.6358 20.6155 18.3962 0 01 0 0 0 0 0 0 0 0 0 0 0 1.72257 1.72257 0 0 
0.0202064303887579191 0.441168 0 382843 20.6307 20.6104 18.3917 0 01 0 0 0 0 0 0 0 0 0 0 0 0 0.887982 0 0 
0.0202184292583359668 0.310409 0 297516 20.6196 20.5994 18.3819 0 01 0 0 0 0 0 0 0 0 0 0 0 1.26589 1.87854 328.552 328.552 
0.020245208964233135 0.773532 0 456799 0.31769 17.7692 15.9911 0 01 0 0 0 0 0 0 0 0 0 0 0 0 0 0 0 
0.0202492039900639791 1.2502 0 33876 20.5916 20.5715 18.3571 0 01 -0 0 0 0 -0 0 0 0 -0 0 0 0 0 0 0 
0.0202908326781648697 0.313069 0 98571 0.154111 20.534 18.3239 0 01 0 0 0 0 0 0 0 0 0 0 0 0 0.643291 0 0 
0.0203380162701840179 0.209683 0 23718 20.5115 20.4916 18.2863 0 01 0 0 -0 0 0 0 -0 0 0 0 -0 0.647927 2.22672 261.432 261.432 
0.0203481991457698415 0.565674 0 327355 20.5024 20.4826 18.2783 0 01 0 0 0 0 0 0 0 0 0 0 0 0 2.21591 0 0 
0.020375593846817204 0.581414 0 315834 20.478 20.4582 18.2567 0 01 0 -0 0 0 0 -0 0 0 0 -0 0 0 0 0 0 
0.0204294484898065072 0.925587 0 82874 0.440671 20.4103 18.2141 0 01 -0 0 0 0 -0 0 0 0 -0 0 0 0 0 0 0 
0.0204459708487310134 0.616949 0 143635 20.4154 20.3958 18.2013 0 01 0 -0 0 0 0 -0 0 0 0 -0 0 0 0 0 0 
0.0204705964089679122 1.02813 0 263425 20.3934 20.374 18.1819 0 01 0 0 0 0 0 0 0 0 0 0 0 0 0 0 0 
0.0205674163315469269 0.88144 0 29294 20.3085 20.2894 18.1068 0 01 0 -0 0 0 0 -0 0 0 0 -0 0 0 2.60179 0 0 
0.020573610839457912 0.261264 0 568444 0.264269 20.6132 18.3153 0 01 -0 0 0 0 -0 0 0 0 -0 0 0 0 1.51019 0 0 
0.0206179039375243948 0.757854 1 44830 0 20.2453 18.0677 0 0 1 0.00755337 -0.0141603 0.0271093 0 0 0 0 0 0 0 0 0 0 0 0 
0.0206339830880825983 0.344752 0 317577 20.2506 20.2317 18.0556 0 01 0 0 0 0 0 0 0 0 0 0 0 0 1.35688 0 0 
0.0206684556013828694 0.339572 0 88115 0.105145 20.2017 18.029 0 01 0 0 0 0 0 0 0 0 0 0 0 1.02591 3.06289 0 201.457 
0.0207248002817604256 0.528851 0 341480 20.1722 20.1534 17.9862 0 01 0 0 -0 0 0 0 -0 0 0 0 -0 0 1.0474 0 0 
0.0207425959809739956 0.12075 0 515786 0.0986483 20.5031 17.6955 0 01 0 0 0 0 0 0 0 0 0 0 0 2.94352 5.58713 2311.09 13267.3 
0.0207531308176604687 0.243259 0 148344 20.1477 20.1291 17.9646 0 01 0 0 0 0 0 0 0 0 0 0 0 0.486965 2.75901 0 447.31 
0.0207606016047282918 0.509135 0 59383 20.1415 20.1228 17.959 0 01 0 0 0 0 0 0 0 0 0 0 0 0 0.501171 0 0 
0.0207659081252937749 0.186908 0 167944 0.527579 20.508 15.2765 0 01 0 0 0 0 0 0 0 0 0 0 0 1.35349 4.30472 864.958 1780.41 
0.0207831964334194673 0.307624 0 171146 0.215178 20.1035 17.9419 0 01 0 -0 0 0 0 -0 0 0 0 -0 0 0 0.957318 0 0 
0.0208464001775110729 0.0347068 0 196880 0.161508 20.05 17.8944 0 01 0 0 -0 0 0 0 -0 0 0 0 -0 3.39651 6.36338 3312.15 12316.1 
0.0208823201553053131 0.571597 0 217149 20.0382 20.0199 17.8677 0 01 0 0 0 0 0 0 0 0 0 0 0 0.557822 1.65388 0 120.549 
0.0209430361694371708 1.76555 0 320644 19.9869 19.9688 17.8224 0 01 0 0 0 0 0 0 0 0 0 0 0 0 3.57014 0 0 
0.0209720789030926301 0.0815209 0 144527 0.151012 19.9446 17.801 0 01 0 0 0 0 0 0 0 0 0 0 0 3.25587 6.33632 7931.09 14293.8 
0.0209889659569936042 0.238741 0 185677 0.13929 19.9306 17.7885 0 01 0 -0 0 0 0 -0 0 0 0 -0 0 0.258332 1.76902 0 0 
0.0210219829101864555 0.344317 0 106217 19.9211 19.9032 17.7642 0 01 0 0 0 0 0 0 0 0 0 0 0 0.670107 0.999709 1.17749 1.17749 
0.0210588767481151573 0.440739 0 326994 19.8904 19.8726 17.7371 0 01 0 0 0 0 0 0 0 0 0 0 0 0 0.454461 0 0 
0.0210598915482822294 0.980154 0 173828 19.8898 19.872 17.7365 0 01 -0 0 0 0 -0 0 0 0 -0 0 0 0 0.994913 0 0 
0.0210686107183358888 0.700376 0 262551 19.8824 19.8646 17.73 0 01 0 -0 0 0 0 -0 0 0 0 -0 0 0 0 0 0 
0.0211141834668544803 1.96434 0 361639 19.8449 19.8272 17.6968 0 01 0 0 -0 0 0 0 -0 0 0 0 -0 0 0 0 0 
0.0211330086189948294 0.429839 0 322070 19.8294 19.8118 17.6832 0 01 0 -0 0 0 0 -0 0 0 0 -0 0 0.851244 2.54281 0 0 
0.0211409072007021602 0.222966 0 1612 0.355936 19.8054 17.6774 0 01 0 0 0 0 0 0 0 0 0 0 0 0.450297 1.33982 0 0 
0.0211421280249448791 0.186522 0 7154 19.822 19.8044 17.6765 0 01 0 0 -0 0 0 0 -0 0 0 0 -0 1.07055 2.33803 213.73 213.73 
0.0211496533593110714 0.244474 0 207105 19.8158 19.7982 17.6711 0 01 0 0 0 0 0 0 0 0 0 0 0 0.766572 1.81648 0 0 
0.0211725688990561448 0.120037 0 385145 19.7974 19.7799 17.6548 0 01 0 0 0 0 0 0 0 0 0 0 0 3.73005 6.73134 4961.59 13457.2 
0.0211851349488222582 0.189601 1 424902 0 53.6867 48.318 0 0 2 -0.00285612 -0.0058141 0.00626566 0 0 0 0 0 0 0 0 0.93318 1.85231 0 0 
0.0211955860000574287 0.336597 0 220044 19.7784 19.7609 17.638 0 01 0 0 -0 0 0 0 -0 0 0 0 -0 0.339388 2.04293 0 0 
0.021202513242220028 0.329637 0 73017 0.229129 19.7553 17.633 0 01 0 0 -0 0 0 0 -0 0 0 0 -0 0 2.42057 0 0 
0.0212410496438208765 0.53677 0 53826 0.177736 19.724 17.6052 0 01 -0 0 0 0 -0 0 0 0 -0 0 0 0 0 0 0 
0.0212834877385022353 0.171967 0 449937 1.06287 19.6955 17.6062 0 01 0 0 0 0 0 0 0 0 0 0 0 1.52645 3.06362 736.991 736.991 
0.0213134916550975495 0.334707 0 175405 19.6829 19.6658 17.5536 0 01 0 -0 0 0 0 -0 0 0 0 -0 0 0 1.37173 0 0 
0.0213603344297083712 1.00724 0 184723 19.6454 19.6284 17.5204 0 01 0 0 0 0 0 0 0 0 0 0 0 0 0 0 0 
0.0213647559833042185 0.795422 0 15890 19.6421 19.625 17.5174 0 01 0 -0 0 0 0 -0 0 0 0 -0 0 0 0 0 0 
0.0213697223677237827 1.06103 0 215401 19.6379 19.6209 17.5137 0 01 0 0 0 0 0 0 0 0 0 0 0 0 0 0 0 
0.0213952815877361466 0.287404 1 212981 0 19.6007 17.4958 0 0 2 -0.00621305 0.00418008 0.0030631 0 0 0 0 0 0 0 0 0.592426 2.01797 0 216.188 
0.0213957169818842427 0.309236 0 357181 0.091808 19.6002 17.4953 0 01 -0 0 0 0 -0 0 0 0 -0 0 0 0.304674 0.934319 0 0 
0.0214056761212827774 10.6919 0 329030 19.6094 19.5925 17.4885 0 01 0 0 0 0 0 0 0 0 0 0 0 0 0 0 0 
0.0214242715449516202 0.531564 0 353613 19.5945 19.5776 17.4753 0 01 0 0 0 0 0 0 0 0 0 0 0 0.537672 1.0629 0 0 
0.0215125300074485472 0.224814 0 179770 0.140146 19.8732 17.0764 0 01 -0 0 0 0 -0 0 0 0 -0 0 0 1.32524 2.01344 175.316 329.755 
0.021538616645704306 0.0575932 0 473191 0.40223 27.8351 25.0516 0 01 0 0 0 0 0 0 0 0 0 0 0 2.19934 4.01315 4181.74 11319.2 
0.0217475634941797363 0.232408 1 424854 0 24.2708 21.8437 0 0 2 0.000713436 -0.0114534 0.0116739 0 0 0 0 0 0 0 0 0.452288 2.67132 0 0 
0.022057106591879868 0.598278 0 142348 0.218784 22.1194 5.58404 0 249.6851 241.981 61.5416 -0.547007 0 0 0 0 0 0 0 0 0 0.595504 0 0 
0.0221642244955065071 0.155576 0 534962 0.415763 35.5203 27.4475 0 01 0 0 0 0 0 0 0 0 0 0 0 0.764151 2.98184 0 0 
0.0222119646077879977 0.259788 0 551882 0.241545 21.1775 19.0597 0 01 0 0 0 0 0 0 0 0 0 0 0 1.30645 3.13433 0 518.095 
0.0223515210447550842 0.151705 1 443417 0 27.4295 24.6865 0 0 2 0.0718842 -0.543604 -0.259072 0 0 -0 0 0 0 -0 0 0.726048 1.44628 130.727 828.952 
0.0224733950801079101 0.121306 0 734078 0.420758 32.8424 14.5301 0 01 0 0 0 0 0 0 0 0 0 0 0 3.04167 5.70044 6674.41 15334.4 
0.0224969814671778963 0.271595 0 450052 0.154694 32.4146 28.0007 0 3.252531 -1.89597 1.58885 2.11182 0 -0 0 0 0 -0 0 0 0.803248 1.86618 0 146.488 
0.0227406263864750359 0.246496 0 442113 0.147397 30.3596 27.3236 0 01 0 0 0 0 0 0 0 0 0 0 0 0.805881 1.85714 0 628.284 
0.0228860828385624472 0.0342934 1 474336 0 32.1463 28.9317 0 0 1 0.196561 -0.39923 0.220668 0 0 -0 0 0 0 -0 0 2.32634 4.34416 1090.5 4695.06 
0.023009346881455988 0.0848284 1 421158 0 57.0283 51.3254 0 0 2 -0.00844271 0.00386412 -0.0121493 0 0 0 0 0 0 0 0 3.1246 5.61826 2447.34 9784.04 
0.0231533569370514052 0.51438 0 228980 0.350736 21.0226 18.757 0 01 0 0 0 0 0 0 0 0 0 0 0 0.527361 2.1041 0 0 
0.0231699660661144335 0.275885 0 685955 0.11627 15.2786 13.7469 0 01 -0 0 0 0 -0 0 0 0 -0 0 0 1.5708 4.16078 1005.14 1030.9 
0.0232852549080851158 0.155349 1 558555 0 33.0666 28.6587 0 0 2 0.0105318 -0.001599 -0.0156186 0 0 0 0 0 0 0 0 1.21612 1.73978 0 1100.96 
0.0236457064520686072 0.0830002 1 580563 0 15.0491 13.5402 0 0 2 -0.725496 -0.988841 0.0564634 0 0 0 0 0 0 0 0 2.64589 5.01942 4637.7 9470.77 
0.0241598728253107596 0.161855 1 456466 0 15.8416 14.2542 0 0 2 0.000678706 0.041822 -0.0208423 0 0 0 0 0 0 0 0 2.00617 5.40698 387.527 647.198 
0.0244334956135918054 0.232014 1 493895 0 20.4393 18.3954 0 0 2 0.017331 -0.0143516 0.0161878 0 0 0 0 0 0 0 0 0.926677 2.71092 0 0 
0.0245171539553537092 8.57786 0 54359 0.0833535 30.1896 21.4163 0 86.73711 4.58284 28.7941 81.6898 0 0 0 0 0 0 0 0 0 0 0 0 
0.0245535093602353462 0.252852 0 453425 0.130371 25.928 11.0657 0 359.621 -289.636 -197.157 81.0341 0 0 0 0 0 0 0 0 0.516011 2.02918 1.10171 1.10171 
0.0250836793210858569 0.319114 0 444008 0.0968624 14.9577 13.4578 0 01 -0 0 0 0 -0 0 0 0 -0 0 0 0.653815 2.61869 0 0 
0.0252800258259302003 0.106258 0 420957 0.140788 18.8055 16.9249 0 01 0 0 0 0 0 0 0 0 0 0 0 3.49611 6.27802 3267.04 7237.17 
0.0255833196228322061 0.1193 1 466694 0 31.0708 27.9638 0 0 2 -0.010931 -0.0128419 -0.0187728 0 0 0 -0 0 0 0 -0 1.66764 4.21555 1441.24 8446.33 
0.0259304372741346045 0.314638 0 444566 0.081854 28.3741 16.6644 0 126.8181 -5.88131 126.636 3.39619 0 0 0 0 0 0 0 0 0.313012 0.622397 0 0 
0.0260827862845832044 0.0753844 1 446778 0 15.0292 13.5263 0 0 2 -0.00208948 0.00438109 0.0157477 0 0 0 0 0 0 0 0 2.62705 5.51095 6035.31 7733.24 
0.0261949227866943961 0.117432 0 518121 0.0856488 16.765 15.0861 0 01 0 -0 0 0 0 -0 0 0 0 -0 0 1.66189 3.48031 2444.14 6070.81 
0.0262181925793307444 0.547714 0 466019 0.260027 27.966 15.6988 0 113.5431 -7.79765 -42.0724 105.172 0 0 0 0 0 0 0 0 0.539732 1.09994 0 0 
0.0267051782550057036 1.37766 0 471606 0.17401 16.5268 14.8715 0 01 -0 0 0 0 -0 0 0 0 -0 0 0 0 0 0 0 
0.0267699985065631453 0.0395149 1 297430 0 41.7395 37.5655 0 0 1 -0.00452414 0.004824 -0.0126496 0 0 0 0 0 0 0 0 3.65293 7.28509 3953.71 11194.3 
0.0268446524798500764 0.129655 0 267316 0.313784 30.2047 21.0605 0 69.34081 65.3635 9.64769 -21.0401 0 0 0 0 0 0 0 0 3.8779 6.59513 4387.06 12528.2 
0.0272943509865506209 0.120254 1 578284 0 26.4134 12.1528 0 0 2 9.45776 6.35258 10.1631 0 0 0 0 0 0 0 0 3.09477 4.93019 4661.39 10527.3 
0.0273805081868321344 0.309742 1 571336 0 38.2994 34.4695 0 0 1 0.0394459 0.571226 -0.981311 0 0 0 -0 0 0 0 -0 0 1.4923 0 0 
0.0275395558112444608 0.291406 0 679698 0.104805 26.4905 12.5057 0 213.251 176.324 -18.6567 -118.479 0 0 -0 0 0 0 -0 0 0 1.18635 0 0 
0.0276958335209981261 0.380114 0 461689 0.396058 27.7921 14.6043 0 231.4451 224.457 56.3414 3.39495 0 0 0 0 0 0 0 0 0 0.758152 0 0 
0.0277268657773039433 0.253052 0 509103 0.181765 26.8456 12.8297 0 108.8071 -87.5437 63.7199 10.7155 0 0 0 0 0 0 0 0 1.18281 4.08089 0 462.146 
0.0280131106134084186 0.158389 1 431141 0 54.1508 48.7357 0 0 1 0.0492383 0.165341 -0.255663 0 0 0 0 0 0 0 0 0.794043 3.76238 0 0 
0.0280837050368716694 0.554298 0 446710 0.167492 28.9648 26.0683 0 01 0 0 0 0 0 0 0 0 0 0 0 0 1.12358 0 0 
0.0291555237690998698 0.0800239 1 433857 0 34.0975 30.6878 0 0 2 -0.00129405 0.000217746 -0.00256995 0 0 0 -0 0 0 0 -0 3.65447 7.83738 4825.84 11308.5 
0.0291998743077983326 0.198068 0 39707 0.263139 28.6535 25.7881 0 01 0 0 0 0 0 0 0 0 0 0 0 0.440815 3.58865 920.885 1107.37 
0.0293019980965634336 0.113494 1 449081 0 37.8031 34.0228 0 0 1 -0.0522846 0.320027 -0.0557513 0 -0 0 0 0 -0 0 0 2.04061 5.21542 5106.19 8091.1 
0.0300014572581310743 0.159468 0 511761 0 22.965 6.6458 0 433.821 -432.212 -11.8994 35.3605 0 0 0 0 0 0 0 0 1.09151 3.26153 0 386.799 
0.0318301330886857844 0.113735 1 288836 0 42.662 38.3958 0 0 2 -0.00967198 -0.0140359 0.00380132 0 -0 0 0 0 -0 0 0 3.01424 7.58945 4808.27 7769.98 
0.0322077884076180446 0.206066 0 687398 0.694083 22.4778 5.99632 0 454.8171 -408.326 95.1024 176.307 0 0 0 0 0 0 0 0 1.07874 3.61878 0 0 
0.0322282888835672895 0.231515 0 498975 1.62155 23.3638 6.90243 0 139.0781 128.069 54.2286 -0.413072 0 0 0 0 0 0 0 0 0.395074 2.70005 0 0 
0.0324013723706549905 0.0496666 1 425453 0 60.8101 54.7291 0 0 2 -0.00203032 0.00405842 -0.00276842 0 0 0 0 0 0 0 0 3.64862 8.63335 1434.5 7857.53 
0.0330498561327376497 0.0714129 1 455276 0 48.7392 43.8653 0 0 1 0.916831 -0.421954 1.37784 0 0 0 0 0 0 0 0 3.67593 7.83819 2549.23 7641.27 
0.0331190518457392322 0.0525198 1 421242 0 47.1944 42.475 0 0 2 -0.00130655 0.0290847 0.00612499 0 0 0 0 0 0 0 0 2.65939 6.63176 960.713 5226.92 
0.033343415051418919 0.176294 0 425087 0.231319 32.4295 21.0036 0 6.768711 5.7671 1.38732 3.26057 0 0 0 0 0 0 0 0 2.84002 6.55316 277.995 867.298 
0.0338977566755411519 0.0703174 0 289203 0.112741 25.1787 7.82207 0 90.09481 27.7063 -75.9281 -39.8041 0 0 -0 0 0 0 -0 0 3.89186 8.75393 3225.67 9221.42 
0.0352065873497872939 0.163427 0 474578 0.100081 15.9246 14.3289 0 01 0 0 0 0 0 0 0 0 0 0 0 0.609853 2.50611 178.25 178.25 
0.0353491011776764716 0.109207 0 444615 0.573987 24.3306 7.79334 0 120.481 -104.936 -21.5106 -55.1464 0 0 -0 0 0 0 -0 0 2.68086 5.99038 873.781 5785.59 
0.036373525266383426 0.408811 0 140594 0.107335 20.6497 18.4265 0 01 -0 0 0 0 -0 0 0 0 -0 0 0 0 1.22891 0 0 
0.0396334846969521384 0.257809 0 98786 0.363094 21.4268 18.0224 0 01 0 0 0 0 0 0 0 0 0 0 0 0.245382 0.999018 0 0 
0.0407234290532625179 0.135075 0 370815 0.131385 21.0419 18.5335 0 01 0 0 -0 0 0 0 -0 0 0 0 -0 0.133021 2.56439 0 214.694 
0.0424209037402118669 0.196007 0 510408 1.40188 24.429 8.60301 0 265.8671 9.09158 216.163 154.519 0 0 0 0 0 0 0 0 0.993904 2.98547 0 230.135 
0.0425630082423276365 0.12192 0 481413 0.112106 33.0219 29.7197 0 01 0 0 0 0 0 0 0 0 0 0 0 0 0 0 0 
0.0428874961621260944 0.342167 1 531811 0 16.6831 15.0124 0 0 2 -0.00891791 0.00549161 -0.00633184 0 0 0 0 0 0 0 0 0 2.09581 0 0 
0.0451028737911893796 0.139576 0 750889 0.224787 20.7148 15.0484 0 01 -0 0 0 0 -0 0 0 0 -0 0 0 0.691613 1.37847 0 334.331 
0.0474992879334222295 0.235338 0 266423 0.0803705 20.047 14.2752 0 01 0 0 0 0 0 0 0 0 0 0 0 0.46505 2.13135 0 0 
0.0505797238112233385 0.150922 0 564920 0.474317 24.007 6.67474 0 128.751 -41.6073 86.4328 85.8758 0 0 0 0 0 0 0 0 1.21508 3.87628 0 241.462 
0.0557474653730728187 0.139684 0 409277 1.00024 19.6412 17.5317 0 01 0 0 0 0 0 0 0 0 0 0 0 1.45793 3.50468 63.1233 1199.67 
0.062848824960716948 0.18689 1 441756 0 35.5393 31.9853 0 0 1 0.485758 -0.0435526 -0.432152 0 0 0 0 0 0 0 0 0.549689 1.31172 0 359.861 
0.0687897983734988561 0.0311291 1 420424 0 60.1978 54.1781 0 0 2 -1.08421 0.211092 -0.711353 0 -0 0 0 0 -0 0 0 2.86589 6.02167 788.512 1972.8 
0.079579376289108314 0.00136469 1 0 0 37.5307 37.5307 0 0 0 0 0 0 0 0 0 0 0 0 0 0 0.369008 0.967394 490.513 1018.46 
7.84422285059637936 0.165428 1 0 0 5.06569 7.55129 0 0 0 0 0 0 0 0 0 0 0 0 0 0 68.5175 186.206 69.8928 199.847 
8.90503072040916877 0.0604467 1 0 0 3.43339 17.4475 0 0 0 0 0 0 0 0 0 0 0 0 0 0 65.1688 172.558 39.7252 168.038 
10.605159250953534 0.0237736 1 0 0 19.3452 19.3451 0 0 0 0 0 0 0 0 0 0 0 0 0 0 35.6327 103.616 51.4657 120.417 
11.2278863839296719 0.0660544 1 0 0 20.2194 20.105 0 0 0 0 0 0 0 0 0 0 0 0 0 0 79.5829 202.941 55.5578 175.408 
12.229106645629523 0.0198698 1 0 0 3.90045 22.526 0 0 0 0 0 0 0 0 0 0 0 0 0 0 19.491 59.229 6.13009 44.1051 
12.7079597487904241 0.0280418 1 0 0 4.09398 23.6442 0 0 0 0 0 0 0 0 0 0 0 0 0 0 17.1171 62.5933 9.95157 47.1554 
12.8630667651436283 0.0275067 1 0 0 25.1662 25.1418 0 0 0 0 0 0 0 0 0 0 0 0 0 0 41.9721 115.528 44.5162 113.823 
13.7197306156084888 0.0150282 1 0 0 27.6851 27.675 0 0 0 0 0 0 0 0 0 0 0 0 0 0 28.7593 89.9152 43.7298 75.2069 
14.875575525599249 0.0359993 1 0 0 28.6451 28.5888 0 0 0 0 0 0 0 0 0 0 0 0 0 0 15.8937 58.1868 41.8323 71.5122 
15.0303268925396321 0.0519389 1 0 0 29.5983 29.5501 0 0 0 0 0 0 0 0 0 0 0 0 0 0 26.1756 76.583 42.1618 77.0169 
15.2343805416950566 0.0128937 1 0 0 30.8528 30.847 0 0.0737347 0 0 0 0 0 0 0 0 0 0 0 0 24.369 72.5842 43.1934 77.3305 
15.261282666155882 0.0186065 1 0 0 32.1288 32.1181 0 0 0 0 0 0 0 0 0 0 0 0 0 0 16.0384 50.4662 45.1282 83.3712 
17.184772535626859 0.0468791 1 0 0 33.3855 33.3787 0 0 0 0 0 0 0 0 0 0 0 0 0 0 8.96918 37.6116 57.4019 71.5529 
18.2575971845581044 0.0151361 1 0 0 34.5376 34.5129 0 0 0 0 0 0 0 0 0 0 0 0 0 0 11.7973 33.486 34.2395 61.929 
18.5250071750810257 0.0259799 1 0 0 36.8097 36.8078 0 0 0 0 0 0 0 0 0 0 0 0 0 0 9.03045 35.377 38.2558 71.7339 
18.8583225863791881 0.00761118 1 0 0 38.0844 38.0798 0 0 0 0 0 0 0 0 0 0 0 0 0 0 9.70145 31.9679 40.7015 58.36 
